20 38 23.7231|  0.4361772
20 38 19.1706|  2.4360874
20 56 19.4633|  2.4773185
21 26 20.0331|  2.5393796
21 34 20.2249|  2.5544112
21 34 18.8997|  3.3043909
21 46 19.2525|  3.3256676
21 46 20.9007|  2.3256910
22 06 21.3012|  2.3576119
22 06 20.9441|  2.6076074
22 51 22.1321|  2.6622071
22 51 23.9310|  0.6622211
22 51 27.5289| -3.3377509
23 56 24.5307| -3.3042023
23 56 24.7917| -6.3042021
23 56 26.5355|-24.8042011
23 06 43.4319|-24.8250446
21 59 04.8693|-24.9040413
21 58 37.4790| -8.4043999
21 26 40.4196| -8.4602947
21 26 51.9483|-14.4601107
20 38 58.5363|-14.5631361
20 38 44.3155| -8.5634165
