14 56 39.9459|-70.5115433  
14 56 00.8721|-68.0122070  
15 06 13.7103|-67.9909286  
15 05 24.8485|-64.0751266  
15 20 39.9789|-64.0415649  
15 20 13.0967|-61.4587479  
15 30 21.5435|-61.4353065  
15 30 11.9682|-60.4354935  
16 36 08.3235|-60.2644577  
16 36 19.5912|-61.2641945  
16 46 09.0833|-61.2364578  
16 46 42.3171|-63.8189964  
16 56 46.8330|-63.7900925  
16 57 08.0435|-65.2062531  
17 02 10.1742|-65.1916428  
17 02 53.9959|-67.6905823  
17 12 58.1958|-67.6610870  
17 13 52.9629|-70.1597443  
