ID Node1 Node2 EdgeCount
0 8907 8910 7 0 1 44938 6250 6253 33907 153857
1 8907 9097 4 1 2 33484 40080
2 9300 9097 6 2 3 153946 33410 33409 33485
3 9300 8910 3 3 0 153940
4 9300 8907 6 0 2 33483 40010 40012 153939
5 9097 8910 6 1 3 35168 35169 42482 42483
6 11515 11711 5 4 5 111425 30612 26518
7 11515 11604 7 5 6 23713 23712 111422 111421 111889
8 11772 11604 6 6 7 111280 111281 125295 103667
9 11772 11711 9 7 4 26520 112096 108743 108745 109128 102196 102198
10 11772 11515 5 4 6 103666 112030 26519
11 11604 11711 7 5 7 111550 111598 108623 20791 20793
12 7161 7208 6 8 9 55544 55507 5195 5198
13 7161 7313 5 9 10 55323 55456 55543
14 7389 7313 5 10 11 35360 35831 53798
15 7389 7208 4 11 8 35764 35359
16 7389 7161 6 8 10 55322 9486 9487 52103
17 7313 7208 9 9 11 5021 1427 1429 9409 9408 50676 50677
18 5127 4857 4 12 13 69453 69351
19 5127 5030 7 13 14 13335 13334 69505 69503 69504
20 5088 5030 7 14 15 68210 68211 8249 8251 68419
21 5088 4857 6 15 12 12069 12071 57224 57222
22 5088 5127 5 12 14 69499 69498 69350
23 5030 4857 5 13 15 68521 68522 68591
24 5681 5024 6 16 17 84329 94561 4097 412
25 5681 5130 6 17 18 92175 75658 75657 84256
26 5665 5130 6 18 19 13711 13713 74553 74550
27 5665 5024 6 19 16 413 84624 14510 14512
28 5665 5681 4 16 18 92174 411
29 5130 5024 4 17 19 75644 75645
30 4868 5062 6 20 21 10381 56701 56703 10174
31 4868 5412 10 21 22 57315 57373 70003 57077 57076 57558 9896 9899
32 5261 5412 6 22 23 13035 56607 57070 57071
33 5261 5062 6 23 20 10175 5819 5820 13034
34 5261 4868 5 20 22 57314 57434 10173
35 5412 5062 4 21 23 12981 10382
36 4324 4221 5 24 25 74120 74123 13919
37 4324 4455 8 25 26 81030 81031 84600 83589 83126 80978
38 4377 4455 5 26 27 80833 71534 71533
39 4377 4221 5 27 24 13921 83614 83587
40 4377 4324 5 24 26 83198 83197 13920
41 4455 4221 6 25 27 83145 83147 83103 80979
42 8485 8274 4 28 29 93901 19692
43 8485 8171 6 29 30 93902 93656 20159 20157
44 8285 8171 4 30 31 93304 93347
45 8285 8274 7 31 28 19693 93703 93702 93746 93303
46 8285 8485 6 28 30 93840 93654 93653 19691
47 8171 8274 4 29 31 22662 22660
48 7940 7732 6 32 33 92876 92877 92925 1917
49 7940 7850 4 33 34 93161 93296
50 7780 7850 5 34 35 86927 17707 17708
51 7780 7732 5 35 32 1919 99059 98913
52 7780 7940 5 32 34 93160 93464 1918
53 7850 7732 7 33 35 98914 37386 37388 98727 93297
54 7127 7151 5 36 37 86655 89435 86609
55 7127 7207 5 37 38 9539 35584 86656
56 7044 7207 5 38 39 86425 56331 9540
57 7044 7151 7 39 36 86611 89678 87781 86798 86423
58 7044 7127 5 36 38 9538 87072 86610
59 7207 7151 6 37 39 86424 55586 55583 86507
60 1865 1956 6 40 41 28812 136676 136675 137614
61 1865 2006 8 41 42 138179 138180 141876 141643 138098 28813
62 2127 2006 10 42 43 138244 138169 136692 136693 137255 30236 30235 136734
63 2127 1956 8 43 40 137616 138133 138290 138371 138120 138119
64 2127 1865 3 40 42 137615
65 2006 1956 3 41 43 28814
66 4322 4421 5 44 45 71607 73128 8486
67 4322 4439 6 45 46 71782 13634 13632 71608
68 4211 4439 5 46 47 3247 3246 73102
69 4211 4421 4 47 44 8488 61164
70 4211 4322 7 44 46 73101 71806 71807 79634 8487
71 4439 4421 7 45 47 60173 60172 61205 69446 69479
72 8796 8523 6 48 49 93839 93838 93917 94119
73 8796 8622 7 49 50 95325 93843 93844 22632 22634
74 8561 8622 4 50 51 92860 95345
75 8561 8523 6 51 48 94120 93563 20158 20160
76 8561 8796 8 48 50 95349 22095 22097 18706 18705 94113
77 8622 8523 5 49 51 92859 95338 93944
78 7555 7540 6 52 53 39385 40440 40441 41524
79 7555 7674 8 53 54 41518 40617 40406 40402 40403 39386
80 7593 7674 6 54 55 40282 41635 40322 40320
81 7593 7540 7 55 52 41520 40804 40805 41466 40281
82 7593 7555 3 52 54 41517
83 7674 7540 3 53 55 39387
84 4105 4259 11 56 57 82808 82866 82810 81141 81142 80750 80749 82894 71474
85 4105 4343 4 57 58 82779 82809
86 4223 4343 5 58 59 57674 7227 7225
87 4223 4259 3 59 56 69520
88 4223 4105 6 56 58 81679 81680 82717 71475
89 4343 4259 6 57 59 69521 71575 10717 10716
90 5616 5862 6 60 61 63645 68971 64856 64855
91 5616 5834 5 61 62 2202 2203 63644
92 5916 5834 7 62 63 51099 50737 50740 50537 50535
93 5916 5862 6 63 60 68890 50134 11608 11607
94 5916 5616 5 60 62 49736 49735 68766
95 5834 5862 4 61 63 51100 63646
96 777 1215 6 64 65 112827 113893 101781 26153
97 777 1077 5 65 66 2782 112973 112828
98 896 1077 8 66 67 114079 112801 83836 83834 112771 2783
99 896 1215 5 67 64 26155 112729 113953
100 896 777 4 64 66 2781 26154
101 1077 1215 6 65 67 114078 112825 112727 112726
102 9760 9326 7 68 69 99808 21502 21503 102463 99651
103 9760 9432 3 69 70 99809
104 9675 9432 7 70 71 102828 102625 102626 23412 23411
105 9675 9326 3 71 68 99653
106 9675 9760 8 68 70 102897 102875 102877 102400 102398 99652
107 9432 9326 8 69 71 102613 21506 21507 98797 98799 98808
108 11183 11359 4 72 73 144487 144489
109 11183 11371 8 73 74 145276 145715 144917 125465 125468 144678
110 11290 11371 4 74 75 144509 144508
111 11290 11359 4 75 72 23696 23695
112 11290 11183 4 72 74 145277 145524
113 11371 11359 7 73 75 144537 144403 144281 143644 143643
114 6548 7048 4 76 77 8209 50753
115 6548 6881 8 77 78 50319 50928 48055 48056 51010 8210
116 6528 6881 6 78 79 96768 89390 8309 8307
117 6528 7048 6 79 76 12226 12223 47494 47495
118 6528 6548 7 76 78 14314 14311 50291 50290 50752
119 6881 7048 9 77 79 52225 52224 91035 50513 50241 48254 8211
120 6469 6465 7 80 81 51639 51638 17366 346 344
121 6469 6563 7 81 82 54742 40277 40278 55948 53668
122 6671 6563 9 82 83 53831 53075 53074 53819 53072 51460 51457
123 6671 6465 6 83 80 43872 55088 55334 55024
124 6671 6469 3 80 82 43871
125 6563 6465 4 81 83 55023 53669
126 4688 4630 7 84 85 68954 72588 72589 73493 79567
127 4688 4676 3 85 86 68955
128 4532 4676 7 86 87 71847 72991 68712 68711 72885
129 4532 4630 4 87 84 79624 71846
130 4532 4688 9 84 86 18177 18176 25875 25872 73060 73061 79623
131 4676 4630 8 85 87 71845 80582 72683 72682 73081 68956
132 7324 7347 4 88 89 53395 53398
133 7324 7339 7 89 90 86931 86930 56397 56398 86200
134 7438 7339 6 90 91 948 949 86439 86437
135 7438 7347 4 91 88 35502 35504
136 7438 7324 8 88 90 86461 86460 55585 55584 86963 86840
137 7339 7347 6 89 91 86617 86830 86338 86339
138 7506 6144 8 92 93 20232 20230 100958 99147 84967 84966
139 7506 6650 4 93 94 23938 20960
140 8483 6650 9 94 95 101065 101352 100226 100225 101473 101474 101062
141 8483 6144 3 95 92 101064
142 8483 7506 7 92 94 101061 94178 94177 101270 101304
143 6650 6144 7 93 95 101063 101342 80791 80792 20961
144 8802 8763 6 96 97 47866 97067 47664 21522
145 8802 8656 5 97 98 46511 46512 47867
146 8475 8656 4 98 99 96893 96894
147 8475 8763 6 99 96 21524 90167 90166 97049
148 8475 8802 6 96 98 97000 97034 96970 21523
149 8656 8763 8 97 99 97048 97669 97727 43789 43790 47868
150 7386 6693 3 100 101 5869
151 7386 7563 6 101 102 42750 42931 33630 5870
152 6437 7563 7 102 103 34029 65338 65339 133275 42751
153 6437 6693 7 103 100 7938 4526 4528 65385 34028
154 6437 7386 7 100 102 42749 43090 11372 11371 7937
155 7563 6693 6 101 103 27578 27575 3972 3969
156 4105 4079 4 104 105 16615 80750
157 4105 3967 7 105 106 69216 81334 81655 81100 16616
158 4059 3967 4 106 107 68601 69217
159 4059 4079 7 107 104 81772 80941 80586 80587 68599
160 4059 4105 5 104 106 69215 81143 81142
161 3967 4079 4 105 107 68600 16617
162 254 234 5 108 109 124325 128564 111136
163 254 260 7 109 110 112127 112128 128560 128571 124326
164 308 260 6 110 111 31995 124253 124254 126582
165 308 234 5 111 108 111137 30793 30794
166 308 254 5 108 110 27427 27426 111135
167 260 234 7 109 111 31994 125483 125485 125531 124327
168 6848 7210 5 112 113 8366 5704 5705
169 6848 6870 7 113 114 1679 1680 9055 9141 8367
170 7248 6870 5 114 115 50585 50372 5732
171 7248 7210 5 115 112 8173 18624 47755
172 7248 6848 4 112 114 5731 8172
173 6870 7210 5 113 115 47328 47330 8368
174 3993 4034 4 116 117 59219 61864
175 3993 4052 8 117 118 60653 60654 59083 58784 58782 59218
176 3874 4052 3 118 119 61815
177 3874 4034 5 119 116 61866 61933 62396
178 3874 3993 8 116 118 60714 28004 28005 61680 61681 61865
179 4052 4034 11 117 119 62395 61590 10068 10067 61731 61752 12253 12250 59220
180 568 701 7 120 121 3312 29268 29269 26521 392
181 568 537 7 121 122 24047 27199 27200 29063 3313
182 425 537 9 122 123 3748 125890 126287 26741 26739 126493 24048
183 425 701 6 123 120 394 126612 128449 3747
184 425 568 3 120 122 393
185 537 701 4 121 123 3666 3314
186 11389 11448 5 124 125 2707 3916 128860
187 11389 11199 4 125 126 144409 2708
188 11228 11199 8 126 127 31920 130446 144958 32371 32372 144410
189 11228 11448 6 127 124 130427 145452 145451 31919
190 11228 11389 5 124 126 144408 147014 130426
191 11199 11448 5 125 127 31918 111074 2709
192 3959 3865 6 128 129 79594 78968 63333 61063
193 3959 3919 4 129 130 79598 79593
194 4025 3919 6 130 131 8430 11386 11387 74501
195 4025 3865 6 131 128 60051 15460 2974 2971
196 4025 3959 8 128 130 81632 81605 81604 14550 3934 3936
197 3919 3865 4 129 131 8429 76354
198 7422 8165 6 132 133 4589 4587 6171 44547
199 7422 7579 4 133 134 7433 7436
200 6749 7579 5 134 135 48652 48665 48802
201 6749 8165 4 135 132 48226 48645
202 6749 7422 5 132 134 7426 7428 44594
203 7579 8165 8 133 135 48247 19418 19417 48768 48558 32450
204 1906 1922 5 136 137 138710 139431 138518
205 1906 2085 6 137 138 115854 115855 138525 138711
206 1899 2085 7 138 139 139292 140509 140510 140656 139555
207 1899 1922 3 139 136 138519
208 1899 1906 5 136 138 139554 30200 30202
209 2085 1922 7 137 139 139291 139648 139608 139607 138712
210 999 1153 5 140 141 126414 127334 127332
211 999 952 7 141 142 30179 27092 27093 138462 126415
212 831 952 7 142 143 127174 114758 114759 2042 2043
213 831 1153 5 143 140 127468 30184 30183
214 831 999 6 140 142 26437 26436 127099 127381
215 952 1153 5 141 143 127090 127091 126416
216 7686 8034 6 144 145 13986 93950 21219 21218
217 7686 8171 5 145 146 93345 92131 13987
218 8268 8171 5 146 147 22641 93385 93346
219 8268 8034 6 147 144 11017 11016 84270 22640
220 8268 7686 5 144 146 20731 20728 94395
221 8171 8034 4 145 147 22046 13988
222 5050 4925 8 148 149 70391 70521 70522 72305 72104 16755
223 5050 4988 4 149 150 9835 9833
224 4828 4988 6 150 151 70319 70320 69384 69383
225 4828 4925 6 151 148 16757 70481 70211 70213
226 4828 5050 4 148 150 70612 16756
227 4988 4925 4 149 151 70437 70392
228 7923 8226 6 152 153 48339 48646 48644 48838
229 7923 8279 5 153 154 32714 48395 48340
230 8980 8279 6 154 155 105386 105385 129888 32715
231 8980 8226 4 155 152 48839 151305
232 8980 7923 4 152 154 32713 48830
233 8279 8226 5 153 155 106054 105158 48341
234 10737 10581 5 156 157 156349 147660 42073
235 10737 10553 5 157 158 156484 34553 34554
236 10712 10553 5 158 159 155923 147555 147556
237 10712 10581 4 159 156 42074 156389
238 10712 10737 6 156 158 147701 147700 153789 42072
239 10553 10581 5 157 159 156235 156236 156350
240 7259 7544 5 160 161 7839 48705 28164
241 7259 7644 5 161 162 134729 32627 7840
242 8430 7644 6 162 163 11916 11919 48831 49284
243 8430 7544 5 163 160 28165 7695 7694
244 8430 7259 4 160 162 48556 28163
245 7644 7544 4 161 163 48649 7841
246 3467 3317 4 164 165 80529 80597
247 3467 3270 5 165 166 79760 63287 63285
248 3522 3270 8 166 167 15743 15745 79864 80069 79055 79057
249 3522 3317 3 167 164 80270
250 3522 3467 9 164 166 80050 80595 80592 80527 80429 80428 80596
251 3270 3317 9 165 167 24318 15085 15084 50183 82047 14897 14894
252 3051 3385 5 168 169 83874 83915 83914
253 3051 3421 4 169 170 23996 83873
254 3118 3421 7 170 171 83748 15199 15197 83108 23997
255 3118 3385 5 171 168 83942 2833 2835
256 3118 3051 8 168 170 23995 24029 75829 75828 80039 80036
257 3421 3385 5 169 171 83845 24001 24000
258 10135 10207 3 172 173 30317
259 10135 10026 7 173 174 21021 156555 142761 142762 34804
260 10268 10026 3 174 175 21022
261 10268 10207 7 175 172 30318 147796 147795 156334 147697
262 10268 10135 9 172 174 21020 157052 157468 157472 156927 4925 4924
263 10026 10207 8 173 175 3111 3110 156840 147776 147775 34805
264 9554 9396 10 176 177 47993 47994 18306 18304 97322 103942 22053 22052
265 9554 9419 6 177 178 1552 1553 47204 47206
266 9279 9419 4 178 179 103341 104795
267 9279 9396 9 179 176 22048 22050 47113 47112 47225 97478 97984
268 9279 9554 3 176 178 104794
269 9419 9396 5 177 179 98015 98014 98069
270 10152 10438 5 180 181 102079 102080 102358
271 10152 10637 5 181 182 101919 101918 102445
272 10212 10637 6 182 183 22453 107076 107957 102004
273 10212 10438 5 183 180 3537 3536 22451
274 10212 10152 7 180 182 102003 102361 102373 102446 102433
275 10637 10438 5 181 183 22452 102074 102073
276 5056 5025 8 184 185 68374 68851 68945 68946 68949 65495
277 5056 5299 4 185 186 13647 68375
278 5422 5299 8 186 187 64905 64907 64690 43389 13379 13376
279 5422 5025 6 187 184 65497 68941 68924 68923
280 5422 5056 4 184 186 13646 65496
281 5299 5025 3 185 187 68376
282 4223 4527 6 188 189 80907 80906 61082 59500
283 4223 3981 4 189 190 73097 73100
284 3994 3981 9 70276 70275 82738 82772 190 191 82749 82759 -1
285 3994 4527 4 191 188 59501 82686
286 3994 4223 7 188 190 60094 60093 82534 71150 59499
287 3981 4527 4 189 191 82438 81625
288 7867 7662 4 192 193 47509 47512
289 7867 8149 7 193 194 19896 95271 7784 7782 97062
290 7803 8149 5 194 195 47483 95783 19897
291 7803 7662 8 195 192 97602 52467 52469 97619 52232 47482
292 7803 7867 5 192 194 19895 93949 95792
293 8149 7662 3 193 195 47481
294 6978 7195 4 196 197 17457 89732
295 6978 6944 6 197 198 87815 17599 17602 17458
296 7079 6944 4 198 199 87730 87729
297 7079 7195 6 199 196 89734 20404 20406 87974
298 7079 6978 7 196 198 18326 18328 8872 8869 89733
299 6944 7195 7 197 199 87973 87990 18286 18285 17459
300 5247 4933 6 200 201 74131 75047 75045 84529
301 5247 4808 7 201 202 13936 13937 18650 75808 74132
302 4564 4808 7 202 203 16118 16121 22675 15946 15945
303 4564 4933 6 203 200 84528 75704 15827 15829
304 4564 5247 4 200 202 75501 75500
305 4808 4933 6 201 203 75174 793 794 14011
306 1844 1953 6 204 205 139377 114584 114585 115936
307 1844 1928 7 205 206 116684 116750 116751 116949 139376
308 2018 1928 8 206 207 139537 139197 114982 114928 114929 115890
309 2018 1953 6 207 204 115938 116929 139227 139330
310 2018 1844 6 204 206 114448 114449 116907 115937
311 1928 1953 4 205 207 139538 139378
312 8058 7781 8 208 209 9549 39126 40102 9640 9643 -1
313 8058 8066 5 209 210 9026 39129 9550
314 7960 8066 6 210 211 38942 35962 35964 9028
315 7960 7781 5 38919 38921 211 208 -1
316 7960 8058 5 208 210 9027 38810 -1
317 8066 7781 6 209 211 39006 40632 5846 5848
318 2991 3140 5 212 213 64053 135755 64117
319 2991 3179 4 213 214 64122 64054
320 3007 3179 6 214 215 62984 62961 62959 64236
321 3007 3140 6 215 212 63001 63003 63687 64107
322 3007 2991 7 212 214 135788 137100 137069 136885 64116
323 3179 3140 6 213 215 64103 63573 62822 62821
324 3380 3068 3 216 217 61994
325 3380 3243 8 217 218 63238 63248 62073 60551 28762 28763
326 3318 3243 5 218 219 61831 61830 63231
327 3318 3068 5 219 216 61996 63303 63302
328 3318 3380 8 216 218 63239 63308 63528 62018 62020 61995
329 3243 3068 6 217 219 63030 63027 63268 63224
330 9363 9412 6 220 221 38961 38959 38105 38106
331 9363 9071 5 221 222 5034 5103 41667
332 9395 9071 6 222 223 155841 156695 39960 5036
333 9395 9412 4 223 220 156951 155839
334 9395 9363 5 220 222 5035 39284 156535
335 9071 9412 5 221 223 155840 157042 156575
336 5075 5279 3 224 225 16364
337 5075 5357 7 225 226 14026 14024 84904 84861 84761
338 5035 5357 4 226 227 100774 19947
339 5035 5279 7 227 224 16366 84822 84556 84555 100835
340 5035 5075 6 224 226 19946 84823 84672 16365
341 5357 5279 7 225 227 100873 100510 100509 85131 84762
342 6552 6504 6 228 229 33000 50650 19323 19324
343 6552 6618 6 229 230 19310 19311 8688 8689
344 6226 6618 7 230 231 43456 50684 50687 50575 50576
345 6226 6504 9 231 228 46697 49592 17947 17946 47721 51255 43455
346 6226 6552 5 228 230 45246 45245 46158
347 6618 6504 4 229 231 12623 12622
348 8642 8391 5 232 233 98370 97791 97792
349 8642 8583 6 233 234 7124 6960 6961 98369
350 8470 8583 6 234 235 37258 37815 37814 37522
351 8470 8391 6 235 232 97801 35706 35705 37257
352 8470 8642 8 232 234 37521 37726 37837 37836 47312 97802
353 8583 8391 4 233 235 37256 98355
354 8706 8720 8 236 237 36778 38316 38111 37457 37455 38192
355 8706 8436 6 237 238 5905 45507 45522 36779
356 8598 8436 9 238 239 38195 38277 36798 5536 5533 37933 5906
357 8598 8720 5 239 236 37384 37385 38194
358 8598 8706 4 236 238 683 684
359 8436 8720 5 237 239 36161 19754 19756
360 3292 3304 7 240 241 82075 82013 24104 24102 82127
361 3292 3398 6 241 242 15321 80886 81857 82096
362 3096 3398 5 242 243 80323 80879 15322
363 3096 3304 5 243 240 82182 82184 80322
364 3096 3292 5 240 242 15320 82035 82181
365 3398 3304 6 241 243 80321 82194 82095 82093
366 2816 2751 8 244 245 119148 119149 120155 119089 119090 120674
367 2816 2978 4 245 246 3657 3660
368 2715 2978 7 246 247 120132 135961 135978 120223 120224
369 2715 2751 7 247 244 120673 119963 119955 119303 119305
370 2715 2816 4 244 246 120488 120665
371 2978 2751 4 245 247 119902 119887
372 559 256 7 248 249 131869 130064 31064 31063 23703
373 559 595 6 249 250 131088 131089 132117 131968
374 562 595 7 250 251 131226 131225 131710 132007 131632
375 562 256 5 251 248 23705 129842 131675
376 562 559 5 248 250 131631 132663 23704
377 595 256 6 249 251 21970 21967 27687 27686
378 2425 2423 7 252 253 48918 66157 66158 133897 133911
379 2425 3154 5 253 254 25027 64431 48919
380 3196 3154 9 254 255 49000 66201 22082 22079 66109 66148 25029
381 3196 2423 3 255 252 48998
382 3196 2425 7 252 254 25028 66178 66180 133898 133910
383 3154 2423 5 253 255 48999 132183 48920
384 10469 10331 6 256 257 105624 109967 108217 105457
385 10469 10189 7 257 258 105630 106963 107027 105777 105623
386 10166 10189 8 258 259 47826 47825 97095 23086 23085 104728
387 10166 10331 5 259 256 105459 110392 104488
388 10166 10469 3 256 258 105458
389 10189 10331 6 257 259 104483 104480 105678 105625
390 4163 4331 5 260 261 64842 65076 12778
391 4163 4116 7 261 262 62269 62298 63652 64875 64841
392 4167 4116 6 262 263 3996 3993 63601 62270
393 4167 4331 6 263 260 12780 64809 65001 28796
394 4167 4163 4 260 262 62268 12779
395 4116 4331 4 261 263 28795 64843
396 9383 9235 6 264 265 154117 154200 132640 132641
397 9383 9690 3 265 266 44802
398 9836 9690 9 266 267 154031 153999 153998 154030 33068 33069 44804
399 9836 9235 4 267 264 154158 154190
400 9836 9383 7 264 266 44803 154180 154181 155710 154157
401 9690 9235 5 265 267 32542 32541 152958
402 6777 7125 3 268 269 41750
403 6777 7111 6 269 270 42244 8140 8141 41751
404 6890 7111 7 270 271 705 704 5793 40006 40008
405 6890 7125 6 271 268 39824 39823 5642 5641
406 6890 6777 7 268 270 42245 42235 40370 40372 41951
407 7111 7125 6 269 271 8997 39817 39816 40988
408 598 538 8 272 273 130829 3502 3500 130372 130370 126403
409 598 658 4 273 274 131695 130830
410 780 658 8 274 275 27004 129993 29375 27583 27584 131696
411 780 538 3 275 272 27003
412 780 598 5 272 274 131694 130776 126402
413 658 538 4 273 275 27002 130714
414 7692 7919 4 276 277 46648 46598
415 7692 7902 6 277 278 52773 52986 51411 46649
416 7863 7902 5 278 279 44203 45975 45974
417 7863 7919 7 279 276 46600 52295 47333 47332 44202
418 7863 7692 6 276 278 52772 46658 46660 46599
419 7902 7919 6 277 279 44201 46402 8575 8574
420 8154 8329 6 280 281 95024 95022 21480 21481
421 8154 8060 4 281 282 94777 95199
422 8471 8060 6 282 283 94804 108049 94565 94564
423 8471 8329 3 283 280 94791
424 8471 8154 7 280 282 94736 94735 95317 94699 94696
425 8060 8329 9 281 283 94803 108053 95276 95278 95029 95028 95228
426 8484 8628 6 284 285 7656 7657 46241 46100
427 8484 8445 6 285 286 4069 4070 6514 6515
428 8454 8445 6 286 287 3706 46961 19305 19307
429 8454 8628 7 287 284 46101 46421 45810 45809 3705
430 8454 8484 4 284 286 46116 46099
431 8445 8628 3 285 287 3704
432 3243 3158 6 288 289 62010 62011 63293 136866
433 3243 3296 5 289 290 63231 63238 63225
434 3210 3296 6 290 291 62638 62585 62582 62583
435 3210 3158 5 291 288 119085 63201 62637
436 3210 3243 5 288 290 61830 61829 136082
437 3296 3158 5 289 291 62576 62575 62580
438 11598 11798 5 292 293 143533 143939 144313
439 11598 177 4 293 294 156181 143532
440 11890 177 9 294 295 130588 142820 143576 143034 143035 144145 156194
441 11890 11798 5 295 292 144310 143511 130586
442 11890 11598 6 292 294 143386 143387 144330 144314
443 177 11798 4 293 295 130587 143534
444 6824 6705 5 296 297 40544 40664 56671
445 6824 6961 7 297 298 40724 40795 40796 41016 40543
446 6920 6961 5 298 299 39835 39837 40536
447 6920 6705 6 299 296 56749 38964 38963 39406
448 6920 6824 5 296 298 40723 40942 56748
449 6961 6705 3 297 299 40545
450 5038 4851 3 300 301 2337
451 5038 4981 7 301 302 13918 13916 15536 72778 72584
452 5060 4981 4 302 303 15539 68379
453 5060 4851 8 303 300 2338 73510 72904 68905 68907 15538
454 5060 5038 5 300 302 68378 72652 2336
455 4981 4851 9 301 303 15537 68449 72909 72914 72921 72961 72585
456 11093 11047 7 304 305 111264 111267 108436 108435 111885
457 11093 11512 5 305 306 112493 111991 111989
458 11481 11512 7 306 307 110878 108649 3607 3608 112494
459 11481 11047 6 307 304 112230 112229 111761 111541
460 11481 11093 3 304 306 112492
461 11512 11047 5 305 307 111542 111571 111992
462 3709 3804 6 308 309 61871 61872 62071 58976
463 3709 3890 3 309 310 61946
464 3801 3890 8 310 311 61473 60925 60924 59040 59037 60166
465 3801 3804 3 311 308 58977
466 3801 3709 8 308 310 62117 62118 62119 63495 5933 5935
467 3890 3804 7 309 311 61472 61772 61771 61862 61947
468 1543 1768 4 312 313 118002 116260
469 1543 1991 6 313 314 117528 113977 113976 118143
470 2042 1991 6 314 315 115374 115373 116488 117529
471 2042 1768 5 315 312 116261 118071 116329
472 2042 1543 6 312 314 117221 117222 113444 113443
473 1991 1768 4 313 315 115190 115188
474 2335 2208 5 316 317 118747 118748 119966
475 2335 1986 9 317 318 120080 24997 24998 25594 118776 119219 119218
476 2338 1986 4 318 319 25018 118991
477 2338 2208 7 319 316 119916 119733 118239 10418 10417
478 2338 2335 4 316 318 119863 119862
479 1986 2208 6 317 319 16145 16142 117970 117967
480 10333 10242 6 320 321 111802 111892 111887 2727
481 10333 10056 4 321 322 103550 111803
482 10066 10056 6 322 323 34627 103444 103431 103432
483 10066 10242 5 323 320 2728 21320 21319
484 10066 10333 5 320 322 103549 111862 2726
485 10056 10242 5 321 323 34626 34375 34377
486 9922 9901 7 324 325 106299 106300 97395 97396 105489
487 9922 9979 4 325 326 104659 104658
488 9832 9979 4 326 327 104507 104506
489 9832 9901 5 327 324 107116 107031 107030
490 9832 9922 5 324 326 106834 107095 107115
491 9979 9901 8 325 327 107041 107040 94619 94618 106560 107028
492 2590 2582 7 328 329 135792 136937 29653 29651 136470
493 2590 2462 5 329 330 136951 135937 135793
494 2368 2462 6 330 331 63176 64186 136554 136773
495 2368 2582 4 331 328 133408 63175
496 2368 2590 7 328 330 136952 136976 139988 140396 136471
497 2462 2582 8 329 331 3281 3280 63232 136824 136008 135794
498 10164 10121 5 332 333 103454 103658 34977
499 10164 10105 5 333 334 2390 102708 103227
500 10265 10105 5 334 335 21424 21422 2391
501 10265 10121 7 335 332 23608 23610 30827 103363 103585
502 10265 10164 5 332 334 2389 109968 34978
503 10105 10121 3 333 335 103455
504 708 790 4 336 337 126224 127265
505 708 705 5 337 338 26799 143541 126225
506 703 705 6 338 339 31177 31178 127166 26800
507 703 790 8 339 336 126481 126480 127366 127367 127450 124843
508 703 708 8 336 338 26798 126483 127266 127283 127286 127268
509 705 790 5 337 339 124844 26746 26743
510 7342 7604 3 340 341 9915
511 7342 7591 6 341 342 5394 5395 9684 9687
512 7404 7591 4 342 343 38900 40408
513 7404 7604 6 343 340 9916 40753 40807 38898
514 7404 7342 10 340 342 40910 40949 39035 30315 30316 41089 1371 1373
515 7591 7604 7 341 343 38899 39936 666 665 39908
516 6469 6364 5 344 345 54741 54742 43871
517 6469 6206 5 345 346 17367 56000 55018
518 6465 6206 4 346 347 36743 17368
519 6465 6364 8 347 344 43872 55058 55051 55052 55029 36742
520 6206 6364 6 345 347 36741 8570 8572 9262
521 8815 8760 7 348 349 47035 47036 47247 37033 37034
522 8815 8671 6 349 350 37840 37843 37486 37487
523 8687 8671 4 350 351 37415 37848
524 8687 8760 7 351 348 47102 47103 47126 5041 5043
525 8687 8815 6 348 350 37847 46865 46722 46720
526 8671 8760 3 349 351 37414
527 4866 5013 5 352 353 10638 68995 15525
528 4866 4843 4 353 354 73162 10639
529 4839 4843 5 354 355 73272 73382 73163
530 4839 5013 6 355 352 15526 73899 73270 73269
531 4839 4866 6 352 354 15531 15530 61358 15524
532 4843 5013 7 353 355 73267 73253 73251 71977 10640
533 5588 5560 7 356 357 13747 87375 87278 72157 70252
534 5588 5434 5 357 358 54940 54941 13748
535 5455 5434 5 358 359 70375 71988 70258
536 5455 5560 8 359 356 70253 72281 72190 72112 70374 70373
537 5455 5588 3 356 358 70251
538 5434 5560 4 357 359 70361 13749
539 11573 11419 5 360 361 111032 27006 27007
540 11573 11532 10 361 362 109501 128465 128464 144479 144900 142900 142898 111033
541 11606 11532 6 362 363 21474 111096 111097 109503
542 11606 11419 9 363 360 125896 30610 30611 30472 30473 111118 21473
543 11606 11573 3 360 362 109502
544 11532 11419 8 361 363 21472 110184 112011 112220 112219 111034
545 10167 10259 4 364 365 6467 6470
546 10167 10292 4 365 366 147825 158511
547 10258 10292 3 366 367 3088
548 10258 10259 7 367 364 147610 32948 32949 145595 3086
549 10258 10167 8 364 366 147050 4019 4020 147638 147599 147598
550 10292 10259 8 365 367 3087 31244 34755 34757 147281 158512
551 8823 8905 6 368 369 21233 21234 22821 22820
552 8823 8999 8 98743 98741 17081 17079 369 370 103399 -1
553 9245 8999 5 370 371 35217 158227 103400
554 9245 8905 5 371 368 37240 37241 35216
555 9245 8823 4 368 370 103398 97814
556 8999 8905 5 369 371 35215 37280 35301
557 11025 10858 3 372 373 23447
558 11025 10832 6 373 374 111647 111232 111233 23448
559 10855 10832 6 374 375 3550 3547 23105 23104
560 10855 10858 7 375 372 111410 111338 108979 108961 108535
561 10855 11025 8 372 374 111648 110692 108507 108506 110310 110312
562 10832 10858 7 373 375 23789 23787 23018 23020 23449
563 8381 8550 7 376 377 13266 13267 93728 19765 19766
564 8381 8320 4 377 378 90174 90175
565 8433 8320 5 378 379 97910 93738 93737
566 8433 8550 3 379 376 97534
567 8433 8381 6 376 378 89995 89997 93689 93686
568 8320 8550 8 377 379 90302 90301 97907 97958 97871 93712
569 5020 5081 8 380 381 5923 57326 12363 12366 57294 57296
570 5020 5062 5 381 382 5819 56700 5922
571 5303 5062 6 382 383 56653 56523 56521 5820
572 5303 5081 4 383 380 8464 8463
573 5303 5020 7 380 382 5818 57299 57307 57304 57297
574 5062 5081 6 381 383 57134 57553 57348 5924
575 5544 5473 6 384 385 5695 5696 57973 41407
576 5544 5629 6 385 386 57689 9294 9292 10074
577 5948 5629 5 386 387 41304 9840 9842
578 5948 5473 5 387 384 41409 57059 57054
579 5948 5544 8 384 386 57696 57701 57687 56735 56732 41408
580 5629 5473 7 385 387 57055 10118 10117 57590 41410
581 5868 5809 5 388 389 56892 56884 54768
582 5868 5977 7 389 390 56804 56772 56773 56847 56848
583 6053 5977 5 390 391 738 12726 56220
584 6053 5809 5 391 388 54769 41189 736
585 6053 5868 9 388 390 54641 977 974 6546 56830 55106 54767
586 5977 5809 5 389 391 737 57667 56893
587 436 425 6 393 394 126614 126570 126505 24048
588 436 701 4 394 392 26523 126613
589 436 568 7 392 393 24047 126635 126634 127112 26522
590 8033 7996 6 395 396 86343 86341 86773 86774
591 8033 8067 6 396 397 98572 98630 98338 98337
592 7904 8067 4 397 398 36010 36009
593 7904 7996 7 398 395 98328 98242 98241 86735 36537
594 7904 8033 6 395 397 98569 98568 98313 98312
595 8067 7996 6 396 398 36536 19835 19832 98585
596 7922 8099 4 399 400 9692 8755
597 7922 7944 10 400 401 38995 39024 38937 38938 36486 36488 1923 1926
598 8134 7944 7 401 402 5173 2384 2383 4251 38992
599 8134 8099 8 402 399 5421 5420 5105 5107 38840 38846
600 8134 7922 4 399 401 38994 8754
601 7944 8099 5 400 402 406 403 9693
602 7855 8099 3 403 404 37849
603 7855 7954 5 404 405 35467 4646 4644
604 7944 7954 6 405 406 5173 5171 38405 35469
605 7944 7855 5 403 405 35468 1923 1925
606 7954 8099 7 404 406 38846 38850 38844 36134 36132
607 11366 11372 7 407 408 109729 105912 105913 109685 109706
608 11366 11391 6 408 409 109189 109190 109202 109730
609 11124 11391 6 409 410 149669 105670 105673 109753
610 11124 11372 5 410 407 103825 103826 149743
611 11124 11366 5 407 409 109225 109224 110062
612 11391 11372 4 408 410 149742 109731
613 5681 5666 6 411 412 4096 84430 84291 84290
614 5665 5666 7 413 411 94148 100436 94498 84907 84908
615 5024 5666 6 412 413 100526 100595 100594 4098
616 3125 3579 5 414 415 11975 64381 49866
617 3125 3550 7 415 416 66136 66069 66071 134090 11976
618 3648 3550 6 416 417 11743 11744 65833 66137
619 3648 3579 8 417 414 28552 28551 65943 65942 65983 66003
620 3648 3125 4 414 416 66106 49867
621 3550 3579 5 415 417 65837 65836 11977
622 10068 10432 9 418 419 157076 143596 143597 157482 38874 38875 158772
623 10068 10358 5 33241 33239 419 420 -1
624 10704 10358 7 420 421 143754 143756 156099 156100 -1
625 10704 10432 6 421 418 158771 156483 156482 156544
626 10704 10068 4 158773 418 420 -1
627 10358 10432 4 419 421 31453 31450
628 2694 2066 4 422 423 135515 135514
629 2694 2551 6 423 424 120634 23193 23196 64000
630 2379 2551 5 424 425 1112 133935 120635
631 2379 2066 6 425 422 133522 133521 64177 1111
632 2379 2694 6 422 424 120633 134948 134949 135489
633 2551 2066 4 423 425 1110 11172
634 1610 2307 6 426 427 107651 120081 120181 24467
635 1610 2477 4 427 428 120359 107652
636 2310 2477 6 428 429 76684 76686 118699 120337
637 2310 2307 7 429 426 24469 122392 122303 120330 120279
638 2310 1610 5 426 428 120360 122203 24468
639 2477 2307 5 427 429 5218 5217 19494
640 1485 1574 6 430 431 117026 117556 117113 116984
641 1485 1534 7 431 432 118157 112792 2446 2445 117027
642 1710 1534 4 432 433 114527 117060
643 1710 1574 6 433 430 116985 117148 117105 114526
644 1710 1485 8 430 432 124559 116945 116946 11796 11797 114461
645 1534 1574 4 431 433 114525 116972
646 2843 3150 8 434 435 26857 136683 137225 133369 133371 137038
647 2843 3156 3 435 436 26858
648 3130 3156 7 436 437 62359 62854 64194 62962 62960
649 3130 3150 4 437 434 62705 62357
650 3130 2843 8 434 436 135829 135828 136994 64297 64294 137039
651 3156 3150 7 435 437 62358 62830 62093 62095 26859
652 6440 6522 6 438 439 91663 76620 76618 95113
653 6440 6295 9 439 440 94266 91624 91627 76872 76870 91700 91701
654 6130 6295 5 440 441 91670 94887 95853
655 6130 6522 5 441 438 95115 91710 91668
656 6130 6440 4 438 440 95929 95114
657 6295 6522 4 439 441 91669 95282
658 9976 9960 5 442 443 21643 21644 108376
659 9976 9880 7 443 444 107996 106327 94150 94149 102810
660 9739 9880 5 444 445 102621 102623 102900
661 9739 9960 7 445 442 21284 21286 23321 23385 108325
662 9739 9976 8 442 444 21381 21380 108382 108362 108364 108378
663 9880 9960 4 443 445 108326 102811
664 10068 10237 5 446 447 3461 3462 155532
665 10068 10319 5 447 448 143596 147685 23611
666 10241 10319 3 448 449 143598
667 10241 10237 8 449 446 156543 156477 156478 143602 143601 157077
668 10241 10068 6 446 448 143597 157481 32987 32988
669 10319 10237 7 447 449 157078 157108 157328 157430 23612
670 7812 7720 6 450 451 47347 4295 4296 52528
671 7812 7961 5 451 452 36970 36969 47700
672 7972 7961 5 452 453 52488 47629 47628
673 7972 7720 5 453 450 52529 52580 52489
674 7972 7812 5 450 452 18470 18472 52328
675 7961 7720 4 451 453 52459 52461
676 7135 6936 4 454 455 48779 44190
677 7135 6975 5 455 456 53109 53110 51462
678 7269 6975 7 456 457 9108 686 688 43837 45879
679 7269 6936 4 457 454 5982 5984
680 7269 7135 5 454 456 17725 17727 44189
681 6975 6936 7 455 457 42583 43796 7025 7026 51463
682 11058 11090 7 458 459 132649 132333 132336 132703 150488
683 11058 10872 8 459 460 132512 26897 26895 145795 145793 132650
684 10514 10872 6 460 461 154315 154762 154763 132514
685 10514 11090 4 461 458 154925 154314
686 10514 11058 5 458 460 132513 154655 154924
687 10872 11090 4 459 461 154313 132651
688 6602 6493 6 462 463 642 42319 42320 43649
689 6602 5887 4 463 464 43863 643
690 6136 5887 7 464 465 43784 54036 9912 9914 43693
691 6136 6493 3 465 462 43737
692 6136 6602 7 462 464 43748 42717 42715 43904 43736
693 5887 6493 7 463 465 43783 54223 43647 33961 644
694 11404 10995 3 466 467 154846
695 11404 11109 5 467 468 34507 154811 154839
696 11461 11109 7 468 469 154719 146087 146086 146631 34509
697 11461 10995 8 469 466 154795 145794 145796 154706 33918 33917
698 11461 11404 5 466 468 34508 132490 138270
699 11109 10995 6 467 469 154727 154542 154543 154750
700 7892 7740 3 470 471 36193
701 7892 7684 7 471 472 35891 36037 36040 36360 36194
702 7885 7684 5 472 473 35778 4581 4582
703 7885 7740 5 473 470 35901 35898 36078
704 7885 7892 5 470 472 35892 20112 20114
705 7684 7740 7 471 473 35966 2072 2073 3218 3217
706 3796 3836 7 474 475 78098 78099 79952 79575 79577
707 3796 3658 8 475 476 78183 79553 79479 79480 79547 79546
708 3768 3658 5 476 477 12703 12704 78185
709 3768 3836 10 477 474 78314 78316 81631 81614 81613 81332 78240 63452
710 3768 3796 3 474 476 78184
711 3658 3836 3 475 477 63453
712 3093 3271 10 478 479 58896 58708 58670 58668 141729 141663 58344 58342
713 3093 3461 6 479 480 58542 58899 58930 58897
714 3059 3461 8 480 481 142256 59666 3721 3722 9731 9734
715 3059 3271 4 481 478 142358 142255
716 3059 3093 4 478 480 58455 58452
717 3461 3271 4 479 481 142254 58898
718 4908 4692 3 482 483 73310
719 4908 4781 7 483 484 73296 73297 73891 73308 73306
720 4796 4781 4 484 485 68706 73299
721 4796 4692 7 485 482 73311 72355 15599 15598 68664
722 4796 4908 8 482 484 73298 73431 68930 68931 73305 73304
723 4781 4692 7 483 485 68705 72632 8164 8166 73309
724 3099 3357 5 486 487 60354 60419 2917
725 3099 3302 7 487 488 15318 11250 11248 15670 60355
726 3050 3302 4 488 489 15711 60404
727 3050 3357 5 489 486 2918 61004 15710
728 3050 3099 8 486 488 60403 60402 60401 117004 117005 2916
729 3302 3357 7 487 489 15709 15773 60176 63509 60356
730 8535 8431 4 490 491 40013 39116
731 8535 8533 4 491 492 44952 44919
732 8614 8533 6 492 493 4125 4126 45359 45200
733 8614 8431 5 493 490 39117 6772 6771
734 8614 8535 8 490 492 45199 45291 39545 39544 35474 35476
735 8533 8431 8 491 493 8894 9679 9676 44857 6619 6618
736 3278 3040 5 494 495 58553 58554 9966
737 3278 3312 8 495 496 58889 58445 58446 12215 10873 10874
738 3123 3312 7 496 497 58747 40959 30310 30307 58440
739 3123 3040 5 497 494 9968 58985 59028
740 3123 3278 4 494 496 10310 9967
741 3312 3040 5 495 497 59029 141741 58935
742 6907 8121 5 498 499 49151 48991 7733
743 6907 8005 5 499 500 11337 42472 49146
744 7590 8005 4 500 501 32004 11338
745 7590 8121 6 501 498 7735 48704 48706 32003
746 7590 6907 6 498 500 11336 32540 32683 7734
747 8005 8121 7 499 501 3432 3431 33496 33498 49149
748 8311 8443 6 502 503 34156 34532 34535 42071
749 8311 8400 4 503 504 27953 27951
750 8520 8400 4 504 505 34772 34774
751 8520 8443 4 505 502 41357 41359
752 8520 8311 6 502 504 38644 41643 44826 42070
753 8400 8443 7 503 505 41591 4551 4553 39969 34157
754 1495 1725 7 506 507 118070 118069 1633 1631 118103
755 1495 1835 4 507 508 118033 118034
756 1703 1835 6 508 509 112834 24712 24713 118057
757 1703 1725 4 509 506 112835 112833
758 1703 1495 5 506 508 118113 125050 118104
759 1835 1725 10 507 509 29714 29711 115116 115896 112906 112908 114100 116463
760 5844 5772 6 510 511 67695 67694 56101 9473
761 5844 5852 6 511 512 53628 53627 55054 69880
762 6103 5852 4 512 513 41134 52809
763 6103 5772 5 513 510 9475 52178 41133
764 6103 5844 5 510 512 35800 35801 9474
765 5852 5772 6 511 513 41132 54812 67782 69881
766 8954 8932 7 514 515 1979 45051 45500 153245 153170
767 8954 8899 5 515 516 45056 45057 1980
768 9038 8899 10 516 517 6565 152618 152619 157050 150824 150823 44998 44997
769 9038 8932 4 517 514 153172 6563
770 9038 8954 5 514 516 45076 156784 153171
771 8899 8932 6 515 517 6564 33054 33369 1981
772 5791 5898 7 518 519 51835 50822 50823 51570 12722
773 5791 5693 6 519 520 13606 13605 51192 51836
774 5924 5693 6 520 521 4689 50997 51626 51775
775 5924 5898 6 521 518 12724 51888 51887 4687
776 5924 5791 3 518 520 12723
777 5693 5898 5 519 521 4688 1518 1520
778 241 221 9 522 523 130345 141560 130606 33857 33855 146092 146090
779 241 267 10 523 524 146050 146081 131127 130973 32045 32043 131015 130346
780 187 267 7 524 525 5521 126734 126735 30480 30481
781 187 221 7 525 522 146089 130819 130820 130775 5520
782 187 241 3 522 524 146049
783 267 221 4 523 525 5519 31342
784 6969 6797 6 526 527 7442 7443 49924 44736
785 6969 6555 6 527 528 43100 43098 49480 49921
786 6900 6555 5 528 529 49105 49698 48595
787 6900 6797 5 529 526 44738 49618 49103
788 6900 6969 6 526 528 43393 43395 49392 44737
789 6555 6797 7 527 529 49104 32637 32638 66062 49922
790 8397 7854 3 530 531 44096
791 8397 8096 5 531 532 45205 45342 45118
792 8181 8096 6 532 533 8339 5657 5659 39440
793 8181 7854 6 533 530 44097 45037 45229 45228
794 8181 8397 7 530 532 45204 8948 8947 39888 39886
795 8096 7854 7 531 533 44149 44151 38972 38974 44132
796 8476 8190 5 534 535 98247 98245 4566
797 8476 8247 5 535 536 7483 7481 99121
798 8065 8247 6 536 537 98339 93664 93665 93680
799 8065 8190 5 537 534 4568 86831 86832
800 8065 8476 6 534 536 17003 17005 20979 4567
801 8247 8190 3 535 537 99115
802 6406 6686 8 538 539 50698 49959 44765 6140 6141 49970
803 6406 6668 3 539 540 50987
804 6694 6668 5 540 541 7745 49963 49964
805 6694 6686 3 541 538 7744
806 6694 6406 13 538 540 50491 50492 51026 50964 50962 50999 49448 44633 6778 6777 49972
807 6668 6686 10 539 541 7743 44269 44268 44297 44296 43491 43492 50988
808 11504 11427 10 542 543 131504 146304 146305 146459 145529 130678 130679 28072
809 11504 11460 4 543 544 146510 131505
810 11200 11460 8 544 545 146402 146403 149481 146331 146329 146431
811 11200 11427 8 545 542 28074 130352 131806 30346 30347 146421
812 11200 11504 3 542 544 28073
813 11460 11427 4 543 545 131109 131111
814 7619 7725 5 546 547 36027 53245 53244
815 7619 7508 3 547 548 36028
816 7405 7508 9 548 549 35763 4563 2303 2300 35548 36260 36261
817 7405 7725 4 549 546 53371 36455
818 7405 7619 7 546 548 35827 5319 5318 35863 40295
819 7508 7725 6 547 549 36448 36447 36756 36029
820 118 334 9 550 551 113054 107638 107639 122092 122813 109736 109734
821 118 11658 4 551 552 108322 113055
822 11777 11658 6 552 553 123332 109321 108854 108324
823 11777 334 3 553 550 123329
824 11777 118 7 550 552 108323 122724 122808 123315 123328
825 11658 334 6 551 553 123330 121372 107522 107524
826 10979 11216 3 554 555 145228
827 10979 11273 5 555 556 128558 128556 145229
828 11067 11273 5 556 557 148160 128800 128799
829 11067 11216 6 557 554 148284 148197 148196 148159
830 11067 10979 7 554 556 148791 144882 144881 148285 148283
831 11273 11216 7 555 557 130594 130593 147152 147151 145230
832 7428 8850 5 558 559 42460 6053 823
833 7428 8556 4 559 560 9807 9808
834 7498 8556 5 560 561 40058 40060 43425
835 7498 8850 5 561 558 825 41906 42139
836 7498 7428 9 558 560 42878 42879 43529 3813 3815 42672 824
837 8556 8850 5 559 561 42140 154096 42710
838 5373 5169 4 562 563 54300 54298
839 5373 5442 6 563 564 68217 51151 42937 42935
840 5172 5442 3 564 565 7941
841 5172 5169 9 565 562 43583 43582 67219 67471 67478 67481 7940
842 5172 5373 6 562 564 65562 51281 51280 66886
843 5442 5169 6 563 565 7939 12777 67498 65580
844 5825 5655 4 566 567 53903 68127
845 5825 5983 8 567 568 51584 55813 51674 51673 67735 53902
846 5838 5983 4 568 569 3644 50683
847 5838 5655 6 569 566 68128 54650 54649 3643
848 5838 5825 6 566 568 6060 6061 54905 54906
849 5983 5655 7 567 569 3642 50618 51359 12717 12716
850 167 290 6 570 571 3819 3817 123452 123894
851 167 323 6 571 572 32164 31742 31743 27288
852 393 323 6 572 573 122772 128049 128528 32165
853 393 290 4 573 570 112703 112702
854 393 167 6 570 572 11382 11384 109960 123895
855 323 290 5 571 573 122771 128839 27289
856 11437 11603 4 574 575 108638 23594
857 11437 11594 5 575 576 108613 104851 104850
858 11275 11594 7 576 577 111480 25861 23426 23427 103528
859 11275 11603 7 577 574 23545 23544 26176 111714 111479
860 11275 11437 6 574 576 108614 106604 106605 23595
861 11594 11603 9 575 577 111478 111486 125175 116497 116496 108784 108639
862 7895 8133 5 578 579 36610 36552 36553
863 7895 7985 4 579 580 36446 36445
864 8007 7985 6 580 581 36089 36275 36269 36268
865 8007 8133 5 581 578 36051 5076 5075
866 8007 7895 7 578 580 19820 19819 36071 36468 36467
867 7985 8133 5 579 581 4762 4411 4413
868 11410 11348 7 582 583 143654 30877 30875 147112 144199
869 11410 11379 4 583 584 143892 145635
870 11686 11379 6 584 585 144028 143916 143915 143893
871 11686 11348 4 585 582 144125 144027
872 11686 11410 6 582 584 32059 32057 144431 144198
873 11379 11348 7 583 585 144026 144257 34542 34543 145730
874 7352 6658 8 586 587 40305 39812 39815 41556 41550 41551
875 7352 6880 7 587 588 41281 41257 40968 40967 40306
876 6860 6880 6 588 589 41000 40954 40710 40711
877 6860 6658 6 589 586 41465 41464 41504 41083
878 6860 7352 3 586 588 41468
879 6880 6658 3 587 589 40307
880 9104 9062 9 590 591 86347 86348 102989 34382 34380 103225 102591
881 9104 8842 3 591 592 99574
882 9000 8842 7 592 593 36651 36650 36938 98323 98579
883 9000 9062 3 593 590 37178
884 9000 9104 6 590 592 99575 103116 36702 36704
885 8842 9062 6 591 593 37177 2449 2448 19921
886 1950 1778 7 594 595 27853 134505 131653 131651 139116
887 1950 2069 7 595 596 129444 132309 132307 135217 27854
888 1961 2069 5 596 597 11775 136753 129445
889 1961 1778 8 597 594 139117 127665 127662 136395 135435 11773
890 1961 1950 3 594 596 129443
891 2069 1778 4 595 597 11774 27855
892 2785 3087 5 598 599 2146 140557 140555
893 2785 3018 8 599 600 116779 116777 127179 127180 127308 2147
894 2926 3018 3 600 601 59813
895 2926 3087 7 601 598 4912 4911 59858 59864 59812
896 2926 2785 6 598 600 139715 126144 126143 140084
897 3018 3087 5 599 601 58764 58766 2148
898 8342 8460 5 602 603 21350 21348 47844
899 8342 8441 4 603 604 50342 50343
900 8211 8441 7 604 605 21884 21886 94987 18028 18025
901 8211 8460 7 605 602 89951 47840 32547 32548 96876
902 8211 8342 6 602 604 19696 19695 18737 18739
903 8441 8460 3 603 605 96882
904 9527 8769 7 606 607 3436 3435 105233 105234 106282
905 9527 8901 5 607 608 18167 96957 96959
906 8608 8901 7 608 609 7464 7463 32704 76993 18168
907 8608 8769 7 609 606 106284 21851 21853 96373 96372
908 8608 9527 4 606 608 18166 106236
909 8901 8769 4 607 609 77253 77255
910 7834 8159 4 610 611 50474 22019
911 7834 7559 10 611 612 4314 46456 46454 8095 8096 49541 49544 50473
912 8029 7559 6 612 613 47669 47671 50380 4316
913 8029 8159 6 613 610 22020 48079 48162 49898
914 8029 7834 5 610 612 4315 19671 22018
915 7559 8159 4 611 613 49897 50460
916 8740 8718 5 614 615 38331 38463 37340
917 8740 8581 6 615 616 4529 16795 16794 21567
918 8693 8581 4 616 617 36430 4531
919 8693 8718 7 617 614 37341 38681 39393 38036 38038
920 8693 8740 5 614 616 4530 4979 4980
921 8581 8718 4 615 617 38610 38332
922 8258 8164 8 618 619 11141 49335 49337 49373 46015 46016
923 8258 7541 3 619 620 11142
924 7560 7541 7 620 621 49218 49220 49320 49319 49270
925 7560 8164 5 621 618 44672 44671 49345
926 7560 8258 5 618 620 49269 33392 33391
927 7541 8164 7 619 621 49344 49339 49041 49043 11143
928 8627 8790 8 622 623 45112 40095 40089 40090 40112 40041
929 8627 8805 4 623 624 45134 45111
930 9097 8805 7 624 625 4163 7683 39955 41867 45135
931 9097 8790 4 625 622 4853 4161
932 9097 8627 6 622 624 45131 45132 156702 40040
933 8805 8790 7 623 625 4162 38298 38297 39961 45108
934 523 431 5 626 627 126544 126542 141450
935 523 327 4 627 628 126331 127185
936 446 327 4 628 629 30632 30633
937 446 431 7 629 626 34560 26605 26604 143724 143706
938 446 523 5 626 628 126332 143737 141449
939 327 431 6 627 629 143604 143606 143797 127186
940 5226 5335 9 630 631 65554 65558 64743 9212 9213 50027 50028
941 5226 5573 6 631 632 43131 7997 7998 65405
942 5338 5573 4 632 633 64839 43132
943 5338 5335 7 633 630 65556 64610 64609 65258 65260
944 5338 5226 7 630 632 43130 65565 68273 65568 65555
945 5573 5335 3 631 633 65322
946 3718 3814 6 634 635 59491 81849 16363 15937
947 3718 3538 4 635 636 15926 59492
948 3431 3538 7 636 637 83207 83038 83011 83012 15928
949 3431 3814 5 637 634 15939 81911 83206
950 3431 3718 5 634 636 15927 20169 15938
951 3538 3814 5 635 637 83082 83081 59493
952 6276 5862 6 638 639 51018 6062 6065 8707
953 6276 5928 6 639 640 14268 50755 31188 31187
954 5942 5928 6 640 641 11379 11380 7991 7992
955 5942 5862 6 641 638 8709 50951 10571 10570
956 5942 6276 4 638 640 14269 8708
957 5928 5862 6 639 641 17681 50086 50088 50790
958 6602 6562 5 642 643 42408 42406 42603
959 5887 6562 5 643 644 12334 12331 42567
960 6562 6493 4 642 644 33960 42537
961 7453 7741 6 645 646 40775 40557 40551 5619
962 7453 7299 3 646 647 38781
963 7442 7299 5 647 648 39426 40722 38782
964 7442 7741 5 648 645 5621 53362 39425
965 7442 7453 7 645 647 38780 40481 38417 38419 5620
966 7299 7741 11 646 648 39424 36450 8426 8428 39742 54790 40540 40541 40776
967 8316 8115 5 649 650 38399 38409 36297
968 8316 8191 10 650 651 53468 2381 2382 38177 37808 6233 5490 5489
969 7985 8191 7 651 652 36140 36141 36275 36276 36345
970 7985 8115 7 652 649 36299 4414 4411 4763 36469
971 7985 8316 3 649 651 36298
972 8191 8115 4 650 652 36473 38330
973 8203 7762 7 653 654 45758 44486 44487 37469 37467
974 8203 7953 5 654 655 45337 36737 36735
975 7766 7953 7 655 656 44842 1526 1527 44362 44360
976 7766 7762 7 656 653 44137 44136 39356 39355 44264
977 7766 8203 6 653 655 45336 45845 45847 45901
978 7953 7762 6 654 656 45151 45150 45328 45331
979 10481 10455 5 657 658 147539 147538 148108
980 10481 10418 6 658 659 147903 147901 153748 148105
981 10583 10418 8 659 660 152337 154285 3120 3119 154460 148101
982 10583 10455 7 660 657 148109 148119 148063 148064 152336
983 10583 10481 4 657 659 148100 148107
984 10418 10455 5 658 660 31505 31507 147391
985 5075 5264 7 661 662 8623 14023 14026 19946 84824
986 5075 4673 5 662 663 74181 74179 8622
987 4859 4673 6 663 664 1796 1797 16284 16285
988 4859 5264 4 664 661 16537 16536
989 4859 5075 6 661 663 84605 84652 84672 84825
990 4673 5264 5 662 664 84495 84496 8624
991 7604 7770 5 666 667 40670 40679 40676
992 7638 7770 6 667 668 39943 44150 34641 34643
993 7638 7591 4 668 665 39909 39942
994 7638 7604 5 665 667 39626 38978 38980
995 7770 7591 6 666 668 9544 9541 39348 39899
996 8571 8058 4 669 670 38688 38689
997 8571 8194 4 670 671 38984 39165
998 8355 8194 4 671 672 39137 38986
999 8355 8058 6 672 669 38811 9027 9026 39130
1000 8355 8571 6 669 671 38985 39279 38940 38941
1001 8194 8058 8 670 672 39132 39131 40620 40174 35009 35007
1002 8743 8528 8 673 674 4221 4219 31386 42964 44048 44049
1003 8743 8081 6 674 675 42738 7750 7751 44605
1004 8187 8081 8 675 676 44666 44664 42960 42961 44251 42739
1005 8187 8528 9 676 673 43210 43209 44186 44650 44707 44693 44692
1006 8187 8743 3 673 675 42737
1007 8081 8528 3 674 676 44627
1008 7934 7788 7 677 678 39675 5203 5206 40527 40399
1009 7934 7886 5 678 679 40621 40610 40608
1010 8158 7886 4 679 680 39053 39055
1011 8158 7788 3 680 677 40401
1012 8158 7934 9 677 679 40622 40572 40539 40418 38988 38987 40400
1013 7886 7788 5 678 680 40559 39417 39416
1014 8620 8690 6 681 682 31470 33340 33324 33327
1015 8620 8706 6 682 683 5905 33017 33020 31471
1016 8598 8690 5 684 681 38202 37383 37384
1017 8598 8620 6 681 683 5906 4503 4504 38083
1018 8706 8690 5 682 684 38192 38223 31472
1019 7031 6975 4 685 686 9106 44302
1020 7031 7269 6 686 687 702 43125 43141 9107
1021 7283 7269 6 687 688 43838 53965 43830 703
1022 7283 6975 4 688 685 43932 43836
1023 7283 7031 10 685 687 701 8841 44198 44197 42993 42994 44317 44304
1024 8648 8976 6 689 690 7404 48225 95522 48058
1025 8648 8601 4 690 691 7642 7403
1026 8785 8601 5 691 692 4313 46842 7643
1027 8785 8976 7 692 689 19450 19451 151678 151458 4312
1028 8785 8648 4 689 691 7641 48057
1029 8601 8976 5 690 692 4311 5992 5991
1030 61 539 4 693 694 131865 131261
1031 61 129 6 694 695 134614 131803 131659 131660
1032 286 129 5 695 696 131784 131785 152999
1033 286 539 10 696 693 131262 131899 131789 27685 27684 29251 29253 129875
1034 286 61 7 693 695 154410 131856 131685 27943 27940
1035 129 539 4 694 696 28119 28121
1036 9304 8724 7 697 698 155438 155742 156739 44861 44859
1037 9304 8514 6 698 699 142764 33265 33266 155439
1038 8896 8514 5 699 700 40669 42013 58676
1039 8896 8724 6 700 697 40567 40568 42435 40667
1040 8896 9304 4 697 699 155434 58742
1041 8514 8724 4 698 700 40668 41892
1042 7485 7269 7 702 703 43831 17726 17727 3922 3921
1043 7485 7283 5 703 701 8843 44262 43829
1044 7485 7031 4 701 702 8877 8842
1045 7111 7219 3 705 706 8997
1046 7382 7219 7 706 707 41900 28442 28441 39034 40045
1047 7382 6890 3 707 704 5794
1048 7382 7111 7 704 706 39817 36168 36166 5690 5689
1049 7219 6890 5 705 707 42056 5644 5641
1050 6711 6723 5 708 709 53870 52648 41039
1051 6711 7091 4 709 710 9240 9241
1052 6834 7091 6 710 711 43870 43981 43821 43820
1053 6834 6723 5 711 708 41040 17061 17063
1054 6834 6711 6 708 710 53872 53928 38970 38968
1055 7091 6723 4 709 711 43869 53865
1056 4852 5198 4 712 713 56725 69142
1057 4852 5080 8 713 714 56528 56527 54625 54626 69137 56726
1058 4976 5080 4 714 715 12988 54975
1059 4976 5198 6 715 712 55001 55000 69842 12987
1060 4976 4852 5 712 714 69964 69860 69143
1061 5080 5198 6 713 715 12986 69233 69865 56727
1062 10170 10465 4 716 717 155025 154976
1063 10170 9811 6 717 718 154948 155045 155043 155026
1064 10646 9811 5 718 719 134019 33604 33603
1065 10646 10465 6 719 716 154977 151172 150226 134018
1066 10646 10170 7 716 718 132054 132056 155119 151193 151192
1067 9811 10465 4 717 719 134017 150782
1068 7621 7872 3 720 721 17474
1069 7621 7828 10 721 722 90385 90397 90473 90474 90545 97821 97860 87587
1070 7826 7828 3 722 723 19629
1071 7826 7872 7 723 720 17476 19851 19852 2671 2673
1072 7826 7621 6 720 722 89992 89989 90337 17475
1073 7828 7872 7 721 723 16060 16062 18104 97857 87588
1074 9191 9255 6 724 725 38003 35089 35090 37302
1075 9191 9421 6 725 726 157586 156861 156862 157240
1076 9079 9421 3 726 727 31413
1077 9079 9255 6 727 724 37304 157396 158363 31412
1078 9079 9191 7 724 726 4640 4642 157528 157527 37303
1079 9421 9255 7 725 727 31411 5083 5082 21930 147769
1080 8877 8150 5 728 729 37224 8480 8481
1081 8877 8549 7 729 730 38635 38636 35155 35153 37225
1082 8404 8549 6 730 731 35936 35935 38144 38147
1083 8404 8150 8 731 728 37219 35528 944 943 27133 35919
1084 8404 8877 3 728 730 38634
1085 8549 8150 3 729 731 36036
1086 7170 6987 10 732 733 39105 34240 34241 9010 9011 44087 44086 52995
1087 7170 7546 6 733 734 45900 53210 53211 39106
1088 7493 7546 8 734 735 53651 54009 42213 41649 6800 6801
1089 7493 6987 4 735 732 9086 9083
1090 7493 7170 4 732 734 7446 7445
1091 7546 6987 6 733 735 33977 33976 52716 39107
1092 5809 5948 5 736 737 57054 41304 41190
1093 5977 5948 8 737 738 12727 12263 12261 41457 41459 57059
1094 5948 6053 5 736 738 12725 56816 41191
1095 7560 7013 4 739 740 49320 48817
1096 7560 7899 6 740 741 33394 33392 49277 49319
1097 7073 7899 6 741 742 49032 49129 44762 44764
1098 7073 7013 8 742 739 48819 6003 6002 42763 42762 49031
1099 7073 7560 6 739 741 7022 7021 49711 48818
1100 7899 7013 6 740 742 44748 44750 48988 48987
1101 5448 5152 6 743 744 65514 65516 65605 65606
1102 5448 5559 8 744 745 65706 65707 64770 8232 8233 65804
1103 5679 5559 5 745 746 65741 65761 65769
1104 5679 5152 6 746 743 49990 49989 65667 65668
1105 5679 5448 5 743 745 65770 65782 65608
1106 5559 5152 6 744 746 65353 7257 7259 65691
1107 5873 5727 7 747 748 10544 70705 85719 85772 85799
1108 5873 5932 7 748 749 85351 2019 2020 17154 10545
1109 6219 5932 5 749 750 85410 16227 16228
1110 6219 5727 6 750 747 85800 17942 17939 85409
1111 6219 5873 5 747 749 85670 18867 18864
1112 5932 5727 5 748 750 17747 17745 10546
1113 36 196 5 751 752 27905 27906 132489
1114 36 11702 7 752 753 34103 58022 58025 132446 132499
1115 57 11702 5 753 754 33445 6054 6056
1116 57 196 6 754 751 132454 1043 1045 129877
1117 57 36 5 751 753 34104 27285 27287
1118 11702 196 6 752 754 131780 154847 131910 131911
1119 951 847 7 755 756 129683 129684 129642 128352 128355
1120 951 903 7 756 757 129594 129596 129944 24239 24238
1121 839 903 7 757 758 129524 129552 130117 129339 129338
1122 839 847 7 758 755 27244 27243 109940 27582 27579
1123 839 951 5 755 757 129595 129219 129218
1124 903 847 3 756 758 129523
1125 279 572 6 759 760 128933 131549 131450 131162
1126 279 306 5 760 761 32027 32026 128932
1127 428 306 7 761 762 130834 123951 123953 130670 130674
1128 428 572 4 762 759 131164 131699
1129 428 279 6 759 761 130677 131672 131665 131163
1130 306 572 7 760 762 131700 131705 131704 130833 128934
1131 3997 3744 8 763 764 15976 80644 80645 80986 80985 83112
1132 3997 3930 7 764 765 71647 10424 10427 71345 15977
1133 3758 3930 4 765 766 82065 71648
1134 3758 3744 4 766 763 80954 80956
1135 3758 3997 6 763 765 15603 15600 80973 80974
1136 3930 3744 4 764 766 82871 15978
1137 9153 9236 5 767 768 157311 157312 151674
1138 9153 9175 7 768 769 7210 7211 46731 157974 158008
1139 9185 9175 4 769 770 5369 46902
1140 9185 9236 5 770 767 151676 158201 5368
1141 9185 9153 6 767 769 46901 2758 2757 151675
1142 9175 9236 5 768 770 5367 157942 157941
1143 7958 7569 6 771 772 96883 77435 14398 14399
1144 7958 7570 6 772 773 2205 96895 96896 96884
1145 7764 7570 4 773 774 47985 2207
1146 7764 7569 5 774 771 48466 48468 47984
1147 7764 7958 5 771 773 2206 50480 96309
1148 7570 7569 4 772 774 47983 96847
1149 4001 4156 6 775 776 78307 78558 78438 78400
1150 4001 4135 6 776 777 78364 77282 73566 73567
1151 4201 4135 7 777 778 64679 78213 77409 77410 78194
1152 4201 4156 6 778 775 78349 78348 78365 64677
1153 4201 4001 5 775 777 63387 11105 11104
1154 4135 4156 4 776 778 64678 77466
1155 3695 3615 8 779 780 80080 83592 82922 82925 16006 16007
1156 3695 3853 4 780 781 82964 80081
1157 3749 3853 10 781 782 83597 83773 74641 74643 83305 83304 83757 82966
1158 3749 3615 4 782 779 80953 81005
1159 3749 3695 5 779 781 82965 14946 14945
1160 3853 3615 7 780 782 83596 83729 15182 15181 80082
1161 2295 2269 6 783 784 28538 28539 14100 14101
1162 2295 2239 5 784 785 119826 119693 119691
1163 2189 2239 4 785 786 119709 119708
1164 2189 2269 5 786 783 119799 119800 119837
1165 2189 2295 4 783 785 119827 120026
1166 2239 2269 5 784 786 119836 119549 119548
1167 5044 4982 5 787 788 12648 68566 68389
1168 5044 5141 4 788 789 68231 12649
1169 5092 5141 6 789 790 65476 65624 65623 68233
1170 5092 4982 4 790 787 68391 65475
1171 5092 5044 5 787 789 68232 68429 68390
1172 5141 4982 7 788 790 65474 68251 68250 68576 12650
1173 4931 5355 5 791 792 13861 13862 74861
1174 4931 4933 6 792 793 75173 84522 10130 10128
1175 4808 5355 4 794 791 74862 14010
1176 4808 4931 5 791 793 72946 72948 74664
1177 4933 5355 5 792 794 14009 13900 13902
1178 8384 8590 7 795 796 45775 45765 45653 45651 44939
1179 8384 8772 5 796 797 45778 45776 45777
1180 8694 8772 5 797 798 45413 45497 45498
1181 8694 8590 4 798 795 44940 45412
1182 8694 8384 5 795 797 45773 9678 9677
1183 8772 8590 6 796 798 38257 38259 45573 45574
1184 4012 3883 4 799 800 84530 74218
1185 4012 3066 5 800 801 83203 20272 20275
1186 3533 3066 6 801 802 23035 23036 84349 83205
1187 3533 3883 5 802 799 74219 4866 4863
1188 3533 4012 6 799 801 83204 84321 2142 2144
1189 3066 3883 5 800 802 2696 2698 25195
1190 8674 8545 5 803 804 38213 6738 6736
1191 8674 8734 4 804 805 5531 46090
1192 8738 8734 7 805 806 34916 34917 32891 32892 5532
1193 8738 8545 3 806 803 46152
1194 8738 8674 7 803 805 5530 45539 45537 46969 46151
1195 8734 8545 7 804 806 46937 45659 45660 46362 46091
1196 10445 10185 6 807 808 142422 142331 41744 41742
1197 10445 10297 5 808 809 155595 155596 142421
1198 10353 10297 8 809 810 153873 3784 3783 33780 33781 155601
1199 10353 10185 7 810 807 153842 153843 44701 7706 7707
1200 10353 10445 4 807 809 154862 154864
1201 10297 10185 5 808 810 153872 144804 142423
1202 3764 3781 10 811 812 81808 82186 10297 10300 61276 61277 79599 81617
1203 3764 3815 4 812 813 61252 80195
1204 3984 3815 10 813 814 78172 81255 80727 80320 80318 80526 80545 61254
1205 3984 3781 5 814 811 80935 80921 78171
1206 3984 3764 5 811 813 61253 79784 81506
1207 3815 3781 6 812 814 15488 15485 82351 81809
1208 969 392 5 815 816 131962 134876 134671
1209 969 560 7 816 817 131636 65749 65747 133958 131963
1210 584 560 4 817 818 28232 28233
1211 584 392 9 818 815 134673 132072 132073 131826 33531 33530 134593
1212 584 969 7 815 817 131637 132250 132252 134276 134672
1213 560 392 5 816 818 49002 49004 131964
1214 2957 3233 8 819 820 138379 30122 30120 142059 142001 24691
1215 2957 3171 7 820 821 142029 59857 59855 58702 58703
1216 3447 3171 6 821 822 27509 58122 58707 142030
1217 3447 3233 5 822 819 24693 2958 2955
1218 3447 2957 4 819 821 142028 24692
1219 3171 3233 6 820 822 27508 58739 58736 59824
1220 8508 7428 6 823 824 43177 40990 40991 6052
1221 8508 7498 3 824 825 41905
1222 8850 8508 11 823 825 34854 34853 44871 44877 154062 154061 155244 4299 4301
1223 8837 8793 7 826 827 19350 46856 46854 47454 47529
1224 8837 8933 4 827 828 8033 8036
1225 8804 8933 11 828 829 37738 37736 31545 31543 47140 37733 37734 104070 47168
1226 8804 8793 6 829 826 47528 47468 47020 47019
1227 8804 8837 5 826 828 47167 2593 2594
1228 8933 8793 5 827 829 47034 47203 19351
1229 424 593 5 830 831 26730 26728 126172
1230 424 644 5 831 832 126156 24298 24297
1231 621 644 9 832 833 125962 125960 114810 114812 126130 126129 126157
1232 621 593 4 833 830 126174 126240
1233 621 424 4 830 832 126155 126173
1234 644 593 7 831 833 125525 26814 26816 125990 30459
1235 8006 8431 5 834 835 3465 5772 38862
1236 8006 8179 6 835 836 38043 45361 39638 3466
1237 8434 8179 6 836 837 39505 39504 39763 38044
1238 8434 8431 9 837 834 45041 39784 39782 45341 45411 39117 39116
1239 8434 8006 4 834 836 38042 45220
1240 8179 8431 7 835 837 40013 6618 6617 45895 3467
1241 1263 1196 3 838 839 127455
1242 1263 1281 6 839 840 127687 127840 127728 127729
1243 1095 1281 5 840 841 127508 127480 127479
1244 1095 1196 6 841 838 127456 127576 114419 114421
1245 1095 1263 7 838 840 127511 127509 127619 127417 127416
1246 1281 1196 8 839 841 127205 127204 29433 29435 29537 127930
1247 5139 5500 5 842 843 70172 70316 70129
1248 5139 5451 5 843 844 17437 70401 70173
1249 5272 5451 6 844 845 69391 56208 56207 17439
1250 5272 5500 5 845 842 70131 69319 69318
1251 5272 5139 5 842 844 17438 70238 70130
1252 5451 5500 5 843 845 70098 5842 5841
1253 3231 3750 5 846 847 14976 78512 79435
1254 3231 3553 6 847 848 28543 28541 63184 14977
1255 3364 3553 6 848 849 64668 77059 76736 63861
1256 3364 3750 5 849 846 79436 25790 25789
1257 3364 3231 6 846 848 62510 62509 78518 78516
1258 3553 3750 8 847 849 64667 64636 63756 63755 63989 14978
1259 3181 3290 4 850 851 106621 76938
1260 3181 3594 8 851 852 78719 78710 25555 25556 48528 121939
1261 3490 3594 6 852 853 77062 25788 25787 76970
1262 3490 3290 8 853 850 76940 121954 120389 65753 65752 77121
1263 3490 3181 4 850 852 78739 76939
1264 3594 3290 5 851 853 14788 14789 121940
1265 6974 6604 3 854 855 52647
1266 6974 6711 6 855 856 53889 53935 53869 52648
1267 6621 6711 4 856 857 53818 53890
1268 6621 6604 7 857 854 43936 43935 52401 53638 53817
1269 6621 6974 6 854 856 53888 53917 53919 53660
1270 6711 6604 8 855 857 51167 40897 8907 8906 38968 41039
1271 6808 6924 7 858 859 49696 44421 7596 7594 46304
1272 6808 7345 5 859 860 43336 43335 49633
1273 7150 7345 8 860 861 33873 33872 43077 49348 49368 49370
1274 7150 6924 4 861 858 43044 42722
1275 7150 6808 4 858 860 49458 46305
1276 7345 6924 8 859 861 42721 43086 43298 6106 6105 49694
1277 8863 8757 9 862 863 47015 46741 46740 47155 37767 33001 33004
1278 8863 8885 6 863 864 44795 46982 46983 47012
1279 8891 8885 8 864 865 44488 44491 43186 43187 46038 44796
1280 8891 8757 4 865 862 45528 45527
1281 8891 8863 4 862 864 44794 46749
1282 8885 8757 4 863 865 33105 33107
1283 10931 10884 7 866 867 20781 20779 103042 111952 111951
1284 10931 11043 6 867 868 23719 23717 100107 30962
1285 10744 11043 6 868 869 111908 109510 109512 111419
1286 10744 10884 6 869 866 112156 112406 111939 111938
1287 10744 10931 4 866 868 104552 104549
1288 11043 10884 5 867 869 111917 111800 30963
1289 546 878 7 870 871 105978 105976 121305 28339 28340
1290 546 627 5 871 872 123387 123386 123976
1291 460 627 7 872 873 120946 120947 26298 26295 123828
1292 460 878 4 873 870 121497 123880
1293 460 546 9 870 872 109316 106807 1448 1449 121091 123165 121496
1294 627 878 5 871 873 123899 123892 123893
1295 5889 5674 5 874 875 16237 16238 91289
1296 5889 5951 7 875 876 88135 92518 92436 92004 88380
1297 5739 5951 6 876 877 88329 88363 88349 88137
1298 5739 5674 6 877 874 1976 1978 88289 88288
1299 5739 5889 4 874 876 88136 92449
1300 5951 5674 4 875 877 12936 12938
1301 7701 7217 4 878 879 39924 39925
1302 7701 7359 5 879 880 40716 40717 44010
1303 7253 7359 5 880 881 52034 53024 52650
1304 7253 7217 5 881 878 40547 53567 52033
1305 7253 7701 6 878 880 52649 53001 53576 40546
1306 7359 7217 5 879 881 45862 45163 44283
1307 6603 6153 7 882 883 87798 87532 1747 1748 15212
1308 6603 6181 4 883 884 87648 87797
1309 6431 6181 7 884 885 86221 86264 85688 85691 87649
1310 6431 6153 3 885 882 18351
1311 6431 6603 4 882 884 87642 18350
1312 6181 6153 8 883 885 86095 85960 85720 85350 85352 87799
1313 5466 5590 6 886 887 69347 69348 17423 13121
1314 5466 5526 5 887 888 15911 70995 87497
1315 5519 5526 5 888 889 87369 17177 15912
1316 5519 5590 4 889 886 13123 70822
1317 5519 5466 5 886 888 15910 69936 13122
1318 5526 5590 6 887 889 16936 16937 87564 87498
1319 7619 7536 8 890 891 5318 35864 36307 35932 35933 36437
1320 7619 7743 5 891 892 9224 9226 5319
1321 7700 7743 5 892 893 1370 4492 4490
1322 7700 7536 8 893 890 36397 36367 36366 36377 5174 1368
1323 7700 7619 4 890 892 35857 35858
1324 7743 7536 4 891 893 1369 5320
1325 8121 8782 10 894 895 32114 33498 49150 48991 48899 48897 132234 27455
1326 8121 8595 8 895 896 48889 48906 48904 3430 3431 32113
1327 11931 8595 7 896 897 48679 49226 48800 48801 48806
1328 11931 8782 4 897 894 27457 48678
1329 11931 8121 3 894 896 27456
1330 8595 8782 4 895 897 48677 32115
1331 581 453 3 898 899 102253
1332 581 730 5 899 900 25924 25925 102254
1333 281 730 5 900 901 108702 112747 112748
1334 281 453 5 901 898 102145 102144 108701
1335 281 581 6 898 900 112970 112934 23955 23954
1336 730 453 5 899 901 108700 112567 102255
1337 8006 8003 7 902 903 53551 37753 37754 6600 5017
1338 8006 7918 6 903 904 8829 39636 45363 53536
1339 7998 7918 5 904 905 45407 45261 8830
1340 7998 8003 6 905 902 5018 37755 45403 45402
1341 7998 8006 6 902 904 8828 3466 3465 5016
1342 7918 8003 6 903 905 52921 45382 45384 53542
1343 10338 10259 8 906 907 147601 147661 146780 31244 31245 145595
1344 10338 10342 6 907 908 33802 147411 147414 147529
1345 10320 10342 7 908 909 147560 147393 32864 32862 33804
1346 10320 10259 5 909 906 32949 32947 144141
1347 10320 10338 6 906 908 33803 145598 147548 147643
1348 10342 10259 3 907 909 147559
1349 7996 8032 5 910 911 89488 89489 36940
1350 7996 7892 5 911 912 7171 7172 86856
1351 8117 7892 8 912 913 16884 16885 35892 35891 86036 86037
1352 8117 8032 4 913 910 36942 36917
1353 8117 7996 6 910 912 98432 98436 98589 36941
1354 7892 8032 8 911 913 8975 8976 36925 36204 8596 8595
1355 4596 4028 5 914 915 71453 71454 83142
1356 4596 4042 8 83263 915 916 83377 13242 13245 70556 -1
1357 4581 4042 3 916 917 83280
1358 4581 4028 7 917 914 83166 85168 20442 20443 83181
1359 4581 4596 8 914 916 19969 19971 75555 85471 16250 16252
1360 4042 4028 6 915 917 83227 81013 81015 83243
1361 5993 6109 5 918 919 43578 43628 54293
1362 5993 5969 8 919 920 54335 54337 54347 54356 8224 8225
1363 5843 5969 6 920 921 51147 54188 54157 54156
1364 5843 6109 8 921 918 43392 43391 54266 43427 43429 51145
1365 5843 5993 4 918 920 54080 54081
1366 5969 6109 5 919 921 51146 54278 43579
1367 2158 2368 4 922 923 137983 137924
1368 2158 2217 5 923 924 137917 137970 137969
1369 2326 2217 5 924 925 64187 135838 135841
1370 2326 2368 6 925 922 137853 133410 63175 63176
1371 2326 2158 6 922 924 29833 29832 136508 136630
1372 2217 2368 6 923 925 64186 136555 138741 137984
1373 8363 8426 5 926 927 45083 45817 45643
1374 8363 8273 5 927 928 36717 44207 44210
1375 8376 8273 6 928 929 19710 45530 45532 36719
1376 8376 8426 7 929 926 45637 45639 45234 45233 19709
1377 8376 8363 3 926 928 36718
1378 8273 8426 5 927 929 7039 7038 45084
1379 3979 3865 6 930 931 61311 60392 12741 12740
1380 3979 4021 7 931 932 63151 61261 11485 11486 61142
1381 3635 4021 4 932 933 14394 63473
1382 3635 3865 5 933 930 61316 61317 14393
1383 3635 3979 5 930 932 63131 63130 61338
1384 4021 3865 5 931 933 2972 2974 15461
1385 3703 3696 7 934 935 62449 60810 60808 60713 60652
1386 3703 3802 5 935 936 61755 58955 58956
1387 4052 3802 5 936 937 59083 59085 61579
1388 4052 3696 3 937 934 60654
1389 4052 3703 7 934 936 62263 62262 62395 61815 60653
1390 3802 3696 7 935 937 62346 62465 58519 58521 59090
1391 9039 8968 5 938 939 157314 157287 39125
1392 9039 9084 10 939 940 37052 5914 5913 35006 35005 157254 157256 157313
1393 8870 9084 4 940 941 35018 35019
1394 8870 8968 5 941 938 39032 39033 39152
1395 8870 9039 5 938 940 5359 5361 36264
1396 9084 8968 7 939 941 39213 38052 38051 157378 157315
1397 8150 7964 7 35777 18490 942 943 19721 19724 -1
1398 8192 8404 8 944 945 35443 35444 36571 37887 37220 35529
1399 8192 7964 7 945 942 18491 36422 36421 36189 35785
1400 8192 8150 6 942 944 35527 4723 4724 16980
1401 8404 7964 3 943 945 27134
1402 7566 7652 7 946 947 16926 16929 4731 4729 35942
1403 7566 7339 4 947 948 86617 86646
1404 7438 7652 4 949 946 35943 86663
1405 7438 7566 6 946 948 35504 35503 35913 35914
1406 7339 7652 4 947 949 86664 86647
1407 6287 6490 5 950 951 12095 12096 50908
1408 6287 6685 5 951 952 8082 8080 77441
1409 6683 6685 6 952 953 90723 90721 96667 90891
1410 6683 6490 4 953 950 91059 91102
1411 6683 6287 5 950 952 8212 8214 73921
1412 6685 6490 5 951 953 50777 50776 72648
1413 9360 9419 5 954 955 1551 1552 104795
1414 9360 9324 6 955 956 3962 3963 104975 104416
1415 9323 9324 5 956 957 97728 97729 98171
1416 9323 9419 7 957 954 103341 98015 37410 37407 98072
1417 9323 9360 4 954 956 104827 104828
1418 9324 9419 8 955 957 104089 47240 47241 19830 19831 104417
1419 4702 5213 7 958 959 17843 17844 44266 65826 50210
1420 4702 5152 4 959 960 50021 50024
1421 5184 5152 8 960 961 7258 7257 65352 65667 65762 50202
1422 5184 5213 4 961 958 50211 65764
1423 5184 4702 4 958 960 50201 50209
1424 5152 5213 6 959 961 65692 65691 65514 65515
1425 5521 5839 4 962 963 51379 67641
1426 5521 5767 4 963 964 67951 51380
1427 5817 5767 5 964 965 54481 67407 67702
1428 5817 5839 8 965 962 67631 54529 54130 53065 11625 11627
1429 5817 5521 6 962 964 68059 67720 67680 67642
1430 5767 5839 5 963 965 54014 54013 51381
1431 6582 6626 7 966 967 43105 43246 8814 8813 42862
1432 6582 7126 6 967 968 43297 10029 10027 42813
1433 6744 7126 8 968 969 42386 42682 43166 43169 43217 43309
1434 6744 6626 6 969 966 12338 12335 34022 34023
1435 6744 6582 4 966 968 43307 42863
1436 7126 6626 5 967 969 42385 44338 43106
1437 4855 4686 5 970 971 6281 66755 58319
1438 4855 4363 4 971 972 43063 6282
1439 4433 4363 9 972 973 66857 66858 42745 6235 6236 66920 43064
1440 4433 4686 4 973 970 58125 58123
1441 4433 4855 5 970 972 43062 66759 58320
1442 4363 4686 7 971 973 28833 28835 66865 66896 6283
1443 6283 5868 7 974 975 41490 40516 40515 41470 6544
1444 6283 6554 5 975 976 57008 41480 41481
1445 6053 6554 4 976 977 54643 57006
1446 6053 6283 3 974 976 6545
1447 6554 5868 6 975 977 54642 56568 56473 41491
1448 9014 8978 6 978 979 36280 36281 157222 157503
1449 9014 8776 6 979 980 34191 2315 2313 39157
1450 9035 8776 6 980 981 6248 6249 38684 38714
1451 9035 8978 7 38333 981 978 157508 21277 21276 -1
1452 9035 9014 6 978 980 37981 3183 3184 147921
1453 8776 8978 6 979 981 38334 39138 39236 39158
1454 8359 8424 4 982 983 39266 35958
1455 8359 8511 5 983 984 2105 3931 39201
1456 8410 8511 4 984 985 37108 2107
1457 8410 8424 6 985 982 35960 36263 38722 37106
1458 8410 8359 4 982 984 2106 35959
1459 8511 8424 5 983 985 37107 39172 39171
1460 8038 7790 4 986 987 36851 36849
1461 8038 8062 10 987 988 6857 44987 45804 44361 43559 43560 44370 38420
1462 8052 8062 3 988 989 4186
1463 8052 7790 7 989 986 45103 6904 6903 44051 4185
1464 8052 8038 7 986 988 3807 3808 45209 45212 45211
1465 8062 7790 7 987 989 4184 6612 44471 32916 32914
1466 4142 4181 4 990 991 76332 76331
1467 4142 4427 4 991 992 75343 78997
1468 4415 4427 6 992 993 75103 77796 77902 75345
1469 4415 4181 6 993 990 79019 75276 75275 75101
1470 4415 4142 8 990 992 75344 74941 2481 2480 77910 79018
1471 4427 4181 4 991 993 75102 78992
1472 4569 3965 10 994 995 9717 41535 57911 58878 58879 10611 10612 10947
1473 4569 4801 7 995 996 41545 41126 41124 57886 9718
1474 4624 4801 9 996 997 10023 57904 57746 54596 41385 41384 57870
1475 4624 3965 4 997 994 58068 10022
1476 4624 4569 5 994 996 12485 12483 58165
1477 4801 3965 3 995 997 9719
1478 7174 7379 7 998 999 38934 9645 9646 39048 4078
1479 7174 6983 4 999 1000 15914 56938
1480 7392 6983 4 1000 1001 40405 15915
1481 7392 7379 7 1001 998 4079 35930 35931 40316 40318
1482 7392 7174 4 998 1000 15913 4077
1483 6983 7379 4 999 1001 40404 40820
1484 6827 6675 10 1002 1003 74493 22642 20686 20687 94363 100914 84786 84783
1485 6827 7061 3 1003 1004 74494
1486 6829 7061 6 1004 1005 77856 77858 74666 74668
1487 6829 6675 4 1005 1002 84784 91982
1488 6829 6827 5 1002 1004 93258 23865 23867
1489 7061 6675 7 1003 1005 22658 22659 74392 74391 74495
1490 8953 8907 7 1006 1007 153966 4621 4620 44879 46030
1491 8953 9002 4 1007 1008 49172 153938
1492 8686 9002 5 1008 1009 44042 154199 49173
1493 8686 8907 5 1009 1006 46029 42004 42003
1494 8686 8953 4 1006 1008 28346 28347
1495 9002 8907 8 1007 1009 33908 33907 153856 40012 40009 153963
1496 6224 6383 4 1010 1011 54761 56835
1497 6224 6356 9 1011 1012 56824 56770 9617 9615 56371 1391 1394
1498 6128 6356 3 1012 1013 56741
1499 6128 6383 6 1013 1010 5791 5792 54916 54915
1500 6128 6224 8 1010 1012 56823 56781 56693 55039 55038 56751
1501 6356 6383 4 1011 1013 56463 54762
1502 7973 7746 8 1014 1015 52990 35600 35599 52982 52757 52755
1503 7973 8039 8 1015 1016 39780 45691 38952 38950 45173 45175
1504 8072 8039 9 1016 1017 36343 36344 45550 45549 45766 38228 38227
1505 8072 7746 3 1017 1014 53169
1506 8072 7973 6 1014 1016 39781 53151 53150 53318
1507 8039 7746 5 1015 1017 52290 52291 53311
1508 7479 7601 8 1018 1019 43927 44285 43573 43572 44844 34857
1509 7479 7155 3 1019 1020 43928
1510 6851 7155 6 1020 1021 43825 43824 42523 42520
1511 6851 7601 5 1021 1018 34859 44006 43986
1512 6851 7479 7 1018 1020 41783 41784 42162 42246 34858
1513 7155 7601 9 1019 1021 43985 42205 42204 43552 43999 44904 43929
1514 4469 4272 5 1022 1023 64262 66492 12586
1515 4469 4326 5 1023 1024 64890 64891 64261
1516 4232 4326 7 1024 1025 65041 65042 65114 54384 54383
1517 4232 4272 8 1025 1022 6050 6049 65095 65113 65098 65096
1518 4232 4469 5 1022 1024 68334 65077 12587
1519 4326 4272 4 1023 1025 65097 64263
1520 8248 8006 8 1026 1027 38862 45220 45221 53549 37751 37754
1521 8248 8212 3 1027 1028 38863
1522 8170 8212 6 1028 1029 6601 38229 45566 40410
1523 8170 8006 3 1029 1026 6600
1524 8170 8248 8 1026 1028 40409 38448 38447 45139 39421 39423
1525 8212 8006 5 1027 1029 5017 5016 5772
1526 7931 8166 5 1030 1031 36543 6927 6925
1527 7931 7885 5 1031 1032 36052 36609 36544
1528 7805 7885 5 1032 1033 35522 35524 35902
1529 7805 8166 5 1033 1030 36131 35297 35296
1530 7805 7931 8 1030 1032 35765 3853 3855 36541 36829 36130
1531 7885 8166 4 1031 1033 5443 5445
1532 5147 5173 6 1034 1035 68648 69113 69510 68654
1533 5147 5537 6 1035 1036 17953 72154 69045 68649
1534 5048 5537 3 1036 1037 17954
1535 5048 5173 5 1037 1034 63583 63582 69147
1536 5048 5147 9 1034 1036 17952 72385 72386 12814 12813 68976 68655
1537 5537 5173 7 1035 1037 69146 69103 69102 69101 68650
1538 9094 9048 7 1038 1039 103364 103414 98698 35317 35315
1539 9094 8941 4 1039 1040 35320 35321
1540 8905 8941 5 1040 1041 37280 37279 98707
1541 8905 9048 5 1041 1038 36602 35216 35215
1542 8905 9094 5 1038 1040 35348 35350 36601
1543 8941 9048 4 1039 1041 88765 98265
1544 769 196 5 1042 1043 132051 132050 34143
1545 769 57 5 1043 1044 64916 10939 10940
1546 11 57 8 1044 1045 33898 33896 33897 34291 132604 64918
1547 11 196 4 1045 1042 34145 34219
1548 11 769 5 1042 1044 64917 131239 34144
1549 7840 7874 4 1046 1047 37476 37477
1550 7840 7956 6 1047 1048 45752 45750 52844 52800
1551 8104 7956 5 1048 1049 45797 46781 46800
1552 8104 7874 5 1049 1046 45918 7333 7335
1553 8104 7840 5 1046 1048 51371 51370 52793
1554 7956 7874 5 1047 1049 45796 46801 46803
1555 6763 7165 4 1050 1051 92927 88123
1556 6763 6938 5 1051 1052 90698 90696 92928
1557 6906 6938 6 1052 1053 86176 86175 87769 87770
1558 6906 7165 6 1053 1050 88125 92923 92922 87900
1559 6906 6763 7 1050 1052 90699 88593 88592 89665 88124
1560 6938 7165 5 1051 1053 87901 18543 18540
1561 7657 7297 4 1054 1055 35975 35854
1562 7657 7405 7 1055 1056 2070 2071 35745 35748 36376
1563 7280 7405 8 1056 1057 55325 55338 35846 35847 35432 16939
1564 7280 7297 7 54866 54863 55324 1057 1054 35855 -1
1565 7280 7657 4 1054 1056 16938 34619
1566 7405 7297 6 1055 1057 53800 53391 53390 36379
1567 5248 5511 4 1058 1059 43379 12795
1568 5248 5469 6 1059 1060 54256 67338 51067 51065
1569 5399 5469 6 1060 1061 54569 68137 68175 54257
1570 5399 5511 6 1061 1058 12796 43474 51833 54568
1571 5399 5248 7 1058 1060 54255 68142 51052 51053 12794
1572 5469 5511 6 1059 1061 51323 51325 67931 65170
1573 5078 5186 8 1062 1063 68967 68966 65702 65705 68963 65518
1574 5078 4650 5 1063 1064 7601 7600 72816
1575 5045 4650 7 1064 1065 68842 68425 68423 14306 14307
1576 5045 5186 9 1065 1062 6782 6783 68662 2194 2196 68381 69011
1577 5045 5078 3 1062 1064 17872
1578 4650 5186 5 1063 1065 69020 77596 72999
1579 67 11618 5 1066 1067 100971 101182 101183
1580 67 11004 4 1067 1068 2404 100972
1581 11355 11004 8 1068 1069 20437 22377 101052 101051 113337 2406
1582 11355 11618 4 1069 1066 101424 20435
1583 11355 67 7 1066 1068 2405 84517 101806 113226 101423
1584 11004 11618 6 1067 1069 20436 101948 101953 100973
1585 5720 6048 5 1070 1071 54644 54855 54856
1586 5720 6064 5 1071 1072 8286 40935 40937
1587 5652 6064 4 1072 1073 54697 8287
1588 5652 6048 4 1073 1070 53761 53759
1589 5652 5720 7 1070 1072 8285 55398 56713 10014 10016
1590 6064 6048 5 1071 1073 54696 10785 10787
1591 11919 4791 5 1074 1075 65922 64730 64642
1592 11919 4702 7 1075 1076 64800 64801 65535 19169 19170
1593 4411 4702 3 1076 1077 50066
1594 4411 4791 5 1077 1074 64643 50207 50065
1595 4411 11919 8 1074 1076 65430 65835 65766 64655 12750 12752
1596 4702 4791 7 1075 1077 50022 50021 50201 65814 65937
1597 6240 5925 5 1078 1079 17807 17808 87270
1598 6240 6213 6 1079 1080 16993 56405 55452 53836
1599 5895 6213 5 1080 1081 1151 51713 16994
1600 5895 5925 6 1081 1078 56128 56129 55921 1149
1601 5895 6240 4 1078 1080 16992 87271
1602 6213 5925 4 1079 1081 1150 53837
1603 4963 5110 6 1082 1083 9630 67831 67832 67838
1604 4963 5154 6 1083 1084 11473 11474 67786 9629
1605 5113 5154 5 1084 1085 12299 12300 61600
1606 5113 5110 4 1085 1082 57214 57125
1607 5113 4963 6 1082 1084 64207 64206 67851 67837
1608 5154 5110 4 1083 1085 57126 9631
1609 10084 10131 5 1086 1087 95370 22516 22519
1610 10084 10272 4 1087 1088 105803 106397
1611 9989 10272 4 1088 1089 107324 105804
1612 9989 10131 5 1089 1086 107674 14506 14508
1613 9989 10084 5 1086 1088 94592 94591 107183
1614 10272 10131 7 1087 1089 75908 75905 107817 22496 22498
1615 8292 8316 3 1090 1091 35490
1616 8292 8134 9 1091 1092 38992 38994 5419 5420 36186 36262 35491
1617 8123 8134 3 1092 1093 4251
1618 8123 8316 8 1093 1090 38373 38370 38311 38312 35921 4250
1619 8123 8292 6 1090 1092 36192 36190 39380 38997
1620 8134 8316 6 1091 1093 2383 2382 38176 35492
1621 8310 8448 6 1094 1095 45624 45625 45756 45757
1622 8310 8590 6 1095 1096 6792 6793 45651 45654
1623 8298 8590 8 1096 1097 45525 45526 45583 45569 45568 8735
1624 8298 8448 6 1097 1094 45699 36645 36646 45605
1625 8298 8310 4 1094 1096 6203 6202
1626 8590 8448 7 1095 1097 45572 33019 33018 6294 6291
1627 9164 9295 6 1098 1099 35182 35183 103416 157520
1628 9164 9245 3 1099 1100 103311
1629 9048 9245 7 1100 1101 35317 35318 35216 35217 103424
1630 9048 9295 3 1101 1098 98698
1631 9048 9164 6 1098 1100 103421 103419 103415 103414
1632 9245 9295 7 1099 1101 98699 98722 103224 32924 32923
1633 7440 7537 5 1102 1103 19881 35521 4340
1634 7440 7208 4 1103 1104 1427 5019
1635 7448 7208 8 1104 1105 4564 4565 35850 9321 9320 1429
1636 7448 7537 7 1105 1102 4342 35768 35559 35557 9712
1637 7448 7440 4 1102 1104 1428 4341
1638 7208 7537 3 1103 1105 9711
1639 2911 2701 9 1106 1107 115596 115594 116034 116081 119070 119072 119099
1640 2911 2536 3 1107 1108 116022
1641 2657 2536 8 1108 1109 119088 24262 21751 21753 115681 115963
1642 2657 2701 3 1109 1106 119087
1643 2657 2911 9 1106 1108 82161 82163 116020 117526 139463 119098 119096
1644 2536 2701 7 1107 1109 79949 79948 116080 115761 115763
1645 2275 2379 3 1111 1112 64178
1646 2275 2551 8 1112 1110 11174 135385 120756 63209 63210 133936
1647 2275 2066 8 1110 1111 64176 135375 135374 64479 64468 11173
1648 6240 6497 5 1113 1114 16733 87062 87240
1649 6240 6220 5 1114 1115 55451 55452 16732
1650 6042 6220 6 1115 1116 2104 87051 56345 56276
1651 6042 6497 3 1116 1113 2103
1652 6042 6240 9 1113 1115 17806 17808 87321 69275 69274 72082 87239
1653 6220 6497 5 1114 1116 2102 9414 16734
1654 7829 7888 6 1117 1118 45621 45623 46673 37016
1655 7829 8104 7 1118 1119 52376 8544 8545 52793 45918
1656 8163 8104 7 1119 1120 35724 7005 7004 7316 7317
1657 8163 7888 8 1120 1117 37018 52685 36419 36418 39704 35723
1658 8163 7829 3 1117 1119 37017
1659 8104 7888 5 1118 1120 35722 7336 7333
1660 7753 7811 8 1121 1122 40630 40626 40627 37661 37659 2359
1661 7753 7839 6 1122 1123 36411 39775 39773 40631
1662 7741 7839 6 1123 1124 30732 31894 39374 36412
1663 7741 7811 6 1124 1121 2360 39758 39067 30730
1664 7741 7753 7 1121 1123 8938 8935 40540 40424 2358
1665 7839 7811 4 1122 1124 30731 36240
1666 6892 6902 5 1125 1126 50454 3939 2344
1667 6892 7210 5 1126 1127 8640 8679 50455
1668 7309 7210 4 1127 1128 50478 8642
1669 7309 6902 6 1128 1125 2345 47687 19161 19163
1670 7309 6892 6 1125 1127 8641 52792 52722 2343
1671 7210 6902 6 1126 1128 50477 8368 8366 50456
1672 9071 8886 3 1129 1130 39633
1673 9071 8974 8 1130 1131 32945 39454 156695 32932 32935 38801
1674 9091 8974 4 1131 1132 38743 32946
1675 9091 8886 7 1132 1129 5404 5403 157115 155855 38742
1676 9091 9071 7 1129 1131 32944 156575 41667 39610 39609
1677 8974 8886 8 1130 1132 38741 39643 39240 39239 40260 40183
1678 8862 8971 3 1133 1134 93775
1679 8862 8735 7 1134 1135 97235 97236 98092 16758 16761
1680 9023 8735 3 1135 1136 97975
1681 9023 8971 9 1136 1133 97770 103991 47917 47916 97978 94055 94057
1682 9023 8862 6 1133 1135 93694 93693 103704 97769
1683 8735 8971 8 1134 1136 97951 97950 93890 20994 20993 31561
1684 10033 10034 6 1137 1138 103588 103591 104789 106964
1685 10033 9872 6 1138 1139 103948 97448 95056 95057
1686 10102 9872 4 1139 1140 104397 104535
1687 10102 10034 7 1140 1137 106704 106706 110647 104710 104395
1688 10102 10033 7 1137 1139 104242 104241 110128 104607 104606
1689 9872 10034 7 1138 1140 104396 104490 3913 3912 104814
1690 7417 7250 4 1141 1142 37211 37212
1691 7417 7690 7 1142 1143 86438 86382 13722 13723 86720
1692 7339 7690 5 1143 1144 52491 86664 86439
1693 7339 7250 6 1144 1141 86434 86659 86561 52490
1694 7339 7417 5 1141 1143 86437 86931 86433
1695 7690 7250 7 1142 1144 9658 9659 35619 35618 86606
1696 6941 6786 8 1145 1146 53883 53884 53990 43228 43226 43956
1697 6941 6711 7 1146 1147 44000 54037 39698 39701 53935
1698 6376 6711 7 1147 1148 53818 51167 10277 10279 44001
1699 6376 6786 7 1148 1145 43958 54451 51791 51789 53882
1700 6376 6941 3 1145 1147 43957
1701 6711 6786 4 1146 1148 53890 53889
1702 5925 5899 6 1149 1150 52501 17313 17312 17445
1703 5895 5899 5 1151 1149 55249 55248 51712
1704 6213 5899 7 1150 1151 12196 12195 55635 55633 56315
1705 10069 9643 3 1152 1153 98805
1706 10069 9793 6 1153 1154 3960 3959 102878 102881
1707 9675 9793 5 1154 1155 100038 100037 102400
1708 9675 9643 7 1155 1152 98807 102918 102675 102626 102624
1709 9675 10069 6 1152 1154 102877 102876 103000 98806
1710 9793 9643 6 110655 102963 1153 1155 103124 -1
1711 5866 6582 4 1156 1157 11624 11623
1712 5866 5938 7 1157 1158 11326 42997 61725 42855 42856
1713 6458 5938 4 1158 1159 6272 11327
1714 6458 6582 8 1159 1156 42996 43675 43533 42862 42863 6271
1715 6458 5866 8 1156 1158 11325 42723 67297 66258 43488 42995
1716 5938 6582 4 1157 1159 6270 43319
1717 6113 5969 6 1160 1161 43530 42825 9091 9092
1718 6113 6379 4 1161 1162 43420 43421
1719 5970 6379 6 1162 1163 54200 54252 43897 43538
1720 5970 5969 4 1163 1160 11433 54188
1721 5970 6113 5 1160 1162 9070 9069 11432
1722 6379 5969 5 1161 1163 51147 51146 43584
1723 3348 3097 5 1164 1165 79932 80103 80077
1724 3348 3413 5 1165 1166 15720 62811 62809
1725 3403 3413 7 1166 1167 80023 80017 80019 24279 15722
1726 3403 3097 4 1167 1164 75312 75311
1727 3403 3348 7 1164 1166 15721 75833 80075 15657 15658
1728 3413 3097 6 1165 1167 80028 78421 78420 79933
1729 8287 7953 7 1168 1169 42100 45329 45331 36735 9201
1730 8287 8202 3 1169 1170 42101
1731 8295 8202 7 1170 1171 33412 33458 30446 30447 43248
1732 8295 7953 3 1171 1168 9203
1733 8295 8287 6 1168 1170 43247 43259 46027 9202
1734 8202 7953 7 1169 1171 33411 45155 45124 45123 42102
1735 8346 8125 6 1172 1173 47541 47595 47337 47335
1736 8346 8370 8 1173 1174 46678 19735 19737 47530 47606 47540
1737 8318 8370 3 1174 1175 46680
1738 8318 8125 8 1175 1172 47491 46613 46615 9367 9369 47538
1739 8318 8346 5 1172 1174 46679 47451 47452
1740 8370 8125 4 1173 1175 47326 47324
1741 7768 7821 7 1176 1177 93909 93908 95117 76374 76375
1742 7768 7401 6 1177 1178 93461 95299 95190 94744
1743 7413 7401 6 1178 1179 92324 92327 94758 93463
1744 7413 7821 5 1179 1176 93058 75696 75695
1745 7413 7768 4 1176 1178 93462 94950
1746 7401 7821 4 1177 1179 92323 94745
1747 6892 7030 7 1180 1181 9264 1503 1504 50454 50455
1748 6892 7098 3 1181 1182 7229
1749 7302 7098 6 1182 1183 46525 46528 49300 7230
1750 7302 7030 3 1183 1180 47834
1751 7302 6892 5 1180 1182 7228 8678 8679
1752 7098 7030 10 1181 1183 47835 50620 50622 7184 7183 50775 50615 50556
1753 3924 3844 4 1184 1185 70399 16222
1754 3924 3939 8 1185 1186 81187 16221 16219 16172 16171 16499
1755 3961 3939 3 1186 1187 81188
1756 3961 3844 5 1187 1184 16224 83087 81319
1757 3961 3924 7 1184 1186 81186 83271 81866 59951 16223
1758 3939 3844 6 1185 1187 81320 83094 83096 70400
1759 6076 6172 10 1188 1189 54391 51566 51564 54476 54458 54459 54521 54494
1760 6076 6274 4 1189 1190 54462 54390
1761 6007 6274 6 1190 1191 54428 53921 53920 54433
1762 6007 6172 3 1191 1188 54429
1763 6007 6076 5 1188 1190 54472 54491 54493
1764 6274 6172 7 1189 1191 54425 43643 43644 54393 54392
1765 254 466 6 1192 1193 112127 27427 27425 111139
1766 254 512 3 1193 1194 112128
1767 473 512 8 1194 1195 29439 124637 122768 122767 124490 124633
1768 473 466 4 1195 1192 111140 29437
1769 473 254 10 1192 1194 128560 128574 128570 111378 111377 128684 128685 111138
1770 512 466 6 1193 1195 29438 27257 27256 112129
1771 3311 3602 3 1196 1197 10700
1772 3311 3546 7 1197 1198 62824 62825 66518 66228 62856
1773 3382 3546 5 1198 1199 12168 62670 62669
1774 3382 3602 6 1199 1196 10701 28885 58425 12167
1775 3382 3311 6 1196 1198 62517 62516 62698 10699
1776 3546 3602 7 1197 1199 12166 61213 43536 43537 62857
1777 2834 2989 6 1200 1201 59674 140131 140133 60421
1778 2834 2858 5 1201 1202 140290 140212 59675
1779 2863 2858 5 1202 1203 60626 140292 140291
1780 2863 2989 4 1203 1200 60423 60624
1781 2863 2834 5 1200 1202 139625 139626 60422
1782 2858 2989 5 1201 1203 60625 137041 59676
1783 6542 6453 6 1204 1205 5941 5942 9917 40762
1784 6542 6860 4 1205 1206 41083 41000
1785 6348 6860 6 1206 1207 40915 40917 41085 41504
1786 6348 6453 5 1207 1204 41512 41254 41014
1787 6348 6542 4 1204 1206 40745 40746
1788 6860 6453 6 1205 1207 41013 40635 40637 40954
1789 7159 7181 5 1208 1209 52864 17022 17021
1790 7159 7020 5 1209 1210 9313 9311 52853
1791 7318 7020 4 1210 1211 38209 53893
1792 7318 7181 5 1211 1208 53930 45732 38208
1793 7318 7159 6 1208 1210 52790 52789 53122 53929
1794 7020 7181 4 1209 1211 38207 52653
1795 5923 6190 6 1212 1213 40411 40412 57025 35870
1796 5923 6278 5 1213 1214 54858 56540 40443
1797 6232 6278 6 1214 1215 54914 12991 12992 54859
1798 6232 6190 8 1215 1212 35872 56855 56858 56951 56861 54913
1799 6232 5923 5 1212 1214 54857 56871 35871
1800 6278 6190 4 1213 1215 53648 40444
1801 117 141 4 1216 1217 125784 125782
1802 117 327 4 1217 1218 143669 143289
1803 85 327 3 1218 1219 24559
1804 85 141 10 1219 1216 143663 144012 144013 143646 143607 143608 143618 24557
1805 85 117 10 1216 1218 143670 143675 143689 126383 126382 144016 144080 143662
1806 327 141 6 1217 1219 24558 34482 143712 143290
1807 956 840 7 1220 1221 134796 134471 26478 26477 132277
1808 956 560 6 1221 1222 133959 133958 134690 134692
1809 757 560 4 1222 1223 130892 130893
1810 757 840 7 1223 1220 23129 23128 27700 27702 28297
1811 757 956 5 1220 1222 134812 134880 132278
1812 560 840 5 1221 1223 132147 132154 132155
1813 5438 4318 7 1224 1225 48543 48542 65069 64395 48647
1814 5438 3196 4 1225 1226 43012 43010
1815 6087 3196 6 1226 1227 65075 65694 66096 48908
1816 6087 4318 4 1227 1224 48648 65074
1817 6087 5438 6 1224 1226 48907 49083 11414 11413
1818 3196 4318 6 1225 1227 49760 49759 64135 65453
1819 8517 8985 3 1228 1229 40133
1820 8517 8794 8 1229 1230 40375 34999 34997 40347 40051 40052
1821 8952 8794 3 1230 1231 39170
1822 8952 8985 6 1231 1228 40134 40137 40138 39168
1823 8952 8517 10 1228 1230 40376 40357 40353 40354 39965 30665 2329 2331
1824 8794 8985 8 1229 1231 39169 32934 32933 5912 5911 40028
1825 3383 3415 8 1232 1233 62624 62788 62562 60675 60676 62456
1826 3383 3247 6 1233 1234 28652 29970 29971 58888
1827 3314 3247 8 1234 1235 59631 61766 62177 62482 59194 28654
1828 3314 3415 9 1235 1232 62457 62554 26649 26648 30009 58712 58713
1829 3314 3383 3 1232 1234 28653
1830 3247 3415 3 1233 1235 59630
1831 4351 4589 6 1236 1237 74848 76489 94825 75775
1832 4351 4192 6 1237 1238 76393 25458 25461 74849
1833 4825 4192 4 1238 1239 14161 76494
1834 4825 4589 6 1239 1236 18698 18697 76475 14159
1835 4825 4351 4 1236 1238 75032 75033
1836 4192 4589 5 1237 1239 14160 13979 13981
1837 10944 11207 3 1240 1241 110064
1838 10944 11124 7 1241 1242 110082 31834 31835 148820 148917
1839 11304 11124 4 1242 1243 129150 129149
1840 11304 11207 6 1243 1240 110065 110180 110274 148915
1841 11304 10944 7 1240 1242 110162 110161 149842 148900 110063
1842 11124 11207 7 1241 1243 148910 148911 103826 31227 31228
1843 2537 2487 4 1244 1245 82135 24977
1844 2537 2699 9 1245 1246 79329 118642 118512 114097 114096 14675 14673
1845 2543 2699 8 1246 1247 116211 115287 79333 79331 79145 79146
1846 2543 2487 7 1247 1244 15030 15032 115120 115119 116290
1847 2543 2537 4 1244 1246 79328 24978
1848 2699 2487 5 1245 1247 116288 115915 115916
1849 4570 4300 10 1248 1249 42578 42579 66346 66347 66757 66758 66760 42837
1850 4570 4846 5 1249 1250 58262 58312 66952
1851 5240 4846 8 1250 1251 42159 42158 42528 42568 42570 43249
1852 5240 4300 3 1251 1248 42839
1853 5240 4570 5 1248 1250 6275 6276 42838
1854 4846 4300 5 1249 1251 66878 26577 26576
1855 2192 2957 4 1252 1253 142058 142059
1856 2192 2656 5 1253 1254 115574 115577 142086
1857 2473 2656 9 1254 1255 137402 137403 142080 142082 142140 142141 142069
1858 2473 2957 3 1255 1252 142001
1859 2473 2192 5 1252 1254 59831 59833 142083
1860 2656 2957 6 1253 1255 24691 24692 142037 142041
1861 8777 9030 4 1256 1257 92884 92885
1862 8777 8710 6 1257 1258 21400 99580 99581 99131
1863 8908 8710 4 1258 1259 2394 2393
1864 8908 9030 5 1259 1256 21197 21194 99800
1865 8908 8777 4 1256 1258 21401 99003
1866 8710 9030 4 1257 1259 99251 99132
1867 3261 3144 5 1260 1261 57969 57970 59567
1868 3261 3361 6 1261 1262 59796 59762 59763 59795
1869 3293 3361 7 1262 1263 59394 59395 59341 58942 58940
1870 3293 3144 6 1263 1260 59408 59410 59748 59565
1871 3293 3261 4 1260 1262 59373 59372
1872 3361 3144 3 1261 1263 59566
1873 3307 3462 4 1264 1265 82421 81804
1874 3307 3390 4 1265 1266 81885 82553
1875 3599 3390 4 1266 1267 81848 81886
1876 3599 3462 5 1267 1264 81806 82537 81847
1877 3599 3307 8 1264 1266 15822 15824 15889 81595 81597 81805
1878 3390 3462 8 1265 1267 81827 79416 79413 82557 82590 82558
1879 5479 5316 5 1268 1269 12544 12000 12001
1880 5479 5507 5 1269 1270 57467 41168 41169
1881 5330 5507 9 1270 1271 12464 54799 57165 57589 10076 10075 57468
1882 5330 5316 4 1271 1268 12469 12462
1883 5330 5479 4 1268 1270 41420 12547
1884 5507 5316 3 1269 1271 12463
1885 3253 3150 4 1272 1273 14655 14656
1886 3253 3259 5 1273 1274 56898 28660 28659
1887 3382 3259 8 1274 1275 62699 62516 25042 25043 63079 62944
1888 3382 3150 6 1275 1272 58424 28885 28842 28841
1889 3382 3253 6 1272 1274 62730 28512 28102 28104
1890 3259 3150 5 1273 1275 28497 28499 29646
1891 3581 3536 7 1276 1277 61951 60669 60668 62577 62588
1892 3581 3727 8 1277 1278 62681 63087 62374 61788 61787 61973
1893 3543 3727 6 1278 1279 41805 41775 41776 62668
1894 3543 3536 6 1279 1276 62538 2881 2883 62182
1895 3543 3581 5 1276 1278 62680 62591 62589
1896 3727 3536 4 1277 1279 62398 62458
1897 9400 9149 8 1280 1281 48213 105383 105384 105167 105168 48667
1898 9400 8866 7 1281 1282 151364 32299 32300 48388 48214
1899 8788 8866 8 1282 1283 48765 48397 32741 32744 25364 25365
1900 8788 9149 4 1283 1280 48526 48525
1901 8788 9400 3 1280 1282 48668
1902 8866 9149 3 1281 1283 48215
1903 11929 8655 5 1284 1285 48354 48136 48135
1904 11929 8654 6 1285 1286 48270 50418 48355 48356
1905 9140 8654 4 1286 1287 96722 48272
1906 9140 8655 7 1287 1284 48080 48081 104646 96822 96721
1907 9140 11929 4 1284 1286 48271 48384
1908 8654 8655 8 1285 1287 19037 19036 91005 96726 19383 19380
1909 399 488 7 1288 1289 130576 2232 2233 130571 27613
1910 399 335 7 1289 1290 128378 130484 125806 125804 130578
1911 394 335 6 1290 1291 7725 130472 128718 128379
1912 394 488 7 1291 1288 27615 127766 1472 1471 7723
1913 394 399 5 1288 1290 117438 117437 27614
1914 335 488 5 1289 1291 7724 130513 130512
1915 4136 3936 7 1292 1293 15172 79269 76777 76778 77773
1916 4136 4148 7 1293 1294 75456 75457 78138 79683 15171
1917 4142 4148 12 1294 1295 78047 76266 76267 78488 75245 25586 25585 75121 75120 75234
1918 4142 3936 7 1295 1292 77992 25869 25866 76298 76295
1919 4142 4136 3 1292 1294 77991
1920 4148 3936 3 1293 1295 15173
1921 8205 8513 7 1296 1297 20149 20150 93903 93180 16857
1922 8205 8473 6 1297 1298 94035 99636 99690 99671
1923 8526 8473 6 1298 1299 20071 20074 99005 94036
1924 8526 8513 9 1299 1296 16859 100068 100063 100061 13738 13737 92851
1925 8526 8205 6 1296 1298 94034 99687 92630 16858
1926 8473 8513 5 1297 1299 92850 93095 93096
1927 11330 11561 9 1300 1301 112474 144683 143821 112194 111273 111274 108502
1928 11330 11373 4 1301 1302 111945 111943
1929 11689 11373 8 112085 112086 112066 1302 1303 144471 144667 -1
1930 11689 11561 9 1303 1300 108504 112234 112237 112239 125656 144642 144470
1931 11689 11330 3 1300 1302 108503
1932 11373 11561 4 1301 1303 3725 3726
1933 2587 2287 4 1304 1305 141156 140229
1934 2587 2793 4 1305 1306 138410 138411
1935 2749 2793 5 1306 1307 9735 9736 34414
1936 2749 2287 4 1307 1304 57867 57869
1937 2749 2587 9 1304 1306 141302 141265 30090 30089 141391 60445 60442
1938 2793 2287 7 1305 1307 141297 28628 28625 142044 141157
1939 11880 152 6 1308 1309 5803 31337 142916 142917
1940 11880 124 6 1309 1310 27798 58636 58637 5804
1941 275 124 4 1310 1311 126421 27800
1942 275 152 6 1311 1308 126523 126522 126675 126887
1943 275 11880 7 1308 1310 27799 34571 9962 9964 143435
1944 124 152 4 1309 1311 126886 5805
1945 3289 3324 9 1312 1313 29958 30303 57995 57996 58688 58729 59060
1946 3289 3171 3 1313 1314 29957
1947 3152 3171 6 1314 1315 59823 59824 58703 57237
1948 3152 3324 3 1315 1312 59544
1949 3152 3289 6 1312 1314 57236 59741 59743 59543
1950 3171 3324 9 1313 1315 58738 58739 58121 58122 58661 30301 29959
1951 1541 1167 3 1316 1317 120193
1952 1541 1205 8 1317 1318 2995 78727 120070 121812 120159 120160
1953 1483 1205 3 1318 1319 2997
1954 1483 1167 7 1319 1316 120195 121580 121579 121595 121594
1955 1483 1541 8 1316 1318 2996 121611 120572 120571 121676 120194
1956 1205 1167 8 1317 1319 121585 121584 121540 120922 120921 121586
1957 7782 7519 5 1320 1321 94767 91560 21027
1958 7782 7222 5 1321 1322 19172 76474 84425
1959 7676 7222 4 1322 1323 94214 19173
1960 7676 7519 5 1323 1320 21028 76300 76631
1961 7676 7782 6 1320 1322 19171 8025 8027 18085
1962 7222 7519 6 1321 1323 94769 22626 22628 94539
1963 3850 3830 5 1324 1325 14580 14578 8970
1964 3850 3731 4 1325 1326 10375 61071
1965 3636 3731 6 1326 1327 24532 60234 29135 10376
1966 3636 3830 4 1327 1324 8972 24530
1967 3636 3850 7 1324 1326 10374 10345 10344 28760 8971
1968 3731 3830 5 1325 1327 24531 59065 59067
1969 509 417 6 1328 1329 127133 126871 30448 30449
1970 509 471 6 1329 1330 29173 26785 26783 126637
1971 446 471 3 1330 1331 29175
1972 446 417 5 1331 1328 126594 26604 26606
1973 446 509 7 1328 1330 29174 26148 26145 2611 2613
1974 471 417 8 1329 1331 126459 30526 24596 24595 126498 126585
1975 11514 11474 6 1332 1333 145474 146410 146352 146351
1976 11514 11460 8 1333 1334 149482 146403 131112 131111 131505 145475
1977 11388 11460 6 1334 1335 146963 146332 146331 149483
1978 11388 11474 5 1335 1332 146435 27958 27955
1979 11388 11514 4 1332 1334 149456 146436
1980 11460 11474 5 1333 1335 146964 146102 145476
1981 1649 1470 6 1336 1337 27463 28354 29452 29455
1982 1649 1617 7 1337 1338 129668 132854 132853 134831 27462
1983 1531 1617 6 1338 1339 134279 7844 7843 129670
1984 1531 1470 5 1339 1336 133475 32404 32403
1985 1531 1649 4 1336 1338 129669 133474
1986 1617 1470 4 1337 1339 133916 27464
1987 8377 8086 4 1340 1341 46734 46827
1988 8377 8070 4 1341 1342 35645 35646
1989 8186 8070 4 1342 1343 46569 46696
1990 8186 8086 5 1343 1340 46723 44497 44496
1991 8186 8377 10 1340 1342 46792 37756 37757 46539 35077 35074 46834 46829
1992 8070 8086 7 1341 1343 46401 46400 47310 46516 46518
1993 5573 5780 8 1344 1345 10843 65405 65322 64839 64840 65122
1994 5573 5773 3 1345 1346 10844
1995 5562 5773 5 1346 1347 49813 49814 51074
1996 5562 5780 3 1347 1344 51136
1997 5562 5573 6 1344 1346 65240 43285 43287 62316
1998 5773 5780 6 1345 1347 51135 49855 49743 10845
1999 3962 4180 4 1348 1349 61273 62132
2000 3962 4030 6 1349 1350 62247 62392 62237 61274
2001 4035 4030 4 1350 1351 58126 58127
2002 4035 4180 7 1351 1348 12677 12676 59114 61966 61665
2003 4035 3962 8 1348 1350 62246 62493 62344 62343 62342 62364
2004 4030 4180 4 1349 1351 61467 61275
2005 10261 10172 4 1352 1353 146743 146742
2006 10261 10263 6 1353 1354 33185 33184 156445 152979
2007 9978 10263 4 1354 1355 33159 33157
2008 9978 10172 8 1355 1352 4562 4561 153705 153704 152160 148008
2009 9978 10261 6 1352 1354 153761 153766 147645 147646
2010 10263 10172 6 1353 1355 31419 31418 147491 147492
2011 6780 6652 7 1356 1357 54025 54310 53918 53916 54020
2012 6780 6840 9 1357 1358 54023 54017 4235 4236 46596 43635 43634
2013 6679 6840 5 1358 1359 12343 45036 45034
2014 6679 6652 8 1359 1356 51042 51043 41378 41379 51508 12342
2015 6679 6780 3 1356 1358 54024
2016 6840 6652 5 1357 1359 5775 5774 53984
2017 8335 8046 6 1360 1361 41768 5808 5809 39793
2018 8335 7601 9 1361 1362 44835 44723 42969 42970 44690 44844 41769
2019 7718 7601 7 1362 1363 6953 42775 42777 43552 43553
2020 7718 8046 5 1363 1360 44344 44929 6952
2021 7718 8335 5 1360 1362 44534 44428 44343
2022 7601 8046 6 1361 1363 6951 42210 43573 41770
2023 362 307 3 1364 1365 125501
2024 362 228 7 1365 1366 126368 124395 124393 126412 126413
2025 382 228 5 1366 1367 2870 2871 126337
2026 382 307 9 1367 1364 125503 126367 126430 126487 125532 125534 30775
2027 382 362 7 1364 1366 126369 126397 126549 126496 125502
2028 228 307 5 1365 1367 30774 126599 126497
2029 7536 7657 5 1368 1369 36376 35975 5175
2030 7743 7657 7 1369 1370 35972 35973 36077 35746 35748
2031 7657 7700 4 1368 1370 36270 5176
2032 7342 6961 4 1371 1372 40426 41087
2033 7342 7367 6 1372 1373 9915 9687 9685 40427
2034 7404 7367 3 1373 1374 9916
2035 7404 6961 6 1374 1371 41017 40796 40797 40753
2036 7367 6961 7 1372 1374 40731 40730 7015 7012 40428
2037 3921 3330 6 1375 1376 58340 57644 57426 57427
2038 3921 3624 3 1376 1377 57887
2039 3965 3624 6 1377 1378 58884 58877 58879 57888
2040 3965 3330 6 1378 1375 57758 58933 58932 58934
2041 3965 3921 6 1375 1377 10610 10612 10946 57757
2042 3624 3330 5 1376 1378 10137 10136 10705
2043 11163 11349 7 1379 1380 142909 142910 109628 109626 144780
2044 11163 11326 6 1380 1381 112362 112360 145318 145515
2045 11456 11326 7 1381 1382 126303 140641 144632 31008 31006
2046 11456 11349 7 1382 1379 144782 145121 124068 124070 126301
2047 11456 11163 3 1379 1381 144781
2048 11326 11349 4 1380 1382 126302 145514
2049 4517 4347 8 1383 1384 69765 69773 56553 56551 56437 56438
2050 4517 4190 4 1384 1385 69674 69766
2051 4150 4190 6 1385 1386 11990 11991 61748 61750
2052 4150 4347 4 1386 1383 69699 69502
2053 4150 4517 6 1383 1385 57333 57332 61646 61647
2054 4190 4347 4 1384 1386 69501 69696
2055 5581 5402 6 1387 1388 66594 66595 68079 68077
2056 5581 5690 4 1388 1389 68006 68055
2057 5672 5690 6 1389 1390 51785 12983 12982 54557
2058 5672 5402 6 1390 1387 68078 69883 69374 68080
2059 5672 5581 6 1387 1389 12199 12198 67448 67447
2060 5690 5402 4 1388 1390 67962 67963
2061 6520 6224 4 1391 1392 55289 55291
2062 6520 6502 8 1392 1393 40612 40615 56888 40671 13070 13068
2063 6356 6502 7 1393 1394 54762 56462 56780 56778 56803
2064 6356 6520 4 1391 1393 54792 54794
2065 6502 6224 4 1392 1394 54761 55290
2066 5654 5817 4 1395 1396 67632 54529
2067 5654 5627 7 1396 1397 54261 54264 67421 67601 67600
2068 5857 5627 5 1397 1398 5257 54446 54262
2069 5857 5817 5 1398 1395 54130 54131 5256
2070 5857 5654 6 1395 1397 54260 54270 67689 54530
2071 5627 5817 8 1396 1398 5255 17827 67406 67722 67680 67679
2072 6406 6820 9 1399 1400 49446 49478 49830 49763 44272 44275 44633
2073 6406 6931 6 1400 1401 6777 49971 6141 6139
2074 7316 6931 7 1401 1402 49616 49614 43480 43479 6779
2075 7316 6820 7 1402 1399 44634 10552 10554 43394 43396
2076 7316 6406 3 1399 1401 6778
2077 6931 6820 4 1400 1402 49914 49447
2078 3341 3612 6 1403 1404 8078 8076 64720 64558
2079 3341 3229 5 1404 1405 28786 11022 11025
2080 3471 3229 5 1405 1406 8016 8014 28787
2081 3471 3612 8 1406 1403 64559 64568 64702 13006 13007 11897
2082 3471 3341 4 1403 1405 28785 63827
2083 3229 3612 7 1404 1406 7865 7862 11159 48674 63363
2084 2188 2023 6 1407 1408 33891 33889 62848 133435
2085 2188 2435 10 1408 1409 62972 133584 28851 15015 15016 133448 133441 132076
2086 2373 2435 9 1409 1410 131499 133212 13197 3541 3542 62533 62535
2087 2373 2023 8 1410 1407 133236 133235 133247 133246 133264 131497
2088 2373 2188 3 1407 1409 62971
2089 2435 2023 3 1408 1410 131498
2090 5708 5781 8 1411 1412 10517 49850 49782 49780 68315 43402
2091 5708 5840 5 1412 1413 9053 9054 10518
2092 5746 5840 6 1413 1414 51134 6896 6897 42268
2093 5746 5781 6 1414 1411 43404 51238 42228 42227
2094 5746 5708 4 1411 1413 66435 43403
2095 5840 5781 5 1412 1414 51059 51060 10519
2096 7751 7646 5 1415 1416 46246 52299 52326
2097 7751 7845 6 1416 1417 47152 52058 52014 46245
2098 7801 7845 6 1417 1418 47667 46584 4579 4578
2099 7801 7646 5 1418 1415 47751 47426 47425
2100 7801 7751 4 1415 1417 47153 51828
2101 7845 7646 5 1416 1418 47496 47498 46247
2102 3969 3614 5 1419 1420 64961 64955 63649
2103 3969 3682 7 1420 1421 64061 64062 64949 64957 64962
2104 3806 3682 6 1421 1422 62223 63301 63588 64886
2105 3806 3614 10 1422 1419 63650 12108 12107 61459 61458 62896 62895 62221
2106 3806 3969 6 1419 1421 63930 60512 1540 1539
2107 3682 3614 3 1420 1422 62222
2108 6216 6011 4 1423 1424 5549 41224
2109 6216 5944 7 1424 1425 3711 3712 41107 41105 5550
2110 6408 5944 3 1425 1426 40697
2111 6408 6011 9 1426 1423 41264 41265 51538 51539 54675 41175 40696
2112 6408 6216 5 1423 1425 41415 41416 41355
2113 5944 6011 7 1424 1426 40695 51724 9790 4362 4359
2114 7440 7313 7 1427 1428 35700 55580 53796 35831 5020
2115 7448 7313 4 1428 1429 9694 35637
2116 9485 9654 6 1430 1431 6913 154297 154113 32679
2117 9485 9428 9 1431 1432 33683 154276 7044 7042 5382 5385 6914
2118 9356 9428 5 1432 1433 154244 154255 33684
2119 9356 9654 7 1433 1430 32680 150995 155188 150211 150210
2120 9356 9485 7 1430 1432 33682 152831 154080 32572 32571
2121 9428 9654 3 1431 1433 6915
2122 132 120 6 1434 1435 116178 116179 124088 124086
2123 132 78 6 1435 1436 124055 123317 109276 109274
2124 11844 78 3 1436 1437 124084
2125 11844 120 8 1437 1434 123195 123196 122804 107920 107922 124083
2126 11844 132 7 1434 1436 124090 123275 109719 109718 124085
2127 78 120 6 1435 1437 105798 105800 109366 123239
2128 4753 4975 4 1438 1439 30296 12977
2129 4753 5752 5 1439 1440 58693 41660 30297
2130 4562 5752 6 13692 13693 40368 1440 1441 -1
2131 4562 4975 8 1441 1438 12979 59069 57359 57357 58690 -1
2132 4562 4753 6 1438 1440 41496 10080 10077 12978
2133 5752 4975 8 57607 57608 41503 41502 30298 1439 1441 -1
2134 5676 5725 6 1442 1443 9739 56020 61271 51477
2135 5676 6101 4 1443 1444 89074 9740
2136 5751 6101 6 1444 1445 1922 55681 51816 51815
2137 5751 5725 5 1445 1442 51478 69149 1921
2138 5751 5676 8 1442 1444 89073 89136 13411 13412 13500 13501
2139 6101 5725 8 1443 1445 1920 17396 51951 55487 55678 9741
2140 132 62 7 1446 1447 105724 105722 109717 109718 124002
2141 132 546 5 1447 1448 29366 29364 123954
2142 460 62 3 1449 1446 121090
2143 460 132 7 1446 1448 106806 116177 116179 124089 124001
2144 546 62 4 1447 1449 121089 123384
2145 3817 4037 5 1450 1451 74521 80806 80804
2146 3817 4039 7 1451 1452 83437 83528 10476 10477 74522
2147 4040 4039 7 1452 1453 83556 83525 83072 83071 83425
2148 4040 4037 3 1453 1450 83143
2149 4040 3817 5 1450 1452 83086 80987 80989
2150 4039 4037 6 1451 1453 83558 82774 75562 74523
2151 1930 1628 5 1454 1455 139661 139600 139596
2152 1930 1766 4 1455 1456 139342 139667
2153 1926 1766 4 1456 1457 29585 139302
2154 1926 1628 5 1457 1454 139029 139030 29583
2155 1926 1930 6 1454 1456 139188 139187 139344 139532
2156 1766 1628 6 1455 1457 29584 114655 136541 139679
2157 6251 6390 9 1458 1459 17802 17801 46159 44430 44433 33525 9168
2158 6251 6255 5 1459 1460 51665 51123 49815
2159 6391 6255 7 1460 1461 4606 4605 51082 51083 51666
2160 6391 6390 6 1461 1458 9170 51335 49431 49432
2161 6391 6251 3 1458 1460 9169
2162 6255 6390 6 1459 1461 5776 5777 8298 49816
2163 10361 10034 5 1462 1463 106704 106964 110111
2164 10361 10403 9 1463 1464 110497 110498 104799 104797 110559 110659 106705
2165 10086 10403 3 1464 1465 3625
2166 10086 10034 9 1465 1462 104791 103591 103590 104454 32806 32805 3623
2167 10086 10361 5 1462 1464 32816 32815 110129
2168 10403 10034 7 1463 1465 3624 32457 32456 110657 106706
2169 9125 8857 3 1466 1467 5141
2170 9125 8517 6 1467 1468 2328 2329 30663 34881
2171 7979 8517 6 1468 1469 40867 40290 40153 31033
2172 7979 8857 7 1469 1466 5142 34256 3374 3376 40866
2173 7979 9125 4 1466 1468 31032 5140
2174 8517 8857 4 1467 1469 40865 34882
2175 488 336 4 1470 1471 130104 130105
2176 704 394 4 1472 1473 130006 130481
2177 704 336 6 1473 1470 130430 129724 129721 129720
2178 704 488 4 1470 1472 126560 126562
2179 394 336 6 1471 1473 130005 130480 130472 130182
2180 11309 10877 6 1474 1475 33417 39652 39655 33834
2181 11309 442 5 1475 1476 34637 156101 33418
2182 846 442 8 1476 1477 155924 142206 142207 34094 34093 34638
2183 846 10877 6 1477 1474 33836 155747 142227 142226
2184 846 11309 5 1474 1476 34636 156044 33835
2185 442 10877 4 1475 1477 155925 33419
2186 3823 3711 6 1478 1479 59968 60895 60194 60195
2187 3823 3765 5 1479 1480 9618 9621 28611
2188 4026 3765 5 1480 1481 60171 60012 60010
2189 4026 3711 3 1481 1478 60184
2190 4026 3823 5 1478 1480 60197 13124 13126
2191 3765 3711 8 60200 60201 59969 1479 1481 60183 60182 -1
2192 4663 4399 7 1482 1483 12440 12441 61415 67605 10781
2193 4663 4584 9 1483 1484 67066 67578 60834 60835 67211 9888 9891
2194 4385 4584 7 1484 1485 61634 61635 67858 10366 10369
2195 4385 4399 7 1485 1482 10783 61667 61666 61136 61135
2196 4385 4663 3 1482 1484 10782
2197 4584 4399 3 1483 1485 67090
2198 8891 8966 3 1486 1487 43186
2199 8891 8920 8 1487 1488 45529 45528 46749 46751 46906 43187
2200 8825 8920 4 1488 1489 45830 45828
2201 8825 8966 7 1489 1486 37709 4648 4650 6937 6939
2202 8825 8891 4 1486 1488 44489 44491
2203 8920 8966 6 1487 1489 46080 46078 46926 43188
2204 3837 3811 6 1490 1491 12182 11134 11137 11491
2205 3837 4011 6 1491 1492 60615 60613 63110 60342
2206 3889 4011 5 1492 1493 60387 61011 61010
2207 3889 3811 8 1493 1490 60769 60771 62977 61260 61259 60386
2208 3889 3837 5 1490 1492 11388 11390 61399
2209 4011 3811 8 1491 1493 15686 15688 61116 61993 11293 11294
2210 6993 7150 5 1494 1495 42722 33873 27987
2211 6993 6446 4 1495 1496 43040 43043
2212 6437 6446 8 1496 1497 33596 49609 43317 7047 4527 4526
2213 6437 7150 5 1497 1494 11371 11373 33595
2214 6437 6993 4 1494 1496 7938 7937
2215 6446 7150 5 1495 1497 33594 46305 43044
2216 5031 4957 6 1498 1499 73714 74947 74936 74886
2217 5031 4732 6 1499 1500 2108 2109 72042 72040
2218 4833 4732 8 1500 1501 74810 73717 13518 13520 74091 71543
2219 4833 4957 3 1501 1498 74809
2220 4833 5031 7 1498 1500 71542 74444 74908 74018 74017
2221 4732 4957 6 1499 1501 73672 73674 74475 73715
2222 6892 6552 7 1502 1503 8585 8586 51275 9142 9145
2223 6794 7030 4 1504 1505 49085 49086
2224 6794 6552 5 1505 1502 50704 46560 46559
2225 6794 6892 6 1502 1504 3939 3938 50394 50395
2226 7030 6552 7 1503 1505 49563 51273 46529 8688 8690
2227 1948 1911 6 1506 1507 126236 126235 138102 138821
2228 1948 2133 4 1507 1508 137212 137874
2229 2049 2133 6 1508 1509 28651 138656 136487 136488
2230 2049 1911 4 1509 1506 27514 27516
2231 2049 1948 9 1506 1508 137211 137743 137938 138682 138756 138758 138822
2232 2133 1911 5 1507 1509 28650 137850 137878
2233 5213 5448 5 1510 1511 65803 65804 65514
2234 5213 5335 4 1511 1512 7726 65802
2235 4675 5335 5 1512 1513 48575 54329 7728
2236 4675 5448 4 1513 1510 65516 48573
2237 4675 5213 7 1510 1512 7727 65305 17846 17843 65515
2238 5335 5448 6 1511 1513 48574 64609 49843 49844
2239 7285 7446 6 1514 1515 42201 5165 5166 34015
2240 7285 7179 6 1515 1516 43257 42955 42954 42202
2241 7203 7179 6 1516 1517 34046 6166 6164 43835
2242 7203 7446 9 1517 1514 34016 44112 53577 6764 6763 43706 34045
2243 7203 7285 5 1514 1516 43834 43857 34014
2244 7179 7446 6 1515 1517 5876 5875 44910 42203
2245 5898 5918 6 1518 1519 51885 51886 51928 51870
2246 5898 5574 5 1519 1520 51835 9338 9341
2247 5693 5574 5 1520 1521 51107 51108 51836
2248 5693 5918 5 1521 1518 8497 8499 63594
2249 5574 5918 7 1519 1521 68801 50872 50781 17767 17764
2250 7236 7556 5 1522 1523 95042 95152 90575
2251 7236 7631 6 1523 1524 95736 94393 19480 19478
2252 7658 7631 5 1524 1525 91910 95591 96809
2253 7658 7556 7 1525 1522 90576 95224 94452 94451 91909
2254 7658 7236 4 1522 1524 89344 89346
2255 7631 7556 5 1523 1525 91908 94445 95043
2256 7766 7531 9 1527 1528 33480 53939 53172 53146 45741 43558 43561
2257 7477 7531 8 1528 1529 8916 8913 39790 39789 53182 33482
2258 7477 7953 4 1529 1526 39028 39027
2259 7477 7766 5 1526 1528 33481 39355 44265
2260 7531 7953 5 1527 1529 44947 45158 44843
2261 4255 4082 6 1530 1531 16403 75366 75367 75421
2262 4255 4261 4 1531 1532 75080 16402
2263 4379 4261 7 1532 1533 73485 73484 15511 15512 75081
2264 4379 4082 4 1533 1530 75219 75220
2265 4379 4255 7 1530 1532 75079 75565 75451 75420 75419
2266 4261 4082 7 1531 1533 15336 15335 75400 80084 16404
2267 3368 3132 5 1534 1535 62032 62033 62384
2268 3368 3252 9 1535 1536 58145 62108 58937 58938 63084 3066 3069
2269 3362 3252 4 1536 1537 62574 58147
2270 3362 3132 6 1537 1534 25098 25099 62179 62178
2271 3362 3368 5 1534 1536 58146 58982 62053
2272 3252 3132 6 1535 1537 62514 62513 137241 62569
2273 3969 3842 6 1538 1539 63649 62860 62859 11322
2274 4232 3806 4 1540 1541 61886 60513
2275 4232 3842 7 1541 1538 11324 11858 65113 64017 63593
2276 4232 3969 6 1538 1540 11419 11416 65042 11323
2277 3806 3842 5 1539 1541 24370 24367 63650
2278 5855 5931 7 1542 1543 49787 50560 50980 51187 50612
2279 5855 5653 6 1543 1544 68271 51138 51124 49788
2280 5610 5653 7 1544 1545 11426 11424 65575 65579 68272
2281 5610 5931 5 1545 1542 50614 54344 43468
2282 5610 5855 4 1542 1544 68266 50613
2283 5653 5931 3 1543 1545 43469
2284 3779 4222 7 1546 1547 62313 66078 66079 66368 66327
2285 3779 4227 5 1547 1548 8056 8057 62312
2286 3359 4227 4 1548 1549 66210 66211
2287 3359 4222 4 1549 1546 61969 61971
2288 3359 3779 5 1546 1548 11505 11507 66326
2289 4227 4222 6 1547 1549 66280 66279 66282 62314
2290 9360 9753 6 1550 1551 104416 47934 47936 105021
2291 9554 9753 4 1553 1550 104635 104634
2292 9554 9360 6 1550 1552 104794 22052 22051 105023
2293 9419 9753 4 1551 1553 104615 104417
2294 574 11123 5 1554 1555 91694 91695 106840
2295 574 10675 6 1555 1556 122161 121157 106574 106363
2296 11409 10675 4 1556 1557 106268 106267
2297 11409 11123 5 1557 1554 16861 16863 107693
2298 11409 574 5 1554 1556 121865 107731 107189
2299 10675 11123 7 1555 1557 107692 107263 96211 96210 106364
2300 95 248 9 1558 1559 26285 124262 124486 123006 26178 26179 117789
2301 95 11709 4 1559 1560 123588 26284
2302 173 11709 5 1560 1561 111001 110999 123080
2303 173 248 6 1561 1558 117790 109358 109360 124099
2304 173 95 5 1558 1560 123587 23552 23551
2305 11709 248 4 1559 1561 124275 26286
2306 5464 5269 3 1562 1563 70638
2307 5464 5487 9 1563 1564 70874 13809 13810 70808 13374 13372 70748
2308 5242 5487 3 1564 1565 70853
2309 5242 5269 7 1565 1562 70640 70477 16433 16432 18253
2310 5242 5464 6 1562 1564 70873 70685 70684 70639
2311 5487 5269 7 1563 1565 70852 12236 12237 17187 17188
2312 1253 1135 4 1566 1567 134310 121013
2313 1253 1008 4 1567 1568 129377 134311
2314 1042 1008 8 1568 1569 130077 129954 119565 119566 134799 129378
2315 1042 1135 4 1569 1566 121015 134890
2316 1042 1253 8 1566 1568 117326 117325 134326 134325 129294 121014
2317 1008 1135 6 1567 1569 134891 129366 129365 129368
2318 8789 8975 5 1570 1571 19995 37513 37512
2319 8789 9007 7 1571 1572 19992 19993 98198 94052 19996
2320 8988 9007 5 1572 1573 103997 37713 37711
2321 8988 8975 6 1573 1570 7202 7201 103106 103105
2322 8988 8789 4 1570 1572 98195 98353
2323 9007 8975 5 1571 1573 103996 103287 19997
2324 4413 4251 9 1574 1575 81425 81426 81674 81408 80040 80041 68957
2325 4413 4492 7 1575 1576 72526 72525 73121 15495 15493
2326 4403 4492 8 1576 1577 13308 13311 16667 16665 70302 70301
2327 4403 4251 5 1577 1574 68959 78326 15349
2328 4403 4413 4 1574 1576 81471 68958
2329 4492 4251 4 1575 1577 15348 71365
2330 2520 2324 9 1578 1579 63956 63957 120212 25591 25592 76976 76977
2331 2520 2804 4 1579 1580 76727 76726
2332 2477 2804 7 1580 1581 106610 5216 5218 76684 76683
2333 2477 2324 5 1581 1578 120327 121362 122058
2334 2477 2520 6 1578 1580 120344 118338 118336 120326
2335 2804 2324 4 1579 1581 122052 78785
2336 4267 4230 7 1582 1583 12651 12652 80296 81385 80601
2337 4267 4121 5 1583 1584 79669 80652 73718
2338 4124 4121 5 1584 1585 79659 76277 76275
2339 4124 4230 4 1585 1582 78170 78169
2340 4124 4267 7 1582 1584 79668 80690 75084 75085 80602
2341 4121 4230 4 1583 1585 79658 73719
2342 3718 3619 5 1586 1587 15926 15927 15311
2343 3718 3729 4 1587 1588 59491 59492
2344 3761 3729 6 1588 1589 82983 82984 83026 83097
2345 3761 3619 6 1589 1586 15312 83718 83671 83670
2346 3761 3718 5 1586 1588 81849 24005 15310
2347 3729 3619 5 1587 1589 83674 83128 83013
2348 10195 10239 9 1590 1591 101554 92571 92570 102488 102581 102152 102150
2349 10195 10397 6 1591 1592 21117 101665 16359 16360
2350 10613 10397 7 1592 1593 21007 21005 21514 101508 21118
2351 10613 10239 5 1593 1590 21470 21471 102015
2352 10613 10195 5 1590 1592 17569 17571 102148
2353 10397 10239 4 1591 1593 93483 93482
2354 4298 3938 4 1594 1595 65047 12690
2355 4298 3842 5 1595 1596 11856 11324 11322
2356 3839 3842 9 1596 1597 62860 64924 64825 64823 64822 66465 64859
2357 3839 3938 8 1597 1594 12692 64368 11850 11849 11870 62858
2358 3839 4298 5 1594 1596 64045 64047 12691
2359 3842 3938 3 1595 1597 62859
2360 2855 3167 6 1598 1599 139403 82178 82176 115386
2361 2855 3050 6 1599 1600 60116 59876 29701 29702
2362 3170 3050 5 1600 1601 81266 61059 61060
2363 3170 3167 7 1601 1598 82415 82413 82354 82355 81265
2364 3170 2855 6 1598 1600 114864 29849 29851 115453
2365 3050 3167 7 1599 1601 79579 79581 61004 60381 60378
2366 529 709 6 1602 1603 10197 10195 124642 124643
2367 529 857 5 1603 1604 24167 24165 127505
2368 532 857 5 1604 1605 29336 124685 125019
2369 532 709 5 1605 1602 128373 128372 29334
2370 532 529 7 1602 1604 128441 128504 128418 128417 128416
2371 857 709 6 1603 1605 29335 29862 23834 23833
2372 8567 8558 9 1606 1607 94707 94723 1636 1637 105261 95392 95389
2373 8567 7809 3 1607 1608 94708
2374 8246 7809 6 1608 1609 93724 93725 84437 84435
2375 8246 8558 4 1609 1606 95146 95145
2376 8246 8567 8 1606 1608 94796 94818 76319 76321 95058 95390
2377 7809 8558 7 1607 1609 94764 94763 14020 14022 94709
2378 3614 3494 4 1610 1611 63598 64109
2379 3614 3640 5 1611 1612 62895 64139 63599
2380 3788 3640 7 1612 1613 3113 3114 61325 61327 62897
2381 3788 3494 5 1613 1610 64070 64071 64108
2382 3788 3614 4 1610 1612 62896 64110
2383 3640 3494 7 1611 1613 64050 11297 11296 9077 9076
2384 8035 8450 7 1614 1615 4835 4834 8854 38024 44519
2385 8035 8206 5 1615 1616 6509 6510 44655
2386 8046 8206 4 1616 1617 44004 42410
2387 8046 8450 4 1617 1614 42237 42236
2388 8046 8035 7 1614 1616 39918 39920 44286 45156 44520
2389 8206 8450 7 1615 1617 42200 31559 31560 43113 44656
2390 3455 3632 4 1618 1619 61836 15751
2391 3455 3380 9 1619 1620 63507 6020 6021 62073 61366 61367 61837
2392 3531 3380 4 1620 1621 9121 61542
2393 3531 3632 5 1621 1618 15753 10978 9120
2394 3531 3455 8 1618 1620 63505 59062 59061 63504 62953 15752
2395 3380 3632 6 1619 1621 9119 11583 11582 61838
2396 5331 4774 7 1622 1623 72827 72828 8049 8052 76659
2397 5331 4264 4 1623 1624 12858 76855
2398 5187 4264 7 1624 1625 65855 14177 14180 17743 12859
2399 5187 4774 3 1625 1622 65854
2400 5187 5331 8 1622 1624 12857 77400 19437 19439 76966 76965
2401 4264 4774 7 1623 1625 65853 77383 77342 13879 13878
2402 9226 9201 5 1626 1627 98821 99271 98824
2403 9226 9092 8 1627 1628 21663 101363 101364 98818 98819 98822
2404 9130 9092 4 1628 1629 102801 21664
2405 9130 9201 4 1629 1626 98826 102814
2406 9130 9226 5 1626 1628 21662 98802 98825
2407 9092 9201 6 1627 1629 101778 101780 103188 98823
2408 1248 1495 8 1630 1631 123059 123060 124948 125119 125107 125101
2409 1248 1725 5 1631 1632 124928 125110 125111
2410 1390 1725 4 1632 1633 118111 118112
2411 1390 1495 3 1633 1630 118203
2412 1390 1248 7 1630 1632 124854 124853 124958 125116 125102
2413 8172 8859 7 1634 1635 95479 96106 96102 94517 94518
2414 8172 8558 3 1635 1636 95480
2415 8567 8859 5 1637 1634 95462 106187 106188
2416 8567 8172 6 1634 1636 96140 91559 91558 95450
2417 8558 8859 6 1635 1637 107196 107198 6574 6576
2418 7271 7201 6 1638 1639 49968 51276 50611 49570
2419 7271 7374 5 1639 1640 50137 51299 49969
2420 7054 7374 4 1640 1641 46663 49887
2421 7054 7201 6 1641 1638 49571 49505 49506 46662
2422 7054 7271 5 1638 1640 17824 17822 17823
2423 7374 7201 5 1639 1641 6167 6169 42815
2424 1450 1699 5 1642 1643 140835 140732 139670
2425 1450 1557 5 1643 1644 138601 140791 141047
2426 1637 1557 6 1644 1645 140926 140962 140968 138602
2427 1637 1699 8 1645 1642 139671 140995 140994 140999 139465 139464
2428 1637 1450 4 1642 1644 138600 139372
2429 1557 1699 6 1643 1645 139672 139673 141133 141048
2430 6074 6280 7 1646 1647 88822 88823 17126 17128 70790
2431 6074 6102 8 1647 1648 87363 87362 18204 18205 17331 17334
2432 6227 6102 4 1648 1649 72612 72611
2433 6227 6280 4 1649 1646 88773 88782
2434 6227 6074 6 1646 1648 87750 88133 89054 88772
2435 6102 6280 6 1647 1649 88783 88750 88749 88793
2436 6068 6329 6 1650 1651 53886 51792 51567 51565
2437 6068 6192 5 1651 1652 54089 51763 51762
2438 6088 6192 7 1652 1653 54441 54443 49732 49733 54090
2439 6088 6329 4 1653 1650 54432 54431
2440 6088 6068 7 1650 1652 54088 42860 42861 43411 43412
2441 6192 6329 5 1651 1653 54460 51549 51548
2442 6564 6253 7 1654 1655 35761 35759 56044 4555 4558
2443 6564 6365 4 1655 1656 56494 56370
2444 6661 6365 5 1656 1657 54466 54468 56027
2445 6661 6253 5 1657 1654 9800 13096 13095
2446 6661 6564 5 1654 1656 56495 56483 9799
2447 6365 6253 5 1655 1657 56134 55490 55492
2448 5281 5497 4 1658 1659 15375 15376
2449 5281 5229 9 1659 1660 12422 70452 70716 70725 15372 13433 13434
2450 5360 5229 6 1660 1661 72106 69337 69338 12423
2451 5360 5497 6 1661 1658 70611 87434 72123 72121
2452 5360 5281 5 1658 1660 12421 9139 9140
2453 5229 5497 6 1659 1661 72125 70651 13179 13180
2454 6261 6284 9 1662 1663 85149 85150 100936 100980 100557 100558 100846
2455 6261 6407 3 1663 1664 100615
2456 5879 6407 6 1664 1665 16211 16214 85833 100616
2457 5879 6284 3 1665 1662 100848
2458 5879 6261 7 1662 1664 85263 85265 100577 100825 100847
2459 6407 6284 7 1663 1665 100935 100809 100118 100083 100085
2460 4602 4701 6 1666 1667 71377 71504 71812 71789
2461 4602 4587 8 1667 1668 13635 13633 73014 68695 68696 71378
2462 4421 4587 4 1668 1669 61206 61205
2463 4421 4701 6 1669 1666 7932 7929 1767 1769
2464 4421 4602 5 1666 1668 69446 69478 69523
2465 4587 4701 5 1667 1669 69422 68746 68743
2466 10662 10797 7 1670 1671 147833 147933 146754 31661 31660
2467 10662 10772 3 1671 1672 31000
2468 10573 10772 8 1672 1673 104502 104504 145377 148234 148228 31002
2469 10573 10797 7 1673 1670 30865 30866 31774 31776 110438
2470 10573 10662 4 1670 1672 31001 148447
2471 10772 10797 6 1671 1673 110437 148809 31259 31261
2472 8031 7777 6 1674 1675 48089 47853 47854 48867
2473 8031 8029 3 1675 1676 47846
2474 8073 8029 6 1676 1677 19671 44383 6660 6659
2475 8073 7777 4 1677 1674 47760 19670
2476 8073 8031 7 1674 1676 46337 46334 49181 49363 48868
2477 8029 7777 7 1675 1677 4315 4316 49492 48279 48090
2478 6848 7196 4 1678 1679 5731 50690
2479 6881 6870 5 1680 1681 89391 8309 8308
2480 6881 7196 7 1681 1678 50538 50512 50513 91034 90150
2481 6881 6848 9 1678 1680 9056 10030 48055 12454 12451 8363 8364
2482 6870 7196 5 1679 1681 7009 7011 5732
2483 7937 7850 4 1682 1683 93297 93296
2484 7937 7974 5 1683 1684 98383 98384 98726
2485 8041 7974 6 1684 1685 86478 98342 98792 98401
2486 8041 7850 7 1685 1682 93161 17708 17710 92678 86477
2487 8041 7937 6 1682 1684 98400 98421 99140 99064
2488 7974 7850 5 1683 1685 86476 98980 98727
2489 6518 5681 6 1686 1687 84289 84290 92174 92175
2490 6518 5974 4 1687 1688 20250 20251
2491 5345 5974 7 1688 1689 75659 113346 101214 101212 99843
2492 5345 5681 3 1689 1686 75658
2493 5345 6518 6 1686 1688 94513 83993 74552 74551
2494 5974 5681 6 1687 1689 75657 83958 83957 100997
2495 5131 5313 5 1690 1691 16603 16604 83189
2496 5131 5178 9 1691 1692 84994 84996 85466 85465 85448 85449 84603
2497 5215 5178 4 1692 1693 16611 74222
2498 5215 5313 6 1693 1690 83191 18637 12385 12387
2499 5215 5131 4 1690 1692 85298 83190
2500 5178 5313 5 1691 1693 16610 85365 84604
2501 3902 4032 7 1694 1695 15463 79607 79769 81189 61147
2502 3902 4063 4 1695 1696 81240 15464
2503 3836 4063 7 1696 1697 81332 81331 81342 81473 81474
2504 3836 4032 4 1697 1694 61149 81613
2505 3836 3902 8 1694 1696 81621 79728 79727 81289 81631 61148
2506 4063 4032 7 1695 1697 81611 81590 78352 78351 15465
2507 9285 9328 5 1698 1699 94006 21714 21715
2508 9285 9204 3 1699 1700 21787
2509 9019 9204 9 1700 1701 97442 97424 97413 97191 21859 21860 21789
2510 9019 9328 3 1701 1698 94090
2511 9019 9285 6 1698 1700 21788 102772 104214 94089
2512 9204 9328 9 1699 1701 104921 21697 20785 20784 108105 104050 104052
2513 4132 4070 6 1702 1703 81280 80605 80603 77601
2514 4132 4074 5 1703 1704 79660 81361 81359
2515 4146 4074 7 1704 1705 77025 77024 68244 68243 78192
2516 4146 4070 4 1705 1702 76261 76263
2517 4146 4132 5 1702 1704 79661 81365 77600
2518 4074 4070 8 1703 1705 79613 79614 79686 79690 72941 72940
2519 1918 1936 4 1706 1707 119525 117416
2520 1918 1787 6 1707 1708 119054 24646 24647 117709
2521 1894 1787 4 1708 1709 117499 117500
2522 1894 1936 4 1709 1706 29360 29362
2523 1894 1918 6 1706 1708 119055 119259 117477 117415
2524 1787 1936 6 1707 1709 117820 112564 112566 117840
2525 9881 9923 7 1710 1711 48353 34057 34055 48675 33599
2526 9881 9925 7 1711 1712 134636 134635 7209 7208 150611
2527 10112 9925 6 1712 1713 152423 104427 104425 149273
2528 10112 9923 6 1713 1710 33601 34059 43325 152425
2529 10112 9881 3 1710 1712 33600
2530 9925 9923 4 1711 1713 152416 150612
2531 8881 8607 4 1714 1715 27655 39457
2532 8881 8592 5 1715 1716 34996 34994 27654
2533 8379 8592 9 1716 1717 30982 5662 5663 39738 34635 33172 33174
2534 8379 8607 5 1717 1714 3836 3833 4460
2535 8379 8881 4 1714 1716 39427 39455
2536 8592 8607 6 1715 1717 39030 40232 39850 27656
2537 7267 7360 5 1718 1719 89728 16033 16034
2538 7267 7376 5 1719 1720 89833 50691 50694
2539 7136 7376 4 1720 1721 86835 90376
2540 7136 7360 7 1721 1718 90045 90046 89765 89766 86834
2541 7136 7267 5 1718 1720 90375 87884 87886
2542 7376 7360 6 1719 1721 86833 89731 89730 89764
2543 11066 10891 5 1722 1723 143586 143585 30583
2544 11066 10720 5 1723 1724 4548 143742 144005
2545 10808 10720 6 1724 1725 35378 35377 147348 4550
2546 10808 10891 7 1725 1722 30585 143774 143609 34440 34439
2547 10808 11066 5 1722 1724 4549 143976 30584
2548 10720 10891 6 1723 1725 23613 23615 143958 143959
2549 5777 5441 4 1726 1727 12584 70692
2550 5777 5798 5 1727 1728 70263 70294 12583
2551 5633 5798 6 1728 1729 70189 56081 56080 70208
2552 5633 5441 6 1729 1726 16353 16352 70581 70580
2553 5633 5777 6 1726 1728 70264 87374 86650 71433
2554 5798 5441 6 1727 1729 70578 70579 70217 12585
2555 4144 4281 9 1730 1731 16473 16474 80872 80809 80764 80653 25858
2556 4144 4286 5 1731 1732 80542 15950 15951
2557 4233 4286 9 1732 1733 80420 75296 75297 80698 80694 80693 80543
2558 4233 4281 6 1733 1730 15332 15331 80678 80620
2559 4233 4144 4 1730 1732 74531 25859
2560 4286 4281 5 1731 1733 80619 80628 80065
2561 9977 9945 6 1734 1735 2130 2131 5090 5093
2562 9977 10130 5 1735 1736 103553 103360 35302
2563 9818 10130 6 1736 1737 103343 30606 30607 112380
2564 9818 9945 3 1737 1734 103342
2565 9818 9977 5 1734 1736 38538 38537 103506
2566 10130 9945 7 1735 1737 37296 21488 21487 103480 35303
2567 4966 4516 4 1738 1739 65239 65237
2568 4966 4816 6 1739 1740 65303 65127 65126 65428
2569 4697 4816 3 1740 1741 65304
2570 4697 4516 6 1741 1738 65355 65314 65218 65220
2571 4697 4966 8 1738 1740 65210 65209 65273 66378 65169 65166
2572 4816 4516 7 1739 1741 64688 50221 50223 49807 49804
2573 1966 1970 6 1742 1743 116597 116683 115776 29580
2574 1966 2142 4 1743 1744 29523 29524
2575 2008 2142 4 1744 1745 115687 116753
2576 2008 1970 5 1745 1742 29582 116594 115686
2577 2008 1966 6 1742 1744 114972 114974 116754 29581
2578 2142 1970 6 1743 1745 115685 115248 115246 116598
2579 6603 6545 6 1746 1747 87531 87505 87506 87160
2580 6655 6153 4 1748 1749 86223 15214
2581 6655 6545 7 1749 1746 87161 87200 87199 87613 87590
2582 6655 6603 5 1746 1748 15213 18344 18343
2583 6153 6545 5 1747 1749 17045 17047 56092
2584 7549 7819 5 1750 1751 89688 52620 52618
2585 7549 7632 6 1751 1752 17508 17506 90122 90254
2586 7828 7632 6 1752 1753 89815 89743 89742 90397
2587 7828 7819 4 1753 1750 90474 89813
2588 7828 7549 3 1750 1752 90473
2589 7632 7819 6 1751 1753 89814 52366 19540 19539
2590 4976 5146 8 1754 1755 56102 56105 69134 69895 69842 69372
2591 4976 4845 3 1755 1756 50730
2592 4822 4845 6 1756 1757 67880 67878 54657 50731
2593 4822 5146 3 1757 1754 67988
2594 4822 4976 8 1754 1756 50729 68156 69262 69143 55001 55003
2595 4845 5146 6 1755 1757 51132 7956 7953 68596
2596 2316 2271 5 1758 1759 113060 119048 13869
2597 2316 2221 4 1759 1760 119835 113061
2598 2309 2221 5 1760 1761 119810 25003 25001
2599 2309 2271 6 1761 1758 13871 119802 119801 119813
2600 2309 2316 6 1758 1760 117317 25287 15034 13870
2601 2221 2271 5 1759 1761 119411 119410 113062
2602 5157 5150 6 1762 1763 73951 71747 71748 73950
2603 5157 5126 6 1763 1764 73229 72203 70233 70234
2604 5280 5126 5 1764 1765 73876 73532 73531
2605 5280 5150 4 1765 1762 68147 68149
2606 5280 5157 6 1762 1764 73279 73278 73937 73949
2607 5126 5150 5 1763 1765 70985 70984 72098
2608 4644 4701 6 1766 1767 61700 61701 68057 69539
2609 4644 4421 4 1767 1768 61199 61197
2610 4487 4421 6 1768 1769 61206 60172 60174 61447
2611 4487 4701 5 1769 1766 69487 69427 69422
2612 4487 4644 6 1766 1768 61258 61257 68735 68734
2613 11469 11256 6 1770 1771 121699 96277 96278 106539
2614 11469 11305 8 1771 1772 1861 1860 106851 25380 25379 121718
2615 10954 11305 8 1772 1773 25761 122148 105906 105907 25157 25158
2616 10954 11256 6 1773 1770 106542 106387 25759 25756
2617 10954 11469 3 1770 1772 95514
2618 11305 11256 4 1771 1773 25760 121733
2619 10201 10290 5 1774 1775 49222 31785 31787
2620 10201 10245 7 1775 1776 27140 32943 152288 152289 49221
2621 10270 10245 6 1776 1777 44807 44808 153735 27141
2622 10270 10290 9 1777 1774 150674 153035 146722 146721 147390 147392 146898
2623 10270 10201 5 1774 1776 27139 152973 150673
2624 10245 10290 3 1775 1777 49223
2625 10576 10273 4 1778 1779 108948 108875
2626 10576 10431 6 1779 1780 108635 107382 107383 108889
2627 10468 10431 5 1780 1781 102235 22373 22374
2628 10468 10273 6 1781 1778 102721 102723 104379 104765
2629 10468 10576 5 1778 1780 105582 105579 107406
2630 10431 10273 6 1779 1781 108177 108175 108168 108169
2631 7896 7765 5 1782 1783 9395 9393 36668
2632 7896 8102 4 1783 1784 36751 35693
2633 8178 8102 7 1784 1785 52677 37259 35525 35526 36426
2634 8178 7765 4 1785 1782 36669 52676
2635 8178 7896 6 1782 1784 36523 19803 4825 4827
2636 8102 7765 6 1783 1785 52675 37450 37451 35694
2637 6338 6107 6 1786 1787 6797 6798 47720 8710
2638 6338 6031 9 1787 1788 50699 50700 51232 54271 54319 51198 50847
2639 6221 6031 7 1788 1789 51001 49795 49645 49643 49957
2640 6221 6107 6 1789 1786 8712 51027 49636 49638
2641 6221 6338 3 1786 1788 8711
2642 6031 6107 6 1787 1789 51000 50561 50562 50848
2643 7416 7549 7 1790 1791 17506 90121 90345 17918 17916
2644 7416 7621 7 1791 1792 13289 13290 89989 89990 17507
2645 7572 7621 6 1792 1793 70687 90066 90068 18569
2646 7572 7549 4 1793 1790 89514 70686
2647 7572 7416 4 1790 1792 18568 89513
2648 7621 7549 6 1791 1793 52619 52618 90473 17508
2649 4336 4571 6 1794 1795 82547 80356 80357 16535
2650 4336 4673 9 1795 1796 84495 84198 83302 83300 84734 84553 84554
2651 4859 4571 7 1797 1794 16537 84825 83435 20198 20195
2652 4859 4336 3 1794 1796 16536
2653 4673 4571 5 1795 1797 75479 74511 74513
2654 7140 7065 5 1798 1799 93404 93249 20517
2655 7140 7240 6 1799 1800 85991 85989 86734 86733
2656 7017 7240 4 1800 1801 86196 86117
2657 7017 7065 7 1801 1798 20519 86249 86191 85977 85978
2658 7017 7140 6 1798 1800 85939 18058 18060 20518
2659 7240 7065 7 1799 1801 86197 99359 99360 99760 99759
2660 4530 4545 4 1802 1803 13345 13346
2661 4530 4464 6 1803 1804 17420 70486 82812 14291
2662 4521 4464 5 1804 1805 70429 70428 17422
2663 4521 4545 7 1805 1802 13293 13291 15369 71429 71458
2664 4521 4530 6 1802 1804 17421 71177 5281 5283
2665 4464 4545 6 1803 1805 71457 82722 82896 14292
2666 11253 10973 9 1806 1807 106545 106711 23136 23137 108449 106938 105703
2667 11253 11205 5 1807 1808 105406 121407 106546
2668 11283 11205 5 1808 1809 106596 106598 105407
2669 11283 10973 4 1809 1806 105705 106606
2670 11283 11253 6 1806 1808 105405 106565 106713 105704
2671 11205 10973 7 1807 1809 96117 96118 105429 106811 106547
2672 8074 8257 8 1810 1811 22208 22207 48202 16297 16298 48051
2673 8074 11926 6 1811 1812 28158 11886 11212 11213
2674 8601 11926 6 1812 1813 32348 48451 47774 47775
2675 8601 8257 5 1813 1810 48053 33061 32347
2676 8601 8074 3 1810 1812 48052
2677 11926 8257 4 1811 1813 27069 27068
2678 4370 4568 8 1814 1815 84630 84627 84619 84591 84592 83842
2679 4370 5194 7 1815 1816 84623 81051 81052 84629 84631
2680 5024 5194 5 1816 1817 84532 100526 84624
2681 5024 4568 6 1817 1814 73724 73723 75710 75709
2682 5024 4370 4 1814 1816 14510 14509
2683 5194 4568 3 1815 1817 84531
2684 4037 3997 9 1818 1819 74523 74521 15600 15601 10424 10425 83110
2685 4037 4055 4 1819 1820 1895 75562
2686 4161 4055 7 1820 1821 82659 13799 13797 83420 1896
2687 4161 3997 4 1821 1818 13637 13636
2688 4161 4037 5 1818 1820 1894 81027 81026
2689 4055 3997 6 1819 1821 82658 70381 70383 75563
2690 2336 2502 7 1822 1823 137273 137276 136839 136840 133331
2691 2336 2483 4 1823 1824 133169 137274
2692 2207 2483 10 1824 1825 12477 12476 66810 133320 133321 137297 133381 133171
2693 2207 2502 3 1825 1822 133333
2694 2207 2336 8 1822 1824 133170 137176 137175 137759 137650 133332
2695 2483 2502 6 1823 1825 62496 62495 137109 137110
2696 10767 10674 5 1826 1827 101538 108469 108467
2697 10767 10604 6 1827 1828 104564 104563 108542 101537
2698 10415 10604 7 1828 1829 21279 84288 101128 102012 108310
2699 10415 10674 4 1829 1826 21653 21278
2700 10415 10767 5 1826 1828 108494 23796 23795
2701 10604 10674 5 1827 1829 20126 20125 101539
2702 11108 11345 7 1830 1831 110155 110250 109707 109708 109798
2703 11108 10919 7 1831 1832 109995 109993 108781 108780 110154
2704 11296 10919 5 1832 1833 106945 106947 108904
2705 11296 11345 8 1833 1830 109680 109655 109654 109606 22970 22967
2706 11296 11108 4 1830 1832 109997 110001
2707 10919 11345 3 1831 1833 110156
2708 5151 5267 5 1834 1835 71894 70929 17228
2709 5151 5270 4 1835 1836 16662 55978
2710 5229 5270 4 1836 1837 70651 16664
2711 5229 5267 7 1837 1834 17230 15371 13433 13177 13179
2712 5229 5151 7 1834 1836 16663 17431 16197 16196 17229
2713 5270 5267 7 1835 1837 70170 70169 72297 71984 71895
2714 8259 8051 6 1838 1839 93972 95226 94420 94418
2715 8259 8152 5 1839 1840 94462 92086 92084
2716 7856 8152 5 1840 1841 94776 95121 95566
2717 7856 8051 6 1841 1838 95592 94533 94535 94775
2718 7856 8259 5 1838 1840 95565 94992 94993
2719 8152 8051 4 1839 1841 94254 93973
2720 5908 5600 6 1842 1843 55445 55915 69123 55963
2721 5908 5725 4 1843 1844 55487 55446
2722 5941 5725 4 1844 1845 56077 55678
2723 5941 5600 3 1845 1842 55965
2724 5941 5908 11 1842 1844 36893 36895 54589 55433 55980 56292 13067 13064 55964
2725 5725 5600 8 1843 1845 56021 56020 61272 41283 9432 9434
2726 3904 3702 6 1846 1847 11905 9826 9827 63984
2727 3904 3854 5 1847 1848 63943 64592 49845
2728 3578 3854 4 1848 1849 28018 28017
2729 3578 3702 4 1849 1846 63986 64055
2730 3578 3904 7 1846 1848 11855 11854 64703 64627 63985
2731 3854 3702 7 1847 1849 64056 78666 65601 64734 49846
2732 3414 3513 4 1850 1851 79191 79193
2733 3414 3501 4 1851 1852 80560 79317
2734 3604 3501 4 1852 1853 13317 80558
2735 3604 3513 6 1853 1850 63441 63440 80203 13316
2736 3604 3414 9 1850 1852 80588 80536 80052 80016 63335 60288 60290
2737 3501 3513 8 1851 1853 13315 80670 82347 82324 82287 79318
2738 1075 772 4 1854 1855 119689 120461
2739 1075 634 4 1855 1856 121575 119688
2740 1220 634 5 1856 1857 121233 121235 121576
2741 1220 772 4 1857 1854 11686 11687
2742 1220 1075 8 1854 1856 121532 28143 28142 135224 129367 120462
2743 634 772 7 1855 1857 111272 111271 124015 134447 119690
2744 10913 10845 10 1858 1859 106846 106854 106853 106845 106842 106774 106775 25156
2745 10913 11469 4 1859 1860 106850 106847
2746 11305 10845 3 1861 1858 25158
2747 11305 10913 5 1858 1860 106849 106754 25157
2748 11469 10845 9 1859 1861 95514 106539 106501 96226 22072 22071 105466
2749 9121 9353 6 1862 1863 151976 153429 45013 45014
2750 9121 8994 10 1863 1864 44515 44513 46056 150895 152563 153474 153426 151975
2751 9134 8994 5 1864 1865 3791 3789 46054
2752 9134 9353 7 1865 1862 151016 34316 34318 44143 44142
2753 9134 9121 3 1862 1864 46053
2754 8994 9353 6 1863 1865 44965 10051 10048 98068
2755 10071 10118 5 1866 1867 153620 153713 153736
2756 10071 9830 6 1867 1868 148075 153696 153661 153621
2757 10172 9830 5 1868 1869 152160 33744 33745
2758 10172 10118 6 1869 1866 153695 126405 126407 153704
2759 10172 10071 4 1866 1868 148074 153737
2760 9830 10118 5 1867 1869 153710 153687 153622
2761 6106 6140 4 1870 1871 12890 12397
2762 6106 6470 3 1871 1872 12389
2763 6127 6470 5 1872 1873 13608 5528 5526
2764 6127 6140 5 1873 1870 12399 51128 51129
2765 6127 6106 8 1870 1872 12388 10403 10402 51449 51739 12398
2766 6470 6140 7 1871 1873 50635 50634 51568 9231 9233
2767 3400 3403 6 1874 1875 79138 79909 80019 74918
2768 3400 3116 3 1875 1876 79137
2769 3286 3116 8 1876 1877 76192 76194 78525 79096 79094 79101
2770 3286 3403 4 1877 1874 74919 77588
2771 3286 3400 9 1874 1876 78113 25464 25465 79029 79027 7439 7440
2772 3116 3403 7 1875 1877 77589 15659 15658 75312 75313
2773 5127 4936 8 1878 1879 10684 10687 69493 69496 61442 9165
2774 5127 4892 8 1879 1880 9837 69350 69351 69452 61159 61160
2775 5147 4892 4 1880 1881 12303 9838
2776 5147 4936 6 1881 1878 9167 72488 73117 12301
2777 5147 5127 6 1878 1880 9836 69510 69513 9166
2778 4892 4936 4 1879 1881 12302 61474
2779 4408 4161 6 1882 1883 82761 82762 85324 82591
2780 4408 4390 5 1883 1884 83484 71488 71489
2781 4245 4390 4 1884 1885 70448 70449
2782 4245 4161 8 1885 1882 82593 83452 83451 1896 1894 81851
2783 4245 4408 5 1882 1884 85193 85240 82592
2784 4390 4161 5 1883 1885 83504 83499 83254
2785 6402 6209 7 1886 1887 87503 87504 88389 88213 88210
2786 6402 6219 4 1887 1888 16440 16438
2787 6181 6219 9 1888 1889 16225 16228 85670 85672 86067 85690 85691
2788 6181 6209 3 1889 1886 87397
2789 6181 6402 5 1886 1888 87649 87648 88053
2790 6219 6209 6 1887 1889 87396 20563 20562 87561
2791 7090 7553 6 1890 1891 35796 35458 31800 4423
2792 7090 6997 7 1891 1892 56961 53676 53675 6395 6396
2793 7138 6997 6 1892 1893 5956 5955 56843 56960
2794 7138 7553 3 1893 1890 4425
2795 7138 7090 5 1890 1892 56942 38828 4424
2796 6997 7553 7 1891 1893 36381 35472 35473 54842 35859
2797 4245 4055 3 1895 1896 82775
2798 4245 4037 5 1894 1895 82774 83549 81850
2799 150 218 5 1897 1898 155140 133815 133733
2800 150 51 5 1898 1899 131688 150943 150942
2801 520 51 6 1899 1900 6092 132708 132709 131689
2802 520 218 5 1900 1897 66168 66169 6090
2803 520 150 7 1897 1899 131687 154955 133714 133641 133642
2804 51 218 6 1898 1900 6091 133745 155070 155141
2805 10007 10163 7 1901 1902 146519 153338 147938 147878 147877
2806 10007 10320 4 1902 1903 32947 144140
2807 10258 10320 7 1903 1904 31541 31542 147250 147643 32949
2808 10258 10163 4 1904 1901 147632 34338
2809 10258 10007 7 1901 1903 32948 147600 147599 145584 145583
2810 10320 10163 6 1902 1904 33280 33281 147393 146520
2811 8413 8661 9 1905 1906 32014 32012 47804 96960 7206 7205 97117
2812 8413 8505 8 1906 1907 48088 48104 47852 47851 47569 46786
2813 8588 8505 6 1907 1908 46894 46251 4422 4420
2814 8588 8661 5 1908 1905 97107 48028 47951
2815 8588 8413 6 1905 1907 46566 46565 96996 97116
2816 8505 8661 4 1906 1908 47952 46787
2817 10943 11120 6 1909 1910 105615 105655 105650 23469
2818 10943 10987 4 1910 1911 109896 105616
2819 10989 10987 5 1911 1912 109638 110052 109897
2820 10989 11120 5 1912 1909 23471 105662 105661
2821 10989 10943 6 1909 1911 109782 109547 32832 23470
2822 10987 11120 8 1910 1912 104536 22183 22182 103121 105611 105617
2823 6562 7760 3 1913 1914 42665
2824 6562 7545 4 1914 1915 42617 42616
2825 6223 7545 4 1915 1916 3345 42266
2826 6223 7760 7 1916 1913 42659 42660 42555 42464 3344
2827 6223 6562 9 1913 1915 11430 11429 43422 42330 42329 41916 41915
2828 7545 7760 6 1914 1916 3343 5751 42154 42153
2829 7721 7780 8 1918 1919 99053 99008 99007 52585 19776 19778
2830 7721 7732 3 1919 1917 92926
2831 7721 7940 6 1917 1918 88423 87744 8092 8091
2832 5799 5725 6 1920 1921 68076 53861 12394 12395
2833 5799 5751 4 1921 1922 55680 55698
2834 6101 5799 4 1920 1922 55679 17395
2835 7855 7922 7 1923 1924 38770 39052 39074 40526 38996
2836 7855 7988 7 1924 1925 37849 4644 4645 38993 38769
2837 7944 7988 3 1925 1926 9693
2838 7988 7922 5 1924 1926 9692 35881 38771
2839 7021 6641 4 1927 1928 90391 91023
2840 7021 6870 6 1928 1929 89391 7009 7010 90392
2841 6528 6870 3 1929 1930 8309
2842 6528 6641 7 1930 1927 91024 77569 14313 14314 8307
2843 6528 7021 5 1927 1929 89390 17961 17962
2844 6870 6641 9 1928 1930 8308 9055 8517 8519 51032 90790 90393
2845 7761 7508 4 1931 1932 2300 2301
2846 7761 7805 8 1932 1933 8644 37075 18219 18217 35595 35547
2847 7537 7805 5 1933 1934 8738 36428 8645
2848 7537 7508 6 1934 1931 9712 9711 19881 8736
2849 7537 7761 7 1931 1933 8643 16689 16688 17053 35557
2850 7805 7508 7 1932 1934 8737 36731 36730 36541 35548
2851 11274 11165 6 1935 1936 26368 26366 106306 106305
2852 11274 11220 7 1936 1937 111337 111769 111646 111610 111611
2853 10855 11220 4 1937 1938 108508 108979
2854 10855 11165 6 1938 1935 108506 30846 25833 25832
2855 10855 11274 5 1935 1937 111338 110313 110310
2856 11220 11165 6 1936 1938 108327 22947 22944 108987
2857 5478 5487 6 1939 1940 2124 70958 70675 70676
2858 5478 5495 5 1940 1941 70973 71166 2123
2859 5710 5495 5 1941 1942 16373 85776 70974
2860 5710 5487 5 1942 1939 88167 85625 16372
2861 5710 5478 8 1939 1941 70972 17102 17101 74115 88282 88166
2862 5495 5487 5 1940 1942 16371 13844 2125
2863 6329 6621 9 1943 1944 12079 53482 53483 49974 49973 51553 9117
2864 6329 6588 3 1944 1945 12080
2865 6367 6588 5 1945 1946 53868 51451 51452
2866 6367 6621 4 1946 1943 9118 53908
2867 6367 6329 6 1943 1945 53802 54511 8865 8867
2868 6588 6621 7 1944 1946 53909 53103 43938 43935 12081
2869 5319 5159 7 1947 1948 84926 85063 16355 16203 16204
2870 5319 5332 5 1948 1949 85780 94484 84927
2871 5431 5332 6 1949 1950 85120 85121 100215 85781
2872 5431 5159 5 1950 1947 84725 84722 85140
2873 5431 5319 4 1947 1949 85779 84914
2874 5332 5159 5 1948 1950 85139 74248 74249
2875 8916 8915 5 1951 1952 47941 104830 11680
2876 8916 8972 9 1952 1953 97158 97159 97246 97312 104916 48460 47942
2877 8612 8972 7 1953 1954 105227 96937 96938 46279 46278
2878 8612 8915 10 1954 1951 11681 97015 21780 21779 48235 96725 96730 96738
2879 8612 8916 4 1951 1953 97156 11679
2880 8972 8915 4 1952 1954 104617 47943
2881 4028 4295 8 1955 1956 83695 84739 20442 16408 16406 83655
2882 4028 4153 3 1956 1957 83694
2883 3884 4153 5 1957 1958 16519 16518 75460
2884 3884 4295 3 1958 1955 83666
2885 3884 4028 6 1955 1957 83996 83242 81015 81012
2886 4153 4295 9 1956 1958 83673 83678 19940 19941 83641 84552 83696
2887 9818 9532 3 1959 1960 103117
2888 9818 9815 12 1960 1961 98713 103024 103438 112243 103343 103342 103506 5340 5343 103118
2889 9499 9815 3 1961 1962 98714
2890 9499 9532 8 1962 1959 103213 103426 103268 103115 103114 103247
2891 9499 9818 6 1959 1961 98712 24418 24420 103212
2892 9815 9532 6 1960 1962 103204 103201 102975 102976
2893 1117 515 7 1963 1964 113539 83781 83782 20787 20788
2894 1117 1565 6 1964 1965 113561 113468 83997 84000
2895 743 1565 6 1965 1966 84226 84227 82009 82008
2896 743 515 7 1966 1963 84641 102219 113524 113440 113393
2897 743 1117 4 1963 1965 113547 84640
2898 1565 515 4 1964 1966 113392 113540
2899 10594 10747 6 1967 1968 49229 49230 134564 32399
2900 10594 10564 7 1968 1969 106043 134217 32794 32792 150203
2901 10343 10564 5 1969 1970 4024 4022 105172
2902 10343 10747 4 1970 1967 32401 45982
2903 10343 10594 5 1967 1969 106042 64948 32400
2904 10564 10747 7 1968 1970 45983 151527 48834 48321 48320
2905 7607 7815 6 1971 1972 6495 6496 39093 8819
2906 7607 8003 5 1972 1973 45382 45206 39049
2907 7851 8003 6 1973 1974 8784 44090 53543 45384
2908 7851 7815 6 1974 1971 8821 45265 53506 8783
2909 7851 7607 5 1971 1973 45383 44027 8820
2910 8003 7815 5 1972 1974 8782 53290 39050
2911 5748 5674 6 1975 1976 91289 91291 92454 92398
2912 5748 5739 6 1976 1977 92453 86471 86469 92449
2913 5370 5739 4 1977 1978 72441 72438
2914 5370 5674 5 1978 1975 88200 70949 70948
2915 5370 5748 5 1975 1977 92493 92444 92399
2916 8954 8590 4 1979 1980 38450 38451
2917 8932 8590 4 1981 1979 45052 45573
2918 8899 8590 8 1980 1981 38259 38258 45547 45596 45600 45599
2919 8466 8231 7 1982 1983 93528 93529 100245 99904 93378
2920 8466 8184 5 1983 1984 93851 93455 93453
2921 8322 8184 8 1984 1985 7665 93540 93588 93571 93572 99134
2922 8322 8231 7 1985 1982 93380 94133 94122 93547 7663
2923 8322 8466 7 1982 1984 99136 99137 99500 99501 93379
2924 8184 8231 6 1983 1985 7664 4710 4709 93200
2925 11345 11641 6 1986 1987 109492 111451 109904 31223
2926 11345 11710 5 1987 1988 109657 109612 109493
2927 11459 11710 7 1988 1989 105732 105731 109489 109733 109658
2928 11459 11641 4 1989 1986 31224 109421
2929 11459 11345 7 1986 1988 109650 109652 109707 109464 31222
2930 11710 11641 7 1987 1989 109422 109434 123670 27452 27451
2931 4825 5603 5 1990 1991 19097 19095 18697
2932 4825 5039 4 1991 1992 73824 25940
2933 6373 5039 6 1992 1993 74864 107756 83810 73825
2934 6373 5603 5 1993 1990 18699 74510 74509
2935 6373 4825 5 1990 1992 73823 75033 18698
2936 5039 5603 6 1991 1993 74863 21339 21338 25941
2937 1845 2153 7 1994 1995 113411 113402 84292 84295 113463
2938 1845 2340 3 1995 1996 101427
2939 935 2340 6 1996 1997 84452 84453 84450 84451
2940 935 2153 5 1997 1994 99862 99863 113414
2941 935 1845 8 1994 1996 101428 113436 113412 101653 101652 113464
2942 2340 2153 6 1995 1997 113415 83877 19346 19348
2943 4957 4716 6 1998 1999 74475 74474 74570 12400
2944 4957 4477 5 1999 2000 74100 73673 73674
2945 4620 4477 7 2000 2001 74868 11054 11055 74593 74102
2946 4620 4716 7 2001 1998 12402 73468 74781 15053 15052
2947 4620 4957 5 1998 2000 74101 75130 12401
2948 4477 4716 3 1999 2001 74476
2949 11829 11585 6 2002 2003 130604 128633 128631 146045
2950 11829 11523 5 2003 2004 146005 27301 27300
2951 11830 11523 9 2004 2005 146011 145849 145848 145852 145545 128421 128422
2952 11830 11585 3 2005 2002 146010
2953 11830 11829 6 2002 2004 34614 34613 131006 146046
2954 11523 11585 6 2003 2005 130553 130555 147253 145998
2955 7312 7468 6 2006 2007 48127 48126 48790 48791
2956 7312 7373 5 2007 2008 49342 49343 50383
2957 7316 7373 7 2008 2009 49461 49460 49927 10554 10553
2958 7316 7468 5 2009 2006 49498 49440 49439
2959 7316 7312 4 2006 2008 19049 19051
2960 7373 7468 4 2007 2009 49497 50384
2961 5191 5374 6 2010 2011 71008 70229 70232 14462
2962 5191 5418 4 2011 2012 70786 70784
2963 5370 5418 4 2012 2013 71026 70955
2964 5370 5374 6 2013 2010 14464 72044 88387 71025
2965 5370 5191 6 2010 2012 70954 15393 15395 14463
2966 5418 5374 8 2011 2013 71024 87489 70321 18248 17244 17243
2967 4438 4609 6 2014 2015 73425 73635 72165 15479
2968 4438 4537 4 2015 2016 72422 72421
2969 4470 4537 4 2016 2017 73359 73356
2970 4470 4609 6 2017 2014 15480 75403 74820 74818
2971 4470 4438 5 2014 2016 11579 11581 15478
2972 4537 4609 5 2015 2017 74817 74082 73426
2973 5873 6153 4 2018 2019 85350 2112
2974 5968 5932 5 2020 2021 8192 70885 70884
2975 5968 6153 6 2021 2018 2114 85969 20299 8190
2976 5968 5873 5 2018 2020 17340 17342 2113
2977 5932 6153 5 2019 2021 8191 87537 85352
2978 8865 8960 4 2022 2023 95854 95857
2979 8865 9636 5 2023 2024 96129 96130 96367
2980 8820 9636 3 2024 2025 13152
2981 8820 8960 5 2025 2022 95495 95494 13151
2982 8820 8865 8 2022 2024 96197 106287 96365 96366 48335 48337
2983 9636 8960 8 2023 2025 13150 96192 25658 22042 22043 96352
2984 9760 9776 6 2026 2027 99808 99809 102897 103022
2985 9760 9473 3 2027 2028 21502
2986 9752 9473 5 2028 2029 102741 102657 21504
2987 9752 9776 4 2029 2026 102999 102797
2988 9752 9760 6 2026 2028 21503 102798 102800 103059
2989 9473 9776 9 2027 2029 20848 20847 93740 93828 93827 98810 98809
2990 5372 5250 7 2030 2031 15942 15940 85408 16678 16679
2991 5372 5495 4 2031 2032 10492 85308
2992 5531 5495 4 2032 2033 85769 10493
2993 5531 5250 4 2033 2030 85496 85765
2994 5531 5372 9 2030 2032 10491 18806 18808 85516 85481 74253 74254
2995 5495 5250 7 2031 2033 85767 83370 83369 83387 85081
2996 1000 1032 4 2034 2035 26591 26592
2997 1000 851 6 2035 2036 29765 29764 127094 125475
2998 1131 851 3 2036 2037 140831
2999 1131 1032 7 2037 2034 30191 114807 114806 139479 140795
3000 1131 1000 7 2034 2036 140830 30629 30626 126140 30190
3001 851 1032 7 2035 2037 141559 127330 127329 127183 125476
3002 10155 10722 4 2038 2039 41989 41998
3003 10155 10316 8 2039 2040 27541 156683 38767 38768 156737 41990
3004 10736 10316 4 2040 2041 154765 27542
3005 10736 10722 9 2041 2038 156674 143632 33290 33292 156051 156153 156152
3006 10736 10155 6 2038 2040 27540 34767 146862 146863
3007 10316 10722 4 2039 2041 156156 41991
3008 831 751 11 2043 2044 127192 127296 127243 127241 126803 126116 27095 26439 26437
3009 698 751 4 2044 2045 126460 126877
3010 698 952 7 2045 2042 16332 16329 132574 10245 10244
3011 698 831 5 2042 2044 127193 127292 125529
3012 751 952 4 2043 2045 30181 30179
3013 3705 4417 9 2046 2047 16193 15975 15973 82865 113426 83920 83245
3014 3705 5716 3 2047 2048 20774
3015 4725 5716 6 2048 2049 83156 84957 84217 83952
3016 4725 4417 4 2049 2046 23098 23095
3017 4725 3705 5 2046 2048 83951 20873 20872
3018 5716 4417 6 2047 2049 83155 92853 99524 20775
3019 7809 7433 4 2050 2051 84437 84424
3020 7809 7478 7 2051 2052 74712 94616 94615 93723 93725
3021 7222 7478 5 2052 2053 91978 91975 74714
3022 7222 7433 7 2053 2050 84425 94539 12712 12711 94540
3023 7222 7809 4 2050 2052 74713 76474
3024 7478 7433 7 2051 2053 93441 93440 94422 22547 22549
3025 4922 5459 5 2054 2055 24529 24527 74994
3026 4922 5027 4 2055 2056 73786 73784
3027 4628 5027 8 2056 2057 15340 96089 76565 76566 76559 76560
3028 4628 5459 4 2057 2054 74995 15339
3029 4628 4922 8 2054 2056 74038 74037 76391 76141 14968 14970
3030 5027 5459 7 2055 2057 15338 18747 18748 95867 75528
3031 664 791 6 2058 2059 121117 122589 24485 24483
3032 664 895 8 2059 2060 119027 24551 24549 117693 123595 121118
3033 836 895 7 2060 2061 119489 119488 123398 123267 119028
3034 836 791 5 2061 2058 123126 123169 123563
3035 836 664 6 2058 2060 119026 122399 124175 123125
3036 895 791 3 2059 2061 121119
3037 3748 4036 6 2062 2063 61924 61925 61376 61374
3038 3748 3866 4 2063 2064 12942 12940
3039 3738 3866 5 2064 2065 28825 28824 60504
3040 3738 4036 4 2065 2062 61927 61929
3041 3738 3748 9 2062 2064 62253 62950 62938 62935 62766 62055 62054
3042 3866 4036 6 2063 2065 62068 61835 59244 59245
3043 8871 8921 5 2066 2067 104222 98016 97943
3044 8871 9023 6 2067 2068 97876 98133 98136 104221
3045 8830 9023 4 2068 2069 94055 94056
3046 8830 8921 7 2069 2066 97944 96818 96817 97977 97976
3047 8830 8871 4 2066 2068 97455 97454
3048 9023 8921 4 2067 2069 97978 104202
3049 7657 7740 4 2071 2072 35965 35794
3050 7684 7405 4 2073 2070 16939 35434
3051 7684 7657 5 2070 2072 9398 9399 16938
3052 7740 7405 5 2071 2073 35789 35819 35795
3053 7473 7579 5 2074 2075 50163 50253 50413
3054 7473 8074 7 2075 2076 47647 96601 19277 19278 50162
3055 7239 8074 4 2076 2077 11212 11210
3056 7239 7579 9 2077 2074 48260 48262 49117 48665 48249 19418 11885
3057 7239 7473 9 2074 2076 47646 96697 50907 50409 50408 50412 50411
3058 8074 7579 6 2075 2077 11886 28156 48721 49669
3059 9673 9285 4 2078 2079 107119 21603
3060 9673 9614 6 2079 2080 104816 104554 104555 107118
3061 9411 9614 4 2080 2081 103941 104691
3062 9411 9285 8 2081 2078 21605 102771 21788 21787 94006 94007
3063 9411 9673 5 2078 2080 104890 104891 21604
3064 9614 9285 4 2079 2081 103940 107120
3065 11079 11369 5 2082 2083 150206 127098 127096
3066 11079 11342 6 2083 2084 154494 148904 146487 146485
3067 11177 11342 4 2084 2085 133700 154475
3068 11177 11369 4 2085 2082 149405 133699
3069 11177 11079 6 2082 2084 154493 150457 149427 149426
3070 11342 11369 8 2083 2085 133698 134477 134476 134248 134247 150207
3071 8926 8732 7 2086 2087 44960 45477 38263 38264 6406
3072 8926 8838 4 2087 2088 153444 44961
3073 8808 8838 6 2088 2089 36279 39585 156792 153461
3074 8808 8732 5 2089 2086 6407 45345 36278
3075 8808 8926 6 2086 2088 153460 156891 31485 6405
3076 8838 8732 5 2087 2089 36277 8956 8953
3077 130 420 4 2090 2091 127101 127067
3078 130 397 7 2091 2092 143528 141597 141595 143530 143519
3079 374 397 4 2092 2093 143051 143052
3080 374 420 7 2093 2090 127069 138134 143131 126949 126951
3081 374 130 5 2090 2092 27560 27557 127068
3082 397 420 6 2091 2093 142926 34562 34564 143515
3083 7973 8163 6 2094 2095 53335 53320 36479 36478
3084 7973 8333 5 2095 2096 53250 53337 53336
3085 8115 8333 7 2096 2097 36513 36512 5354 5349 5351
3086 8115 8163 5 2097 2094 53332 2348 2347
3087 8115 7973 6 2094 2096 53039 53037 53339 53338
3088 8333 8163 7 2095 2097 45722 45719 45718 45721 45728
3089 7703 7736 7 2098 2099 40396 53445 36515 36516 53492
3090 7703 7656 5 2099 2100 40100 40099 40397
3091 7973 7656 3 2100 2101 45553
3092 7973 7736 6 2101 2098 53339 35598 35600 45551
3093 7973 7703 6 2098 2100 9702 9699 52919 53037
3094 7656 7736 6 2099 2101 45552 52215 52216 40398
3095 6405 6497 7 2102 2103 87240 86157 35536 35537 9413
3096 6405 6042 4 2103 2104 87238 87239
3097 6220 6405 5 2102 2104 85869 17148 9412
3098 8359 8491 5 2105 2106 38397 39339 3932
3099 8410 8491 6 2106 2107 37223 39151 39142 38398
3100 8491 8511 7 2105 2107 4895 4897 39301 35012 3933
3101 5031 5042 3 2109 2110 74020
3102 5007 5042 5 2110 2111 74047 74048 74021
3103 5007 4732 4 2111 2108 71543 74541
3104 5007 5031 6 2108 2110 72346 20496 20498 71542
3105 5042 4732 6 2109 2111 74216 74215 74157 74158
3106 5954 5968 7 2113 2114 85490 18387 18389 84501 84502
3107 5954 6153 4 2114 2112 85720 85959
3108 5954 5873 7 2112 2113 85717 71181 18865 18867 85671
3109 3255 3075 6 2115 2116 82979 114300 114323 82525
3110 3255 3203 4 2116 2117 83075 82978
3111 3431 3203 7 2117 2118 82064 83021 82995 82994 83055
3112 3431 3075 4 2118 2115 80795 80794
3113 3431 3255 8 2115 2117 15138 10127 10126 23832 23831 82526
3114 3203 3075 10 2116 2118 16131 16133 24445 24444 16184 16183 114310 82980
3115 5480 4573 4 2119 2120 75870 76382
3116 5480 4257 7 2120 2121 94141 22612 22615 75053 75871
3117 5419 4257 6 2121 2122 75766 75765 75809 94512
3118 5419 4573 4 2122 2119 76436 76435
3119 5419 5480 6 2119 2121 94473 94475 93372 76448
3120 4257 4573 8 2120 2122 75860 75859 76406 76400 14290 14289
3121 5308 5478 5 2123 2124 70956 71211 71167
3122 5308 5487 7 2124 2125 13842 18249 70882 70962 70957
3123 5495 5308 5 2123 2125 13843 83387 71168
3124 5216 4761 5 2126 2127 70560 83494 85370
3125 5216 4929 4 2127 2128 13650 13648
3126 5040 4929 6 2128 2129 13216 13217 17227 17226
3127 5040 4761 5 2129 2126 85372 85539 70265
3128 5040 5216 7 2126 2128 70697 70451 17219 17218 85371
3129 4929 4761 6 2127 2129 70266 82869 74520 70561
3130 9977 9973 4 2131 2132 38500 103879
3131 9991 9973 7 2132 2133 98736 103393 4747 4748 38501
3132 9991 9945 5 2133 2130 35303 103481 98734
3133 9991 9977 5 2130 2132 38499 103361 35302
3134 9973 9945 4 2131 2133 98735 103880
3135 4987 5006 10 2134 2135 74803 16471 16472 74156 74155 74304 74110 74108
3136 4987 4565 6 2135 2136 13824 20376 20375 74802
3137 4684 4565 8 2136 2137 74791 74793 74819 81024 81042 13826
3138 4684 5006 6 2137 2134 74197 74176 74175 74790
3139 4684 4987 3 2134 2136 13825
3140 4565 5006 3 2135 2137 74789
3141 3469 3415 4 2138 2139 58711 58712
3142 3469 3543 6 2139 2140 41773 41776 62347 62143
3143 3720 3543 6 2140 2141 30010 62240 58787 58786
3144 3720 3415 3 2141 2138 30009
3145 3720 3469 5 2138 2140 61770 62692 62453
3146 3543 3415 9 2139 2141 26648 2882 2881 62536 62562 62787 62144
3147 4012 4033 5 2142 2143 16552 15289 15290
3148 4012 3945 6 2143 2144 74218 20708 7191 7194
3149 3533 3945 4 2144 2145 75874 74219
3150 3533 4033 5 2145 2142 84322 75706 75705
3151 3945 4033 5 2143 2145 75873 20424 20426
3152 2785 3360 4 2146 2147 127307 140591
3153 3018 3360 5 2147 2148 29882 3775 3776
3154 3360 3087 4 2146 2148 30106 30105
3155 6322 6036 5 2149 2150 17305 17306 92391
3156 6322 6021 4 2150 2151 100610 92707
3157 6100 6021 8 2151 2152 15985 15984 85924 85925 92238 92237
3158 6100 6036 6 2152 2149 87926 20449 20451 85003
3159 6100 6322 7 2149 2151 100609 100681 100553 92776 92390
3160 6021 6036 4 2150 2152 85004 92542
3161 6959 7189 5 2153 2154 90023 90022 90648
3162 6959 7216 6 2154 2155 52610 87885 87883 90356
3163 7116 7216 7 2155 2156 52247 89825 90042 89904 52612
3164 7116 7189 4 2156 2153 89853 52245
3165 7116 6959 5 2153 2155 52611 87936 89453
3166 7216 7189 9 2154 2156 52246 89669 86240 8658 8659 90620 90619
3167 4799 4587 7 2157 2158 13421 68746 68745 69159 81476
3168 4799 4473 7 2158 2159 67886 15075 15078 67863 13422
3169 4786 4473 5 2159 2160 73046 11666 11667
3170 4786 4587 4 2160 2157 81478 73045
3171 4786 4799 6 2157 2159 68533 72449 72669 81477
3172 4473 4587 5 2158 2160 16483 16484 13423
3173 5601 5636 5 2161 2162 88619 86152 73966
3174 5601 5533 7 2162 2163 73651 88878 88879 88896 88973
3175 5771 5533 5 2163 2164 87448 88442 73652
3176 5771 5636 6 2164 2161 73967 88791 88790 87447
3177 5771 5601 5 2161 2163 73650 73957 73956
3178 5533 5636 6 2162 2164 87446 73975 73977 87833
3179 7989 7606 7 2165 2166 50423 48432 11651 11649 50361
3180 7989 8214 10 2166 2167 47821 50400 19340 19342 48123 50450 50445 50424
3181 7514 8214 5 2167 2168 48206 48204 47822
3182 7514 7606 6 2168 2165 49911 17712 17711 50345
3183 7514 7989 3 2165 2167 47820
3184 8214 7606 3 2166 2168 50346
3185 7300 7355 7 2169 2170 52740 52739 36767 36770 51657
3186 7300 7096 4 2170 2171 51971 55566
3187 7214 7096 5 2171 2172 52476 52475 51972
3188 7214 7355 4 2172 2169 51658 52587
3189 7214 7300 6 2169 2171 36436 36433 35803 35802
3190 7096 7355 7 2170 2172 52588 87757 86924 86925 55567
3191 9015 9054 7 2173 2174 22123 93274 93926 94025 104942
3192 9015 8949 6 2174 2175 108077 93340 22607 22124
3193 9177 8949 5 2175 2176 2228 2231 101815
3194 9177 9054 6 2176 2173 102763 99469 21840 21357
3195 9177 9015 4 2173 2175 108076 104951
3196 8949 9054 4 2174 2176 21356 22125
3197 5073 5508 4 2177 2178 77892 77888
3198 5073 5180 7 2178 2179 95968 77913 18935 18933 74966
3199 5440 5180 3 2179 2180 95934
3200 5440 5508 8 2180 2177 73748 73743 71583 71580 91150 95928
3201 5440 5073 6 2177 2179 95970 77919 77918 77889
3202 5180 5508 8 2178 2180 77620 77619 94375 14589 14590 76668
3203 4273 4304 4 2181 2182 16844 9381
3204 4273 4015 5 2182 2183 84017 84016 20706
3205 4795 4015 5 2183 2184 84356 84354 84169
3206 4795 4304 6 2184 2181 9383 74517 84650 84649
3207 4795 4273 8 2181 2183 75210 20712 20714 20709 20710 9382
3208 4015 4304 8 2182 2184 84377 73711 73710 74445 74446 20707
3209 3245 3344 4 2185 2186 82550 82583
3210 3245 3226 6 2186 2187 82589 82619 82624 82551
3211 3390 3226 6 2187 2188 81940 79241 79238 81624
3212 3390 3344 5 2188 2185 82584 82557 82262
3213 3390 3245 6 2185 2187 82554 82553 82558 82582
3214 3226 3344 6 2186 2188 82261 82579 82580 82552
3215 4958 5096 3 2189 2190 10559
3216 4958 5011 6 2190 2191 68672 65262 65263 10560
3217 4994 5011 4 2191 2192 68753 68885
3218 4994 5096 10 2192 2189 50888 50890 63586 67351 67350 68925 68928 68751
3219 4994 4958 7 2189 2191 68748 65142 2877 2876 68755
3220 5011 5096 4 2190 2192 68752 10561
3221 5378 5186 7 2193 2194 68661 68666 68888 11563 11564
3222 5378 5045 3 2194 2195 68660
3223 5096 5045 10 2195 2196 68382 68367 68368 67351 67352 69105 51116 51115
3224 5096 5186 3 2196 2193 50105
3225 5096 5378 7 2193 2195 68914 68915 68900 68486 50104
3226 6774 6629 6 2197 2198 46549 55483 88897 17486
3227 6774 6791 6 2198 2199 17803 50770 71063 46548
3228 6672 6791 5 2199 2200 90832 90834 17805
3229 6672 6629 6 2200 2197 17488 90914 90833 90831
3230 6672 6774 4 2197 2199 17804 17487
3231 6791 6629 5 2198 2200 90792 89530 46550
3232 5616 5704 8 2201 2202 49736 49737 68680 68388 68387 68817
3233 5574 5834 5 2203 2204 50321 50872 64862
3234 5574 5704 6 2204 2201 68784 8490 8492 8550
3235 5574 5616 4 2201 2203 12721 12720
3236 5834 5704 4 2202 2204 50320 50535
3237 7958 7620 4 2205 2206 50479 96904
3238 7570 7620 6 2207 2205 96850 96831 96827 96703
3239 7764 7620 7 2206 2207 95101 88861 88863 96002 50481
3240 2788 2719 6 2208 2209 136888 136775 136776 136992
3241 2788 2891 8 2209 2210 29075 62050 136491 136489 136748 136889
3242 2582 2891 7 2210 2211 29034 136920 29653 29652 29077
3243 2582 2719 5 2211 2208 136950 135663 29032
3244 2582 2788 3 2208 2210 29076
3245 2891 2719 3 2209 2211 29033
3246 4902 4909 5 2212 2213 71837 72050 71689
3247 4902 4802 5 2213 2214 71481 71644 71646
3248 4717 4802 6 2214 2215 71766 61298 61299 71483
3249 4717 4909 4 2215 2212 71691 71859
3250 4717 4902 4 2212 2214 71482 71690
3251 4802 4909 6 2213 2215 71858 14501 7979 7980
3252 1491 1413 6 2216 2217 117450 117451 122656 117509
3253 1491 1400 5 2217 2218 24407 121473 121474
3254 1500 1400 7 2218 2219 117394 117463 117495 118018 24408
3255 1500 1413 5 2219 2216 117480 26121 26120
3256 1500 1491 5 2216 2218 24406 117253 117252
3257 1400 1413 4 2217 2219 117393 123277
3258 1784 1561 4 2220 2221 117337 117767
3259 1784 1787 5 2221 2222 112564 112565 115991
3260 1807 1787 5 2222 2223 117498 117499 117820
3261 1807 1561 7 2223 2220 117763 12041 12040 117823 117822
3262 1807 1784 4 2220 2222 117281 117282
3263 1787 1561 6 2221 2223 117853 117952 117951 117338
3264 5935 6121 8 2224 2225 88584 88892 88935 91490 88286 88287
3265 5935 6000 3 2225 2226 88583
3266 6082 6000 7 2226 2227 88562 88564 88950 88801 88800
3267 6082 6121 5 2227 2224 88300 88510 88686
3268 6082 5935 6 2224 2226 88808 18228 16749 16748
3269 6000 6121 6 2225 2227 88145 88146 88401 88400
3270 8796 9177 6 2228 2229 108065 93368 21839 21357
3271 8796 9059 5 2229 2230 93924 93978 94103
3272 8949 9059 7 2230 2231 101816 93986 93967 93919 93920
3273 8949 8796 5 2228 2230 22693 22695 21356
3274 9059 9177 4 2229 2231 101814 104893
3275 399 624 7 2233 2234 130485 130745 130760 130574 130572
3276 555 624 6 2234 2235 128299 128298 24168 24170
3277 555 488 4 2235 2232 130492 130475
3278 555 399 6 2232 2234 127549 127548 130483 130575
3279 624 488 3 2233 2235 130474
3280 6955 7168 5 2236 2237 35664 18349 18347
3281 6955 7178 5 2237 2238 8716 85555 35665
3282 6988 7178 4 2238 2239 87907 8717
3283 6988 7168 3 2239 2236 87873
3284 6988 6955 9 2236 2238 2322 2321 56425 56423 87061 86982 86981
3285 7178 7168 6 2237 2239 87903 86023 86017 35666
3286 7254 7384 5 2240 2241 89404 89402 89957
3287 7254 7526 5 2241 2242 3250 90528 89947
3288 7707 7526 8 2242 2243 8745 8743 89944 50532 50533 3251
3289 7707 7384 5 2243 2240 8320 8321 89773
3290 7707 7254 4 2240 2242 3249 19631
3291 7526 7384 6 2241 2243 89774 17473 17471 55663
3292 4879 4804 7 2244 2245 5915 67385 67383 68332 67584
3293 4879 4437 4 2245 2246 65230 5916
3294 4469 4437 9 2246 2247 67364 67118 67117 67233 66492 48924 48926
3295 4469 4804 3 2247 2244 67363
3296 4469 4879 7 2244 2246 65284 67645 67347 54576 54575
3297 4437 4804 9 2245 2247 9114 9116 62028 67469 67468 38877 5917
3298 292 424 7 2248 2249 26728 26811 26812 30685 125843
3299 292 295 5 2249 2250 21041 30572 26729
3300 363 295 11 2250 2251 24299 125785 110805 110804 114350 126098 126267 126105 21043
3301 363 424 7 2251 2248 8133 8130 126547 126255 24298
3302 363 292 4 2248 2250 21042 113716
3303 295 424 4 2249 2251 24297 26730
3304 5782 5508 9 2252 2253 91475 91569 91645 91149 71580 71581 91103
3305 5782 5343 5 2253 2254 91593 91183 91182
3306 5149 5343 6 2254 2255 18183 18185 73331 73332
3307 5149 5508 10 2255 2252 73751 73746 73745 73750 73798 73811 73605 73603
3308 5149 5782 3 2252 2254 91104
3309 5343 5508 3 2253 2255 73661
3310 6995 6684 5 2256 2257 16735 52905 52920
3311 6995 6732 6 2257 2258 51424 52719 35702 16736
3312 6781 6732 3 2258 2259 50592
3313 6781 6684 6 2259 2256 51609 17638 17640 50591
3314 6781 6995 9 2256 2258 51425 52901 52903 52721 51393 51392 52907
3315 6732 6684 6 2257 2259 50590 17690 9522 9519
3316 6750 6767 9 2260 2261 7024 7254 54043 54453 41143 41142 53722
3317 6750 6975 4 2261 2262 43795 7025
3318 7001 6975 9 2262 2263 43933 43932 44302 44194 44171 6145 6144
3319 7001 6767 5 2263 2260 54000 43949 43951
3320 7001 6750 3 2260 2262 53999
3321 6975 6767 7 2261 2263 44230 44227 53110 53880 7026
3322 4176 4241 7 2264 2265 76866 76867 64562 64563 65392
3323 4176 11916 4 2265 2266 77100 77070
3324 4264 11916 8 2266 2267 77296 14822 14823 65801 65799 76964
3325 4264 4241 5 2267 2264 65393 78418 78419
3326 4264 4176 4 2264 2266 64426 64428
3327 11916 4241 5 2265 2267 78370 78371 77071
3328 5328 5598 6 2268 2269 83295 86012 85636 85299
3329 5328 5313 5 2269 2270 12384 12385 18636
3330 5531 5313 5 2270 2271 74498 85365 13616
3331 5531 5598 8 2271 2268 85300 85627 85546 85544 20501 20503
3332 5531 5328 5 2268 2270 13615 71193 83367
3333 5313 5598 5 2269 2271 74497 85306 83296
3334 9906 9727 4 2272 2273 4116 4117
3335 9906 9846 5 2273 2274 147908 33031 33029
3336 9768 9846 4 2274 2275 148594 148593
3337 9768 9727 6 2275 2272 157504 157465 157463 158067
3338 9768 9906 5 2272 2274 147884 147886 157143
3339 9846 9727 5 2273 2275 103671 103668 110292
3340 6280 6345 7 2276 2277 87785 88750 88684 86099 86098
3341 6280 6505 4 2277 2278 88747 87786
3342 6375 6505 6 2278 2279 87658 86185 86186 88748
3343 6375 6345 3 2279 2276 88713
3344 6375 6280 6 2276 2278 88588 88589 88794 89506
3345 6505 6345 6 2277 2279 88560 88561 88633 87787
3346 7419 7402 5 2280 2281 52249 52248 98456
3347 7419 7396 6 2281 2282 92731 92801 86238 86239
3348 7639 7396 4 2282 2283 20391 20392
3349 7639 7402 5 2283 2280 98457 99009 90153
3350 7639 7419 8 2280 2282 18152 18151 90292 90112 90114 98454
3351 7396 7402 7 2281 2283 90152 98994 89895 89897 89775
3352 6923 7056 7 2284 2285 36689 55674 55627 55624 55625
3353 6923 6917 7 2285 2286 36872 9223 9221 36948 36690
3354 7022 6917 5 2286 2287 55563 52165 36873
3355 7022 7056 8 2287 2284 55513 55361 52730 36435 36434 55562
3356 7022 6923 5 2284 2286 13572 13571 55628
3357 6917 7056 3 2285 2287 36691
3358 7952 8045 6 2288 2289 42422 19356 19359 32471
3359 7952 7983 5 2289 2290 7754 7757 42423
3360 8120 7983 9 2290 2291 49322 32219 32220 45990 8773 8772 46644
3361 8120 8045 4 2291 2288 46520 49321
3362 8120 7952 5 2288 2290 44688 44246 44247
3363 7983 8045 6 2289 2291 49254 49255 6116 6118
3364 6811 6475 9 2292 2293 18765 77827 77830 94963 94975 95919 95895
3365 6811 6639 7 2293 2294 95119 95000 91494 91495 18766
3366 6546 6639 7 2294 2295 92405 77662 77660 95166 95120
3367 6546 6475 4 2295 2292 94416 92403
3368 6546 6811 4 2292 2294 95118 95692
3369 6639 6475 4 2293 2295 92404 18767
3370 7577 7205 4 2296 2297 8621 8619
3371 7577 7346 6 2297 2298 53467 53466 53464 34855
3372 7447 7346 5 2298 2299 53368 5298 5295
3373 7447 7205 6 2299 2296 40303 45589 53277 53276
3374 7447 7577 7 2296 2298 53446 53448 50706 45556 40302
3375 7346 7205 6 2297 2299 53351 52873 43174 34856
3376 7761 7448 4 2301 2302 35558 35557
3377 7405 7448 7 2302 2303 4565 35432 35434 35789 35820
3378 7405 7761 4 2300 2302 35594 35547
3379 7448 7508 4 2301 2303 4564 9712
3380 8529 8530 7 2304 2305 99221 99299 99256 99112 99113
3381 8529 8709 7 2305 2306 94041 94039 99158 92912 92913
3382 8563 8709 5 2306 2307 99264 98287 98288
3383 8563 8530 6 2307 2304 20409 20408 93696 99249
3384 8563 8529 4 2304 2306 99012 99304
3385 8709 8530 4 2305 2307 99266 99222
3386 9161 9178 4 2308 2309 21110 103100
3387 9161 9432 6 2309 2310 99188 102611 21506 21111
3388 9030 9432 5 2310 2311 102598 20879 20878
3389 9030 9178 7 2311 2308 21195 21194 102403 99348 99350
3390 9030 9161 5 2308 2310 99187 86739 86738
3391 9432 9178 6 2309 2311 99815 99813 102711 21112
3392 8705 9014 3 2312 2313 39381
3393 8705 8776 11 2313 2314 36034 39395 39394 39366 39364 38761 35685 35686 37151
3394 8927 8776 3 2314 2315 34193
3395 8927 9014 6 2315 2312 35895 35896 39234 34192
3396 8927 8705 7 2312 2314 36035 39390 39382 38686 38685
3397 10430 10286 5 2316 2317 112264 158884 158885
3398 10430 10526 4 2317 2318 145409 112265
3399 10357 10526 6 2318 2319 103780 103679 103681 145411
3400 10357 10286 6 2319 2316 103706 103708 145416 158486
3401 10357 10430 6 2316 2318 145410 158860 158871 158870
3402 10526 10286 6 2317 2319 158487 158459 148505 112266
3403 6955 6708 5 2320 2321 17041 16949 16952
3404 7133 6988 6 2322 2323 87620 87715 87906 8717
3405 7133 6708 5 2323 2320 86087 85861 85860
3406 7133 6955 4 2320 2322 8716 86536
3407 6988 6708 5 2321 2323 87585 87584 85519
3408 8635 8427 7 2324 2325 93785 93751 93585 93584 17503
3409 8635 8347 6 2325 2326 19698 93749 93750 94112
3410 8467 8347 6 2326 2327 90524 90525 19704 19699
3411 8467 8427 9 2327 2324 17505 19604 20265 22353 22635 93645 93644
3412 8467 8635 6 2324 2326 19612 19611 93201 17504
3413 8347 8427 5 2325 2327 93720 93726 94018
3414 9125 8952 7 2329 2330 34209 34212 156648 39211 30664
3415 9120 8952 4 2330 2331 40134 45451
3416 9120 8517 6 2331 2328 31033 40053 40052 40133
3417 9120 9125 9 2328 2330 153348 156662 155530 155528 34886 34888 31032
3418 5233 4977 5 2332 2333 2572 2573 83876
3419 5233 5091 4 2333 2334 83972 74363
3420 5428 5091 5 2334 2335 72231 73687 73684
3421 5428 4977 3 2335 2332 72230
3422 5428 5233 7 2332 2334 83973 16258 16260 83469 83468
3423 5091 4977 6 2333 2335 72229 74330 74582 74364
3424 5038 4755 7 2336 2337 72584 12875 12876 72851 72651
3425 5060 4755 3 2338 2336 72653
3426 4851 4755 6 2337 2338 72768 72770 73548 72585
3427 2764 2758 9 2339 2340 106150 106152 120306 79000 15167 15168 120278
3428 2764 2307 6 2340 2341 107887 122303 122391 120331
3429 2804 2307 7 2341 2342 76743 5215 5218 120279 107888
3430 2804 2758 7 2342 2339 25730 25729 122354 122358 79012
3431 2804 2764 3 2339 2341 107886
3432 2307 2758 5 2340 2342 79013 94726 120332
3433 6892 6781 6 2343 2344 3938 51242 51245 52721
3434 7309 6781 4 2345 2343 51393 51394
3435 6902 6781 8 2344 2345 52009 52261 51659 50648 50647 3940
3436 8163 8196 6 2346 2347 45722 45723 35724 35723
3437 8102 8115 4 2348 2349 35715 53262
3438 8102 8196 8 2349 2346 36707 36525 36527 6374 6376 35713
3439 8102 8163 4 2346 2348 39703 39704
3440 8115 8196 5 2347 2349 35714 36514 36513
3441 8510 8708 5 2350 2351 38595 35221 33293
3442 8510 8727 5 2351 2352 36216 36214 37185
3443 8672 8727 3 2352 2353 38010
3444 8672 8708 8 2353 2350 33295 36539 35663 4692 4690 35906
3445 8672 8510 6 2350 2352 36237 36236 36586 33294
3446 8727 8708 8 2351 2353 38079 38526 38089 38021 4958 4957
3447 7992 7905 9 2354 2355 37626 37627 98398 98483 23434 23432 33101
3448 7992 7946 4 2355 2356 98389 90172
3449 7999 7946 4 2356 2357 90228 97730
3450 7999 7905 3 2357 2354 36639
3451 7999 7992 6 2354 2356 98388 93662 93661 36638
3452 7946 7905 7 2355 2357 50569 50567 36968 36967 52540
3453 7753 7735 6 2358 2359 39045 39490 35928 35929
3454 7741 7735 4 2360 2358 40425 39757
3455 7811 7735 4 2359 2360 39674 39046
3456 8911 8951 9 2361 2362 35057 35979 98675 34392 34394 38527 4691
3457 8911 8817 4 2362 2363 38531 35058
3458 8672 8817 5 2363 2364 35663 37286 37288
3459 8672 8951 3 2364 2361 4692
3460 8672 8911 6 2361 2363 38529 38530 35905 4690
3461 8817 8951 7 2362 2364 35662 37883 37540 6944 6946
3462 5842 5740 4 2365 2366 7153 17158
3463 5842 5549 4 2366 2367 20460 7152
3464 5475 5549 8 2367 2368 16959 18870 16683 16523 16522 20461
3465 5475 5740 4 2368 2365 20446 16957
3466 5475 5842 7 2365 2367 20459 85251 86024 85912 71323
3467 5549 5740 6 2366 2368 16958 85645 99573 7154
3468 8575 8787 8 2369 2370 98371 98089 37394 21542 21540 8713
3469 8575 8583 4 2370 2371 98355 98369
3470 8512 8583 7 2371 2372 37880 37881 47007 37258 37256
3471 8512 8787 5 2372 2369 8715 35185 36678
3472 8512 8575 5 2369 2371 19989 19988 8714
3473 8583 8787 7 2370 2372 37882 37696 37606 6959 6961
3474 8982 8787 6 2373 2374 37397 152127 37498 35773
3475 8982 8753 3 2374 2375 19760
3476 9010 8753 4 2375 2376 37780 19762
3477 9010 8787 6 2376 2373 35775 37678 37868 37905
3478 9010 8982 8 2373 2375 19761 158248 148634 104053 103294 35774
3479 8753 8787 7 2374 2376 35186 8715 8713 37375 37398
3480 8328 8213 6 2377 2378 36218 36226 12829 12830
3481 8328 8007 3 2378 2379 36013
3482 8232 8007 8 2379 2380 36016 5109 5111 5076 4575 4573
3483 8232 8213 3 2380 2377 36015
3484 8232 8328 10 2377 2379 2555 2557 36555 36582 38614 36172 36148 36119
3485 8007 8213 7 2378 2380 36014 36021 4585 4584 36187
3486 7944 8191 4 2384 2381 52729 5171
3487 7944 8316 4 2381 2383 4250 35920
3488 8134 8191 6 2382 2384 5172 38840 35056 35053
3489 2454 2137 6 2385 2386 16096 16094 84387 84388
3490 2454 2059 5 2386 2387 76130 118562 118698
3491 1940 2059 7 2387 2388 118395 118246 118247 118242 76131
3492 1940 2137 3 2388 2385 84422
3493 1940 2454 7 2385 2387 76129 118376 118375 118535 84421
3494 2059 2137 6 2386 2388 113770 113772 76044 76043
3495 10274 10105 4 2390 2391 102616 102617
3496 10274 10265 7 2391 2389 109969 110645 16767 16766 102942
3497 10274 10164 5 2389 2390 102709 102894 107407
3498 8710 8748 6 2392 2393 21400 99607 86356 86357
3499 8744 8908 8 2394 2395 20174 20042 20041 102520 102471 99800
3500 8744 8748 5 2395 2392 22840 18722 18724
3501 8744 8710 6 2392 2394 99251 20059 20058 86351
3502 8908 8748 7 2393 2395 99186 99588 99587 99703 21401
3503 2800 2824 7 2396 2397 15850 29520 63144 63145 82416
3504 2800 2826 5 2397 2398 115357 112883 15851
3505 3168 2826 7 2398 2399 24391 24393 79574 79646 82188
3506 3168 2824 5 2399 2396 63350 63349 115331
3507 3168 2800 4 2396 2398 82197 82196
3508 2826 2824 6 2397 2399 79905 79903 115708 15852
3509 2688 2489 7 2400 2401 119957 119899 119743 119744 135340
3510 2688 2441 3 2401 2402 63953
3511 2626 2441 11 2402 2403 136765 119750 119752 119790 79282 79281 78707 78708 63955
3512 2626 2489 4 2403 2400 135342 136768
3513 2626 2688 6 2400 2402 63954 118901 135483 135341
3514 2441 2489 7 2401 2403 136770 136262 120054 120012 120013
3515 67 11685 5 2404 2405 84511 84513 101632
3516 11004 11685 9 2406 2404 101633 107843 107818 107819 107879 107882 113336
3517 11355 11685 3 2405 2406 84518
3518 2470 2544 7 2407 2408 118075 82151 82152 118765 118366
3519 2470 2318 6 2408 2409 80114 16084 16087 118076
3520 2116 2318 8 2409 2410 122633 116130 24875 24877 118817 118806
3521 2116 2544 7 2410 2407 118367 118561 118558 118593 122642
3522 2116 2470 4 2407 2409 118805 118365
3523 2318 2544 5 2408 2410 122641 79288 79290
3524 3183 3122 5 2411 2412 82031 114271 80820
3525 3183 3317 5 2412 2413 81522 82029 82030
3526 3320 3317 6 2413 2414 16059 15101 15100 81523
3527 3320 3122 6 2414 2411 80821 79841 24130 16079
3528 3320 3183 4 2411 2413 24172 24174
3529 3317 3122 8 2412 2414 16078 50184 50183 15793 15795 80160
3530 9101 8916 6 2415 2416 104829 104830 97433 21749
3531 9101 9072 6 2416 2417 13086 13084 104750 104907
3532 8879 9072 7 2417 2418 95439 95440 97307 96984 96755
3533 8879 8916 3 2418 2415 21750
3534 8879 9101 6 2415 2417 96754 95049 16932 16931
3535 9072 8916 7 2416 2418 21528 21527 104919 48460 48459
3536 8895 8894 5 2419 2420 49155 49118 42448
3537 8895 8707 6 2420 2421 49256 46472 32952 32953
3538 8262 8707 4 2421 2422 32789 32788
3539 8262 8894 7 2422 2419 42450 6017 6019 49015 49263
3540 8262 8895 4 2419 2421 49303 42449
3541 8707 8894 6 2420 2422 49262 49276 49154 49152
3542 6238 6515 5 2423 2424 74961 91616 91615
3543 6238 6609 4 2424 2425 92415 74962
3544 6533 6609 9 2425 2426 91411 91833 90342 52447 14095 14094 52057
3545 6533 6515 3 2426 2423 91410
3546 6533 6238 5 2423 2425 92414 88334 88333
3547 6609 6515 6 2424 2426 91187 91186 19267 19269
3548 7087 7102 6 2427 2428 8835 5302 5300 39113
3549 7087 7025 4 2428 2429 40684 8836
3550 6886 7025 6 2429 2430 40195 40196 55201 40686
3551 6886 7102 5 2430 2427 39115 40941 40741
3552 6886 7087 6 2427 2429 40685 56934 53554 39114
3553 7025 7102 6 2428 2430 40646 40600 40602 8837
3554 8478 8277 6 2431 2432 98252 99116 86803 86804
3555 8478 8315 6 2432 2433 99193 98911 93511 93509
3556 8480 8315 5 2433 2434 90078 90080 92822
3557 8480 8277 5 2434 2431 98948 98947 98972
3558 8480 8478 4 2431 2433 98966 98967
3559 8315 8277 6 2432 2434 98971 98975 13297 13296
3560 6753 6361 8 2435 2436 19106 19107 32183 32182 48990 48444
3561 6753 7452 3 2436 2437 10613
3562 7235 7452 8 2437 2438 48596 49683 48874 48870 32737 10615
3563 7235 6361 3 2438 2435 48446
3564 7235 6753 10 2435 2437 10614 11793 10468 10470 49030 66057 49745 48445
3565 7452 6361 5 2436 2438 8204 8201 44542
3566 8001 8663 4 2439 2440 101229 94502
3567 8001 8919 6 2440 2441 21230 94084 100761 100762
3568 8417 8919 7 2441 2442 100985 100474 100473 22611 21232
3569 8417 8663 4 2442 2439 92633 92632
3570 8417 8001 5 2439 2441 21231 21224 21223
3571 8919 8663 5 2440 2442 22425 22424 101054
3572 1254 1319 7 2443 2444 29885 124996 124950 124925 124923
3573 1254 1485 5 2444 2445 124901 124735 29886
3574 1534 1319 4 2446 2443 124926 112791
3575 1534 1254 5 2443 2445 124918 124915 124914
3576 1485 1319 6 2444 2446 112790 117794 117788 29887
3577 9062 8937 8 2447 2448 19920 86348 103123 103192 93374 93377
3578 8909 8842 4 2449 2450 16914 16915
3579 8909 8937 8 2450 2447 98186 98187 86403 86402 98723 98725
3580 8909 9062 4 2447 2449 98605 98800
3581 8842 8937 6 2448 2450 3413 3410 20111 19922
3582 10874 10651 5 2451 2452 110123 110124 110794
3583 10874 10538 7 2452 2453 111169 144821 148331 145368 110907
3584 10768 10538 3 2453 2454 110607
3585 10768 10651 11 2454 2451 22941 22943 26972 110789 112346 112274 112273 102969 102968
3586 10768 10874 7 2451 2453 111170 144554 126757 126759 144819
3587 10538 10651 5 2452 2454 108456 108455 110908
3588 7167 7097 6 2455 2456 94240 93826 93397 91621
3589 7167 7070 5 2456 2457 70977 70978 94241
3590 7495 7070 4 2457 2458 94330 94286
3591 7495 7097 4 2458 2455 91622 95174
3592 7495 7167 9 2455 2457 88414 88413 94321 101075 94281 22650 22649
3593 7070 7097 6 2456 2458 18457 18458 94852 94242
3594 4825 4599 6 2459 2460 19094 19097 25940 76492
3595 4825 4257 6 2460 2461 76502 14161 14159 75053
3596 3376 4257 6 2461 2462 22299 22297 75622 76503
3597 3376 4599 7 2462 2459 76491 75597 75595 75891 75877
3598 3376 4825 3 2459 2461 76493
3599 4257 4599 7 2460 2462 75878 75979 75989 22614 22615
3600 3199 3054 4 2463 2464 132479 63059
3601 3199 3186 9 2464 2465 62671 3594 3593 62826 62833 62834 137181
3602 3132 3186 3 2465 2466 62033
3603 3132 3054 5 2466 2463 63061 62569 62032
3604 3132 3199 10 2463 2465 62384 25098 25097 60585 62616 62621 132360 63060
3605 3186 3054 7 2464 2466 62031 62507 28883 28882 62620
3606 3402 3595 6 2467 2468 84392 15678 15681 16340
3607 3402 5345 9 2468 2469 84486 113359 83363 83364 101069 76032 76033
3608 5130 5345 10 2469 2470 75941 84438 74553 74551 75658 75659 113362 84487
3609 5130 3595 4 2470 2467 83789 75939
3610 5130 3402 3 2467 2469 83788
3611 5345 3595 5 2468 2470 75940 84303 84302
3612 2465 2559 6 2471 2472 114027 114080 114193 114167
3613 2465 2319 6 2472 2473 24631 24632 24730 24731
3614 2485 2319 8 2473 2474 83833 113961 114134 114125 114124 114127
3615 2485 2559 9 2474 2471 3194 3193 113737 114237 113805 113807 83832
3616 2485 2465 3 2471 2473 114126
3617 2319 2559 5 2472 2474 83031 24134 24136
3618 4078 3896 7 2475 2476 64416 49903 49904 65842 65213
3619 4078 3982 3 2476 2477 11231
3620 4051 3982 7 2477 2478 65013 28422 28423 64375 11232
3621 4051 3896 3 2478 2475 65012
3622 4051 4078 4 2475 2477 11230 64412
3623 3982 3896 7 2476 2478 61774 11132 10006 10008 43476
3624 4142 4282 7 2479 2480 77909 77992 77991 75234 75236
3625 4467 4415 5 2481 2482 74833 74835 74943
3626 4467 4282 5 2482 2479 74116 74118 77650
3627 4467 4142 5 2479 2481 74942 75121 75123
3628 4415 4282 5 2480 2482 75280 75279 77881
3629 4841 4671 5 2483 2484 74152 71495 71496
3630 4841 4921 9 2484 2485 74150 74137 73631 73389 72331 72332 74151
3631 4645 4921 4 2485 2486 13149 73461
3632 4645 4671 7 2486 2483 74507 75619 78243 71136 13148
3633 4645 4841 6 2483 2485 74148 74092 74090 74506
3634 4921 4671 4 2484 2486 13147 74044
3635 2812 4015 4 2487 2488 25236 25239
3636 2812 3705 7 2488 2489 101863 113426 113448 113447 113582
3637 4194 3705 6 2489 2490 80897 15972 15973 82864
3638 4194 4015 6 2490 2487 84166 84168 84336 84320
3639 4194 2812 6 2487 2489 101386 101284 84311 84313
3640 3705 4015 6 2488 2490 84233 84133 84132 113500
3641 7990 8344 4 2491 2492 5288 8863
3642 7990 8234 7 2492 2493 40666 39811 39810 33499 5289
3643 8096 8234 5 2493 2494 39682 39798 40683
3644 8096 8344 9 2494 2491 39440 45205 38459 38460 39658 39657 39681
3645 8096 7990 6 2491 2493 40681 5524 5525 5659
3646 8234 8344 9 2492 2494 39680 39693 40210 39594 39593 5693 5290
3647 7059 6966 4 2495 2496 92145 18804
3648 7059 7058 6 2496 2497 20304 92322 92321 92146
3649 6933 7058 3 2497 2498 20306
3650 6933 6966 6 2498 2495 16947 16948 17977 91727
3651 6933 7059 6 2495 2497 20305 92202 92163 18803
3652 7058 6966 8 2496 2498 91726 92210 19546 19545 95764 92147
3653 9921 9910 8 2499 2500 22782 22773 22771 107188 107226 106491
3654 9921 9879 7 2500 2501 21834 21835 21841 95358 95352
3655 9914 9879 5 2501 2502 106613 106612 106474
3656 9914 9910 5 2502 2499 106493 106475 106476
3657 9914 9921 4 2499 2501 106473 106492
3658 9879 9910 3 2500 2502 95353
3659 7238 7363 7 2503 2504 93719 93718 95066 93763 93766
3660 7238 7420 4 2504 2505 94945 95025
3661 6942 7420 5 2505 2506 94961 91937 91936
3662 6942 7363 4 2506 2503 95010 95136
3663 6942 7238 4 2503 2505 18797 18796
3664 7420 7363 9 2504 2506 95137 95826 95626 95599 19465 19466 95026
3665 7771 7856 6 2507 2508 90521 90519 94992 9351
3666 7771 7420 8 2508 2509 95657 95860 94959 94960 19465 19463
3667 7628 7420 9 2509 2510 91892 95046 91774 91775 94746 95880 95658
3668 7628 7856 7 2510 2507 9352 17651 94530 94529 91890
3669 7628 7771 4 2507 2509 95262 9350
3670 7420 7856 3 2508 2510 91891
3671 8752 7532 4 2511 2512 13586 101050
3672 8752 7716 5 2512 2513 100816 76369 13587
3673 7894 7716 7 2513 2514 94346 94344 94401 94402 101044
3674 7894 7532 6 2514 2511 101046 100524 93263 93262
3675 7894 8752 6 2511 2513 101043 76052 11015 11014
3676 7716 7532 8 2512 2514 100898 100886 100887 75911 75910 13588
3677 1905 1929 10 2515 2516 113088 114060 114041 111560 111559 24794 24797 82522
3678 1905 2457 3 2516 2517 113087
3679 2591 2457 8 2517 2518 113734 113733 113691 83017 83018 113219
3680 2591 1929 6 2518 2515 82524 114308 101605 101606
3681 2591 1905 5 2515 2517 113903 112972 82523
3682 2457 1929 4 2516 2518 113930 113089
3683 10992 10821 5 2519 2520 34065 131633 131916
3684 10992 10617 8 2520 2521 134600 154926 150373 31690 31689 34066
3685 11342 10617 4 2521 2522 149580 134602
3686 11342 10821 6 2522 2519 150474 154475 154494 154503
3687 11342 10992 6 2519 2521 134601 150479 150481 150473
3688 10617 10821 5 2520 2522 154504 154501 34067
3689 777 182 6 2523 2524 112629 114051 102238 102239
3690 777 706 5 2524 2525 26154 26153 101782
3691 432 706 7 2525 2526 112403 20734 20733 112777 112637
3692 432 182 6 2526 2523 112818 112920 112922 112625
3693 432 777 8 2523 2525 2781 2782 113070 112984 94504 94506
3694 706 182 6 2524 2526 112624 112843 112859 112630
3695 10544 10637 8 2527 2528 101677 101678 104721 104720 107957 23382
3696 10544 11051 3 2528 2529 13872
3697 10905 11051 11 2529 2530 22855 22857 102139 23672 21372 21371 22781 22780 13874
3698 10905 10637 5 2530 2527 23383 23033 22879
3699 10905 10544 5 2527 2529 13873 23315 23316
3700 11051 10637 7 2528 2530 20753 20755 21475 102007 107312
3701 6090 8562 4 2531 2532 100964 100956
3702 6090 4417 5 2532 2533 101381 99524 99523
3703 5915 4417 5 2533 2534 15974 15975 16195
3704 5915 8562 6 2534 2531 100957 101643 113298 84061
3705 5915 6090 6 2531 2533 101382 101407 101357 100955
3706 4417 8562 6 2532 2534 84062 101120 101453 100965
3707 10037 9969 8 2535 2536 77141 106269 105249 105247 106128 106137
3708 10037 8995 3 2536 2537 77140
3709 9712 8995 6 2537 2538 96958 28402 28400 65980
3710 9712 9969 4 2538 2535 106095 106094
3711 9712 10037 11 2535 2537 22255 22256 25606 106324 105279 95424 95426 106105 106136
3712 8995 9969 10 2536 2538 106091 105783 105780 149688 19461 19462 65813 65811
3713 10373 10357 4 2539 2540 99387 102898
3714 10373 10216 6 2540 2541 103623 110510 112334 99388
3715 10249 10216 6 2541 2542 103594 103155 103156 103622
3716 10249 10357 6 2542 2539 112289 158435 103642 103641
3717 10249 10373 7 2539 2541 103621 3850 3849 103614 112288
3718 10216 10357 5 2540 2542 103678 104363 99389
3719 11235 11466 5 2543 2544 145141 145201 103664
3720 11235 11286 6 2544 2545 144903 30990 30993 145142
3721 11175 11286 4 2545 2546 145096 145093
3722 11175 11466 5 2546 2543 103665 109850 109852
3723 11175 11235 6 2543 2545 110242 110240 145149 103663
3724 11286 11466 8 2544 2546 145152 144823 144825 31855 31854 145143
3725 8176 8106 4 2547 2548 99635 99634
3726 8176 8275 5 2548 2549 99507 99684 99774
3727 8653 8275 7 2549 2550 20084 99713 102567 100103 99508
3728 8653 8106 3 2550 2547 20083
3729 8653 8176 5 2547 2549 94086 94087 99766
3730 8275 8106 6 2548 2550 20082 21089 16826 16828
3731 9715 7748 5 2551 2552 31116 31117 34017
3732 9715 8896 5 2552 2553 42468 155453 42186
3733 8288 8896 9 2553 2554 42477 41848 41849 41851 155783 142978 42469
3734 8288 7748 7 2554 2551 10060 10062 33272 33668 42479
3735 8288 9715 4 2551 2553 42277 42279
3736 8896 7748 6 2552 2554 42230 42232 42435 42187
3737 8328 8290 9 2555 2556 36558 38366 38654 38735 36227 36218 36013
3738 8328 8208 3 2556 2557 36556
3739 8232 8208 6 2557 2558 4575 5077 36400 36557
3740 8232 8290 3 2558 2555 4573
3741 8208 8290 5 2556 2558 4574 36124 36559
3742 9232 9334 6 2559 2560 157266 157267 158238 158251
3743 9232 9405 7 2560 2561 38084 151672 151670 152123 158018
3744 9442 9405 4 2561 2562 152161 38085
3745 9442 9334 8 2562 2559 152230 152229 158122 153166 153165 158202
3746 9442 9232 5 2559 2561 7759 7758 158252
3747 9405 9334 5 2560 2562 5073 5072 158019
3748 7131 7124 6 2563 2564 91460 92808 87853 87854
3749 7131 7142 5 2564 2565 86172 74271 74272
3750 6996 7142 6 2565 2566 92162 20477 20478 92083
3751 6996 7124 4 2566 2563 92639 93221
3752 6996 7131 8 2563 2565 8559 8561 90540 90464 90463 92638
3753 7142 7124 4 2564 2566 93220 91461
3754 2901 1360 8 2567 2568 122090 122075 119858 119859 121998 121997
3755 2901 2202 6 2568 2569 122064 105953 105952 121252
3756 5523 2202 9 2569 2570 121981 106629 106631 106379 106381 121972 121975
3757 5523 1360 5 2570 2567 122172 94620 94622
3758 5523 2901 5 2567 2569 105411 105410 122171
3759 2202 1360 5 2568 2570 122124 107608 107610
3760 5233 5018 8 2571 2572 74363 84838 100796 83947 76132 76133
3761 5064 4977 5 2573 2574 75722 74411 74412
3762 5064 5018 5 2574 2571 84259 84260 84858
3763 5064 5233 5 2571 2573 83875 70878 70877
3764 4977 5018 5 2572 2574 84859 84576 74364
3765 9785 9731 6 2575 2576 153130 153095 152226 35195
3766 9785 9809 7 2576 2577 153185 153199 153200 152926 152924
3767 9888 9809 5 2577 2578 38288 152220 152219
3768 9888 9731 5 2578 2575 35197 152258 38287
3769 9888 9785 4 2575 2577 153160 35196
3770 9809 9731 4 2576 2578 4294 4291
3771 10242 9894 6 2579 2580 21319 34626 31112 7058
3772 10242 10130 8 2580 2581 3852 3851 112316 112394 112401 21320
3773 10010 10130 5 2581 2582 103480 103475 103179
3774 10010 9894 4 2582 2579 7059 103433
3775 10010 10242 5 2579 2581 103178 34378 7057
3776 10130 9894 4 2580 2582 21487 21321
3777 9659 9725 9 2583 2584 97168 97169 97447 97098 22008 22009 104286
3778 9659 9843 3 2584 2585 97394
3779 9488 9843 5 2585 2586 94033 21263 21265
3780 9488 9725 5 2586 2583 104819 104948 108150
3781 9488 9659 8 2583 2585 103814 97038 97040 97323 97388 104818
3782 9843 9725 6 2584 2586 104820 104266 22571 22570
3783 2490 2882 5 2587 2588 28466 28469 64137
3784 2490 2770 6 2588 2589 135377 135506 135507 135973
3785 2455 2770 7 2589 2590 136065 119112 119111 136911 135378
3786 2455 2882 3 2590 2587 135021
3787 2455 2490 9 2587 2589 135022 27512 27510 64490 64489 136724 135020
3788 2770 2882 9 2588 2590 136064 136903 135913 64184 64183 135927 135930
3789 8580 8370 5 2591 2592 8612 19735 47809
3790 8580 8837 5 2592 2593 47862 19337 8613
3791 8804 8370 5 2594 2591 33449 33448 47528
3792 8804 8580 7 2591 2593 48020 17832 6231 6230 47798
3793 8837 8370 6 2592 2594 47529 47517 47516 8614
3794 11690 11818 4 2595 2596 123272 121438
3795 11690 11757 5 2596 2597 109249 117699 123271
3796 11548 11757 6 2597 2598 106351 107269 107271 109250
3797 11548 11818 6 2598 2595 121437 109325 105359 105361
3798 11548 11690 7 2595 2597 106587 106589 108153 108154 121433
3799 11757 11818 7 2596 2598 106350 109340 106021 106022 122674
3800 10058 9184 11 2599 2600 48826 48827 48944 48942 48610 33123 33124 150774 49189
3801 10058 250 5 2600 2601 133875 11688 11689
3802 8980 250 6 2601 2602 120792 120794 151456 151273
3803 8980 9184 8 2602 2599 49191 131617 131619 49283 49285 151226
3804 8980 10058 5 2599 2601 151272 151448 49190
3805 250 9184 3 2600 2602 150812
3806 7558 7486 8 2603 2604 93817 92291 92292 95181 93181 93183
3807 7558 7907 3 2604 2605 93818
3808 7932 7907 6 2605 2606 93721 93147 93146 93560
3809 7932 7486 4 2606 2603 93782 93781
3810 7932 7558 7 2603 2605 84473 84472 18951 18948 94285
3811 7907 7486 5 2604 2606 7629 7626 90979
3812 8449 8201 8 2607 2608 48473 48792 48799 48796 48795 48875
3813 8449 8165 7 2608 2609 46481 32639 32642 48671 48474
3814 8031 8165 5 2609 2610 7466 7465 48298
3815 8031 8201 5 2610 2607 48876 48608 48282
3816 8031 8449 6 2607 2609 48297 44322 44323 46327
3817 8165 8201 5 2608 2610 4590 4587 6173
3818 509 339 8 2611 2612 30448 126628 126590 126591 29153 29151
3819 509 309 3 2612 2613 30449
3820 446 309 6 2613 2614 126541 126540 143724 126594
3821 446 339 3 2614 2611 127039
3822 309 339 6 2612 2614 127038 143149 126978 30450
3823 4168 4333 7 2615 2616 9772 9770 73041 73042 77679
3824 4168 4554 3 2616 2617 75099
3825 4350 4554 4 2617 2618 74722 74723
3826 4350 4333 5 2618 2615 78139 78141 78150
3827 4350 4168 6 2615 2617 74403 74405 80518 78160
3828 4554 4333 8 2616 2618 78151 78157 78155 77954 77956 78075
3829 11357 11508 6 2619 2620 111013 111503 111501 34436
3830 11357 11258 5 2620 2621 125607 144808 111014
3831 11393 11258 4 2621 2622 144786 125608
3832 11393 11508 6 2622 2619 34437 144399 144398 144557
3833 11393 11357 7 2619 2621 125606 30745 30744 30609 30608
3834 11258 11508 4 2620 2622 125974 111015
3835 11722 11846 8 2623 2624 24243 24244 26329 114487 111751 111748
3836 11722 11609 5 2624 2625 111492 111548 26405
3837 11778 11609 6 2625 2626 111997 31912 31913 111493
3838 11778 11846 7 2626 2623 111749 111759 125112 125168 111996
3839 11778 11722 3 2623 2625 111491
3840 11609 11846 4 2624 2626 111725 26406
3841 3348 3205 8 2627 2628 14918 15657 13128 13129 13284 70901
3842 3348 3515 6 2628 2629 80495 75832 75833 14919
3843 3605 3515 5 2629 2630 14844 14843 80496
3844 3605 3205 7 2630 2627 76078 76105 76106 76327 76326
3845 3605 3348 4 2627 2629 80471 76077
3846 3515 3205 4 2628 2630 79726 14920
3847 10510 11442 6 2631 2632 106590 106591 107775 107820
3848 10510 11412 4 2632 2633 20489 20490
3849 10668 11412 9 2633 2634 101722 101689 101688 101796 101798 25879 25878
3850 10668 11442 5 2634 2631 101964 101954 101720
3851 10668 10510 9 2631 2633 101808 107964 107965 107969 107970 100757 100754
3852 11412 11442 5 2632 2634 101721 101646 101647
3853 7204 7021 8 2635 2636 48141 48139 49518 96662 96666 91007
3854 7204 7310 4 2636 2637 91045 91657
3855 7483 7310 8 2637 2638 90388 90912 90428 50377 50375 91046
3856 7483 7021 5 2638 2635 90399 90398 90387
3857 7483 7204 8 2635 2637 18810 18812 95744 95743 8579 8578
3858 7310 7021 5 2636 2638 17619 17618 19102
3859 7928 8015 6 2639 2640 21668 14176 14174 94136
3860 7928 7809 5 2640 2641 94616 94614 21669
3861 7679 7809 7 2641 2642 95193 76417 76416 74713 74712
3862 7679 8015 9 2642 2639 94659 94657 94742 94743 95283 95285 95270
3863 7679 7928 5 2639 2641 95196 95296 95191
3864 7809 8015 3 2640 2642 21670
3865 3907 4181 6 2643 2644 76349 76329 76332 78992
3866 3907 4174 6 2644 2645 78837 78460 76273 76272
3867 4265 4174 5 2645 2646 14183 19116 76665
3868 4265 4181 6 2646 2643 75102 75101 14395 14181
3869 4265 3907 5 2643 2645 76450 76449 78889
3870 4174 4181 6 2644 2646 14182 77887 76357 76355
3871 8486 8339 5 2647 2648 93639 93876 93400
3872 8486 8392 5 2648 2649 93704 18991 18989
3873 8395 8392 6 2649 2650 93533 93634 18046 18044
3874 8395 8339 7 2650 2647 22678 21305 19534 19533 93532
3875 8395 8486 5 2647 2649 93582 92956 92958
3876 8392 8339 3 2648 2650 93531
3877 8176 8321 4 2651 2652 99766 99634
3878 8176 8239 8 2652 2653 99073 99868 93284 92587 92590 94087
3879 8018 8239 4 2653 2654 21128 21127
3880 8018 8321 5 2654 2651 93423 86052 86053
3881 8018 8176 6 2651 2653 99072 99824 99774 99635
3882 8239 8321 5 2652 2654 99746 20491 20493
3883 8880 8209 10 2655 2656 19362 19360 96369 47973 47974 96364 46283 46284
3884 8880 11927 3 2656 2657 47816
3885 8071 11927 6 2657 2658 96488 96490 48096 47818
3886 8071 8209 4 2658 2655 96922 96860
3887 8071 8880 7 2655 2657 47817 47998 48114 48113 48171
3888 11927 8209 5 2656 2658 77437 77436 96863
3889 2227 2221 6 2659 2660 119810 119411 119409 15037
3890 2227 2286 4 2660 2661 18107 119807
3891 2189 2286 7 2661 2662 119800 78573 78572 28405 18109
3892 2189 2221 5 2662 2659 15038 119709 119837
3893 2189 2227 5 2659 2661 18108 28546 15036
3894 2286 2221 4 2660 2662 25002 25003
3895 165 174 6 2663 2664 125067 25835 25836 25993
3896 165 80 6 2664 2665 111514 125152 124356 124355
3897 11687 80 6 2665 2666 113042 123066 108768 108767
3898 11687 174 8 2666 2663 25995 20842 20844 23547 112914 113041
3899 11687 165 4 2663 2665 111515 25994
3900 80 174 5 2664 2666 113040 22996 22995
3901 7721 7913 5 2667 2668 93005 52584 52585
3902 7721 7826 5 2668 2669 20394 20393 90092
3903 7639 7826 8 2669 2670 89872 89873 90541 14421 14422 92983
3904 7639 7913 4 2670 2667 99065 93113
3905 7639 7721 7 2667 2669 92997 20389 20391 90153 99007
3906 7826 7913 6 2668 2670 92987 92986 19852 19849
3907 7872 7959 8 2671 2672 90138 90139 90192 90196 7177 7178
3908 7872 7617 5 2672 2673 16060 16061 18459
3909 7826 7617 7 2673 2674 19809 89873 89991 89992 19629
3910 7826 7959 4 2674 2671 92986 19807
3911 7617 7959 3 2672 2674 19808
3912 10114 10366 6 2675 2676 145542 145543 148551 148552
3913 10114 10099 6 2676 2677 158094 148578 148557 148525
3914 10238 10099 6 2677 2678 147581 147583 158601 158095
3915 10238 10366 5 2678 2675 35311 35310 147760
3916 10238 10114 5 2675 2677 148452 148451 148553
3917 10099 10366 5 2676 2678 147651 147650 148424
3918 2456 2818 5 2679 2680 14792 14793 118758
3919 2456 2888 6 2680 2681 120310 22350 22351 25668
3920 2666 2888 4 2681 2682 119910 119909
3921 2666 2818 6 2682 2679 14564 14563 119046 119043
3922 2666 2456 5 2679 2681 120311 120341 118759
3923 2888 2818 6 2680 2682 79397 78956 78955 25669
3924 480 1360 3 2683 2684 104876
3925 480 409 6 2684 2685 121746 122129 122130 122229
3926 986 409 4 2685 2686 122165 121747
3927 986 1360 7 2686 2683 22556 22557 76704 122128 122164
3928 986 480 6 2683 2685 121745 75925 75927 104877
3929 409 1360 7 2684 2686 121737 121736 94621 94620 122227
3930 4959 4886 7 2687 2688 72769 72735 64758 64757 73266
3931 4959 5060 7 2688 2689 72774 73508 72652 72653 73510
3932 5099 5060 6 2689 2690 68905 64866 64864 68994
3933 5099 4886 6 2690 2687 77292 73019 72907 72905
3934 5099 4959 6 2687 2689 72773 73653 77455 77291
3935 5060 4886 3 2688 2690 72904
3936 10988 10935 7 2691 2692 128660 145270 31129 31128 144674
3937 10988 11141 5 2692 2693 145325 145323 128661
3938 11034 11141 7 2693 2694 31081 31083 145435 144972 144971
3939 11034 10935 5 2694 2691 144675 145356 112364
3940 11034 10988 6 2691 2693 145425 145405 144252 144251
3941 11141 10935 3 2692 2694 112365
3942 3037 3883 5 2695 2696 4863 4864 76049
3943 3037 3066 6 2696 2697 16055 113389 23034 23035
3944 3871 3066 8 2697 2698 25196 13994 13996 83846 75770 16057
3945 3871 3883 6 2698 2695 75938 75937 15280 15281
3946 3871 3037 4 2695 2697 16056 76046
3947 2623 2659 3 2699 2700 63382
3948 2623 2798 6 2700 2701 135566 63007 63008 63383
3949 2713 2798 4 2701 2702 64542 120101
3950 2713 2659 6 2702 2699 119991 119588 119590 64541
3951 2713 2623 5 2699 2701 79402 79401 136036
3952 2798 2659 6 2700 2702 64540 136124 136141 63384
3953 11023 10594 6 2703 2704 134564 150091 151304 151379
3954 11023 11226 6 2704 2705 32469 32467 151454 134565
3955 11299 11226 7 2705 2706 48237 48240 150364 151399 134706
3956 11299 10594 8 2706 2703 151267 150192 150191 150216 150203 49229
3957 11299 11023 4 2703 2705 134705 151323
3958 11226 10594 3 2704 2706 49230
3959 11389 11407 6 2707 2708 145736 144941 144940 3917
3960 11199 11407 4 2708 2709 144501 145737
3961 11407 11448 7 2707 2709 144500 144625 126448 126445 3918
3962 11655 11654 7 2710 2711 26291 26292 145965 145903 145825
3963 11655 11326 4 2711 2712 145774 145746
3964 11449 11326 7 2712 2713 126303 126302 125691 125690 144547
3965 11449 11654 4 2713 2710 31723 31720
3966 11449 11655 7 2710 2712 145780 145828 30985 30984 145055
3967 11326 11654 4 2711 2713 140641 144868
3968 9842 9858 6 2714 2715 31921 151107 31296 31294
3969 9842 10042 5 2715 2716 47893 47891 31922
3970 10161 10042 7 2716 2717 150746 149777 149776 150804 150065
3971 10161 9858 5 2717 2714 150064 150897 150896
3972 10161 9842 6 2714 2716 106010 106009 149817 150063
3973 10042 9858 6 2715 2717 10758 3979 3978 31923
3974 9820 10148 4 2718 2719 106416 106466
3975 9820 9636 7 2719 2720 106274 106235 96191 96192 96236
3976 9864 9636 8 2720 2721 31668 105188 106070 106285 106145 106146
3977 9864 10148 6 2721 2718 106402 106231 105950 31666
3978 9864 9820 4 2718 2720 106490 106495
3979 9636 10148 7 2719 2721 31667 106296 22040 22042 25656
3980 9558 9292 6 2722 2723 104671 105068 21997 21998
3981 9558 9387 3 2723 2724 104522
3982 9755 9387 5 2724 2725 105085 105069 104523
3983 9755 9292 7 2725 2722 103734 151634 150990 105128 105127
3984 9755 9558 5 2722 2724 96911 96908 103733
3985 9387 9292 6 2723 2725 105125 105108 105107 104672
3986 10333 10282 5 2726 2727 111886 103028 103030
3987 10066 10282 5 2728 2726 110737 110738 112402
3988 10242 10282 4 2727 2728 112401 111888
3989 1373 1022 5 2729 2730 143248 141536 141538
3990 1373 1539 8 2730 2731 127153 138408 143128 138504 138502 143321
3991 1121 1539 6 2731 2732 126153 126154 138450 127155
3992 1121 1022 7 2732 2729 126247 126244 143368 139823 139821
3993 1121 1373 3 2729 2731 127154
3994 1539 1022 4 2730 2732 126371 126372
3995 163 404 4 2733 2734 127066 127057
3996 163 297 4 2734 2735 126436 126746
3997 397 297 4 2735 2736 27878 126437
3998 397 404 7 2736 2733 126974 126621 126623 130723 27876
3999 397 163 9 2733 2735 126435 126917 131003 131004 141595 126901 126903
4000 297 404 7 2734 2736 27877 126952 129027 126955 126956
4001 8447 8482 6 2737 2738 4571 4572 19218 37109
4002 8447 8506 8 2738 2739 37218 36233 35072 35073 35300 36050
4003 8150 8506 4 2739 2740 8481 37219
4004 8150 8482 9 38621 8480 2740 2737 32969 32966 86336 86567 -1
4005 8150 8447 6 2737 2739 35528 35527 37146 37110
4006 8506 8482 3 2738 2740 8479
4007 9466 9397 6 2741 2742 19706 103884 103832 103331
4008 9466 9288 6 2742 2743 7138 7139 103821 19707
4009 9181 9288 7 2743 2744 35347 35344 104000 103720 26050
4010 9181 9397 6 2744 2741 103317 103238 103237 103316
4011 9181 9466 5 2741 2743 26049 103476 103332
4012 9288 9397 5 2742 2744 103208 86623 19708
4013 95 11802 5 2745 2746 124386 124330 23110
4014 95 11824 6 2746 2747 108523 124478 3839 3840
4015 11860 11824 5 2747 2748 109394 111076 108525
4016 11860 11802 5 2748 2745 23111 26098 26097
4017 11860 95 8 2745 2747 108524 109542 109543 30533 2929 2928
4018 11824 11802 6 2746 2748 109393 111364 114470 114471
4019 3751 3977 3 2749 2750 12747
4020 3751 3941 7 2750 2751 12293 63555 62776 62775 64211
4021 3806 3941 3 2751 2752 11286
4022 3806 3977 6 2752 2749 12748 62219 62191 11284
4023 3806 3751 9 2749 2751 11548 11547 67185 62267 12107 12106 12746
4024 3941 3977 5 2750 2752 11285 67175 67161
4025 8427 8525 5 2753 2754 92867 22354 22353
4026 8427 8274 8 2754 2755 18629 93644 93720 19693 19692 92868
4027 7941 8274 4 2755 2756 93757 18631
4028 7941 8525 7 2756 2753 22636 93711 95206 95331 93863
4029 7941 8427 4 2753 2755 18630 22635
4030 8274 8525 4 2754 2756 21145 21144
4031 9153 8813 8 2758 2759 152184 157612 158048 157972 35188 35189
4032 8936 8813 7 2759 2760 37805 37804 38086 38286 152185
4033 8936 9185 7 2760 2757 158096 103545 103543 21600 21602
4034 8936 9153 3 2757 2759 152183
4035 8813 9185 3 2758 2760 153102
4036 230 443 5 2761 2762 79418 112598 112596
4037 230 248 5 2762 2763 125170 117995 79417
4038 88 248 5 2763 2764 124262 124261 124363
4039 88 443 5 2764 2761 125140 124622 124485
4040 88 230 6 2761 2763 125180 125123 124415 124414
4041 248 443 8 2762 2764 124486 124487 124474 124412 118047 79419
4042 11119 11031 4 2765 2766 23601 23599
4043 11119 11122 6 2766 2767 23689 111036 111722 111723
4044 11043 11122 4 2767 2768 21674 21672
4045 11043 11031 8 2768 2765 111907 109510 109509 108355 108352 108439
4046 11043 11119 7 2765 2767 23690 111984 111799 111800 111916
4047 11122 11031 5 2766 2768 111527 111526 111743
4048 8880 8769 10 2769 2770 48112 48113 21850 21851 106283 105234 105149 105150
4049 8880 8788 6 2770 2771 96354 47997 47998 48453
4050 11930 8788 5 2771 2772 48396 32741 32742
4051 11930 8769 7 2772 2769 105154 96342 96341 96011 96010
4052 11930 8880 4 2769 2771 96840 105169
4053 8788 8769 3 2770 2772 48454
4054 9404 9268 6 2773 2774 99945 102417 99895 99896
4055 9404 9055 4 2774 2775 20667 99563
4056 8917 9055 7 2775 2776 99996 21045 21046 21334 20668
4057 8917 9268 4 2776 2773 102407 102754
4058 8917 9404 6 2773 2775 20666 99207 99511 99510
4059 9055 9268 5 2774 2776 102750 102747 99946
4060 2921 2960 7 2777 2778 133811 119885 119883 133858 133043
4061 2921 3355 3 2778 2779 133812
4062 3079 3355 6 2779 2780 78737 65945 64656 64657
4063 3079 2960 4 2780 2777 121796 121797
4064 3079 2921 7 2777 2779 134081 134108 133250 133249 133042
4065 3355 2960 7 2778 2780 120601 120599 121795 120509 120508
4066 432 1077 4 2782 2783 112038 112036
4067 432 896 4 2783 2781 112637 112772
4068 3944 4280 3 2784 2785 75408
4069 3944 4323 6 2785 2786 74702 3000 3001 75368
4070 4038 4323 4 2786 2787 15176 74703
4071 4038 4280 5 2787 2784 14992 14994 15174
4072 4038 3944 7 2784 2786 13485 13482 76224 75388 75387
4073 4323 4280 8 2785 2787 15175 75305 73401 73402 75418 75422
4074 10310 9979 5 2788 2789 94618 106561 104887
4075 10310 9953 8 2789 2790 106820 104567 16924 16925 106486 94617
4076 10325 9953 5 2790 2791 104077 101110 101111
4077 10325 9979 5 2791 2788 104888 104838 104836
4078 10325 10310 5 2788 2790 106748 106750 104886
4079 9953 9979 6 2789 2791 104837 95695 95693 94619
4080 11600 11503 10 2792 2793 102064 23918 23919 99955 113475 101987 101988 102071
4081 11600 10613 6 2793 2794 101507 21118 17569 17572
4082 11365 10613 5 2794 2795 3049 3048 102274
4083 11365 11503 8 2795 2792 102072 102306 102305 102316 102314 102313
4084 11365 11600 4 2792 2794 101821 101823
4085 10613 11503 4 2793 2795 102315 102090
4086 7266 7337 7 2796 2797 19810 86689 86559 86560 86801
4087 7266 7344 4 2797 2798 86628 19811
4088 7157 7344 7 2798 2799 35655 9410 9411 37042 37041
4089 7157 7337 3 2799 2796 37139
4090 7157 7266 9 2796 2798 36869 36871 87182 89077 87102 18101 18103
4091 7344 7337 6 2797 2799 4706 4705 17560 17559
4092 5350 5290 6 2800 2801 71997 71995 72393 70968
4093 5350 5284 8 2801 2802 70652 3294 3292 72211 72408 72223
4094 5305 5284 8 2802 2803 72246 70903 70904 72061 72337 72168
4095 5305 5290 7 2803 2800 70970 70743 70742 72219 72218
4096 5305 5350 3 2800 2802 70969
4097 5284 5290 3 2801 2803 72224
4098 11153 11452 3 2804 2805 21302
4099 11153 11217 11 2805 2806 144851 144840 144842 31595 31594 111060 110971 109513 21303
4100 11505 11217 4 2806 2807 145130 145206
4101 11505 11452 6 2807 2804 111059 23654 23655 145028
4102 11505 11153 8 2804 2806 145207 145148 144843 3848 3845 25242
4103 11217 11452 5 2805 2807 32076 32075 21304
4104 5818 5792 7 2808 2809 74243 74241 84758 84799 84797
4105 5818 5747 5 2809 2810 92721 86277 86278
4106 5698 5747 9 2810 2811 93261 85377 85327 16818 16819 85286 100586
4107 5698 5792 8 2811 2808 92101 100243 100462 85825 85824 93259
4108 5698 5818 4 2808 2810 92734 92100
4109 5747 5792 3 2809 2811 93260
4110 8013 7987 6 2812 2813 21016 21017 93130 93198
4111 8013 7648 4 2813 2814 99965 93494
4112 7806 7648 5 2814 2815 7219 92865 93195
4113 7806 7987 4 2815 2812 4630 4632
4114 7806 8013 7 2812 2814 19925 19926 99427 17663 17660
4115 7648 7987 7 2813 2815 7218 93356 93357 93133 93132
4116 6400 6746 7 2816 2817 85588 85589 87451 87586 -1
4117 6400 6757 5 2817 2818 87188 87645 87540
4118 6405 6757 4 2818 2819 86977 86976
4119 6405 6746 5 87454 87453 2819 2816 -1
4120 6405 6400 5 2816 2818 87187 87466 -1
4121 6757 6746 9 2817 2819 87141 19985 19984 87499 87405 87404 87541
4122 10572 11032 4 2820 2821 107829 107778
4123 10572 11313 6 2821 2822 96266 96267 107972 107830
4124 11311 11313 6 2822 2823 102967 18161 18158 101950
4125 11311 11032 5 2823 2820 107306 107303 102966
4126 11311 10572 5 2820 2822 101949 22761 22760
4127 11313 11032 5 2821 2823 101198 101200 107483
4128 10438 10563 5 2824 2825 102157 102156 93401
4129 10438 10965 6 2825 2826 101831 101713 101711 102119
4130 10512 10965 6 2826 2827 21297 21375 108560 102344
4131 10512 10563 7 2827 2824 93402 22867 22869 107346 21295
4132 10512 10438 7 2824 2826 102343 22452 22451 3308 3310
4133 10965 10563 4 2825 2827 21296 102097
4134 1138 754 11 2828 2829 112684 112685 113090 113093 113106 113004 113003 113722 25525
4135 1138 777 6 2829 2830 114072 113044 112682 112683
4136 1200 777 6 2830 2831 76136 112828 112827 114064
4137 1200 754 3 2831 2828 25527
4138 1200 1138 6 2828 2830 114074 113933 113932 25526
4139 777 754 7 2829 2831 76135 112983 94504 94503 112998
4140 3065 3385 7 2832 2833 113757 84075 84073 83939 83709
4141 3065 3118 6 2833 2834 15855 83113 82510 82509
4142 3562 3118 6 2834 2835 83748 83513 83510 15857
4143 3562 3385 5 2835 2832 83710 83843 83845
4144 3562 3065 3 2832 2834 15856
4145 633 1001 7 2836 2837 122689 122125 122126 122266 122271
4146 633 1241 3 2837 2838 105938
4147 794 1241 7 2838 2839 108812 118551 122215 76165 76164
4148 794 1001 4 2839 2836 16128 16127
4149 794 633 9 2836 2838 105939 122533 122532 122687 122022 121911 121913
4150 1241 1001 9 2837 2839 108811 18023 18022 80004 80006 120316 122684
4151 3630 3831 5 2840 2841 63390 63393 63717
4152 3630 3725 4 2841 2842 63421 63420
4153 3763 3725 4 2842 2843 63424 63846
4154 3763 3831 6 2843 2840 63718 78696 63692 63422
4155 3763 3630 5 2840 2842 63851 63746 63716
4156 3725 3831 7 2841 2843 63423 63648 63494 63493 63723
4157 4730 4507 7 2844 2845 57572 57573 59208 41436 40296
4158 4730 5412 6 2845 2846 10100 41579 57620 57618
4159 6072 5412 5 2846 2847 56982 10115 10101
4160 6072 4507 5 57483 2847 2844 40297 -1
4161 6072 4730 3 2844 2846 10099
4162 5412 4507 7 57559 57558 57561 2845 2847 57482 -1
4163 5201 4999 5 2848 2849 69744 69746 57147
4164 5201 5244 8 2849 2850 56757 56758 59259 67773 67774 68544
4165 5108 5244 3 2850 2851 69949
4166 5108 4999 7 2851 2848 57149 13643 13642 67674 67673
4167 5108 5201 8 2848 2850 57131 57130 57262 3553 3552 57148
4168 5244 4999 6 2849 2851 69948 69977 69979 69987
4169 1806 1858 6 2852 2853 62865 62866 12044 12045
4170 1806 1915 3 2853 2854 137716
4171 1764 1915 8 2854 2855 132174 132348 132062 132061 133785 135687
4172 1764 1858 3 2855 2852 132172
4173 1764 1806 7 2852 2854 137717 137823 11779 11781 136434
4174 1915 1858 8 2853 2855 132173 132292 66367 66364 132116 132115
4175 3584 3652 10 2856 2857 12419 7933 7934 59174 60799 10693 10691 60106
4176 3584 3514 6 2857 2858 60765 60145 7731 7729
4177 3506 3514 4 2858 2859 10618 60794
4178 3506 3652 5 2859 2856 4261 4260 10616
4179 3506 3584 5 2856 2858 60882 62377 60806
4180 3514 3652 4 2857 2859 10617 60783
4181 2930 2954 7 2860 2861 133426 133427 133542 133540 79357
4182 2930 3163 5 2861 2862 64085 64086 135583
4183 3174 3163 6 2862 2863 64193 62802 28845 28844
4184 3174 2954 5 2863 2860 78626 78628 64191
4185 3174 2930 4 2860 2862 13543 13540
4186 3163 2954 5 2861 2863 64192 135623 135754
4187 3699 3433 4 2864 2865 6842 79454
4188 3699 3497 7 2865 2866 61356 61355 64754 78423 6843
4189 3504 3497 5 2866 2867 79215 79520 79521
4190 3504 3433 6 2867 2864 25165 25164 64213 79213
4191 3504 3699 4 2864 2866 79565 79564
4192 3497 3433 5 2865 2867 25127 19200 6844
4193 152 145 7 2868 2869 30943 125305 125306 126521 126486
4194 152 228 7 2869 2870 30774 3907 3906 126474 30944
4195 382 145 6 2871 2868 125534 3317 3318 125813
4196 382 152 3 2868 2870 30775
4197 228 145 3 2869 2871 30945
4198 4108 3932 6 2872 2873 81277 60049 24258 24260
4199 4108 4025 6 2873 2874 81410 81603 81693 81278
4200 3905 4025 5 2874 2875 11387 74500 81291
4201 3905 3932 6 2875 2872 79745 79743 81345 11385
4202 3905 4108 4 2872 2874 81098 81097
4203 4025 3932 5 2873 2875 11386 79545 81279
4204 4958 4835 4 2877 2878 68886 65143
4205 4823 4835 6 2878 2879 68192 63377 63376 64974
4206 4823 4994 6 2879 2876 68644 48815 48814 50866
4207 4823 4958 5 2876 2878 65264 65263 68754
4208 4835 4994 5 2877 2879 10483 10485 65144
4209 3415 3536 4 2880 2881 62537 59233
4210 3663 3543 5 2882 2883 62183 62240 26650
4211 3663 3536 7 2883 2880 28800 12137 12136 61740 62181
4212 3663 3415 4 2880 2882 26649 59234
4213 11381 11188 5 2884 2885 102165 102653 107767
4214 11381 11620 5 2885 2886 105923 107960 102166
4215 11311 11620 4 2886 2887 99532 99533
4216 11311 11188 7 2887 2884 107303 107305 104265 104263 108559
4217 11311 11381 5 2884 2886 105922 102967 102966
4218 11620 11188 5 2885 2887 3156 3153 102167
4219 9808 9742 7 2888 2889 21250 107254 107857 22228 21191
4220 9808 10029 4 2889 2890 101236 21251
4221 9438 10029 8 2890 2891 93881 107427 102429 102431 108011 101237
4222 9438 9742 6 2891 2888 21193 108188 97998 93880
4223 9438 9808 5 2888 2890 95279 95280 21192
4224 10029 9742 7 2889 2891 93879 108075 21829 21826 21252
4225 9190 9352 5 2892 2893 19948 99442 101776
4226 9190 9603 6 2893 2894 18859 101536 101535 19949
4227 8414 9603 6 2894 2895 101273 101529 101425 18860
4228 8414 9352 7 2895 2892 94310 94309 101299 101685 101271
4229 8414 9190 5 2892 2894 18858 22874 102419
4230 9603 9352 6 2893 2895 101272 101297 94447 19950
4231 4703 4465 6 2896 2897 58193 58194 66869 42943
4232 4703 4490 6 2897 2898 41817 66100 66099 66965
4233 4101 4490 4 2898 2899 66649 41818
4234 4101 4465 6 2899 2896 42945 27781 27780 42918
4235 4101 4703 4 2896 2898 41816 42944
4236 4490 4465 6 2897 2899 66707 66879 66208 66209
4237 3367 3235 8 2900 2901 25935 25933 75375 24852 24853 76003
4238 3367 3873 3 2901 2902 73995
4239 3736 3873 6 2902 2903 76060 76059 76152 73996
4240 3736 3235 3 2903 2900 76019
4241 3736 3367 9 2900 2902 73994 79052 79070 3006 3008 18524 22304
4242 3873 3235 7 2901 2903 76259 76111 76110 75192 74617
4243 7386 6993 7 2904 2905 11750 27987 7937 5869 5870
4244 7386 7981 7 2905 2906 42931 49139 12318 12319 11751
4245 7423 7981 8 2906 2907 43133 7534 7533 44886 42728 42729
4246 7423 6993 6 2907 2904 3971 3970 43087 43088
4247 7423 7386 3 2904 2906 33630
4248 7981 6993 3 2905 2907 11752
4249 9922 10051 7 2908 2909 106301 106299 104658 96069 96070
4250 9922 9761 7 2909 2910 107103 105488 97396 21742 21743
4251 9983 9761 6 2910 2911 105763 105209 96965 96964
4252 9983 10051 7 2911 2908 105596 105598 105131 105130 105762
4253 9983 9922 3 2908 2910 107101
4254 9761 10051 4 2909 2911 104835 104834
4255 571 605 5 2912 2913 31804 31806 127776
4256 571 732 8 2913 2914 125924 125925 30821 30819 129747 130526
4257 755 732 7 2914 2915 127672 127670 128302 120995 120996
4258 755 605 5 2915 2912 124703 123711 123712
4259 755 571 4 2912 2914 128868 127777
4260 732 605 5 2913 2915 129671 27269 27267
4261 3099 3086 5 2916 2917 60414 60415 139995
4262 3050 3086 6 2918 2916 139996 116786 60380 60381
4263 3357 3086 6 2917 2918 61003 28784 28783 60420
4264 7783 7726 7 2919 2920 6082 6083 46551 46553 46643
4265 7783 8144 4 2920 2921 46138 39357
4266 8120 8144 9 2921 2922 4189 45946 7375 7377 46186 47656 46139
4267 8120 7726 4 2922 2919 8772 4187
4268 8120 7783 5 2919 2921 44689 44688 46644
4269 8144 7726 4 2920 2922 4188 8547
4270 3477 3267 7 2923 2924 48442 48440 64308 66369 64693
4271 3477 3495 4 2924 2925 62369 62370
4272 3306 3495 6 2925 2926 62853 12696 12694 64205
4273 3306 3267 3 2926 2923 64129
4274 3306 3477 9 2923 2925 64433 64313 60600 60601 62286 62728 64694
4275 3495 3267 9 2924 2926 64130 64195 64197 63610 63609 63486 63488
4276 95 11676 7 2927 2928 23110 124331 123588 123587 111599
4277 11543 11860 3 2929 2930 30534
4278 11543 11676 10 2930 2927 111178 111179 27497 27496 111133 109262 109263 109425
4279 11543 95 4 2927 2929 26240 26242
4280 11860 11676 4 2928 2930 110268 23111
4281 9829 9861 7 2931 2932 104411 104251 23378 23379 103501
4282 9829 9941 4 2932 2933 47197 47198
4283 9899 9941 4 2933 2934 103798 103593
4284 9899 9861 4 2934 2931 103688 103690
4285 9899 9829 7 2931 2933 103592 7233 7232 103635 103653
4286 9941 9861 7 2932 2934 103797 104258 108313 103947 103946
4287 11915 3719 10 2935 2936 65357 64535 64536 64659 64658 134106 134107 119666
4288 11915 3701 10 2936 2937 65978 14644 14642 64565 121900 64514 64515 65532
4289 3386 3701 3 2937 2938 65967
4290 3386 3719 10 2938 2935 119668 25071 25072 78554 28269 28268 28589 65964
4291 3386 11915 6 2935 2937 65975 28450 28447 119667
4292 3701 3719 6 2936 2938 65965 11789 11788 65947
4293 2725 2409 9 2939 2940 58500 58498 137398 142393 58686 58684 58656
4294 2725 3123 5 2940 2941 58964 58962 132373
4295 3213 3123 7 2941 2942 12543 40959 40960 57901 57902
4296 3213 2409 4 2942 2939 58658 12541
4297 3213 2725 4 2939 2941 141952 58657
4298 3123 2409 4 2940 2942 12542 57892
4299 4352 4390 4 2943 2944 80924 74057
4300 4352 4426 6 2944 2945 74276 79862 71138 71140
4301 4287 4426 5 2945 2946 12919 80562 74278
4302 4287 4390 6 2946 2943 74059 80838 80839 12917
4303 4287 4352 6 2943 2945 74277 71413 71415 74058
4304 4426 4390 8 2944 2946 12918 79629 80846 83484 70449 70450
4305 11216 11170 7 2947 2948 126388 126389 147150 147151 147162
4306 11216 11087 3 2948 2949 127060
4307 11115 11087 10 2949 2950 130516 130515 145068 148754 148759 128882 30937 30938
4308 11115 11170 3 2950 2947 145443
4309 11115 11216 6 2947 2949 127061 144990 144991 145458
4310 11087 11170 5 2948 2950 145442 128936 128937
4311 5381 5314 6 2951 2952 16686 16684 71099 71097
4312 5381 5474 7 2952 2953 13832 14557 13474 13477 71110
4313 5368 5474 6 2953 2954 74323 71242 71104 13833
4314 5368 5314 10 2954 2951 71100 71102 15416 15415 71202 71214 71213 74322
4315 5368 5381 3 2951 2953 13831
4316 5474 5314 3 2952 2954 74311
4317 3561 3233 11 2955 2956 29536 29534 10948 10949 58828 58829 59664 58916 27508
4318 3561 3892 6 2956 2957 59150 59440 59348 59349
4319 3447 3892 10 2957 2958 58833 58832 58868 57733 57730 12482 12479 59106
4320 3447 3561 7 2955 2957 9979 9978 27518 57627 27509
4321 3892 3233 4 2956 2958 58502 58501
4322 4956 4919 4 2959 2960 67003 57729
4323 4956 4861 5 2960 2961 12379 12377 67004
4324 4669 4861 5 2961 2962 67623 67531 67092
4325 4669 4919 7 2962 2959 57197 57196 30331 30333 66908
4326 4669 4956 7 2959 2961 67091 61661 54820 54819 56708
4327 4861 4919 4 2960 2962 11320 11321
4328 127 74 7 2963 2964 128585 127735 127734 145944 29167
4329 127 476 3 2964 2965 128637
4330 349 476 6 2965 2966 22818 22819 11238 11237
4331 349 74 4 2966 2963 29168 126679
4332 349 127 8 2963 2965 126350 126352 128665 128670 128669 29166
4333 476 74 6 2964 2966 126680 128597 128704 128638
4334 10440 10214 5 2967 2968 150239 150615 27591
4335 10440 10178 4 2968 2969 22413 150240
4336 10436 10178 5 2969 2970 6690 31708 22415
4337 10436 10214 4 2970 2967 27593 6689
4338 10436 10440 7 2967 2969 22414 154802 155094 155100 27592
4339 10178 10214 6 2968 2970 6688 154242 150341 150241
4340 3850 3865 6 2971 2972 14393 63405 76352 8429
4341 3850 4021 8 2972 2973 81483 14579 14580 61071 63471 14394
4342 4025 4021 6 2973 2974 15462 61248 81278 81279
4343 4025 3850 4 2971 2973 79545 8430
4344 4503 4438 7 2975 2976 81041 80775 78242 73179 73180
4345 4503 4230 5 2976 2977 79124 79122 80724
4346 4450 4230 5 2977 2978 80642 15651 15652
4347 4450 4438 3 2978 2975 80641
4348 4450 4503 9 2975 2977 80622 80621 81201 81203 73444 73443 80580
4349 4230 4438 6 2976 2978 73437 73436 80296 81292
4350 9687 9533 4 2979 2980 22800 103483
4351 9687 9694 5 2980 2981 103102 103380 22801
4352 9957 9694 5 2981 2982 103387 103386 103103
4353 9957 9533 5 2982 2979 102857 102859 103741
4354 9957 9687 6 2979 2981 98691 98690 103378 103779
4355 9694 9533 6 2980 2982 103742 103796 103886 22802
4356 2952 3195 7 2983 2984 116016 115836 115837 136380 79971
4357 2952 3149 5 2984 2985 136068 119113 116035
4358 3073 3149 5 2985 2986 63355 63358 63356
4359 3073 3195 5 2986 2983 10770 10769 61031
4360 3073 2952 4 2983 2985 136067 79972
4361 3149 3195 6 2984 2986 63354 82310 79472 79473
4362 1686 1957 7 2987 2988 117760 115542 115543 118059 117681
4363 1686 2042 8 2988 2989 113444 113445 118071 118056 118055 118054
4364 1927 2042 6 2989 2990 116285 115200 115198 117222
4365 1927 1957 8 2990 2987 117682 117972 117979 116556 116548 116547
4366 1927 1686 6 2987 2989 24477 24476 117876 117680
4367 2042 1957 4 2988 2990 116236 116235
4368 2442 2611 8 2991 2992 76711 18689 18690 106575 76625 76626
4369 2442 2612 4 2992 2993 24842 24843
4370 1518 2612 5 2993 2994 21696 32621 121982
4371 1518 2611 4 2994 2991 25719 21695
4372 1518 2442 8 2991 2993 121253 121251 121063 121064 76957 76959
4373 2612 2611 6 2992 2994 21694 105769 74614 74613
4374 1541 1329 3 2995 2996 78728
4375 1205 1329 7 2997 2995 78729 121630 121044 121043 121585
4376 1483 1329 6 2996 2997 121594 119553 119554 121612
4377 3899 4255 4 2998 2999 75322 75324
4378 3899 4323 4 2999 3000 73330 73328
4379 3944 4255 6 3001 2998 75465 14576 14577 75366
4380 3944 3899 8 2998 3000 13483 13482 76291 76108 76109 75464
4381 4323 4255 6 2999 3001 75367 75418 75420 75376
4382 1712 1787 7 3002 3003 116346 119054 117500 117498 117853
4383 1712 1727 4 3003 3004 116999 116345
4384 1500 1727 5 3004 3005 117259 23577 23576
4385 1500 1787 6 3005 3002 117952 116802 116801 117258
4386 1500 1712 5 3002 3004 116998 117253 117953
4387 1727 1787 5 3003 3005 117257 24885 24883
4388 3367 3631 4 3006 3007 79105 79071
4389 3367 3622 5 3007 3008 7300 7301 79104
4390 3736 3622 5 3008 3009 76232 76195 18525
4391 3736 3631 4 3009 3006 79065 76278
4392 3622 3631 4 3007 3009 76279 79106
4393 4133 4109 8 3010 3011 80445 15334 15333 13524 13523 17109
4394 4133 4121 6 3011 3012 80629 80651 80701 80446
4395 3872 4121 6 3012 3013 10634 10633 79806 80476
4396 3872 4109 4 3013 3010 74096 80684
4397 3872 4133 5 3010 3012 79960 73378 73380
4398 4121 4109 7 3011 3013 80683 76276 76275 79669 80447
4399 2892 3148 5 3014 3015 114265 114290 114274
4400 2892 3134 6 3015 3016 20850 20853 114361 114266
4401 3211 3134 7 3016 3017 83001 82971 82970 82973 113905
4402 3211 3148 4 3017 3014 83000 82998
4403 3211 2892 4 3014 3016 114116 114117
4404 3134 3148 6 3015 3017 81785 81786 24424 24423
4405 1298 1237 6 3018 3019 120660 120658 23570 23571
4406 1298 1506 5 3019 3020 117870 120191 123474
4407 1446 1506 7 3020 3021 122637 121073 121072 119474 117871
4408 1446 1237 3 3021 3018 116298
4409 1446 1298 7 3018 3020 117869 123506 123503 123502 116297
4410 1506 1237 7 3019 3021 122636 123284 123283 28342 28341
4411 10383 10318 6 3022 3023 103962 103960 110104 32291
4412 10383 10417 6 3023 3024 104736 104737 148687 109550
4413 10463 10417 6 3024 3025 7829 7830 146327 110605
4414 10463 10318 3 3025 3022 32293
4415 10463 10383 7 3022 3024 110604 148661 148686 148685 32292
4416 10417 10318 8 3023 3025 6429 6428 152366 152326 110575 109551
4417 9705 10078 6 3026 3027 152294 33695 33696 33791
4418 9705 9971 6 3027 3028 104135 152439 152438 152295
4419 9925 9971 8 3028 3029 104426 104425 31525 31524 48742 48741
4420 9925 10078 7 3029 3026 152315 152376 152416 152423 150772
4421 9925 9705 4 3026 3028 104134 150880
4422 9971 10078 4 3027 3029 150609 150608
4423 10519 10516 5 3030 3031 108265 108264 103607
4424 10519 10165 7 3031 3032 21761 21759 20909 20910 108471
4425 10456 10165 7 3032 3033 108321 108299 22767 22768 108357
4426 10456 10516 8 3033 3030 103609 109035 108803 102787 102786 108320
4427 10456 10519 4 3030 3032 106980 103608
4428 10165 10516 4 3031 3033 108295 108294
4429 8442 8498 7 3034 3035 13702 13703 93801 93968 93971
4430 8442 8329 6 3035 3036 106579 15159 15162 22623
4431 8906 8329 8 3036 3037 94730 95277 95276 108052 95364 95363
4432 8906 8498 6 3037 3034 95316 95343 95039 94729
4433 8906 8442 4 3034 3036 105555 95315
4434 8329 8498 3 3035 3037 22624
4435 11546 7730 5 3038 3039 105944 105946 120438
4436 11546 8960 5 3039 3040 7477 105291 106228
4437 7734 8960 4 3040 3041 77102 7479
4438 7734 7730 6 3041 3038 121967 96324 96306 77683
4439 7734 11546 5 3038 3040 7478 105226 121966
4440 8960 7730 7 3039 3041 72677 72679 11151 11150 25659
4441 3298 3323 6 3042 3043 78931 11734 11732 78056
4442 3298 3356 6 3043 3044 78986 14213 14212 78932
4443 3498 3356 6 3044 3045 9074 78701 78747 78977
4444 3498 3323 6 3045 3042 15435 7528 7530 9072
4445 3498 3298 4 3042 3044 78480 78057
4446 3356 3323 4 3043 3045 9073 78745
4447 11164 10665 4 3046 3047 101933 101374
4448 11164 11365 7 3047 3048 26456 26455 102056 101994 101993
4449 10613 10665 6 3049 3046 101375 21359 21361 102315
4450 10613 11164 5 3046 3048 101676 23186 23188
4451 11365 10665 8 3047 3049 102313 18911 18910 20093 20215 22887
4452 10751 10830 7 3050 3051 106415 108737 109144 109860 109445
4453 10751 10557 4 3051 3052 105633 105634
4454 10601 10557 8 3052 3053 106815 23278 23277 22520 22521 107019
4455 10601 10830 4 3053 3050 109446 106937
4456 10601 10751 7 3050 3052 107017 106955 106954 108916 108917
4457 10557 10830 5 3051 3053 104511 104509 105775
4458 737 1027 6 3054 3055 121657 123042 123333 123334
4459 737 689 4 3055 3056 121655 121658
4460 693 689 9 3056 3057 123650 128351 123689 123687 124169 124117 121656
4461 693 1027 5 3057 3054 123533 117021 117020
4462 693 737 5 3054 3056 121654 123789 123532
4463 689 1027 5 3055 3057 26205 26202 116910
4464 11393 11329 8 3058 3059 125899 30744 30747 125527 144655 124838
4465 11393 11606 6 3059 3060 144465 34437 30608 30611
4466 11749 11606 7 3060 3061 112246 112010 30601 29243 29242
4467 11749 11329 3 3061 3058 124840
4468 11749 11393 7 3058 3060 144464 110689 110690 144601 124839
4469 11606 11329 4 3059 3061 30471 30472
4470 269 170 7 3062 3063 125864 26263 26264 124320 124319
4471 269 199 5 3063 3064 125904 125858 125859
4472 478 199 7 3064 3065 125875 125540 109115 109114 125508
4473 478 170 3 3065 3062 125877
4474 478 269 7 3062 3064 26939 26938 26773 26774 27091
4475 199 170 9 3063 3065 125970 125732 125733 125738 112062 112059 125694
4476 3259 3368 5 3066 3067 25045 25043 63080
4477 3259 3054 7 3067 3068 137248 137103 137102 62744 62507
4478 3252 3054 4 3068 3069 62569 137243
4479 3252 3259 7 3066 3068 137247 137250 137393 63089 63088
4480 3054 3368 4 3067 3069 62032 62031
4481 137 265 7 3070 3071 113099 113100 101832 101833 113047
4482 137 573 5 3071 3072 102130 81898 81896
4483 602 573 9 3072 3073 113051 112680 112678 113045 112667 26114 26112
4484 602 265 4 3073 3070 113049 113101
4485 602 137 3 3070 3072 113048
4486 573 265 7 3071 3073 113102 113105 102182 101628 101627
4487 3097 3094 7 3074 3075 14941 80103 79630 79631 79201
4488 3097 3228 6 3075 3076 15121 15122 78420 14940
4489 3038 3228 5 3076 3077 79935 15706 15708
4490 3038 3094 6 3077 3074 79203 79867 79866 79934
4491 3038 3097 6 3074 3076 75240 79940 118859 79202
4492 3228 3094 4 3075 3077 28790 14942
4493 3652 3396 5 3078 3079 60469 10616 10617
4494 3652 3574 7 3079 3080 59694 60471 8528 8531 58845
4495 3480 3574 3 3080 3081 59695
4496 3480 3396 6 3081 3078 60796 60795 60804 60790
4497 3480 3652 6 3078 3080 59693 12420 12419 60783
4498 3574 3396 8 3079 3081 60694 60692 60726 60801 60798 60470
4499 192 94 9 3082 3083 134439 32398 28181 28182 28245 26903 26904
4500 192 53 5 3083 3084 134588 150439 134646
4501 203 53 7 3084 3085 148837 130238 130214 130215 134584
4502 203 94 6 3085 3082 26929 130393 130396 148836
4503 203 192 4 3082 3084 134587 26928
4504 53 94 6 3083 3085 148835 149051 134321 134320
4505 10259 10365 3 3086 3087 31245
4506 10258 10365 7 3088 3086 145596 147250 147248 147049 147050
4507 10292 10365 8 3087 3088 147825 157695 147525 3417 3416 31246
4508 11933 8769 5 3089 3090 96341 96340 3435
4509 11933 8689 6 3090 3091 48243 32298 32301 32796
4510 8995 8689 8 3091 3092 48246 95553 95554 150001 149687 149688
4511 8995 8769 6 3092 3089 3436 77255 77254 48244
4512 8995 11933 5 3089 3091 105780 105782 3434
4513 8689 8769 5 3090 3092 48245 96012 96011
4514 1179 1065 6 3093 3094 117673 117674 125011 117329
4515 1179 1007 4 3094 3095 124959 124983
4516 985 1007 5 3095 3096 117826 117828 124396
4517 985 1065 5 3096 3093 117331 124970 124954
4518 985 1179 7 3093 3095 124549 124351 124350 125016 117330
4519 1007 1065 7 3094 3096 118270 118272 124965 124993 124984
4520 11081 10946 7 3097 3098 30996 30999 109528 31024 31022
4521 11081 11298 4 3098 3099 31724 111079
4522 10919 11298 5 3099 3100 109778 110479 31726
4523 10919 10946 12 3100 3097 31989 103712 103713 110434 109410 109412 110154 110156 106945 106944
4524 10919 11081 3 3097 3099 31725
4525 11298 10946 6 3098 3100 109093 22969 22968 111408
4526 572 423 7 3101 3102 131224 131548 131549 130326 130327
4527 572 595 5 3102 3103 131506 131708 131225
4528 631 595 5 3103 3104 26151 26152 33512
4529 631 423 6 3104 3101 28315 28314 33012 27816
4530 631 572 4 3101 3103 131507 131456
4531 595 423 5 3102 3104 21969 21970 131226
4532 11715 11638 7 3105 3106 34051 134462 149605 31747 31745
4533 11715 11592 4 3106 3107 150354 34052
4534 11347 11592 4 3107 3108 130221 134551
4535 11347 11638 3 3108 3105 130220
4536 11347 11715 8 3105 3107 150355 134340 134337 150223 150271 150270
4537 11592 11638 7 3106 3108 130219 134086 134085 134566 34053
4538 10207 10439 8 3109 3110 156841 156018 37553 5064 5062 156334
4539 10372 10026 6 3111 3112 31551 31554 21021 21022
4540 10372 10439 5 3112 3109 156335 156502 156503
4541 10372 10207 3 3109 3111 147697
4542 10026 10439 4 3110 3112 156523 156842
4543 3788 3725 6 3114 3115 9784 9782 64913 63862
4544 3762 3725 5 3115 3116 63580 59255 59258
4545 3762 3640 6 3116 3113 64050 63810 62170 62169
4546 3762 3788 10 3113 3115 12260 12258 60059 60061 10322 10321 63611 64108
4547 3725 3640 4 3114 3116 63581 63761
4548 10524 10700 5 3117 3118 154354 154346 149388
4549 10524 10583 3 3118 3119 154567
4550 10418 10700 3 3120 3117 149389
4551 10418 10524 7 3117 3119 154568 154571 154435 154434 149387
4552 10583 10700 7 3118 3120 152914 146959 146954 146955 154573
4553 8255 7186 4 3121 3122 41997 39851
4554 8255 7352 7 3122 3123 41646 41704 41830 41692 41693
4555 7282 7352 6 3123 3124 40998 41603 41697 41647
4556 7282 7186 10 3124 3121 39853 9059 9057 58286 58045 41733 41732 40997
4557 7282 8255 5 3121 3123 41645 41801 39852
4558 7352 7186 4 3122 3124 5768 5770
4559 11739 11878 5 3125 3126 130251 145038 145015
4560 11739 70 4 3126 3127 3612 3613
4561 11591 70 6 3127 3128 144945 144946 128589 128588
4562 11591 11878 8 3128 3125 145016 149128 146247 145841 145840 146058
4563 11591 11739 5 3125 3127 145001 128785 128783
4564 70 11878 7 3126 3128 146059 145846 145845 145823 130252
4565 1335 956 7 3129 3130 27931 27929 132274 31380 31381
4566 1335 1327 6 3130 3131 132199 134842 33942 33943
4567 1243 1327 7 3131 3132 26479 131349 24739 24740 66455
4568 1243 956 5 3132 3129 134665 134472 26478
4569 1243 1335 5 3129 3131 132200 134616 134768
4570 1327 956 4 3130 3132 26477 132247
4571 501 440 4 3133 3134 125201 125264
4572 501 550 5 3134 3135 125367 125366 125200
4573 641 550 5 3135 3136 118131 30452 30451
4574 641 440 6 3136 3133 125346 26918 26614 26613
4575 641 501 7 3133 3135 125548 114702 114704 125195 125194
4576 550 440 5 3134 3136 125433 26435 26434
4577 385 292 4 3137 3138 143628 143440
4578 385 486 4 3138 3139 115724 115722
4579 593 486 6 3139 3140 126172 126174 126273 126278
4580 593 292 5 3140 3137 125814 26729 26728
4581 593 385 7 3137 3139 143539 143665 143666 126210 126212
4582 486 292 5 3138 3140 26811 26797 26795
4583 9500 9602 9 3141 3142 103128 102698 102697 103255 102818 8012 8011
4584 9500 9833 3 3142 3143 103134
4585 9699 9833 5 3143 3144 103284 98756 98757
4586 9699 9602 3 3144 3141 21545
4587 9699 9500 9 3141 3143 103112 99791 99793 102835 13856 13855 21544
4588 9833 9602 8 3142 3144 103236 103025 103023 103436 98124 98125
4589 304 247 8 3145 3146 127046 127044 127045 30599 30600 34506
4590 304 490 6 3146 3147 143090 141645 141644 127070
4591 309 490 5 3147 3148 127038 126541 126538
4592 309 247 8 3148 3145 143136 143583 143690 143434 143150 143149
4593 309 304 3 3145 3147 143135
4594 490 247 5 3146 3148 143493 143513 127071
4595 326 270 5 3149 3150 143605 143582 34505
4596 326 327 6 3150 3151 126423 30631 30632 143604
4597 304 327 8 3151 3152 143669 24559 24558 34483 141530 141645
4598 304 270 4 3152 3149 30600 30597
4599 304 326 5 3149 3151 143090 143135 34506
4600 327 270 7 3150 3152 143289 143290 143715 143800 143606
4601 11293 11188 7 3153 3154 104263 104264 108615 108616 108403
4602 11293 11857 4 3154 3155 102190 102188
4603 11620 11857 11 3155 3156 99532 99534 80237 80236 101526 101527 122823 108897 108409
4604 11620 11293 6 3153 3155 107535 107534 108612 108404
4605 11857 11188 3 3154 3156 108559
4606 715 536 5 3157 3158 30262 30263 142935
4607 715 668 3 3158 3159 30285
4608 699 668 8 3159 3160 143058 143567 143569 143603 127208 30287
4609 699 536 3 3160 3157 142936
4610 699 715 9 3157 3159 30286 60043 126537 126453 126452 127032 127031
4611 668 536 7 3158 3160 143057 142669 142668 127163 127165
4612 983 1147 10 3161 3162 134916 129774 129772 130178 129716 129718 129838 129836
4613 983 1328 4 3162 3163 129228 129227
4614 1395 1328 5 3163 3164 129759 129758 131560
4615 1395 1147 6 3164 3161 129983 129942 129943 129957
4616 1395 983 5 3161 3163 131570 27346 27345
4617 1328 1147 5 3162 3164 29050 29047 134520
4618 3056 3226 5 3165 3166 24056 24226 82624
4619 3056 2932 6 3166 3167 82441 82442 116120 24057
4620 3168 2932 8 3167 3168 81837 79899 79900 82197 82188 82189
4621 3168 3226 5 3168 3165 82619 82353 81836
4622 3168 3056 7 3165 3167 61152 61153 61322 82024 82625
4623 2932 3226 4 3166 3168 81835 24058
4624 8451 8442 5 3169 3170 107175 92296 92297
4625 8451 8469 4 3170 3171 92600 106965
4626 8331 8469 8 3171 3172 18436 93906 95225 22285 8635 8636
4627 8331 8442 3 3172 3169 18434
4628 8331 8451 6 3169 3171 22531 22532 22536 22535
4629 8469 8442 8 3170 3172 18435 93622 93856 93853 94589 107173
4630 441 375 8 3173 3174 22994 23874 23872 23648 23649 124719
4631 441 174 4 3174 3175 125067 22995
4632 672 174 7 3175 3176 113038 23325 23324 23810 25835
4633 672 375 4 3176 3173 118215 118214
4634 672 441 7 3173 3175 125068 118026 118025 125079 124720
4635 174 375 5 3174 3176 123002 123001 22996
4636 2004 1822 4 3177 3178 139476 139501
4637 2004 1926 8 3178 3179 114714 114715 117217 139402 139401 139471
4638 1743 1926 7 3179 3180 116656 128132 139301 139305 136666
4639 1743 1822 5 3180 3177 139336 116643 116645
4640 1743 2004 4 3177 3179 136665 139535
4641 1926 1822 7 3178 3180 116655 139029 139532 139394 139393
4642 9200 9258 8 3181 3182 157601 157600 37314 37317 39352 39350
4643 9200 9014 4 3182 3183 37979 157622
4644 9035 9258 4 3184 3181 157499 147920
4645 9035 9200 4 3181 3183 37980 157498
4646 9014 9258 10 3182 3184 147919 157222 157221 157237 157233 157232 157230 157250
4647 4482 4539 3 3185 3186 13001
4648 4482 4476 7 3186 3187 59949 59947 69669 69657 13002
4649 4321 4476 4 3187 3188 15636 61224
4650 4321 4539 7 3188 3185 56324 57115 57478 69486 15635
4651 4321 4482 6 3185 3187 11396 11398 60952 56323
4652 4476 4539 6 3186 3188 15634 67802 67804 13003
4653 451 420 8 3189 3190 143168 143129 58574 58575 138272 138273
4654 451 245 3 3190 3191 143169
4655 177 245 7 3191 3192 138135 143684 130587 130588 142822
4656 177 420 4 3192 3189 143130 138134
4657 177 451 8 3189 3191 30482 30484 126799 143499 142545 142544
4658 245 420 7 3190 3192 127069 127067 127047 127042 127043
4659 2559 2540 4 3194 3195 113900 114167
4660 2874 2540 4 3195 3196 114140 113901
4661 2874 2485 5 3196 3193 113739 113986 114123
4662 2874 2559 7 3193 3195 112656 112655 113812 114239 113738
4663 2540 2485 5 3194 3196 114139 114127 114126
4664 9660 9445 8 3197 3198 22708 21383 21384 104346 108138 108242
4665 9660 9887 6 3198 3199 102500 104293 104291 22709
4666 9502 9887 6 3199 3200 23270 104787 22512 22510
4667 9502 9445 7 3200 3197 108184 108181 108156 106404 23269
4668 9502 9660 5 3197 3199 102499 108155 108241
4669 9887 9445 4 3198 3200 15775 15777
4670 11783 253 5 3201 3202 144953 144812 126306
4671 11783 40 6 3202 3203 146207 125881 125882 144954
4672 17 40 4 3203 3204 130617 146208
4673 17 253 7 3204 3201 126308 30227 30229 126934 130616
4674 17 11783 7 3201 3203 145842 145843 126444 126441 126307
4675 40 253 4 3202 3204 130615 130619
4676 1575 1249 5 3205 3206 131976 132018 131590
4677 1575 1680 4 3206 3207 28959 28958
4678 1467 1680 7 3207 3208 131341 131342 138310 137645 132167
4679 1467 1249 6 3208 3205 131592 33848 33849 132371
4680 1467 1575 5 3205 3207 132166 132536 131591
4681 1680 1249 6 3206 3208 28989 28988 131605 131602
4682 11215 11227 5 3209 3210 147092 147090 31073
4683 11215 11143 6 3210 3211 143538 143536 6350 6353
4684 11408 11143 7 3211 3212 146998 147291 147289 147235 147221
4685 11408 11227 6 3212 3209 31075 145765 145764 146997
4686 11408 11215 4 3209 3211 147220 31074
4687 11143 11227 4 3210 3212 146996 147017
4688 29 153 4 3213 3214 124691 124689
4689 29 22 6 3214 3215 125521 125522 112170 112169
4690 170 22 4 3215 3216 125713 125714
4691 170 153 5 3216 3213 26549 26550 26820
4692 170 29 7 3213 3215 125766 26265 26264 26927 26926
4693 22 153 6 3214 3216 30637 30634 125780 125742
4694 7740 7448 3 3218 3219 35789
4695 7742 7448 7 3219 3220 16990 16991 35559 35558 35820
4696 7742 7684 4 3220 3217 36194 17056
4697 7742 7740 6 3217 3219 35819 35899 35901 36193
4698 7448 7684 5 3218 3220 17055 35433 35434
4699 11214 11718 10 3221 3222 41678 41676 142165 155684 156320 156174 155969 40086
4700 11214 678 5 3222 3223 155994 155993 156010
4701 822 678 7 3223 3224 66719 142164 142163 142224 142232
4702 822 11718 4 3224 3221 40088 66717
4703 822 11214 5 3221 3223 156040 156042 40087
4704 678 11718 4 3222 3224 66718 142297
4705 7855 7841 6 3225 3226 38943 38944 38993 38845
4706 7855 7553 5 3226 3227 6820 6821 35927
4707 7756 7553 6 3227 3228 35987 36358 5409 5408
4708 7756 7841 5 3228 3225 38837 38836 35985
4709 7756 7855 7 3225 3227 53286 38996 35468 35467 38791
4710 7553 7841 5 3226 3228 35986 38808 38807
4711 10387 10635 4 3229 3230 111727 103158
4712 10387 10493 6 3230 3231 34297 112275 112291 111728
4713 10785 10493 4 3231 3232 110782 34298
4714 10785 10635 7 3232 3229 103159 109984 109985 111657 111524
4715 10785 10387 5 3229 3231 34296 111695 103157
4716 10493 10635 10 3230 3232 111003 108514 108511 111818 111814 111506 111505 111543
4717 4425 3490 4 3233 3234 65595 77154
4718 4425 4114 9 3234 3235 48149 121869 77186 76991 76989 11254 11257
4719 11910 4114 4 3235 3236 65754 48150
4720 11910 3490 5 3236 3233 77156 78988 65753
4721 11910 4425 6 3233 3235 48148 65974 65973 77155
4722 4114 3490 5 3234 3236 65752 77112 65596
4723 11433 11369 7 3237 3238 131691 129947 129950 134302 134303
4724 11433 11280 7 3238 3239 150512 18098 18096 149431 131690
4725 11715 11280 8 3239 3240 131752 150223 150345 31746 31747 149604
4726 11715 11369 5 3240 3237 129002 129004 131751
4727 11715 11433 5 3237 3239 150511 150510 150513
4728 11280 11369 5 3238 3240 127097 127098 131692
4729 1041 1357 4 3241 3242 22559 22560
4730 1041 1430 4 3242 3243 122735 122877
4731 1240 1430 8 3243 3244 107901 107902 113154 107647 107648 108544
4732 1240 1357 3 3244 3241 118273
4733 1240 1041 7 3241 3243 24619 24621 122850 109348 109347
4734 1430 1357 6 3242 3244 121230 122573 113271 113268
4735 4439 4473 5 3245 3246 16481 16484 15252
4736 4239 4211 8 3247 3248 61234 13734 13735 81691 61425 61164
4737 4239 4473 6 3248 3245 15254 61200 61372 61233
4738 4239 4439 4 3245 3247 60173 15253
4739 4211 4473 5 3246 3248 61232 81339 81340
4740 7539 7254 8 3249 3250 90108 16423 16422 19400 18618 18616
4741 7539 7526 4 3250 3251 90383 90527
4742 7707 7539 7 3249 3251 19538 19537 97635 90499 19630
4743 790 831 4 3252 3253 126480 127347
4744 790 789 5 3253 3254 30412 127265 126481
4745 937 789 4 3254 3255 127351 30413
4746 937 831 3 3255 3252 127349
4747 937 790 7 3252 3254 30411 127219 127218 127587 127348
4748 789 831 8 3253 3255 127350 114760 114759 125529 127287 126482
4749 3566 3279 6 3256 3257 57516 15445 5971 5972
4750 3566 3635 10 3257 3258 14943 63369 63473 63131 63129 63306 63491 63332
4751 3417 3635 6 3258 3259 15673 63467 10346 10347
4752 3417 3279 7 3259 3256 63406 63362 60348 60349 15671
4753 3417 3566 4 3256 3258 14944 15216
4754 3635 3279 3 3257 3259 15672
4755 338 500 6 3260 3261 28009 125971 125191 125192
4756 338 517 7 3261 3262 30787 125567 126339 27089 27090
4757 481 517 9 3262 3263 125933 126048 126131 126079 126078 29930 29932
4758 481 500 4 3263 3260 125696 125932
4759 481 338 5 3260 3262 30786 125830 125695
4760 517 500 6 3261 3263 125582 125583 128133 28010
4761 9545 9553 7 3264 3265 98860 102599 102582 102547 102548
4762 9545 9970 4 3265 3266 102590 98861
4763 9992 9970 7 3266 3267 101039 102001 101586 99783 99782
4764 9992 9553 4 3267 3264 99802 99804
4765 9992 9545 6 3264 3266 99515 19953 19952 21207
4766 9970 9553 5 3265 3267 101038 101649 98862
4767 1093 1268 6 3268 3269 23534 23532 30047 131398
4768 1093 1070 4 3269 3270 126865 130805
4769 1002 1070 4 3270 3271 29275 126866
4770 1002 1268 5 3271 3268 130686 129823 29273
4771 1002 1093 6 3268 3270 30753 30752 131376 131377
4772 1070 1268 4 3269 3271 29274 128841
4773 1573 1833 3 3272 3273 26847
4774 1573 1796 7 3273 3274 128198 140929 141007 125951 26848
4775 1646 1796 3 3274 3275 128199
4776 1646 1833 6 3275 3272 114785 117045 117047 138659
4777 1646 1573 6 3272 3274 102088 28978 28977 114784
4778 1796 1833 8 3273 3275 138658 128216 128218 139545 139335 26849
4779 1082 1408 6 3276 3277 102047 102048 113567 84246
4780 1082 880 5 3277 3278 113512 113182 113183
4781 1186 880 6 3278 3279 102296 102297 113161 113160
4782 1186 1408 8 3279 3276 84248 113492 113504 113514 113563 113562
4783 1186 1082 3 3276 3278 84247
4784 880 1408 4 3277 3279 113581 113573
4785 2582 2326 4 3281 3282 133409 63175
4786 2278 2326 6 3282 3283 135838 135839 136534 136535
4787 2278 2462 5 3283 3280 63234 29082 29081
4788 2278 2582 7 3280 3282 136738 136573 136574 136914 63233
4789 2326 2462 4 3281 3283 64187 63176
4790 2509 2997 5 3284 3285 142248 142262 58324
4791 2509 3081 6 3285 3286 142076 142077 142252 142249
4792 2019 3081 5 3286 3287 142116 26766 26763
4793 2019 2997 4 3287 3284 58326 142129
4794 2019 2509 9 3284 3286 142244 142258 142260 155831 142250 142219 58325
4795 3081 2997 7 3285 3287 142128 141834 138297 59044 59043
4796 1350 1151 5 3288 3289 139478 140615 141241
4797 1350 1032 4 3289 3290 140794 139479
4798 1003 1032 7 3290 3291 127162 127328 127327 127330 141345
4799 1003 1151 7 3291 3288 141242 138402 127089 30176 30178
4800 1003 1350 4 3288 3290 141344 141240
4801 1032 1151 4 3289 3291 114805 114806
4802 5350 5416 4 3292 3293 72226 72210
4803 5350 5533 5 3293 3294 70653 72268 72227
4804 5284 5533 6 3294 3295 72294 88878 87542 70654
4805 5284 5416 5 3295 3292 72212 72357 72292
4806 5533 5416 7 3293 3295 72293 88896 88698 72398 72228
4807 1206 613 5 3296 3297 102248 102247 119584
4808 1206 1414 5 3297 3298 120885 120931 121623
4809 1308 1414 5 3298 3299 121321 121151 120886
4810 1308 613 6 3299 3296 119586 121263 121266 121320
4811 1308 1206 6 3296 3298 109808 109805 118394 119585
4812 1414 613 4 3297 3299 121319 121619
4813 5366 5324 8 3300 3301 58253 41531 41529 41527 29014 29015
4814 5366 5871 4 3301 3302 58001 58276
4815 5816 5871 9 3302 3303 43725 41187 41185 42281 40986 40987 41228
4816 5816 5324 7 3303 3300 40633 4783 4780 9569 9568
4817 5816 5366 4 3300 3302 57985 57979
4818 5871 5324 6 3301 3303 43724 57719 57855 58273
4819 6044 6897 6 3304 3305 40659 40658 57872 5068
4820 6044 5907 8 3305 3306 41702 58612 58675 58645 58643 41555
4821 7118 5907 6 3306 3307 5780 40764 41559 41675
4822 7118 6897 9 3307 3304 5070 3375 3377 41575 41570 41569 5778
4823 7118 6044 6 3304 3306 41701 41810 155931 5069
4824 5907 6897 3 3305 3307 5779
4825 10438 10294 3 3308 3309 3536
4826 10438 10395 6 3309 3310 93401 102202 102358 3537
4827 10512 10395 3 3310 3311 93402
4828 10512 10294 8 3311 3308 100032 108272 108495 108531 22868 22867
4829 10395 10294 6 3309 3311 21325 21322 102447 3538
4830 568 694 3 3312 3313 126851
4831 537 694 6 3313 3314 3667 126559 127295 126852
4832 694 701 5 3312 3314 3665 29202 126776
4833 353 292 5 3315 3316 126284 143628 26795
4834 353 145 7 3316 3317 125533 125810 6331 6329 126285
4835 382 292 5 3318 3315 26797 26812 30686
4836 382 353 6 3315 3317 125532 24597 24598 26796
4837 145 292 7 3316 3318 125812 126207 26806 23619 23618
4838 8564 8910 6 3319 3320 6252 6250 42481 42482
4839 8564 8335 7 3320 3321 44942 39692 5806 5809 39792
4840 9001 8335 6 3321 3322 6290 5392 5391 44827
4841 9001 8910 5 3322 3319 35169 35167 6288
4842 9001 8564 5 3319 3321 45009 45130 45106
4843 8335 8910 5 3320 3322 6289 44918 42690
4844 180 11887 6 3323 3324 30971 30969 120801 120802
4845 180 369 5 3324 3325 121502 134133 134390
4846 455 369 5 3325 3326 134681 134215 121503
4847 455 11887 6 3326 3323 133988 150036 150158 134680
4848 455 180 4 3323 3325 66013 66012
4849 369 11887 6 3324 3326 134679 150421 129135 129137
4850 384 607 8 3327 3328 129110 129089 129024 109561 109559 129126
4851 384 274 5 3328 3329 123211 129182 129125
4852 591 274 6 3329 3330 123716 124111 124113 123213
4853 591 607 4 3330 3327 124709 123715
4854 591 384 4 3327 3329 123212 124023
4855 274 607 6 3328 3330 123714 128380 22936 22938
4856 11684 11368 6 3331 3332 21911 24988 32281 32280
4857 11684 11224 4 3332 3333 25261 21910
4858 11423 11224 5 3333 3334 27756 105328 25263
4859 11423 11368 5 3334 3331 22954 22955 27755
4860 11423 11684 7 3331 3333 25262 32098 109313 121114 105725
4861 11224 11368 7 3332 3334 27754 32096 25488 18958 18959
4862 663 461 5 3335 3336 127731 127730 29416
4863 663 748 6 3336 3337 128505 128310 128311 128460
4864 484 748 3 3337 3338 27358
4865 484 461 7 3338 3335 29418 124455 26466 26465 27357
4866 484 663 6 3335 3337 128506 128501 128437 29417
4867 748 461 5 3336 3338 27356 117153 125024
4868 4518 4489 5 3339 3340 70246 14928 14931
4869 4518 4576 7 3340 3341 71524 70489 70492 70543 70247
4870 4551 4576 7 3341 3342 70495 70708 71303 71304 71514
4871 4551 4489 5 3342 3339 13813 13815 70494
4872 4551 4518 5 3339 3341 71513 71456 71324
4873 4576 4489 5 3340 3342 70493 85116 70248
4874 8362 7760 6 3343 3344 42289 34147 28089 5749
4875 8362 6223 6 3344 3345 40059 34169 34170 39595
4876 7545 8362 5 3343 3345 42265 32649 5750
4877 8938 8849 5 3346 3347 20292 86740 86741
4878 8938 8578 5 3347 3348 37515 99521 20293
4879 8750 8578 9 99518 98879 98878 99584 37516 3348 3349 98747 -1
4880 8750 8849 5 98746 3349 3346 99593 -1
4881 8750 8938 4 3346 3348 37514 92886
4882 8578 8849 5 3347 3349 98745 86299 20294
4883 7761 7892 6 3350 3351 4132 18219 36204 36203
4884 7761 7742 7 3351 3352 17053 35558 35594 35595 4131
4885 7677 7742 5 3352 3353 16989 16991 17054
4886 7677 7892 7 3353 3350 37030 37125 36542 35826 35825
4887 7677 7761 5 3350 3352 16688 16690 37029
4888 7742 7892 7 3351 3353 36359 36194 36193 20114 4133
4889 978 1052 5 3354 3355 121095 122806 123487
4890 978 843 6 3355 3356 121219 121220 123475 121096
4891 773 843 7 3356 3357 117706 120948 123405 123280 123279
4892 773 1052 6 3357 3354 122829 122831 121121 117704
4893 773 978 5 3354 3356 123343 122924 122922
4894 843 1052 5 3355 3357 117705 121421 121097
4895 6974 7209 6 3358 3359 52654 52655 53895 41396
4896 6974 7217 7 3359 3360 40284 7889 7888 52947 52659
4897 7089 7217 6 3360 3361 45862 52033 53650 40285
4898 7089 7209 4 3361 3358 41398 45861
4899 7089 6974 6 3358 3360 40283 53869 53686 41397
4900 7217 7209 7 3359 3361 45163 7382 7379 53941 52660
4901 11227 11223 9 3362 3363 147247 146997 146996 147018 130621 130622 146253
4902 11227 11645 6 3363 3364 3385 3383 145765 145763
4903 11301 11645 8 3364 3365 145803 145833 145834 130994 130993 144157
4904 11301 11223 8 3365 3362 146255 27923 27922 146057 146248 145801
4905 11301 11227 4 3362 3364 146283 146254
4906 11645 11223 3 3363 3365 145802
4907 786 910 7 3366 3367 129313 28210 28211 129115 129261
4908 786 900 4 3367 3368 123626 129314
4909 607 900 5 3368 3369 119577 129224 123628
4910 607 910 4 3369 3366 26076 26075
4911 607 786 6 3366 3368 123627 109560 109559 129210
4912 900 910 8 3367 3369 119576 29225 29226 135164 129283 129285
4913 3709 3647 5 3370 3371 10636 62072 61872
4914 3709 3521 4 3371 3372 28708 10635
4915 3774 3521 4 3372 3373 60959 28709
4916 3774 3647 5 3373 3370 61873 59108 59107
4917 3774 3709 6 3370 3372 28707 62117 61946 61871
4918 3521 3647 9 3371 3373 61544 59049 59046 61267 62327 62326 10637
4919 8857 6897 4 3374 3375 5958 34677
4920 8857 7118 6 3375 3376 41572 40300 40301 5957
4921 7979 7118 4 3376 3377 41576 41573
4922 7979 6897 7 3377 3374 34421 5591 5590 40852 41467
4923 237 87 3 3378 3379 124520
4924 237 427 6 3379 3380 26751 26752 126556 126518
4925 39 427 5 3380 3381 27080 117661 125762
4926 39 87 8 3381 3378 124521 126690 128554 26335 26337 27078
4927 39 237 5 3378 3380 125761 144950 124519
4928 427 87 6 3379 3381 27079 128576 128709 126519
4929 11312 11227 6 3382 3383 31075 31073 147096 147230
4930 11312 11645 7 3383 3384 145728 147072 147270 147310 147309
4931 11327 11645 4 3384 3385 144157 144158
4932 11327 11227 4 3385 3382 146394 146283
4933 11327 11312 7 3382 3384 145729 147219 26718 26717 147312
4934 2283 2229 4 3386 3387 140147 140148
4935 2283 2201 3 3387 3388 29531
4936 2074 2201 5 3388 3389 139565 139876 29532
4937 2074 2229 6 3389 3386 139867 139868 139698 139564
4938 2074 2283 10 3386 3388 29530 140115 140134 140168 137505 10052 10054 140113
4939 2201 2229 8 3387 3389 29784 29783 139831 137708 60526 60525
4940 1691 1506 5 3390 3391 119460 25797 25798
4941 1691 1851 6 3391 3392 120295 25723 25724 29136
4942 1559 1851 6 3392 3393 120961 120681 119737 119738
4943 1559 1506 4 3393 3390 120957 121079
4944 1559 1691 7 3390 3392 25598 25597 119856 78944 78945
4945 1851 1506 5 3391 3393 121080 120411 119461
4946 2788 2915 8 3394 3395 135523 26545 26543 136489 136490 60343
4947 2788 2704 4 3395 3396 27387 27388
4948 2693 2704 6 3396 3397 57912 29451 29448 136651
4949 2693 2915 3 3397 3394 60345
4950 2693 2788 4 3394 3396 136650 60344
4951 2704 2915 7 3395 3397 63206 62501 62498 137162 135524
4952 11014 11141 9 3398 3399 31080 31081 112365 128661 103577 103578 30857
4953 11014 10937 4 3399 3400 144457 144586
4954 11048 10937 5 3400 3401 112359 31221 31219
4955 11048 11141 5 3401 3398 30859 103536 112357
4956 11048 11014 5 3398 3400 110863 110865 30858
4957 10937 11141 5 3399 3401 112358 144994 144587
4958 1035 891 5 3402 3403 121537 25410 25408
4959 1035 842 5 3403 3404 21921 121646 121616
4960 1205 842 6 3404 3405 121674 121551 105925 21922
4961 1205 891 4 3405 3402 121044 121636
4962 1205 1035 5 3402 3404 21920 121584 121043
4963 842 891 8 3403 3405 121678 25543 25545 121197 121316 121317
4964 4043 3882 4 3406 3407 28427 64927
4965 4043 3598 7 3407 3408 60282 62701 7537 7535 11144
4966 3602 3598 8 3408 3409 43537 8116 8115 64288 12271 12273
4967 3602 3882 5 3409 3406 64928 64692 43536
4968 3602 4043 3 3406 3408 60283
4969 3598 3882 5 3407 3409 43535 58998 28428
4970 8587 8937 6 3410 3411 98723 99118 98790 20109
4971 8587 8768 8 3411 3412 98949 98849 98847 93602 93600 98724
4972 8842 8768 7 3412 3413 16914 16917 36650 36939 86301
4973 8842 8587 6 3410 3412 98950 98924 98591 20110
4974 8768 8937 3 3411 3413 98725
4975 10466 10386 7 3414 3415 145599 148040 147680 144904 144905
4976 10466 10292 5 3415 3416 147786 147419 145600
4977 10365 10386 5 3417 3414 147534 147536 147524
4978 10365 10466 5 3414 3416 147787 156622 147681
4979 10292 10386 5 3415 3417 147523 157792 145601
4980 83 358 5 3418 3419 125848 125849 126778
4981 83 398 4 3419 3420 124183 128360
4982 312 398 5 3420 3421 126833 126835 124184
4983 312 358 4 3421 3418 105727 105729
4984 312 83 5 3418 3420 111066 111068 126786
4985 398 358 5 3419 3421 128677 128676 128539
4986 9666 9653 6 3422 3423 34367 34302 34300 44480
4987 9666 9680 6 3423 3424 152741 152742 152748 34368
4988 9484 9680 6 3424 3425 104129 33055 33057 44621
4989 9484 9653 3 3425 3422 150826
4990 9484 9666 6 3422 3424 152870 152871 152873 152869
4991 9680 9653 5 3423 3425 150825 152465 34369
4992 3493 3679 7 3426 3427 19108 76771 76770 78940 77971
4993 3493 3956 4 3427 3428 77931 19109
4994 3937 3956 7 3428 3429 73040 76766 76765 76080 76082
4995 3937 3679 4 3429 3426 77973 73039
4996 3937 3493 5 3426 3428 77932 79002 77972
4997 3956 3679 7 3427 3429 73038 79067 79069 79026 19110
4998 7235 8005 8 3432 3433 48636 48849 7020 7023 48967 32004
4999 7235 8595 4 3433 3430 32319 32321
5000 7235 8121 4 3430 3432 32003 48941
5001 8005 8595 8 3431 3433 48635 44638 44637 46017 11317 11316
5002 11933 9527 4 3434 3435 105473 151520
5003 8995 9527 6 3436 3434 106093 106091 96958 96959
5004 1456 1285 8 3437 3438 139182 139248 139244 115771 115770 116897
5005 1456 1569 5 3438 3439 139264 139255 139183
5006 1545 1569 7 3439 3440 124916 117081 117082 117084 139267
5007 1545 1285 5 3440 3437 116898 124829 124828
5008 1545 1456 4 3437 3439 117557 116896
5009 1569 1285 6 3438 3440 124900 124899 117559 117560
5010 9031 8743 5 3441 3442 44038 31385 31386
5011 9031 9020 7 3442 3443 43990 44797 154230 152828 44039
5012 8756 9020 3 3443 3444 43992
5013 8756 8743 4 3444 3441 42964 44583
5014 8756 9031 6 3441 3443 43991 4401 4402 42963
5015 9020 8743 8 3442 3444 44582 23816 23815 44782 155202 44040
5016 235 181 5 3445 3446 141463 28075 28078
5017 235 11881 6 3446 3447 33548 146590 142670 141464
5018 139 11881 4 3447 3448 41627 33549
5019 139 181 7 3448 3445 57500 130462 130459 34186 34185
5020 139 235 7 3445 3447 33547 146604 144391 142970 57499
5021 11881 181 7 3446 3448 146639 155541 146655 143109 141465
5022 3295 3608 4 3449 3450 63182 79698
5023 3295 3481 5 3450 3451 15749 79763 63181
5024 3444 3481 5 3451 3452 78922 79524 15750
5025 3444 3608 6 3452 3449 79802 75292 75294 78921
5026 3444 3295 7 3449 3451 15748 79394 119025 76301 76303
5027 3481 3608 5 3450 3452 73441 63336 63183
5028 193 284 7 3453 3454 128662 129995 130500 130344 128714
5029 193 506 4 3454 3455 11236 128663
5030 476 506 7 3455 3456 29195 29194 117025 117023 11238
5031 476 284 5 3456 3453 128715 128308 127491
5032 476 193 7 3453 3455 11237 128637 128638 128538 128537
5033 506 284 7 3454 3456 127492 128730 129682 126976 126977
5034 3659 4049 5 3457 3458 28030 28028 28558
5035 3659 3896 6 3458 3459 64415 64414 14427 14428
5036 3857 3896 4 3459 3460 62279 64256
5037 3857 4049 7 3460 3457 28560 66066 64384 64386 62278
5038 3857 3659 6 3457 3459 48313 43058 43060 28559
5039 3896 4049 7 3458 3460 62277 65213 65012 61774 60612
5040 10068 9968 4 3462 3463 5930 5931
5041 9951 9968 8 3463 3464 157326 34386 34387 156552 156551 155884
5042 9951 10237 4 3464 3461 23612 157325
5043 9951 10068 7 3461 3463 29619 29621 35405 35404 23611
5044 9968 10237 5 3462 3464 157324 39184 39186
5045 8179 7998 5 3466 3467 45893 34096 34097
5046 7998 8431 4 3465 3467 45892 5773
5047 346 385 5 3468 3469 26608 112173 132877
5048 346 445 6 3469 3470 126091 143392 143543 26607
5049 100 445 6 3470 3471 144493 144088 143768 126092
5050 100 385 4 3471 3468 143760 144499
5051 100 346 9 3468 3470 126090 23732 23731 126281 34179 34180 35202
5052 445 385 5 3469 3471 144343 143666 26609
5053 5488 5393 4 3472 3473 17849 17852
5054 5488 5351 5 3473 3474 49087 49088 68366
5055 5413 5351 5 3474 3475 68113 9042 9043
5056 5413 5393 7 3475 3472 51191 49596 49593 68364 68112
5057 5413 5488 5 3472 3474 12202 12204 12873
5058 5351 5393 6 3473 3475 50793 8125 8124 8558
5059 473 561 6 3476 3477 111629 117430 128319 128635
5060 473 395 4 3477 3478 123559 111628
5061 328 395 8 3478 3479 23517 23514 123558 26212 26210 123561
5062 328 561 6 3479 3476 128701 124496 29430 29429
5063 328 473 5 3476 3478 123560 128758 128702
5064 395 561 4 3477 3479 124273 111630
5065 2017 1941 6 3480 3481 116759 116760 136704 119168
5066 2017 1885 8 3481 3482 140450 139306 139210 139194 139168 136706
5067 2330 1885 4 3482 3483 138744 140436
5068 2330 1941 5 3483 3480 119170 138731 138742
5069 2330 2017 5 3480 3482 140449 138704 119169
5070 1885 1941 7 3481 3483 138743 137200 137199 138764 136707
5071 1239 1304 7 3484 3485 117449 117756 117443 24826 24827
5072 1239 1491 5 3485 3486 121472 121474 117450
5073 1561 1491 7 3486 3487 116586 116587 24406 24407 123416
5074 1561 1304 5 3487 3484 123473 123519 123521
5075 1561 1239 3 3484 3486 123472
5076 1491 1304 7 3485 3487 123510 122593 122594 122655 117451
5077 6313 6163 8 3488 3489 56829 56775 56774 11831 11832 5594
5078 6313 6053 7 3489 3490 41349 57005 57006 6545 6546
5079 6051 6053 8 3490 3491 55047 54767 54769 9749 9747 41350
5080 6051 6163 5 3491 3488 5595 56657 55045
5081 6051 6313 3 3488 3490 5593
5082 6053 6163 4 3489 3491 55046 56830
5083 9267 9110 6 3492 3493 38169 158255 104006 104004
5084 9267 9065 4 3493 3494 103851 38170
5085 9028 9065 6 3494 3495 97406 97404 8769 8770
5086 9028 9110 4 3495 3492 103218 103220
5087 9028 9267 5 3492 3494 104023 152043 104028
5088 9065 9110 7 3493 3495 152003 152002 152018 152012 38171
5089 11277 11785 3 3496 3497 149761
5090 11277 11574 6 3497 3498 3812 3810 109562 109564
5091 11368 11574 4 3498 3499 28200 28198
5092 11368 11785 5 3499 3496 25709 25708 25750
5093 11368 11277 9 3496 3498 32730 32732 148710 32611 32608 150053 149762
5094 11574 11785 5 3497 3499 105985 105992 105995
5095 598 514 6 3500 3501 131703 131414 130801 130769
5096 598 306 4 3501 3502 130834 131700
5097 538 306 5 3502 3503 130638 123950 123951
5098 538 514 3 3503 3500 130637
5099 306 514 8 3501 3503 126659 126661 130647 131144 131145 131705
5100 587 567 4 3504 3505 142577 142462
5101 587 374 6 3505 3506 131177 131178 143132 143131
5102 459 374 7 3506 3507 126951 143051 143050 4398 4395
5103 459 567 7 3507 3504 142464 138484 131026 131023 126950
5104 459 587 6 3504 3506 142841 143181 142888 142463
5105 374 567 3 3505 3507 126949
5106 11504 11815 5 3508 3509 28084 28085 146458
5107 11504 11765 6 3509 3510 142943 146310 146540 146325
5108 11514 11765 6 3510 3511 131615 33742 33740 126677
5109 11514 11815 5 3511 3508 130236 130235 131613
5110 11514 11504 6 3508 3510 142942 131505 131504 146478
5111 11765 11815 7 3509 3511 131614 31319 31318 34538 146326
5112 5004 4666 5 3512 3513 11404 11407 61689
5113 5004 5071 7 3513 3514 55591 55910 67807 61656 61657
5114 5034 5071 6 3514 3515 9852 67973 68047 55592
5115 5034 4666 4 3515 3512 13038 9851
5116 5034 5004 5 3512 3514 55590 61599 61598
5117 5071 4666 5 3513 3515 9850 67533 67075
5118 2369 2407 7 3516 3517 28604 115118 115389 115388 114869
5119 2369 2220 5 3517 3518 24927 114908 28605
5120 2249 2220 6 3518 3519 114723 82477 82476 24929
5121 2249 2407 3 3519 3516 114871
5122 2249 2369 8 3516 3518 24928 115094 140522 115510 115132 114870
5123 2220 2407 6 3517 3519 114882 115099 115105 28606
5124 368 215 5 3520 3521 130244 27864 27867
5125 368 367 6 3521 3522 130278 129778 29196 29197
5126 444 367 4 3522 3523 32048 32047
5127 444 215 7 3523 3520 129679 130322 130260 130259 129109
5128 444 368 6 3520 3522 130348 130347 128404 128406
5129 367 215 6 3521 3523 129108 130253 130254 130257
5130 347 11890 6 3524 3525 58597 33830 33831 143576
5131 347 96 6 3525 3526 143240 143587 143809 58596
5132 601 96 6 3526 3527 41560 41562 143382 143241
5133 601 11890 4 3527 3524 143034 143036
5134 601 347 5 3524 3526 26488 26490 143634
5135 96 11890 6 3525 3527 143291 143498 143497 58598
5136 11405 11678 7 3528 3529 22073 22074 106362 105936 105937
5137 11405 10764 7 3529 3530 105805 32559 32557 106855 106500
5138 11401 10764 4 3530 3531 7640 105947
5139 11401 11678 6 3531 3528 105972 19025 19027 7639
5140 11401 11405 5 3528 3530 105640 105641 105832
5141 10764 11678 4 3529 3531 7638 106226
5142 10223 9966 5 3532 3533 105164 97026 97029
5143 10223 9949 5 3533 3534 105480 105594 105165
5144 9724 9949 7 3534 3535 32346 104499 104498 105529 105482
5145 9724 9966 5 3535 3532 105161 105160 32345
5146 9724 10223 6 3532 3534 105481 105591 105208 105210
5147 9949 9966 9 3533 3535 32344 105310 151636 105573 105124 105122 105166
5148 10395 10212 3 3537 3538 102433
5149 10212 10294 8 3536 3538 102446 102449 108100 108341 108273 100032
5150 2292 2662 6 3539 3540 133291 133422 133184 66647
5151 2292 2435 7 3540 3541 13196 42455 15117 15115 28993
5152 2373 2662 5 3542 3539 66648 132467 132466
5153 2373 2292 4 3539 3541 13195 28534
5154 2435 2662 5 3540 3542 133326 28828 28829
5155 10483 10347 6 3543 3544 4902 147790 147788 147420
5156 10483 10346 11 3544 3545 156599 156615 156604 156605 156618 5063 5061 147642 4903
5157 10292 10346 5 3545 3546 34756 34755 146779
5158 10292 10347 6 3546 3543 145600 145601 110524 110526
5159 10292 10483 4 3543 3545 156600 147419
5160 10346 10347 3 3544 3546 4904
5161 10592 10832 7 3547 3548 23787 108476 101132 101133 23407
5162 10592 10776 7 3548 3549 111832 107008 107009 108468 23788
5163 10855 10776 7 3549 3550 108535 108819 108499 108498 111828
5164 10855 10592 4 3547 3549 111831 23408
5165 10776 10832 3 3548 3550 23789
5166 5201 5385 6 3551 3552 61062 41128 41129 57471
5167 5227 5108 7 3553 3554 67382 69830 69841 69845 69541
5168 5227 5385 8 3554 3551 56536 56535 56561 56560 40074 40073
5169 5227 5201 4 3551 3553 69540 69727
5170 5108 5385 4 3552 3554 57200 57198
5171 7132 7149 5 3555 3556 47655 47653 52846
5172 7132 7081 6 3556 3557 44354 44355 49297 49298
5173 7264 7081 4 3557 3558 44571 46657
5174 7264 7149 6 3558 3555 4209 4208 49561 44570
5175 7264 7132 7 3555 3557 51204 51203 12617 12618 52847
5176 7081 7149 5 3556 3558 17892 17891 51296
5177 640 582 8 3559 3560 25306 129173 3841 3844 133941 28397
5178 640 277 5 3560 3561 150170 123890 25307
5179 142 277 7 3561 3562 30785 106531 106532 149588 150171
5180 142 582 5 3562 3559 28399 134452 30783
5181 142 640 5 3559 3561 134406 134407 28398
5182 277 582 6 3560 3562 30784 120977 134278 25308
5183 2093 1933 5 3563 3564 114670 114653 114654
5184 2093 1861 6 3564 3565 116350 116542 115045 114855
5185 2083 1861 3 3565 3566 116351
5186 2083 1933 5 3566 3563 114623 114625 116621
5187 2083 2093 8 3563 3565 115025 115024 114542 114541 114255 114254
5188 1861 1933 8 3564 3566 116603 113747 113746 116605 116624 114856
5189 1707 1852 5 3567 3568 117315 117324 117322
5190 1707 1870 4 3568 3569 117810 117314
5191 1710 1870 6 3569 3570 25296 24562 24561 117536
5192 1710 1852 6 3570 3567 116434 116433 117996 117821
5193 1710 1707 6 3567 3569 116947 114460 11797 11794
5194 1870 1852 5 3568 3570 114296 114295 117316
5195 3212 3250 5 3571 3572 81796 15899 15902
5196 3212 3168 5 3572 3573 115638 81840 81841
5197 3124 3168 7 3573 3574 79897 79900 82196 63350 63351
5198 3124 3250 5 3574 3571 81200 81931 81932
5199 3124 3212 6 3571 3573 115625 79849 11057 11056
5200 3168 3250 6 3572 3574 82003 81837 81836 82352
5201 2146 1951 5 3575 3576 141758 29988 29989
5202 2146 2203 5 3576 3577 141891 141945 141870
5203 2143 2203 4 3577 3578 29920 141887
5204 2143 1951 8 3578 3575 137431 59656 59658 138473 138475 29919
5205 2143 2146 6 3575 3577 137447 137449 141361 141360
5206 2203 1951 5 3576 3578 29918 29728 29727
5207 3119 3379 4 3579 3580 24512 24158
5208 3119 3192 4 3580 3581 79310 24513
5209 3297 3192 5 3581 3582 11051 11050 79387
5210 3297 3379 6 3582 3579 24159 79508 79529 14088
5211 3297 3119 7 3579 3581 79386 11089 11091 77119 24157
5212 3192 3379 8 3580 3582 14087 12774 12773 79731 63277 24514
5213 4113 4076 6 3583 3584 81493 81649 81492 79793
5214 4113 4149 6 3584 3585 80938 15472 15470 79612
5215 3984 4149 4 3585 3586 80610 80611
5216 3984 4076 6 3586 3583 71250 71247 80318 80319
5217 3984 4113 5 3583 3585 81082 63703 63705
5218 4149 4076 4 3584 3586 73457 73456
5219 3512 3586 6 3587 3588 58441 59560 59815 58979
5220 3512 3572 6 3588 3589 59553 10489 10487 58442
5221 3706 3572 4 3589 3590 59529 59530
5222 3706 3586 3 3590 3587 58980
5223 3706 3512 7 3587 3589 59554 59555 59153 59152 58978
5224 3572 3586 7 3588 3590 59528 59516 59513 59469 58443
5225 3546 3600 8 3591 3592 62758 62773 9816 9819 62355 62670
5226 3546 3199 7 3592 3593 62825 66519 66545 62639 62640
5227 3186 3600 4 3594 3591 39927 39928
5228 3186 3546 4 3591 3593 62824 62669
5229 3199 3600 5 3592 3594 58506 58508 62672
5230 3458 3245 3 3595 3596 82258
5231 3458 3462 7 3596 3597 81634 82541 82536 81806 81804
5232 3331 3462 4 3597 3598 81948 81636
5233 3331 3245 7 3598 3595 82260 20721 20720 81907 81906
5234 3331 3458 6 3595 3597 81635 57448 57450 82259
5235 3462 3245 5 3596 3598 82446 82558 82421
5236 3371 3382 5 3599 3600 63079 62779 29207
5237 3371 3368 7 3600 3601 63085 62473 62474 63084 63080
5238 3639 3368 4 3601 3602 9902 62043
5239 3639 3382 8 3602 3599 28687 28688 62332 12167 12168 9901
5240 3639 3371 5 3599 3601 63086 62322 29208
5241 3368 3382 5 3600 3602 9900 25044 25043
5242 1338 1375 6 3603 3604 118048 124437 124903 124858
5243 1338 1182 6 3604 3605 29552 111565 111566 117578
5244 1210 1182 4 3605 3606 122968 29553
5245 1210 1375 5 3606 3603 124851 124678 122967
5246 1210 1338 5 3603 3605 29551 118154 124822
5247 1182 1375 5 3604 3606 114672 114671 118049
5248 11481 11581 5 3608 3609 102260 112541 112495
5249 11704 11581 4 3609 3610 20988 20985
5250 11704 11512 5 3610 3607 108651 111394 23522
5251 11704 11481 7 3607 3609 102259 112555 112536 111688 108650
5252 11581 11512 5 3608 3610 21728 21727 112496
5253 11739 11806 6 3611 3612 145001 145011 145012 131000
5254 156 70 10 3613 3614 130511 130669 130671 130699 130701 130726 130728 130252
5255 156 11806 3 3614 3611 130510
5256 156 11739 7 3611 3613 130251 145039 145087 145090 131001
5257 70 11806 7 3612 3614 130509 130731 32039 32041 128588
5258 60 128 5 3615 3616 126941 5925 5928
5259 60 17 5 3616 3617 34474 30227 30228
5260 11830 17 6 3617 3618 34614 128422 112107 34476
5261 11830 128 5 3618 3615 26830 131007 34613
5262 11830 60 6 3615 3617 34475 126982 144797 26829
5263 17 128 6 3616 3618 34612 130640 126934 126935
5264 4853 4686 7 3619 3620 6188 6186 11983 66755 66756
5265 4853 4480 4 3620 3621 30161 30163
5266 4465 4480 7 3621 3622 66745 6278 6279 11148 66744
5267 4465 4686 4 3622 3619 66869 66896
5268 4465 4853 4 3619 3621 58192 58194
5269 4480 4686 5 3620 3622 66865 42795 42794
5270 10034 10331 3 3623 3624 104402
5271 10086 10331 9 3625 3623 104458 151808 104481 104483 104488 32817 32816
5272 10403 10331 7 3624 3625 110497 108823 108822 110581 104403
5273 1674 1755 4 3626 3627 132463 66501
5274 1674 1652 7 3627 3628 32582 32583 137768 132325 132323
5275 1512 1652 6 3628 3629 27182 131623 33625 33624
5276 1512 1755 8 3629 3626 43001 42998 132551 133248 133214 27180
5277 1512 1674 5 3626 3628 27690 27689 66502
5278 1652 1755 5 3627 3629 27181 131600 132524
5279 1195 1297 7 3630 3631 137750 137607 127596 127599 137981
5280 1195 973 5 3631 3632 137672 138349 138136
5281 1289 973 3 3632 3633 137673
5282 1289 1297 8 3633 3630 138216 138100 138081 138078 138149 138143
5283 1289 1195 6 3630 3632 137671 27748 27747 138215
5284 973 1297 5 3631 3633 137804 137805 138137
5285 1063 857 10 3634 3635 128270 128061 128057 128056 128097 29186 29184 26528
5286 1063 1021 6 3635 3636 107292 125664 125665 128146
5287 932 1021 7 3636 3637 26998 127151 127152 127886 107294
5288 932 857 6 3637 3634 26530 29414 124749 26997
5289 932 1063 5 3634 3636 107293 125913 26529
5290 1021 857 4 3635 3637 26996 128247
5291 1528 1616 4 3638 3639 138334 138335
5292 1528 1640 5 3639 3640 116001 26965 26966
5293 1694 1640 4 3640 3641 29480 29478
5294 1694 1616 7 3641 3638 127377 127379 130812 138594 129400
5295 1694 1528 6 3638 3640 136473 138563 128347 128348
5296 1640 1616 7 3639 3641 129401 138611 139559 138458 138457
5297 6106 5655 4 3642 3643 68237 50616
5298 6106 5838 5 3643 3644 50682 51307 67446
5299 5983 6106 7 3642 3644 50681 12891 12397 12398 50617
5300 1919 2242 5 3645 3646 114679 140801 140806
5301 1919 2085 5 3646 3647 140509 140718 114680
5302 2173 2085 5 3647 3648 139566 140675 140510
5303 2173 2242 9 3648 3645 114374 114373 140752 114722 114719 114877 115514
5304 2173 1919 6 3645 3647 140508 140810 141017 140815
5305 2085 2242 7 3646 3648 137535 137534 139582 139583 114681
5306 10926 11319 7 3649 3650 156411 156364 30554 30555 147109
5307 10926 11322 3 3650 3651 142401
5308 11288 11322 7 3651 3652 145813 145812 146656 147311 142402
5309 11288 11319 4 3652 3649 147111 146666
5310 11288 10926 5 3649 3651 142400 147332 147110
5311 11322 11319 8 3650 3652 146607 146605 156179 156316 156355 156412
5312 1062 1180 6 3653 3654 106800 119932 119930 78806
5313 1062 763 7 3654 3655 28172 28173 121626 121632 106801
5314 683 763 6 3655 3656 96299 95906 25752 25755
5315 683 1180 7 3656 3653 78808 121741 121743 106253 106254
5316 683 1062 7 3653 3655 120430 120429 11530 11532 78807
5317 763 1180 3 3654 3656 106802
5318 2867 2816 8 3657 3658 120472 25501 25499 120623 120664 120488
5319 2867 3061 6 3658 3659 120570 120466 120467 120620
5320 2978 3061 6 3659 3660 119887 119811 119812 119994
5321 2978 2867 5 3657 3659 78078 78076 120224
5322 3061 2816 5 3658 3660 119148 115715 115717
5323 3565 3476 5 3661 3662 81749 81750 82572
5324 3565 3529 4 3662 3663 82357 82387
5325 3683 3529 5 3663 3664 13234 13235 15627
5326 3683 3476 5 3664 3661 82630 81555 81554
5327 3683 3565 7 3661 3663 82277 60266 60263 82651 82633
5328 3529 3476 6 3662 3664 24249 24248 81830 82392
5329 735 701 8 3665 3666 3747 128452 126063 126062 29263 29200
5330 735 537 7 3666 3667 126558 127237 124502 124500 3748
5331 694 735 3 3665 3667 29201
5332 5260 6072 4 3668 3669 27802 27803
5333 5260 5841 6 3669 3670 56656 27996 27997 40846
5334 5868 5841 7 3670 3671 40965 55106 55105 56884 56976
5335 5868 6072 7 3671 3668 41471 9494 9493 40515 40963
5336 5868 5260 6 3668 3670 57157 57631 40149 40148
5337 5841 6072 6 3669 3671 40964 41485 10115 10114
5338 5166 5347 4 3672 3673 39871 57204
5339 5166 5412 3 3673 3674 39870
5340 4978 5412 7 3674 3675 10382 9899 9898 57620 57658
5341 4978 5347 4 3675 3672 56673 12980
5342 4978 5166 6 3672 3674 57657 4997 4996 41499
5343 5412 5347 8 3673 3675 12981 13035 12706 12708 27998 27995
5344 2936 2900 8 3676 3677 59802 59572 59573 27789 27787 140302
5345 2936 3176 4 3677 3678 10085 10240
5346 3169 3176 10 3678 3679 140323 29978 29977 59903 28488 28487 29921 10087
5347 3169 2900 3 3679 3676 140322
5348 3169 2936 8 3676 3678 10086 58885 60549 115430 59715 59714
5349 3176 2900 5 3677 3679 140321 137419 63077
5350 3544 3527 7 3680 3681 58467 59800 59520 59518 59450
5351 3544 3418 3 3681 3682 10449
5352 3510 3418 9 3682 3683 10361 59289 30102 30103 59591 27733 10450
5353 3510 3527 3 3683 3680 10359
5354 3510 3544 7 3680 3682 10448 29884 41665 41666 59451
5355 3418 3527 5 3681 3683 10360 10972 10971
5356 3659 3153 5 3684 3685 11837 64281 66127
5357 3659 3486 6 3685 3686 32362 32379 32377 11838
5358 3352 3486 6 3686 3687 64336 135668 13792 13791
5359 3352 3153 4 3687 3684 66132 64335
5360 3352 3659 5 3684 3686 32361 66121 66131
5361 3486 3153 4 3685 3687 64333 11839
5362 2964 2361 6 3688 3689 142292 142293 142437 142511
5363 2964 3159 7 3689 3690 5517 5515 24837 58552 141922
5364 2300 3159 5 3690 3691 141959 132529 132081
5365 2300 2361 8 3691 3688 142517 132740 132741 132841 12011 12010
5366 2300 2964 6 3688 3690 132080 58149 58148 142518
5367 3159 2361 3 3689 3691 141958
5368 11474 11669 6 3692 3693 146272 146270 146278 146358
5369 11474 11557 7 3693 3694 29998 146285 26636 26639 146347
5370 11786 11557 7 3694 3695 131126 131123 27506 27505 27602
5371 11786 11669 5 3695 3692 131842 131844 145769
5372 11786 11474 7 3692 3694 29999 144475 144472 146352 146357
5373 11557 11669 3 3693 3695 145768
5374 9368 9335 3 3696 3697 156979
5375 9368 9447 5 3697 3698 39299 38339 38340
5376 9305 9447 6 3698 3699 38721 156537 21242 21240
5377 9305 9335 7 3699 3696 156981 157099 5824 5821 38720
5378 9305 9368 6 3696 3698 39298 157202 157203 156980
5379 9447 9335 4 3697 3699 38719 157098
5380 6363 6180 5 3700 3701 53081 53082 55788
5381 6363 6286 6 3701 3702 9557 9555 16697 54960
5382 5978 6286 4 3702 3703 55794 55707
5383 5978 6180 5 3703 3700 55264 55263 55950
5384 5978 6363 7 3700 3702 55706 55996 55999 51603 51602
5385 6286 6180 6 3701 3703 55951 7872 7871 54961
5386 8729 8454 5 3705 3706 46967 46382 46383
5387 8729 8445 5 3706 3704 6515 6517 46966
5388 8729 8628 7 3704 3705 46415 46288 31964 7658 7656
5389 7529 7705 7 3707 3708 52848 52849 53268 53269 53273
5390 7529 7688 5 3708 3709 51416 53263 52931
5391 7341 7688 5 3709 3710 41029 41031 51417
5392 7341 7705 3 3710 3707 53013
5393 7341 7529 8 3707 3709 51228 51227 52991 53260 53265 53272
5394 7688 7705 6 3708 3710 52747 52442 52441 52932
5395 6216 6228 6 3712 3713 41269 40757 40758 41298
5396 6601 6228 5 3713 3714 41081 41082 41096
5397 6601 5944 8 3714 3711 40697 40695 41367 41368 41323 41322
5398 6601 6216 4 3711 3713 41454 41415
5399 6228 5944 7 3712 3714 41328 41330 57974 57688 41318
5400 7382 7342 7 3715 3716 40046 39034 39035 5398 5399
5401 7382 7634 7 3716 3717 5177 33910 36167 36168 39818
5402 8025 7634 6 3717 3718 4144 41877 41878 5179
5403 8025 7342 4 3718 3715 5583 4142
5404 8025 7382 4 3715 3717 5178 41597
5405 7634 7342 5 3716 3718 4143 5308 41606
5406 2577 3990 5 3719 3720 142288 58743 58746
5407 2577 3461 3 3720 3721 59665
5408 3059 3990 3 3722 3719 58509
5409 3059 2577 8 3719 3721 58351 9864 9861 142521 28899 28901
5410 3461 3990 6 3720 3722 12131 12128 58055 58251
5411 11353 10869 7 144666 3723 3724 144682 144750 144748 -1
5412 11353 11561 8 3724 3725 144470 144641 144603 144602 144718 144683
5413 11373 10869 8 112456 112457 111944 111943 3726 3723 144667 -1
5414 11373 11353 3 3723 3725 144471
5415 11561 10869 3 3724 3726 112474
5416 5577 7774 5 3727 3728 58314 58315 57777
5417 5577 10119 4 3728 3729 42487 58321
5418 6790 10119 4 3729 3730 132716 42488
5419 6790 7774 8 3730 3727 39420 39419 10059 10061 42452 42453
5420 6790 5577 6 3727 3729 42486 42889 42350 42352
5421 10119 7774 8 3728 3730 142493 155215 142345 142346 155405 58322
5422 4540 4815 5 3731 3732 68524 15643 15641
5423 4540 4926 6 3732 3733 68525 68096 65160 65159
5424 4794 4926 7 3733 3734 67409 67412 68570 68529 68526
5425 4794 4815 5 3734 3731 68470 68626 68508
5426 4794 4540 4 3731 3733 68436 68438
5427 4926 4815 6 3732 3734 68507 67976 3992 3989
5428 10788 10567 7 3735 3736 145354 148176 147421 30972 30973
5429 10788 10588 3 3736 3737 30151
5430 10825 10588 8 3737 3738 145618 147728 147358 147227 147226 30152
5431 10825 10567 3 3738 3735 145617
5432 10825 10788 5 3735 3737 4379 4381 31789
5433 10588 10567 9 3736 3738 145616 145619 5259 5258 31421 147830 145355
5434 7700 7609 7 3739 3740 35885 35340 35339 5176 5174
5435 7700 7553 7 3740 3741 36366 35987 35986 38833 36059
5436 7297 7553 8 3741 3742 7245 35796 35859 53667 53666 36378
5437 7297 7609 8 35893 7243 3742 3739 35974 35854 35855 -1
5438 7297 7700 3 3739 3741 36377
5439 7553 7609 3 3740 3742 7244
5440 4558 4605 6 3743 3744 63819 63822 14192 14195
5441 4558 4654 8 3744 3745 78292 78215 7995 7993 14200 64804
5442 4710 4654 5 3745 3746 72800 72895 73066
5443 4710 4605 4 3746 3743 72814 72798
5444 4710 4558 5 3743 3745 78302 78301 73059
5445 4654 4605 5 3744 3746 72799 13561 13560
5446 735 425 4 3747 3748 125889 128451
5447 11493 11510 7 3749 3750 146523 146375 146374 33816 33819
5448 11493 115 4 3750 3751 130195 130193
5449 36 115 5 3751 3752 27785 27783 146491
5450 36 11510 6 3752 3749 146121 146543 146614 146570
5451 36 11493 5 3749 3751 132795 132794 146120
5452 115 11510 6 3750 3752 146549 131034 131036 146494
5453 8503 8568 4 3753 3754 46441 19661
5454 8503 8687 5 3754 3755 19330 47379 46440
5455 8504 8687 5 3755 3756 46865 37730 19332
5456 8504 8568 7 3756 3753 19663 47060 47059 45563 45562
5457 8504 8503 5 3753 3755 19331 46823 19662
5458 8687 8568 7 3754 3756 37847 37848 38193 45581 46442
5459 702 701 8 3757 3758 30129 127622 126089 126061 126063 128458
5460 702 507 5 3758 3759 126908 126907 30128
5461 426 507 4 3759 3760 126638 126927
5462 426 701 5 3760 3757 128450 126612 126613
5463 426 702 6 3757 3759 126925 126926 27084 27083
5464 507 701 5 3758 3760 26523 26521 30130
5465 450 460 6 3761 3762 116177 116180 26297 26295
5466 450 401 6 3762 3763 110877 110876 109277 109275
5467 609 401 5 3763 3764 109317 119557 121391
5468 609 460 4 3764 3761 123828 109316
5469 609 450 8 3761 3763 121390 123698 123364 117647 117646 123481
5470 401 460 4 3762 3764 106807 106806
5471 358 313 7 3765 3766 128682 105726 105729 128677 3881
5472 358 473 6 3766 3767 128635 128702 128683 128685
5473 532 473 6 3767 3768 29437 29439 125943 128319
5474 532 313 6 3768 3765 3883 111241 128418 128463
5475 532 358 4 3765 3767 27250 3882
5476 473 313 4 3766 3768 111140 111138
5477 776 478 6 3769 3770 125339 127898 125480 114829
5478 776 762 6 3770 3771 114682 24672 24673 125340
5479 670 762 4 3771 3772 124658 124659
5480 670 478 4 3772 3769 114831 125597
5481 670 776 6 3769 3771 24932 24931 124796 114830
5482 762 478 8 3770 3772 125576 125387 125386 125443 128235 125341
5483 3202 3041 6 3773 3774 59439 59125 59128 30003
5484 3202 3360 6 3774 3775 29880 29905 59590 59475
5485 3018 3041 6 3776 3773 30005 140577 127312 127308
5486 3018 3202 5 3773 3775 29881 30278 30004
5487 3360 3041 7 41343 41342 3774 3776 127307 140592 -1
5488 9987 9771 6 3777 3778 142066 142067 142768 142769
5489 9987 9870 5 3778 3779 142284 142285 142772
5490 10083 9870 5 3779 3780 42081 42080 66770
5491 10083 9771 4 3780 3777 155565 142606
5492 10083 9987 7 3777 3779 155615 146675 146674 154481 155563
5493 9870 9771 6 3778 3780 142605 155661 155699 142773
5494 10398 9931 6 3781 3782 42835 155275 155277 155310
5495 10398 10353 7 3782 3783 133159 58392 58393 154024 42836
5496 10297 9931 5 3784 3781 9080 9082 154102
5497 10297 10398 5 3781 3783 133160 154825 154826
5498 10353 9931 4 3782 3784 42609 42608
5499 9576 9826 6 3785 3786 104463 104312 97449 6804
5500 9576 9564 9 3786 3787 104252 104253 108251 14142 14140 104280 104461
5501 9825 9564 3 3787 3788 104394
5502 9825 9826 9 3788 3785 6806 22006 19488 19485 21501 104385 104384
5503 9825 9576 8 3785 3787 90503 90504 21666 21262 21264 6805
5504 9564 9826 4 3786 3788 104393 104464
5505 9134 8958 6 3789 3790 150658 45492 45490 152186
5506 9134 8872 4 3790 3791 44142 44145
5507 8994 8872 9 3791 3792 38114 44647 44645 46954 152700 47188 44965
5508 8994 8958 5 3792 3789 44516 44513 38113
5509 8872 8958 10 3790 3792 6830 6832 36787 45066 45067 7147 7148 45535
5510 10275 10391 5 3793 3794 155235 133082 44014
5511 10275 10708 4 3794 3795 31602 31600
5512 11182 10708 5 3795 3796 154324 154136 154135
5513 11182 10391 5 3796 3793 44016 155170 154323
5514 11182 10275 5 3793 3795 133022 133021 44015
5515 10708 10391 6 3794 3796 153743 153742 155325 155236
5516 10452 10150 7 3797 3798 22926 22924 104650 101127 101126
5517 10452 10120 5 3798 3799 104328 104329 102950
5518 10340 10120 5 3799 3800 93209 93211 102795
5519 10340 10150 7 3800 3797 108291 103971 101984 101983 108146
5520 10340 10452 6 3797 3799 107473 99566 99568 108226
5521 10120 10150 4 3798 3800 108292 102951
5522 6987 7164 6 3801 3802 34241 6372 6370 55194
5523 6987 7025 4 3802 3803 53531 34240
5524 6871 7025 8 3803 3804 55200 40196 40194 40600 40601 53461
5525 6871 7164 3 3804 3801 55199
5526 6871 6987 7 3801 3803 53532 36350 36347 53678 55202
5527 7025 7164 8 3802 3804 55197 52601 4610 4612 38232 34242
5528 8284 8309 4 3805 3806 33148 38261
5529 8284 8038 4 3806 3807 6857 33147
5530 8052 8309 6 3808 3805 38262 45786 44483 44482
5531 8052 8284 6 3805 3807 4186 4185 6853 6855
5532 8038 8309 4 3806 3808 39839 33149
5533 11475 11277 4 3809 3810 32105 32108
5534 11475 11574 7 3810 3811 109823 109824 128991 128990 148883
5535 11677 11574 6 3811 3812 28198 28199 109417 109415
5536 11677 11277 4 3812 3809 32731 32730
5537 11677 11475 4 3809 3811 134220 150166
5538 7428 7311 6 3813 3814 32305 42545 43515 43514
5539 7428 7718 6 3814 3815 42671 40990 40993 32304
5540 7498 7718 3 3815 3816 42343
5541 7498 7311 5 3816 3813 10795 10794 42342
5542 7718 7311 8 3814 3816 42341 42686 43735 42777 42776 32306
5543 167 25 5 3817 3818 26854 123684 123453
5544 167 293 4 3818 3819 27288 26855
5545 290 293 9 3819 3820 128827 128824 128825 27611 27612 27637 27289
5546 290 25 6 3820 3817 123454 130421 128862 128858
5547 293 25 4 3818 3820 128856 26856
5548 749 557 4 3821 3822 27758 29258
5549 749 720 6 3822 3823 130803 127138 127139 27757
5550 802 720 5 3823 3824 131346 131367 130804
5551 802 557 4 3824 3821 130451 130479
5552 802 749 5 3821 3823 127110 127108 130450
5553 720 557 9 3822 3824 130967 130968 131411 131185 131184 130917 27759
5554 8086 7919 6 3825 3826 46402 46400 45820 45821
5555 8086 7950 4 3826 3827 44497 44495
5556 8139 7950 7 3827 3828 47507 47786 46377 18937 18939
5557 8139 7919 3 3828 3825 47398
5558 8139 8086 8 3825 3827 46723 46827 46379 46378 45226 45225
5559 7950 7919 6 3826 3828 47506 46669 8576 8575
5560 8647 8349 7 3829 3830 38432 45594 39741 39377 38407
5561 8647 8422 5 3830 3831 38012 38068 38433
5562 8457 8422 4 3831 3832 38015 38013
5563 8457 8349 4 3832 3829 38408 38185
5564 8457 8647 9 3829 3831 36225 36224 34658 34659 39459 36104 36101
5565 8422 8349 5 3830 3832 37912 37913 38328
5566 8359 8607 6 3833 3834 3931 3932 35952 4458
5567 8359 8457 5 3834 3835 38982 39266 39201
5568 8379 8457 9 3835 3836 39455 36103 36101 38408 38371 38372 38983
5569 8379 8359 4 3833 3835 38981 4459
5570 8457 8607 7 3834 3836 39457 39469 39509 35022 35021
5571 28 88 6 3837 3838 114469 112595 112593 124622
5572 28 11824 6 3838 3839 111631 111632 123028 114470
5573 95 88 6 3840 3837 124485 124262 124260 124386
5574 95 28 4 3837 3839 26494 26493
5575 11824 88 3 3838 3840 114471
5576 1042 640 4 3841 3842 134518 134988
5577 1042 859 7 3842 3843 129955 129954 108885 108883 134519
5578 582 859 3 3843 3844 133942
5579 582 1042 6 3841 3843 119567 119566 134800 134992
5580 859 640 8 3842 3844 123153 123150 134510 134802 134335 134334
5581 11300 11153 7 3845 3846 106526 111263 111332 30661 25240
5582 11300 11112 4 3846 3847 111470 106527
5583 11505 11112 5 3847 3848 112203 111147 111148
5584 11505 11300 8 3845 3847 111465 111467 111459 111460 111299 25241
5585 11112 11153 9 3846 3848 144841 144842 145241 144673 30994 30912 30911
5586 10373 10242 6 3850 3851 112315 112396 112340 103620
5587 10130 10249 10 3852 3849 35123 35122 158907 158471 103552 103360 103362 103179
5588 10130 10373 3 3849 3851 103615
5589 10242 10249 4 3850 3852 103178 103618
5590 7931 7743 5 3853 3854 8798 8796 35766
5591 7931 7405 4 3854 3855 36260 36230
5592 7805 7405 6 3855 3856 35897 35596 35547 35548
5593 7805 7743 3 3856 3853 35767
5594 7405 7743 7 3854 3856 35747 35748 5320 5319 35828
5595 212 349 7 3857 3858 30589 30587 126609 126611 128665
5596 212 390 3 3858 3859 27933
5597 197 390 6 3859 3860 26382 126731 126237 27935
5598 197 349 4 3860 3857 128670 26381
5599 197 212 7 3857 3859 27934 126682 126681 126881 128671
5600 390 349 4 3858 3860 26380 126360
5601 10502 10180 7 3861 3862 33661 154350 154404 152291 152292
5602 10502 10266 5 3862 3863 154149 150730 33662
5603 10288 10266 7 3863 3864 145080 145082 130498 6653 6655
5604 10288 10180 4 3864 3861 31147 31148
5605 10288 10502 5 3861 3863 154406 154402 154401
5606 10266 10180 5 3862 3864 150610 150733 33663
5607 173 11812 4 3865 3866 26035 123093
5608 173 11826 5 3866 3867 23553 23552 26036
5609 92 11826 5 3867 3868 26200 26201 124369
5610 92 11812 4 3868 3865 123094 124214
5611 92 173 7 3865 3867 124365 123537 123538 123090 123091
5612 11826 11812 7 3866 3868 124213 111191 32006 32008 26037
5613 11402 11395 8 3869 3870 30678 30676 111275 111276 26273 26274
5614 11402 11380 5 3870 3871 110183 110182 103269
5615 11444 11380 10 3871 3872 20777 20778 111428 111435 111128 110335 11312 11313
5616 11444 11395 3 3872 3869 30641
5617 11444 11402 6 3869 3871 110892 111971 111970 112222
5618 11380 11395 7 3870 3872 30642 111756 3927 3929 103270
5619 11701 11889 7 3873 3874 109497 109530 109531 144815 22599
5620 11701 11736 4 3874 3875 23242 23240
5621 11738 11736 4 3875 3876 26946 26947
5622 11738 11889 6 3876 3873 22601 125903 125750 125731
5623 11738 11701 5 3873 3875 125767 125769 22600
5624 11736 11889 4 3874 3876 125661 109498
5625 2755 2708 6 3877 3878 64239 64240 135713 135714
5626 2755 2796 6 3878 3879 14856 14854 135550 135551
5627 2282 2796 3 3879 3880 131788
5628 2282 2708 7 3880 3877 135370 134977 134976 135758 131786
5629 2282 2755 6 3877 3879 135789 135995 135865 135864
5630 2796 2708 8 3878 3880 131787 135760 11162 11161 132320 135728
5631 463 532 7 3882 3883 111243 128416 128373 127968 27251
5632 463 313 3 3883 3881 111242
5633 463 358 6 3881 3882 27249 26588 26590 128676
5634 11063 11218 9 3884 3885 149815 145307 145308 149826 149070 149073 149699
5635 11063 11196 7 3885 3886 32330 32331 149824 104451 104452
5636 11376 11196 6 3886 3887 123795 149535 32519 32518
5637 11376 11218 6 3887 3884 149775 31978 31980 123794
5638 11376 11063 3 3884 3886 149342
5639 11196 11218 4 3885 3887 123793 149750
5640 11633 11762 6 3888 3889 146232 145114 126828 126826
5641 11633 11839 4 3889 3890 148564 148565
5642 50 11839 7 3890 3891 26699 26700 128515 130490 148987
5643 50 11762 3 3891 3888 144930
5644 50 11633 7 3888 3890 149055 144944 144942 145037 145091
5645 11839 11762 6 3889 3891 144929 144998 27707 27706
5646 310 535 8 3892 3893 24547 124607 114778 114777 125556 125560
5647 310 278 5 3893 3894 124472 27010 24548
5648 586 278 6 3894 3895 20067 124581 124582 125622
5649 586 535 4 3895 3892 111672 20065
5650 586 310 5 3892 3894 125620 125557 125559
5651 278 535 3 3893 3895 20066
5652 4342 4430 7 3896 3897 12700 12698 67253 67238 49567
5653 4342 4838 4 3897 3898 49389 49387
5654 4480 4838 10 3898 3899 43066 30162 30163 42794 6349 6347 43733 43761
5655 4480 4430 7 3899 3896 49569 57881 58017 67012 67281
5656 4480 4342 4 3896 3898 65204 49568
5657 4838 4430 6 3897 3899 58187 58186 67120 65261
5658 628 549 5 3900 3901 10832 133614 26678
5659 628 750 4 3901 3902 130848 10833
5660 61 750 5 3902 3903 131686 27943 27941
5661 61 549 5 3903 3900 26680 150356 131937
5662 61 628 5 3900 3902 130847 132094 26679
5663 750 549 6 3901 3903 131657 131655 130563 10834
5664 212 429 6 3904 3905 126511 126509 27562 4329
5665 212 152 8 3905 3906 126681 126878 126879 126886 126887 126820
5666 228 429 4 3907 3904 4331 126599
5667 228 212 5 3904 3906 126682 31050 4330
5668 152 429 4 3905 3907 126600 126673
5669 384 653 6 3908 3909 109558 109561 18609 18610
5670 384 632 5 3909 3910 123862 123863 129252
5671 360 632 6 3910 3911 124030 124031 124051 124155
5672 360 653 6 3911 3908 129086 134158 128947 128946
5673 360 384 7 3908 3910 128949 28316 22315 22314 124006
5674 632 653 4 3909 3911 129085 129264
5675 10034 9782 5 3913 3914 104557 104565 104714
5676 9797 9782 6 3914 3915 104364 104365 103870 103871
5677 9797 9872 3 3915 3912 104811
5678 9797 10034 5 3912 3914 104455 104454 104788
5679 9782 9872 7 3913 3915 97320 97319 97321 103746 103745
5680 11389 11523 5 3916 3917 144928 144796 128859
5681 11407 11523 3 3917 3918 144949
5682 11523 11448 6 3916 3918 145099 145908 149136 128861
5683 7588 7104 5 3919 3920 42958 43122 43123
5684 7588 7485 8 3920 3921 8877 8875 32915 44369 45843 42959
5685 7269 7104 6 3922 3919 43141 5983 5982 44189
5686 7269 7588 3 3919 3921 43125
5687 7485 7104 4 3920 3922 6923 6922
5688 9139 9586 7 3923 3924 34286 34287 154026 153673 153674
5689 9139 9001 6 3924 3925 35167 152733 152775 154108
5690 9097 9001 6 3925 3926 43589 45132 45106 35169
5691 9097 9586 6 3926 3923 33410 33407 153447 43588
5692 9097 9139 4 3923 3925 35168 153946
5693 9001 9586 4 3924 3926 43587 153466
5694 11395 11251 7 3927 3928 112109 104358 104359 30508 30509
5695 11395 11135 5 3928 3929 111584 112110 112117
5696 11380 11135 7 3929 3930 26053 26235 111450 30713 30714
5697 11380 11251 3 3930 3927 26051
5698 11135 11251 5 3928 3930 26052 110909 111788
5699 8511 8607 5 3933 3931 35021 35020 35010
5700 8491 8607 6 3932 3933 35011 39405 39344 39340
5701 3959 4211 4 3934 3935 73118 14549
5702 3959 4103 7 3935 3936 61063 63334 73025 71728 71727
5703 4025 4103 5 3936 3937 13736 60052 60051
5704 4025 4211 6 3937 3934 14551 15581 81603 13735
5705 4103 4211 7 3935 3937 13734 11047 11044 71952 73119
5706 6902 6794 5 3939 3940 5981 5980 49086
5707 6794 6781 5 3938 3940 44561 44241 44238
5708 5414 5691 4 3941 3942 57129 69959
5709 5414 5670 6 3942 3943 9788 9787 41375 57128
5710 5620 5670 7 3943 3944 40802 40801 56626 57127 56724
5711 5620 5691 5 3944 3941 61687 41361 41315
5712 5620 5414 5 3941 3943 56572 56571 69935
5713 5670 5691 8 3942 3944 41314 41360 57242 57278 57049 57048
5714 9940 10174 6 3945 3946 30440 30438 153608 152890
5715 9940 10201 5 3946 3947 31414 27139 27140
5716 10080 10201 6 3947 3948 152752 5152 5154 31416
5717 10080 10174 4 3948 3945 152891 152751
5718 10080 9940 7 3945 3947 31415 153062 148078 148077 152370
5719 10201 10174 4 3946 3948 152750 32943
5720 9065 8922 6 3949 3950 37441 152003 97406 97405
5721 9065 8793 3 3950 3951 37442
5722 8841 8793 8 3951 3952 98042 98046 98082 46857 46856 37495
5723 8841 8922 3 3952 3949 97933
5724 8841 9065 6 3949 3951 37494 152018 104087 97932
5725 8793 8922 7 3950 3952 98041 45805 45807 47203 37443
5726 11831 84 5 3953 3954 30667 30668 145818
5727 11831 201 5 3954 3955 144951 144952 144155
5728 249 201 7 3955 3956 125376 125377 26790 26789 128457
5729 249 84 4 3956 3953 126345 125601
5730 249 11831 5 3953 3955 144476 128524 128526
5731 201 84 7 3954 3956 125600 125791 125753 125754 144156
5732 9926 9760 5 3957 3958 20025 20026 99609
5733 9926 10069 4 3958 3959 18406 18407
5734 9793 9760 5 3960 3957 102595 102399 102400
5735 9793 9926 8 3957 3959 103033 111928 103161 103080 99792 99794
5736 10069 9760 6 3958 3960 102877 102874 101494 23629
5737 9360 9249 5 3961 3962 104827 21814 21815
5738 9093 9324 5 3963 3964 93731 23135 23134
5739 9093 9249 6 3964 3961 47953 21534 21533 93730
5740 9093 9360 4 3961 3963 32123 32125
5741 9324 9249 4 3962 3964 93729 98171
5742 7252 7340 7 3965 3966 8377 49574 51317 51295 8399
5743 7252 7600 3 3966 3967 8376
5744 7584 7600 6 3967 3968 44435 43311 43313 49599
5745 7584 7340 5 3968 3965 8401 49442 49552
5746 7584 7252 6 3965 3967 49597 49291 44174 8400
5747 7600 7340 4 3966 3968 49562 8378
5748 6993 6693 6 3969 3970 43301 43040 7938 5869
5749 7563 7423 7 3971 3972 42786 12340 12341 42729 33630
5750 7563 6993 3 3969 3971 5870
5751 7423 6693 5 3970 3972 43049 43220 43303
5752 1911 2009 7 3973 3974 132000 27513 27516 28650 133193
5753 1911 1689 4 3974 3975 29078 133299
5754 1810 1689 5 3975 3976 136519 135005 29080
5755 1810 2009 4 3976 3973 132472 132473
5756 1810 1911 6 3973 3975 29079 137193 136787 133192
5757 1689 2009 7 3974 3976 27696 27698 135888 5678 5679
5758 9858 9881 7 3977 3978 32897 33037 34054 34055 133686
5759 10142 10042 7 3979 3980 31526 31523 149778 149777 10760
5760 10142 9881 6 3980 3977 48676 33599 33600 134636
5761 10142 9858 3 3977 3979 10759
5762 10042 9881 4 3978 3980 134635 32898
5763 482 528 8 3981 3982 4256 126751 126749 128818 131077 126882
5764 482 299 6 3982 3983 33858 32044 31378 4257
5765 204 299 6 3983 3984 128740 13685 13683 33859
5766 204 528 4 3984 3981 126883 130710
5767 204 482 4 3981 3983 23625 23627
5768 299 528 6 3982 3984 126954 126953 129765 4258
5769 9316 9453 5 3985 3986 157422 157423 157109
5770 9316 9544 5 3986 3987 156393 157638 157553
5771 9379 9544 4 3987 3988 153314 153312
5772 9379 9453 5 3988 3985 157111 157438 157195
5773 9379 9316 5 3985 3987 156394 157262 157110
5774 9544 9453 6 3986 3988 157104 157106 35142 35141
5775 4762 4815 6 3989 3990 64421 65190 65193 68524
5776 4762 5097 5 3990 3991 12449 68439 64420
5777 4926 5097 4 3991 3992 67978 12450
5778 4926 4762 7 3989 3991 12448 68397 68490 65161 65159
5779 5097 4815 6 3990 3992 67977 68604 11458 11459
5780 4064 4116 5 3993 3994 64922 64914 64915
5781 4064 4206 6 3994 3995 64943 65129 64910 64908
5782 4167 4206 4 3995 3996 28796 64944
5783 4167 4064 7 3993 3995 64392 64393 64959 63931 63932
5784 4206 4116 9 3994 3996 28795 68347 63032 62236 62224 61210 61208
5785 10254 10004 5 3997 3998 33183 152834 156344
5786 10254 10263 4 3998 3999 156765 33184
5787 10110 10263 10 3999 4000 33159 31419 31420 31518 147530 156158 156160 156456
5788 10110 10004 6 4000 3997 156345 156942 152957 33158
5789 10110 10254 5 3997 3999 156774 40272 40271
5790 10263 10004 4 3998 4000 33157 33185
5791 10129 10211 7 4001 4002 146789 147126 147127 18502 18503
5792 10129 10288 4 4002 4003 46094 146790
5793 10290 10288 7 4003 4004 146769 146767 152785 152369 46095
5794 10290 10211 4 4004 4001 148434 148433
5795 10290 10129 6 4001 4003 46093 148004 153041 153020
5796 10288 10211 5 4002 4004 31780 31777 33010
5797 8443 8198 4 4005 4006 41879 39995
5798 8443 8415 5 4006 4007 4552 4553 39970
5799 8553 8415 6 4007 4008 38957 38958 41927 41966
5800 8553 8198 5 4008 4005 39997 41893 41896
5801 8553 8443 4 4005 4007 41965 39996
5802 8415 8198 5 4006 4008 42046 40031 40029
5803 10324 10243 7 4009 4010 97355 97356 108304 99033 99036
5804 10324 10216 7 4010 4011 110228 110229 112332 110510 110508
5805 10283 10216 5 4011 4012 110601 110664 110603
5806 10283 10243 7 4012 4009 103649 108194 110414 110413 110423
5807 10283 10324 5 4009 4011 110602 103692 103648
5808 10216 10243 5 4010 4012 110457 110458 110470
5809 8377 8282 7 4013 4014 37756 4595 4596 46885 46785
5810 8377 8077 5 4014 4015 35647 35645 46792
5811 8286 8077 6 4015 4016 46692 47396 46695 46365
5812 8286 8282 3 4016 4013 46691
5813 8286 8377 5 4013 4015 46364 19789 19790
5814 8077 8282 6 4014 4016 46690 46710 35067 35069
5815 10312 10197 8 4017 4018 158165 158166 147571 131233 131231 147217
5816 10312 10167 5 4018 4019 145386 145370 145371
5817 10258 10197 4 4020 4017 147466 147770
5818 10258 10312 4 4017 4019 147049 147326
5819 10167 10197 7 4018 4020 147767 27150 27152 157275 158083
5820 9972 10343 5 4021 4022 105171 151292 151268
5821 9972 10564 5 4022 4023 150199 151355 105170
5822 10248 10564 5 4023 4024 45983 151528 150201
5823 10248 10343 5 4024 4021 150043 106051 45982
5824 10248 9972 8 4021 4023 150200 150458 96907 27403 27405 66033
5825 11198 11312 7 4025 4026 153977 153978 147339 147340 143455
5826 11198 11392 5 4026 4027 34556 28947 28945
5827 11348 11392 7 4027 4028 144199 144125 144123 144222 144284
5828 11348 11312 5 4028 4025 143457 147219 147112
5829 11348 11198 4 4025 4027 153745 143456
5830 11392 11312 6 4026 4028 147073 147072 146250 146251
5831 10873 10865 11 4029 4030 6759 6758 32335 32336 146822 146569 31215 31218 23436
5832 10873 10677 3 4030 4031 146252
5833 10703 10677 8 4031 4032 149255 149182 146893 146894 147041 147040
5834 10703 10865 4 4032 4029 23438 149063
5835 10703 10873 7 4029 4031 147042 146940 146939 149373 23437
5836 10677 10865 5 4030 4032 149254 31783 31784
5837 4100 4152 7 4033 4034 67493 10672 10670 13984 13983
5838 4100 4240 5 4034 4035 14954 77666 68495
5839 4000 4240 5 4035 4036 28556 28557 14955
5840 4000 4152 7 4036 4033 14618 10585 10587 9163 9164
5841 4000 4100 4 4033 4035 14953 14617
5842 4240 4152 4 4034 4036 64764 64763
5843 8310 8122 6 4037 4038 6325 45754 45620 45618
5844 8310 8212 7 4038 4039 45548 45565 45566 45767 6326
5845 8107 8212 7 4039 4040 36679 36680 6747 6745 8766
5846 8107 8122 7 4040 4037 45619 45656 36816 36209 36211
5847 8107 8310 4 4037 4039 36803 36802
5848 8212 8122 3 4038 4040 6327
5849 2721 1474 4 4041 4042 66821 132220
5850 2721 3319 6 4042 4043 132861 33260 33263 66494
5851 3131 3319 5 4043 4044 11948 11949 30356
5852 3131 1474 4 4044 4041 28319 28318
5853 3131 2721 6 4041 4043 132218 132217 133138 132221
5854 3319 1474 7 4042 4044 132769 132768 154988 132003 66822
5855 8532 8101 7 4045 4046 47772 47773 48771 7816 7814
5856 8532 8487 5 4046 4047 48283 48303 48151
5857 8147 8487 7 4047 4048 48220 46268 46270 48077 48284
5858 8147 8101 6 4048 4045 48193 47847 46344 46343
5859 8147 8532 3 4045 4047 48192
5860 8487 8101 5 4046 4048 33127 21913 21915
5861 10467 10765 7 4049 4050 151525 151508 151507 151533 151531
5862 10467 10264 5 4050 4051 105315 105316 151526
5863 10470 10264 7 4051 4052 31845 149913 151359 23302 23303
5864 10470 10765 7 4052 4049 109838 103807 103806 22738 22737
5865 10470 10467 6 4049 4051 151452 151499 151521 151529
5866 10264 10765 4 4050 4052 31844 150037
5867 879 1085 3 4053 4054 127161
5868 879 1054 6 4054 4055 24517 24515 126576 127160
5869 731 1054 3 4055 4056 131352
5870 731 1085 6 4056 4053 127176 127178 127395 131350
5871 731 879 7 4053 4055 132573 29500 29499 143424 143366
5872 1054 1085 9 4054 4056 131351 138459 138461 136878 136879 126466 126463
5873 1034 912 4 4057 4058 123769 123699
5874 1034 1267 3 4058 4059 123676
5875 1088 1267 6 4059 4060 22847 26404 138986 123677
5876 1088 912 6 4060 4057 123700 129274 22918 22845
5877 1088 1034 8 4057 4059 27171 27170 138627 128029 24898 24900
5878 1267 912 6 4058 4060 22846 123347 123751 123767
5879 11819 11788 7 4061 4062 56784 154854 154188 27670 27668
5880 11819 11 5 4062 4063 34291 132855 56785
5881 11612 11 4 4063 4064 33865 33897
5882 11612 11788 4 4064 4061 131835 33864
5883 11612 11819 7 4061 4063 28138 28137 132605 154147 154146
5884 11 11788 5 4062 4064 4177 4179 56786
5885 8161 8157 8 4065 4066 52437 52440 89806 89807 37367 37368
5886 8161 7650 5 4066 4067 20332 92907 98988
5887 7611 7650 6 4067 4068 20000 20363 20362 20333
5888 7611 8157 4 4068 4065 32975 19998
5889 7611 8161 5 4065 4067 20331 4699 4698
5890 7650 8157 4 4066 4068 19999 98986
5891 8484 8440 4 4070 4071 46117 43189
5892 8402 8440 6 4071 4072 7372 7374 46092 46119
5893 8402 8445 4 4072 4069 19307 19304
5894 8402 8484 5 4069 4071 46118 46281 46116
5895 8440 8445 7 4070 4072 4669 4671 7093 7090 43190
5896 9264 9108 5 4073 4074 34793 34794 39263
5897 9264 9168 5 4074 4075 147986 153507 39598
5898 9111 9168 8 4075 4076 6784 6785 153244 38546 38547 147987
5899 9111 9108 5 4076 4073 39265 37310 37309
5900 9111 9264 4 4073 4075 147985 39264
5901 9168 9108 3 4074 4076 39599
5902 7174 7298 6 4077 4078 5596 5597 56941 56979
5903 7392 7298 6 4079 4077 56978 56932 56837 56825
5904 7379 7298 4 4078 4079 5430 5432
5905 9923 9993 7 4080 4081 150870 150894 150890 150892 150914
5906 9923 10232 5 4081 4082 43325 152426 150869
5907 10138 10232 6 4082 4083 110079 105041 105040 43326
5908 10138 9993 3 4083 4080 150909
5909 10138 9923 7 4080 4082 34059 34058 48675 133687 150915
5910 10232 9993 6 4081 4083 150908 150878 150877 150871
5911 9396 9276 5 4084 4085 103295 103271 103272
5912 9396 9312 4 4085 4086 18306 18307
5913 9270 9312 8 4086 4087 103823 97353 97352 104188 104055 104054
5914 9270 9276 4 4087 4084 103928 104201
5915 9270 9396 9 4084 4086 47994 47996 98014 97983 97478 97477 103872
5916 9312 9276 7 4085 4087 104173 104158 104156 104307 103296
5917 8564 8046 4 4088 4089 5809 5807
5918 8564 8624 8 4089 4090 39956 45100 45050 6251 6252 39792
5919 8202 8624 6 4090 4091 42238 42973 43787 39958
5920 8202 8046 6 4091 4088 6715 45124 44520 42237
5921 8202 8564 4 4088 4090 39957 6714
5922 8624 8046 8 4089 4091 42236 44004 44037 44930 44344 39793
5923 4723 4941 5 4092 4093 77393 77464 77465
5924 4723 4690 5 4093 4094 72719 76906 76907
5925 4141 4690 5 4094 4095 77318 76588 72721
5926 4141 4941 4 4095 4092 77262 77263
5927 4141 4723 6 4092 4094 72720 78052 76783 76785
5928 4690 4941 5 4093 4095 13903 13905 76661
5929 5681 5491 4 4096 4097 92608 84431
5930 5024 5491 4 4097 4098 75150 75151
5931 5491 5666 6 4096 4098 100752 100777 92702 84432
5932 9990 9970 6 4099 4100 101649 101338 92568 92569
5933 9990 10027 5 4100 4101 99680 99681 101648
5934 10103 10027 6 4101 4102 102002 22794 16361 16358
5935 10103 9970 5 4102 4099 101588 101589 102001
5936 10103 9990 3 4099 4101 101584
5937 10027 9970 4 4100 4102 101039 101038
5938 3118 3300 7 4103 4104 83107 83108 83887 83895 83886
5939 3118 3316 4 4104 4105 22987 82718
5940 2886 3316 4 4105 4106 83737 22989
5941 2886 3300 7 4106 4103 83759 83761 82513 82512 83818
5942 2886 3118 6 4103 4105 22988 75830 75828 83885
5943 3316 3300 7 4104 4106 83817 25247 25249 83822 83821
5944 9748 9407 4 4107 4108 104429 47205
5945 9748 9386 6 4108 4109 31801 31803 34957 104428
5946 9419 9386 5 4109 4110 104140 149295 151959
5947 9419 9407 7 4110 4107 47206 98069 37408 37407 98070
5948 9419 9748 7 4107 4109 151948 19829 19831 104615 47204
5949 9386 9407 6 4108 4110 104139 103952 103951 104430
5950 9159 9020 4 4111 4112 155202 150770
5951 9159 9056 7 4112 4113 44892 44888 44890 155205 155203
5952 9418 9056 5 4113 4114 43037 42652 42654
5953 9418 9020 7 4114 4111 150771 4270 4269 43418 43035
5954 9418 9159 6 4111 4113 151034 154266 34006 34008
5955 9056 9020 4 4112 4114 43036 44782
5956 9906 9998 6 4115 4116 33029 33030 158517 158618
5957 9746 9727 9 4117 4118 158287 158176 158177 147816 147814 157682 157504
5958 9746 9998 4 4118 4115 158106 158105
5959 9746 9906 5 4115 4117 157143 157142 158619
5960 9727 9998 4 4116 4118 110291 110292
5961 8188 8217 5 4119 4120 36245 36243 32965
5962 8188 7945 4 4120 4121 35697 36962
5963 8178 7945 9 4121 4122 35657 52155 4826 4825 19802 37111 35699
5964 8178 8217 6 4122 4119 4322 4324 4981 8651
5965 8178 8188 5 4119 4121 35698 21590 21589
5966 7945 8217 5 4120 4122 35656 37054 36963
5967 8680 8694 5 4123 4124 45288 45396 45317
5968 8680 8533 3 4124 4125 8894
5969 8614 8694 3 4126 4123 45318
5970 8614 8680 5 4123 4125 6771 6770 45316
5971 8533 8694 6 4124 4126 45392 45471 9678 9679
5972 8313 8115 7 4127 4128 36235 36414 6680 6679 5065
5973 8313 8208 5 4128 4129 4685 36551 36234
5974 8303 8208 5 4129 4130 36139 36142 4686
5975 8303 8115 5 4130 4127 5067 36473 36469
5976 8303 8313 6 4127 4129 4684 4889 38180 5066
5977 8208 8115 4 4128 4130 4763 4761
5978 7924 7761 3 4131 4132 18217
5979 7924 7892 7 4132 4133 20112 16885 8973 8976 18218
5980 7742 7924 4 4131 4133 20113 35523
5981 9347 9522 8 4134 4135 4881 4882 153399 38515 38518 44956
5982 9347 9461 4 4135 4136 153974 153702
5983 9491 9461 7 4136 4137 40856 40857 39986 39987 153975
5984 9491 9522 4 4137 4134 39468 39466
5985 9491 9347 7 4134 4136 153960 153388 39462 39464 44957
5986 9461 9522 4 4135 4137 153851 153703
5987 8638 8593 7 4138 4139 96939 97317 97012 96989 21937
5988 8638 8263 5 4139 4140 96443 96942 96940
5989 8085 8263 8 4140 4141 96737 96736 96853 96852 97134 96444
5990 8085 8593 4 4141 4138 21939 96358
5991 8085 8638 5 4138 4140 96442 96948 21938
5992 8263 8593 6 4139 4141 96732 95421 47801 47800
5993 7342 7798 6 4142 4143 5307 34632 5395 5396
5994 8025 7798 5 4144 4142 5584 8873 41907
5995 7634 7798 4 4143 4144 42197 5309
5996 7896 7712 7 4145 4146 37134 4824 4827 36668 36888
5997 7896 7805 6 4146 4147 36731 36729 36762 37133
5998 7491 7805 4 4147 4148 8738 8737
5999 7491 7712 8 4148 4145 9389 9391 36150 36149 35726 35725
6000 7491 7896 4 4145 4147 36340 36337
6001 7805 7712 4 4146 4148 36428 37098
6002 9060 8868 6 4149 4150 151627 47991 47977 47899
6003 9060 9138 4 4150 4151 17286 17287
6004 9037 9138 6 4151 4152 47959 47960 4309 4310
6005 9037 8868 5 4152 4149 47900 47980 47979
6006 9037 9060 5 4149 4151 22070 32883 32881
6007 9138 8868 6 4150 4152 47982 46360 46357 151628
6008 9710 9767 7 4153 4154 30125 153954 153958 45512 6093
6009 9710 9704 6 4154 4155 44864 147496 147497 30126
6010 9670 9704 4 4155 4156 153631 44866
6011 9670 9767 6 4156 4153 6095 153630 153935 153709
6012 9670 9710 6 4153 4155 44865 152471 152473 6094
6013 9704 9767 6 4154 4156 153708 153753 153336 30127
6014 10255 10371 7 4157 4158 46890 134225 151553 150750 150751
6015 10255 10645 5 4158 4159 49227 48744 46891
6016 10474 10645 4 4159 4160 150606 49228
6017 10474 10371 7 4160 4157 150590 150589 150613 149363 149362
6018 10474 10255 5 4157 4159 46156 46155 110080
6019 10645 10371 4 4158 4160 150605 46892
6020 8790 9088 7 4161 4162 34831 34832 40018 34847 4852
6021 8805 9088 5 4162 4163 7684 31486 31487
6022 9088 9097 6 4161 4163 7682 153918 156889 4854
6023 9309 9401 5 4164 4165 22808 22806 22135
6024 9309 8906 7 4165 4166 108060 108059 108058 108013 108014
6025 9465 8906 4 4166 4167 101762 101882
6026 9465 9401 5 4167 4164 22136 108003 101761
6027 9465 9309 5 4164 4166 108061 93350 22134
6028 8906 9401 4 4165 4167 101760 101770
6029 9373 9612 5 4168 4169 21734 21733 152535
6030 9373 9593 6 4169 4170 30901 46297 151372 47950
6031 9222 9593 6 4170 4171 151609 150057 150058 30903
6032 9222 9612 4 4171 4168 152536 151738
6033 9222 9373 7 4168 4170 30902 33136 33135 45468 45465
6034 9593 9612 5 4169 4171 48010 35243 35242
6035 11936 10300 6 4172 4173 104972 104974 106218 106510
6036 11936 9913 8 4173 4174 105364 106227 106212 106076 106074 105933
6037 9932 9913 6 4174 4175 105408 22454 22455 105365
6038 9932 10300 6 4175 4172 96225 96224 105301 106012
6039 9932 11936 5 4172 4174 105363 106156 106511
6040 9913 10300 4 4173 4175 105796 105793
6041 11333 11788 5 4176 4177 33864 66786 22803
6042 11333 11 4 4177 4178 33896 33865
6043 11854 11 6 4178 4179 132665 34218 34219 33898
6044 11854 11788 5 4179 4176 22805 132511 132664
6045 11854 11333 8 4176 4178 33446 33444 154952 155057 154757 22804
6046 6085 6200 7 4180 4181 96262 96261 96687 17895 17896
6047 6085 5187 5 4181 4182 72697 19437 19438
6048 6039 5187 5 4182 4183 76885 76884 72699
6049 6039 6200 5 4183 4180 90935 14662 14664
6050 6039 6085 9 4180 4182 72698 96104 74856 74858 96535 96310 96312
6051 5187 6200 5 4181 4183 76971 96524 96412
6052 8284 7790 3 4184 4185 6611
6053 8062 8284 8 4184 4186 6857 44986 44678 8853 8852 6610
6054 7726 7814 12 4187 4188 6984 6982 51390 35769 35772 7220 7221 48784 46410 8771
6055 8120 7814 5 4189 4187 8773 44385 44384
6056 8144 7814 6 4188 4189 46617 46618 46502 8548
6057 8593 8612 9 4190 4191 95421 95422 46277 46278 97156 97013 96989
6058 8593 8124 4 4191 4192 96358 96732
6059 8413 8124 8 4192 4193 96696 18141 18143 19341 96869 96359
6060 8413 8612 6 4193 4190 96990 21780 21782 22015
6061 8413 8593 4 4190 4192 21939 21937
6062 8124 8612 7 4191 4193 96424 96245 96244 96993 96733
6063 9314 9286 7 4194 4195 152049 18548 18549 105478 133825
6064 9314 9441 8 4195 4196 23209 23212 151867 151873 148599 148600
6065 9405 9441 5 4196 4197 47186 103748 103747
6066 9405 9286 6 4197 4194 151672 151673 158258 47184
6067 9405 9314 5 4194 4196 147771 38085 38084
6068 9441 9286 5 4195 4197 47185 134724 151978
6069 8609 8733 8 4198 4199 97386 97370 93984 93982 93883 93882
6070 8609 8698 6 4199 4200 94952 95562 97369 97385
6071 8481 8698 7 4200 4201 97384 21809 21808 92288 92286
6072 8481 8733 9 4201 4198 93885 93887 93940 14403 7650 7651 97382
6073 8481 8609 5 4198 4200 92085 92087 93884
6074 8698 8733 3 4199 4201 97383
6075 10607 10786 4 4202 4203 147144 147143
6076 10607 10602 7 4203 4204 146082 147204 147438 31457 31455
6077 10667 10602 5 4204 4205 31652 31655 35151
6078 10667 10786 5 4205 4202 145465 145466 148216
6079 10667 10607 4 4202 4204 144695 144694
6080 10602 10786 5 4203 4205 147751 147708 147707
6081 7229 7169 8 4206 4207 45929 45939 45941 45942 53968 52321
6082 7229 7264 5 4207 4208 49559 46478 45930
6083 7149 7169 5 4209 4206 52322 53853 52846
6084 7149 7229 5 4206 4208 49560 8415 8414
6085 7264 7169 5 4207 4209 52847 45320 45322
6086 9852 9809 3 4210 4211 152275
6087 9852 9722 6 4211 4212 47073 148522 33318 33316
6088 10109 9722 4 4212 4213 147823 47074
6089 10109 9809 7 4213 4210 152276 152346 148343 148342 152220
6090 10109 9852 6 4210 4212 7068 7070 148442 148444
6091 9722 9809 7 4211 4213 38288 4294 4293 6976 152241
6092 9094 9087 8 4214 4215 36601 35315 35316 98719 35345 35346
6093 9094 8778 4 4215 4216 35349 35350
6094 8845 8778 5 4216 4217 98183 37194 37192
6095 8845 9087 6 4217 4214 103120 21420 21421 98191
6096 8845 9094 5 4214 4216 19745 19747 103119
6097 8778 9087 5 4215 4217 21549 21546 98654
6098 8673 8743 4 4218 4219 31385 6577
6099 8673 8528 5 4219 4220 6743 6741 31384
6100 8206 8528 5 4220 4221 44627 44692 43113
6101 8206 8743 5 4221 4218 6579 44606 44605
6102 8206 8673 6 4218 4220 31560 31557 44913 6578
6103 3977 3916 8 4222 4223 60607 60060 60058 11284 11285 67171
6104 3977 4011 6 4223 4224 61881 11293 11291 63110
6105 4094 4011 8 4224 4225 61754 11290 11288 12820 61897 61882
6106 4094 3916 5 4225 4222 67172 62261 61753
6107 4094 3977 5 4222 4224 61880 63643 63642
6108 4011 3916 4 4223 4225 60616 60613
6109 1343 1106 7 4226 4227 131965 132707 28110 28113 132475
6110 1343 1185 3 4227 4228 66805
6111 1512 1185 8 4228 4229 131998 131997 66679 66680 27398 27397
6112 1512 1106 4 4229 4226 131683 131684
6113 1512 1343 8 4226 4228 33580 33581 42998 43000 27689 27691
6114 1185 1106 6 4227 4229 132143 132400 132737 131966
6115 8623 8756 6 4230 4231 49180 49178 48811 48812
6116 8623 8374 5 4231 4232 48969 46192 46195
6117 8323 8374 9 4232 4233 44187 44188 43861 43862 43191 43192 46439
6118 8323 8756 4 4233 4230 7548 7550
6119 8323 8623 5 4230 4232 49007 49009 49056
6120 8374 8756 5 4231 4233 44623 48850 49182
6121 6780 7132 3 4234 4235 54016
6122 7015 6840 5 4236 4237 32586 32588 46597
6123 7015 7132 6 4237 4234 45953 43349 43348 44355
6124 7015 6780 6 4234 4236 42864 42865 17948 17950
6125 6840 7132 5 4235 4237 49297 49299 53936
6126 11062 11040 7 4238 4239 145257 110989 22387 22385 103518
6127 11062 10967 3 4239 4240 144818
6128 10768 10967 6 4240 4241 23345 22942 22941 144819
6129 10768 11040 3 4241 4238 104713
6130 10768 11062 8 4238 4240 126759 110926 110807 30653 30655 104712
6131 10967 11040 12 4239 4241 110764 110763 110809 110831 110341 110340 112376 112377 145260 145259
6132 11560 11466 4 4242 4243 23456 23454
6133 11560 11762 6 4243 4244 145114 146231 148795 145107
6134 11517 11762 5 4244 4245 31736 126827 126828
6135 11517 11466 6 4245 4242 149122 145194 145193 31735
6136 11517 11560 4 4242 4244 145115 149104
6137 11762 11466 5 4243 4245 31256 31255 145108
6138 7788 7392 5 4246 4247 40589 40316 40317
6139 7788 7776 6 4247 4248 39417 37662 37660 39668
6140 7555 7776 4 4248 4249 38891 38892
6141 7555 7392 7 4249 4246 40606 35868 35869 40101 39436
6142 7555 7788 7 4246 4248 40559 40401 40399 40530 40529
6143 7776 7392 7 4247 4249 39437 7586 7588 39491 39492
6144 7944 8123 7 4250 4251 36192 8408 8409 40222 35922
6145 5606 5104 3 4252 4253 77558
6146 5606 5304 6 4253 4254 56149 17315 17318 72667
6147 5145 5304 3 4254 4255 72032
6148 5145 5104 10 4255 4252 72566 69006 12841 12843 73124 72933 64573 64575
6149 5145 5606 8 4252 4254 72446 72445 77864 72658 72485 72487
6150 5304 5104 7 4253 4255 72031 72354 72866 72637 72638
6151 482 618 4 4256 4257 31377 126932
6152 528 618 6 4258 4256 27460 27459 127414 127411
6153 299 618 5 4257 4258 130078 130720 31379
6154 3652 3684 7 4259 4260 60469 58845 58846 60008 60009
6155 3861 3506 5 4261 4262 60712 60711 60806
6156 3861 3684 5 4262 4259 60917 60919 61726
6157 3861 3652 5 4259 4261 60106 60107 60215
6158 3506 3684 5 4260 4262 61717 59161 59160
6159 8243 7352 5 4263 4264 41574 41964 41830
6160 8243 7653 6 4264 4265 41582 41634 41002 41003
6161 7118 7653 3 4265 4266 41554
6162 7118 7352 8 4266 4263 41704 41690 41674 41559 41556 41553
6163 7118 8243 7 4263 4265 41581 41573 41572 142313 41831
6164 7653 7352 9 4264 4266 41552 41551 41468 41281 41262 40385 40384
6165 9356 9487 4 4267 4268 32574 32572
6166 9356 9418 6 4268 4269 154023 155185 150995 150997
6167 9020 9487 5 4270 4267 154081 152828 152589
6168 9020 9356 4 4267 4269 154022 154080
6169 9418 9487 5 4268 4270 152590 152600 152598
6170 8657 8623 5 4271 4272 44746 46403 46404
6171 8657 8629 7 4272 4273 46484 46482 49249 44744 44742
6172 8939 8629 3 4273 4274 44680
6173 8939 8623 6 4274 4271 49179 49178 49071 44679
6174 8939 8657 5 4271 4273 49238 49237 49243
6175 8629 8623 5 4272 4274 44536 44535 44747
6176 8665 8686 6 4275 4276 44651 28344 28347 46029
6177 8665 8450 5 4276 4277 44643 44465 44464
6178 8537 8450 5 4277 4278 4609 6462 6461
6179 8537 8686 5 4278 4275 42004 42006 4608
6180 8537 8665 5 4275 4277 39794 39796 46028
6181 8450 8686 6 4276 4278 4607 42198 31559 31558
6182 10545 10478 8 4279 4280 147434 38667 38668 144648 158811 158810
6183 10545 10671 8 4280 4281 144886 34529 34530 111212 157801 147435
6184 10278 10671 4 4281 4282 143353 144887
6185 10278 10478 8 4282 4279 104997 31531 31533 31572 157133 143351
6186 10278 10545 5 4279 4281 144885 145408 158556
6187 10671 10478 6 4280 4282 143352 22796 22798 145345
6188 9347 9217 8 4283 4284 153986 153387 39462 39463 6503 6504
6189 9347 8926 3 4284 4285 153942
6190 9223 8926 6 4285 4286 152826 152827 153129 153739
6191 9223 9217 3 4286 4283 153408
6192 9223 9347 8 4283 4285 153941 153930 153485 6729 6728 153529
6193 8926 9217 10 4284 4286 153149 153151 153444 153460 155894 147504 147503 153984
6194 8493 8596 3 4287 4288 47154
6195 8493 8497 8 4288 4289 7497 46576 48039 6591 6590 46201
6196 8465 8497 4 4289 4290 8787 7498
6197 8465 8596 8 4290 4287 47339 47301 33091 32603 32602 8786
6198 8465 8493 7 4287 4289 7496 50425 47162 47161 47563
6199 8497 8596 5 4288 4290 8785 46128 46129
6200 9663 9731 6 4291 4292 148555 152019 152151 153130
6201 9663 9722 4 4292 4293 6974 148556
6202 9809 9663 5 4291 4293 6975 152925 152924
6203 9722 9731 6 4292 4294 38287 32979 23334 23336
6204 7812 7574 4 4296 4297 52470 52472
6205 7618 7574 6 4297 4298 52535 89864 19602 19603
6206 7618 7720 5 4298 4295 47349 47359 47356
6207 7618 7812 6 4295 4297 17590 17591 90149 47348
6208 7574 7720 5 4296 4298 52534 52551 52550
6209 8508 8599 8 4299 4300 43899 43900 44887 42541 42540 66768
6210 8508 8049 4 4300 4301 6052 42109
6211 8850 8049 6 4301 4302 155307 155269 42462 6053
6212 8850 8599 3 4302 4299 155306
6213 8049 8599 9 4300 4302 154142 132959 42669 42573 42574 6267 6269
6214 6941 7190 4 4303 4304 53990 54058
6215 6941 7110 7 4304 4305 6724 6725 53598 43227 43228
6216 7308 7110 4 4305 4306 43952 43923
6217 7308 7190 6 4306 4303 45148 45147 53181 53183
6218 7308 6941 5 4303 4305 43922 53652 53655
6219 7110 7190 9 4304 4306 53184 39080 39079 45880 44229 44228 53991
6220 9377 9269 5 4307 4308 49279 49280 105523
6221 9377 9138 6 4308 4309 150785 152490 152449 149987
6222 9037 9269 7 4310 4307 105525 37717 37719 97018 22070
6223 9037 9377 4 4307 4309 150784 105524
6224 9138 9269 5 4308 4310 17286 17285 149988
6225 11932 8976 7 4311 4312 151301 151302 19434 19432 47962
6226 11932 8785 4 4312 4313 46840 151349
6227 8601 11932 9 4311 4313 46841 6261 6258 48414 32708 32705 47961
6228 7834 7777 4 4314 4315 19670 47708
6229 7559 7777 5 4316 4314 47709 48640 50381
6230 8677 8598 7 4317 4318 6339 37383 37385 38279 38277
6231 8677 8586 7 4318 4319 34906 38301 38027 6807 6340
6232 8494 8586 5 4319 4320 37799 37358 34908
6233 8494 8598 4 4320 4317 36798 36800
6234 8494 8677 6 4317 4319 34907 35031 38197 38276
6235 8586 8598 6 4318 4320 38075 45365 46619 6341
6236 8536 8217 5 4321 4322 32965 37525 36623
6237 8536 8178 6 4322 4323 37950 37086 21588 21589
6238 8371 8178 8 4323 4324 4983 35526 36427 37917 37919 37948
6239 8371 8217 6 4324 4321 36624 35511 35512 4982
6240 8371 8536 4 4321 4323 35285 35284
6241 10743 10681 7 4325 4326 104644 150736 150106 150107 150637
6242 10743 10571 3 4326 4327 103969
6243 10555 10571 6 4327 4328 150660 149873 149875 103970
6244 10555 10681 3 4328 4325 150657
6245 10555 10743 6 4325 4327 31621 31620 32460 110259
6246 10571 10681 6 4326 4328 150659 150663 146824 104645
6247 408 228 6 4330 4331 126497 126413 31058 31051
6248 408 429 5 4331 4329 27563 126049 126051
6249 408 212 3 4329 4330 27561
6250 7444 7736 7 4332 4333 53447 52662 52663 45558 45559
6251 7444 7447 9 4333 4334 53413 53414 52874 52027 5297 5295 53446
6252 7708 7447 5 4334 4335 40578 4356 4357
6253 7708 7736 5 4335 4332 51878 36518 36515
6254 7708 7444 5 4332 4334 52956 52934 51877
6255 7447 7736 4 4333 4335 53445 53448
6256 6986 7051 8 4336 4337 36354 8412 8410 55228 55229 36351
6257 6986 6997 6 4337 4338 56877 55307 55276 36355
6258 6787 6997 5 4338 4339 53676 56975 56878
6259 6787 7051 4 4339 4336 36353 53674
6260 6787 6986 6 4336 4338 56876 55328 55326 36352
6261 6997 7051 5 4337 4339 53675 55245 36356
6262 7552 7448 5 4341 4342 13303 13302 35637
6263 7552 7537 7 4342 4340 35728 35727 37113 16689 16691
6264 7552 7440 7 4340 4341 35700 55579 55556 35829 35805
6265 7321 7358 5 4343 4344 52209 52211 52314
6266 7321 7284 6 4344 4345 90760 90726 90349 52364
6267 7139 7284 7 4345 4346 52235 90205 90381 90380 90748
6268 7139 7358 6 4346 4343 51369 51367 89507 52234
6269 7139 7321 4 4343 4345 90758 52391
6270 7284 7358 4 4344 4346 52233 52265
6271 10096 10265 4 4347 4348 103055 102954
6272 10096 10323 5 4348 4349 5134 5135 103027
6273 10491 10323 6 4349 4350 103326 103325 102644 21261
6274 10491 10265 6 4350 4347 16765 16767 110699 109125
6275 10491 10096 9 4347 4349 21260 111867 112511 104351 104349 102972 102955
6276 10323 10265 6 4348 4350 109124 30828 30827 103056
6277 7924 8150 4 4351 4352 4724 4722
6278 7924 7885 7 4352 4353 20112 20113 35522 5443 5444
6279 8117 7885 4 4353 4354 4582 35892
6280 8117 8150 7 4354 4351 36415 37110 32969 32968 4580
6281 8117 7924 4 4351 4353 16885 16883
6282 7885 8150 5 4352 4354 4581 18490 16980
6283 7708 7576 6 4355 4356 38975 38976 36373 36372
6284 7492 7447 5 4357 4358 53373 54976 53413
6285 7492 7576 5 4358 4355 30571 5222 5221
6286 7492 7708 5 4355 4357 52956 5553 5554
6287 7447 7576 5 4356 4358 45555 45556 40579
6288 5909 6011 5 4359 4360 40020 40021 5549
6289 5909 5802 5 4360 4361 41348 56666 41346
6290 5944 5802 5 4361 4362 9791 40870 41313
6291 5944 5909 5 4359 4361 41311 41308 5550
6292 5802 6011 6 4360 4362 9789 5225 5226 41347
6293 7033 6889 6 4363 4364 36708 89737 86757 86756
6294 7033 7147 5 4364 4365 89647 89768 36709
6295 6828 7147 6 4365 4366 87774 88735 88736 89622
6296 6828 6889 7 4366 4363 86674 86676 89591 89590 87773
6297 6828 7033 5 4363 4365 89648 89779 89777
6298 7147 6889 4 4364 4366 86806 36710
6299 9256 8939 6 4367 4368 46107 7280 7283 33052
6300 9256 9428 6 4368 4369 154255 151020 151011 151010
6301 9098 9428 5 4369 4370 152683 33683 33684
6302 9098 8939 5 4370 4367 32959 32960 152682
6303 9098 9256 6 4367 4369 154259 151041 105469 33051
6304 9428 8939 5 4368 4370 152669 45515 45516
6305 8799 8761 6 4371 4372 19886 37301 37300 36723
6306 8799 8696 8 4372 4373 4622 37500 37501 37781 37679 19887
6307 8619 8696 5 4373 4374 36396 37579 4624
6308 8619 8761 6 4374 4371 36724 5007 5006 36395
6309 8619 8799 3 4371 4373 4623
6310 8696 8761 4 4372 4374 36394 19888
6311 8119 8398 7 4375 4376 4867 4868 21362 98250 -1
6312 8119 7512 5 4376 4377 92120 6597 6598
6313 7469 7512 9 4377 4378 86320 86319 99649 85731 85732 86020 92121
6314 7469 8398 6 99644 99643 99624 4378 4375 -1
6315 7469 8119 4 4375 4377 92119 -1
6316 7512 8398 3 4376 4378 21396
6317 10788 10823 10 4379 4380 148073 147430 147429 147545 147546 148175 145354 30151
6318 10788 11055 5 4380 4381 31788 147238 147236
6319 10825 11055 8 4381 4382 145858 145853 145614 30458 30455 31790
6320 10825 10823 6 4382 4379 30152 148202 145722 145721
6321 11055 10823 4 4380 4382 146028 146030
6322 10491 10735 6 4383 4384 103045 111791 109122 109123
6323 10491 10631 5 4384 4385 22514 104351 103044
6324 10450 10631 4 4385 4386 108425 22515
6325 10450 10735 5 4386 4383 111785 23106 23103
6326 10450 10491 7 4383 4385 22513 102972 102891 102893 111801
6327 10631 10735 5 4384 4386 108424 111795 103046
6328 11144 10953 7 4387 4388 4947 4946 146609 146719 154390
6329 11144 11109 3 4388 4389 146266
6330 11168 11109 8 4389 4390 154557 154782 154811 146035 146036 146265
6331 11168 10953 3 4390 4387 154392
6332 11168 11144 8 4387 4389 129628 129630 143020 143019 154915 154391
6333 11109 10953 9 4388 4390 154556 154751 154543 154544 146404 146406 146642
6334 9398 9163 4 4391 4392 157316 157035
6335 9398 9310 5 4392 4393 157112 157320 157317
6336 9069 9310 4 4393 4394 39283 39282
6337 9069 9163 7 4394 4391 157037 157288 157291 157086 157085
6338 9069 9398 5 4391 4393 39059 39058 157036
6339 9310 9163 8 4392 4394 157284 157300 157296 157298 157370 157318
6340 533 374 3 4395 4396 131177
6341 533 220 10 4396 4397 142940 143059 143123 143138 143144 143142 143180 131176
6342 459 220 4 4397 4398 131011 131010
6343 459 533 5 4395 4397 142941 143094 142841
6344 220 374 6 4396 4398 143089 144220 143476 131178
6345 9145 8640 4 4399 4400 152670 152631
6346 9145 9031 6 4400 4401 152451 154282 152686 152671
6347 8756 8640 6 4402 4399 33156 33154 33346 46003
6348 8756 9145 6 4399 4401 152452 152457 152459 152613
6349 9031 8640 5 4400 4402 44478 44477 45913
6350 8700 8493 7 4403 4404 46893 48039 48037 48035 48033
6351 8700 8588 6 4404 4405 47762 47933 47951 46894
6352 8584 8588 5 4405 4406 21453 47927 47764
6353 8584 8493 7 4406 4403 47812 47562 47161 37668 21451
6354 8584 8700 4 4403 4405 47763 48032
6355 8588 8493 4 4404 4406 21452 46251
6356 10445 10495 7 4407 4408 142644 42318 42316 155570 152960
6357 10445 10083 4 4408 4409 142331 142643
6358 10434 10083 6 4409 4410 154669 154667 154430 142332
6359 10434 10495 4 4410 4407 152962 155622
6360 10434 10445 6 4407 4409 41744 41743 133079 152961
6361 10083 10495 6 4408 4410 66771 42080 42082 142645
6362 8133 8115 6 4411 4412 36083 36413 36235 4761
6363 8133 7901 4 4412 4413 36610 36084
6364 7985 7901 8 4413 4414 39023 39022 8726 4676 4678 36445
6365 7901 8115 9 4412 4414 45417 45416 36766 36765 36843 7036 7037
6366 7202 7469 4 4415 4416 87092 86016
6367 7202 7068 5 4416 4417 87734 87394 87091
6368 7357 7068 5 4417 4418 17684 20302 87735
6369 7357 7469 7 4418 4415 56380 56379 86085 86084 17682
6370 7357 7202 7 4415 4417 87733 87922 56005 17450 17452
6371 7068 7469 7 87093 4416 4418 17683 86020 100134 -1
6372 8385 8588 4 4419 4420 46566 46567
6373 8385 8505 6 4420 4421 50466 50438 48105 48088
6374 8312 8505 4 4421 4422 46252 50378
6375 8312 8588 5 4422 4419 47456 21453 21452
6376 8312 8385 8 4419 4421 50465 50440 47319 47275 47277 47455
6377 7533 7090 3 4423 4424 31799
6378 7533 7138 7 4424 4425 5956 5954 40703 39007 38827
6379 7553 7533 10 4423 4425 36381 35776 34830 6819 6821 35926 35455 31798
6380 7943 8007 7 4426 4427 36182 36060 36022 36021 36094
6381 7943 7835 5 4427 4428 36174 36087 36088
6382 7925 7835 5 4428 4429 19821 35446 38776
6383 7925 8007 5 4429 4426 36096 36268 19820
6384 7925 7943 4 4426 4428 38775 36095
6385 7835 8007 5 4427 4429 19819 35691 35690
6386 8652 8740 6 4430 4431 4979 35154 34884 33203
6387 8652 8956 3 4431 4432 4637
6388 9035 8956 7 4432 4433 5015 5014 38715 38684 4639
6389 9035 8740 3 4433 4430 33204
6390 9035 8652 9 38650 38442 33202 4430 4432 4638 6248 38333 -1
6391 8956 8740 8 4431 4433 38665 5050 5049 36253 37340 4980
6392 11759 11554 8 4434 4435 156206 156209 156198 144306 144307 130948
6393 11759 11822 10 4435 4436 156184 156005 147313 145816 145814 156196 156212 156207
6394 11688 11822 4 4436 4437 146025 146190
6395 11688 11554 7 4437 4434 130949 131214 33667 33664 146023
6396 11688 11759 6 4434 4436 156202 156208 143517 130947
6397 11822 11554 3 4435 4437 146024
6398 9435 9277 5 4438 4439 38422 38153 38151
6399 9435 9710 4 4439 4440 153475 38423
6400 9452 9710 7 4440 4441 152472 152471 153951 147496 147498
6401 9452 9277 4 4441 4438 153922 153646
6402 9452 9435 5 4438 4440 153394 147399 147398
6403 9710 9277 5 4439 4441 153645 153752 38424
6404 7887 8280 7 4442 4443 36363 36361 36169 35487 35488
6405 7887 7749 8 4443 4444 5975 36004 36002 38923 38786 38387
6406 8048 7749 4 4444 4445 36082 5977
6407 8048 8280 7 38612 4445 4442 38757 38648 38647 -1
6408 8048 7887 5 4442 4444 5976 34621 35485
6409 7749 8280 5 38388 4443 4445 38613 -1
6410 7637 7376 3 4446 4447 90259
6411 7637 7526 5 4447 4448 8746 8745 89774
6412 7502 7526 6 4448 4449 8683 90089 52045 52044
6413 7502 7376 7 4449 4446 90260 89849 89731 89330 8682
6414 7502 7637 6 4446 4448 52400 52527 37877 37878
6415 7526 7376 5 4447 4449 8681 17472 17473
6416 8232 8358 5 4450 4451 5180 9449 36148
6417 8232 8387 4 4451 4452 16507 5181
6418 8406 8387 7 4452 4453 38622 35937 19827 19826 36070
6419 8406 8358 4 4453 4450 36173 38588
6420 8406 8232 8 4450 4452 36069 5201 5202 36535 37277 36172
6421 8387 8358 6 4451 4453 38445 34911 34910 5182
6422 7262 7418 7 4454 4455 6989 8839 10868 10869 52477
6423 7262 7725 4 4455 4456 55341 6990
6424 7622 7725 8 4456 4457 53245 53278 53355 53353 53349 53348
6425 7622 7418 8 4457 4454 36179 36178 53403 53222 51641 51643
6426 7622 7262 4 4454 4456 35730 35729
6427 7725 7418 5 4455 4457 53244 53371 6991
6428 8210 8379 7 4459 4460 30982 30981 39037 39038 39316
6429 8210 8607 5 4460 4458 35953 40228 39030
6430 8210 8359 4 4458 4459 4600 4599
6431 7513 7533 6 4461 4462 39373 5449 5448 39007
6432 7513 7839 5 4462 4463 39042 36411 36412
6433 7562 7839 4 4463 4464 39047 39043
6434 7562 7533 9 4464 4461 38827 31799 31798 35454 39077 35991 35993
6435 7562 7513 5 4461 4463 9363 9362 39008
6436 7839 7533 7 4462 4464 35494 35493 39072 39073 39374
6437 7533 7717 7 4465 4466 35926 38998 39075 35991 35992
6438 7533 7855 6 4466 4467 39072 39074 6818 6821
6439 7876 7855 6 4467 4468 38944 38769 38770 39051
6440 7876 7717 4 4468 4465 38809 38864
6441 7876 7533 4 4465 4467 35493 35495
6442 7855 7717 4 4466 4468 38943 35927
6443 8513 8814 5 4469 4470 99021 100060 13738
6444 8513 8577 8 4470 4471 99669 86155 86156 86317 18410 18411
6445 8864 8577 5 4471 4472 99407 18658 18657
6446 8864 8814 10 4472 4469 13438 13437 100065 99569 99198 99196 93641 93640
6447 8864 8513 4 4469 4471 99646 13737
6448 8577 8814 4 4470 4472 93427 93426
6449 9475 9459 7 4473 4474 39438 157696 31369 31370 152138
6450 9475 9343 3 4474 4475 39439
6451 9443 9343 7 4475 4476 98460 147637 148568 157397 157239
6452 9443 9459 4 4476 4473 148253 98459
6453 9443 9475 6 4473 4475 21289 21288 103401 111931
6454 9343 9459 7 4474 4476 98458 157932 157680 38496 38495
6455 9630 9999 4 4477 4478 154127 44785
6456 9630 9610 6 4478 4479 152155 154126 154124 154357
6457 9582 9610 7 4479 4480 152943 45514 45513 152772 152157
6458 9582 9999 4 4480 4477 33195 33197
6459 9582 9630 6 4477 4479 152156 152623 152625 44784
6460 9610 9999 8 4478 4480 152942 153767 153884 153883 154170 154359
6461 7949 8080 3 4481 4482 39921
6462 7949 8010 7 4482 4483 5483 5618 53527 39102 39103
6463 8129 8010 5 4483 4484 38601 39260 5484
6464 8129 8080 6 4484 4481 38822 38821 39605 38600
6465 8129 7949 6 4481 4483 5482 6524 40435 39922
6466 8010 8080 7 4482 4484 38599 39726 39745 39572 39573
6467 8602 8581 7 4485 4486 35968 38589 36429 36430 38610
6468 8602 8510 3 4486 4487 35969
6469 8771 8510 6 4487 4488 36238 36237 36216 36215
6470 8771 8581 6 4488 4485 38332 21567 21566 38571
6471 8771 8602 7 4485 4487 37313 38625 38627 38619 38611
6472 8510 8581 5 4486 4488 38596 36631 35970
6473 7895 7700 4 4489 4490 35857 7906
6474 7895 7743 8 4490 4491 36071 36546 36375 8796 8797 9224
6475 7835 7743 5 4491 4492 35972 35692 35691
6476 7835 7700 7 4492 4489 7908 31904 31906 35339 36270
6477 7835 7895 5 4489 4491 19819 19821 7907
6478 11162 11473 5 4493 4494 106385 106386 22895
6479 11162 11482 6 4494 4495 105886 106659 106792 106790
6480 11695 11482 3 4495 4496 22108
6481 11695 11473 9 4496 4493 22897 107462 107468 109214 109213 121326 22107
6482 11695 11162 5 4493 4495 105887 105761 22896
6483 11482 11473 7 4494 4496 22106 106674 121443 106697 106696
6484 8401 8489 8 4497 4498 40077 40235 40339 39308 39309 40141
6485 8401 8603 5 4498 4499 29615 29613 38955
6486 8344 8603 7 4499 4500 8861 39621 39622 40231 39594
6487 8344 8489 5 4500 4497 5693 5692 8859
6488 8344 8401 3 4497 4499 39593
6489 8603 8489 8 4498 4500 8860 39411 39907 39877 39878 40078
6490 8448 8589 7 4501 4502 6294 6292 45235 45669 45707
6491 8448 8620 5 4502 4503 45506 33017 33018
6492 8598 8589 8 4504 4501 45705 37583 37580 46612 8396 8398
6493 8598 8448 4 4501 4503 37933 37932
6494 8620 8589 7 4502 4504 33325 33324 33842 33841 45444
6495 9016 9014 4 4505 4506 157237 39414
6496 9016 9029 8 4506 4507 36519 36520 157096 35063 35066 157236
6497 8945 9029 4 4507 4508 36282 38732
6498 8945 9014 9 4508 4505 39415 35482 35481 35895 39381 39157 36280
6499 8945 9016 5 4505 4507 39300 38657 38656
6500 9029 9014 4 4506 4508 36281 157221
6501 8645 8658 6 4509 4510 46210 45544 45545 47859
6502 8645 8855 6 4510 4511 21560 32422 6626 6627
6503 8728 8855 4 4511 4512 46368 21561
6504 8728 8658 5 4512 4509 47888 32431 32433
6505 8728 8645 4 4509 4511 17834 17833
6506 8855 8658 5 4510 4512 46367 46369 46693
6507 5165 4742 3 4513 4514 70386
6508 5165 4483 7 71712 10458 10457 70387 4514 4515 -1
6509 5272 4483 4 4515 4516 56070 -1
6510 5272 4742 7 4516 4513 70097 70095 69572 51871 51872
6511 5272 5165 7 70150 70131 70130 70237 4513 4515 -1
6512 4483 4742 7 4514 4516 56069 69218 69571 69577 69576
6513 9631 9763 8 4517 4518 157655 34758 34761 153634 156874 156873
6514 9631 9939 4 4518 4519 5116 5114
6515 9859 9939 8 4519 4520 31576 31574 35136 157827 157818 154674
6516 9859 9763 6 4520 4517 156957 157132 157135 157144
6517 9859 9631 5 4517 4519 154673 157788 156956
6518 9939 9763 7 4518 4520 27570 27567 35115 35114 38467
6519 9585 9788 6 4521 4522 157793 157890 153249 153250
6520 9585 9737 7 4522 4523 44121 44119 157963 157998 157794
6521 9520 9737 4 4523 4524 156970 156971
6522 9520 9788 4 4524 4521 152566 152568
6523 9520 9585 7 4521 4523 34727 34726 45055 34946 34948
6524 9737 9788 7 4522 4524 34936 34935 157455 153455 153454
6525 6446 6693 6 4525 4526 43040 43300 12280 12279
6526 5461 6437 5 4527 4528 11740 11742 7048
6527 5461 6693 6 4528 4525 12276 12277 43202 65447
6528 5461 6446 3 4525 4527 7046
6529 8740 8549 4 4529 4530 35154 35155
6530 8693 8549 4 4530 4531 5089 5088
6531 8549 8581 7 4529 4531 36429 38163 38144 38146 38636
6532 7573 7260 7 4532 4533 16974 16975 16775 16776 86378
6533 7573 7163 3 4533 4534 86939
6534 7156 7163 8 4534 4535 86362 87674 87784 87780 86953 86941
6535 7156 7260 3 4535 4532 86361
6536 7156 7573 8 4532 4534 86940 86491 86490 86494 86474 86377
6537 7163 7260 7 4533 4535 86018 86019 86428 86427 86937
6538 8304 7906 5 4536 4537 93194 19680 19683
6539 8304 8021 8 4537 4538 97751 19717 19718 90546 90548 96479
6540 8169 8021 6 4538 4539 89708 38411 37535 37536
6541 8169 7906 5 4539 4536 21812 21813 90307
6542 8169 8304 6 4536 4538 97752 97819 97747 97749
6543 8021 7906 7 4537 4539 89935 52312 52311 47741 47738
6544 9403 9318 5 4540 4541 103412 103404 103365
6545 9403 9499 8 4541 4542 34879 24419 24420 103253 103426 103413
6546 9000 9499 4 4542 4543 103211 34880
6547 9000 9318 6 4543 4540 103141 36703 36702 103210
6548 9000 9403 5 4540 4542 7296 7298 103366
6549 9499 9318 4 4541 4543 103206 103205
6550 9560 9462 4 4544 4545 34628 34631
6551 9560 9575 9 4545 4546 34939 35170 153478 157016 157018 40167 40016
6552 9491 9575 4 4546 4547 41637 34941
6553 9491 9462 12 4547 4544 156511 156510 153890 153892 156831 34390 34389 153887 153889 153914
6554 9491 9560 4 4544 4546 34940 156872
6555 9575 9462 5 4545 4547 156820 153484 40017
6556 11066 10902 5 4548 4549 143978 144095 143741
6557 10808 10902 4 4549 4550 147349 143979
6558 10902 10720 6 4548 4550 147347 155641 155441 143743
6559 8443 8800 6 4551 4552 41965 41967 156868 41977
6560 8400 8415 10 4553 4554 5898 5897 41945 41946 41986 41982 41636 39971
6561 8400 8800 4 4554 4551 41969 41883
6562 8415 8800 5 4552 4554 39896 39895 41966
6563 6666 6564 6 4555 4556 52814 53375 53376 55427
6564 6666 6721 4 4556 4557 53054 52815
6565 6253 6721 5 4557 4558 9800 56006 55731
6566 6253 6666 4 4555 4557 53685 53684
6567 6721 6564 5 4556 4558 9799 56482 52816
6568 10215 10281 7 4559 4560 147644 154452 153018 6972 6970
6569 10215 9978 5 4560 4561 34197 34195 147645
6570 10172 10281 7 4562 4559 33611 33375 33374 146740 146742
6571 10172 10215 5 4559 4561 126406 126405 33610
6572 9978 10281 3 4560 4562 147646
6573 7508 7208 6 4563 4564 9711 5019 5021 35359
6574 7208 7405 8 4563 4565 35847 35849 55358 5197 5198 35764
6575 8308 8476 5 4566 4567 93358 93359 98989
6576 8308 8065 5 4567 4568 98522 98523 98937
6577 8190 8308 9 4566 4568 99114 94062 94061 97895 97894 98291 99300
6578 8877 8554 5 4569 4570 36444 36442 36049
6579 8877 8482 8 98740 37321 4570 4571 8479 8480 38620 -1
6580 8447 8554 6 4572 4569 35300 35299 37090 19216
6581 8447 8877 3 4569 4571 36050
6582 8482 8554 6 4570 4572 19217 36629 98643 37322
6583 8290 8007 5 4573 4574 36123 36187 36013
6584 8208 8007 5 4574 4575 5075 36089 36125
6585 7757 8019 6 4576 4577 46789 97628 90261 46603
6586 7757 7801 5 4577 4578 47153 47637 46790
6587 7845 8019 4 4579 4576 46605 46583
6588 7845 7757 4 4576 4578 47152 46604
6589 7801 8019 7 4577 4579 46582 47676 52276 52273 46791
6590 8150 7684 7 86567 4719 4720 4580 4581 35777 -1
6591 8117 7684 5 4582 4580 19854 19853 35891
6592 8213 8191 5 4583 4584 36153 36154 38842
6593 7954 8007 5 4585 4586 36269 36096 36094
6594 7954 8191 7 4586 4583 38850 5172 5171 36346 36276
6595 7954 8213 5 4583 4585 36100 36097 38844
6596 8007 8191 5 4584 4586 36275 36125 36123
6597 7422 8201 5 4587 4588 32736 7693 6172
6598 7422 7452 7 4588 4589 7436 7434 44542 10613 10615
6599 8165 7452 5 4589 4590 7466 7467 32450
6600 7452 8201 6 4588 4590 48282 48609 48869 32737
6601 11828 318 7 4591 4592 133084 154710 156200 156201 146663
6602 11828 232 5 4592 4593 142666 142665 133085
6603 90 232 5 4593 4594 142591 142589 146168
6604 90 318 5 4594 4591 7826 7828 142881
6605 90 11828 6 4591 4593 146167 142542 142543 142993
6606 232 318 4 4592 4594 142564 133086
6607 8377 8418 8 4596 4597 46539 46820 45576 36625 36627 45590
6608 8252 8418 8 4597 4598 19633 19634 45487 46735 36684 36683
6609 8252 8282 6 4598 4595 35068 35067 6384 6383
6610 8252 8377 3 4595 4597 37757
6611 8418 8282 4 4596 4598 37523 46861
6612 8359 8292 7 4600 4601 38397 35959 35958 38982 38981
6613 8194 8292 4 4601 4602 38594 38591
6614 8194 8210 7 4602 4599 35953 33429 33430 40591 39017
6615 8194 8359 4 4599 4601 39339 35952
6616 8292 8210 7 4600 4602 39015 39014 36191 36190 39316
6617 6274 6652 7 4603 4604 53944 8868 8866 53966 53922
6618 6274 6391 7 4604 4605 53920 54098 54097 4801 4802
6619 6255 6652 6 4606 4603 46509 46510 5774 5776
6620 6255 6274 7 4603 4605 53921 54427 54397 45993 45992
6621 6391 6652 5 4604 4606 49432 49429 51495
6622 8202 8537 5 4608 4609 30447 43786 43787
6623 8202 8450 6 4609 4607 42238 42237 44519 30446
6624 8202 8686 3 4607 4608 42973
6625 7164 7273 6 4610 4611 55315 9428 9431 52602
6626 7164 7370 6 4611 4612 36746 36745 52961 55302
6627 7025 7370 3 4612 4613 38233
6628 7025 7273 7 4613 4610 40715 8836 8837 40752 45729
6629 7370 7273 9 4611 4613 51420 40576 8187 8189 35471 35470 55312
6630 7344 7552 9 4614 4615 13302 35636 52493 89761 4715 4716 86375
6631 7344 7677 3 4615 4616 9427
6632 7615 7677 7 4616 4617 35624 35560 16942 9255 9258
6633 7615 7552 4 4617 4614 86784 35623
6634 7615 7344 6 4614 4616 9426 17212 17560 17561
6635 7677 7552 7 4615 4617 35622 37085 16690 16691 13303
6636 8783 8992 7 4618 4619 44988 44964 6401 6404 40032
6637 8783 8953 6 4619 4620 33488 33486 8892 8893
6638 8907 8992 6 4621 4618 40033 43020 152730 153904
6639 8907 8783 4 4618 4620 6723 6720
6640 8953 8992 4 4619 4621 153800 44989
6641 8799 8621 7 4622 4623 36723 37829 37828 37897 37687
6642 8696 8621 3 4624 4622 37688
6643 8619 8621 7 4623 4624 36856 36857 37557 37854 36724
6644 8253 8110 4 4625 4626 15961 15964
6645 8253 8393 4 4626 4627 5040 5038
6646 8230 8393 4 4627 4628 36966 98547
6647 8230 8110 5 4628 4625 93028 90147 36965
6648 8230 8253 6 4625 4627 93697 18310 18311 86627
6649 8393 8110 8 4626 4628 36964 98558 98561 98559 9613 9610
6650 8131 7987 6 4629 4630 93198 93410 93409 93612
6651 8131 7806 5 4630 4631 20470 17662 17660
6652 7833 7806 5 4631 4632 7219 20190 20188
6653 7833 7987 4 4632 4629 93469 7218
6654 7833 8131 7 4629 4631 19782 19779 99160 93611 93608
6655 8518 8453 9 4633 4634 36503 36504 38005 38047 38580 38135 37926
6656 8518 8422 9 4634 4635 37334 37335 38018 38019 38012 38013 38014
6657 8313 8422 5 4635 4636 38183 6679 6678
6658 8313 8453 5 4636 4633 37928 38180 38360
6659 8313 8518 5 4633 4635 38009 38008 37927
6660 8422 8453 4 4634 4636 6433 6432
6661 8652 8693 8 4637 4638 6247 39365 38745 5087 5088 4979
6662 8956 8693 5 4639 4637 4980 37341 38683
6663 9035 8693 3 4638 4639 6249
6664 9191 9424 4 4640 4641 157584 157586
6665 9191 9265 7 4641 4642 157505 39351 39349 157413 157585
6666 9079 9265 4 4642 4643 4923 156547
6667 9079 9424 10 4643 4640 31413 31412 158375 37631 37632 158150 158744 4922
6668 9265 9424 4 4641 4643 4921 157540
6669 7855 7935 4 4645 4646 38791 38845
6670 7954 7935 8 4646 4647 36134 36097 36099 38774 38773 38792
6671 7954 7988 3 4647 4644 36132
6672 7935 7988 9 4645 4647 36133 38852 38855 38860 38779 35447 35449
6673 8966 8853 7 4648 4649 46916 46939 46949 46952 37708
6674 8966 8739 7 4649 4650 46974 46956 46114 46115 46917
6675 8825 8739 5 4650 4651 45761 45759 46976
6676 8825 8853 5 4651 4648 37710 46986 46089
6677 8739 8853 5 4649 4651 46088 46853 46858
6678 9740 9786 7 4652 4653 157952 157950 158549 157722 157723
6679 9740 9807 4 4653 4654 158712 158474
6680 9515 9807 7 4654 4655 34640 158117 158416 158418 158719
6681 9515 9786 4 4655 4652 158263 34639
6682 9515 9740 6 4652 4654 158717 158575 158577 158262
6683 9807 9786 8 4653 4655 33214 33213 35126 35125 158730 158475
6684 8477 8291 7 4656 4657 32990 86511 86510 37236 19878
6685 8477 8067 3 4657 4658 21562
6686 8173 8067 7 4658 4659 98338 6886 6887 98520 21564
6687 8173 8291 4 4659 4656 19880 86596
6688 8173 8477 6 4656 4658 21563 98351 98350 19879
6689 8067 8291 5 4657 4659 98337 98585 32991
6690 7937 7715 7 4660 4661 98850 87947 87946 92878 98326
6691 7937 8076 8 4661 4662 18474 18475 98383 98400 98420 99133
6692 7650 8076 6 4662 4663 98988 98986 98987 92125
6693 7650 7715 7 4663 4660 98327 92863 92861 92906 92907
6694 7650 7937 3 4660 4662 92124
6695 8076 7715 4 4661 4663 91889 91887
6696 5962 6029 3 4664 4665 88716
6697 5962 6074 6 4665 4666 88774 71270 71269 87273
6698 5858 6074 6 4666 4667 18204 18202 55462 55461
6699 5858 6029 8 4667 4664 56258 56259 88229 88130 88129 88611
6700 5858 5962 6 4664 4666 72462 72460 88998 89210
6701 6074 6029 6 4665 4667 87362 87361 88133 88717
6702 8300 8445 7 4668 4669 19304 19305 46960 46409 46407
6703 8300 8440 3 4669 4670 7372
6704 8193 8440 6 4670 4671 46244 33088 33087 7374
6705 8193 8445 4 4671 4668 46501 46243
6706 8193 8300 6 4668 4670 7373 8672 43375 43374
6707 6300 6489 9 4672 4673 55636 88882 88883 89161 56183 56186 89218
6708 6300 6101 5 4673 4674 89162 89163 55637
6709 6164 6101 9 4674 4675 35741 35742 55952 55953 36894 36896 89078
6710 6164 6489 4 4675 4672 55763 55484
6711 6164 6300 5 4672 4674 89185 89215 89217
6712 6101 6489 3 4673 4675 55485
6713 7901 7813 5 4676 4677 36079 35817 8727
6714 7901 7925 3 4677 4678 36333
6715 7985 7925 5 4678 4679 35689 36268 36446
6716 7985 7813 4 4679 4676 5277 5279
6717 7925 7813 6 4677 4679 35688 38772 35446 35445
6718 8130 8273 7 4680 4681 6977 6978 44209 44207 44221
6719 8130 8122 4 4681 4682 45782 45656
6720 8100 8122 7 4682 4683 6670 6669 36501 53233 45785
6721 8100 8273 4 4683 4680 44222 45713
6722 8100 8130 5 4680 4682 45784 38063 38065
6723 8122 8273 6 4681 4683 45531 45530 45618 45619
6724 8294 8313 3 4684 4685 4888
6725 8294 8208 7 4685 4686 36201 36559 36556 36557 36550
6726 8303 8294 6 4684 4686 36200 36583 38461 4887
6727 5898 5984 6 4687 4688 51870 51652 51614 51615
6728 5693 5984 6 4688 4689 50998 51104 8498 8497
6729 5984 5924 7 4687 4689 12621 12619 12412 12414 51165
6730 8911 8708 4 4690 4691 38526 35904
6731 8951 8708 5 4691 4692 35662 37890 38089
6732 7031 7104 8 4693 4694 43141 43123 43124 7016 7019 11835
6733 7031 6895 9 4694 4695 44217 44199 44200 44301 44303 9106 9107
6734 6936 6895 7 4695 4696 5984 42583 6242 6240 43205
6735 6936 7104 6 4696 4693 11836 48780 44190 5982
6736 6936 7031 3 4693 4695 11834
6737 6895 7104 3 4694 4696 5983
6738 8161 7469 3 4697 4698 37368
6739 8148 7611 4 4699 4700 86321 99013
6740 8148 7469 5 4700 4697 37369 99624 86320
6741 8148 8161 8 4697 4699 20129 20116 20118 98931 98889 37367
6742 7611 7469 10 4698 4700 86319 99597 86213 37102 20364 20363 32976 32975
6743 9180 9437 7 4701 4702 99898 99899 102349 98837 98838
6744 9180 9519 7 4702 4703 101327 102468 102443 102422 102423
6745 9083 9519 3 4703 4704 101329
6746 9083 9437 8 4704 4701 102244 102533 102538 102546 102543 102542
6747 9083 9180 4 4701 4703 101328 101571
6748 9519 9437 5 4702 4704 102412 99975 99977
6749 7337 7172 6 4706 4707 86990 86911 86801 37139
6750 7528 7172 4 4707 4708 35442 35671
6751 7528 7344 4 4708 4705 17212 17211
6752 7528 7337 6 4705 4707 86992 86569 86568 86612
6753 7172 7344 5 4706 4708 9322 9319 35655
6754 8231 7984 8 4710 4711 20400 99931 94130 94129 93549 93364
6755 7853 7984 5 4711 4712 93118 93119 20402
6756 7853 8184 5 4712 4709 93131 20262 20264
6757 7853 8231 4 4709 4711 20401 93199
6758 7984 8184 3 4710 4712 93365
6759 7272 7397 7 4713 4714 89720 86603 86601 55353 55354
6760 7272 7552 3 4714 4715 89719
6761 7344 7397 3 4716 4713 86373
6762 7344 7272 7 4713 4715 89759 37040 37041 86628 86758
6763 7552 7397 5 4714 4716 86374 86718 88706
6764 7993 8087 10 4717 4718 17492 17493 86776 86775 98603 97741 97742 86335
6765 7993 7684 10 17010 17009 35607 36039 36037 19853 4718 4719 86566 -1
6766 8150 8087 4 4720 4717 32966 32968
6767 8150 7993 3 4717 4719 86336
6768 7684 8087 3 4718 4720 19854
6769 8219 7924 6 4721 4722 16883 8973 8974 35605
6770 8219 8150 4 4722 4723 37146 36415
6771 8192 7924 4 4724 4721 5442 5444
6772 8192 8219 5 4721 4723 8616 6379 6378
6773 7636 7496 4 4725 4726 19687 19690
6774 7636 7469 4 4726 4727 86363 71018
6775 7279 7469 7 4727 4728 56380 86016 85704 8649 8647
6776 7279 7496 7 4728 4725 86182 86183 17051 17050 17451
6777 7279 7636 7 4725 4727 56353 56355 86324 86326 86523
6778 7469 7496 7 4726 4728 56379 37100 20364 20361 71019
6779 7566 7808 6 4729 4730 35612 98496 92995 86631
6780 7566 7737 4 4730 4731 86692 35613
6781 7652 7737 5 4731 4732 37123 86721 86693
6782 7652 7808 6 4732 4729 37144 37143 86754 37122
6783 7737 7808 5 4730 4732 37121 37201 35614
6784 8485 8160 4 4733 4734 93902 93840
6785 8485 7984 5 4734 4735 94129 93655 93656
6786 8341 7984 3 4735 4736 93549
6787 8341 8160 9 4736 4733 93636 93635 92883 21331 21332 93541 93548
6788 8341 8485 8 4733 4735 94121 93342 93344 94045 93652 93654
6789 7984 8160 9 4734 4736 93364 93365 93118 93120 93784 93064 93063
6790 8616 8909 6 4737 4738 86401 86402 99117 89900
6791 8616 8962 6 4738 4739 92915 99268 99232 92869
6792 8765 8962 5 4739 4740 20108 98192 92917
6793 8765 8909 5 4740 4737 89902 21586 20107
6794 8765 8616 6 4737 4739 92916 99242 99015 89901
6795 8962 8909 5 4738 4740 20106 98187 92870
6796 8381 8364 6 4741 4742 98269 98039 13267 13268
6797 8381 8304 8 4742 4743 97042 89996 89997 97887 98217 98289
6798 8083 8304 5 4743 4744 90548 93736 93735
6799 8083 8364 6 4744 4741 97524 97854 98204 90547
6800 8083 8381 3 4741 4743 97523
6801 8304 8364 4 4742 4744 90546 98235
6802 10169 10357 7 4745 4746 158440 158456 110543 103678 103641
6803 10169 9973 8 4746 4747 103535 103038 103041 158312 158441 158439
6804 9991 10357 5 4748 4745 103642 158326 158211
6805 9991 10169 5 4745 4747 13099 13098 103595
6806 9973 10357 3 4746 4748 158210
6807 6982 7177 9 4749 4750 9259 52258 36997 36983 36986 52341 52264
6808 6982 6882 5 4750 4751 52255 8605 8606
6809 7018 6882 5 4751 4752 13573 13570 52257
6810 7018 7177 5 4752 4749 52021 52018 52208
6811 7018 6982 6 4749 4751 52256 90754 52262 52263
6812 6882 7177 7 4750 4752 52207 52774 47555 47552 9260
6813 8755 8456 6 4753 4754 93874 47256 21736 21737
6814 8755 8394 6 4754 4755 97725 97726 97889 98028
6815 8421 8394 8 4755 4756 97844 97220 97219 95798 95797 97733
6816 8421 8456 5 4756 4753 97683 47366 47364
6817 8421 8755 4 4753 4755 97732 98037
6818 8394 8456 6 4754 4756 90266 90267 97757 98029
6819 6864 6812 5 4757 4758 86829 86828 52635
6820 6864 6917 6 4758 4759 89917 89428 36885 36886
6821 7095 6917 7 4759 4760 88143 36658 12769 12770 89918
6822 7095 6812 6 4760 4757 52637 90647 90898 88142
6823 7095 6864 3 4757 4759 52636
6824 6917 6812 4 4758 4760 88141 86847
6825 8208 7985 5 4762 4763 36139 36141 36089
6826 8208 8133 6 4761 4762 5075 5077 36399 36234
6827 7640 7635 6 4764 4765 20419 20420 97518 97520
6828 7640 8063 5 4765 4766 17701 19934 19937
6829 8027 8063 8 4766 4767 87959 37026 37027 98424 97248 17702
6830 8027 7635 6 4767 4764 98469 98516 98631 87958
6831 8027 7640 5 4764 4766 17700 98380 98379
6832 8063 7635 3 4765 4767 86648
6833 6659 6859 7 4768 4769 86808 89408 88673 88674 89364
6834 6659 6505 7 4769 4770 55819 72477 87019 89583 86809
6835 6645 6505 8 4770 4771 89459 89446 86186 86184 88241 55821
6836 6645 6859 7 4771 4768 87932 87931 89117 89420 89504
6837 6645 6659 3 4768 4770 55820
6838 6505 6859 3 4769 4771 86810
6839 6380 6462 5 4772 4773 88741 89239 89356
6840 6380 6208 4 4773 4774 89509 88742
6841 6318 6208 6 4774 4775 56166 56167 17095 17097
6842 6318 6462 5 4775 4772 89430 89208 89107
6843 6318 6380 6 4772 4774 89553 87796 87172 87173
6844 6208 6462 5 4773 4775 88868 88867 88743
6845 8080 8240 4 4776 4777 38821 39604
6846 8080 8136 5 4777 4778 39573 39921 38822
6847 8132 8136 7 4778 4779 36019 45372 53539 39101 39104
6848 8132 8240 6 4779 4776 39697 39731 45294 36018
6849 8132 8080 5 4776 4778 39572 39744 39696
6850 8136 8240 7 4777 4779 36017 39343 6417 6419 38823
6851 5336 5324 5 4780 4781 41529 41532 58012
6852 5336 6228 8 4781 4782 57974 56733 56734 57641 41534 41533
6853 5816 6228 5 4782 4783 40634 41164 41330
6854 5816 5336 4 4780 4782 58010 58011
6855 6228 5324 5 4781 4783 10106 10108 41527
6856 10806 10770 7 4784 4785 146378 146379 154602 154591 154540
6857 10806 10816 5 4785 4786 146987 32986 32984
6858 10953 10816 6 4786 4787 146406 146019 146020 146988
6859 10953 10770 7 4787 4784 154535 154537 154761 154755 146404
6860 10953 10806 7 4784 4786 146262 146261 31164 31166 154301
6861 10816 10770 6 4785 4787 146405 154726 146795 146748
6862 8054 8242 5 4788 4789 8135 8136 47137
6863 8054 8465 5 4789 4790 50469 50458 50425
6864 8017 8465 5 4790 4791 46554 46555 46556
6865 8017 8242 7 4791 4788 46235 46236 46580 47663 47714
6866 8017 8054 7 4788 4790 50470 50476 48119 48116 47138
6867 8465 8242 8 4789 4791 47658 47657 47726 47508 47163 47162
6868 9103 9014 4 4792 4793 157217 157230
6869 9103 8993 4 4793 4794 157186 157218
6870 9045 8993 4 4794 4795 35983 35982
6871 9045 9014 6 4795 4792 157250 157622 39233 39234
6872 9045 9103 6 4792 4794 38222 38220 39219 156659
6873 8993 9014 5 4793 4795 35896 35481 35483
6874 9017 9026 7 4796 4797 97438 104793 97431 97432 95453
6875 9017 8946 3 4797 4798 97437
6876 8931 8946 8 4798 4799 97423 19194 19195 21770 97342 97436
6877 8931 9026 5 4799 4796 95455 97440 97434
6878 8931 9017 7 4796 4798 97451 97411 97410 107168 95454
6879 8946 9026 4 4797 4799 97435 97439
6880 6274 6367 5 4800 4801 54403 8865 8868
6881 6566 6391 4 4802 4803 51493 51495
6882 6566 6367 7 4803 4800 53911 53908 53868 41273 41275
6883 6566 6274 3 4800 4802 53944
6884 6391 6367 7 4801 4803 53052 53051 53887 54005 54404
6885 11628 36 6 4804 4805 146491 132795 58522 58524
6886 11628 256 6 4805 4806 146496 146521 145771 145772
6887 10 256 7 4806 4807 31064 130065 131667 33659 33660
6888 10 36 7 4807 4804 132447 132446 27904 27906 31062
6889 10 11628 5 4804 4806 146497 154729 146482
6890 256 36 5 4805 4807 31063 27784 27783
6891 6513 6761 4 4808 4809 21391 85261
6892 6513 6783 6 4809 4810 100348 85267 85270 21392
6893 6447 6783 5 4810 4811 100626 100430 100349
6894 6447 6761 4 4811 4808 85262 100643
6895 6447 6513 6 4808 4810 100347 100465 83139 83141
6896 6783 6761 8 4809 4811 100673 100421 100417 86031 86030 21393
6897 9187 9103 4 4812 4813 45627 6337
6898 9187 9082 5 4813 4814 38357 38359 153242
6899 9289 9082 4 4814 4815 34972 34973
6900 9289 9103 7 4815 4812 6338 156658 39219 39217 157859
6901 9289 9187 5 4812 4814 45501 157901 6336
6902 9082 9103 6 4813 4815 157858 35225 35227 153243
6903 10849 10773 6 4816 4817 30836 30835 158869 20647
6904 10849 10874 6 4817 4818 31220 103511 144661 112363
6905 10937 10874 6 4818 4819 112224 145266 112373 31221
6906 10937 10773 5 4819 4816 20649 21819 21818
6907 10937 10849 5 4816 4818 31219 144457 20648
6908 10874 10773 5 4817 4819 110792 110124 110121
6909 10791 10993 6 4820 4821 148151 148178 146944 34806
6910 10791 11024 4 4821 4822 147726 147752
6911 11061 11024 5 4822 4823 147233 31908 31909
6912 11061 10993 7 4823 4820 34808 147265 146565 146567 147064
6913 11061 10791 5 4820 4822 147727 148205 34807
6914 11024 10993 5 4821 4823 147232 147231 148152
6915 7945 7896 4 4824 4825 19801 37135
6916 7712 8178 4 4826 4827 36669 52506
6917 7712 7945 8 4824 4826 52505 37023 37022 36982 36913 36910
6918 7992 7986 7 4828 4829 19873 19871 95718 98467 98398
6919 7992 8061 8 4829 4830 37626 90172 37614 19904 19902 90227
6920 7929 8061 6 4830 4831 37061 52556 52517 37628
6921 7929 7986 6 4831 4828 90224 19806 19804 37055
6922 7929 7992 3 4828 4830 37627
6923 8061 7986 4 4829 4831 37060 37062
6924 8284 8187 7 4832 4833 6610 6611 6853 6854 44707
6925 8284 8035 3 4833 4834 8852
6926 8450 8187 4 4835 4832 44693 44656
6927 8450 8284 7 4832 4834 8853 44654 44652 45999 44706
6928 8035 8187 6 4833 4835 44655 44662 44658 44376
6929 9150 9272 5 4836 4837 157992 38155 4968
6930 9150 9148 6 4837 4838 33353 103732 103730 157993
6931 9107 9148 8 4838 4839 36981 152137 153279 153316 153049 33354
6932 9107 9272 5 4839 4836 4970 153107 36979
6933 9107 9150 3 4836 4838 4969
6934 9148 9272 4 4837 4839 36980 152135
6935 9659 9822 8 4840 4841 97097 97098 95054 95055 21830 21831
6936 9659 9411 8 4841 4842 104729 97389 97388 104285 22009 22007
6937 9539 9411 9 4842 4843 21604 21605 97326 46178 46180 103944 103943
6938 9539 9822 5 4843 4840 47814 97296 97425
6939 9539 9659 3 4840 4842 47813
6940 9411 9822 4 4841 4843 104891 97453
6941 5748 5822 6 4844 4845 70894 71092 71090 91995
6942 5748 5617 8 4845 4846 92026 92444 88566 88567 92482 70895
6943 5874 5617 5 4846 4847 73515 73514 92028
6944 5874 5822 5 4847 4844 91859 91860 92462
6945 5874 5748 5 4844 4846 92027 86471 86470
6946 5617 5822 6 4845 4847 92477 92476 92478 70896
6947 9082 8989 10 4848 4849 38308 35227 35226 38361 38363 38506 38509 38523
6948 9082 8898 5 4849 4850 38520 157867 38309
6949 8878 8898 6 4850 4851 36157 5337 5167 5168
6950 8878 8989 4 4851 4848 38473 38472
6951 8878 9082 5 4848 4850 38519 38521 38525
6952 8898 8989 5 4849 4851 38492 38480 38310
6953 8884 8790 7 4852 4853 40041 40115 39915 33621 33619
6954 8884 9097 5 4853 4854 156888 156703 40040
6955 9088 8884 3 4852 4854 34846
6956 9847 9985 8 4855 4856 44969 152814 152812 152945 154394 152861
6957 9847 9723 4 4856 4857 147255 44970
6958 9666 9723 6 4857 4858 152470 34367 34368 147256
6959 9666 9985 4 4858 4855 152862 152716
6960 9666 9847 6 4855 4857 147254 147625 152778 152777
6961 9723 9985 4 4856 4858 32033 32035
6962 11036 10806 6 4859 4860 146047 146259 146262 146987
6963 11036 10742 6 4860 4861 34731 131750 146112 146048
6964 10909 10742 4 4861 4862 7314 34732
6965 10909 10806 5 4862 4859 32986 32985 7312
6966 10909 11036 9 4859 4861 34730 146684 146289 146288 146994 146990 146989
6967 10742 10806 6 4860 4862 7313 33533 30967 30964
6968 3037 3623 4 4864 4865 25407 25405
6969 3533 3623 9 4865 4866 75874 75705 75707 83880 83955 83953 80264
6970 3533 3037 5 4863 4865 8540 8539 23035
6971 3623 3883 4 4864 4866 84545 83990
6972 8119 8239 7 4868 4869 21394 21125 21128 99746 21363
6973 8148 8239 9 4869 4870 99583 99582 99640 99639 86040 85844 21395
6974 8148 8398 8 4870 4867 21396 99624 99641 99517 99519 99595
6975 8148 8119 4 4867 4869 6596 6598
6976 8239 8398 5 4868 4870 99648 99662 21364
6977 7527 7500 6 4871 4872 86954 86955 93079 86819
6978 7527 7438 5 4872 4873 86687 86891 86950
6979 7578 7438 8 4873 4874 35914 35943 86497 86436 86435 86584
6980 7578 7500 5 4874 4871 7113 7110 35912
6981 7578 7527 7 4871 4873 86688 37216 37213 51989 86820
6982 7438 7500 6 4872 4874 35913 86485 86962 86956
6983 8983 9069 5 4875 4876 37901 38675 157291
6984 8983 8978 4 4876 4877 38659 37902
6985 9029 8978 8 4877 4878 31031 157220 36281 36282 38734 39005
6986 9029 9069 4 4878 4875 157086 31030
6987 9029 8983 6 4875 4877 39247 39246 39262 157289
6988 8978 9069 7 37903 4876 4878 31029 38674 38673 -1
6989 9452 9652 5 4879 4880 31065 31066 153859
6990 9452 9522 6 4880 4881 153703 153868 153932 46045
6991 9347 9652 4 4882 4879 153632 153574
6992 9347 9452 6 4879 4881 153702 153976 153930 153860
6993 9522 9652 8 4880 4882 153575 153026 34249 34246 46051 46046
6994 6079 6084 5 4883 4884 52138 54885 53657
6995 6079 5673 5 4884 4885 53760 54951 52139
6996 6048 5673 7 4885 4886 6985 6988 54168 54856 53761
6997 6048 6084 6 4886 4883 53659 54773 54743 53810
6998 6048 6079 6 4883 4885 53759 54696 55010 53658
6999 5673 6084 4 4884 4886 53762 52140
7000 8294 8378 6 4887 4888 36550 36560 36581 38462
7001 8303 8378 3 4889 4887 38179
7002 8313 8378 9 4888 4889 37928 37927 4900 4901 36197 36195 36551
7003 9597 9609 7 4890 4891 35119 35117 147719 147664 147665
7004 9597 9443 4 4891 4892 157786 157082
7005 9606 9443 7 4892 4893 103409 103410 38566 38565 157597
7006 9606 9609 6 4893 4890 157582 157583 36163 36165
7007 9606 9597 5 4890 4892 153177 153174 157757
7008 9443 9609 4 4891 4893 157710 157083
7009 8462 8511 7 4894 4895 37108 37107 39277 38760 38762
7010 8462 8491 4 4895 4896 39372 37223
7011 8571 8491 8 4896 4897 39249 39250 39405 39166 38984 38985
7012 8571 8511 4 4897 4894 38764 39384
7013 8571 8462 5 4894 4896 39279 38468 38470
7014 8678 8452 9 4898 4899 35219 38134 37889 35081 35080 36248 37336
7015 8678 8378 5 4899 4900 37855 37186 35218
7016 8313 8452 7 4901 4898 38009 6678 6680 37683 37255
7017 8313 8678 3 4898 4900 38008
7018 8378 8452 5 4899 4901 37254 37333 35220
7019 10483 10208 3 4902 4903 147641
7020 10346 10208 7 4903 4904 34756 34754 35128 147079 147078
7021 10208 10347 7 4902 4904 110526 110523 157285 147475 147476
7022 8754 8603 5 4905 4906 39907 39159 39161
7023 8754 8660 8 4906 4907 156893 40019 39916 39914 40114 40142
7024 8669 8660 10 4907 4908 39403 39404 39600 39327 39326 156837 156838 156894
7025 8669 8603 9 4908 4905 39238 39237 39617 39603 39602 8861 8860
7026 8669 8754 6 4905 4907 156892 157047 40226 39686
7027 8660 8603 3 4906 4908 39411
7028 2767 2400 9 4909 4910 142042 141353 141351 141257 141256 59022 59025
7029 2767 2926 6 4910 4911 30266 30269 34682 140617
7030 3087 2400 4 4912 4909 140556 140555
7031 3087 2767 4 4909 4911 30121 30123
7032 2926 2400 4 4910 4912 140084 140082
7033 9834 9844 7 4913 4914 31442 31443 157427 157701 34893
7034 9834 9995 5 4914 4915 157460 157461 158674
7035 10038 9995 8 4915 4916 156834 110566 103228 103231 158654 157814
7036 10038 9844 6 4916 4913 34895 35396 35398 156832
7037 10038 9834 3 4913 4915 34894
7038 9995 9844 6 4914 4916 156833 158297 157806 157808
7039 8626 8834 4 4917 4918 38165 36561
7040 8626 8518 8 4918 4919 38602 36222 36223 38005 38045 38605
7041 8827 8518 7 4919 4920 37343 37938 36549 36548 38017
7042 8827 8834 6 4920 4917 36563 5010 5009 37273
7043 8827 8626 3 4917 4919 36562
7044 8518 8834 6 4918 4920 37342 38580 38639 38615
7045 9540 9079 5 158746 4922 4923 156548 -1
7046 9540 9265 6 4923 4921 35060 35062 155718 155717
7047 9540 9424 6 4921 4922 158745 38058 38055 157512
7048 10135 10208 5 4925 4926 156531 156961 156928
7049 10132 10208 5 4926 4927 147079 131851 131850
7050 10132 10268 4 4927 4924 30318 147077
7051 10132 10135 8 4924 4926 147460 35109 35110 156706 34804 30317
7052 10208 10268 6 4925 4927 147078 147641 147476 147473
7053 8426 8389 5 4928 4929 45585 45084 45083
7054 8426 8719 5 4929 4930 45350 45351 45657
7055 8597 8719 7 4930 4931 44484 45788 44697 7081 7080
7056 8597 8389 4 4931 4928 44413 44412
7057 8597 8426 6 4928 4930 45708 45639 45638 45817
7058 8719 8389 8 4929 4931 6535 6536 45834 45884 45890 45658
7059 10419 10588 5 4932 4933 31421 31262 31167
7060 10419 10386 6 4933 4934 158643 147772 145556 31422
7061 10565 10386 7 4934 4935 5260 147680 148042 143750 143751
7062 10565 10588 8 4935 4932 31169 147735 147359 147358 145621 5259
7063 10565 10419 5 4932 4934 158642 158615 31168
7064 10386 10588 3 4933 4935 5258
7065 8133 8108 7 4936 4937 7327 36083 36084 36552 36257
7066 8133 8305 5 4937 4938 36196 35721 7326
7067 8166 8305 7 4938 4939 36425 5033 5032 38585 36256
7068 8166 8108 6 4939 4936 36258 6927 6926 35712
7069 8166 8133 4 4936 4938 36175 36176
7070 8305 8108 3 4937 4939 7328
7071 8903 8876 5 4940 4941 46059 32855 6541
7072 8903 9006 4 4941 4942 7145 7146
7073 9095 9006 7 4942 4943 44823 44822 45928 45533 45534
7074 9095 8876 4 4943 4940 6543 44601
7075 9095 8903 6 4940 4942 46058 46066 35029 6542
7076 9006 8876 5 4941 4943 45617 45426 45425
7077 11146 10926 4 4944 4945 147285 146975
7078 11146 11144 5 4945 4946 146608 146974 147295
7079 10953 10926 5 4947 4944 146018 146019 146642
7080 10953 11146 8 4944 4946 145806 145748 145747 146261 146260 146976
7081 11144 10926 6 4945 4947 146266 129628 129627 147296
7082 11206 11266 8 4948 4949 108438 108437 108996 108994 23231 23229
7083 11206 11107 5 4949 4950 111807 108353 108354
7084 11261 11107 7 4950 4951 107987 109028 108930 108932 111315
7085 11261 11266 4 4951 4948 20651 20653
7086 11261 11206 6 4948 4950 111423 110695 108735 102749
7087 11107 11266 4 4949 4951 107986 110125
7088 9151 9025 7 4952 4953 103530 157577 157576 38549 34393
7089 9151 9027 4 4953 4954 157965 103529
7090 8951 9027 9 4954 4955 35214 6944 6945 37058 158370 158279 158278
7091 8951 9025 7 4955 4952 34394 38090 37890 37883 35212
7092 8951 9151 6 4952 4954 5148 5150 98674 34392
7093 9027 9025 4 4953 4955 35213 103531
7094 8708 8678 6 4956 4957 38595 38134 38110 38109
7095 8887 8727 4 4958 4959 38099 38023
7096 8887 8678 4 4959 4956 38159 38097
7097 8887 8708 5 4956 4958 38022 38088 38115
7098 8727 8678 7 4957 4959 38098 38011 37856 37186 37185
7099 8924 8690 5 4960 4961 37337 45489 33340
7100 8924 8747 6 4961 4962 157996 157997 46763 37338
7101 8781 8747 5 4962 4963 37968 37970 158047
7102 8781 8690 4 4963 4960 31470 31472
7103 8781 8924 6 4960 4962 158046 45499 8329 8326
7104 8747 8690 6 4961 4963 38223 6876 6875 37339
7105 10172 10163 7 4964 4965 153813 148074 33745 31417 31418
7106 10172 10392 6 4965 4966 147495 33374 32384 32382
7107 10342 10392 7 4966 4967 32864 32863 147586 33299 33296
7108 10342 10163 5 4967 4964 31517 31516 147393
7109 10342 10172 4 4964 4966 147493 147491
7110 10392 10163 7 4965 4967 33281 33279 148126 148128 153814
7111 8924 9107 7 4969 4970 45429 45431 153127 153048 33354
7112 8924 9272 6 4970 4968 38157 158020 158038 158036
7113 8924 9150 6 4968 4969 33353 158043 157997 38156
7114 8350 8241 3 4971 4972 36673
7115 8350 8271 7 4972 4973 37539 37537 47298 46872 37643
7116 8249 8271 4 4973 4974 37716 37556
7117 8249 8241 5 4974 4971 36675 7247 7246
7118 8249 8350 6 4971 4973 37555 36648 36649 36674
7119 8271 8241 8 4972 4974 37440 21596 21595 47315 46877 37644
7120 9381 9507 6 4975 4976 153163 156492 156506 156508
7121 9381 9253 4 4976 4977 38514 38513
7122 9296 9253 5 4977 4978 45458 34765 34764
7123 9296 9507 5 4978 4975 153423 38517 38516
7124 9296 9381 5 4975 4977 156565 156566 156685
7125 9253 9507 5 4976 4978 34395 34397 153164
7126 8249 8217 5 4981 4982 37716 7246 7249
7127 8249 8371 8 4982 4983 6375 6373 36781 37245 37555 37556
7128 8178 8249 4 4981 4983 35525 8650
7129 7887 7935 5 4984 4985 35423 35487 36170
7130 7887 7942 4 4985 4986 34621 35424
7131 7846 7942 6 4986 4987 35822 6397 6400 34622
7132 7846 7935 6 4987 4984 38825 31903 31905 35821
7133 7846 7887 6 4984 4986 5976 5975 38752 38824
7134 7942 7935 4 4985 4987 6221 6223
7135 6588 6697 5 4988 4989 53086 53822 50641
7136 6588 6557 5 4989 4990 49423 49422 52403
7137 6755 6557 7 4990 4991 51500 51498 51497 51504 51506
7138 6755 6697 7 4991 4988 50642 53881 53892 51545 51544
7139 6755 6588 5 4988 4990 53118 53119 50640
7140 6557 6697 5 4989 4991 51543 51541 51540
7141 8878 8942 5 4992 4993 38519 5168 5169
7142 8878 9004 3 4993 4994 38521
7143 8839 9004 7 4994 4995 6465 6466 37893 38149 38524
7144 8839 8942 3 4995 4992 38260
7145 8839 8878 7 4992 4994 38525 38473 37966 37967 38275
7146 9004 8942 7 4993 4995 35190 7212 7213 45454 38522
7147 5166 4883 6 4997 4998 57502 57183 57184 57653
7148 5137 4883 4 4998 4999 57544 57547
7149 5137 4978 5 4999 4996 41500 57156 57543
7150 5137 5166 5 4996 4998 57649 57158 41498
7151 4883 4978 6 4997 4999 57384 57385 57622 57663
7152 8723 8899 6 5000 5001 38258 45510 39568 35092
7153 8723 8772 4 5001 5002 45413 38257
7154 8847 8772 6 5002 5003 33370 45301 45299 45497
7155 8847 8899 5 5003 5000 6388 6385 33054
7156 8847 8723 4 5000 5002 45511 35093
7157 8772 8899 4 5001 5003 33369 38259
7158 8677 8670 5 5004 5005 35031 38196 38200
7159 8677 8619 5 5005 5006 38302 34906 34907
7160 8761 8670 5 5007 5004 37667 37666 38172
7161 8761 8677 8 5004 5006 38300 38027 38026 103810 38283 38281
7162 8619 8670 4 5005 5007 37854 35032
7163 8834 8832 5 5008 5009 37272 37359 38573
7164 8888 8827 5 5010 5011 5123 38248 38125
7165 8888 8832 5 5011 5008 35681 35683 5121
7166 8888 8834 6 5008 5010 38033 38032 38483 38572
7167 8827 8832 5 5009 5011 5122 37318 37274
7168 9191 8965 5 5012 5013 157527 157417 35090
7169 9191 9035 7 5013 5014 157408 157498 157499 157505 157528
7170 8956 8965 5 5015 5012 35091 38666 38665
7171 8956 9191 5 5012 5014 157407 38002 35089
7172 9035 8965 6 5013 5015 33204 33202 38443 38671
7173 7998 8212 5 5018 5016 5773 6746 6747
7174 8003 8212 6 5017 5018 36680 36682 38230 6601
7175 7440 7508 5 5019 5020 35743 35520 19881
7176 7313 7508 3 5020 5021 35360
7177 11691 11744 3 5022 5023 26226
7178 11691 11753 6 5023 5024 111065 111100 109632 109630
7179 27 11753 4 5024 5025 110867 110868
7180 27 11744 7 5025 5022 23624 23623 124380 124340 111217
7181 27 11691 5 5022 5024 30652 26230 26225
7182 11753 11744 6 5023 5025 111218 111220 111219 110920
7183 6680 6904 8 5026 5027 8961 40978 40638 40636 40875 40876
7184 6680 7227 5 5027 5028 5782 5783 8962
7185 7404 7227 9 5028 5029 5669 5668 40831 40830 40807 40797 40794
7186 7404 6904 8 5029 5026 30316 30313 8924 5602 5601 9925
7187 7404 6680 5 5026 5028 40914 41017 41089
7188 7227 6904 3 5027 5029 8963
7189 8446 8267 6 5030 5031 37149 37195 37413 37906
7190 8446 8166 4 5031 5032 38584 37148
7191 8305 8267 4 5033 5030 34778 34779
7192 8305 8446 5 5030 5032 38582 37664 37663
7193 8166 8267 7 5031 5033 6837 6836 37035 37036 37150
7194 9363 9271 5 5034 5035 39242 39243 5102
7195 9071 9271 5 5036 5034 5104 6109 6108
7196 9395 9271 7 5035 5036 39959 156726 156725 157392 39285
7197 8180 8253 7 5037 5038 15961 15962 98766 98768 99261
7198 8180 8393 7 5038 5039 99270 18899 18900 9612 9610
7199 8563 8393 10 5039 5040 98547 98548 98544 86746 86637 86638 98193 99243
7200 8563 8253 5 5040 5037 99250 93696 93697
7201 8563 8180 3 5037 5039 99262
7202 8760 8770 6 5041 5042 6473 6474 37739 37737
7203 8760 8642 6 5042 5043 37414 47035 38211 6760
7204 8687 8642 6 5043 5044 37834 37837 38193 37415
7205 8687 8770 5 5044 5041 47022 47021 47136
7206 8642 8770 5 5042 5044 7320 7321 6761
7207 9518 9540 8 5045 5046 158402 157511 157512 35060 35061 35140
7208 9518 9716 4 5046 5047 157518 158401
7209 9544 9716 8 5047 5048 157079 157080 157095 157671 157672 157519
7210 9544 9540 4 5048 5045 35142 157551
7211 9544 9518 8 5045 5047 157517 157542 157579 157657 157553 35141
7212 9716 9540 5 5046 5048 157547 157548 158403
7213 8740 8959 5 5050 5051 33332 38543 38664
7214 8771 8959 4 5051 5052 38356 33333
7215 8771 8956 5 5052 5049 36254 36313 38368
7216 8771 8740 6 5049 5051 21565 21567 38331 36252
7217 8959 8956 6 5050 5052 38367 157606 157607 38666
7218 9594 9366 4 5053 5054 38338 156669
7219 9594 9368 6 5054 5055 156696 157323 157335 38339
7220 9580 9368 4 5055 5056 157252 156697
7221 9580 9366 5 5056 5053 34874 34871 37132
7222 9580 9594 9 5053 5055 38817 38814 156687 34903 34902 156559 156670
7223 9368 9366 6 5054 5056 157210 156980 156979 38340
7224 8940 8911 7 5057 5058 158340 157409 38354 38355 36831
7225 8940 9077 4 5058 5059 37226 157493
7226 8554 9077 6 5059 5060 35980 31556 8370 8372
7227 8554 8911 6 5060 5057 36833 38490 35058 35057
7228 8554 8940 5 5057 5059 36443 36442 36832
7229 9077 8911 4 5058 5060 35979 158131
7230 10483 10207 3 5061 5062 147795
7231 10483 10439 6 5062 5063 156621 156610 147612 147611
7232 10346 10439 3 5063 5064 37554
7233 10346 10207 7 5064 5061 147796 31482 31481 31529 31528
7234 8306 8313 4 5065 5066 38360 38183
7235 8306 8303 5 5066 5067 5491 5294 5293
7236 8115 8306 8 5065 5067 38330 38399 5350 5349 5353 38184
7237 9210 6044 5 5068 5069 155990 155982 155980
7238 9210 7118 4 5069 5070 5957 155913
7239 6897 9210 5 5068 5070 5958 142019 142018
7240 9334 9706 6 5071 5072 158107 158126 158120 158121
7241 9640 9405 6 5073 5074 35252 103747 147771 152161
7242 9640 9706 5 5074 5071 35256 35253 35250
7243 9640 9334 4 5071 5073 158202 158181
7244 9405 9706 7 5072 5074 35251 152232 158074 103836 103837
7245 8133 8232 4 5076 5077 36031 36032
7246 8887 8799 6 5078 5079 37301 37299 38088 37693
7247 8887 9010 3 5079 5080 37331
7248 8936 9010 6 5080 5081 38054 103955 103956 37975
7249 8936 8799 3 5081 5078 37694
7250 8936 8887 8 5078 5080 37974 38282 38086 38087 37570 37568
7251 9010 8799 7 5079 5081 38053 103715 37680 19887 19886
7252 9255 9515 4 5083 5084 157765 157263
7253 9454 9515 6 5084 5085 22508 158577 157172 157171
7254 9454 9421 6 5085 5082 21932 157279 157281 22506
7255 9454 9255 6 5082 5084 153221 153223 158197 21931
7256 9515 9421 4 5083 5085 22507 157264
7257 8652 8602 5 5086 5087 38744 38444 35674
7258 8549 8602 5 5089 5086 35676 38590 36429
7259 8549 8652 5 5086 5088 35154 35153 35675
7260 8693 8602 5 5087 5089 36430 38038 38039
7261 9703 9977 6 5090 5091 38537 30872 30873 103879
7262 9703 9815 4 5091 5092 5342 5340
7263 9945 9815 7 5092 5093 103342 37296 36908 23280 23281
7264 9945 9703 4 5090 5092 158406 103880
7265 9815 9977 3 5091 5093 103506
7266 8647 8839 6 5094 5095 30844 30845 37966 5273
7267 8647 8927 7 5095 5096 38016 38603 38686 18500 18501
7268 8827 8927 7 5096 5097 38314 38125 36563 36562 38017
7269 8827 8839 7 5097 5094 5275 37320 5122 5123 38247
7270 8827 8647 4 5094 5096 36548 5274
7271 8927 8839 4 5095 5097 38041 38040
7272 10600 10723 7 5098 5099 112115 158853 158854 158886 112277
7273 10600 10515 5 5099 5100 158407 103580 103583
7274 10629 10515 6 5100 5101 158940 158875 158862 158409
7275 10629 10723 4 5101 5098 112279 158921
7276 10629 10600 5 5098 5100 158408 145311 112278
7277 10515 10723 7 5099 5101 158941 158889 158887 158480 112116
7278 9039 9071 7 5103 5104 35006 39202 39203 39611 39610
7279 9039 9271 3 5104 5102 35005
7280 9039 9363 8 5102 5103 41668 153527 153526 157371 157255 157254
7281 8099 8410 5 5105 5106 38882 35990 35989
7282 8099 8266 6 5106 5107 38839 38841 38853 38881
7283 8134 8266 4 5107 5108 35055 35056
7284 8134 8410 4 5108 5105 36186 36263
7285 8266 8410 5 5106 5108 38722 36092 36093
7286 8007 8048 6 5109 5110 36188 36183 36060 36062
7287 8007 8192 5 5110 5111 36051 36467 36189
7288 8232 8192 5 5111 5112 35444 36033 36032
7289 8232 8048 5 5112 5109 36068 5201 5200
7290 8192 8048 4 5110 5112 35443 35785
7291 9570 9631 7 5113 5114 157655 157650 157649 157658 157788
7292 9570 9939 5 5114 5115 143844 38466 38467
7293 9802 9939 6 5115 5116 154674 153144 31752 31751
7294 9802 9631 3 5116 5113 154673
7295 9802 9570 6 5113 5115 143843 157467 153467 153468
7296 8356 8354 6 5117 5118 98153 97900 97761 97759
7297 8356 8327 8 5118 5119 19757 37502 37503 94072 98138 98152
7298 8169 8327 6 5119 5120 97575 95720 95722 19759
7299 8169 8354 8 5120 5117 97752 37536 37533 90240 90241 97650
7300 8169 8356 5 5117 5119 19758 37068 97819
7301 8327 8354 5 5118 5120 97649 97680 98141
7302 8832 8839 5 5121 5122 37319 6463 6466
7303 8888 8839 4 5123 5121 37893 38148
7304 9641 9470 5 5124 5125 157338 156467 156466
7305 9641 9444 10 5125 5126 157355 157364 157360 157361 157382 157114 157031 157032
7306 9702 9444 3 5126 5127 157103
7307 9702 9470 8 5127 5124 157332 157333 157149 157150 157345 157101
7308 9702 9641 5 5124 5126 157354 157366 157337
7309 9444 9470 7 5125 5127 157102 157185 157367 6571 6570
7310 10193 10313 5 5128 5129 104366 110454 110097
7311 10193 10210 6 5129 5130 102867 144980 110452 104367
7312 10233 10210 7 5130 5131 30959 103505 31300 31301 102869
7313 10233 10313 6 5131 5128 110098 110624 104649 30958
7314 10233 10193 5 5128 5130 102868 109670 110096
7315 10210 10313 7 5129 5131 30957 110465 110638 148361 104368
7316 10140 10095 7 5132 5133 102981 103170 86634 86636 103463
7317 10140 10323 5 5133 5134 21261 102643 102980
7318 10096 10095 7 5135 5132 103369 103031 101495 101493 103026
7319 10096 10140 4 5132 5134 21260 103464
7320 10323 10095 3 5133 5135 102982
7321 10096 9776 4 5136 5137 99339 103005
7322 10096 9831 4 5137 5138 102907 99338
7323 10057 9831 6 5138 5139 21210 19563 19560 102619
7324 10057 9776 5 5139 5136 103004 102915 102914
7325 10057 10096 5 5136 5138 102956 112504 103006
7326 9831 9776 8 5137 5139 99789 93739 20847 20846 23384 99340
7327 9125 9242 11 5140 5141 34881 155972 38710 38711 156812 59740 59739 34887 34888
7328 7979 9242 4 5142 5140 34274 34254
7329 8857 9242 10 5141 5142 34255 156693 40359 40360 41566 41565 155559 34882
7330 9508 9483 4 5143 5144 37444 37447
7331 9508 9496 5 5144 5145 148461 158140 158080
7332 9591 9496 7 5145 5146 147846 147849 157874 157873 148462
7333 9591 9483 3 5146 5143 157977
7334 9591 9508 8 5143 5145 148460 158250 103862 103864 158086 158084
7335 9496 9483 4 5144 5146 157978 158026
7336 9106 9151 5 5147 5148 157965 157608 157609
7337 9106 8951 3 5148 5149 158278
7338 9136 8951 4 5149 5150 158342 158279
7339 9136 9151 5 5150 5147 37873 37872 103319
7340 9136 9106 7 5147 5149 157568 34599 34598 38597 38598
7341 10257 10201 6 5151 5152 152287 152289 152441 31785
7342 10257 10080 5 5152 5153 27321 27322 154166
7343 10077 10080 7 5153 5154 152972 152480 152479 152677 152676
7344 10077 10201 5 5154 5151 31787 150673 152971
7345 10077 10257 5 5151 5153 151917 151918 31786
7346 850 767 7 5155 5156 111143 111144 123724 129342 139016
7347 850 594 5 5156 5157 123786 123787 124316
7348 868 594 6 5157 5158 29618 124180 128151 128364
7349 868 767 8 5158 5155 139015 129496 124762 124761 123629 29616
7350 868 850 8 5155 5157 129418 128940 26778 26775 117243 117244
7351 594 767 4 5156 5158 29617 124317
7352 9885 10038 7 5159 5160 35396 35399 158383 158384 38076
7353 9885 9954 6 5160 5161 158170 103359 103357 158663
7354 9994 9954 5 5161 5162 158609 157351 157352
7355 9994 10038 6 5162 5159 38078 35324 35323 158638
7356 9994 9885 4 5159 5161 158613 38077
7357 9954 10038 7 5160 5162 158662 158653 157814 34894 34895
7358 7477 7548 9 5163 5164 6685 39028 44265 39559 39560 39710 6307
7359 7477 7446 3 5164 5165 6686
7360 7285 7548 3 5166 5163 6309
7361 7285 7477 5 5163 5165 7892 7891 6308
7362 7446 7548 9 5164 5166 44110 44112 53589 44147 39750 39747 6687
7363 8813 8942 6 5169 5170 38325 35188 35190 38260
7364 8813 8898 5 5170 5167 5339 38323 38322
7365 8813 8878 4 5167 5169 38275 5338
7366 8942 8898 7 5168 5170 38324 45077 147763 147764 38520
7367 8134 7954 3 5172 5173 38846
7368 7536 7609 3 5174 5175 35974
7369 7657 7609 9 5175 5176 36156 35788 35441 9397 9399 34619 35854
7370 7382 8400 5 5177 5178 41596 41982 33911
7371 7634 8400 5 5179 5177 32317 32316 33797
7372 8025 8400 9 5178 5179 27954 27953 34774 34773 40109 40111 40135
7373 8232 8276 3 5180 5181 9448
7374 8387 8276 6 5181 5182 34913 38143 5186 5185
7375 8276 8358 6 5180 5182 34912 38755 6704 6705
7376 8091 8048 9 5183 5184 36067 36068 36062 36061 35486 35485 38757
7377 8091 8387 4 5184 5185 16507 36070
7378 8276 8048 3 5186 5183 38648
7379 8276 8091 6 5183 5185 9448 6705 6702 38758
7380 8387 8048 8 19723 19722 19825 19826 5184 5186 38647 -1
7381 7394 7484 4 5187 5188 36744 39765
7382 7394 7370 5 5188 5189 40691 40692 36745
7383 7612 7370 3 5189 5190 53382
7384 7612 7484 5 5190 5187 53282 38916 38918
7385 7612 7394 8 5187 5189 53381 40581 40580 53430 53431 53291
7386 7370 7484 7 5188 5190 53429 51418 51420 38233 36746
7387 8993 8989 6 5191 5192 30843 35981 35982 157186
7388 8993 8647 5 5192 5193 18498 18501 30844
7389 9046 8647 7 5193 5194 38493 38706 38708 39461 39280
7390 9046 8989 5 5194 5191 157327 38481 38480
7391 9046 8993 5 5191 5193 35484 35483 157218
7392 8647 8989 5 5192 5194 38492 38472 30845
7393 6999 7161 6 5195 5196 9487 9485 52050 52240
7394 6999 7405 6 5196 5197 55505 55535 55494 52102
7395 7208 6999 4 5195 5197 52597 52599
7396 7405 7161 3 5196 5198 52103
7397 8048 8404 6 5199 5200 35443 27134 27133 19825
7398 8406 8404 6 5202 5199 19827 35935 36137 36138
7399 8406 8048 4 5199 5201 36067 19826
7400 8232 8404 4 5200 5202 36534 35444
7401 7735 7934 4 5203 5204 39757 39674
7402 7735 7379 5 5204 5205 35931 35929 40425
7403 7788 7379 5 5205 5206 39561 39562 40316
7404 7788 7735 6 5203 5205 40589 39668 39045 39046
7405 7379 7934 6 5204 5206 40528 40542 40828 40607
7406 8323 8069 5 5207 5208 43861 33337 33338
7407 8323 7939 4 5208 5209 44258 43862
7408 7917 7939 4 5209 5210 7786 44260
7409 7917 8069 5 5210 5207 6902 6079 6078
7410 7917 8323 6 5207 5209 44259 44531 44624 44127
7411 7939 8069 7 5208 5210 7552 7551 43096 7604 7603
7412 10575 10285 5 5211 5212 143921 143922 147442
7413 10575 10801 5 5212 5213 155975 156593 147755
7414 10794 10801 9 5213 5214 143781 143779 156568 153784 153782 156545 155976
7415 10794 10285 4 5214 5211 147444 156653
7416 10794 10575 5 5211 5213 33675 33673 147443
7417 10801 10285 5 5212 5214 31097 31099 42335
7418 2442 2804 5 5215 5216 18690 18691 76741
7419 2442 2477 4 5216 5217 19492 106575
7420 2307 2442 5 5215 5217 19493 106608 76742
7421 7394 7554 7 5219 5220 55304 52960 40692 40690 40581
7422 7394 7492 5 5220 5221 53373 35810 35811
7423 7576 7554 5 5222 5219 40582 36373 30570
7424 7576 7394 5 5219 5221 45555 45554 40580
7425 7492 7554 5 5220 5222 30569 36288 40308
7426 5619 6069 6 5223 5224 41271 11925 11926 41177
7427 5619 6011 3 5224 5225 41258
7428 5802 6069 4 5226 5223 41179 54702
7429 5802 5619 6 5223 5225 41259 54698 56645 41178
7430 6011 6069 7 5224 5226 53900 51538 11981 11978 41272
7431 7382 7390 9 5227 5228 28442 5691 5690 42217 33910 33911 41983
7432 7382 7404 4 5228 5229 39035 28441
7433 7909 7404 9 5229 5230 40569 40571 40830 38898 38900 40407 40949
7434 7909 7390 4 5230 5227 31397 31399
7435 7909 7382 5 5227 5229 5398 5400 41984
7436 7404 7390 7 5228 5230 41868 41871 41255 41256 28443
7437 8856 8751 8 5231 5232 39248 39268 39269 39502 35013 35015
7438 8856 8571 5 5232 5233 39221 39384 39249
7439 8824 8571 6 5233 5234 38939 38940 38468 38471
7440 8824 8751 4 5234 5231 39241 39346
7441 8824 8856 7 5231 5233 39220 39004 39003 38793 38795
7442 8571 8751 6 5232 5234 39329 39156 39153 39250
7443 6451 6367 6 5235 5236 41273 51451 8966 8967
7444 6451 6557 6 5236 5237 43963 43964 49422 41274
7445 6360 6557 4 5237 5238 51469 51470
7446 6360 6367 5 5238 5235 40885 40884 53051
7447 6360 6451 5 5235 5237 53067 51173 51172
7448 6557 6367 4 5236 5238 53052 41275
7449 8582 8745 7 5239 5240 34634 6286 6284 39549 45410
7450 8582 8379 6 5240 5241 45256 39737 39735 34635
7451 8349 8379 9 5241 5242 38407 38408 39378 39379 39428 45326 45257
7452 8349 8745 4 5242 5239 39740 39377
7453 8349 8582 4 5239 5241 45255 45440
7454 8379 8745 5 5240 5242 39376 33173 33172
7455 10053 9939 6 5243 5244 147461 147573 35134 31574
7456 10053 10132 7 5244 5245 31637 35138 35139 131850 147460
7457 9962 10132 7 5245 5246 35110 154653 154654 143580 31639
7458 9962 9939 5 5246 5243 31576 27570 27569
7459 9962 10053 4 5243 5245 31638 31575
7460 10132 9939 3 5244 5246 35109
7461 10254 9952 9 5247 5248 156769 40270 40271 156344 156422 145592 39879
7462 10254 10146 6 5248 5249 156781 39976 39974 42394
7463 9928 10146 7 5249 5250 156753 39204 35025 35026 156772
7464 9928 9952 7 5250 5247 39881 155553 155554 155396 155395
7465 9928 10254 4 5247 5249 156756 39880
7466 10146 9952 4 5248 5250 156870 156849
7467 8824 8679 9 5251 5252 38746 38939 39346 39228 39147 39149 -1
7468 8824 8383 5 5252 5253 38749 39375 38747
7469 8652 8383 9 38607 38608 6342 6344 36219 38751 5253 5254 -1
7470 8652 8679 3 5254 5251 -1
7471 8652 8824 5 5251 5253 38750 39139 -1
7472 8383 8679 5 39140 38748 5252 5254 -1
7473 5719 5817 4 5255 5256 54247 17825
7474 5719 5857 3 5256 5257 54444
7475 5627 5719 9 5255 5257 54447 54265 54267 66307 66306 67367 17826
7476 10567 10565 4 5259 5260 147653 145620
7477 10386 10567 6 5258 5260 144904 144906 145500 31422
7478 9784 9656 8 5261 5262 157543 157393 157394 157400 157122 6215
7479 9784 9457 5 5262 5263 39485 39484 157560
7480 9542 9457 6 5263 5264 157030 39224 39056 39057
7481 9542 9656 4 5264 5261 6216 157309
7482 9542 9784 5 5261 5263 39256 39255 6214
7483 9457 9656 6 5262 5264 157308 157306 157305 157561
7484 9641 9792 8 5265 5266 33350 157337 156466 34220 34221 157399
7485 9641 10026 6 5266 5267 157282 157339 157358 33351
7486 10158 10026 5 5267 5268 156647 156164 156163
7487 10158 9792 6 5268 5265 157402 41959 41957 156744
7488 10158 9641 4 5265 5267 157283 157401
7489 10026 9792 5 5266 5268 157334 142761 33352
7490 960 1349 3 5269 5270 132571
7491 960 1324 6 5270 5271 132593 132591 142626 132572
7492 1105 1324 5 5271 5272 131318 138487 141490
7493 1105 1349 6 5272 5269 141690 138187 59804 59806
7494 1105 960 11 5269 5271 142711 142710 143194 143363 132569 132568 142846 142718 142712
7495 1324 1349 6 5270 5272 131317 141610 58464 58466
7496 8683 8827 4 5274 5275 37940 36549
7497 8683 8839 6 5275 5273 37967 38199 37972 37973
7498 8683 8647 8 5273 5274 36547 38068 38434 45582 36159 36158
7499 7708 7813 8 5276 5277 8727 35818 36438 35427 35426 35934
7500 7708 7985 6 5277 5278 36267 38911 38910 8726
7501 7954 7985 7 5278 5279 35689 36269 36276 36127 36129
7502 7954 7813 5 5279 5276 36199 38773 35688
7503 7954 7708 3 5276 5278 36198
7504 4704 4530 5 5280 5281 70472 69891 13369
7505 4704 4521 6 5281 5282 13291 15368 15521 69476
7506 4719 4521 3 5282 5283 13293
7507 4719 4530 6 5283 5280 13371 70480 13347 13346
7508 4719 4704 9 5280 5282 13292 70871 71515 71480 15518 15519 13370
7509 8007 7942 5 5284 5285 35690 36182 36183
7510 8007 7743 4 5285 5286 36071 35691
7511 7964 7743 5 5286 5287 36077 36076 36546
7512 7964 7942 4 5287 5284 36086 36085
7513 7964 8007 5 5284 5286 36468 36189 36188
7514 7743 7942 4 5285 5287 35973 35692
7515 7990 8660 6 5288 5289 33500 39667 39882 8862
7516 8234 8660 3 5289 5290 5694
7517 8660 8344 8 5288 5290 5692 39404 34838 34835 45048 8864
7518 8453 8316 8 5291 5292 6432 36503 36506 38716 37806 6233
7519 8453 8306 4 5292 5293 38360 6433
7520 8303 8316 3 5294 5291 5490
7521 8303 8453 7 5291 5293 38180 38179 38461 38007 6234
7522 8306 8316 7 5292 5294 5489 38399 37691 37690 6434
7523 7444 7346 5 5295 5296 52661 52662 53467
7524 7444 7330 5 5296 5297 46523 46524 53234
7525 7447 7330 3 5297 5298 52028
7526 7330 7346 5 5296 5298 53026 53028 53235
7527 7227 7087 5 5299 5300 40808 9644 9647
7528 7227 7102 8 5300 5301 40479 40480 40812 40799 40798 40809
7529 7299 7102 4 5301 5302 8965 40722
7530 7299 7087 6 5302 5299 39628 40304 40467 8964
7531 7299 7227 6 5299 5301 38782 38781 40776 39627
7532 8585 8360 5 5303 5304 46254 46253 46275
7533 8585 8726 4 5304 5305 45286 45831
7534 8544 8726 5 5305 5306 45177 46014 45287
7535 8544 8360 7 5306 5303 46388 46363 37676 37675 45027
7536 8544 8585 5 5303 5305 44494 44493 46361
7537 8726 8360 6 5304 5306 45176 45652 45655 45833
7538 7342 7107 6 5307 5308 41891 41005 41006 39900
7539 7634 7107 5 5308 5309 39848 39847 40989
7540 7107 7798 4 5307 5309 42216 39901
7541 734 419 7 5310 5311 125978 125980 125981 125988 -1
7542 734 556 3 5311 5312 125977
7543 1173 556 7 26387 26390 124972 126019 5312 5313 -1
7544 1173 419 3 5313 5310 -1
7545 1173 734 8 5310 5312 125966 125967 26723 26724 126220 -1
7546 556 419 10 114484 114485 125507 26620 26617 125929 125954 5311 5313 -1
7547 8758 8868 7 5314 5315 151749 47143 47144 32288 32289
7548 8758 9003 3 5315 5316 151748
7549 8717 9003 6 5316 5317 7565 96976 97047 151701
7550 8717 8868 3 5317 5314 7563
7551 8717 8758 8 5314 5316 151747 37264 37266 47313 47716 47133
7552 9003 8868 8 5315 5317 7564 8748 47932 47977 47992 151750
7553 7405 7536 5 5318 5320 36376 36379 35865
7554 9271 9756 3 5321 5322 40163
7555 9271 9415 7 5322 5323 34210 34211 40136 156726 40164
7556 9120 9415 3 5323 5324 156662
7557 9120 9756 6 5324 5321 155879 33997 33994 155530
7558 9120 9271 8 5321 5323 153348 45451 5878 5880 157387 156727
7559 9415 9756 8 5322 5324 156661 156779 12008 12009 142752 40165
7560 6703 6622 4 5325 5326 85676 86206
7561 6703 7017 6 5326 5327 86070 18297 18148 18146
7562 6804 7017 5 5327 5328 85977 17530 17528
7563 6804 6622 6 5328 5325 86209 86220 20346 20345
7564 6804 6703 5 5325 5327 17144 17146 86110
7565 7017 6622 8 5326 5328 86191 86248 20373 20372 85071 85677
7566 10948 11728 4 156459 5329 5330 -1
7567 10948 10975 4 5330 5331 143687 -1
7568 10997 10975 5 5331 5332 144067 126417 126419
7569 10997 11728 4 5332 5329 144325 144271
7570 10997 10948 8 5329 5331 143688 31362 31364 143936 33047 33049
7571 10975 11728 5 5330 5332 143545 143547 -1
7572 8876 8640 3 5333 5334 33154
7573 8876 8531 5 5334 5335 44668 46212 33345
7574 8958 8531 6 5335 5336 44373 45005 45066 44669
7575 8958 8640 6 5336 5333 33156 152631 44761 44371
7576 8958 8876 6 5333 5335 44667 46059 45425 33155
7577 8531 8640 6 5334 5336 44372 6850 6849 33346
7578 8683 8813 4 5338 5339 38198 38199
7579 8683 8898 7 5339 5337 36159 45598 38320 38315 38317
7580 8683 8878 4 5337 5338 37967 36158
7581 9703 9818 6 5340 5341 145252 145251 38536 38537
7582 9703 9628 7 5341 5342 158406 158281 158280 111910 111911
7583 9815 9628 7 5342 5343 102973 102975 103147 23282 23281
7584 9628 9818 3 5341 5343 103351
7585 7589 7903 8 5344 5345 39687 40943 40944 53613 53555 43925
7586 7589 7851 4 5345 5346 44027 39688
7587 7918 7851 4 5346 5347 45384 45383
7588 7918 7903 6 5347 5344 43926 53495 53536 53542
7589 7918 7589 6 5344 5346 40071 40070 43850 43851
7590 7851 7903 7 5345 5347 53543 53533 35361 35363 39689
7591 8306 8333 5 5348 5349 5352 38393 37894
7592 8153 8115 6 5350 5351 53039 53038 53321 38409
7593 8153 8333 4 5351 5348 37896 53250
7594 8153 8306 5 5348 5350 37691 37692 37895
7595 8306 8436 3 5352 5353 38392
7596 8333 8436 9 5354 5352 38394 38396 37915 36464 36466 36806 38173
7597 8115 8436 5 5353 5354 38174 38182 38400
7598 11295 11112 8 5355 5356 30840 112203 144841 123682 123681 145048
7599 11295 11184 3 5356 5357 30841
7600 11191 11184 6 5357 5358 144915 112218 112215 112221
7601 11191 11112 4 5358 5355 110981 110980
7602 11191 11295 10 5355 5357 125645 144617 144820 144846 145309 110928 110844 110843
7603 11184 11112 8 5356 5358 112353 110990 110900 110902 111124 30842
7604 9039 8795 4 5359 5360 39430 37052
7605 9039 8970 8 5360 5361 36265 157204 157034 39612 39611 39634
7606 8870 8970 4 5361 5362 39337 36266
7607 8870 8795 7 5362 5359 35019 35016 36389 36386 39336
7608 8970 8795 5 5360 5362 39338 39488 40250
7609 7303 7248 7 5363 5364 50441 49533 49532 8172 8173
7610 7303 7583 7 5364 5365 8349 49438 49436 49537 50442
7611 7291 7583 7 5365 5366 19589 19591 52037 47568 8350
7612 7291 7248 4 5366 5363 18624 47756
7613 7291 7303 3 5363 5365 8348
7614 7583 7248 4 5364 5366 49496 50443
7615 9228 9236 4 5367 5368 158013 158003
7616 9228 9185 6 5368 5369 21599 21600 152235 157935
7617 9175 9228 5 5367 5369 17263 17262 157964
7618 8935 8713 5 5370 5371 39499 38725 38726
7619 8935 8751 6 5371 5372 39231 39502 39498 39496
7620 8970 8751 6 5372 5373 39338 39337 31449 31446
7621 8970 8713 6 5373 5370 6697 6696 40265 39488
7622 8970 8935 6 5370 5372 39232 40014 39413 39141
7623 8751 8713 4 5371 5373 39487 39489
7624 10135 9792 7 5374 5375 142761 157206 156597 34384 34385
7625 10135 9812 6 5375 5376 156532 156705 156706 142762
7626 9702 9812 6 5376 5377 157366 153181 153179 153635
7627 9702 9792 7 5377 5374 147640 156978 156977 157332 157337
7628 9702 10135 5 5374 5376 147368 147369 147639
7629 9812 9792 4 5375 5377 33350 33352
7630 7934 7027 5 5378 5379 40616 40527 40528
7631 7934 7674 4 5379 5380 38987 40406
7632 7879 7674 5 5380 5381 5514 39845 38989
7633 7879 7027 5 5381 5378 39670 35779 5512
7634 7879 7934 6 5378 5380 38988 40419 40834 40542
7635 7674 7027 5 5379 5381 5513 41516 40617
7636 9644 9485 7 5382 5383 152901 154297 33676 27063 27064
7637 9644 9477 6 5383 5384 33015 33013 152419 152893
7638 9428 9477 6 5384 5385 30388 151011 8725 8724
7639 9428 9644 3 5382 5384 152850
7640 9477 9485 3 5383 5385 30387
7641 5868 5759 7 5386 5387 40149 56883 56773 56771 56805
7642 5868 6155 4 5387 5388 41471 40148
7643 6179 6155 9 5388 5389 10058 40519 40999 9064 9067 57356 41472
7644 6179 5759 4 5389 5386 40555 10057
7645 6179 5868 7 5386 5388 9494 9495 41490 41491 56474
7646 6155 5759 8 5387 5389 10056 40237 40238 40837 41501 40150
7647 8335 8311 8 5390 5391 44826 44828 44839 44691 42970 42971
7648 8681 9001 5 5392 5393 42020 34464 34465
7649 8681 8311 4 5393 5390 42181 42047
7650 8681 8335 8 5390 5392 42582 42649 44837 44836 44723 44724
7651 9001 8311 5 5391 5393 42048 42071 42070
7652 7990 7798 6 5396 5397 5523 5525 5658 5584
7653 7990 7591 6 5397 5394 40408 39937 39936 39899
7654 7990 7342 6 5394 5396 5583 5399 5401 40910
7655 7798 7591 4 5395 5397 39348 34633
7656 7382 7990 5 5399 5400 41988 41596 41597
7657 7909 7990 9 5400 5401 40407 39937 39935 39811 39809 40201 41987
7658 7909 7342 3 5401 5398 40949
7659 8886 8881 7 5402 5403 157116 39317 34993 34994 6695
7660 8970 9091 6 5404 5405 39413 153404 39612 39609
7661 8970 8881 4 5405 5402 6697 39141
7662 8970 8886 6 5402 5404 39633 40183 40259 6696
7663 9091 8881 5 5403 5405 39412 33373 33372
7664 7627 7554 6 5406 5407 36302 36300 40690 31897
7665 7627 7756 7 5407 5408 53286 36487 36292 36290 38967
7666 7553 7554 5 5409 5406 31898 55297 36357
7667 7553 7627 5 5406 5408 6820 6819 31896
7668 7756 7554 5 5407 5409 36110 9714 9716
7669 9466 9446 7 5410 5411 7137 7138 26049 103462 30960
7670 9466 9533 6 5411 5412 103886 103860 103821 103190
7671 9563 9533 6 5412 5413 36900 36901 22800 22802
7672 9563 9446 6 5413 5410 21517 21516 22594 103333
7673 9563 9466 5 5410 5412 20536 20533 30961
7674 9533 9446 4 5411 5413 102855 102854
7675 9918 10052 5 5414 5415 152575 154371 154486
7676 9918 9837 6 5415 5416 33554 152443 33196 33194
7677 10080 9837 5 5416 5417 148077 34323 33556
7678 10080 10052 5 5417 5414 154489 152891 152370
7679 10080 9918 7 5414 5416 33555 152902 152946 154407 154488
7680 9837 10052 6 5415 5417 34322 34321 153656 152576
7681 8292 8066 5 5418 5419 39010 38820 35988
7682 8099 8066 6 5421 5418 35990 38886 35882 8755
7683 8099 8292 3 5418 5420 35989
7684 8134 8066 3 5419 5421 8754
7685 10793 10652 4 5422 5423 26601 26599
7686 10793 10901 5 5423 5424 148396 32505 32503
7687 10703 10901 5 5424 5425 149255 149063 148398
7688 10703 10652 4 5425 5422 148412 149182
7689 10703 10793 6 5422 5424 148397 149373 149196 148411
7690 10901 10652 6 5423 5425 147155 147154 148400 148055
7691 10638 10759 4 5426 5427 34584 145673
7692 10638 10725 7 5427 5428 147579 147580 156522 147478 34585
7693 10686 10725 4 5428 5429 146349 147591
7694 10686 10759 6 5429 5426 146017 147352 147353 146348
7695 10686 10638 6 5426 5428 147595 147596 148113 146016
7696 10725 10759 9 5427 5429 130816 130814 145585 147258 145647 31327 31326
7697 7298 7753 6 5430 5431 8935 8936 54766 56825
7698 7298 7299 8 5431 5432 5596 5599 36042 5446 5447 54790
7699 7379 7299 6 5432 5433 40541 39627 39628 39048
7700 7379 7753 5 5433 5430 35930 35929 40424
7701 7299 7753 3 5431 5433 40540
7702 9751 9635 4 5434 5435 148535 148536
7703 9751 9855 8 5435 5436 153202 152148 152145 31608 31609 152196
7704 9809 9855 7 5436 5437 152922 152921 152995 153076 153200
7705 9809 9635 6 5437 5434 6975 6976 152240 152944
7706 9809 9751 4 5434 5436 152926 152925
7707 9855 9635 6 5435 5437 153091 153043 153042 152197
7708 4291 4275 7 5438 5439 67062 66979 66955 66838 66607
7709 4291 4760 4 5439 5440 66954 67052
7710 4311 4760 4 5440 5441 9903 9904
7711 4311 4275 4 5441 5438 66608 58268
7712 4311 4291 6 5438 5440 66953 67124 43657 43659
7713 4760 4275 8 5439 5441 58269 62186 62185 58087 34151 34149
7714 7924 8166 5 5442 5443 35296 35294 35605
7715 8192 7885 5 5444 5445 36544 18491 16980
7716 8192 8166 10 5445 5442 6378 6380 37221 38124 36177 36176 36258 36543
7717 7298 7513 7 5447 5448 40702 9362 9361 8936 8937
7718 7533 7299 8 5449 5446 5954 5953 8186 8188 8427 8428
7719 7533 7298 3 5446 5448 40703
7720 7513 7299 3 5447 5449 39742
7721 7208 7172 5 5450 5451 35851 9321 9319
7722 7208 6943 8 5451 5452 55545 55507 52599 52600 35849 35848
7723 7157 6943 5 5452 5453 8538 87111 55546
7724 7157 7172 7 5453 5450 35655 37139 18103 18102 8537
7725 7157 7208 6 5450 5452 55503 51748 9408 9410
7726 6943 7172 6 5451 5453 8536 35532 35533 35852
7727 8629 8729 5 5454 5455 46411 46287 31964
7728 8629 8903 4 5455 5456 46486 46412
7729 8734 8903 8 5456 5457 152095 46166 6413 6415 7149 46468
7730 8734 8729 8 5457 5454 7658 6516 6517 34915 34917 152094
7731 8734 8629 4 5454 5456 46242 31963
7732 8903 8729 5 5455 5457 45614 45616 46329
7733 7589 7568 8 5458 5459 43460 53106 53125 39894 39892 52980
7734 7589 7769 6 5459 5460 43996 44002 43850 43461
7735 7689 7769 6 5460 5461 5951 5950 45167 43998
7736 7689 7568 6 5461 5458 47407 47406 39719 39718
7737 7689 7589 4 5458 5460 43997 53562
7738 7769 7568 3 5459 5461 43462
7739 1777 1708 4 5462 5463 114337 114984
7740 1777 1785 7 5463 5464 114582 114583 116371 128001 114338
7741 1739 1785 3 5464 5465 23839
7742 1739 1708 8 5465 5462 114986 117036 117034 117032 116629 23838
7743 1739 1777 5 5462 5464 114639 117046 114985
7744 1785 1708 7 5463 5465 23837 116968 116966 139289 114339
7745 4277 4162 6 5466 5467 69706 59366 59367 60071
7746 4277 4126 8 5467 5468 10690 9566 9565 61626 69655 69704
7747 4026 4126 7 5468 5469 68163 60209 60208 60068 60067
7748 4026 4162 8 5469 5466 60073 60171 60184 13126 13127 61709
7749 4026 4277 3 5466 5468 60069
7750 4126 4162 3 5467 5469 69675
7751 3649 3737 6 5470 5471 12730 12729 61078 59495
7752 3649 3983 7 5471 5472 60140 60141 60152 60326 59253
7753 3974 3983 6 5472 5473 59965 60105 60175 60143
7754 3974 3737 7 5473 5470 10390 10389 15869 15866 59956
7755 3974 3649 3 5470 5472 59494
7756 3983 3737 5 5471 5473 13868 13865 59254
7757 3559 3499 4 5474 5475 11776 76709
7758 3559 3661 6 5475 5476 78973 63432 63434 11777
7759 3618 3661 3 5476 5477 79353
7760 3618 3499 8 5477 5474 76710 79323 79355 79320 25793 25792
7761 3618 3559 7 5474 5476 73004 73002 79450 63682 63679
7762 3661 3499 7 5475 5477 78494 78496 11068 11070 11778
7763 4683 4535 8 5478 5479 58155 58241 30352 30353 42473 42171
7764 4683 4726 7 5479 5480 42896 42377 42375 58059 58156
7765 4175 4726 7 5480 5481 57823 42503 42505 58250 57953
7766 4175 4535 6 5481 5478 42173 58046 57226 57225
7767 4175 4683 4 5478 5480 57952 42172
7768 4726 4535 4 5479 5481 57822 58033
7769 7866 7949 8 5482 5483 5616 40532 40533 45289 45215 6522
7770 7866 8010 3 5483 5484 5617
7771 8129 7866 4 5482 5484 45424 6523
7772 6604 6498 6 5485 5486 53637 53638 51168 40897
7773 6604 6671 7 5486 5487 8906 38969 53744 53072 53073
7774 6640 6671 5 5487 5488 43917 43919 8908
7775 6640 6498 6 5488 5485 10278 10280 53791 53897
7776 6640 6604 3 5485 5487 8907
7777 6671 6498 5 5486 5488 53896 52997 52998
7778 8191 8303 8 5490 5491 36473 36140 36142 36200 36585 6234
7779 8191 8306 3 5491 5489 38330
7780 5329 5507 5 5492 5493 9273 57166 54799
7781 5329 5619 5 5493 5494 40660 53733 9274
7782 5262 5619 7 5494 5495 41170 67734 67737 67765 40661
7783 5262 5507 5 5495 5492 12464 12463 41169
7784 5262 5329 7 5492 5494 9937 9934 12371 12372 54800
7785 5619 5507 5 5493 5495 41168 56637 9275
7786 7125 7219 6 5496 5497 5643 5641 8997 40045
7787 7125 6620 5 5497 5498 39825 39823 41944
7788 7342 6620 6 5498 5499 41120 41119 41004 41005
7789 7342 7219 6 5499 5496 39034 30315 30314 41765
7790 7342 7125 5 5496 5498 41891 41606 40046
7791 6620 7219 3 5497 5499 41766
7792 2848 2490 5 5500 5501 64137 135020 136726
7793 2848 2776 6 5501 5502 63994 63995 135975 64138
7794 2391 2776 6 5502 5503 135381 136257 136007 136006
7795 2391 2490 6 5503 5500 136725 64489 64488 135380
7796 2391 2848 5 5500 5502 136004 136002 136713
7797 2776 2490 5 5501 5503 135379 28467 28469
7798 10326 10924 6 5504 5505 41826 41824 42119 42117
7799 10326 531 3 5505 5506 142470
7800 11029 531 11 5506 5507 155473 155474 155480 155412 155363 155296 155297 155461 155542
7801 11029 10924 4 5507 5504 155514 155789
7802 11029 10326 6 5504 5506 133116 133115 155557 155513
7803 531 10924 6 5505 5507 155797 155779 155778 142471
7804 4806 4642 5 5508 5509 68635 68414 68413
7805 4806 4574 4 5509 5510 12264 57350
7806 4693 4574 5 5510 5511 48263 48265 12266
7807 4693 4642 8 5511 5508 68357 63312 63311 61506 61508 67867
7808 4693 4806 6 5508 5510 12265 61430 61431 68458
7809 4574 4642 7 5509 5511 67866 68411 68410 68523 68633
7810 7027 7653 5 5512 5513 40255 5635 5636
7811 7879 7653 5 5514 5512 35780 40385 39844
7812 7674 7653 7 5513 5514 39843 40145 41634 40322 40321
7813 2964 3524 4 5515 5516 141757 24836
7814 2964 3070 6 5516 5517 132080 132648 42942 42941
7815 3159 3070 5 5517 5518 58917 132530 132081
7816 3159 3524 6 5518 5515 12142 12144 41610 41611
7817 3070 3524 5 5516 5518 58900 42356 42354
7818 554 221 5 5519 5520 130774 131012 31340
7819 554 187 7 5520 5521 131165 142969 142971 130921 130773
7820 267 554 6 5519 5521 131166 131168 131170 31341
7821 7770 7798 6 5522 5523 39348 39347 39832 8338
7822 7770 7990 4 5523 5524 40676 39899
7823 8096 7798 3 5525 5522 5657
7824 8096 7770 7 5522 5524 40679 34642 34641 44149 8339
7825 6127 6305 3 5526 5527 12388
7826 6127 6257 6 5527 5528 13609 33524 10405 10403
7827 6470 6257 4 5528 5529 51301 13610
7828 6470 6305 8 5529 5526 12389 9233 9234 51190 51329 51300
7829 6257 6305 8 5527 5529 9458 5741 5743 51577 50768 50769
7830 8784 8674 6 5530 5531 46993 46985 46981 46980
7831 8784 8734 6 5531 5532 46165 6413 6414 46991
7832 8738 8784 4 5530 5532 46391 46393
7833 8299 8436 4 5533 5534 36464 37914
7834 8299 8405 5 5534 5535 45668 45720 36465
7835 8598 8405 5 5535 5536 36800 38075 45366
7836 8598 8299 6 5533 5535 45667 45706 45705 37932
7837 8405 8436 4 5534 5536 36799 36466
7838 5829 5864 6 5537 5538 92346 96057 77792 77795
7839 5829 5256 3 5538 5539 92345
7840 5376 5256 7 5539 5540 18644 77419 77420 75676 75675
7841 5376 5864 5 5540 5537 22026 22025 18642
7842 5376 5829 7 5537 5539 94147 95839 95838 95930 95903
7843 5256 5864 5 5538 5540 18643 94883 92347
7844 5303 5347 6 5541 5542 56521 56522 57274 57271
7845 5303 5261 7 5542 5543 57252 57203 57202 5818 5820
7846 5398 5261 4 5543 5544 56607 57069
7847 5398 5347 4 5544 5541 12707 12706
7848 5398 5303 5 5541 5543 57245 57244 57272
7849 5261 5347 4 5542 5544 13035 13034
7850 8097 8066 8 5545 5546 38820 5611 5610 36241 39096 39129
7851 8097 8410 4 5546 5547 39142 38819
7852 8355 8410 6 5547 5548 38882 36093 36091 39151
7853 8355 8066 7 5548 5545 9026 9028 38888 38887 38886
7854 8355 8097 5 5545 5547 39150 39137 39130
7855 8410 8066 4 5546 5548 35990 35988
7856 6216 5909 4 5549 5550 41332 41223
7857 7619 7603 3 5551 5552 35932
7858 7619 7708 6 5552 5553 52934 36439 36438 35933
7859 7492 7603 5 5554 5551 36287 30569 30571
7860 7492 7619 6 5551 5553 52955 53216 55278 36307
7861 7708 7603 7 5552 5554 36372 9713 9715 35426 35425
7862 7179 6736 5 5555 5556 6166 6165 9171
7863 7179 6809 4 5556 5557 5876 34046
7864 6903 6809 8 5557 5558 42415 43523 43681 43680 41065 5877
7865 6903 6736 5 5558 5555 9173 43180 42414
7866 6903 7179 6 5555 5557 5875 42991 42992 9172
7867 6809 6736 7 5556 5558 9030 9029 41402 41399 43942
7868 6344 6492 4 5559 5560 53783 54105
7869 6344 5871 4 5560 5561 52963 53782
7870 6417 5871 5 5561 5562 42253 41185 41188
7871 6417 6492 6 5562 5559 42164 41936 5725 5724
7872 6417 6344 6 5559 5561 52962 54143 54084 54083
7873 5871 6492 5 5560 5562 40382 40379 41227
7874 6176 5753 3 5563 5564 40938
7875 6176 6014 10 5564 5565 56144 54789 54787 54988 51746 51747 53573 40939
7876 5809 6014 4 5565 5566 9530 9528
7877 5809 5753 7 5566 5563 54848 54847 40512 8626 8625
7878 5809 6176 4 5563 5565 40642 40643
7879 6014 5753 6 5564 5566 40822 56566 56670 40940
7880 8679 8058 7 38810 38811 38689 34899 5567 5568 -1
7881 8679 7979 4 5568 5569 36185 -1
7882 8435 7979 7 5569 5570 38991 40292 40153 35947 35946
7883 8435 8058 6 5570 5567 34901 35009 40173 38990
7884 8435 8679 4 5567 5569 36184 34900
7885 7979 8058 5 5568 5570 9641 9643 -1
7886 5295 5065 7 5571 5572 66925 57851 57849 43883 43881
7887 5295 5754 4 5572 5573 57894 66960
7888 5887 5754 9 5573 5574 67629 66978 43692 43693 43863 42567 42566
7889 5887 5065 3 5574 5571 67621
7890 5887 5295 8 5571 5573 57895 43648 43647 42920 42922 67620
7891 5754 5065 11 5572 5574 67630 58233 58235 62245 62242 9990 9545 9547 58230
7892 9890 10000 8 5575 5576 156708 131905 131903 156786 156814 156823
7893 9890 10316 6 5576 5577 41771 144364 38766 38767
7894 10511 10316 6 5577 5578 155759 155776 148093 41772
7895 10511 10000 4 5578 5575 155428 155425
7896 10511 9890 5 5575 5577 37924 37923 156822
7897 10316 10000 4 5576 5578 155758 156683
7898 6818 6883 7 5579 5580 55995 55034 55033 53813 52104
7899 6818 6911 3 5580 5581 55935
7900 6713 6911 8 5581 5582 53063 39576 39574 55369 55370 55761
7901 6713 6883 5 5582 5579 8932 8931 53061
7902 6713 6818 6 5579 5581 51958 50659 13778 13780
7903 6911 6883 7 5580 5582 53062 9627 9626 53017 55993
7904 7990 8025 6 5583 5584 8874 39882 40135 41597
7905 9320 9365 7 5585 5586 153257 152008 152007 153393 153295
7906 9320 9344 6 5586 5587 152004 35270 35273 152136
7907 9448 9344 7 5587 5588 153106 157618 157937 157690 152005
7908 9448 9365 6 5588 5585 153296 153366 152937 152934
7909 9448 9320 5 5585 5587 35102 35101 153282
7910 9344 9365 8 5586 5588 153105 153206 153207 153271 153330 153258
7911 6897 6212 6 5589 5590 40851 8995 8993 40655
7912 5752 7979 6 44705 34422 5591 5592 40709 -1
7913 5752 6212 5 5592 5589 40656 9066 9065
7914 5752 6897 7 5589 5591 34420 10186 10185 30289 30291
7915 7979 6212 4 5590 5592 40708 40853
7916 6313 6445 7 5593 5594 38896 40813 40814 57004 41349
7917 6051 6445 5 5595 5593 41350 40725 40727
7918 6163 6445 4 5594 5595 56831 38897
7919 7174 6971 7 5597 5598 40611 56851 56852 56926 56939
7920 7299 6971 6 5598 5599 36043 56842 40468 40467
7921 7299 7174 4 5596 5598 40304 39048
7922 6971 7298 3 5597 5599 36041
7923 6904 6860 7 5600 5601 9924 40980 40638 40637 40710
7924 7653 7404 6 5602 5603 5636 35780 41262 8926
7925 7653 6860 7 5603 5600 40711 41468 41465 40254 5635
7926 7653 6904 3 5600 5602 8925
7927 7404 6860 3 5601 5603 5634
7928 6264 6228 7 5604 5605 40860 40858 40634 10106 5890
7929 6264 6821 6 5605 5606 40823 41920 41715 40879
7930 6453 6821 7 5606 5607 41033 41015 5944 5942 9919
7931 6453 6228 8 5607 5604 5892 57641 41280 40760 40757 41113
7932 6453 6264 3 5604 5606 5891
7933 6821 6228 4 5605 5607 40063 40065
7934 7839 7922 6 5608 5609 31894 39073 39052 38885
7935 7839 8097 4 5609 5610 30731 30732
7936 8066 7922 7 5611 5608 38861 35881 8755 8754 39010
7937 8066 7839 7 5608 5610 36240 40631 39006 38942 38884
7938 8097 7922 5 5609 5611 39009 39016 31895
7939 906 1066 5 5612 5613 34709 143247 58458
7940 906 851 5 5613 5614 141126 143199 34710
7941 1003 851 4 5614 5615 127330 127331
7942 1003 1066 5 5615 5612 58459 141344 141345
7943 1003 906 6 5612 5614 131041 131040 143417 58457
7944 851 1066 8 5613 5615 141559 140831 29765 29762 143311 34711
7945 7866 7738 8 5616 5617 45424 44055 39678 39676 53307 45021
7946 8010 7738 6 5617 5618 53526 39442 39259 39260
7947 7738 7949 4 5616 5618 35362 35364
7948 7738 7442 5 5620 5621 53293 38412 38415
7949 7738 7741 8 5621 5619 40552 40623 40587 40584 40586 53313
7950 7738 7453 4 5619 5620 38948 40106
7951 5473 5977 4 5622 5623 57059 57667
7952 5473 5468 6 5623 5624 57647 57789 41407 41409
7953 5565 5468 5 5624 5625 56849 57652 57648
7954 5565 5977 4 5625 5622 56893 56848
7955 5565 5473 9 5622 5624 57633 57456 57455 57636 10116 10118 57163
7956 5468 5977 5 5623 5625 56847 41458 41459
7957 9218 8979 8 5626 5627 34574 34575 157029 155903 154600 40127
7958 9218 9415 5 5627 5628 156881 156879 156880
7959 9486 9415 4 5628 5629 156789 156788
7960 9486 8979 4 5629 5626 40129 156806
7961 9486 9218 8 5626 5628 156882 156884 156886 39629 39631 40128
7962 9415 8979 6 5627 5629 156808 40218 40217 156733
7963 11726 11648 6 5630 5631 27142 131124 131125 146195
7964 11726 11579 4 5631 5632 130625 27143
7965 11853 11579 4 5632 5633 146338 145430
7966 11853 11648 4 5633 5630 146197 146337
7967 11853 11726 7 5630 5632 30888 30887 30396 30398 146196
7968 11579 11648 8 5631 5633 146336 142883 31213 31214 146072 27144
7969 7027 7404 6 5636 5634 9925 5669 5671 35779
7970 7027 6860 6 5634 5635 40253 40917 40916 9924
7971 6760 6394 7 5637 5638 39803 39807 55294 56912 56534
7972 6760 6884 9 5638 5639 56903 53552 53553 56661 56853 40457 39802
7973 6788 6884 10 5639 5640 56633 40475 38576 38577 40811 40929 40932 56914
7974 6788 6394 5 5640 5637 55133 55132 56635
7975 6788 6760 4 5637 5639 54994 54996
7976 6884 6394 3 5638 5640 39804
7977 7125 6821 3 5642 5643 41944
7978 7219 6821 8 5643 5644 41909 41911 30423 30421 41765 41766
7979 6821 6890 5 5642 5644 42057 41715 41717
7980 5657 6359 7 5645 5646 43677 43773 43747 43743 43741
7981 5657 5754 5 5646 5647 9545 9548 43678
7982 5761 5754 6 5647 5648 43072 67316 67223 9990
7983 5761 6359 5 5648 5645 7879 7878 42618
7984 5761 5657 8 5645 5647 9989 12313 43448 43447 43618 43742
7985 5754 6359 7 5646 5648 40841 40838 42519 42407 42409
7986 7551 7226 5 5649 5650 43079 43082 42990
7987 7551 8046 6 5650 5651 44908 44284 42210 42209
7988 7179 8046 4 5651 5652 42202 42203
7989 7179 7226 8 5652 5649 42992 39708 39707 44107 42952 42954
7990 7179 7551 4 5649 5651 44910 42991
7991 8046 7226 6 5650 5652 7893 7890 43828 43827
7992 6215 6554 4 5653 5654 56568 41482
7993 6215 6435 4 5654 5655 9720 56567
7994 6348 6435 5 5655 5656 9581 9579 9722
7995 6348 6554 4 5656 5653 41483 41515
7996 6348 6215 9 5653 5655 9721 12262 41512 40746 40743 40738 40740
7997 6435 6554 7 5654 5656 41506 41505 57007 54643 54642
7998 7798 8181 7 5657 5658 8873 6521 6520 39834 8338
7999 7990 8181 5 5658 5659 8863 8862 8874
8000 8129 8233 7 5660 5661 38440 39013 40435 5963 5964
8001 8129 8592 5 5661 5662 30980 39664 38439
8002 8379 8233 9 5663 5660 39037 39036 39428 45370 45389 39737 39736
8003 8379 8129 3 5660 5662 30981
8004 8592 8233 3 5661 5663 38441
8005 7438 7320 5 5664 5665 86460 86210 35289
8006 7438 7207 4 5665 5666 55586 55585
8007 7166 7207 4 5666 5667 86425 86424
8008 7166 7320 4 5667 5664 35291 86583
8009 7166 7438 5 5664 5666 86949 86891 35290
8010 7207 7320 6 5665 5667 56331 56329 56344 86932
8011 7227 7027 7 5669 5670 40438 40436 40800 8962 8963
8012 7379 7027 6 5670 5671 39670 40528 39561 39564
8013 7379 7404 3 5671 5668 39669
8014 7379 7227 11 5668 5670 40595 40704 38935 9645 9647 39627 40810 40828 40833
8015 6875 7186 6 5672 5673 42258 42260 58287 9057
8016 6875 6937 7 5673 5674 42007 41204 41203 42252 42259
8017 7383 6937 3 5674 5675 42008
8018 7383 7186 7 5675 5672 9059 6664 6663 33471 42188
8019 7383 6875 6 5672 5674 41794 41792 42420 9058
8020 6937 7186 5 5673 5675 41844 39672 39671
8021 1765 1660 8 5676 5677 131999 138823 129603 25963 25961 138094
8022 1765 2009 7 5677 5678 138166 138167 138530 27515 27513
8023 1689 1660 8 5679 5676 138069 138067 127360 127359 137737 133299
8024 1689 1765 6 5676 5678 129558 129557 129521 129520
8025 2009 1660 3 5677 5679 132000
8026 6547 6713 7 5680 5681 51637 52147 50660 13778 13781
8027 6547 6465 6 5681 5682 55441 55442 55949 51638
8028 6727 6465 6 5682 5683 55333 55334 55342 55343
8029 6727 6713 4 5683 5680 55383 55382
8030 6727 6547 5 5680 5682 55435 55434 55439
8031 6465 6713 5 5681 5683 55374 53669 51639
8032 1043 863 6 5684 5685 119570 134942 26103 26101
8033 1043 1074 6 5685 5686 119344 119342 134537 119569
8034 828 1074 4 5686 5687 129230 120980
8035 828 863 7 5687 5684 128975 128977 129851 23374 23376
8036 828 1043 5 5684 5686 120979 134947 134849
8037 1074 863 4 5685 5687 134047 119571
8038 7111 6937 4 5688 5689 5793 42193
8039 7390 6937 7 5691 5688 41845 39672 39673 41910 41899
8040 7390 7111 3 5688 5690 42194
8041 7382 6937 4 5689 5691 41900 5794
8042 8489 8234 4 5693 5694 33499 40141
8043 8660 8489 7 5692 5694 33500 39666 40142 39411 39403
8044 5544 5137 5 5696 5697 41076 41075 58009
8045 5330 5137 6 5697 5698 57032 8466 8465 57495
8046 5330 5473 6 5698 5695 41410 57589 57664 57646
8047 5330 5544 7 5695 5697 57522 57251 57250 10075 10074
8048 5137 5473 5 5696 5698 57207 57206 58015
8049 8179 8397 7 5699 5700 44153 45118 44096 39886 33455
8050 8179 8559 5 5700 5701 44035 44164 44152
8051 8524 8559 7 5701 5702 45121 44932 39759 39760 44036
8052 8524 8397 4 5702 5699 33457 44166
8053 8524 8179 6 5699 5701 44034 45007 45008 33456
8054 8559 8397 6 5700 5702 45181 45308 6478 6475
8055 6848 7030 9 5703 5704 49084 49085 49563 6322 6323 50965 8363
8056 7303 7210 6 5705 5706 50042 8349 8348 8173
8057 7303 7030 5 5706 5703 8365 50624 50621
8058 7303 6848 5 5703 5705 8172 50690 8364
8059 7210 7030 7 5704 5706 50619 47835 47834 50455 50456
8060 4938 4433 5 5707 5708 58124 58123 66857
8061 4938 4341 6 5708 5709 66874 66901 66906 66876
8062 4506 4341 4 5709 5710 30255 30257
8063 4506 4433 4 5710 5707 66858 66864
8064 4506 4938 6 5707 5709 66875 12553 12552 28834
8065 4341 4433 7 5708 5710 66890 66891 66888 66872 66871
8066 8026 8156 6 5711 5712 39040 36045 36046 53515
8067 8026 8220 6 5712 5713 53504 53522 53518 53503
8068 8123 8220 5 5713 5714 38427 45324 45349
8069 8123 8156 4 5714 5711 39304 38426
8070 8123 8026 6 5711 5713 53505 53440 53439 53514
8071 8220 8156 6 5712 5714 38425 39517 39516 45398
8072 10276 10854 6 5715 5716 154116 133482 133480 155214
8073 10276 10755 6 5716 5717 154996 31155 31153 155228
8074 10160 10755 6 5717 5718 154966 154965 154049 154048
8075 10160 10854 4 5718 5715 155039 155038
8076 10160 10276 6 5715 5717 150841 132966 132965 155233
8077 10755 10854 5 5716 5718 155028 151158 151159
8078 3669 3465 3 5719 5720 7269
8079 3669 3272 6 5720 5721 34034 43641 43642 7270
8080 4017 3272 8 5721 5722 133551 132991 43465 43464 5765 5764
8081 4017 3465 6 5722 5719 11943 11824 11823 133568
8082 4017 3669 7 5719 5721 27806 27805 66271 66270 11942
8083 3272 3465 6 5720 5722 133468 133241 66581 7271
8084 6492 6256 6 5723 5724 40382 40380 40497 42165
8085 6620 6417 8 5725 5726 40699 40701 41216 41122 41123 41928
8086 6620 6256 6 5726 5723 40369 40371 40035 40034
8087 6620 6492 3 5723 5725 41937
8088 6417 6256 5 5724 5726 42284 42283 42253
8089 11480 11576 5 5727 5728 144234 145758 155380
8090 11480 11602 6 5728 5729 156199 156231 156230 144235
8091 11842 11602 7 5729 5730 146026 143703 143701 146185 155947
8092 11842 11576 6 5730 5727 155381 156187 156195 156075
8093 11842 11480 4 5727 5729 146664 146665
8094 11602 11576 4 5728 5730 146618 144236
8095 7248 7196 7 5731 5732 47602 47599 47660 47659 49532
8096 6452 6719 5 5733 5734 54279 43864 10025
8097 6452 6379 5 5734 5735 43886 43897 54254
8098 6628 6379 5 5735 5736 42793 43540 43539
8099 6628 6719 5 5736 5733 10026 44334 42791
8100 6628 6452 5 5733 5735 43887 43771 10024
8101 6379 6719 5 5734 5736 42792 43502 54280
8102 6914 7009 4 5737 5738 43622 32302
8103 6914 7311 4 5738 5739 42731 43846
8104 6903 7311 4 5739 5740 42576 42732
8105 6903 7009 5 5740 5737 10747 10746 42575
8106 6903 6914 6 5737 5739 42730 43860 43680 32303
8107 7311 7009 8 5738 5740 42403 10792 10794 42152 42151 43654
8108 6305 6699 6 5741 5742 8631 8632 51329 9459
8109 6305 6593 4 5742 5743 51686 51044
8110 6257 6593 5 5743 5744 50695 50697 51687
8111 6257 6699 5 5744 5741 9460 51353 51352
8112 6593 6699 7 5742 5744 9144 9143 44240 44239 51045
8113 6256 6937 4 5745 5746 41203 39830
8114 6256 6203 5 5746 5747 42189 58290 42251
8115 6264 6203 9 5747 5748 40823 5891 5890 10107 29016 41229 41230
8116 6264 6937 4 5748 5745 39831 41920
8117 6264 6256 6 5745 5747 39650 39649 40035 39829
8118 6203 6937 6 5746 5748 39994 39993 41932 42252
8119 7718 8362 5 5749 5750 32647 44870 28087
8120 7718 7545 7 5750 5751 42341 42343 42671 34852 32648
8121 7760 7718 8 5749 5751 42686 43554 43553 44534 44287 28088
8122 5252 5168 7 5752 5753 62255 50894 9044 9045 50863
8123 5252 5021 5 5753 5754 50726 68831 68674
8124 4973 5021 7 5754 5755 64812 64813 64868 65280 50728
8125 4973 5168 7 5755 5752 65538 65540 65198 64601 64599
8126 4973 5252 7 5752 5754 50727 50875 50874 12658 12660
8127 5021 5168 4 5753 5755 63673 63674
8128 5419 5090 6 5756 5757 74097 94454 75518 75509
8129 5419 5177 7 5757 5758 76436 76448 93373 94906 74098
8130 4655 5177 6 5758 5759 75598 76444 76098 76097
8131 4655 5090 8 5759 5756 74665 74663 74683 74488 74487 75390
8132 4655 5419 5 5756 5758 76435 75766 75510
8133 5177 5090 3 5757 5759 74099
8134 7487 8054 5 5760 5761 50332 48188 48189
8135 7487 7785 5 5761 5762 19429 19430 50333
8136 7606 7785 7 5762 5763 11650 11649 50452 50550 50269
8137 7606 8054 4 5763 5760 50295 48144
8138 7606 7487 6 5760 5762 50268 96512 47617 47616
8139 7785 8054 6 5761 5763 48143 48121 48120 50334
8140 3272 4125 5 5765 5766 10920 66400 66273
8141 3943 4125 7 5766 5767 12086 67141 67102 66860 10921
8142 3943 4017 5 5767 5764 27806 10293 10295
8143 3943 3272 4 5764 5766 10919 34034
8144 4125 4017 6 5765 5767 11936 11935 64282 66274
8145 7186 7008 7 5768 5769 39671 42258 40981 40982 40997
8146 7186 7390 8 5769 5770 41997 39973 33469 33471 41843 39672
8147 7352 7390 8 5770 5771 40968 41255 41869 40352 40350 41693
8148 7352 7008 7 5771 5768 40998 39813 39812 40912 40967
8149 7390 7008 5 5769 5771 40966 41604 39673
8150 8431 8212 7 5773 5772 38863 40410 45565 45141 45140
8151 6652 6390 5 5775 5776 49432 49430 12342
8152 6255 6840 4 5777 5774 43276 8296
8153 6390 6840 8 5775 5777 8297 19325 19322 51304 51349 12343
8154 6897 5850 9 5778 5779 40659 30288 30291 40655 40338 39952 39950
8155 5907 5850 7 5779 5780 40766 58387 58604 58646 41555
8156 5850 7118 3 5778 5780 40765
8157 6680 6824 7 5781 5782 40914 41016 41092 41101 40950
8158 6495 7227 4 5783 5784 40474 40800
8159 6495 6824 5 5784 5781 40952 55186 40472
8160 6495 6680 8 5781 5783 41010 40978 40979 41012 41320 40951
8161 7227 6824 7 5782 5784 40473 40933 40798 40795 40794
8162 2976 1984 5 5785 5786 66706 133135 133136
8163 2976 2530 7 5786 5787 130925 58380 58381 132534 66705
8164 2721 2530 5 5787 5788 133096 142479 130926
8165 2721 1984 4 5788 5785 12026 12025
8166 2721 2976 5 5785 5787 130924 133138 133137
8167 2530 1984 6 5786 5788 133055 132774 30295 30292
8168 6267 6353 5 5789 5790 56886 56866 56865
8169 6267 6383 6 5790 5791 56835 13071 13069 56885
8170 6128 6353 6 5792 5789 38912 9572 9571 54687
8171 6128 6267 5 5789 5791 56751 40888 40887
8172 6383 6353 5 5790 5792 55076 40792 40793
8173 6937 6890 8 5794 5793 42195 41204 39830 39831 42057 42056
8174 8330 7748 7 5795 5796 38945 34019 31117 31118 42141
8175 8330 6369 6 5796 5797 42556 6088 6089 38946
8176 8109 6369 5 5797 5798 42418 43841 42577
8177 8109 7748 6 5798 5795 42142 42447 42419 42417
8178 8109 8330 7 5795 5797 42291 42290 42636 42136 42135
8179 6369 7748 5 5796 5798 42416 42431 38947
8180 4365 4624 7 5799 5800 8827 8825 57958 57227 42029
8181 4365 4777 4 5800 5801 58138 10206
8182 5023 4777 4 5801 5802 57922 58205
8183 5023 4624 7 5802 5799 42031 42514 42516 57746 57747
8184 5023 4365 4 5799 5801 57235 42030
8185 4777 4624 5 5800 5802 54597 41385 10207
8186 11880 11825 6 5803 5804 142904 144798 126947 31338
8187 124 11825 5 5804 5805 126884 126885 126984
8188 11825 152 7 5803 5805 126879 126880 144744 144745 31339
8189 8238 8564 6 5806 5807 6714 42027 44773 39690
8190 8238 8046 6 5807 5808 43032 43031 44139 6715
8191 8335 8238 6 5806 5808 45095 45136 45107 39691
8192 6764 7051 5 5810 5811 55229 55227 53799
8193 6764 6805 7 5811 5812 55174 55175 55270 55329 55251
8194 7297 6805 7 5812 5813 55286 56944 56336 54864 54863
8195 7297 7051 5 5813 5810 53391 53388 55285
8196 7297 6764 4 5810 5812 55324 53800
8197 6805 7051 5 5811 5813 55239 36353 36351
8198 3482 3734 5 5814 5815 57680 132717 58415
8199 3482 3388 4 5815 5816 58309 57681
8200 3620 3388 5 5816 5817 66499 10515 10513
8201 3620 3734 5 5817 5814 58417 66699 66698
8202 3620 3482 5 5814 5816 58362 66636 58416
8203 3388 3734 6 5815 5817 66670 66669 66700 57682
8204 5261 5020 4 5818 5819 56699 57298
8205 9265 9335 3 5821 5822 39216
8206 9265 9258 9 5822 5823 157502 147919 147920 39351 39352 157506 157507
8207 9305 9258 5 5823 5824 157100 157215 157219
8208 9305 9265 5 5821 5823 147927 147926 39215
8209 9258 9335 5 5822 5824 156999 156996 157197
8210 5513 5336 6 5825 5826 9981 9982 12367 57612
8211 5513 4880 8 5826 5827 40256 41863 41199 12022 10071 10072
8212 5122 4880 7 5827 5828 57525 57939 57931 57929 40258
8213 5122 5336 9 5828 5825 41696 41695 41389 41388 57829 57964 57523
8214 5122 5513 3 5825 5827 40257
8215 4880 5336 3 5826 5828 57524
8216 8524 8369 9 5829 5830 45122 6423 6422 45008 44979 38429 38430
8217 8524 8783 6 5830 5831 31189 39588 39759 44933
8218 8537 8783 6 5831 5832 6721 6723 33488 31191
8219 8537 8369 9 5832 5829 39978 5946 5948 43786 43785 45093 39640
8220 8537 8524 3 5829 5831 31190
8221 8783 8369 3 5830 5832 39639
8222 5342 5585 5 5833 5834 57091 57092 54306
8223 5342 5502 6 5834 5835 69926 70028 10238 10236
8224 5796 5502 5 5835 5836 56518 56519 69927
8225 5796 5585 5 5836 5833 54307 69726 69816
8226 5796 5342 5 5833 5835 56321 56322 54305
8227 5502 5585 6 5834 5836 69875 70026 70024 61627
8228 6241 6332 7 5837 5838 55775 55521 55519 55737 55735
8229 6241 6454 6 5838 5839 17518 89216 17273 17274
8230 6336 6454 6 5839 5840 56031 55026 55027 17519
8231 6336 6332 4 5840 5837 55773 55967
8232 6336 6241 4 5837 5839 17517 55772
8233 6454 6332 5 5838 5840 56029 51487 51486
8234 5500 5529 7 5842 5843 17071 17074 70209 70206 70192
8235 5382 5529 6 5843 5844 12568 56137 56136 70102
8236 5382 5451 5 5844 5841 70173 70160 12567
8237 5382 5500 5 5841 5843 16763 16764 70172
8238 5529 5451 7 5842 5844 12566 67818 69249 69344 70185
8239 7811 7781 3 5845 5846 40626
8240 7811 8066 5 5846 5847 36241 36240 40630
8241 7886 8066 4 5847 5848 9550 39096
8242 7886 7781 5 5848 5845 40628 39127 9549
8243 7886 7811 8 5845 5847 35950 35949 40608 39416 39418 40627
8244 8375 8261 7 5849 5850 40186 39730 39728 40169 39860
8245 8375 8234 6 5850 5851 40210 29614 29612 40171
8246 8116 8234 8 5851 5852 38925 6195 6197 39801 39695 39693
8247 8116 8261 4 5852 5849 39120 38924
8248 8116 8375 6 5849 5851 40199 39578 33428 33427
8249 8234 8261 4 5850 5852 36508 36510
8250 6514 6460 7 5853 5854 39644 39645 40337 40651 41519
8251 6514 6179 4 5854 5855 40517 40519
8252 6592 6179 9 5855 5856 9176 40442 40721 40819 56474 40555 40554
8253 6592 6460 3 5856 5853 9174
8254 6592 6514 7 5853 5855 40739 9794 9793 41523 41521
8255 6179 6460 5 5854 5856 9175 40104 40999
8256 4068 4150 6 5857 5858 10410 11989 11991 61693
8257 4068 3897 6 5858 5859 60947 60948 60949 10411
8258 3861 3897 7 5859 5860 15578 61744 61743 60919 60918
8259 3861 4150 3 5860 5857 15577
8260 3861 4068 6 5857 5859 60954 12731 12733 61489
8261 3897 4150 6 5858 5860 15576 11207 11209 10412
8262 9757 10176 7 5861 5862 155697 155505 155496 42872 42399
8263 9757 8809 6 5862 5863 5994 42065 42063 155696
8264 9598 8809 5 5863 5864 142574 28187 5995
8265 9598 10176 7 5864 5861 42401 66791 154856 155011 142572
8266 9598 9757 4 5861 5863 5993 42400
8267 8809 10176 4 5862 5864 142573 155687
8268 9127 9213 8 5865 5866 154198 154194 154192 154243 154225 154226
8269 9127 8686 6 5866 5867 154006 154004 154219 154199
8270 8673 8686 7 5867 5868 44651 31558 31557 44915 44916
8271 8673 9213 4 5868 5865 152810 152809
8272 8673 9127 4 5865 5867 154208 154224
8273 8686 9213 5 5866 5868 28344 28346 49173
8274 3106 3432 6 5871 5872 62820 22176 22174 9759
8275 3106 3230 5 5872 5873 28797 28798 62783
8276 3434 3230 8 5873 5874 60373 63165 63164 11227 11226 64111
8277 3434 3432 6 5874 5871 9760 28832 63926 60372
8278 3434 3106 3 5871 5873 9758
8279 3230 3432 5 5872 5874 60371 63045 62902
8280 7446 6809 5 5876 5877 41063 43707 34045
8281 6903 7446 4 5875 5877 41064 44909
8282 9271 8985 6 5878 5879 6108 39959 40136 40137
8283 9271 9084 7 5879 5880 157388 39245 39243 35005 6109
8284 9120 9084 6 5880 5881 34662 34665 38051 157379
8285 9120 8985 5 5881 5878 40134 40133 40028
8286 9084 8985 5 5879 5881 5911 5913 6110
8287 9653 9705 7 5882 5883 34302 34301 150585 150588 152269
8288 9653 9723 5 5883 5884 152264 34369 34367
8289 9804 9723 5 5884 5885 152332 150972 150970
8290 9804 9705 6 5885 5882 32801 32800 152439 152440
8291 9804 9653 5 5882 5884 152265 152496 152466
8292 9723 9705 5 5883 5885 32036 32033 152470
8293 822 2475 4 5886 5887 41598 142194
8294 822 2233 3 5887 5888 29924
8295 1596 2233 8 5888 5889 142131 30065 30064 142418 142611 29926
8296 1596 2475 4 5889 5886 41757 41759
8297 1596 822 7 5886 5888 29925 30023 30025 142149 142195
8298 2233 2475 9 5887 5889 142130 142142 142143 142136 137596 127387 41599
8299 6203 6453 6 5891 5892 57642 40763 9917 9919
8300 6203 6228 5 5892 5890 10108 41528 41534
8301 10262 11028 5 5893 5894 27070 27073 35210
8302 10262 10890 4 5894 5895 155750 155590
8303 10670 10890 5 5895 5896 41827 41825 155751
8304 10670 11028 5 5896 5893 35211 58695 155849
8305 10670 10262 5 5893 5895 141429 141431 35209
8306 10890 11028 5 5894 5896 155847 141268 141266
8307 8415 8884 4 5898 5899 39898 39896
8308 8754 8884 7 5899 5900 39914 33621 33618 34991 34992
8309 8754 8400 4 5900 5897 40168 40114
8310 8754 8415 4 5897 5899 40123 40122
8311 8884 8400 6 5898 5900 40113 40115 40116 41883
8312 10833 9179 7 5901 5902 40364 142170 58613 10132 10133
8313 10833 7678 3 5902 5903 38926
8314 8791 7678 7 5903 5904 58607 58605 155387 155867 38928
8315 8791 9179 4 5904 5901 132694 141842
8316 8791 10833 5 5901 5903 38927 31440 31439
8317 7678 9179 6 5902 5904 59840 59839 155959 40365
8318 8620 8436 3 5905 5906 45506
8319 8348 8386 4 5907 5908 46747 46889
8320 8348 8504 4 5908 5909 37347 46746
8321 8289 8504 5 5909 5910 46860 46884 37348
8322 8289 8386 5 5910 5907 46852 36721 36720
8323 8289 8348 8 5907 5909 37346 47011 47340 47290 46888 46887
8324 8504 8386 9 5908 5910 46859 45143 45142 21972 21971 46310 46748
8325 8985 9039 3 5912 5913 39202
8326 9084 8794 6 5914 5911 34662 34664 40244 39431
8327 9039 8794 5 5912 5914 39430 39634 39203
8328 4879 4858 5 5915 5916 64966 64967 67470
8329 4437 4858 7 5916 5917 38879 65188 65189 66620 65231
8330 4858 4804 4 5915 5917 38878 67432
8331 7229 7242 8 5918 5919 52838 53976 45942 9131 9129 51235
8332 7229 7006 6 5919 5920 8414 52321 53969 52839
8333 6979 7006 6 5920 5921 49967 46646 46645 8416
8334 6979 7242 4 5921 5918 50630 49965
8335 6979 7229 4 5918 5920 8415 51461
8336 7006 7242 3 5919 5921 49966
8337 4854 5020 6 5922 5923 57324 67844 57388 57386
8338 4854 5081 3 5923 5924 57325
8339 5062 4854 7 5922 5924 9651 9648 57425 57112 57114
8340 163 60 6 5925 5926 58635 26666 26667 126940
8341 163 6 6 5926 5927 131002 131004 141596 144285
8342 128 6 5 5927 5928 26830 146075 131058
8343 128 163 7 5925 5927 131057 126918 126435 126436 126747
8344 6 60 4 5926 5928 26829 146022
8345 10068 9943 6 5929 5930 29619 29620 157532 31266
8346 10063 9968 4 5931 5932 39185 39186
8347 10063 9943 5 5932 5929 31267 147923 147879
8348 10063 10068 5 5929 5931 155532 32988 31265
8349 9968 9943 7 5930 5932 147880 147805 147804 157436 155884
8350 3709 3677 6 5933 5934 62071 62072 12578 12579
8351 3709 3889 3 5934 5935 58976
8352 3801 3889 6 5935 5936 61918 61869 61473 58977
8353 3801 3677 4 5936 5933 63476 62038
8354 3889 3677 8 5934 5936 62039 63367 60771 60772 61398 61723
8355 10389 10833 4 5937 5938 155723 155721
8356 10389 9247 5 5938 5939 155907 155586 155587
8357 9889 9247 4 5939 5940 10134 142497
8358 9889 10833 6 5940 5937 155819 39098 39100 10132
8359 9889 10389 8 5937 5939 155996 9354 9356 156640 155445 155443
8360 9247 10833 5 5938 5940 10133 31439 31438
8361 6542 6821 5 5942 5943 40068 39992 9918
8362 6880 6821 6 5943 5944 30424 30423 41605 40069
8363 6880 6453 4 5944 5941 40954 40953
8364 6880 6542 6 5941 5943 40067 40306 40307 41000
8365 8396 8369 5 5945 5946 40461 40460 43258
8366 8396 8537 3 5946 5947 6567
8367 8295 8537 6 5947 5948 30447 6462 6460 6568
8368 8295 8369 4 5948 5945 43247 43248
8369 8295 8396 6 5945 5947 6566 39435 39432 43259
8370 7769 7968 5 5949 5950 45166 45217 45023
8371 7854 7689 5 5951 5952 39885 39720 39718
8372 7854 7968 5 5952 5949 39637 39635 39884
8373 7854 7769 5 5949 5951 43462 43461 43852
8374 7689 7968 4 5950 5952 39883 44178
8375 7299 7138 4 5954 5955 36043 36042
8376 6997 7533 4 5956 5953 36380 36381
8377 6997 7299 4 5953 5955 56842 40085
8378 9210 8857 5 5957 5958 41476 41475 142183
8379 8129 8028 6 5959 5960 5965 5963 6524 6523
8380 8129 7877 4 5960 5961 40585 34660
8381 7738 7877 5 5961 5962 39678 39679 40586
8382 7738 8028 3 5962 5959 44055
8383 7738 8129 6 5959 5961 40584 39261 39260 45424
8384 7877 8028 7 5960 5962 44054 40482 38936 37860 34661
8385 8129 8210 7 5964 5965 34660 40603 39663 30980 30981
8386 8028 8210 6 5965 5966 8407 8406 37858 34661
8387 8028 8233 7 5966 5963 40049 40050 53523 45348 39026
8388 8210 8233 4 5964 5966 39025 39037
8389 9210 10437 3 5967 5968 155909
8390 9210 8826 6 5968 5969 41476 142019 142017 155898
8391 9733 8826 4 5969 5970 156636 41477
8392 9733 10437 7 5970 5967 41618 41617 34590 34592 41658
8393 9733 9210 6 5967 5969 41475 142182 143235 155861
8394 8826 10437 8 5968 5970 156060 155671 44704 44703 132994 155832
8395 3566 3357 7 5972 5973 63511 14951 14949 15215 15216
8396 3222 3357 5 5973 5974 60354 60356 63508
8397 3222 3279 6 5974 5971 11186 11185 60394 60417
8398 3222 3566 4 5971 5973 62116 15444
8399 3357 3279 6 5972 5974 60419 60420 63322 63406
8400 7749 7846 4 5977 5975 35924 35923
8401 8048 7846 4 5976 5977 35925 34622
8402 6848 6553 7 5978 5979 9141 8515 8513 6200 6198
8403 6848 6902 5 5979 5980 49084 8366 8367
8404 6794 6553 5 5981 5978 8269 44562 44561
8405 6794 6848 5 5978 5980 49085 46559 8268
8406 6902 6553 7 5979 5981 50647 50649 51439 8516 8518
8407 6895 7269 4 5983 5984 9108 9107
8408 9037 9036 5 5985 5986 49164 6549 6547
8409 9037 8785 6 5986 5987 48026 48027 105119 151350
8410 8497 8785 8 5987 5988 49120 49259 48111 30915 19370 19371
8411 8497 9036 4 5988 5985 7546 7545
8412 8497 9037 6 5985 5987 48034 6591 6588 38225
8413 8785 9036 5 5986 5988 49119 49225 151459
8414 8444 8655 5 5989 5990 48354 19380 19381
8415 8444 8601 7 5990 5991 7403 21914 21912 33061 33060
8416 8976 8655 7 5992 5989 48225 95520 104647 48081 47962
8417 8976 8444 3 5989 5991 7404
8418 8601 8655 4 5990 5992 47961 48136
8419 8759 8809 5 5994 5995 28188 42489 42490
8420 8759 9598 6 5995 5993 155327 27842 27841 28186
8421 8759 9757 6 5993 5994 154879 154878 34172 34174
8422 7047 6777 5 5996 5997 8138 8141 43924
8423 7047 6574 6 5997 5998 43739 40956 40957 41162
8424 6815 6574 5 5998 5999 40863 40864 43740
8425 6815 6777 5 5999 5996 41948 41930 41929
8426 6815 7047 10 5996 5998 43738 54034 54064 53925 53603 45196 12518 12520
8427 6574 6777 7 5997 5999 41952 42163 42097 42099 42161
8428 6347 6797 7 6000 6001 49706 66046 32636 32637 49729
8429 6347 7073 4 6001 6002 49771 49707
8430 7013 6797 5 6003 6000 49111 40206 40208
8431 7013 6347 6 6000 6002 49608 49607 49775 49730
8432 7073 6797 6 6001 6003 49620 49711 45098 45097
8433 6795 6823 8 6004 6005 91968 91970 93046 90314 90316 92010
8434 6795 6543 6 6005 6006 87808 87806 91988 91987
8435 6573 6543 11 6006 6007 74014 61908 61905 92020 91876 90116 18236 18233 88377
8436 6573 6823 6 6007 6004 86788 18082 17167 17169
8437 6573 6795 3 6004 6006 88376
8438 6543 6823 4 6005 6007 74013 92223
8439 7434 6954 5 6008 6009 42781 11364 11365
8440 7434 8049 7 6009 6010 33938 33936 42574 42685 42698
8441 6770 8049 6 6010 6011 12327 42824 66351 42822
8442 6770 6954 7 6011 6008 43162 43165 43594 42531 12325
8443 6770 7434 5 6008 6010 41712 41713 43161
8444 8049 6954 4 6009 6011 12326 12329
8445 7903 8075 8 6012 6013 38973 38971 53495 53535 53548 53540
8446 7903 8079 5 6013 6014 9586 9587 35478
8447 8132 8079 7 6014 6015 39587 39656 39723 39744 39746
8448 8132 8075 6 6015 6012 45372 45259 45260 39586
8449 8132 7903 5 6012 6014 53541 53537 53539
8450 8079 8075 3 6013 6015 39108
8451 8764 8894 5 6016 6017 48211 44599 44550
8452 8764 8262 5 6017 6018 49137 7808 7806
8453 7899 8262 5 6018 6019 44731 44732 49138
8454 7899 8894 5 6019 6016 32579 32581 49016
8455 7899 8764 8 6016 6018 49128 49129 49144 49145 49132 44549
8456 3455 3303 8 6021 6022 10233 62079 62080 63515 60775 60773
8457 3296 3303 5 6022 6023 63225 62580 10235
8458 3296 3380 5 6023 6020 63307 63239 63238
8459 3296 3455 5 6020 6022 10234 59062 63506
8460 3303 3380 3 6021 6023 63248
8461 7563 8185 6 6024 6025 48922 132417 33578 27817
8462 7563 6291 6 6025 6026 27577 27578 34029 48921
8463 7434 6291 5 6026 6027 34489 41713 42957
8464 7434 8185 5 6027 6024 27819 33936 33935
8465 7434 7563 5 6024 6026 42956 42615 27818
8466 6291 8185 5 6025 6027 34488 42833 48923
8467 4835 4762 6 6028 6029 13544 64420 64421 68794
8468 4835 4639 6 6029 6030 68796 63378 63376 13545
8469 4555 4639 6 6030 6031 65116 65592 68778 68797
8470 4555 4762 8 6031 6028 65191 65193 68469 68466 68215 65115
8471 4555 4835 3 6028 6030 68795
8472 4639 4762 4 6029 6031 63558 13546
8473 2838 157 6 6032 6033 49187 27366 27364 27846
8474 2838 6384 6 6033 6034 133661 66471 66470 49186
8475 6568 6384 7 6034 6035 19416 48948 48949 66093 66095
8476 6568 157 6 6035 6032 133729 151200 134052 19415
8477 6568 2838 5 6032 6034 133974 133989 133728
8478 6384 157 3 6033 6035 19414
8479 11303 11232 5 6036 6037 26134 26135 126997
8480 11303 11379 6 6037 6038 127021 34542 34515 34514
8481 11316 11379 5 6038 6039 144040 144039 127022
8482 11316 11232 7 6039 6036 33236 33238 143837 143836 144389
8483 11316 11303 4 6036 6038 127020 144211
8484 11379 11232 4 6037 6039 144384 143984
8485 5243 5241 7 6040 6041 42255 42256 41953 41954 57273
8486 5243 5023 6 6041 6042 67616 67077 58034 58036
8487 5118 5023 6 6042 6043 41246 41245 58212 67617
8488 5118 5241 5 6043 6040 6148 6147 42361
8489 5118 5243 5 6040 6042 58953 43697 43696
8490 5023 5241 6 6041 6043 57835 8099 8101 42280
8491 2099 1963 5 6044 6045 135043 28629 28630
8492 2099 1888 7 6045 6046 135087 137694 135332 10767 10765
8493 1649 1888 5 6046 6047 132286 132284 135089
8494 1649 1963 5 6047 6044 135723 135724 134797
8495 1649 2099 5 6044 6046 135088 57722 57724
8496 1888 1963 7 6045 6047 128957 128956 135720 132133 132132
8497 4272 4080 5 6048 6049 65094 66621 62633
8498 4163 4232 5 6050 6051 12779 12778 12587
8499 4163 4080 7 6051 6048 62635 63639 62296 62269 62268
8500 4163 4272 6 6048 6050 12586 67234 64930 62634
8501 4232 4080 6 6049 6051 61887 61886 63593 64018
8502 8049 7428 6 6053 6052 12330 12326 12327 42461
8503 11702 11333 7 6054 6055 66833 131887 131886 146876 33444
8504 11702 11612 4 6055 6056 34103 66832
8505 57 11612 7 6056 6057 33897 28138 28140 132421 34104
8506 57 11333 4 6057 6054 33446 33896
8507 11612 11333 7 6055 6057 33865 33864 131834 132704 66834
8508 6066 5770 3 6058 6059 51751
8509 6066 5825 5 6059 6060 51584 55872 51750
8510 5838 5770 6 6061 6058 8181 8180 50812 50813
8511 5838 6066 8 6058 6060 50683 50682 51306 51669 51619 51620
8512 5825 5770 8 6059 6061 51617 51618 68135 55391 36977 36978
8513 6145 6276 7 6062 6063 50830 50970 47783 6825 6824
8514 6145 6054 6 6063 6064 50133 33558 33559 50831
8515 5862 6054 7 6064 6065 50955 50952 50953 65659 50134
8516 5862 6145 4 6062 6064 11608 11605
8517 6054 6276 4 6063 6065 50975 50832
8518 4479 4212 5 6066 6067 30305 10038 10036
8519 4479 4556 6 6067 6068 61730 12376 12374 30304
8520 4106 4556 4 6068 6069 59184 61792
8521 4106 4212 6 6069 6066 61800 59993 59994 59182
8522 4106 4479 6 6066 6068 61545 11190 11187 57798
8523 4556 4212 8 6067 6069 59183 59222 59221 61612 61610 30306
8524 6494 6427 7 6070 6071 54108 43989 43987 9105 9104
8525 6494 6735 3 6071 6072 12227
8526 6691 6735 8 6072 6073 54364 44290 44288 8361 8362 12229
8527 6691 6427 3 6073 6070 50995
8528 6691 6494 7 6070 6072 12228 44083 43621 43620 50994
8529 6735 6427 6 6071 6073 54365 43003 43002 43234
8530 6221 6009 5 6074 6075 50110 43330 43328
8531 6221 5780 8 6075 6076 49644 49645 49621 49624 49884 50117
8532 6158 5780 6 6076 6077 49719 7421 7423 49794
8533 6158 6009 7 6077 6074 44552 44553 43332 43334 49686
8534 6158 6221 4 6074 6076 46589 46587
8535 5780 6009 6 6075 6077 49718 6632 6631 43144
8536 8069 7790 5 6079 6080 6227 6225 6903
8537 7651 7790 4 6080 6081 44436 7813
8538 7651 7917 6 6081 6078 7786 44438 44044 44046
8539 7651 8069 4 6078 6080 7553 7552
8540 7790 7917 6 6079 6081 44396 44395 45102 6904
8541 7783 7534 7 6083 6084 49443 46340 46341 46321 46320
8542 7950 7534 5 6084 6085 46669 45938 45937
8543 7950 7726 6 6085 6082 8547 6984 6981 8576
8544 7950 7783 5 6082 6084 49444 46428 39357
8545 7534 7726 8 6083 6085 46668 8983 8984 38381 38378 49503
8546 6223 7774 6 6086 6087 58315 58316 155416 42166
8547 6223 6369 8 6087 6088 42555 43833 34036 34035 40640 42106
8548 8330 7774 7 6089 6086 42167 39863 34018 34019 39419
8549 8330 6223 5 6086 6088 42464 39595 39597
8550 6369 7774 4 6087 6089 39420 57777
8551 218 861 5 6090 6091 133746 131095 131096
8552 51 861 4 6091 6092 133616 133747
8553 861 520 7 6090 6092 133613 133615 133440 27989 27990
8554 9582 9670 6 6094 6095 152792 152793 152665 152666
8555 9582 9767 4 6095 6093 45514 153629
8556 9582 9710 4 6093 6094 153628 45513
8557 5728 5708 5 6096 6097 9051 9054 43504
8558 5728 5686 8 6097 6098 12294 12297 65221 43612 43611 67248
8559 6157 5686 7 6098 6099 43454 49375 43315 43316 43670
8560 6157 5708 3 6099 6096 43452
8561 6157 5728 4 6096 6098 43669 43505
8562 5686 5708 7 6097 6099 43453 49640 54176 54175 65504
8563 8296 8309 6 6100 6101 44775 44425 33148 33149
8564 8296 8250 7 6101 6102 46021 6211 6212 33396 33397
8565 8043 8250 4 6102 6103 44407 44405
8566 8043 8309 6 6103 6100 39839 44482 44481 45811
8567 8043 8296 4 6100 6102 46022 39838
8568 8250 8309 5 6101 6103 43073 43074 44776
8569 6924 6905 4 6104 6105 49695 44421
8570 6582 7345 3 6106 6107 10029
8571 6582 6905 7 6107 6104 32692 32693 42940 42812 10027
8572 6582 6924 8 6104 6106 43297 43307 6271 6270 7597 7596
8573 7345 6905 7 6105 6107 10028 39787 39788 44314 49693
8574 9084 9071 3 6109 6110 35006
8575 9071 8985 6 6108 6110 39202 32933 32932 39960
8576 6017 6385 5 6111 6112 49510 50899 12851
8577 6017 6098 6 6112 6113 50846 91022 91021 49511
8578 6370 6098 6 6113 6114 48536 48533 7767 7769
8579 6370 6385 8 6114 6111 7391 7393 50758 17677 17679 50748
8580 6370 6017 4 6111 6113 14320 12852
8581 6098 6385 4 6112 6114 50749 49512
8582 7834 8045 5 6115 6116 48223 19358 19356
8583 7834 7983 4 6116 6117 19038 49450
8584 7467 7983 5 6117 6118 42423 46639 19040
8585 7467 8045 3 6118 6115 42422
8586 7467 7834 8 6115 6117 19039 43014 8094 8096 49545 44084
8587 5477 5184 7 6119 6120 65402 65916 65815 50209 50211
8588 5477 5881 6 6120 6121 64635 65327 65379 65403
8589 5808 5881 6 6121 6122 65700 50063 49906 49907
8590 5808 5184 5 6122 6119 65764 7258 7260
8591 5808 5477 5 6119 6121 64634 64903 65817
8592 5881 5184 6 6120 6122 65354 65352 65669 65404
8593 7338 7215 6 6123 6124 11568 50523 19283 19281
8594 7338 7534 6 6124 6125 46340 49882 47561 11567
8595 7468 7534 4 6125 6126 47972 46341
8596 7468 7215 4 6126 6123 48790 47970
8597 7468 7338 7 6123 6125 46339 48118 48117 48124 48126
8598 7534 7215 5 6124 6126 47971 48845 11569
8599 4411 4362 8 6127 6128 49651 77411 77448 78387 65844 64794
8600 4411 4668 5 6128 6129 50233 63912 49650
8601 4235 4668 6 6129 6130 8946 8945 65523 50235
8602 4235 4362 5 6130 6127 13688 13687 64848
8603 4235 4411 5 6127 6129 50234 64645 64795
8604 4668 4362 4 6128 6130 48218 48217
8605 3425 3433 4 6131 6132 25634 15746
8606 3425 3448 8 6132 6133 79456 79511 79509 25202 25201 78894
8607 3443 3448 3 6133 6134 25498
8608 3443 3433 9 6134 6131 13785 13787 78456 64212 25164 25163 25496
8609 3443 3425 4 6131 6133 79455 15747
8610 3448 3433 7 6132 6134 25497 78446 79308 63764 63766
8611 9608 9350 6 6135 6136 158229 103863 103861 158012
8612 9608 9521 5 6136 6137 38486 38484 103777
8613 9448 9521 5 6137 6138 153106 152934 152936
8614 9448 9350 5 6138 6135 156667 156668 157618
8615 9448 9608 6 6135 6137 152213 152212 157746 157745
8616 9521 9350 6 6136 6138 157617 158005 157652 157654
8617 6406 6581 6 6139 6140 6774 6775 49273 49446
8618 6931 6686 5 6141 6142 44474 44476 49554
8619 6931 6581 5 6142 6139 49447 43338 43340
8620 6686 6581 4 6140 6142 46568 44766
8621 6975 6665 6 6143 6144 43795 43796 40767 12281
8622 6719 7001 6 6145 6146 43181 43182 44332 44172
8623 6719 6665 7 6146 6143 12283 43502 54281 54073 43892
8624 6719 6975 3 6143 6145 12282
8625 7001 6665 6 6144 6146 43891 46460 54000 53999
8626 5241 5499 3 6148 6149 57273
8627 5612 5499 8 6149 6150 57742 41433 41432 41193 12085 12082
8628 5612 5118 3 6150 6147 42363
8629 5612 5241 6 6147 6149 41954 41956 53134 42362
8630 5499 5118 7 6148 6150 57741 57813 57678 43699 43696
8631 7366 7111 7 6151 6152 40005 40006 42193 42194 36166
8632 7366 7654 5 6152 6153 6366 44005 41971
8633 7634 7654 6 6153 6154 39848 42197 41877 6368
8634 7634 7111 5 6154 6151 36168 39816 39847
8635 7634 7366 6 6151 6153 6367 40946 40948 36167
8636 7654 7111 6 6152 6154 39846 42757 42247 41972
8637 4452 4858 5 6155 6156 65189 65187 67151
8638 4452 4381 4 6156 6157 67240 67222
8639 4359 4381 5 6157 6158 10990 10987 65052
8640 4359 4858 5 6158 6155 66321 65442 65217
8641 4359 4452 6 6155 6157 67256 67260 67237 67152
8642 4381 4858 5 6156 6158 65216 66230 66620
8643 7605 7212 4 6159 6160 90966 90967
8644 7605 7314 5 6160 6161 95738 96674 95762
8645 7289 7314 4 6161 6162 96455 95739
8646 7289 7212 5 6162 6159 95741 19009 19008
8647 7289 7605 6 6159 6161 95589 50146 50148 90325
8648 7314 7212 7 6160 6162 17899 17898 18809 18811 95555
8649 6647 7203 6 6163 6164 42630 42628 53790 53691
8650 6647 7179 5 6164 6165 53955 53726 52882
8651 6736 7203 3 6166 6163 43942
8652 6736 6647 10 6163 6165 46459 46458 54072 54285 53811 51246 41400 41399
8653 7201 7215 4 6167 6168 8822 46662
8654 7201 7399 5 6168 6169 42814 44160 8823
8655 7374 7399 6 6169 6170 45915 45914 49434 42816
8656 7374 7215 6 6170 6167 46663 49289 48845 48844
8657 7399 7215 5 6168 6170 44324 7491 7488
8658 7422 8430 5 6171 6172 7694 11916 11917
8659 8165 8430 7 6173 6171 44548 48840 151336 48788 48474
8660 8201 8430 7 6172 6173 48473 48793 48807 48940 7695
8661 7463 7995 4 6174 6175 76643 96146
8662 7463 8137 6 6175 6176 96046 22646 22647 76644
8663 7490 8137 3 6176 6177 95437
8664 7490 7995 7 6177 6174 94232 94231 94774 95267 95266
8665 7490 7463 6 6174 6176 95471 95470 94921 94922
8666 8137 7995 9 6175 6177 95188 95189 95223 21190 21189 94898 76645
8667 5352 5608 5 6178 6179 65477 66941 67022
8668 5352 5386 4 6179 6180 39581 39583
8669 5611 5386 8 6180 6181 54244 54243 65073 65072 54536 54537
8670 5611 5608 4 6181 6178 66242 66241
8671 5611 5352 7 6178 6180 67370 67403 67331 67330 67023
8672 5386 5608 4 6179 6181 11527 11526
8673 9704 9665 5 6182 6183 152918 152919 45450
8674 9704 9623 6 6183 6184 152705 44866 44864 153836
8675 9775 9623 6 6184 6185 44922 153671 153593 152706
8676 9775 9665 5 6185 6182 33798 33800 44576
8677 9775 9704 7 6182 6184 44927 44926 153336 39983 39982
8678 9623 9665 4 6183 6185 44921 153837
8679 4853 4938 4 6186 6187 66867 11982
8680 4853 4838 7 6187 6188 30163 28093 28092 50125 66112
8681 4686 4838 4 6188 6189 12554 42794
8682 4686 4938 6 6189 6186 11984 58123 28833 12552
8683 4838 4938 6 6187 6189 12553 66887 67312 66870
8684 5602 5673 6 6190 6191 69709 10017 10015 54168
8685 5602 5687 5 6191 6192 9809 58189 69828
8686 6015 5687 7 6192 6193 10594 10595 13055 13056 9811
8687 6015 5673 4 6193 6190 6988 6987
8688 6015 5602 6 6190 6192 9810 12140 9764 9761
8689 5687 5673 4 6191 6193 40742 69829
8690 7909 8234 8 6194 6195 36509 36510 40171 39808 39811 40665
8691 7909 8116 3 6195 6196 40233
8692 7670 8116 5 6196 6197 39441 39443 40511
8693 7670 8234 4 6197 6194 40675 39800
8694 7670 7909 5 6194 6196 40510 40826 40674
8695 6848 6474 5 6198 6199 6322 46558 8268
8696 6848 6488 7 6199 6200 12642 12643 12454 12452 6323
8697 6553 6488 3 6200 6201 50851
8698 6553 6474 6 6201 6198 8269 51361 51973 50850
8699 6488 6474 10 6199 6201 50638 50639 50745 49417 49416 19313 19312 6324
8700 8310 8170 6 6203 6204 45768 45566 6794 6792
8701 8072 8170 3 6204 6205 38228
8702 8072 8298 7 6205 6202 45699 45698 45703 39781 38227
8703 8072 8310 8 6202 6204 45766 6326 6325 45755 45769 45757
8704 8170 8298 8 6203 6205 38226 38236 38141 38139 45086 8735
8705 6927 6826 6 6206 6207 91574 91830 91813 91522
8706 6927 7036 5 6207 6208 91797 91795 91573
8707 7183 7036 6 6208 6209 90348 90346 90584 90585
8708 7183 6826 8 6209 6206 91524 95777 91660 90107 17015 17017
8709 7183 6927 5 6206 6208 91914 91963 91523
8710 7036 6826 4 6207 6209 13497 13494
8711 8296 8038 7 6210 6211 46023 39838 33149 33147 44987
8712 8203 8250 8 6212 6213 45170 45847 45910 45793 45792 43034
8713 8203 8038 6 6213 6210 45804 45337 45336 45169
8714 8203 8296 5 6210 6212 43033 44358 44357
8715 8250 8038 3 6211 6213 45168
8716 9784 9615 9 6214 6215 157121 157403 156656 155956 155957 38929 38930
8717 9542 9615 5 6216 6214 156729 157375 157374
8718 9656 9615 3 6215 6216 157123
8719 6464 6461 6 6217 6218 54132 51002 43619 42911
8720 6464 6483 5 6218 6219 9123 53809 53808
8721 6780 6483 4 6219 6220 43635 9124
8722 6780 6461 8 6220 6217 42912 44082 51286 54240 54025 43634
8723 6780 6464 4 6217 6219 9122 41940
8724 6483 6461 5 6218 6220 43275 43277 54133
8725 7935 7943 7 6221 6222 36098 36099 38775 36174 35821
8726 7935 8091 5 6222 6223 35423 35489 36364
8727 7942 8091 4 6223 6224 35486 35424
8728 7942 7943 6 6224 6221 35822 36088 36182 36147
8729 8091 7943 5 6222 6224 36061 36022 36020
8730 8069 8187 8 6225 6226 44251 44252 7604 7602 33337 33339
8731 8069 7733 6 6226 6227 7553 7551 43095 44608
8732 7790 7733 9 6227 6228 42962 44256 44584 44540 44539 44508 7813
8733 7790 8187 8 6228 6225 44051 6611 6612 44658 44663 42960
8734 7733 8187 3 6226 6228 42961
8735 8580 8503 3 6229 6230 21185
8736 8645 8804 8 6231 6232 47149 47150 47141 32420 21560 17834
8737 8645 8503 6 6232 6229 21186 37475 19331 19330
8738 8645 8580 7 6229 6231 17833 47859 47384 47374 21184
8739 8804 8503 5 6230 6232 47379 47466 47469
8740 8191 8453 3 6233 6234 37807
8741 4433 4101 3 6236 6237 66932
8742 3914 4101 9 6237 6238 27781 27782 62704 12038 12039 42756 66933
8743 3914 4363 5 6238 6235 42747 66480 66748
8744 3914 4433 6 6235 6237 66930 66855 66854 42746
8745 4101 4363 6 6236 6238 42945 42944 66348 66349
8746 6773 6936 5 6239 6240 43203 43885 41165
8747 6773 6895 6 6240 6241 7653 7654 44199 43204
8748 6665 6895 4 6241 6242 40767 11683
8749 6665 6936 5 6242 6239 41167 43794 43796
8750 6665 6773 4 6239 6241 11682 41166
8751 5831 6446 7 6243 6244 42724 12278 12279 7046 7047
8752 5831 5938 4 6244 6245 64697 42997
8753 5714 5938 5 6245 6246 12310 65440 66195
8754 5714 6446 4 6246 6243 43317 12309
8755 5714 5831 5 6243 6245 66194 42868 42867
8756 5938 6446 7 6244 6246 12308 12600 41898 11327 11326
8757 8652 8776 7 6247 6248 38334 38750 38751 39354 39364
8758 8693 8776 5 6249 6247 39366 38681 38683
8759 8564 8907 3 6250 6251 45049
8760 8910 8624 5 6252 6253 33909 43397 42690
8761 8624 8907 6 6251 6253 33908 42003 42005 44873
8762 9112 9152 8 6254 6255 96865 47856 47857 151710 104121 104124
8763 9112 8803 4 6255 6256 96961 96866
8764 8915 8803 8 6256 6257 104908 11680 11681 97016 97010 96962
8765 8915 9152 3 6257 6254 104979
8766 8915 9112 7 6254 6256 47502 47500 47837 47838 104978
8767 8803 9152 5 6255 6257 105087 105071 96867
8768 9149 11932 6 6258 6259 105176 48667 48526 48524
8769 9149 9012 5 6259 6260 25229 150958 150957
8770 8601 9012 4 6260 6261 47895 25231
8771 8601 9149 4 6258 6260 25230 133853
8772 9012 11932 5 6259 6261 47894 49199 49200
8773 9272 9240 5 6262 6263 153082 153281 38477
8774 9272 9501 4 6263 6264 158009 153083
8775 9344 9501 3 6264 6265 157943
8776 9344 9240 6 6265 6262 38479 153271 153272 157918
8777 9344 9272 9 6262 6264 158006 152130 152129 152133 36980 36979 38478
8778 9501 9240 6 6263 6265 153450 153375 153374 153084
8779 7406 8599 5 6266 6267 42614 12339 6766
8780 7406 8049 3 6267 6268 42685
8781 7437 8049 6 6268 6269 42109 12330 12329 42698
8782 7437 8599 4 6269 6266 6768 43899
8783 7437 7406 6 6266 6268 42697 34124 33939 6767
8784 6924 6458 7 6271 6272 41897 43299 43302 43304 43308
8785 5938 6924 4 6270 6272 41898 43318
8786 4993 5036 5 6273 6274 42372 66892 67018
8787 4993 4570 5 6274 6275 58262 34165 34166
8788 5240 5036 6 6276 6273 57153 57155 42525 42524
8789 5240 4993 7 6273 6275 43249 43251 58401 58402 67026
8790 4570 5036 6 6274 6276 66684 62919 62918 42373
8791 4465 4065 8 6277 6278 66746 27779 27780 42917 42735 42736
8792 4125 4480 9 6279 6280 64621 64282 64283 49568 49569 42413 11149
8793 4125 4065 8 6280 6277 64347 67068 66860 66848 66400 64620
8794 4125 4465 3 6277 6279 11147
8795 4480 4065 4 6278 6280 64619 66747
8796 4855 4703 7 6281 6282 58395 66100 66098 57815 57816
8797 4363 4703 5 6282 6283 42943 42944 58396
8798 4703 4686 4 6281 6283 66869 66756
8799 8582 8669 7 6284 6285 39555 39602 31400 31403 39507
8800 8582 8851 3 6285 6286 39556
8801 8745 8851 9 6286 6287 39410 39538 39275 38707 38705 33173 33171
8802 8745 8669 3 6287 6284 39409
8803 8851 8669 7 6285 6287 39321 39320 39571 39617 39557
8804 8910 9070 4 6288 6289 44917 152732
8805 9001 9070 5 6290 6288 152733 34463 34465
8806 8335 9070 4 6289 6290 42582 42648
8807 8426 8448 4 6291 6292 45233 45624
8808 8426 8589 5 6292 6293 45350 45708 45234
8809 8590 8589 5 6293 6294 45444 45445 45352
8810 8590 8426 5 6291 6293 45351 45653 45654
8811 6649 6787 5 6295 6296 56862 56952 56820
8812 6649 6627 4 6296 6297 56891 56863
8813 6642 6627 6 6297 6298 55253 56484 54746 54745
8814 6642 6787 4 6298 6295 54908 54909
8815 6642 6649 5 6295 6297 56890 56796 56795
8816 6627 6787 6 6296 6298 55252 55335 55337 56507
8817 8969 8815 7 6299 6300 37031 37034 46720 37740 37741
8818 8969 8807 4 6300 6301 152113 37506
8819 9081 8807 8 6301 6302 37698 37497 37496 21583 21584 152115
8820 9081 8815 4 6302 6299 47057 47056
8821 9081 8969 4 6299 6301 47026 47027
8822 8807 8815 8 6300 6302 47049 37486 37485 47036 47246 37507
8823 5986 5973 4 6303 6304 12220 53768
8824 5986 5763 4 6304 6305 53153 12221
8825 6010 5763 6 6305 6306 54409 53767 53765 53154
8826 6010 5973 5 6306 6303 8904 8905 54408
8827 6010 5986 8 6303 6305 53152 54730 39070 39069 41173 41172
8828 5763 5973 5 6304 6306 43466 13054 12222
8829 7323 7285 6 6308 6309 34015 34014 43856 39828
8830 7323 7548 7 6309 6307 39712 53246 53559 44111 44110
8831 7323 7477 5 6307 6308 39827 43176 39711
8832 8719 9021 6 6310 6311 45636 46032 153324 46113
8833 8719 8924 5 6311 6312 7081 7079 45635
8834 8739 8924 5 6312 6313 46917 46858 44698
8835 8739 9021 3 6313 6310 46115
8836 8739 8719 7 6310 6312 44697 45787 46996 46957 46114
8837 8924 9021 6 6311 6313 46938 153127 45080 45082
8838 8122 8057 5 6314 6315 36501 53323 6511
8839 8122 8105 6 6315 6316 45754 45126 6671 6669
8840 8072 8105 6 6316 6317 53151 45703 45702 45755
8841 8072 8057 5 6317 6314 6513 45690 53150
8842 8072 8122 6 6314 6316 6325 6327 36211 6512
8843 8105 8057 5 6315 6317 53149 38067 36502
8844 8334 8361 7 6318 6319 45889 44851 44852 45795 45794
8845 8334 8389 5 6319 6320 45087 45662 45890
8846 8250 8389 6 6320 6321 36453 45032 45031 45089
8847 8250 8361 6 6321 6318 43034 33396 33398 36452
8848 8250 8334 5 6318 6320 45088 45712 45792
8849 8389 8361 4 6319 6321 36451 45884
8850 6488 7030 4 6323 6324 46529 46530
8851 7030 6474 3 6322 6324 51273
8852 8212 8072 5 6326 6327 36679 36682 45549
8853 346 353 3 6328 6329 143160
8854 346 145 5 6329 6330 20815 20816 143433
8855 447 145 5 6330 6331 125811 143726 143616
8856 447 353 7 6331 6328 143161 115723 115725 30528 30527
8857 447 346 9 6328 6330 143589 143588 126450 20973 20970 112173 132878
8858 6223 5819 8 6332 6333 43422 42853 42852 42606 40639 34035
8859 6223 5981 4 6333 6334 41823 42330
8860 5971 5981 6 6334 6335 41855 9767 9768 41145
8861 5971 5819 5 6335 6332 34037 42160 41854
8862 5971 6223 5 6332 6334 41822 43845 34036
8863 5981 5819 5 6333 6335 41853 42650 42651
8864 9187 9346 7 6336 6337 45626 157883 157687 157688 157900
8865 9289 9346 6 6338 6336 157887 157641 157640 157850
8866 9103 9346 5 6337 6338 157849 34801 34800
8867 8677 8699 7 6339 6340 6808 152154 38294 38104 38103
8868 8586 8699 4 6340 6341 46620 6809
8869 8699 8598 6 6339 6341 8397 8398 38083 38202
8870 8383 8372 8 6342 6343 38701 38704 38694 38695 35626 35627
8871 8383 8626 3 6343 6344 36220
8872 8652 8626 7 6344 6345 34625 38744 38745 39164 36221
8873 8652 8372 4 6345 6342 34909 34623
8874 8626 8372 4 6343 6345 34624 39222
8875 4140 4480 6 6346 6347 43732 64621 64619 42880
8876 4140 4838 4 6347 6348 33432 33431
8877 4506 4838 5 6348 6349 12554 12553 58410
8878 4506 4480 4 6349 6346 42882 42795
8879 4506 4140 6 6346 6348 30256 30255 66864 42881
8880 11167 11215 7 6350 6351 147090 147095 156079 156080 147271
8881 11167 11118 6 6351 6352 147229 21497 21499 147091
8882 11143 11118 8 6352 6353 147017 147019 146566 146564 31617 31618
8883 11143 11167 3 6350 6352 147272
8884 11118 11215 3 6351 6353 147092
8885 10733 10508 6 6354 6355 149214 109907 109906 150082
8886 10733 10688 4 6355 6356 33979 150295
8887 10709 10688 6 6356 6357 148367 148370 32822 32823
8888 10709 10508 5 6357 6354 150083 153881 150633
8889 10709 10733 5 6354 6356 33978 48308 130227
8890 10688 10508 6 6355 6357 32426 32423 148305 148304
8891 8665 8762 6 6358 6359 44789 6606 6609 33384
8892 8665 8594 5 6359 6360 44643 39794 39795
8893 8736 8594 5 6360 6361 42305 34862 34861
8894 8736 8762 10 6361 6358 33386 42831 42828 36740 6831 6833 45922 42304
8895 8736 8665 4 6358 6360 44465 33385
8896 8594 8762 5 6359 6361 42303 46019 44875
8897 11647 520 6 6362 6363 154955 154959 154953 154954
8898 11647 11707 8 6363 6364 155047 155048 155132 154961 154962 154956
8899 11894 11707 5 6364 6365 133677 146476 146477
8900 11894 520 5 6365 6362 133679 132710 132709
8901 11894 11647 6 6362 6364 33966 33967 150358 150357
8902 11707 520 4 6363 6365 131689 131687
8903 7366 7951 5 6366 6367 42196 42218 44043
8904 7634 7951 5 6367 6368 41878 33797 33795
8905 7951 7654 5 6366 6368 40882 40881 44023
8906 6893 6987 5 6369 6370 55099 9599 9600
8907 6893 7164 6 6370 6371 55176 55241 54992 54990
8908 7000 7164 5 6371 6372 53578 53579 55177
8909 7000 6987 5 6372 6369 53485 9013 9010
8910 7000 6893 5 6369 6371 35940 35941 55004
8911 8249 8196 5 6373 6374 36715 37652 36780
8912 8249 8102 4 6374 6375 35525 36716
8913 8371 8102 4 6375 6376 36054 35526
8914 8371 8196 4 6376 6373 36782 36053
8915 8219 8166 4 6377 6378 35605 16943
8916 8283 8192 3 6379 6380 8617
8917 8283 8166 5 6380 6377 16944 37036 37222
8918 8283 8219 7 6377 6379 8615 37278 36695 16816 16815
8919 8386 8104 7 6381 6382 36454 19635 19636 19667 36721
8920 8386 8252 4 6382 6383 19633 19632
8921 8282 8104 4 6384 6381 36722 46710
8922 8282 8386 5 6381 6383 37523 46859 36720
8923 8252 8104 6 6382 6384 46730 51370 8545 8546
8924 9058 8899 7 6385 6386 152027 44955 44954 6565 6564
8925 9058 8846 4 6386 6387 45456 153150
8926 8847 8846 6 6387 6388 35093 45495 45494 45457
8927 8847 9058 5 6385 6387 45455 152825 33053
8928 8846 8899 7 6386 6388 35092 38272 33026 33025 152875
8929 8510 8542 4 6389 6390 35071 36586
8930 8510 8447 5 6390 6391 38586 36231 35072
8931 8446 8447 4 6391 6392 37149 37148
8932 8446 8542 5 6392 6389 36587 37295 37195
8933 8446 8510 8 6389 6391 38584 38582 37332 35222 33293 33294
8934 8447 8542 6 6390 6392 37154 37091 35299 35073
8935 7137 7297 7 6393 6394 35860 53666 55299 53390 53388
8936 7137 6997 4 6394 6395 55245 35861
8937 7090 7297 8 6396 6393 55285 55286 56840 35823 35797 35796
8938 7090 7137 3 6393 6395 55296
8939 6997 7297 4 6394 6396 35859 35862
8940 7835 7846 5 6397 6398 31906 31905 36087
8941 7835 7609 4 6398 6399 36156 35339
8942 7942 7609 4 6399 6400 35787 35788
8943 7942 7835 6 6397 6399 35971 35692 35690 36088
8944 7609 7846 6 6398 6400 35925 35923 35886 35340
8945 8926 8783 5 6401 6402 38263 45474 44963
8946 8926 9064 7 6402 6403 41741 147503 45075 44920 38264
8947 8992 9064 6 6403 6404 40094 43020 33402 33401
8948 8992 8926 5 6401 6403 41740 44967 44962
8949 9064 8783 4 6402 6404 6530 6532
8950 8926 8805 4 6405 6406 44920 31486
8951 8808 8805 6 6407 6405 31487 38298 38299 45479
8952 8732 8805 8 6406 6407 45478 45310 45105 44941 42676 42677
8953 10547 10802 9 6408 6409 149584 149741 32167 32168 149965 149966 149901
8954 10547 10688 9 6409 6410 149962 149963 150636 150635 148305 148303 149585
8955 10907 10688 6 6410 6411 21929 149353 149337 149336
8956 10907 10802 6 6411 6408 149781 149153 145046 21928
8957 10907 10547 3 6408 6410 149902
8958 10688 10802 4 6409 6411 21927 148324
8959 8784 8903 3 6412 6413 37705
8960 8872 8734 4 6414 6415 7151 44492
8961 8872 8903 7 6415 6412 37707 46058 7145 7147 7150
8962 8872 8784 7 6412 6414 46992 46995 46975 45069 37706
8963 8220 8240 3 6416 6417 45381
8964 8220 8136 6 6417 6418 53518 45064 45065 45248
8965 8233 8136 6 6418 6419 39013 40048 40050 53524
8966 8233 8240 7 6419 6416 45387 39734 39736 38441 38440
8967 8233 8220 8 6416 6418 53522 45348 45324 45323 45370 45386
8968 8238 8606 5 6420 6421 44165 45115 44773
8969 8238 8524 4 6421 6422 33456 33457
8970 8369 8606 4 6423 6420 44774 44992
8971 8369 8238 6 6420 6422 44984 44985 42028 42027
8972 8524 8606 5 6421 6423 45120 45121 44166
8973 8361 8380 6 6424 6425 45159 45160 45795 44524
8974 8361 8396 5 6425 6426 44880 44881 45781
8975 8287 8396 5 6426 6427 43258 43259 45903
8976 8287 8380 5 6427 6424 38271 33452 33454
8977 8287 8361 4 6424 6426 45902 44523
8978 8396 8380 4 6425 6427 40460 40459
8979 10318 10380 11 6429 6430 151914 104484 104487 110151 110152 105067 105065 32291 32293
8980 10457 10380 5 6430 6431 7831 32998 32999
8981 10457 10417 7 6431 6428 152365 152314 147999 148001 7830
8982 10457 10318 3 6428 6430 151933
8983 10380 10417 3 6429 6431 7829
8984 8306 8422 8 6433 6434 37913 38329 38393 38392 38184 38183
8985 8422 8316 5 6432 6434 37912 38015 38014
8986 9113 9255 6 6435 6436 36058 36056 158078 158079
8987 9113 8981 5 6436 6437 38643 37703 37701
8988 9040 8981 7 6437 6438 112227 38035 38034 7118 7121
8989 9040 9255 4 6438 6435 157777 112226
8990 9040 9113 6 6435 6437 37978 37977 157593 158092
8991 8981 9255 5 6436 6438 112225 157590 157589
8992 9264 9516 5 6439 6440 153145 153517 153516
8993 9264 9287 10 6440 6441 153519 147986 147985 45379 45378 155637 153120 153119
8994 9536 9287 8 6441 6442 157851 46533 46532 45356 45355 153521
8995 9536 9516 8 6442 6439 153501 153503 153643 148318 148317 157860
8996 9536 9264 3 6439 6441 153518
8997 9287 9516 4 6440 6442 153427 153146
8998 9757 10875 5 6443 6444 44833 155517 34038
8999 9757 10391 5 6444 6445 42872 155497 44832
9000 9042 10391 4 6445 6446 133082 42873
9001 9042 10875 6 6446 6443 34040 155359 155338 133081
9002 9042 9757 6 6443 6445 42399 42400 34174 34039
9003 10391 10875 7 6444 6446 44014 44016 155168 155500 44834
9004 9329 9133 6 6447 6448 157119 157066 156989 34500
9005 9329 9339 6 6448 6449 33232 157127 32112 32110
9006 9052 9339 6 6449 6450 34788 157235 153464 33234
9007 9052 9133 7 6450 6447 34501 39526 39528 156818 34786
9008 9052 9329 3 6447 6449 33233
9009 9339 9133 5 6448 6450 34787 157925 157120
9010 10159 9998 8 6451 6452 143906 143904 156439 156441 157193 157128
9011 10159 10238 4 6452 6453 157720 157718
9012 10153 10238 6 6453 6454 103182 157054 157055 157666
9013 10153 9998 4 6454 6451 157130 103180
9014 10153 10159 9 6451 6453 158169 158167 158651 158516 32051 32050 157129
9015 10238 9998 7 6452 6454 103181 158601 147869 147871 158319
9016 5182 5227 5 6455 6456 69775 54873 54874
9017 5182 5200 7 6456 6457 69184 69185 68051 68050 69306
9018 5652 5200 3 6457 6458 68103
9019 5652 5227 5 6458 6455 57221 56561 56562
9020 5652 5182 6 6455 6457 68646 68647 69624 57220
9021 5200 5227 6 6456 6458 68102 40074 40076 69769
9022 8594 8295 6 6459 6460 44977 44978 46024 44653
9023 8594 8537 5 6460 6461 39794 39797 45997
9024 8450 8295 6 6462 6459 44654 38025 38024 30446
9025 8450 8594 6 6459 6461 44643 34861 34860 44652
9026 8813 8832 6 6463 6464 37804 37749 37747 38175
9027 8813 9004 6 6464 6465 35190 35189 153102 37805
9028 8839 8813 7 6463 6465 38260 38275 38199 37809 37811
9029 9004 8832 5 6464 6466 35683 35680 37510
9030 10147 10167 8 6467 6468 39519 157828 145369 145370 145385 158511
9031 10147 10157 5 6468 6469 157434 157435 39520
9032 10259 10157 9 6469 6470 147610 27824 27825 147661 35129 35130 147281
9033 10259 10147 3 6467 6469 158512
9034 10157 10167 5 6468 6470 147598 147597 39521
9035 8874 8922 7 6471 6472 45805 97497 37638 37639 47248
9036 8874 8770 7 6472 6473 6761 47254 98081 98047 45806
9037 8760 8922 5 6474 6471 37033 37032 46163
9038 8760 8874 5 6471 6473 6760 38210 47247
9039 8770 8922 4 6472 6474 46164 45807
9040 8519 8397 7 6475 6476 45480 45046 45047 45342 44153
9041 8519 8732 7 6476 6477 45346 45343 45344 45345 45478
9042 8559 8732 9 6477 6478 45105 6494 6493 43026 45477 45360 45347
9043 8559 8519 5 6475 6477 45292 44163 44152
9044 8732 8397 3 6476 6478 45310
9045 7425 7256 7 6479 6480 86571 35556 35554 98479 90031
9046 7425 7295 5 6480 6481 86408 86414 86413
9047 7388 7295 6 6481 6482 89243 89242 86842 86409
9048 7388 7256 6 6482 6479 90033 86527 86526 89757
9049 7388 7425 6 6479 6481 17351 16672 16669 90032
9050 7295 7256 6 6480 6482 87008 87007 89470 86572
9051 8790 8181 4 6483 6484 40089 34839
9052 8790 8324 5 6484 6485 39961 45109 40095
9053 8660 8324 4 6485 6486 8949 39962
9054 8660 8181 6 6486 6483 34841 8862 8864 8948
9055 8660 8790 9 6483 6485 38297 34833 34832 39916 39915 40110 34840
9056 8324 8181 7 6484 6486 8947 45061 44831 40098 40096
9057 9423 9299 4 6487 6488 33377 45955
9058 9423 9331 5 6488 6489 152513 152758 33378
9059 9434 9331 5 6489 6490 46104 152941 152514
9060 9434 9299 5 6490 6487 46001 152685 46102
9061 9434 9423 6 6487 6489 152512 150078 150075 46000
9062 9331 9299 7 6488 6490 46103 152805 152674 152672 33379
9063 8702 8606 7 6491 6492 45120 44992 44991 41865 41866
9064 8702 8559 4 6492 6493 43025 44932
9065 8732 8606 3 6494 6491 44941
9066 8732 8702 5 6491 6493 6529 6531 42676
9067 8559 8606 5 6492 6494 45104 45181 45121
9068 7607 7656 5 6496 6497 45284 39551 39094
9069 7719 7656 9 6497 6498 40100 45553 45552 53279 53241 40550 40548
9070 7719 7815 6 6498 6495 39050 45174 9701 9700
9071 7719 7607 5 6495 6497 45385 45207 39049
9072 7656 7815 4 6496 6498 40099 39095
9073 7866 8026 3 6499 6500 45289
9074 7866 7975 6 6500 6501 36304 53287 45214 45215
9075 7873 7975 4 6501 6502 53433 36306
9076 7873 8026 7 6502 6499 45290 53007 53006 53508 53511
9077 7873 7866 6 6499 6501 36305 45421 40534 40533
9078 7975 8026 7 6500 6502 53512 53438 53440 53510 45414
9079 9347 9058 3 6504 6505 153529
9080 9253 9058 6 6505 6506 44955 34796 34795 153506
9081 9253 9217 5 6506 6503 34765 34762 152026
9082 9253 9347 6 6503 6505 6728 6730 34395 45458
9083 9058 9217 6 6504 6506 152027 153150 153149 153408
9084 7915 8040 5 6507 6508 42262 43947 41917
9085 7915 8206 6 6508 6509 42410 43233 43231 42263
9086 8035 8040 5 6510 6507 41919 43243 44662
9087 8035 7915 5 6507 6509 39918 39917 41918
9088 8206 8040 7 6508 6510 44665 44607 44606 34155 34152
9089 7865 8122 5 6511 6512 36209 36815 53283
9090 7865 8072 6 6512 6513 45689 53123 44216 36210
9091 8057 7865 4 6511 6513 45688 53217
9092 8484 8729 3 6515 6516 7656
9093 8734 8445 5 6517 6514 43190 45659 46965
9094 8734 8484 7 6514 6516 7657 46242 46468 46225 43189
9095 7446 7654 8 6518 6519 43797 43798 33870 33869 44847 45138
9096 7446 7798 4 6519 6520 40769 42463
9097 8181 7654 5 6521 6518 45137 44840 41908
9098 8181 7446 4 6518 6520 40770 45116
9099 7798 7654 6 6519 6521 41907 42197 42216 42220
9100 8028 7949 6 6524 6522 45216 53516 40047 40049
9101 8028 7866 5 6522 6523 44055 44054 45214
9102 5337 5063 6 6525 6526 55685 68049 54093 54091
9103 5337 5445 9 6526 6527 68394 68174 68108 68087 68044 67439 55686
9104 5192 5445 6 6527 6528 65574 65570 65572 68370
9105 5192 5063 8 6528 6525 67453 68191 67486 67487 65464 65465
9106 5192 5337 4 6525 6527 68393 67452
9107 5445 5063 6 6526 6528 67467 12179 12176 55687
9108 8702 8783 8 6529 6530 40032 6720 6721 39639 44933 43025
9109 8702 9064 6 6530 6531 39953 39954 40079 40094
9110 8732 9064 4 6531 6532 38264 42677
9111 8732 8783 4 6532 6529 43026 38263
9112 8388 8360 6 6533 6534 8730 8729 46276 46253
9113 8388 8389 5 6534 6535 44412 44342 44341
9114 8719 8360 4 6536 6533 46254 45833
9115 8719 8388 4 6533 6535 44484 45837
9116 8389 8360 5 6534 6536 45655 45032 44604
9117 9698 9688 5 6537 6538 6949 6642 6643
9118 9698 9925 6 6538 6539 48742 48740 150793 6948
9119 10042 9925 5 6539 6540 134635 31526 31524
9120 10042 9688 6 6540 6537 47024 31922 31923 32898
9121 10042 9698 5 6537 6539 96897 96899 47023
9122 9925 9688 4 6538 6540 7209 6950
9123 8928 9095 6 6542 6543 44603 49176 49177 35030
9124 8928 8876 6 6543 6541 6869 6866 44537 44602
9125 8928 8903 9 6541 6542 35028 152663 46330 46329 46412 46488 32856
9126 6313 6283 8 6544 6545 57008 57013 40706 40705 54921 56775
9127 5868 6313 3 6544 6546 56829
9128 9037 8741 4 6547 6548 7837 38225
9129 9037 9074 7 6548 6549 49165 152530 150784 47960 7836
9130 9036 9074 8 6549 6550 46427 49185 152522 152392 152391 49166
9131 9036 8741 4 6550 6547 7546 7543
9132 9074 8741 7 6548 6550 46426 48070 46199 46200 7838
9133 8863 8586 3 6551 6552 46389
9134 8863 8691 7 6552 6553 27161 46744 46867 46866 46390
9135 8711 8691 5 6553 6554 37992 150833 27163
9136 8711 8586 9 6554 6551 21974 21973 45905 46837 6809 6807 37991
9137 8711 8863 6 6551 6553 27162 46983 38291 38290
9138 8691 8586 7 6552 6554 37990 37830 37831 46311 46312
9139 9693 9679 5 6555 6556 39511 39512 152270
9140 9693 9925 5 6556 6557 7208 6950 6948
9141 9766 9925 5 6557 6558 152376 150612 150611
9142 9766 9679 4 6558 6555 48997 48996
9143 9766 9693 5 6555 6557 32802 32803 152271
9144 9925 9679 6 6556 6558 152315 150880 150792 150793
9145 7895 7931 7 6559 6560 35749 8795 8796 36374 36420
9146 7895 8108 4 6560 6561 36552 35750
9147 8192 8108 4 6561 6562 36258 36257
9148 8192 7931 5 6562 6559 36422 36544 36543
9149 8192 7895 5 6559 6561 36553 36467 36421
9150 8108 7931 5 6560 6562 6927 6924 35751
9151 8932 9058 8 6563 6564 33053 153509 38349 38347 6787 6786
9152 9038 9058 4 6565 6563 37312 37311
9153 8509 8396 6 6566 6567 40461 40459 45781 44824
9154 8509 8537 7 6567 6568 45997 33487 31191 31190 39978
9155 8295 8509 4 6566 6568 44977 44825
9156 9470 9457 5 6569 6570 157338 38690 38691
9157 9310 9444 5 6571 6572 157320 157321 157372
9158 9310 9457 6 6572 6569 155897 39281 39282 157112
9159 9310 9470 6 6569 6571 157373 157341 157041 155896
9160 9444 9457 5 6570 6572 39226 39224 157032
9161 8451 8859 7 6573 6574 107213 10629 10630 92600 22531
9162 8451 8558 5 6574 6575 14020 94798 107212
9163 8004 8558 6 6575 6576 95480 94723 94725 14022
9164 8004 8859 5 6576 6573 22533 95170 95479
9165 8004 8451 4 6573 6575 14021 22532
9166 8929 8206 5 6578 6579 34155 34154 42536
9167 8929 8743 7 6579 6577 44038 44040 155209 44012 44013
9168 8929 8673 6 6577 6578 44912 44916 154208 44403
9169 7915 7551 10 6580 6581 43264 43947 44041 44512 42208 42209 43079 43080
9170 7915 7126 3 6581 6582 43265
9171 7031 7126 8 6582 6583 42994 44319 44336 44338 44337 44257
9172 7031 7551 3 6583 6580 42993
9173 7031 7915 4 6580 6582 44196 44197
9174 7126 7551 8 6581 6583 34030 34032 42760 41903 41902 43266
9175 7476 11923 6 6584 6585 19270 50239 49945 49946
9176 7476 7579 5 6585 6586 48260 50413 19271
9177 6677 7579 4 6586 6587 44555 48262
9178 6677 11923 5 6587 6584 6848 6845 11893
9179 6677 7476 7 6584 6586 48261 50359 48438 48439 49029
9180 7579 11923 4 6585 6587 44554 19272
9181 8822 9037 8 6588 6589 48036 47981 47979 47959 7836 7837
9182 8822 8493 5 6589 6590 7096 7094 48035
9183 8497 8822 3 6588 6590 38224
9184 8493 9037 3 6589 6591 48037
9185 9244 9134 4 6592 6593 152699 44993
9186 9244 9158 6 6593 6594 152485 45957 45956 152664
9187 9145 9158 5 6594 6595 152462 33146 33144
9188 9145 9134 5 6595 6592 44994 45491 45490
9189 9145 9244 5 6592 6594 44800 35174 35173
9190 9158 9134 7 6593 6595 152186 46054 46053 151016 151015
9191 8119 7773 6 6596 6597 99784 20433 20434 21394
9192 8148 7512 8 6598 6599 99708 99709 99728 86321 86320 21396
9193 8148 7773 4 6599 6596 21395 85842
9194 7512 7773 5 6597 6599 99737 99738 100389
9195 8003 8170 6 6600 6601 38231 45188 39422 39423
9196 10352 10388 8 6602 6603 148362 148666 148668 110365 110366 106736
9197 10352 10458 5 6603 6604 109884 109882 148363
9198 10497 10458 4 6604 6605 110153 110034
9199 10497 10388 8 6605 6602 7412 7409 103699 109664 106933 106935
9200 10497 10352 6 6602 6604 109675 109672 109998 106737
9201 10458 10388 4 6603 6605 109107 109109
9202 9213 8665 5 6606 6607 152809 28344 28345
9203 9213 9031 9 6607 6608 6840 6838 152673 154233 154227 154226 152810
9204 8762 9031 5 6608 6609 44682 42831 42829
9205 8762 9213 5 6606 6608 44377 152768 44788
9206 9031 8665 3 6607 6609 44681
9207 8062 8187 3 6612 6610 44376
9208 5755 5986 6 6613 6614 41383 41381 53152 53153
9209 5755 6069 5 6614 6615 11925 40844 40842
9210 6015 6069 8 6615 6616 40892 54652 41137 41138 54398 11926
9211 6015 5986 5 6616 6613 12221 12220 40891
9212 6015 5755 6 6613 6615 11924 9810 9811 53835
9213 6069 5986 5 6614 6616 40890 50854 50852
9214 8380 8533 5 6619 6620 45153 45154 45649
9215 8380 8179 9 6620 6617 45894 34096 34095 38270 33452 33451 45007
9216 8380 8431 3 6617 6619 45835
9217 8533 8179 5 6618 6620 44034 44035 44919
9218 8236 8464 8 6621 6622 48861 47016 47017 48781 49045 48047
9219 8236 8073 7 6622 6623 44629 44630 49411 49049 48862
9220 8688 8073 8 6623 6624 32867 32865 49014 49181 7355 7354
9221 8688 8464 3 6624 6621 48048
9222 8688 8236 5 6621 6623 49051 42771 42770
9223 8073 8464 7 6622 6624 49231 49287 49331 49328 48863
9224 8645 8757 8 6625 6626 47081 47141 46740 46742 46324 45606
9225 8721 8855 7 6627 6628 32415 33098 37656 46989 46693
9226 8721 8757 8 6628 6625 45608 46123 33106 33105 45527 32413
9227 8721 8645 4 6625 6627 46210 45607
9228 8855 8757 4 6626 6628 32414 35269
9229 5558 5335 5 6629 6630 65258 49843 49679
9230 5558 5780 4 6630 6631 43142 65259
9231 6009 5335 4 6632 6629 49681 49996
9232 6009 5558 7 6629 6631 43143 65520 65522 65498 49680
9233 5780 5335 6 6630 6632 65039 65554 65322 65260
9234 9218 9559 9 6633 6634 156879 156883 156884 30409 30407 156959 34896
9235 9218 9395 7 6634 6635 156908 156631 34573 34574 156880
9236 9547 9395 11 6635 6636 155979 155977 156803 156804 157363 156536 156535 156951 156909
9237 9547 9559 9 6636 6633 34898 35042 156946 156773 39001 39000 153729
9238 9547 9218 3 6633 6635 34897
9239 9395 9559 3 6634 6636 156835
9240 6486 6559 6 6637 6638 86395 86393 86109 20565
9241 6486 6468 3 6638 6639 87754
9242 6052 6468 7 6639 6640 87832 87618 87617 8354 8351
9243 6052 6559 3 6640 6637 20567
9244 6052 6486 7 6637 6639 87155 87157 87568 85723 20566
9245 6468 6559 6 6638 6640 87831 87602 87603 87650
9246 9698 9513 6 6641 6642 147968 147970 152553 150866
9247 9612 9688 6 6643 6644 152523 151737 151735 47024
9248 9612 9513 7 6644 6641 27489 27491 49281 49278 152533
9249 9612 9698 6 6641 6643 47023 152450 152548 150867
9250 9688 9513 5 6642 6644 47093 47094 150708
9251 10115 10197 5 6645 6646 112383 112384 147883
9252 10115 10238 5 6646 6647 147760 147581 147584
9253 10375 10238 5 6647 6648 147572 35313 35310
9254 10375 10197 4 6648 6645 131234 131233
9255 10375 10115 5 6645 6647 146803 146804 147464
9256 10238 10197 7 6646 6648 147571 157276 27152 27149 147935
9257 7865 7795 7 6649 6650 45676 53041 45772 44937 44936
9258 7865 8107 6 6650 6651 36209 36210 44215 45677
9259 7837 8107 4 6651 6652 45783 36816
9260 7837 7795 6 6652 6649 53229 38241 38242 45923
9261 7837 7865 4 6649 6651 36815 53228
9262 8107 7795 6 6650 6652 45924 45911 45780 45678
9263 10266 10302 7 6653 6654 148313 148333 152262 27979 27980
9264 10266 10475 4 6654 6655 154149 148314
9265 10288 10475 7 6655 6656 150282 148352 148353 152209 154406
9266 10288 10302 3 6656 6653 130499
9267 10475 10302 7 6654 6656 150281 152323 152377 152379 148315
9268 8293 8177 8 6657 6658 48359 48302 48299 48300 48314 48280
9269 8293 8073 5 6658 6659 46337 46336 48358
9270 8029 8177 5 6660 6657 48161 48079 44382
9271 8029 8293 5 6657 6659 47846 48090 48278
9272 8073 8177 4 6658 6660 44381 45921
9273 7891 8198 7 6661 6662 42156 42022 41879 40029 39972
9274 7891 7383 5 6662 6663 33470 42191 42155
9275 7186 8198 5 6664 6661 39973 39851 39853
9276 7186 7891 3 6661 6663 33469
9277 7383 8198 6 6662 6664 41455 34784 34785 42157
9278 8437 8713 4 6665 6666 40262 39849
9279 8437 8795 4 6666 6667 40172 40248
9280 8607 8795 4 6667 6668 39401 39402
9281 8607 8713 7 6668 6665 27656 27655 39469 39499 39489
9282 8607 8437 7 6665 6667 39146 39143 40193 40230 39850
9283 8795 8713 5 6666 6668 39487 39488 40263
9284 8122 8301 4 6670 6671 45125 45531
9285 8105 8301 4 6671 6672 45227 45127
9286 8105 8100 5 6672 6669 36502 36812 36813
9287 8301 8100 6 6670 6672 45693 45717 45715 45713
9288 9707 9735 6 6673 6674 152251 152250 158040 158041
9289 9707 9731 7 6674 6675 103468 32977 32979 152258 153277
9290 9651 9731 7 6675 6676 152228 152226 152152 152019 152020
9291 9651 9735 7 6676 6673 32903 32905 46904 157789 157791
9292 9651 9707 7 6673 6675 157936 103778 103776 153253 153255
9293 9731 9735 3 6674 6676 157924
9294 8422 8452 7 6677 6678 37334 36248 36246 38390 38402
9295 8115 8452 3 6680 6677 37682
9296 8115 8422 6 6677 6679 38184 38400 38401 38404
9297 9175 9117 6 6681 6682 45377 152762 152763 157639
9298 9175 9287 6 6682 6683 157595 45072 45073 45378
9299 9111 9287 5 6683 6684 147985 147987 153578
9300 9111 9117 6 6684 6681 156783 156782 39265 39264
9301 9111 9175 5 6681 6683 38544 38546 157953
9302 9287 9117 3 6682 6684 45379
9303 7477 8046 7 6685 6686 7892 7890 8915 8916 39027
9304 7446 8046 9 6686 6687 43032 41768 41770 43571 44908 42203 42201
9305 8046 7548 4 6685 6687 43031 39029
9306 10116 10214 4 6688 6689 150315 150316
9307 10116 10436 6 6689 6690 130181 154271 154251 151043
9308 10178 10116 6 6688 6690 130180 152334 154334 154241
9309 8130 8193 5 6691 6692 45850 45743 8278
9310 8130 8250 8 6692 6693 45031 6978 6979 45925 45948 45951
9311 8360 8250 6 6693 6694 43074 45090 45652 45032
9312 8360 8193 7 6694 6691 8280 46243 46244 37676 37674
9313 8360 8130 5 6691 6693 44604 8730 8279
9314 8250 8193 5 6692 6694 43073 44407 44406
9315 8713 8886 4 6695 6696 40267 39328
9316 8881 8713 6 6695 6697 38726 38728 27655 27654
9317 8355 7882 5 6698 6699 38869 38867 38888
9318 8355 8280 4 6699 6700 38784 38880
9319 7960 8280 6 38785 6700 6701 36363 38388 -1
9320 7960 7882 9 6701 6698 35964 35963 38895 39122 38797 38787 36362
9321 7960 8355 6 6698 6700 38783 38812 9027 9028
9322 8280 7882 7 6699 6701 36361 38679 38680 38857 38859
9323 8213 8091 8 6702 6703 12830 36015 36014 36020 36364 36365
9324 8213 8358 6 6703 6704 38754 37929 36229 12829
9325 8276 8213 3 6702 6704 38756
9326 8358 8091 4 6703 6705 9449 12831
9327 9517 9441 8 6706 6707 151949 151951 47186 47185 134725 148500
9328 9517 9649 3 6707 6708 104046
9329 9627 9649 8 6708 6709 152052 151681 96770 96769 151971 104048
9330 9627 9441 5 6709 6706 7821 7820 152056
9331 9627 9517 5 6706 6708 104047 145383 148501
9332 9649 9441 7 6707 6709 151647 151646 151867 151868 151950
9333 169 11816 4 6710 6711 26429 125281
9334 169 136 5 6711 6712 125301 125077 26430
9335 134 136 5 6712 6713 125246 125625 125302
9336 134 11816 6 6713 6710 110890 108742 108744 118201
9337 134 169 6 6710 6712 125300 25227 21298 21300
9338 136 11816 7 6711 6713 114494 114493 111699 111698 26431
9339 8238 8202 4 6714 6715 45123 42028
9340 7945 7986 6 6716 6717 36962 36963 19804 19798
9341 7945 7920 6 6717 6718 36913 36911 35699 35697
9342 7710 7920 4 6718 6719 8565 36659
9343 7710 7986 5 6719 6716 19800 89637 8563
9344 7710 7945 4 6716 6718 36982 19799
9345 7920 7986 5 6717 6719 8564 36370 36371
9346 8702 8537 5 6721 6722 44874 45092 39640
9347 8907 8537 6 6722 6723 44879 46028 42004 42005
9348 8907 8702 8 6720 6722 44873 45049 44938 40080 40079 40033
9349 6941 7080 6 6725 6726 54071 54069 41055 41053
9350 7323 7080 3 6726 6727 44079
9351 7323 7110 6 6727 6724 43923 43176 8335 8337
9352 7323 6941 5 6724 6726 54057 53653 43922
9353 7080 7110 7 6725 6727 44078 44106 44108 53725 53599
9354 9347 9516 6 6729 6730 34396 153399 153574 153486
9355 9253 9516 6 6730 6731 153517 153213 153214 34397
9356 9253 9223 4 6731 6728 153506 153505
9357 9516 9223 5 6729 6731 153516 153501 153487
9358 8519 8535 6 6732 6733 45343 45291 44163 39503
9359 8519 8555 6 6733 6734 34836 34837 39546 45344
9360 8434 8555 5 6734 6735 30427 30425 45249
9361 8434 8535 7 6735 6732 39505 39116 35476 35475 38383
9362 8434 8519 5 6732 6734 38458 38457 39504
9363 8555 8535 6 6733 6735 38421 42666 39544 39543
9364 8674 8543 4 6736 6737 37820 46151
9365 8674 8625 7 6737 6738 38212 45231 45760 46972 37819
9366 8545 8625 5 6738 6739 45542 46706 38214
9367 8545 8543 8 6739 6736 46152 46937 46812 35076 35075 45540
9368 8625 8543 4 6737 6739 45541 37821
9369 8640 8673 4 6740 6741 44477 45001
9370 8640 8528 6 6741 6742 6851 6849 46003 44478
9371 8450 8528 6 6742 6743 43113 44693 44706 46013
9372 8450 8673 6 6743 6740 44466 44464 31558 31560
9373 8450 8640 4 6740 6742 44722 44721
9374 8334 8107 6 6744 6745 8764 45711 45712 45197
9375 8334 8212 4 6745 6746 45140 8765
9376 7998 8107 6 6747 6744 45198 45678 45677 37755
9377 7998 8334 6 6744 6746 45892 45893 45030 45029
9378 9325 9380 6 6748 6749 158184 158183 102482 102480
9379 9325 9454 5 6749 6750 46797 158197 158185
9380 9489 9454 6 6750 6751 103628 103626 158594 46798
9381 9489 9380 8 6751 6748 38551 37646 37645 147636 147635 158066
9382 9489 9325 4 6748 6750 46796 157621
9383 9454 9380 4 6749 6751 157931 157933
9384 8853 8589 3 6752 6753 38160
9385 8853 8924 7 6753 6754 46858 46916 46496 46494 38161
9386 8597 8924 4 6754 6755 7081 44698
9387 8597 8589 8 6755 6752 45803 38251 7054 7056 45708 7080
9388 8597 8853 5 6752 6754 46853 37722 37721
9389 8924 8589 7 6753 6755 7079 33843 33842 45489 38162
9390 10818 10756 6 6756 6757 131748 131749 146849 148104
9391 10818 10873 5 6757 6758 31119 31122 146709
9392 10865 10756 5 6759 6756 147997 31782 31784
9393 10865 10818 5 6756 6758 147038 147501 147502
9394 10873 10756 7 6757 6759 146252 147042 34734 34733 146710
9395 8642 8874 5 6760 6761 47253 7188 7190
9396 7446 7479 10 6762 6763 43902 41063 41064 44907 43571 43572 44846 33869
9397 7047 7203 8 6764 6765 43774 43775 42628 42631 39088 39087
9398 7047 7479 7 6765 6762 33871 8139 8138 41162 41161
9399 7047 7446 6 6762 6764 53249 43840 43839 33870
9400 7203 7479 3 6763 6765 43903
9401 7423 7437 5 6767 6768 43901 42675 33941
9402 7423 8599 5 6768 6766 12341 42728 43900
9403 7423 7406 4 6766 6767 33940 12340
9404 8680 8650 5 6769 6770 38274 38273 45488
9405 8431 8650 5 6772 6769 45449 45448 45411
9406 8431 8680 5 6769 6771 8894 45288 45395
9407 8614 8650 7 6770 6772 35477 35474 42667 39779 39778
9408 6406 5947 5 6773 6774 44765 49958 46588
9409 6158 6581 4 6775 6776 49778 49274
9410 6158 5947 6 6776 6773 46589 49794 49854 49857
9411 6158 6406 7 6773 6775 49272 49830 44551 44552 46587
9412 6581 5947 6 6774 6776 12232 12231 49603 44766
9413 7316 6694 6 6778 6779 44053 49399 49397 44634
9414 6694 6931 3 6777 6779 44052
9415 5121 5379 4 6780 6781 72761 50080
9416 5121 5186 4 6781 6782 65518 72695
9417 5045 5379 4 6783 6780 50081 68833
9418 5045 5121 7 6780 6782 17872 14307 14305 12430 12429
9419 5186 5379 6 6781 6783 67378 67380 50076 50077
9420 9111 8932 4 6785 6786 153172 153170
9421 9058 9168 6 6787 6784 39599 39598 153500 153121
9422 9058 9111 4 6784 6786 37312 37309
9423 8932 9168 4 6785 6787 153122 153245
9424 4820 4946 11 6788 6789 85411 85403 85309 74004 74002 84658 83409 83407 84653
9425 4820 5203 5 6789 6790 15315 15313 85413
9426 5159 5203 7 6790 6791 83450 84723 84722 74431 73112
9427 5159 4946 5 6791 6788 83536 83538 83449
9428 5159 4820 3 6788 6790 73111
9429 5203 4946 4 6789 6791 83448 85325
9430 8310 8431 4 6793 6794 45565 45604
9431 8170 8431 6 6794 6795 39783 39784 40409 40410
9432 8170 8590 4 6795 6792 8735 45571
9433 8431 8590 8 6793 6795 45340 45341 45448 45447 44940 44939
9434 6338 6091 8 6796 6797 50847 51197 54358 12286 7898 7901
9435 6226 6107 7 6798 6799 10802 10803 50734 50993 47721
9436 6226 6091 6 6799 6796 17947 12626 12628 12631
9437 6226 6338 3 6796 6798 17946
9438 6107 6091 4 6797 6799 51210 50848
9439 7493 7470 6 6801 6802 45285 45399 7448 7446
9440 7607 7470 4 6802 6803 39550 39551
9441 7607 7546 6 6803 6800 41650 8820 8819 52984
9442 7607 7493 6 6800 6802 45284 45385 12435 12434
9443 7470 7546 6 6801 6803 53254 53256 53442 45900
9444 9659 9576 5 6804 6805 97038 97039 97147
9445 9659 9825 7 6805 6806 22005 97170 97168 97394 103814
9446 9826 9659 3 6804 6806 22004
9447 8711 8699 7 6808 6809 46839 45443 45441 7052 7051
9448 8711 8677 4 6807 6808 152153 38026
9449 5402 5504 8 6810 6811 68077 68078 69799 67985 67986 12507
9450 5402 5409 4 6811 6812 51200 68079
9451 5236 5409 5 6812 6813 65093 67169 51202
9452 5236 5504 3 6813 6810 12509
9453 5236 5402 8 6810 6812 51201 51729 68434 69800 69801 12508
9454 5409 5504 7 6811 6813 55897 54622 54621 57714 57712
9455 6551 7016 7 6814 6815 42248 42249 39819 39820 42179
9456 6551 7282 5 6815 6816 58248 58617 42397
9457 6875 7282 5 6816 6817 9058 9057 58249
9458 6875 7016 4 6817 6814 42275 42420
9459 6875 6551 5 6814 6816 58213 42491 42274
9460 7282 7016 6 6815 6817 42421 42430 42424 42398
9461 7627 7533 6 6818 6819 34829 8427 8425 36406
9462 7855 7627 4 6818 6820 53286 40526
9463 5921 6226 6 6822 6823 50742 50733 50734 50992
9464 5921 6145 6 6823 6824 11605 11606 12636 12637
9465 6276 6226 5 6825 6822 50685 50687 47782
9466 6276 5921 5 6822 6824 51018 31187 31186
9467 6145 6226 5 6823 6825 47781 49415 50708
9468 7283 7531 8 6826 6827 8913 8914 44261 43829 43830 39078
9469 7283 7226 8 6827 6828 42214 43888 43082 43081 43828 43155
9470 7110 7226 8 6828 6829 39791 8335 8334 44106 39707 39706
9471 7110 7531 4 6829 6826 39080 39789
9472 7110 7283 6 6826 6828 42215 43836 43838 39079
9473 7226 7531 3 6827 6829 39790
9474 8958 8762 5 6830 6831 36738 46055 38113
9475 8958 8736 7 6831 6832 33152 33150 44761 152649 36739
9476 8872 8736 3 6832 6833 36788
9477 8872 8762 4 6833 6830 38114 46002
9478 7933 8167 6 6834 6835 6909 6910 36522 35806
9479 7933 8166 6 6835 6836 37119 36131 6925 6926
9480 8267 8167 5 6837 6834 35808 34777 34779
9481 8267 7933 4 6834 6836 37115 35807
9482 8166 8167 4 6835 6837 36425 35712
9483 9213 9299 4 6838 6839 152770 152672
9484 9213 9186 4 6839 6840 44377 152767
9485 9031 9186 6 6840 6841 154280 152686 42830 42829
9486 9031 9299 5 6841 6838 152674 154130 154229
9487 9186 9299 6 6839 6841 154278 44944 44943 152704
9488 3699 3658 11 6842 6843 14090 12705 12703 63453 79546 79548 79588 78357 78358
9489 3433 3658 6 6844 6842 79301 78447 78446 19198
9490 3497 3658 3 6843 6844 19199
9491 6320 11923 5 6845 6846 48641 50004 11892
9492 6320 6532 6 6846 6847 8150 49831 50091 48642
9493 6677 6532 6 6847 6848 49029 49028 50294 8152
9494 6677 6320 8 6845 6847 8151 10600 50250 11894 11896 11891
9495 6532 11923 6 6846 6848 49946 49948 50026 48643
9496 8640 8432 5 6850 6851 44722 27710 27708
9497 8528 8432 6 6851 6852 44649 44650 46018 46013
9498 8528 8531 4 6852 6849 7547 7549
9499 8432 8531 6 6850 6852 44414 44416 8760 8762
9500 8284 8432 7 6854 6855 38261 33072 33073 45999 46018
9501 8052 8432 5 6855 6856 30499 44416 38262
9502 8052 8187 5 6856 6853 44051 33339 30498
9503 8432 8187 4 6854 6856 30497 44650
9504 9105 9152 5 6858 6859 95458 95459 105134
9505 9105 9003 8 6859 6860 32850 151750 151748 151701 105850 105851
9506 9060 9003 8 6860 6861 47858 151596 21448 21446 47977 32851
9507 9060 9152 5 6861 6858 33133 33131 47857
9508 9060 9105 5 6858 6860 32849 151984 105135
9509 9003 9152 4 6859 6861 47856 105027
9510 10045 9917 5 6862 6863 102995 102996 108366
9511 10045 10145 4 6863 6864 21630 21628
9512 9944 10145 5 6864 6865 104287 22670 22667
9513 9944 9917 9 6865 6862 108363 93800 93798 104292 94855 94854 107228
9514 9944 10045 5 6862 6864 22688 102132 108381
9515 10145 9917 4 6863 6865 108167 108301
9516 8629 8876 4 6866 6867 46290 44535
9517 8629 8544 4 6867 6868 46466 46467
9518 8928 8544 4 6868 6869 32856 46489
9519 8928 8629 12 6866 6868 46487 46412 46411 34083 34080 152521 46485 46484 44680 44536
9520 8544 8876 7 6867 6869 32855 44667 44668 46211 46477
9521 876 2104 7 6870 6871 28026 28024 134306 132627 132628
9522 876 3196 6 6871 6872 64349 66472 48931 28425
9523 2632 3196 6 6872 6873 133910 48998 49000 64350
9524 2632 2104 5 6873 6870 133833 133871 133909
9525 2632 876 8 6870 6872 64348 133995 133994 150865 49829 49828
9526 3196 2104 6 6871 6873 133898 64538 64537 28426
9527 8690 8677 4 6874 6875 38103 37383
9528 8720 8747 4 6876 6877 37458 37455
9529 8720 8677 5 6877 6874 37385 38296 38303
9530 8720 8690 4 6874 6876 38192 37384
9531 8747 8677 4 6875 6877 38293 38104
9532 5176 5761 7 6878 6879 43695 43446 43447 43616 66308
9533 5176 5728 5 6879 6880 67299 65221 43811
9534 6113 5728 9 6880 6881 33880 11432 9092 9093 43669 12294 12295
9535 6113 5761 5 6881 6878 43759 43758 33878
9536 6113 5176 4 6878 6880 66257 66256
9537 5728 5761 6 6879 6881 33879 11560 11562 43525
9538 6982 6707 5 6882 6883 52259 9259 8606
9539 6982 6902 8 6883 6884 46267 46265 47679 36995 36997 52261
9540 6712 6902 6 6884 6885 51441 51439 51033 51034
9541 6712 6707 8 6885 6882 8607 8510 8511 55742 11234 11233
9542 6712 6982 8 6882 6884 52244 90825 90220 50763 50765 8605
9543 6902 6707 4 6883 6885 51660 51659
9544 8173 8146 6 6887 6888 98635 98562 86933 86935
9545 8027 8146 7 6888 6889 17290 37025 37026 89546 98638
9546 8027 8067 9 6889 6886 98630 98516 98511 98510 17610 17607 17289
9547 8027 8173 3 6886 6888 98629
9548 8146 8067 3 6887 6889 17288
9549 6084 6254 5 6890 6891 54636 41118 7736
9550 6084 6015 5 6891 6892 54743 54654 54637
9551 6411 6015 7 6892 6893 8067 8070 55136 54947 54774
9552 6411 6254 7 6893 6890 7738 41051 40899 40901 43916
9553 6411 6084 5 6890 6892 54773 54997 7737
9554 6015 6254 4 6891 6893 43915 53597
9555 5969 5728 7 6894 6895 9094 9092 11433 54157 43549
9556 5969 5840 4 6895 6896 54347 43423
9557 5746 5728 4 6897 6894 43551 42267
9558 5746 5969 4 6894 6896 54337 43550
9559 5840 5728 5 6895 6897 9052 9054 43424
9560 7569 7123 7 6898 6899 96551 96440 7501 7499 76624
9561 7569 7561 5 6899 6900 96437 96920 96849
9562 7078 7561 6 6900 6901 48500 48502 19014 19015
9563 7078 7123 6 6901 6898 19113 19114 96333 77007
9564 7078 7569 6 6898 6900 96438 95334 95336 76623
9565 7561 7123 7 6899 6901 77006 95819 96319 96152 96151
9566 8069 8052 4 6902 6903 33339 33338
9567 8052 7917 7 6902 6904 45101 43199 43198 44388 44127
9568 11106 11209 6 6905 6906 144606 32370 31679 31680
9569 11106 11223 5 6906 6907 34430 147213 145720
9570 11134 11223 5 6907 6908 27922 27921 34432
9571 11134 11209 6 6908 6905 147094 147093 131120 131119
9572 11134 11106 6 6905 6907 34431 147748 146165 146164
9573 11223 11209 5 6906 6908 146057 145073 145072
9574 7933 8115 4 6910 6911 7036 36796
9575 8108 8115 4 6911 6912 36083 7037
9576 8108 8167 5 6912 6909 35712 7328 7327
9577 8108 7933 5 6909 6911 7035 6924 6926
9578 8115 8167 12 6910 6912 36413 36414 37682 38404 37853 37852 35714 35715 53261 36797
9579 9485 9993 4 6913 6914 30387 152901
9580 9428 9993 5 6914 6915 154244 151020 30388
9581 9993 9654 7 6913 6915 150210 150212 150884 150885 154298
9582 10546 10566 4 6916 6917 32142 31059
9583 10546 10543 8 6917 6918 33598 150653 150700 149320 33635 32143
9584 10848 10543 4 6918 6919 32645 32646
9585 10848 10566 5 6919 6916 31061 149961 148265
9586 10848 10546 6 6916 6918 33597 150298 149953 31060
9587 10543 10566 7 6917 6919 27621 27623 30382 146826 32144
9588 7575 7135 4 6920 6921 53996 44390
9589 7575 7485 5 6921 6922 42959 45844 53995
9590 7104 7135 6 6923 6920 36861 36860 44190 44189
9591 7104 7575 7 6920 6922 42958 44185 44212 44214 44389
9592 7485 7135 5 6921 6923 17727 17724 43094
9593 7933 7931 6 6924 6925 36130 36844 8668 8669
9594 7641 7403 8 6928 6929 52697 52795 52751 36622 18987 8373
9595 7641 7211 3 6929 6930 52686
9596 7475 7211 5 6930 6931 8887 8889 19890
9597 7475 7403 5 6931 6928 8375 51662 51661
9598 7475 7641 6 6928 6930 52674 52046 36777 8374
9599 7211 7403 8 6929 6931 52532 52533 52715 51338 51339 52698
9600 8407 8568 5 6932 6933 19663 19661 47457
9601 8407 8507 5 6933 6934 47449 47432 47417
9602 8470 8507 6 6934 6935 37815 47008 47115 47307
9603 8470 8568 7 6935 6932 47058 45581 37726 37728 37814
9604 8470 8407 5 6932 6934 47448 47447 47458
9605 8507 8568 6 6933 6935 37813 45745 45744 47060
9606 8784 8966 5 6936 6937 46974 45069 45070
9607 8784 8825 4 6937 6938 46981 46976
9608 8797 8825 5 6938 6939 45830 45829 46971
9609 8797 8966 5 6939 6936 46074 46071 46080
9610 8797 8784 5 6936 6938 46980 46393 46392
9611 8318 8658 6 6940 6941 37597 45545 45546 46928
9612 8318 8633 3 6941 6942 37596
9613 8579 8633 8 6942 6943 46232 46183 46182 47937 38245 38246
9614 8579 8658 6 6943 6940 46978 7474 7476 46381
9615 8579 8318 6 6940 6942 47889 37776 37778 46977
9616 8633 8658 7 6941 6943 46366 46338 32432 32431 37598
9617 8951 8554 4 6945 6946 35057 35980
9618 8817 8554 7 6946 6947 35306 36564 37921 37941 35058
9619 8817 9027 5 6947 6944 37541 37353 35304
9620 8554 9027 5 6945 6947 35305 31555 31556
9621 9693 9698 5 6948 6949 147968 39510 39511
9622 9693 9688 8 6949 6950 7207 32803 152492 6999 6998 150708
9623 7915 8046 9 6951 6952 44931 44037 42410 39918 39919 43827 42209
9624 7915 7718 5 6952 6953 44512 44586 44911
9625 7601 7915 3 6951 6953 42208
9626 8068 7977 7 6954 6955 45671 47171 47170 46214 46215
9627 8068 8162 6 6955 6956 47412 7324 7322 38132
9628 8023 8162 6 6956 6957 46709 37015 19621 19622
9629 8023 7977 7 6957 6954 47539 37591 37590 46240 46707
9630 8023 8068 4 6954 6956 47378 47377
9631 8162 7977 5 6955 6957 46708 47644 45672
9632 8807 8787 9 6958 6959 37605 37699 37497 37498 158256 98076 97001
9633 8807 8583 3 6959 6960 7123
9634 8642 8787 4 6961 6958 97002 98371
9635 8642 8807 7 6958 6960 7122 37485 38211 7190 7189
9636 7724 7489 7 6962 6963 37619 36074 36072 37207 21579
9637 7724 7709 6 6963 6964 98382 37624 37622 86388
9638 7502 7709 6 6964 6965 89667 90189 89722 89723
9639 7502 7489 8 6965 6962 21580 47382 47383 88627 88626 89666
9640 7502 7724 3 6962 6964 21578
9641 7709 7489 5 6963 6965 88984 88981 86389
9642 8270 8100 8 6966 6967 7315 52758 46772 45695 45696 45717
9643 8270 8163 4 6967 6968 45670 7316
9644 8299 8163 5 6968 6969 36814 45721 45720
9645 8299 8100 4 6969 6966 45693 36813
9646 8299 8270 5 6966 6968 45668 45667 45798
9647 8163 8100 7 6967 6969 36812 38066 37018 37017 7317
9648 10215 10236 5 6970 6971 147563 153694 33610
9649 10215 10520 3 6971 6972 147562
9650 10281 10520 9 6972 6973 33375 33376 153771 31712 31710 153716 153019
9651 10281 10236 3 6973 6970 33611
9652 10520 10236 7 6971 6973 32381 32383 153555 153557 147564
9653 9663 9635 5 6974 6975 148536 46941 46944
9654 9722 9635 5 6976 6974 152033 151905 151904
9655 8107 8250 5 6979 6980 45712 45793 45911
9656 8107 8273 6 6980 6977 45619 36802 36801 45711
9657 8107 8130 5 6977 6979 45924 45783 45656
9658 8250 8273 4 6978 6980 45088 45089
9659 7902 7726 4 6981 6982 46649 8574
9660 7902 7814 8 6982 6983 8788 44131 44129 46595 52988 51411
9661 7950 7814 4 6983 6984 8548 8790
9662 7950 7902 6 6981 6983 8789 44498 44495 8575
9663 5731 6048 3 6985 6986 53810
9664 5731 6015 5 6986 6987 10594 10592 54654
9665 5673 5731 7 6985 6987 40742 54889 54888 53763 53762
9666 6015 6048 9 6986 6988 9761 9763 41138 41135 54946 54774 54743
9667 7262 7389 8 6989 6990 35518 35517 55509 55560 51590 8838
9668 7725 7389 6 6990 6991 36455 36448 36118 36116
9669 7389 7418 4 6989 6991 53372 8840
9670 7840 7902 8 6992 6993 52395 51386 51387 53205 52773 45974
9671 7840 8186 5 6993 6994 52309 8697 8698
9672 8077 8186 6 6994 6995 46696 46792 35069 35070
9673 8077 7902 4 6995 6992 45975 46636
9674 8077 7840 7 6992 6994 51372 51371 45752 45751 45973
9675 8186 7902 9 6993 6995 46569 44496 44498 46333 44131 44128 46296
9676 9377 9294 8 6996 6997 14156 49213 152646 150886 147864 147862
9677 9377 9693 4 6997 6998 150773 14157
9678 9688 9294 5 6999 6996 152538 152540 152555
9679 9688 9377 4 6996 6998 47094 47091
9680 9693 9294 4 6997 6999 152554 14158
9681 5882 5826 8 7000 7001 96447 77217 77215 96553 95946 47999
9682 5882 5532 3 7001 7002 96263
9683 5534 5532 12 7002 7003 77356 77358 77549 77725 77510 77511 95982 95983 96659 96265
9684 5534 5826 3 7003 7000 48001
9685 5534 5882 8 7000 7002 96264 90996 90998 17647 17646 48000
9686 5532 5826 5 7001 7003 96014 94435 94434
9687 8104 8265 4 7005 7006 7072 46422
9688 8405 8265 6 7006 7007 37253 37234 37233 7074
9689 8405 8163 5 7007 7004 45670 45720 45718
9690 8405 8104 5 7004 7006 7073 19635 37251
9691 8265 8163 4 7005 7007 45719 45723
9692 7021 7196 6 7008 7009 90150 91007 90399 90334
9693 7062 6870 6 7010 7011 50372 17831 17830 90466
9694 7062 7196 4 7011 7008 47600 47602
9695 7062 7021 7 7008 7010 89724 17620 17619 90387 90333
9696 6825 6961 7 7012 7013 39835 40545 40543 41090 40465
9697 6825 7113 9 7013 7014 39889 40190 40188 43718 43719 40520 39836
9698 7367 7113 7 7014 7015 40733 45191 45190 40779 39891
9699 7367 6825 3 7012 7014 39890
9700 7113 6961 6 7013 7015 40732 40772 40538 39837
9701 7117 7031 6 7016 7017 44315 7556 7557 43556
9702 7117 6925 7 7017 7018 8277 8275 7539 7542 33493
9703 7104 6925 3 7018 7019 42485
9704 7104 7117 5 7016 7018 42484 49501 44327
9705 6925 7031 5 7017 7019 42542 12114 12113
9706 7560 7235 5 7020 7021 49712 49925 48848
9707 8005 7073 4 7022 7023 44763 44764
9708 8005 7560 6 7020 7022 33394 33391 44672 44673
9709 7073 7235 4 7021 7023 45099 45098
9710 6750 6936 5 7024 7025 43794 54186 7255
9711 6936 6767 3 7024 7026 7256
9712 8645 8573 6 7027 7028 45544 45607 45606 46325
9713 8645 8318 4 7028 7029 47384 45545
9714 8352 8318 8 7029 7030 46835 46380 9370 9369 37604 37603
9715 8352 8573 3 7030 7027 46984
9716 8352 8645 7 7027 7029 47374 37474 37475 46034 46036
9717 8318 8573 5 7028 7030 38352 38351 45546
9718 6752 6810 8 7031 7032 88025 87874 87826 87814 87813 87822
9719 6752 6571 7 7032 7033 85657 85656 85764 87880 88026
9720 6789 6571 6 7033 7034 18420 18421 87517 87519
9721 6789 6810 8 7034 7031 87824 87995 87701 20214 20211 86214
9722 6789 6752 4 7031 7033 87875 87823
9723 6571 6810 3 7032 7034 86215
9724 7901 8108 5 7037 7035 35751 35750 36084
9725 7901 7933 6 7035 7036 36760 36753 8670 8669
9726 8426 8310 5 7039 7040 45654 45624 19709
9727 8384 8310 6 7040 7041 36803 45548 45604 45651
9728 8384 8273 5 7041 7038 45586 45661 36801
9729 8384 8426 5 7038 7040 45653 45657 45585
9730 8310 8273 5 7039 7041 36802 45618 19710
9731 9485 9433 3 7042 7043 27064
9732 9485 9408 7 7043 7044 154275 154279 150563 33678 27063
9733 9428 9408 3 7044 7045 152668
9734 9428 9433 7 7045 7042 152850 8724 8723 45515 152667
9735 9408 9433 6 7043 7045 35175 28936 28935 27065
9736 5831 6437 3 7047 7048 42867
9737 5461 5831 9 7046 7048 42868 63998 8048 8047 67293 12274 12276
9738 9102 8950 9 7049 7050 150832 158206 158242 158015 103731 103729 158195
9739 9102 8711 5 7050 7051 152153 157911 150833
9740 8699 8950 6 7052 7049 158057 46764 46682 46681
9741 8699 9102 5 7049 7051 152154 153134 157611
9742 8711 8950 6 7050 7052 45504 45505 27162 27163
9743 8337 8589 4 7053 7054 38250 45591
9744 8337 8597 5 7054 7055 45638 45543 38249
9745 8376 8597 3 7055 7056 45639
9746 8376 8589 5 7056 7053 45593 45235 45234
9747 8376 8337 6 7053 7055 45637 36718 36719 45592
9748 10242 9957 3 7057 7058 31113
9749 10010 9957 9 7059 7057 34379 102850 103451 102860 102859 103305 103303
9750 9894 9957 8 7058 7059 23328 23329 103386 103441 103440 31114
9751 8670 8664 5 7060 7061 38196 38186 36588
9752 8670 8494 5 7061 7062 8637 35032 35031
9753 8452 8494 7 7062 7063 38390 37910 37908 37874 8639
9754 8452 8664 5 7063 7060 35078 35080 36246
9755 8452 8670 4 7060 7062 8638 36589
9756 8494 8664 5 7061 7063 38389 38280 38197
9757 8822 8819 5 7064 7065 33113 33114 46197
9758 8822 9138 5 7065 7066 47959 47982 47963
9759 9074 9138 5 7066 7067 149904 150785 47960
9760 9074 8819 5 7067 7064 46200 35241 35240
9761 9074 8822 4 7064 7066 7836 7838
9762 9138 8819 6 7065 7067 149903 46086 7089 7086
9763 9852 10032 4 7068 7069 147950 47073
9764 9852 10122 7 7069 7070 19773 19774 148072 148580 147951
9765 10109 10122 5 7070 7071 148531 148532 151910
9766 10109 10032 6 7071 7068 47074 33187 33189 148619
9767 10122 10032 7 7069 7071 148583 148585 158462 152223 147952
9768 8104 8118 9 7072 7073 19636 19669 46776 45797 7335 7336 46423
9769 8405 8118 4 7073 7074 19391 19390
9770 8118 8265 5 7072 7074 18486 18488 37651
9771 8906 8947 9 7075 7076 20760 108014 101770 101752 101172 84470 22620
9772 8906 8914 4 7076 7077 107277 20761
9773 8561 8914 11 7077 7078 18881 21166 99961 21511 21510 18707 18706 22829 101002
9774 8561 8947 4 7078 7075 22622 18879
9775 8561 8906 7 7075 7077 101744 95351 95343 94142 22621
9776 8914 8947 8 7076 7078 18880 94181 94180 101180 107234 20762
9777 8719 8589 5 7079 7080 45350 45352 45634
9778 7341 7141 4 7082 7083 52656 36821
9779 7341 7169 7 7083 7084 52870 51484 45985 45988 52769
9780 7293 7169 6 7084 7085 53980 45943 45941 46150
9781 7293 7141 7 7085 7082 36823 17786 17783 52895 53983
9782 7293 7341 4 7082 7084 47387 36822
9783 7169 7141 5 7083 7085 53973 46767 46766
9784 8767 8819 5 7086 7087 18769 18770 33113
9785 8767 8775 3 7087 7088 47096
9786 9138 8775 6 7088 7089 46087 152076 48019 47098
9787 9138 8767 6 7086 7088 47097 46359 46360 47963
9788 8775 8819 7 7087 7089 46085 33122 33121 46184 46185
9789 8545 8445 6 7090 7091 46499 46631 46812 45659
9790 8545 8360 6 7091 7092 46388 46275 46276 46498
9791 8440 8360 4 7092 7093 46244 46363
9792 8440 8545 4 7090 7092 46424 45660
9793 8360 8445 4 7091 7093 46243 46500
9794 8822 8767 8 7094 7095 33112 33113 47963 47978 47981 48038
9795 8822 8741 7 7095 7096 38224 7837 7838 46197 46196
9796 8493 8741 6 7096 7097 47562 47563 47154 46201
9797 8493 8767 4 7097 7094 48033 47812
9798 8741 8767 4 7095 7097 46130 46132
9799 8407 8416 4 7098 7099 37005 47344
9800 8407 8503 6 7099 7100 8676 19661 19662 37006
9801 8162 8503 3 7100 7101 8677
9802 8162 8416 6 7101 7098 47431 7324 7325 47223
9803 8162 8407 6 7098 7100 8675 37600 36898 36897
9804 8503 8416 7 7099 7101 47302 47469 21185 21186 37007
9805 9368 9345 5 7102 7103 157323 157330 157202
9806 9368 9420 4 7103 7104 156697 156696
9807 9339 9420 5 7104 7105 32112 32111 42459
9808 9339 9345 8 7105 7102 157187 35065 35064 157293 157201 157127
9809 9339 9368 5 7102 7104 157252 157210 157203
9810 9420 9345 6 7103 7105 32873 32875 39208 39209
9811 9931 9598 5 7106 7107 42344 42345 155011
9812 9931 9050 3 7107 7108 133044
9813 9805 9050 7 7108 7109 154044 147516 147515 154119 154121
9814 9805 9598 4 7109 7106 142572 142574
9815 9805 9931 6 7106 7108 154055 154054 9082 9079
9816 9050 9598 7 7107 7109 28187 28186 155245 133267 133045
9817 7635 7500 7 7110 7111 99024 89727 37390 37393 89484
9818 7635 7796 9 7111 7112 89914 98632 87958 86648 20419 20422 52278
9819 7578 7796 5 7112 7113 86820 20024 20022
9820 7578 7635 5 7110 7112 86769 86770 92996
9821 7796 7500 4 7111 7113 86819 93080
9822 1753 1661 7 7114 7115 117402 137210 119606 117390 117391
9823 1753 1727 6 7115 7116 119116 117422 25490 25491
9824 1809 1727 5 7116 7117 24885 24884 115975
9825 1809 1661 5 7117 7114 117345 117344 117346
9826 1809 1753 6 7114 7116 119115 138841 117388 117387
9827 1727 1661 5 7115 7117 117257 117259 117403
9828 8888 9040 5 7118 7119 37977 38575 38483
9829 8888 8927 6 7119 7120 38033 38125 38369 37976
9830 8981 8927 9 7120 7121 38643 39235 34192 34193 36035 37957 37958
9831 8981 8888 3 7118 7120 38032
9832 8927 9040 3 7119 7121 37978
9833 8671 8583 7 7123 7124 37522 46108 46109 37697 37606
9834 8671 8642 7 7124 7122 37487 37414 37415 37727 37521
9835 8671 8807 5 7122 7123 37605 37700 37486
9836 8560 8477 9 7125 7126 37549 37550 37173 37174 86420 98846 21159
9837 8560 8336 4 7126 7127 86591 86590
9838 8393 8336 6 7127 7128 86934 37169 37170 37203
9839 8393 8477 5 7128 7125 21160 86616 98350
9840 8393 8560 7 7125 7127 36879 36878 98193 97812 21158
9841 8336 8477 4 7126 7128 98351 98596
9842 7802 7723 4 7129 7130 38072 38304
9843 7802 7629 7 7130 7131 45685 45686 53200 53139 38073
9844 7778 7629 6 7131 7132 52023 53212 53191 53192
9845 7778 7723 5 7132 7129 52702 35791 35790
9846 7778 7802 4 7129 7131 44589 44588
9847 7629 7723 4 7130 7132 52022 38074
9848 7641 7664 6 7133 7134 7341 52681 8793 8791
9849 7641 7411 4 7134 7135 52841 7342
9850 7488 7411 8 7135 7136 52221 19817 19816 52218 52226 52820
9851 7488 7664 3 7136 7133 46774
9852 7488 7641 7 7133 7135 52840 52751 52288 52286 46773
9853 7411 7664 7 7134 7136 36867 16920 16919 37000 7343
9854 9338 9288 6 7139 7140 103720 103843 103841 103822
9855 9338 9446 9 7140 7137 102854 102856 103673 103259 103261 104015 103719
9856 9338 9466 3 7137 7139 103190
9857 9288 9446 3 7138 7140 26050
9858 9146 9367 6 7141 7142 152015 46258 46259 158285
9859 9146 9102 6 7142 7143 152039 152040 103953 103954
9860 9409 9102 6 7143 7144 157761 158245 157243 157244
9861 9409 9367 7 7144 7141 157588 157587 158233 158187 157760
9862 9409 9146 4 7141 7143 35380 35379
9863 9102 9367 6 7142 7144 157537 157536 158108 158085
9864 8903 8958 4 7146 7147 46057 46059
9865 8872 9006 3 7148 7145 45534
9866 8958 9006 7 7146 7148 45533 45492 45493 45427 45425
9867 8544 8872 6 7150 7151 44494 45287 45068 45067
9868 8544 8734 6 7151 7149 46225 46226 46362 44493
9869 8544 8903 6 7149 7150 46057 32855 32856 46469
9870 6119 5842 8 7152 7153 17156 85520 85020 16649 16647 70587
9871 6119 5740 5 7153 7154 100445 100534 17157
9872 5549 6119 4 7152 7154 83474 83476
9873 10906 10993 5 7155 7156 31632 31631 10251
9874 10906 11118 5 7156 7157 21497 31616 31617
9875 11038 11118 5 7157 7158 146731 147020 21499
9876 11038 10993 7 7158 7155 10253 147695 147889 147231 146729
9877 11038 10906 6 7155 7157 21498 112391 34955 10252
9878 11118 10993 5 7156 7158 146730 146567 146564
9879 9252 9442 4 7159 7160 153135 153225
9880 9252 9529 5 7160 7161 152190 32980 32983
9881 9234 9529 4 7161 7162 35104 35103
9882 9234 9442 5 7162 7159 152231 152229 153237
9883 9234 9252 6 7159 7161 152189 153315 152463 152464
9884 9529 9442 7 7160 7162 153236 152180 152082 35046 35048
9885 9748 9777 7 7163 7164 104388 104314 104315 104343 104318
9886 9748 9898 8 7164 7165 104590 151730 104526 103868 103869 104387
9887 9824 9898 5 7165 7166 23264 32463 104591
9888 9824 9777 5 7166 7163 104319 32652 23263
9889 9824 9748 6 7163 7165 18007 18006 31803 34956
9890 9898 9777 4 7164 7166 23262 104389
9891 1724 1728 8 7167 7168 121910 121908 151409 133854 133856 133977
9892 1724 3742 5 7168 7169 48559 48562 133559
9893 3407 3742 8 7169 7170 65900 48695 48694 48406 48405 133980
9894 3407 1728 6 7170 7167 133979 133279 133278 65899
9895 3407 1724 3 7167 7169 133978
9896 3742 1728 3 7168 7170 65898
9897 7996 7789 4 7172 7173 86735 86736
9898 7844 7789 7 7173 7174 35562 35561 35631 35632 90186
9899 7844 7892 7 7174 7171 86037 36038 36040 35824 35826
9900 7844 7996 7 7171 7173 98241 98243 98393 98394 98432
9901 7789 7892 4 7172 7174 36542 37124
9902 8065 7913 7 7175 7176 19876 98340 98612 92075 89998
9903 8065 7959 6 7176 7177 93138 93681 93665 19875
9904 7872 7913 4 7178 7175 19850 19852
9905 7872 8065 4 7175 7177 18943 18940
9906 7959 7913 5 7176 7178 92986 92985 19877
9907 11416 11454 4 7179 7180 23413 18712
9908 11416 11549 7 7180 7181 23183 111373 108622 23856 23414
9909 11261 11549 4 7181 7182 21273 21272
9910 11261 11454 6 7182 7179 18714 23542 23539 111255
9911 11261 11416 7 7179 7181 23184 20652 20651 102749 18713
9912 11549 11454 6 7180 7182 110319 110321 110796 23415
9913 7030 6881 6 7184 7185 50317 8363 8365 50623
9914 7143 6881 6 7185 7186 19573 48254 48255 50318
9915 7143 7098 7 7186 7183 50135 48129 48128 50263 19571
9916 7143 7030 3 7183 7185 50316
9917 6881 7098 3 7184 7186 19572
9918 8697 8874 5 7187 7188 94019 98143 98051
9919 8697 8642 7 7188 7189 97002 98372 97791 97789 94020
9920 8807 8874 7 7190 7187 46810 37637 37639 47246 38210
9921 8807 8697 4 7187 7189 97001 98052
9922 4273 4012 7 7191 7192 16842 16844 20706 20272 20273
9923 4273 4305 6 7192 7193 18030 20598 20710 83477
9924 3945 4305 9 7193 7194 20426 20425 83626 83627 84620 74369 18031
9925 3945 4273 3 7191 7193 18029
9926 4305 4012 4 7192 7194 16552 16550
9927 9083 8833 7 7195 7196 18380 100059 102244 101571 23812
9928 9083 8600 5 7196 7197 100004 99930 18379
9929 8914 8600 4 7197 7198 20674 21166
9930 8914 8833 6 7198 7195 23814 99434 94335 20673
9931 8914 9083 7 7195 7197 99961 93448 93446 102385 23813
9932 8600 8833 9 7196 7198 20672 76471 93352 72187 72184 100056 18381
9933 8873 8715 7 7199 7200 98518 98662 98118 98119 98172
9934 8873 8988 5 7200 7201 21748 21747 97882
9935 8975 8715 4 7202 7199 37511 37512
9936 8975 8873 4 7199 7201 19746 19748
9937 8988 8715 4 7200 7202 98353 98354
9938 8638 8803 8 7203 7204 97016 97011 97012 49527 49528 97087
9939 8638 8413 8 7204 7205 97115 96978 21938 21937 96990 97014
9940 8661 8803 5 7206 7203 97105 96961 96962
9941 8661 8638 3 7203 7205 97104
9942 8413 8803 3 7204 7206 97010
9943 9693 9881 3 7207 7208 32802
9944 9688 9881 5 7209 7207 32804 32897 32898
9945 9153 8942 5 7211 7212 35188 157971 46732
9946 9004 9175 6 7213 7210 46902 17263 17264 45452
9947 9004 9153 4 7210 7212 35189 46901
9948 8942 9175 5 7211 7213 45453 152763 46733
9949 4401 4446 10 7214 7215 80182 80183 84796 75549 75550 84402 84588 84743
9950 4401 3978 3 7215 7216 84364
9951 4033 3978 9 7216 7217 74629 75470 7388 7387 20424 20423 74557
9952 4033 4446 3 7217 7214 74628
9953 4033 4401 8 7214 7216 83543 83544 84587 84589 84175 84174
9954 3978 4446 5 7215 7217 74627 75489 75488
9955 7833 7648 7 7219 7218 93327 19868 19870 92717 92716
9956 7726 7584 3 7221 7222 48855
9957 7482 7584 7 7222 7223 46398 44175 8400 8401 48856
9958 7482 7814 3 7223 7220 46630
9959 7482 7726 9 7220 7222 46143 46142 49435 38379 38381 52375 46629
9960 7584 7814 6 7221 7223 46664 46616 44728 44725
9961 4171 4223 5 7224 7225 81679 81681 82737
9962 4171 4343 4 7225 7226 82767 82779
9963 4367 4343 8 7226 7227 57676 71643 71362 71363 11028 11027
9964 4367 4223 5 7227 7224 61353 61354 57675
9965 4367 4171 5 7224 7226 82757 69299 69297
9966 7054 7098 4 7229 7230 49302 50556
9967 7054 7302 5 7230 7228 17824 49887 49301
9968 7054 6892 6 7228 7229 9264 8585 8587 17822
9969 9829 9789 7 7231 7232 103634 97927 97925 103687 23330
9970 9912 9899 5 7233 7234 35094 35096 103491
9971 9912 9789 5 7234 7231 23332 102776 102773
9972 9912 9829 4 7231 7233 104409 23331
9973 9899 9789 4 7232 7234 31409 31410
9974 10519 10625 6 7235 7236 21703 21706 108501 111823
9975 10519 10274 4 7236 7237 99367 102405
9976 10450 10274 6 7237 7238 111812 102893 102892 99368
9977 10450 10625 3 7238 7235 111811
9978 10450 10519 7 7235 7237 20908 20910 23320 23317 111824
9979 10274 10625 5 7236 7238 111810 21650 21649
9980 21 305 5 7239 7240 32150 32151 129092
9981 21 123 5 7240 7241 31656 26063 26061
9982 360 123 6 7241 7242 121524 121523 124057 31657
9983 360 305 5 7242 7239 128949 124155 124114
9984 360 21 4 7239 7241 28317 28316
9985 123 305 6 7240 7242 124098 124077 124075 109816
9986 7609 7680 5 7243 7244 35885 35886 35894
9987 7553 7680 8 7244 7245 35458 35456 35455 38889 38834 36059
9988 7680 7297 5 7243 7245 35797 9422 9424
9989 8241 8094 6 7247 7248 21596 21597 36805 36711
9990 8217 8094 6 7248 7249 8651 35656 36728 36726
9991 8217 8241 3 7246 7248 37440
9992 8094 8249 7 7247 7249 8650 36716 36715 36296 36293
9993 7799 7722 5 7250 7251 52678 19741 19739
9994 7799 8094 7 7251 7252 9308 52753 52156 52157 52679
9995 7956 8094 5 7252 7253 36665 36667 9310
9996 7956 7722 8 7253 7250 36529 45747 45749 46804 46801 46807
9997 7956 7799 5 7250 7252 9309 52687 36528
9998 8094 7722 4 7251 7253 46815 46817
9999 6750 7032 4 7254 7255 54031 54033
10000 6936 7032 8 7255 7256 51463 48779 48780 53885 43885 43884
10001 7032 6767 5 7254 7256 53880 51446 51445
10002 5152 5808 3 7258 7259 65692
10003 5559 5808 6 7259 7260 65700 65731 65732 65693
10004 5559 5184 3 7260 7257 65354
10005 3742 3550 5 7261 7262 65525 65836 48406
10006 3742 3857 6 7262 7263 48412 48686 48684 65526
10007 3237 3857 6 7263 7264 12597 49026 11343 11344
10008 3237 3550 6 7264 7261 32596 32595 66071 12596
10009 3237 3742 6 7261 7263 48411 133970 133969 48405
10010 3857 3550 6 7262 7264 12595 64745 11744 11746
10011 6420 11922 9 7265 7266 76992 77163 77161 77208 48662 48661 19489
10012 6420 6485 3 7266 7267 48403
10013 7052 6485 6 7267 7268 10887 10886 77526 48404
10014 7052 11922 3 7268 7265 19491
10015 7052 6420 8 7265 7267 48402 75869 48563 48379 48377 19490
10016 6485 11922 8 7266 7268 13950 13949 50232 72548 32352 32351
10017 3669 3587 9 7269 7270 64301 64293 62914 62768 28561 28562 11942
10018 3465 3587 7 7271 7269 11943 49863 49860 62148 62147
10019 3272 3587 3 7270 7271 64302
10020 10376 10330 4 7272 7273 23352 104063
10021 10376 10428 7 7273 7274 151842 151838 151832 146179 23353
10022 10289 10428 4 7274 7275 105638 110087
10023 10289 10330 10 7275 7272 104065 151778 149990 105064 105066 110109 104586 104588
10024 10289 10376 7 7272 7274 151843 110596 110595 151909 104064
10025 10428 10330 4 7273 7275 105637 23354
10026 5082 4017 5 7276 7277 67013 67307 67306
10027 5082 5461 9 7277 7278 48824 48822 8046 8047 67311 67310 67014
10028 4720 5461 7 7278 7279 9993 7486 7487 67217 67252
10029 4720 4017 9 7279 7276 67278 43056 43054 133554 132016 132017 9991
10030 4720 5082 3 7276 7278 67309
10031 5461 4017 3 7277 7279 9992
10032 9209 9256 5 7280 7281 152456 48003 46105
10033 9209 8913 7 7281 7282 152640 46147 46145 33109 33110
10034 8939 8913 5 7282 7283 49244 49237 49239
10035 8939 9209 4 7280 7282 152572 46106
10036 8913 9256 4 7281 7283 150759 150966
10037 10151 10073 4 7284 7285 146888 146886
10038 10151 10167 4 7285 7286 147638 147767
10039 10007 10167 5 7286 7287 147784 147597 147599
10040 10007 10073 7 7287 7284 147725 157945 157826 156586 147783
10041 10007 10151 5 7284 7286 145584 145581 147724
10042 10167 10073 8 7285 7287 147782 157828 157829 158585 27151 27150
10043 9205 9132 6 7288 7289 7822 48152 33231 33229
10044 9205 8913 7 7289 7290 150966 33110 33111 150113 7823
10045 8943 8913 7 7290 7291 49252 40908 40909 49244 150759
10046 8943 9132 4 7291 7288 33509 150968
10047 8943 9205 4 7288 7290 32513 32512
10048 8913 9132 4 7289 7291 150967 7824
10049 11613 11820 4 7292 7293 31091 30445
10050 11613 11859 4 7293 7294 27438 143796
10051 11675 11859 6 7294 7295 125649 125650 112183 27439
10052 11675 11820 5 7295 7292 26260 26261 126329
10053 11675 11613 8 7292 7294 27437 112262 112259 30817 26731 26733
10054 11859 11820 5 7293 7295 126330 126323 126322
10055 9403 9602 5 103315 34879 7296 7297 -1
10056 9403 8823 5 7297 7298 103398 103399 -1
10057 9000 8823 9 98903 98601 21053 21052 22820 97814 7298 7299 -1
10058 9000 9602 5 7299 7296 34880 103249 -1
10059 8823 9602 3 7297 7299 -1
10060 3367 3047 5 7301 7302 76350 75995 75994
10061 3605 3047 5 7302 7303 14844 76326 76328
10062 3605 3622 7 7303 7300 18525 76196 76250 80497 14843
10063 3605 3367 4 7300 7302 22303 18524
10064 3047 3622 3 7301 7303 14842
10065 5903 5812 4 7304 7305 94322 75154
10066 5903 6277 5 7305 7306 91609 77378 77379
10067 5543 6277 5 7306 7307 75691 75693 91124
10068 5543 5812 6 7307 7304 75155 92062 92064 92557
10069 5543 5903 5 7304 7306 91610 91642 75153
10070 6277 5812 6 7305 7307 92558 88107 18584 18581
10071 7603 7536 6 7308 7309 35425 35932 36287 36109
10072 7603 7813 3 7309 7310 35426
10073 7756 7813 6 7310 7311 36398 38813 36199 35934
10074 7756 7536 5 7311 7308 36110 36358 36367
10075 7756 7603 4 7308 7310 9715 9714
10076 7813 7536 5 7309 7311 36397 36437 35427
10077 10806 10706 6 7312 7313 154510 154594 146667 33243
10078 10909 10706 5 7314 7312 33244 146364 146114
10079 10742 10706 7 7313 7314 144646 144645 146728 146993 154306
10080 8270 8104 6 7315 7316 37251 36454 8546 8544
10081 8100 8104 3 7317 7315 52376
10082 8499 8676 4 7318 7319 18571 18572
10083 8499 8770 6 7319 7320 47136 47134 47436 47267
10084 8642 8676 6 7321 7318 21559 90215 94020 47253
10085 8642 8499 5 7318 7320 37834 37836 21558
10086 8770 8676 4 7319 7321 47254 47268
10087 8068 8370 6 7322 7323 47324 47540 47605 38131
10088 8068 8416 5 7323 7324 47548 47549 47325
10089 8162 8370 7 7325 7322 38133 47524 47520 47518 47222
10090 8416 8370 8 7323 7325 33447 33449 47809 46678 46680 47326
10091 8167 8133 4 7326 7327 36413 35719
10092 8305 8167 6 7326 7328 36425 34779 34776 35720
10093 5582 5415 7 7329 7330 69929 68033 68031 69940 69378
10094 5582 5524 6 7330 7331 69933 69934 69952 69957
10095 5353 5524 6 7331 7332 57229 56010 56009 56608
10096 5353 5415 8 7332 7329 69380 41131 41130 57707 57708 69950
10097 5353 5582 3 7329 7331 69379
10098 5524 5415 3 7330 7332 69958
10099 7874 7888 5 7333 7334 37653 45622 45621
10100 7874 8118 4 7334 7335 45796 37654
10101 8118 7888 5 7334 7336 36706 36705 37655
10102 6567 6640 6 7337 7338 53897 43917 43920 52950
10103 6567 6424 6 7338 7339 53042 41394 41395 53898
10104 6443 6424 6 7339 7340 8420 8419 41158 41160
10105 6443 6640 6 7340 7337 53750 43241 43240 43720
10106 6443 6567 4 7337 7339 53043 53749
10107 6424 6640 5 7338 7340 43721 53792 53791
10108 7641 7542 8 7341 7342 52892 52673 52046 52047 52693 52682
10109 7664 7542 4 7343 7341 52582 36998
10110 7411 7542 6 7342 7343 36999 37002 37001 46372
10111 6861 7351 6 7344 7345 50127 50126 50275 96475
10112 6861 7325 5 7345 7346 47609 46626 46627
10113 7758 7325 5 7346 7347 19243 19246 50415
10114 7758 7351 5 7347 7344 96477 96401 96402
10115 7758 6861 5 7344 7346 50414 96484 96476
10116 7325 7351 4 7345 7347 77762 50420
10117 5230 5317 5 7348 7349 72647 71002 71003
10118 5230 5304 7 7349 7350 72374 50859 50860 73881 73291
10119 5384 5304 4 7350 7351 69096 72264
10120 5384 5317 7 7351 7348 73109 73232 73504 89044 69095
10121 5384 5230 4 7348 7350 63670 63668
10122 5304 5317 8 7349 7351 69094 72463 72628 72630 72637 73197
10123 8228 8164 8 7352 7353 49333 49335 49374 49040 49041 44628
10124 8228 8688 4 7353 7354 49051 49052
10125 8073 8164 6 7355 7352 44630 49406 49362 49363
10126 8073 8228 3 7352 7354 44629
10127 8688 8164 9 7353 7355 44450 44449 48794 42975 42974 49373 49334
10128 8044 7969 5 7356 7357 96399 96380 48486
10129 8044 7351 3 7357 7358 96457
10130 7669 7351 5 7358 7359 22248 50193 96465
10131 7669 7969 3 7359 7356 22247
10132 7669 8044 6 7356 7358 96463 96387 96388 48487
10133 7351 7969 9 7357 7359 22246 96402 77762 77760 96187 96408 96456
10134 11784 11727 5 7360 7361 109756 146241 149650
10135 11784 89 4 7361 7362 124003 109757
10136 11773 89 4 7362 7363 123989 123988
10137 11773 11727 7 7363 7360 109419 109420 123120 149705 149703
10138 11773 11784 5 7360 7362 121462 121463 149651
10139 89 11727 5 7361 7363 149702 149701 109758
10140 6496 6282 3 7364 7365 54948
10141 6496 6244 6 7365 7366 56407 87010 88678 54949
10142 6213 6244 5 7366 7367 55840 16994 16993
10143 6213 6282 5 7367 7364 56190 55724 55723
10144 6213 6496 8 7364 7366 56405 56406 56481 56351 55350 55349
10145 6244 6282 8 7365 7367 55839 56261 56263 89235 89193 54950
10146 7438 7417 7 7368 7369 86210 86461 86437 86438 86436
10147 7438 7260 6 7369 7370 86584 86687 35290 35289
10148 7636 7260 8 7370 7371 56352 56355 19719 16975 16973 86585
10149 7636 7417 4 7371 7368 86430 86432
10150 7636 7438 3 7368 7370 86435
10151 7260 7417 5 7369 7371 86440 86442 86211
10152 8300 8402 6 7372 7373 8673 19308 19306 19304
10153 8193 8402 6 7373 7374 45812 44220 44219 8674
10154 8144 8300 9 7375 7376 47790 47573 46375 46376 46502 8672 8673
10155 8144 8454 4 7376 7377 46187 47725
10156 8120 8454 6 7377 7378 19309 45949 46303 46188
10157 8120 8300 3 7378 7375 19308
10158 8454 8300 9 7376 7378 19306 19305 33348 7473 7475 47575 47792
10159 7290 7209 8 7379 7380 45236 45237 52883 45734 45733 53940
10160 7290 7538 8 7380 7381 40560 52798 36498 36499 45857 45858
10161 7217 7538 5 7381 7382 44283 39924 39926
10162 7217 7290 4 7379 7381 40561 53937
10163 7538 7209 3 7380 7382 45162
10164 5181 5234 3 7383 7384 77113
10165 5181 5037 5 7384 7385 74798 14714 14713
10166 5364 5037 4 7385 7386 16117 16115
10167 5364 5234 9 7386 7383 77115 94890 75059 75058 74928 74927 74923
10168 5364 5181 10 7383 7385 74797 75010 19087 19086 91138 91139 77370 77114
10169 5037 5234 8 7384 7386 73821 73820 75003 75004 75184 77711
10170 3978 3749 5 7388 7389 75918 74641 74642
10171 3623 3749 6 7389 7390 75707 76030 76028 75919
10172 3623 4033 4 7390 7387 75873 75705
10173 3623 3978 6 7387 7389 75917 16304 14423 14425
10174 3749 4033 7 7388 7390 75706 84340 75445 75444 84458
10175 6385 6054 6 7391 7392 50832 50831 50902 12851
10176 6385 6449 4 7392 7393 50760 50990
10177 6370 6449 8 7393 7394 50954 49901 49899 49941 50270 50761
10178 6370 6054 5 7394 7391 12852 14321 50952
10179 6449 6054 4 7392 7394 50955 50975
10180 9855 9780 9 7395 7396 153091 152922 152865 152863 30068 30066 152910
10181 9855 9624 3 7396 7397 153043
10182 9592 9624 8 7397 7398 33715 44620 44622 153350 153361 153044
10183 9592 9780 3 7398 7395 33714
10184 9592 9855 7 7395 7397 153042 153099 31609 31611 153025
10185 9624 9780 6 7396 7398 33713 148446 151983 151982
10186 9572 9340 7 7399 7400 14223 105213 105214 151543 48041
10187 9572 9371 6 7400 7401 105222 104660 104661 14222
10188 9291 9371 5 7401 7402 105141 104641 104642
10189 9291 9340 5 7402 7399 48042 48456 48455
10190 9291 9572 4 7399 7401 105223 48040
10191 9371 9340 4 7400 7402 105163 14224
10192 8444 8648 7 7403 7404 19381 19382 48138 18929 18930
10193 1119 1670 6 7405 7406 34115 34114 66816 33579
10194 1119 1744 4 7406 7407 66584 132589
10195 1343 1744 4 7407 7408 66312 66586
10196 1343 1670 6 7408 7405 33581 132527 132452 66311
10197 1343 1119 9 7405 7407 66585 132601 132724 132731 131965 66805 33580
10198 1744 1670 11 7406 7408 66310 131970 131969 27713 27712 30272 30273 30133 30134
10199 10228 10388 4 7409 7410 21457 103698
10200 10228 10136 5 7410 7411 31870 31867 21458
10201 10497 10136 5 7411 7412 106737 109999 31871
10202 10497 10228 4 7409 7411 31644 31646
10203 10136 10388 5 7410 7412 106736 104297 21459
10204 4804 5169 5 7413 7414 67432 67385 67386
10205 4804 5210 6 7414 7415 67375 67376 38877 38878
10206 5259 5210 5 7415 7416 39582 13015 13016
10207 5259 5169 5 7416 7413 11591 11593 67483
10208 5259 4804 6 7413 7415 67472 67636 67489 67484
10209 5210 5169 5 7414 7416 67480 67478 67433
10210 5454 5686 7 7417 7418 65408 51150 51149 54187 43744
10211 5454 6129 4 7418 7419 65451 65409
10212 5938 6129 7 7419 7420 42856 43319 43318 12600 12598
10213 5938 5686 4 7420 7417 43746 42855
10214 5938 5454 5 7417 7419 65438 65440 43745
10215 6129 5686 6 7418 7420 42854 43315 49376 65378
10216 5780 5764 3 7421 7422 43342
10217 5780 5775 6 7422 7423 49853 49743 49591 43341
10218 6158 5775 4 7423 7424 49386 49854
10219 6158 5764 5 7424 7421 49783 49628 49385
10220 5775 5764 8 7422 7424 49365 49364 49630 65179 49799 43343
10221 6722 7422 5 7425 7426 7433 7434 11914
10222 6722 6749 5 7426 7427 48569 48571 48802
10223 6342 6749 8 7427 7428 44595 48539 48540 65326 50071 50069
10224 6342 7422 6 7428 7425 11915 19105 32755 44593
10225 6342 6722 5 7425 7427 50073 10789 10791
10226 5900 5784 6 7429 7430 17876 69076 91254 12844
10227 5900 5827 4 7430 7431 50780 17877
10228 5875 5827 7 7431 7432 46228 50913 8219 8217 50960
10229 5875 5784 4 7432 7429 12846 46227
10230 5875 5900 7 7429 7431 17848 17847 17875 18981 12845
10231 5827 5784 6 7430 7432 19176 19177 8549 8551
10232 6722 7452 7 7434 7435 7951 48495 44631 8203 8201
10233 7579 7452 4 7435 7436 32450 7952
10234 7579 6722 7 7433 7435 7950 44554 44555 49117 48802
10235 3617 3427 5 7437 7438 77912 77785 77787
10236 3617 3400 3 7438 7439 77911
10237 3286 3427 4 7440 7437 78028 74919
10238 3286 3617 6 7437 7439 79084 79085 79261 78027
10239 3400 3427 6 7438 7440 74918 80025 13620 13619
10240 6969 5930 4 7441 7442 49921 49923
10241 7235 6797 6 7443 7444 66055 45096 45098 49712
10242 7235 5930 5 7444 7441 49746 49745 66060
10243 7235 6969 7 7441 7443 49925 49934 49684 49683 49742
10244 6797 5930 4 7442 7444 66059 49922
10245 7170 7470 7 7446 7447 52936 43175 43173 53441 45900
10246 7188 7470 6 7447 7448 36480 36146 36144 52930
10247 7188 7493 9 7448 7445 9086 9085 53663 43519 43518 8301 8300
10248 7188 7170 5 7445 7447 44118 44117 52995
10249 3686 3447 7 7449 7450 12481 12479 59105 27519 27518
10250 3686 3442 4 7450 7451 30274 30277
10251 3324 3442 5 7451 7452 10156 57996 58689
10252 3324 3447 5 7452 7449 57627 58122 10155
10253 3324 3686 6 7449 7451 58728 58729 29962 29963
10254 3442 3447 6 7450 7452 10154 30312 58649 58804
10255 10137 10781 10 7453 7454 132971 154770 154714 154713 33508 33506 155110 155226
10256 10137 8599 5 7454 7455 132959 154141 132972
10257 10643 8599 7 7455 7456 132985 132948 132951 42668 42669
10258 10643 10781 8 7456 7453 155053 49011 44787 44786 151054 133547
10259 10643 10137 4 7453 7455 132958 155260
10260 8599 10781 3 7454 7456 132973
10261 6320 6028 4 7457 7458 49817 50072
10262 6320 5994 10 7458 7459 50004 50067 50090 33420 33421 44291 65759 49818
10263 6722 5994 4 7459 7460 43052 43050
10264 6722 6028 5 7460 7457 10789 10788 50031
10265 6722 6320 7 7457 7459 11892 11891 32752 48569 50073
10266 5994 6028 7 7458 7460 49998 49984 49920 49917 49819
10267 7471 8078 10 7461 7462 96504 96507 96434 96435 96527 77166 77164 77142
10268 7471 8608 5 7462 7463 32702 96494 96503
10269 8901 8078 4 7464 7461 77144 77253
10270 8901 7471 8 7461 7463 32703 96493 96498 76986 76985 77143
10271 8608 8078 5 7462 7464 96372 48419 48421
10272 7675 7452 5 7467 7468 47430 7951 7952
10273 7675 8031 5 7468 7465 48156 47853 47429
10274 7675 8165 6 7465 7467 48558 48769 48717 48544
10275 7452 8031 4 7466 7468 47428 48282
10276 5690 5750 7 7469 7470 54554 54555 54557 68006 67872
10277 5690 6022 5 7470 7471 10603 51727 51725
10278 5766 6022 6 7471 7472 43542 43543 51222 10604
10279 5766 5750 7 7472 7469 67873 54562 54225 53010 53009
10280 5766 5690 3 7469 7471 10602
10281 6022 5750 5 7470 7472 54495 43767 43769
10282 8300 8658 3 7473 7474 33347
10283 8300 8579 5 7474 7475 37777 37778 46979
10284 8454 8579 8 7475 7476 46383 45809 33090 33092 47793 47576
10285 8454 8658 4 7476 7473 33349 46382
10286 11546 7121 4 7477 7478 105225 105292
10287 8960 7121 5 7479 7477 105293 76670 76672
10288 7734 7121 5 7478 7479 77101 96306 96323
10289 8529 8476 8 7480 7481 98244 98245 98989 98990 99158 93121
10290 8529 8247 4 7481 7482 98953 98951
10291 8314 8247 7 7482 7483 93680 93679 89803 19981 19983
10292 8314 8476 6 7483 7480 93123 47262 17004 17003
10293 8314 8529 6 7480 7482 99004 99062 99303 93122
10294 5551 5539 4 7484 7485 48950 48951
10295 5551 5461 7 7485 7486 7883 7884 65447 11740 11741
10296 4720 5539 9 7487 7484 66022 66076 66075 66309 65797 65798 67213
10297 4720 5551 8 7484 7486 49772 49823 66295 66298 66263 66021
10298 5461 5539 4 7485 7487 67199 66153
10299 6855 7215 4 7488 7489 44461 8822
10300 6855 6694 11 7489 7490 49428 44053 44052 49972 7744 7745 51090 43457 43459
10301 7399 6694 3 7490 7491 44326
10302 7399 6855 5 7488 7490 45978 45977 8823
10303 6694 7215 6 7489 7491 44325 49892 50967 44462
10304 7301 7451 6 7492 7493 90725 90512 90511 16890
10305 7301 7321 4 7493 7494 90761 90726
10306 7221 7321 6 7494 7495 18296 46492 46491 90759
10307 7221 7451 4 7495 7492 16891 18294
10308 7221 7301 6 7492 7494 90750 90651 10555 10557
10309 7321 7451 6 7493 7495 18295 36958 90208 90349
10310 8159 8493 4 7496 7497 46574 50370
10311 8159 8497 7 7497 7498 7789 7677 7676 21709 46575
10312 8465 8159 4 7496 7498 45931 50458
10313 7569 7351 5 7499 7500 96481 96477 96475
10314 7569 11925 3 7500 7501 96439
10315 7123 11925 7 7501 7502 96182 96497 47989 47990 96441
10316 7123 7351 6 7502 7499 50275 50276 96311 96181
10317 11925 7351 7 7500 7502 96180 96374 96436 50193 50191
10318 9976 10106 5 7503 7504 108347 94149 19795
10319 9976 10168 5 7504 7505 108375 108372 108371
10320 10022 10168 6 7505 7506 98170 98169 104322 104321
10321 10022 10106 3 7506 7503 19797
10322 10022 9976 10 7503 7505 108373 108369 108365 108367 22714 22715 106327 19796
10323 10168 10106 5 7504 7506 102935 102707 102705
10324 7321 7411 5 7507 7508 17014 17012 19618
10325 7321 7409 6 7508 7509 47684 52211 47688 47691
10326 7322 7409 6 7509 7510 52219 52327 36985 36984
10327 7322 7411 7 7510 7507 19620 52399 50657 50658 52218
10328 7322 7321 5 7507 7509 47685 52382 19619
10329 7409 7411 5 7508 7510 19816 19815 52381
10330 8386 8270 5 7511 7512 37250 36454 19632
10331 8386 8586 9 7512 7513 36771 36774 21973 21971 46311 46670 46671
10332 8418 8586 3 7513 7514 37465
10333 8418 8270 5 7514 7511 19634 45485 37464
10334 8418 8386 7 7511 7513 37520 45144 45143 37523 19633
10335 8586 8270 5 7512 7514 37463 45365 45367
10336 3455 3566 9 7515 7516 12577 61517 61836 61837 62115 62116 63511
10337 3455 3709 5 7516 7517 10635 10636 12578
10338 3684 3709 6 7517 7518 62120 62118 28707 28708
10339 3684 3566 4 7518 7515 14951 14950
10340 3684 3455 7 7515 7517 62063 62080 63516 63513 63512
10341 3709 3566 5 7516 7518 63477 63495 12579
10342 6403 6487 6 7519 7520 96429 77522 77523 96076
10343 6403 6950 4 7520 7521 76978 96428
10344 7052 6950 6 7521 7522 16375 8004 8002 76980
10345 7052 6487 5 7522 7519 96077 10886 10885
10346 7052 6403 4 7519 7521 76979 77519
10347 6950 6487 5 7520 7522 16374 50140 96430
10348 8357 8325 3 7523 7524 21854
10349 8357 8085 6 7524 7525 97278 96444 96442 21855
10350 8149 8085 5 7525 7526 47505 97261 97279
10351 8149 8325 7 7526 7523 47444 47442 47881 48101 47504
10352 8149 8357 6 7523 7525 93809 93808 97139 95541
10353 8085 8325 6 7524 7526 47503 21461 21460 21856
10354 3627 3323 4 7527 7528 15434 78026
10355 3627 3498 5 7528 7529 78398 78070 15433
10356 3556 3498 6 7529 7530 15010 15012 25062 78049
10357 3556 3323 5 7530 7527 76340 76341 78629
10358 3556 3627 6 7527 7529 79003 76758 76760 78082
10359 8040 7516 10 7531 7532 44345 44346 43948 41917 41919 43242 44525 44453
10360 8040 7423 4 7532 7533 44885 44521
10361 7981 7516 5 7534 7531 43367 43366 44250
10362 7981 8040 5 7531 7533 42112 7752 7753
10363 7423 7516 5 7532 7534 44448 44533 44522
10364 4043 3799 5 7535 7536 61816 61818 11145
10365 4043 3821 4 7536 7537 62700 66335
10366 3598 3821 4 7537 7538 63698 62702
10367 3598 3799 6 7538 7535 11146 58998 66606 63697
10368 3821 3799 7 7536 7538 63696 66602 66600 66599 67050
10369 6930 7117 6 7539 7540 49390 49514 49515 43401
10370 6930 6905 4 7540 7541 43346 43345
10371 6925 6905 5 7541 7542 33495 42546 49588
10372 6925 6930 5 7539 7541 49587 49558 43400
10373 6905 7117 6 7540 7542 33494 44309 44314 49391
10374 8828 8741 5 7543 7544 43322 43320 46426
10375 8828 8497 6 7544 7545 49120 49258 49307 46128
10376 9036 8828 8 7543 7545 49119 7811 7703 7700 49183 46427
10377 8497 8741 6 7544 7546 38225 38224 46201 46129
10378 8531 8756 5 7547 7548 48812 33345 33346
10379 8531 8323 6 7548 7549 44414 44415 46012 49056
10380 8528 8323 5 7549 7550 44187 44186 44649
10381 8528 8756 8 7550 7547 46003 42963 42964 44720 48851 44623
10382 7733 7651 5 7553 7554 44510 44507 7813
10383 7733 7939 7 7554 7551 43097 43151 44615 49378 44640
10384 7651 7939 5 7552 7554 44639 44530 7786
10385 7117 7733 6 7555 7556 44308 44309 44313 49380
10386 7610 7031 3 7557 7558 43557
10387 7610 7733 6 7558 7555 49379 44640 44510 44509
10388 7610 7117 8 7555 7557 43555 49585 49553 49419 49353 49351
10389 7031 7733 7 7556 7558 44511 44538 44540 44463 44316
10390 9171 9543 8 7559 7560 105081 22137 22138 106056 106059 22237
10391 9171 9600 4 7560 7561 21917 21918
10392 9685 9600 5 7561 7562 95775 21991 21992
10393 9685 9543 7 7562 7559 22238 106224 14406 14407 95773
10394 9685 9171 4 7559 7561 22014 22011
10395 9600 9543 5 7560 7562 95774 95449 95448
10396 8868 8539 6 7563 7564 8747 47966 32290 32289
10397 9003 8539 4 7564 7565 96977 8749
10398 8539 8717 7 7563 7565 94704 47475 47476 47815 47133
10399 9124 8915 5 7566 7567 32605 47500 105093
10400 9124 8648 4 7567 7568 104203 32606
10401 8655 8648 6 7568 7569 19383 19381 48225 95521
10402 8655 8915 6 7569 7566 105146 96731 96725 96726
10403 8655 9124 4 7566 7568 149920 105147
10404 8648 8915 6 7567 7569 48236 21779 21781 32607
10405 5661 5947 4 7570 7571 43354 43382
10406 5661 6031 6 7571 7572 49795 11427 11425 43355
10407 5780 6031 3 7572 7573 49645
10408 5780 5947 6 7573 7570 49855 49853 49794 49644
10409 5780 5661 8 7570 7572 49621 49623 49716 65122 51136 51135
10410 6031 5947 8 7571 7573 49643 49958 49960 51232 54272 43356
10411 3896 3648 7 7574 7575 64256 64415 61328 61330 12289
10412 3896 4050 5 7575 7576 65842 62277 62279
10413 3995 4050 4 7576 7577 64739 65843
10414 3995 3648 6 7577 7574 12290 65890 65983 64738
10415 3995 3896 5 7574 7576 49904 11827 11826
10416 4050 3648 4 7575 7577 14722 14723
10417 9056 8599 7 7578 7579 33577 132951 132950 44889 44890
10418 9056 7563 5 7579 7580 44772 133750 33578
10419 7981 7563 7 7580 7581 42729 42931 49140 44770 44769
10420 7981 8599 5 7581 7578 155206 44887 42728
10421 7981 9056 5 7578 7580 44771 44781 155205
10422 7563 8599 6 7579 7581 12341 12339 27818 27817
10423 10822 10956 4 7582 7583 146724 147058
10424 10822 10753 6 7583 7584 155652 156460 156332 146725
10425 10926 10753 4 7584 7585 144186 144189
10426 10926 10956 7 7585 7582 156084 147332 147331 147357 147472
10427 10926 10822 6 7582 7584 34817 34523 34520 156083
10428 10753 10956 6 7583 7585 147471 147690 147321 146726
10429 7392 7781 5 7586 7587 41094 40101 40102
10430 7392 7672 6 7587 7588 39776 56837 56467 56465
10431 7776 7672 3 7588 7589 39777
10432 7776 7781 5 7589 7586 39126 39127 40487
10433 7672 7781 8 56846 56641 7587 7589 39774 38920 38919 -1
10434 7910 8527 5 7590 7591 96382 96172 96173
10435 7910 8689 6 7591 7592 31173 96385 48246 48245
10436 8182 8689 7 7592 7593 48362 48452 105174 48424 31175
10437 8182 8527 9 7593 7590 22251 22142 22143 48435 48760 48374 48361
10438 8182 7910 4 7590 7592 31174 95964
10439 8689 8527 4 7591 7593 48360 96012
10440 6808 6129 6 7594 7595 43387 43385 49777 49090
10441 6808 6582 4 7595 7596 32692 32690
10442 6924 6129 4 7597 7594 43324 43318
10443 6582 6129 5 7595 7597 43319 11624 11621
10444 4605 5121 5 7598 7599 65361 65584 14305
10445 4605 5078 7 7599 7600 72815 14194 14195 72814 65362
10446 4650 5121 3 7601 7598 14307
10447 4650 4605 7 7598 7600 64761 8221 8223 72599 14306
10448 5078 5121 8 7599 7601 17872 65518 72694 72846 72764 65363
10449 8069 8374 3 7602 7603 43861
10450 8187 7939 3 7604 7605 44456
10451 8187 8374 5 7605 7602 44188 43209 43211
10452 7939 8374 7 7603 7605 44455 49247 47909 44454 43862
10453 7325 7239 4 7606 7607 8003 8001
10454 7325 7926 6 7607 7608 22252 19245 19246 48537
10455 8182 7926 5 7608 7609 19121 22142 22250
10456 8182 7239 6 7609 7606 48475 48568 48628 19120
10457 8182 7325 4 7606 7608 18970 18969
10458 7926 7239 7 7607 7609 11211 11210 47646 96676 48538
10459 3770 3740 9 7610 7611 11901 63892 64701 61496 11867 11869 49976
10460 3770 3661 6 7611 7612 50187 62076 11676 11677
10461 3730 3661 8 7612 7613 9956 9957 63741 63742 63778 50188
10462 3730 3740 7 7613 7610 49978 61323 63374 63373 63553
10463 3730 3770 4 7610 7612 50186 49977
10464 3661 3740 3 7611 7613 11902
10465 11580 11668 5 7614 7615 128744 110226 110224
10466 11580 11811 5 7615 7616 111145 128658 144878
10467 11571 11811 4 7616 7617 27442 27443
10468 11571 11668 4 7617 7614 145165 30535
10469 11571 11580 7 7614 7616 23177 23176 109953 124106 145146
10470 11811 11668 6 7615 7617 30536 27186 27188 124793
10471 9711 9673 7 7618 7619 104117 104118 32808 32809 93992
10472 9711 9832 3 7619 7620 105058
10473 9920 9832 6 7620 7621 104508 104506 106834 105245
10474 9920 9673 5 7621 7618 93993 95574 104751
10475 9920 9711 4 7618 7620 104244 93991
10476 9832 9673 6 7619 7621 104553 104555 107126 105059
10477 8758 8566 4 7622 7623 32288 47145
10478 8758 8539 6 7623 7624 37574 47076 47133 32289
10479 8312 8539 7 7624 7625 47861 47456 47455 47811 37576
10480 8312 8566 6 7625 7622 19420 19422 46609 46606
10481 8312 8758 4 7622 7624 37575 47765
10482 8539 8566 4 7623 7625 47860 32290
10483 7454 7486 5 7626 7627 94971 95069 90978
10484 7454 8103 6 7627 7628 95131 95685 92340 92341
10485 7907 8103 8 7628 7629 93721 93467 93184 93185 97551 95132
10486 7907 7454 5 7626 7628 91718 17865 17864
10487 8103 7486 5 7627 7629 93781 91738 91736
10488 9373 9269 10 7630 7631 104170 47086 33141 33134 33135 150931 150929 21733
10489 9373 9691 6 7631 7632 151372 151743 33128 33129
10490 9689 9691 8 7632 7633 151688 151689 33270 33271 48015 151373
10491 9689 9269 5 7633 7630 21735 47870 151987
10492 9689 9373 4 7630 7632 47950 21734
10493 9691 9269 4 7631 7633 152071 104171
10494 6939 7038 8 7634 7635 50497 25735 25734 90990 90976 90977
10495 6939 7108 4 7635 7636 90954 90989
10496 6873 7108 9 7636 7637 17016 17018 90347 91896 90843 90369 90367
10497 6873 7038 4 7637 7634 91816 91853
10498 6873 6939 5 7634 7636 89926 89928 91812
10499 7108 7038 5 7635 7637 17749 17751 90762
10500 11938 11678 6 7638 7639 106155 91123 91121 106225
10501 11938 11401 5 7639 7640 31813 31811 106113
10502 10764 11938 7 7638 7640 104082 104084 105450 47480 47479
10503 8487 8648 6 7641 7642 18930 18931 48163 48137
10504 8487 8601 5 7642 7643 48151 21915 21914
10505 8785 8487 8 7641 7643 48303 48301 48110 30915 30914 48083
10506 10382 10640 6 7644 7645 76427 94822 106372 106442
10507 10382 7681 3 7645 7646 76428
10508 10399 7681 5 7646 7647 96050 106450 106423
10509 10399 10640 4 7647 7644 25743 25745
10510 10399 10382 9 7644 7646 106418 106417 94332 25775 25774 75931 75928
10511 7681 10640 7 7645 7647 96049 122151 96212 76573 76429
10512 8712 8773 7 7648 7649 97421 97366 97367 94601 94602
10513 8712 8733 5 7649 7650 14402 93568 97419
10514 8481 8773 7 7651 7648 97372 93294 93291 97393 97381
10515 8481 8712 5 7648 7650 14401 95715 95716
10516 8733 8773 4 7649 7651 97378 97380
10517 6773 6720 5 7652 7653 11682 54152 44193
10518 6854 6895 3 7654 7655 44200
10519 6854 6720 6 7655 7652 43292 43293 43501 44299
10520 6854 6773 6 7652 7654 44191 43905 43236 43235
10521 6895 6720 6 7653 7655 44301 44195 40768 11683
10522 8734 8628 3 7657 7658 31963
10523 4486 4685 5 7659 7660 63425 68407 68406
10524 4486 4303 5 7660 7661 65507 65505 63426
10525 4378 4303 5 7661 7662 61553 61550 61879
10526 4378 4685 4 7662 7659 68538 67558
10527 4378 4486 5 7659 7661 68500 68499 68510
10528 4303 4685 5 7660 7662 27899 27898 63427
10529 8231 8160 4 7663 7664 93364 93548
10530 8184 8160 6 7664 7665 21332 20261 20264 93365
10531 8160 8322 3 7663 7665 93541
10532 2066 1729 4 7666 7667 135635 7712
10533 2066 1747 5 7667 7668 64356 64482 64494
10534 1831 1747 4 7668 7669 117397 64358
10535 1831 1729 6 7669 7666 7714 136165 135198 117395
10536 1831 2066 5 7666 7668 64357 64468 7713
10537 1747 1729 5 7667 7669 117396 135298 135636
10538 3430 3394 4 7670 7671 62352 62353
10539 3430 3464 6 7671 7672 15691 62567 63041 63036
10540 3329 3464 5 7672 7673 62804 28513 15692
10541 3329 3394 5 7673 7670 62643 62737 62736
10542 3329 3430 5 7670 7672 15690 24894 62586
10543 3464 3394 5 7671 7673 15427 15429 60574
10544 8487 8177 5 7674 7675 48077 48299 48110
10545 8487 8159 4 7675 7676 21708 46270
10546 8497 8177 5 7677 7674 48111 49260 7788
10547 8497 8487 4 7674 7676 21707 30915
10548 8159 8177 7 7675 7677 7787 48079 48158 48154 48078
10549 10908 10796 6 7678 7679 147000 154707 154186 31170
10550 10908 10621 3 7679 7680 147001
10551 10627 10621 7 7680 7681 154341 154343 146551 146550 146750
10552 10627 10796 5 7681 7678 31172 32533 32532
10553 10627 10908 6 7678 7680 131441 131439 154463 31171
10554 10621 10796 8 7679 7681 31700 31699 154577 153000 153002 147002
10555 9064 9097 6 7682 7683 39954 33484 33485 153916
10556 9064 8805 5 7683 7684 44920 42677 39953
10557 9088 9064 6 7682 7684 45075 147505 153481 153917
10558 9662 9666 8 7685 7686 152779 152777 152862 34299 34300 44479
10559 9662 9566 4 7686 7687 152442 152794
10560 9353 9566 7 7687 7688 152298 152296 153159 32442 32441
10561 9353 9666 4 7688 7685 152874 152873
10562 9353 9662 6 7685 7687 35051 35052 152804 152886
10563 9566 9666 7 7686 7688 152871 34307 34309 152446 152795
10564 10558 10764 5 7689 7690 106036 47480 47478
10565 10558 10217 5 7690 7691 105794 105795 106178
10566 10441 10217 8 7691 7692 105343 31424 31423 104199 104198 106011
10567 10441 10764 7 7692 7689 106478 106852 106435 105808 105341
10568 10441 10558 6 7689 7691 105501 22366 22367 105382
10569 10217 10764 4 7690 7692 105342 105986
10570 7544 7422 5 7693 7694 48649 27487 27488
10571 8201 7544 5 7693 7695 48905 32318 32320
10572 8223 8943 5 7696 7697 48857 49005 49318
10573 8223 9098 7 7697 7698 48859 48860 49250 49257 48858
10574 8756 9098 8 7698 7699 32960 152452 43991 43992 44583 44720
10575 8756 8943 5 7699 7696 49182 49180 32958
10576 8756 8223 4 7696 7698 48851 48850
10577 9098 8943 6 7697 7699 32959 33051 46470 46471
10578 9205 8828 3 7700 7701 48363
10579 9205 8944 7 7701 7702 18996 18999 7822 7823 48364
10580 9036 8944 4 7702 7703 7812 48352
10581 9036 9205 5 7700 7702 28905 28904 150925
10582 8944 8828 7 7701 7703 7810 49311 48884 48886 48365
10583 10108 9828 7 7704 7705 152789 154037 154083 42709 42607
10584 10108 10185 3 7705 7706 44699
10585 10353 9828 4 7707 7704 42609 153873
10586 10353 10108 9 7704 7706 44700 146815 154287 154286 154619 42836 42608
10587 10185 9828 7 7705 7707 153872 153967 154736 154045 152790
10588 9212 9304 5 7708 7709 156738 156739 154106
10589 9212 9672 4 7709 7710 34138 34136
10590 9870 9672 6 7710 7711 142283 155624 156816 156465
10591 9870 9304 4 7711 7708 41080 41077
10592 9870 9212 7 7708 7710 34278 34277 42062 152963 154107
10593 9672 9304 6 7709 7711 132864 132866 155736 155740
10594 1888 1831 5 7713 7714 136149 136150 64480
10595 1888 1729 8 7714 7712 135638 135243 121255 119224 119221 136175
10596 1888 2066 7 7712 7713 64479 135577 135610 135720 135637
10597 4112 3976 5 7715 7716 65689 65857 77183
10598 4112 4411 8 7716 7717 77188 77267 77415 77448 78386 65690
10599 4131 4411 6 7717 7718 49753 64696 65889 77189
10600 4131 3976 5 7718 7715 77125 65961 49751
10601 4131 4112 3 7715 7717 77182
10602 4411 3976 3 7716 7718 49752
10603 9823 8591 6 7719 7720 34071 34070 49062 49061
10604 9823 7 8 7720 7721 42743 7967 7965 133481 132696 132697
10605 2505 7 7 7721 7722 155231 126686 126687 32258 32256
10606 2505 8591 7 7722 7719 66302 66300 66301 133691 155230
10607 2505 9823 5 7719 7721 42744 48890 150715
10608 7 8591 3 7720 7722 155232
10609 488 448 6 7723 7724 129369 129370 130106 130104
10610 335 448 5 7724 7725 130473 130598 130532
10611 448 394 3 7723 7725 130182
10612 5213 5142 8 7726 7727 66072 65987 28098 28101 49999 65710
10613 4675 5142 5 7727 7728 54330 65324 65323
10614 5142 5335 7 7726 7728 54328 62210 62209 65246 65245
10615 3584 3480 3 7729 7730 12419
10616 3584 3483 5 7730 7731 60144 7935 7933
10617 3514 3483 3 7731 7732 29793
10618 3514 3480 5 7732 7729 60783 60796 29792
10619 3483 3480 6 7730 7732 10225 10224 60341 12420
10620 6384 7590 3 7734 7735 32685
10621 6384 8121 4 7735 7733 48899 48896
10622 6384 6907 7 7733 7734 32684 48975 66077 48976 48978
10623 6364 6084 8 7736 7737 55022 55061 55029 50931 8570 8571
10624 6364 6411 6 7737 7738 41049 51559 55060 55021
10625 6254 6364 7 7736 7738 41050 51491 53848 53044 41117
10626 4309 4662 5 7739 7740 73473 78088 13875
10627 4309 4575 4 7740 7741 78046 73474
10628 4427 4575 4 7741 7742 72976 77902
10629 4427 4662 4 7742 7739 13877 72975
10630 4427 4309 9 7739 7741 75345 75343 78987 78426 78425 78062 13876
10631 4575 4662 7 7740 7742 14457 14454 77922 77952 73475
10632 6855 6668 4 7745 7743 44711 44708
10633 6855 6686 6 7743 7744 49970 49554 48701 48703
10634 6753 5849 5 7746 7747 65934 48989 32182
10635 6753 6087 7 7747 7748 48945 10467 10470 11956 11955
10636 6568 6087 8 7748 7749 65969 11346 11345 66096 48949 48946
10637 6568 5849 8 7749 7746 32184 48837 48410 48409 48693 65968
10638 6568 6753 6 7746 7748 32626 11721 11720 32183
10639 6087 5849 3 7747 7749 65935
10640 8743 8040 5 7751 7752 42111 44013 44606
10641 7981 8081 4 7753 7750 43365 43367
10642 7981 8743 8 7750 7752 42110 155204 44781 44777 44778 44779
10643 8040 8081 7 7751 7753 44453 44255 44254 44664 44607
10644 7783 7952 5 7754 7755 49529 44687 44688
10645 7783 7565 6 7755 7756 46553 46436 46438 49549
10646 7983 7565 6 7756 7757 46639 49426 32688 32687
10647 7983 7783 4 7754 7756 46643 46644
10648 7565 7952 4 7755 7757 46638 49547
10649 9232 9314 4 7759 7760 133825 38084
10650 9126 9314 5 7760 7761 46098 105477 105478
10651 9126 9442 4 7761 7758 47078 46096
10652 9126 9232 10 7758 7760 133824 47065 47064 152116 46715 46714 158238 158253
10653 9314 9442 9 7759 7761 46097 152629 152615 152504 152502 152162 38085
10654 1852 2032 6 7762 7763 114295 117417 117420 24653
10655 1852 1942 7 7763 7764 117971 118058 117997 117821 114296
10656 1927 1942 3 7764 7765 117972
10657 1927 2032 6 7765 7762 24655 117938 117937 117979
10658 1927 1852 8 7762 7764 117682 117680 117877 117998 26334 24654
10659 1942 2032 7 7763 7765 117976 117978 117975 117819 114297
10660 6059 6098 6 7766 7767 48258 48259 48427 12765
10661 6059 6370 6 7767 7768 19136 19122 19123 50131
10662 5738 6370 6 7768 7769 14320 14321 50950 50109
10663 5738 6098 6 7769 7766 12766 77576 96617 50846
10664 5738 6059 6 7766 7768 19148 19145 50119 12764
10665 6620 6714 6 7770 7771 9178 9179 41121 41004
10666 6620 6815 6 7771 7772 41930 41123 41114 33962
10667 7107 6815 5 7772 7773 12521 12520 41948
10668 7107 6714 4 7773 7770 41006 39012
10669 7107 6620 6 7770 7772 41947 39826 39825 41005
10670 6815 6714 4 7771 7773 39011 33963
10671 6276 6428 5 7774 7775 50969 50968 50755
10672 6276 6449 8 7775 7776 8708 8707 50975 50990 50991 51006
10673 6366 6449 6 7776 7777 8055 49797 49899 49900
10674 6366 6428 5 7777 7774 49992 49980 8053
10675 6366 6276 4 7774 7776 14269 14268
10676 6449 6428 5 7775 7777 8054 49983 51005
10677 3554 3662 6 7778 7779 79641 79543 79542 75943
10678 3554 3792 4 7779 7780 78108 79606
10679 3895 3792 6 7780 7781 14739 77583 11098 11097
10680 3895 3662 4 7781 7778 75944 14738
10681 3895 3554 6 7778 7780 78109 78984 79221 75942
10682 3792 3662 6 7779 7781 14737 78432 77941 77940
10683 7867 7759 6 7782 7783 21993 96813 96814 97599
10684 7867 8264 5 7783 7784 95272 97607 21994
10685 8149 8264 6 7784 7785 17723 47881 47880 95273
10686 8149 7759 5 7785 7782 52484 52486 17721
10687 8264 7759 4 7783 7785 17722 21995
10688 8221 8177 5 7787 7788 45920 44381 44382
10689 8221 8497 6 7788 7789 8787 8785 49307 49308
10690 8159 8221 6 7787 7789 45931 50468 22019 22020
10691 7523 7871 7 7790 7791 17205 50016 50181 49942 49943
10692 7523 7583 7 7791 7792 50517 50498 50499 49537 17204
10693 7848 7583 3 7792 7793 47723
10694 7848 7871 8 7793 7790 50287 50431 47819 47402 47401 47630
10695 7848 7523 5 7790 7792 50518 50526 50286
10696 7583 7871 7 7791 7793 47722 52317 49883 47747 17206
10697 7087 6965 5 7794 7795 40684 40685 56930
10698 7087 7273 6 7795 7796 40466 8964 8835 8836
10699 6894 7273 6 7796 7797 9431 9430 53636 56738
10700 6894 6965 6 7797 7794 56909 56678 55196 52834
10701 6894 7087 4 7794 7796 56882 56931
10702 7273 6965 4 7795 7797 52602 40715
10703 4720 3958 6 7798 7799 32676 133566 43763 43766
10704 4720 6308 6 7799 7800 66266 66264 66263 32677
10705 5438 6308 3 7800 7801 65302
10706 5438 3958 6 7801 7798 48543 43010 8147 8146
10707 5438 4720 6 7798 7800 66267 66254 66076 48542
10708 6308 3958 6 7799 7801 65301 134011 133772 32678
10709 6059 6472 4 7802 7803 19229 10601
10710 6059 6366 5 7803 7804 19122 19135 50161
10711 6677 6366 4 7804 7805 49797 19124
10712 6677 6472 7 7805 7802 8151 8152 50386 50357 49796
10713 6677 6059 5 7802 7804 19123 50180 10600
10714 6366 6472 5 7803 7805 8055 8053 49981
10715 8764 8565 7 7806 7807 49017 155144 43117 43118 48211
10716 8764 8368 5 7807 7808 49136 49141 49018
10717 8262 8368 6 7808 7809 48865 43115 12320 12317
10718 8262 8565 5 7809 7806 42450 42449 49354
10719 8368 8565 7 7807 7809 49295 44741 44739 44768 44767
10720 8806 8828 5 7810 7811 49224 49258 49309
10721 8806 9036 4 7811 7812 48351 49225
10722 8944 8806 9 7810 7812 48350 151369 48974 46414 32866 32868 49310
10723 8532 8293 9 7814 7815 48306 48307 32569 32570 48345 48283 48192
10724 8532 7675 3 7815 7816 48717
10725 8101 7675 5 7816 7817 48319 48719 48769
10726 8101 8293 4 7817 7814 48193 48318
10727 7675 8293 6 7815 7817 48281 48157 48156 48544
10728 9479 9574 6 7818 7819 47238 47239 104094 104095
10729 9479 9627 5 7819 7820 152058 104961 104964
10730 9441 9574 3 7821 7818 148500
10731 9441 9479 6 7818 7820 152073 151979 134724 134725
10732 9627 9574 7 7819 7821 148501 151928 151947 104008 104007
10733 8913 8944 8 7823 7824 44380 44378 49075 48885 48886 49057
10734 8944 9132 7 7822 7824 150811 150758 109315 46450 46447
10735 207 318 6 7825 7826 146663 142957 142953 142366
10736 207 90 7 7826 7827 142859 142767 142766 142992 142993
10737 604 90 7 7827 7828 58774 58772 142601 34126 34127
10738 604 318 6 7828 7825 142368 142948 142677 142679
10739 604 207 3 7825 7827 142367
10740 10463 10457 5 7830 7831 148016 147099 147101
10741 10463 10380 9 7831 7829 32293 32292 149858 149893 150671 152371 149272
10742 11499 11771 4 7832 7833 30810 109920
10743 11499 11805 5 7833 7834 105455 148856 30809
10744 11692 11805 3 7834 7835 105456
10745 11692 11771 7 7835 7832 109922 129033 129034 148959 145236
10746 11692 11499 6 7832 7834 105454 32363 32365 109921
10747 11805 11771 8 7833 7835 128822 109943 109945 128803 149626 30811
10748 7259 6753 5 7839 7840 32626 48945 48892
10749 7644 6753 5 7840 7841 32754 11719 11721
10750 6753 7544 5 7839 7841 27487 11793 11791
10751 1617 1621 5 7842 7843 130590 11961 11962
10752 1243 1531 5 7844 7845 132241 134255 134616
10753 1243 1621 4 7845 7842 131693 132058
10754 1243 1617 5 7842 7844 132200 66455 66454
10755 1531 1621 7 7843 7845 132240 132249 132141 132140 132088
10756 9261 9100 5 7846 7847 96686 96685 21449
10757 9261 9066 3 7847 7848 105228
10758 9165 9066 6 7848 7849 50406 96924 104520 104521
10759 9165 9100 4 7849 7846 18749 18751
10760 9165 9261 7 7846 7848 22271 22273 105192 104900 21450
10761 9066 9100 8 7847 7849 50405 95396 95395 28171 22266 22267
10762 9543 9572 5 7850 7851 95449 95447 105213
10763 9543 9913 6 7851 7852 105962 106227 95773 95774
10764 9605 9913 3 7852 7853 105963
10765 9605 9572 6 7853 7850 105214 151545 106032 106028
10766 9605 9543 6 7850 7852 96845 96844 22138 22140
10767 9913 9572 6 7851 7853 106027 105349 104120 96478
10768 1732 1667 8 7854 7855 117399 117468 119299 123517 123531 117376
10769 1732 1733 5 7855 7856 119551 119328 117400
10770 1712 1733 9 7856 7857 117773 116588 116585 117289 117291 119492 119552
10771 1712 1667 3 7857 7854 117378
10772 1712 1732 5 7854 7856 119499 119457 117377
10773 1733 1667 8 7855 7857 116528 116527 123508 117541 117540 117401
10774 7889 8189 6 7858 7859 46760 97571 97458 8087
10775 7889 7830 4 7859 7860 17134 46761
10776 7698 7830 5 7860 7861 96792 50427 17135
10777 7698 8189 6 7861 7858 8089 97025 97022 97021
10778 7698 7889 6 7858 7860 17133 90256 90255 8088
10779 7830 8189 4 7859 7861 21574 21571
10780 3548 3612 8 7862 7863 13007 13005 64365 64367 64160 11157
10781 3548 3384 6 7863 7864 64377 64321 63945 28848
10782 3229 3384 5 7864 7865 8016 8015 64364
10783 3229 3548 4 7862 7864 64376 11158
10784 3384 3612 3 7863 7865 11897
10785 8895 9098 8 7866 7867 151037 105469 46470 46472 49257 48900
10786 8895 9129 6 7867 7868 43107 49118 49167 150850
10787 9215 9129 5 7868 7869 151008 155182 43109
10788 9215 9098 9 7869 7866 44670 44641 44642 44798 152832 152833 151007
10789 9215 8895 3 7866 7868 43108
10790 9129 9098 4 7867 7869 44575 44574
10791 6180 6281 6 7870 7871 55750 55841 55154 55152
10792 6101 6286 4 7872 7873 35740 35742
10793 6101 6281 5 7873 7870 55608 55795 51969
10794 6101 6180 6 7870 7872 55952 55263 50596 50598
10795 6286 6281 5 7871 7873 51970 51907 51904
10796 4031 4222 5 7874 7875 62313 62314 66935
10797 4031 4209 5 7875 7876 65017 64153 64152
10798 4359 4209 6 7876 7877 67275 67261 67260 65197
10799 4359 4222 5 7877 7874 66318 66317 66379
10800 4359 4031 6 7874 7876 65051 10987 10989 65139
10801 4209 4222 8 7875 7877 67274 66272 28563 28564 66080 66078
10802 6359 6458 4 7879 7880 43477 43741
10803 6272 6458 6 7880 7881 43674 43533 12336 12337
10804 6272 5761 4 7881 7878 42620 43758
10805 6272 6359 7 7878 7880 41184 41183 42683 43516 42619
10806 6458 5761 6 7879 7881 43759 66308 66284 43742
10807 5551 4803 4 7882 7883 49772 49822
10808 6291 5461 5 7884 7885 67291 43201 43202
10809 6291 4803 6 7885 7882 43729 43731 66911 67290
10810 6291 5551 8 7882 7884 65384 65386 48921 48923 9632 9634
10811 5461 4803 7 7883 7885 12671 12673 67014 9992 9993
10812 7190 6786 7 7886 7887 52594 51333 51331 53991 53990
10813 7190 6974 3 7887 7888 52595
10814 7217 6786 3 7889 7886 53884
10815 7217 7190 5 7886 7888 45146 45148 54058
10816 6974 6786 9 7887 7889 53883 53889 53888 53912 53914 54004 52596
10817 7477 7226 6 7890 7891 39827 39791 39790 43155
10818 8046 7285 4 7892 7893 42202 42201
10819 7285 7226 5 7891 7893 42954 42953 39828
10820 4750 4887 5 7894 7895 72790 72789 77380
10821 4750 4856 3 7895 7896 74771
10822 4906 4856 6 7896 7897 75013 72560 72557 75128
10823 4906 4887 5 7897 7894 77381 77603 75012
10824 4906 4750 8 7894 7896 75015 75014 74309 74308 73740 73739
10825 4856 4887 5 7895 7897 75011 75060 74772
10826 6483 6338 5 7898 7899 51259 53809 12284
10827 6483 6504 5 7899 7900 45863 50797 50799
10828 6091 6504 5 7900 7901 17947 17800 17799
10829 6091 6483 5 7898 7900 45864 51268 12285
10830 6504 6338 7 7899 7901 17946 47720 50490 50489 51118
10831 5722 5917 4 7902 7903 96150 96608
10832 5722 6083 7 7903 7904 51860 51858 90903 96018 96019
10833 6017 6083 4 7904 7905 8702 91025
10834 6017 5917 4 7905 7902 90988 8700
10835 6017 5722 8 7902 7904 96542 91020 91022 96618 96620 96607
10836 6083 5917 6 7903 7905 8701 72626 72623 77875
10837 7813 7835 4 7907 7908 38778 35446
10838 7813 7700 6 7908 7906 35858 36397 36398 38777
10839 7813 7895 6 7906 7907 35445 36079 36080 35856
10840 6416 5984 4 7909 7910 50824 51614
10841 6416 6474 6 7910 7911 51933 51973 51974 50825
10842 6225 6474 4 7911 7912 50639 50637
10843 6225 5984 6 7912 7909 51652 48973 48970 50746
10844 6225 6416 6 7909 7911 51611 51613 51527 51526
10845 6474 5984 8 7910 7912 50745 50710 50709 51171 51127 50826
10846 5611 5719 4 7913 7914 54338 67323
10847 5611 5949 4 7914 7915 54079 54324
10848 5843 5949 4 7915 7916 43392 54081
10849 5843 5719 6 7916 7913 67392 67360 54267 43391
10850 5843 5611 9 7913 7915 54080 54156 54155 54243 49803 49802 67373
10851 5949 5719 7 7914 7916 43390 54439 53740 53739 54107
10852 6712 6393 4 7917 7918 90864 17447
10853 6712 6350 7 7918 7919 11234 55733 52112 52115 90900
10854 6467 6350 7 7919 7920 51825 51645 51455 51456 11235
10855 6467 6393 6 7920 7917 17449 51986 51930 51823
10856 6467 6712 6 7917 7919 11233 51441 51440 17448
10857 6350 6393 7 7918 7920 51824 51818 51573 51575 90902
10858 6236 6200 9 7921 7922 65422 77604 77605 50158 50156 96546 96545
10859 6236 5864 4 7922 7923 96513 65423
10860 5826 5864 6 7923 7924 95851 94914 91590 91589
10861 5826 6200 5 7924 7921 96553 95531 95530
10862 5826 6236 4 7921 7923 77218 77215
10863 5864 6200 3 7922 7924 65424
10864 3278 3314 7 7925 7926 57016 12214 12215 12524 12523
10865 3278 3190 3 7926 7927 57017
10866 3349 3190 7 7927 7928 9624 58368 10930 10931 58959
10867 3349 3314 4 7928 7925 12492 9623
10868 3349 3278 6 7925 7927 10309 10310 58889 57015
10869 3190 3314 6 7926 7928 9622 62527 62528 57018
10870 4567 4701 6 7929 7930 71767 61241 61239 61700
10871 4567 4315 7 7930 7931 61633 61698 61695 61696 71770
10872 4421 4315 8 7931 7932 69523 69524 73128 61246 60014 60015
10873 4421 4567 4 7929 7931 61198 61197
10874 4315 4701 4 7930 7932 71789 71771
10875 3584 3474 7 7934 7935 60762 29590 10266 10267 59175
10876 3483 3474 6 7935 7936 10894 10893 60753 60788
10877 3483 3652 5 7936 7933 12420 60340 60754
10878 3474 3652 3 7934 7936 59176
10879 5456 5169 3 7939 7940 12775
10880 5456 5172 10 7940 7941 65562 65560 68297 68298 68305 68311 68245 67921
10881 5442 5456 6 7939 7941 68217 67949 65485 12776
10882 5861 5679 7 7942 7943 49266 95649 96410 7946 7947
10883 5861 5713 5 7943 7944 50129 50130 49267
10884 5738 5713 9 7944 7945 65649 65650 65795 65796 77575 12766 12764
10885 5738 5679 6 7945 7942 19145 19147 43067 65652
10886 5738 5861 3 7942 7944 50119
10887 5713 5679 4 7943 7945 65594 49268
10888 5861 6059 8 7947 7948 50154 96248 48425 48427 50129 50119
10889 5881 6059 4 7948 7949 50099 50096
10890 5881 5679 8 7949 7946 96514 65775 65669 65668 65741 50213
10891 5881 5861 4 7946 7948 50153 76929
10892 6059 5679 7 7947 7949 50212 65769 65770 19146 19145
10893 7675 7579 9 7952 7950 19272 19271 50253 50252 48720 48719 48558
10894 7675 6722 4 7950 7951 11889 11888
10895 5030 5146 6 7953 7954 57312 69136 56105 56104
10896 5030 5003 5 7954 7955 54515 54516 57313
10897 4845 5003 5 7955 7956 51133 67723 67823
10898 4845 5030 4 7953 7955 11504 11501
10899 5003 5146 6 7954 7956 51131 11352 11351 42323
10900 5764 6347 5 7957 7958 50189 65482 8064
10901 5764 6129 4 7958 7959 11374 49838
10902 6302 6129 4 7959 7960 49728 11376
10903 6302 6347 5 7960 7957 8066 48965 49726
10904 6302 5764 6 7957 7959 11375 49365 49385 8065
10905 6129 6347 8 7958 7960 49727 49777 12599 12598 65451 50190
10906 3755 3972 7 7961 7962 12500 12501 12531 12529 28607
10907 3755 4507 5 59080 7962 7963 59402 -1
10908 4454 4507 8 7963 7964 57581 57311 57186 57188 59488 59403
10909 4454 3972 8 7964 7961 57256 59978 59054 59056 59361 59342
10910 4454 3755 3 7961 7963 57255
10911 4507 3972 6 7962 7964 58864 58863 59344 59081
10912 9823 10854 3 7965 7966 133480
10913 9823 10328 6 7966 7967 133488 155152 34027 34025
10914 7 10328 6 7967 7968 154733 154732 155174 133489
10915 7 10854 5 7968 7965 133482 151001 150998
10916 10328 10854 7 7966 7968 154964 151176 151178 155039 155214
10917 6287 6404 4 7969 7970 73921 50908
10918 6287 6389 6 7970 7971 90889 77529 8213 8214
10919 6083 6389 3 7971 7972 91078
10920 6083 6404 8 7972 7969 50909 50837 50836 89120 72191 72193
10921 6083 6287 9 7969 7971 91142 50903 12791 12790 77425 12094 12096
10922 6389 6404 5 7970 7972 91077 90878 73922
10923 5488 5435 6 7973 7974 49087 12202 12203 51616
10924 5488 5375 4 7974 7975 67357 49088
10925 5770 5375 5 7975 7976 68135 14267 14264
10926 5770 5435 3 7976 7973 51618
10927 5770 5488 5 7973 7975 50811 50813 51617
10928 5375 5435 6 7974 7976 11575 11574 67941 49089
10929 4985 4962 7 7977 7978 68026 68024 68443 73252 12592
10930 4985 4909 4 7978 7979 14499 68597
10931 4802 4962 4 7980 7977 12594 71646
10932 4802 4985 7 7977 7979 14500 81513 73143 15545 12593
10933 4909 4962 6 7978 7980 71837 72051 72330 68598
10934 1934 1978 7 7981 7982 131391 131395 131394 138305 137587
10935 1934 1946 8 7982 7983 137571 137646 137648 137651 137214 131392
10936 1840 1946 10 7983 7984 30042 66430 132451 34206 34208 132002 15186 15188
10937 1840 1978 6 7984 7981 137583 137582 138328 30041
10938 1840 1934 4 7981 7983 137572 137588
10939 1946 1978 5 7982 7984 30040 137322 131393
10940 5143 4801 6 7985 7986 40994 9882 9880 57991
10941 5143 5049 4 7986 7987 41236 40995
10942 4777 5049 8 7987 7988 54597 57922 58209 57899 57865 57695
10943 4777 4801 4 7988 7985 41386 41385
10944 4777 5143 6 7985 7987 57694 57756 57840 57990
10945 5049 4801 5 7986 7988 54596 54751 40996
10946 6330 6366 5 7989 7990 49980 49981 50161
10947 6330 5928 6 7990 7991 50114 49955 49766 49764
10948 5942 6366 6 7992 7989 19135 19137 49900 14269
10949 5942 6330 7 7989 7991 50116 49951 33422 19141 19140
10950 5928 6366 4 7990 7992 14268 49992
10951 4558 4284 5 7993 7994 24188 14585 14201
10952 4558 4313 3 7994 7995 78214
10953 4654 4313 6 7995 7996 78165 77896 67458 67456
10954 4654 4284 3 7996 7993 14202
10955 4313 4284 12 7994 7996 72811 72813 81369 25767 25766 75342 73608 73609 78186 78246
10956 5226 5624 6 7998 7999 11440 11438 51070 51071
10957 5465 5624 5 7999 8000 51161 51159 65553
10958 5465 5573 4 8000 7997 43286 43285
10959 5465 5226 6 7997 7999 65432 62231 62229 65534
10960 5624 5573 5 7998 8000 65240 10844 10843
10961 7325 7052 7 8001 8002 96519 96426 32623 18968 18969
10962 7325 6950 6 8002 8003 48537 50415 47609 47610
10963 7239 6950 9 8003 8004 48572 11512 11511 50409 14372 14371 48538
10964 7239 7052 4 8004 8001 48475 48567
10965 5252 5427 7 8005 8006 50840 50838 12658 12659 9045
10966 5252 5527 5 8006 8007 50087 13583 13584
10967 5668 5527 4 8007 8008 9156 50050
10968 5668 5427 4 8008 8005 9046 9154
10969 5668 5252 7 8005 8007 68839 50881 13378 13377 9044
10970 5527 5427 8 8006 8008 9155 64578 64577 65564 51101 50849
10971 9601 9514 7 8009 8010 103339 103340 103894 103113 52530
10972 9601 9500 4 8010 8011 21544 103309
10973 9602 9514 4 8012 8009 35033 35035
10974 9602 9601 7 8009 8011 21545 103236 103203 103202 52531
10975 9500 9514 4 8010 8012 102817 103308
10976 3219 3471 5 8013 8014 63625 64355 62845
10977 3219 3229 6 8014 8015 64363 135555 135360 63626
10978 3384 3471 6 8016 8013 14486 14485 28848 11897
10979 3384 3219 5 8013 8015 64359 63924 62844
10980 4213 3947 5 8017 8018 12975 15248 15251
10981 4213 4057 5 8018 8019 61621 9821 9822
10982 3909 4057 6 8019 8020 81678 82839 82801 61622
10983 3909 3947 6 8020 8017 61065 61177 61176 81675
10984 3909 4213 4 8017 8019 15631 15633
10985 4057 3947 4 8018 8020 81497 12976
10986 4776 4981 8 8021 8022 72921 72963 73235 73234 73239 73238
10987 4776 4736 7 8022 8023 73165 68417 14560 14561 72920
10988 5104 4736 6 8023 8024 12840 12843 70476 70475
10989 5104 4981 6 8024 8021 73341 72672 17731 17728
10990 5104 4776 4 8021 8023 73164 73888
10991 4736 4981 4 8022 8024 72696 72914
10992 7782 8004 7 8025 8026 96141 94724 94725 76414 76415
10993 7782 7995 3 8026 8027 18086
10994 7676 7995 5 8027 8028 94232 96146 18087
10995 7676 8004 4 8028 8025 94705 94230
10996 7995 8004 8 8026 8028 94231 94773 95284 95171 95170 96139
10997 4852 5138 5 8029 8030 69137 51764 51765
10998 4852 5052 6 8030 8031 54998 69231 56725 56726
10999 5055 5052 7 8031 8032 41218 55701 53742 12245 12242
11000 5055 5138 5 8032 8029 58221 12165 12162
11001 5055 4852 5 8029 8031 54999 69912 69323
11002 5052 5138 5 8030 8032 41217 67167 69138
11003 8997 8837 7 8033 8034 32307 47128 47127 47862 47167
11004 8997 9049 6 8034 8035 149882 149883 151938 32308
11005 8933 9049 8 8035 8036 19351 37531 37532 47010 47055 151937
11006 8933 8997 4 8033 8035 151936 47168
11007 9049 8837 4 8034 8036 19350 32309
11008 5634 5733 4 8037 8038 77746 96017
11009 5634 5701 9 8038 8039 77031 91652 95995 77096 77097 77693 77691
11010 6083 5701 5 8039 8040 8159 91188 77033
11011 6083 5733 8 8040 8037 96019 77875 77702 77703 91212 8158
11012 6083 5634 4 8037 8039 77032 96018
11013 5701 5733 4 8038 8040 8157 77747
11014 4660 4752 9 8041 8042 50108 50106 72977 68771 68769 49888 49889
11015 4660 4759 3 8042 8043 64869
11016 4668 4759 8 8043 8044 8258 8259 63912 14375 14376 64871
11017 4668 4752 3 8044 8041 65530
11018 4668 4660 6 8041 8043 64870 65590 65589 65648
11019 4759 4752 5 8042 8044 65531 64990 64989
11020 5082 5155 6 8045 8046 67088 67206 67205 67203
11021 5831 5155 5 8048 8045 67204 67249 63997
11022 5831 5082 3 8045 8047 67202
11023 5461 5155 3 8046 8048 63996
11024 5170 5331 4 8049 8050 55799 55802
11025 5170 5289 6 8050 8051 48342 77264 76529 76527
11026 4774 5289 3 8051 8052 48344
11027 4774 5170 6 8049 8051 48343 76776 76775 77354
11028 5289 5331 6 8050 8052 76660 76966 77152 77528
11029 6428 6472 5 8053 8054 49982 50006 49979
11030 6449 6472 5 8054 8055 49796 46545 46547
11031 3779 3946 8 8057 8058 65320 66483 66484 12324 12322 66235
11032 3775 3946 3 8058 8059 65321
11033 3775 4227 8 8059 8056 66211 66191 66193 66212 42725 42727
11034 3775 3779 5 8056 8058 64290 11506 11505
11035 3946 4227 7 8057 8059 65087 65086 66226 63571 63569
11036 7471 5920 8 8060 8061 96346 76984 76985 77171 77172 77000
11037 7471 5520 3 8061 8062 91575
11038 6039 5520 5 8062 8063 65852 65849 77225
11039 6039 5920 3 8063 8060 77002
11040 6039 7471 10 8060 8062 91576 77427 77429 96496 96376 96375 96537 77001
11041 5520 5920 9 8061 8063 77151 77150 65871 21961 21960 96289 96348
11042 5685 6302 4 8065 8066 48966 49612
11043 5685 6347 7 8066 8064 65462 65463 66053 32636 32635
11044 5685 5764 7 8064 8065 49628 49836 43146 43147 65483
11045 6061 6411 3 8067 8068 43916
11046 6061 6480 6 8068 8069 54651 41159 41157 54112
11047 6015 6480 4 8069 8070 55110 54652
11048 6015 6061 7 8067 8069 40892 40891 51365 51364 43915
11049 6480 6411 8 8068 8070 55135 55066 55067 53795 40900 40901
11050 4752 4659 6 8071 8072 49891 49889 65530 65531
11051 4752 5021 5 8072 8073 68932 68894 65602
11052 5017 5021 7 8073 8074 63671 63674 68674 68832 68852
11053 5017 4659 4 8074 8071 65528 64860
11054 5017 4752 5 8071 8073 68911 64988 64990
11055 5021 4659 5 8072 8074 64861 9060 9062
11056 3745 3341 5 8075 8076 64719 66005 65248
11057 3745 3612 8 8076 8077 66126 65387 11898 11899 63052 64718
11058 3153 3612 5 8077 8078 63363 64281 66128
11059 3153 3341 8 8078 8075 28554 28553 66002 63381 11023 11025
11060 3153 3745 4 8075 8077 48275 48276
11061 6089 6287 4 8079 8080 77424 77425
11062 6089 6685 5 8080 8081 76908 76909 77440
11063 6395 6685 6 8081 8082 90891 95615 77667 77668
11064 6395 6287 7 8082 8079 12790 12789 73919 8213 8212
11065 6395 6089 7 8079 8081 91014 91013 96541 51857 51859
11066 9105 9018 6 8083 8084 102685 96871 96872 22394
11067 9105 9093 5 8084 8085 19209 151711 151223
11068 9198 9093 6 8085 8086 97661 93730 93731 19211
11069 9198 9018 4 8086 8083 21845 21846
11070 9198 9105 5 8083 8085 19210 149930 22393
11071 9093 9018 6 8084 8086 97610 97175 97174 97177
11072 8085 7698 7 8088 8089 96852 96851 18395 18396 48178
11073 8085 8189 5 8089 8087 97279 97278 97134
11074 8085 7889 4 8087 8088 90458 97261
11075 7940 7522 3 8090 8091 92925
11076 7715 7721 4 8092 8093 99058 87745
11077 7715 7522 6 8093 8090 86857 86859 99080 99060
11078 7715 7940 6 8090 8092 17336 17335 87946 92877
11079 7721 7522 8 8091 8093 99061 99107 98993 98992 99053 92926
11080 7834 7316 3 8094 8095 47761
11081 7467 7559 3 8096 8097 49441
11082 7467 7316 8 8097 8094 19564 19566 43480 43481 49500 49440
11083 7559 7316 5 8095 8097 49439 49461 49451
11084 5324 5241 5 8098 8099 9567 9568 43724
11085 5324 5023 6 8099 8100 58272 58073 10102 10103
11086 5635 5023 5 8100 8101 10021 10020 54214
11087 5635 5241 5 8101 8098 57720 42256 42257
11088 5635 5324 5 8098 8100 58293 57854 57719
11089 7143 7232 4 8102 8103 48049 50382
11090 7143 7048 7 8103 8104 43441 43442 48254 47697 47698
11091 7134 7048 4 8104 8105 19130 48371
11092 7134 7232 8 8105 8102 50360 50351 50352 96655 50348 19128
11093 7134 7143 5 8102 8104 48401 50260 50258
11094 7048 7232 5 8103 8105 19129 49534 48050
11095 7608 7616 5 8106 8107 50428 50426 95709
11096 7608 7631 6 8107 8108 94393 95735 19354 19352
11097 7251 7631 4 8108 8109 19479 19480
11098 7251 7616 6 8109 8106 95328 95329 96759 96760
11099 7251 7608 5 8106 8108 94394 94628 95708
11100 7631 7616 6 8107 8109 96761 96746 96308 95019
11101 8199 8409 6 8110 8111 16900 16898 37480 20012
11102 8199 8188 7 8111 8112 86519 86520 52031 17608 17609
11103 8367 8188 6 8112 8113 36959 36242 36243 37524
11104 8367 8409 6 8113 8110 20014 98224 98226 89750
11105 8367 8199 3 8110 8112 20013
11106 8188 8409 4 8111 8113 89749 19844
11107 3598 3503 3 8114 8115 64204
11108 3306 3602 6 8116 8117 28884 10701 10700 62857
11109 3306 3503 5 8117 8114 12694 12693 62939
11110 3306 3598 6 8114 8116 9097 9096 64433 64205
11111 3602 3503 10 8115 8117 58423 58425 62331 62934 62926 62925 67191 64289
11112 6297 6334 4 8118 8119 51942 51940
11113 6297 6404 8 8119 8120 9033 88904 91133 17655 17654 90965
11114 6170 6404 5 8120 8121 91077 72193 9035
11115 6170 6334 6 8121 8118 88834 90877 90876 90886
11116 6170 6297 4 8118 8120 9034 88833
11117 6404 6334 5 8119 8121 90878 89653 89652
11118 5173 5061 6 8122 8123 51900 51898 68383 17278
11119 5173 5351 8 8123 8124 8556 68497 69113 69519 17673 17674
11120 5393 5061 3 8125 8122 17279
11121 5393 5173 8 8122 8124 8557 50724 68446 17878 17880 17277
11122 5351 5061 6 8123 8125 50792 68002 50583 50582
11123 6084 5731 7 8126 8127 54654 53810 53762 53708 53709
11124 6084 6077 4 8127 8128 54636 54637
11125 5982 6077 5 8128 8129 54834 54835 54841
11126 5982 5731 5 8129 8126 9243 9245 54763
11127 5982 6084 8 8126 8128 41118 8571 8573 9605 9602 54775
11128 6077 5731 5 8127 8129 12883 10593 10592
11129 41 424 5 8130 8131 30685 30687 126396
11130 41 11859 6 8131 8132 125716 125650 125651 126252
11131 363 11859 7 8132 8133 113716 113718 126105 126268 125809
11132 363 41 5 8130 8132 125808 126354 126550
11133 11859 424 3 8131 8133 125843
11134 8054 8493 5 8134 8135 50425 50370 50371
11135 8312 8242 5 8136 8137 37669 46591 46590
11136 8312 8493 5 8137 8134 46252 21452 21451
11137 8312 8054 6 8134 8136 47577 50365 50465 50378
11138 8242 8493 4 8135 8137 37668 47162
11139 7479 7111 4 8139 8140 42246 42247
11140 6777 7479 4 8138 8140 42162 42161
11141 7111 7047 4 8139 8141 42758 42757
11142 7349 7301 4 8142 8143 88408 52251
11143 7349 7376 7 8143 8144 17472 50693 50691 86874 86875
11144 7384 7376 6 8144 8145 89985 90260 90259 17473
11145 7384 7301 9 8145 8142 52253 90658 90512 89867 87002 87001 89984
11146 7384 7349 5 8142 8144 17471 55662 52252
11147 7376 7301 3 8143 8145 88409
11148 3958 6384 4 8147 8148 133800 43011
11149 6478 6384 5 8148 8149 48976 48979 133998
11150 6478 5438 7 8149 8146 65302 66267 66154 65736 65737
11151 6478 3958 4 8146 8148 133997 65301
11152 6384 5438 5 8147 8149 66077 48907 43012
11153 6320 6472 4 8150 8151 10601 19230
11154 6472 6532 6 8150 8152 50139 50013 50006 49832
11155 6393 6161 9 8153 8154 51931 51823 51824 51852 51929 50285 48476
11156 6393 6401 4 8154 8155 51925 51983
11157 6193 6401 6 8155 8156 17945 50773 90888 51927
11158 6193 6161 5 8156 8153 48478 68759 17944
11159 6193 6393 5 8153 8155 51926 89028 48477
11160 6401 6161 6 8154 8156 17943 8555 8552 50927
11161 5424 6083 4 8158 8159 91440 91214
11162 5424 5701 6 8159 8157 72749 72751 91115 91439
11163 5424 5733 5 8157 8158 91213 72035 72034
11164 5925 5651 5 8160 8161 17259 17444 17312
11165 5925 5853 5 8161 8162 8532 8535 17260
11166 5939 5853 3 8162 8163 56316
11167 5939 5651 12 56387 56385 55225 55223 8163 8160 17314 70050 70117 56227 56226 -1
11168 5939 5925 4 8160 8162 52502 17313
11169 5853 5651 9 8161 8163 17076 17078 56341 56340 87174 13073 13075
11170 4692 4699 8 8164 8165 71831 68893 68892 81432 72681 72631
11171 4692 4878 3 8165 8166 73161
11172 4781 4878 7 8166 8167 68962 73166 73893 73308 73307
11173 4781 4699 4 8167 8164 72633 68961
11174 4878 4699 8 8165 8167 68960 72572 72571 73050 68997 68996
11175 4509 4477 6 8168 8169 74698 80342 79139 73716
11176 4509 4376 7 8169 8170 13460 13461 20381 20384 74025
11177 4833 4376 4 8170 8171 73576 73334
11178 4833 4477 6 8171 8168 73717 74595 73935 73934
11179 4833 4509 5 8168 8170 73333 13519 13518
11180 4376 4477 4 8169 8171 74644 74699
11181 4524 4674 8 8174 8175 64776 50222 50220 50216 50217 50214
11182 4524 4600 5 8175 8176 64779 63242 63243
11183 4451 4600 6 8176 8177 48532 64952 65275 64780
11184 4451 4674 3 8177 8174 48531
11185 4451 4524 8 8174 8176 48734 48733 14471 14473 64790 50215
11186 4600 4674 5 8175 8177 11402 11401 11499
11187 5791 5988 5 8178 8179 51571 50823 9374
11188 5791 5838 9 8179 8180 68838 12872 12874 13606 12723 12722 51619
11189 5770 5988 7 8181 8178 9376 55804 36976 36978 51751
11190 5770 5791 4 8178 8180 68837 9375
11191 5838 5988 3 8179 8181 51620
11192 7201 7264 5 8182 8183 51276 44570 44571
11193 7201 7482 6 8183 8184 44161 42814 42815 49968
11194 7252 7482 5 8184 8185 44173 8400 8399
11195 7252 7264 5 8185 8182 46657 51204 49452
11196 7252 7201 4 8182 8184 51295 46656
11197 7482 7264 6 8183 8185 44367 44366 46478 51277
11198 7299 7273 8 8186 8187 39424 39426 8965 8964 40468 40085
11199 7299 7370 4 8187 8188 35883 36450
11200 7533 7370 4 8188 8189 34830 34829
11201 7533 7273 4 8189 8186 36380 35776
11202 6153 5936 7 8190 8191 87538 87577 56093 17047 17048
11203 5932 5936 5 8191 8192 9443 9440 87539
11204 5936 5968 7 87558 86057 20300 8190 8192 82783 -1
11205 5599 6017 6 8193 8194 50078 96620 91073 68909
11206 5599 6054 6 8194 8195 68679 68767 65659 50079
11207 5704 6054 5 8195 8196 50689 49738 49737
11208 5704 6017 4 8196 8193 50921 50920
11209 5704 5599 7 8193 8195 68680 68938 51111 51112 68910
11210 6054 6017 9 8194 8196 50915 50914 50922 50901 12851 12852 14319
11211 5956 5830 6 8197 8198 39930 44063 44064 54161
11212 5956 5781 6 8198 8199 51060 51058 51285 39929
11213 5990 5781 5 8199 8200 49851 10517 10519
11214 5990 5830 3 8200 8197 51061
11215 5990 5956 8 8197 8199 54316 54236 43569 43568 51744 53852
11216 5781 5830 7 8198 8200 51055 51056 51117 68308 39931
11217 6722 6361 5 8201 8202 10788 10791 11914
11218 6722 6583 5 8202 8203 43051 43052 50031
11219 7452 6583 6 8203 8204 48596 49093 49095 44632
11220 6583 6361 6 8202 8204 48446 48444 49102 49101
11221 6808 7541 4 8205 8206 49632 43335
11222 6808 7099 5 8206 8207 40207 49619 49691
11223 7013 7099 5 8207 8208 48817 48819 40208
11224 7013 7541 7 8208 8205 43337 49369 48985 48987 49320
11225 7013 6808 8 8205 8207 40206 49113 49775 49459 49458 43336
11226 7099 7541 6 8206 8208 49220 49217 49682 49690
11227 6548 6449 7 8209 8210 51009 50991 50760 50761 50754
11228 6881 6449 4 8210 8211 48255 50985
11229 6449 7048 4 8209 8211 43442 43444
11230 6683 6389 7 8214 8215 71841 90893 90892 90879 73922
11231 6683 6395 6 8215 8212 90891 73464 73465 71840
11232 6389 6395 4 8213 8215 71839 77530
11233 6225 5875 7 8216 8217 17311 17310 11281 11282 50924
11234 6225 5827 5 8217 8218 50925 50926 50961
11235 6054 5827 5 8218 8219 50915 50689 50688
11236 6054 5875 3 8219 8216 50914
11237 6054 6225 6 8216 8218 50833 33558 33560 50922
11238 4420 4605 5 8220 8221 64759 72862 63773
11239 4420 4650 3 8221 8222 64760
11240 4456 4650 7 8222 8223 68106 64852 64831 64832 69009
11241 4456 4605 6 8223 8220 63774 72635 73155 72598
11242 4456 4420 6 8220 8222 72670 68238 63776 63772
11243 5993 6319 5 8225 8226 9103 43629 43578
11244 6427 6319 6 8226 8227 54276 43603 43601 9105
11245 6427 5969 7 8227 8224 43627 43532 43530 43584 54278
11246 6427 5993 6 8224 8226 9104 50995 54365 54357
11247 6319 5969 3 8225 8227 43579
11248 5174 5301 5 8228 8229 65241 65242 65542
11249 5174 5422 6 8229 8230 77339 72534 65657 65550
11250 5638 5422 4 8230 8231 64571 77413
11251 5638 5301 4 8231 8228 65544 64569
11252 5638 5174 6 8228 8230 65683 65684 72717 65543
11253 5422 5301 6 8229 8231 64570 64691 64690 65551
11254 5448 5429 4 8233 8234 49844 65803
11255 5558 5429 5 8234 8235 64793 49680 49679
11256 5558 5559 5 8235 8232 64772 65375 64791
11257 5558 5448 6 8232 8234 49843 65727 65726 64771
11258 5429 5559 4 8233 8235 64792 65805
11259 5173 5045 5 8236 8237 72456 69107 69105
11260 5173 4874 6 8237 8238 51898 51899 63582 72493
11261 5001 4874 8 8238 8239 11668 11670 12556 68872 68868 68870
11262 5001 5045 5 8239 8236 67352 67353 67408
11263 5001 5173 9 8236 8238 68383 68373 17880 17879 69098 69100 69104
11264 4874 5045 10 8237 8239 50886 50883 60312 68424 68423 72718 12430 12431
11265 5862 5668 5 8240 8241 10570 17681 50881
11266 5862 5738 6 8241 8242 14592 50953 50950 10571
11267 5422 5738 7 8242 8243 43389 64691 65650 72752 14593
11268 5422 5668 4 8243 8240 13378 13379
11269 5422 5862 6 8240 8242 14591 64856 69022 50882
11270 5738 5668 4 8241 8243 43388 10572
11271 7081 6840 7 8244 8245 32585 32586 49297 46647 8921
11272 7081 6504 3 8245 8246 46665
11273 7054 6504 7 8246 8247 50651 33000 12622 12624 43458
11274 7054 6840 3 8247 8244 8923
11275 7054 7081 5 8244 8246 46666 49505 8922
11276 6504 6840 8 8245 8247 50989 19323 19325 50797 49789 49791
11277 4967 5030 9 8248 8249 68582 67719 67717 68028 68029 68235 12655
11278 4967 5088 4 8249 8250 10354 10352
11279 5205 5088 6 8250 8251 67943 67518 61499 61497
11280 5205 5030 5 8251 8248 12657 69290 68418
11281 5205 4967 6 8248 8250 68516 68564 68554 12656
11282 3968 3994 7 8252 8253 79617 82533 82534 82787 81833
11283 3968 3728 4 8253 8254 80500 79618
11284 3783 3728 6 8254 8255 81719 81707 81709 82716
11285 3783 3994 7 82713 8255 8252 81834 70330 70329 -1
11286 3783 3968 7 8252 8254 61155 61154 70517 70516 81648
11287 3728 3994 6 70276 70278 8253 8255 82712 -1
11288 4659 4675 7 8256 8257 11355 65080 26299 26300 64814
11289 4659 4759 5 8257 8258 65531 65528 11356
11290 4668 4675 4 8259 8256 50235 50233
11291 4668 4659 6 8256 8258 65530 65648 65640 65523
11292 4759 4675 5 8257 8259 65360 65701 11357
11293 4006 3998 5 8260 8261 64695 65970 14515
11294 4006 4411 5 8261 8262 12750 12751 64696
11295 3803 4411 5 8262 8263 50200 65318 64655
11296 3803 3998 7 8263 8260 11790 11787 28590 9825 9824
11297 3803 4006 5 8260 8262 64654 65869 14516
11298 4411 3998 10 8261 8263 11904 11903 64733 65844 78388 65690 49752 49753
11299 5378 5252 6 8264 8265 68936 68937 69021 65519
11300 5378 5148 6 8265 8266 68486 68485 68952 68939
11301 5197 5148 6 8266 8267 68360 68898 68899 68901
11302 5197 5252 5 8267 8264 50897 50896 68358
11303 5197 5378 6 8264 8266 68900 69057 16986 16988
11304 5148 5252 3 8265 8267 68359
11305 6794 6474 4 8269 8268 46560 50705
11306 5921 6146 6 8270 8271 11533 31186 50992 49987
11307 5921 5527 5 8271 8272 8493 50791 11534
11308 5653 5527 10 8272 8273 49885 49717 43450 43451 11558 11557 68290 8495
11309 5653 6146 4 8273 8270 49637 49639
11310 5653 5921 5 8270 8272 8494 51036 49986
11311 5527 6146 4 8271 8273 49575 11535
11312 7010 7117 8 8274 8275 43401 46505 46503 49585 49581 49501
11313 7010 6925 6 8275 8276 49377 44271 44270 43400
11314 6899 6925 6 8276 8277 42485 42542 43157 44158
11315 6899 7117 3 8277 8274 42484
11316 6899 7010 6 8274 8276 8360 8359 44392 44391
11317 8059 8130 6 8278 8279 8728 44363 44072 44070
11318 8059 8360 5 8279 8280 46500 46498 8729
11319 8193 8059 7 8278 8280 46501 43374 43373 46144 45742
11320 6720 6427 6 8281 8282 43604 43989 44193 43292
11321 6720 6379 5 8282 8283 42793 42792 43503
11322 6626 6379 4 8283 8284 43296 43540
11323 6626 6427 5 8284 8281 43294 8814 8811
11324 6626 6720 6 8281 8283 43548 44328 43500 43293
11325 6379 6427 8 8282 8284 43295 43421 43584 54277 43603 43600
11326 5776 5720 4 8285 8286 9667 9666
11327 5776 6064 4 8286 8287 55008 56644
11328 5652 5776 7 8285 8287 54952 13493 13490 69932 55397
11329 5978 5725 6 8288 8289 9435 9434 55446 51951
11330 5978 5878 5 8289 8290 55514 12959 12958
11331 5964 5878 6 8290 8291 12396 12806 55798 55515
11332 5964 5725 4 8291 8288 17396 12395
11333 5964 5978 4 8288 8290 51963 51952
11334 5878 5725 5 8289 8291 12394 51702 51701
11335 7465 7258 8 8292 8293 14420 88553 88552 91967 88079 88077
11336 7465 7639 3 8293 8294 14421
11337 7416 7639 5 8294 8295 90292 90290 90541
11338 7416 7258 5 8295 8292 92157 93016 92924
11339 7416 7465 6 8292 8294 90336 13290 13287 92156
11340 7639 7258 6 8293 8295 18151 18150 92982 14422
11341 6840 6483 6 8296 8297 50797 50798 43635 43275
11342 6255 6483 5 8298 8296 43277 54233 51268
11343 6390 6483 4 8297 8298 45864 45863
11344 7493 7599 4 8299 8300 45399 45280
11345 7474 7188 4 8301 8302 45684 45193
11346 7474 7599 10 8302 8299 45281 36393 36390 36485 38118 38117 51624 45683
11347 7474 7493 7 8299 8301 45192 52726 38204 38206 40549
11348 7188 7599 4 8300 8302 36481 36480
11349 3951 3922 3 8303 8304 24255
11350 3951 4095 6 8304 8305 15210 15209 15809 24256
11351 3947 4095 4 8305 8306 12976 12975
11352 3947 3922 7 8306 8303 80510 81714 81676 81675 81497
11353 3947 3951 8 8303 8305 15248 15250 77598 8457 8456 80217
11354 4095 3922 7 8304 8306 81498 82826 82726 81672 24257
11355 6641 6881 5 8307 8308 9056 10031 50319
11356 3337 3536 7 8310 8311 28800 59233 59094 59095 62448
11357 3337 3328 6 8311 8312 62339 62340 62558 28801
11358 3339 3328 5 8312 8313 59442 59445 60658
11359 3339 3536 5 8313 8310 61890 61516 61515
11360 3339 3337 5 8310 8312 60635 60632 60633
11361 3328 3536 6 8311 8313 62250 62248 12138 12137
11362 4593 4643 5 8314 8315 61115 61113 69581
11363 4593 4621 4 8315 8316 17291 17294
11364 4779 4621 5 8316 8317 71678 60879 60880
11365 4779 4643 6 8317 8314 69582 70113 70116 70348
11366 4779 4593 5 8314 8316 71755 68725 68726
11367 4621 4643 6 8315 8317 71677 68480 68481 69461
11368 7466 7481 4 8318 8319 47413 89850
11369 7466 7384 6 8319 8320 89957 90480 52002 47414
11370 7707 7481 3 8321 8318 89931
11371 7707 7466 10 8318 8320 19631 19630 90500 47369 19674 19675 47743 47742
11372 7384 7481 7 8319 8321 37876 37875 89869 89867 47415
11373 6613 6511 5 8322 8323 51959 55419 51957
11374 6613 6608 7 8323 8324 55986 55914 55755 51905 51906
11375 6818 6608 6 8324 8325 51808 54772 54770 55517
11376 6818 6511 5 8325 8322 50659 17033 17032
11377 6818 6613 6 8322 8324 55992 55995 55935 51958
11378 6608 6511 5 8323 8325 51807 12403 12405
11379 8620 8924 4 8326 8327 33842 33340
11380 8620 8860 4 8327 8328 35179 33841
11381 8781 8860 4 8328 8329 38452 35180
11382 8781 8620 5 8326 8328 34181 31471 31470
11383 8860 8924 6 8327 8329 45081 45082 45635 33843
11384 5139 5365 6 8330 8331 70372 71874 72030 70339
11385 5139 5382 6 8331 8332 70172 70173 70390 70371
11386 5494 5382 4 8332 8333 13120 16764
11387 5494 5365 4 8333 8330 54942 13119
11388 5494 5139 5 8330 8332 70316 70239 70241
11389 5382 5365 5 8331 8333 13118 10210 10211
11390 7226 7323 4 8335 8336 39828 39827
11391 7192 7323 8 8336 8337 44079 54057 17383 17384 43858 43856
11392 7192 7110 3 8337 8334 44078
11393 7192 7226 5 8334 8336 42953 42952 44109
11394 8181 7770 4 8338 8339 45228 39833
11395 3462 3463 6 8340 8341 79416 79414 14832 14833
11396 3462 3708 5 8341 8342 82627 81847 81827
11397 3722 3708 7 8342 8343 80952 80286 80285 82637 82628
11398 3722 3463 6 8343 8340 82001 83231 80311 80313
11399 3722 3462 6 8340 8342 82626 82679 82905 82000
11400 3708 3463 8 8341 8343 81956 80125 80127 81923 82327 81828
11401 8079 8096 7 8344 8345 35480 35478 39108 39587 39657
11402 8079 8010 6 8345 8346 39745 39746 9586 9589
11403 8098 8010 5 8346 8347 39799 39727 39726
11404 8098 8096 4 8347 8344 39681 39682
11405 8098 8079 5 8344 8346 39743 39723 39721
11406 8010 8096 5 8345 8347 39798 40682 39705
11407 7210 7583 4 8349 8350 47566 50043
11408 7291 7210 9 8348 8350 47567 51373 50478 50477 47330 47327 18624
11409 6560 6468 8 8351 8352 18402 87289 87291 87609 87650 87754
11410 6560 6186 4 8352 8353 87156 18403
11411 6052 6186 6 8353 8354 85605 85608 86380 87157
11412 6052 6560 3 8351 8353 87155
11413 6186 6468 8 8352 8354 87615 87578 86074 86071 87573 18404
11414 8059 8545 4 8355 8356 46498 46499
11415 8059 8388 7 8356 8357 46821 46685 44364 8728 8729
11416 8186 8388 4 8357 8358 36685 36686
11417 8186 8545 6 8358 8355 46631 35076 35077 37833
11418 8186 8059 8 8355 8357 34011 34013 44128 44130 44374 46408
11419 8388 8545 6 8356 8358 37832 37787 37788 46276
11420 7010 6735 4 8360 8361 44307 49377
11421 6691 6899 4 8362 8359 44282 43959
11422 6691 7010 5 8359 8361 44306 51088 49296
11423 6735 6899 5 8360 8362 43906 43907 44158
11424 6881 7303 4 8364 8365 50539 50538
11425 6870 6902 8 8367 8368 50577 46266 46267 51034 8519 8518
11426 8941 9077 7 8369 8370 21436 21434 35322 35321 98265
11427 8941 8554 5 8370 8371 86521 37184 31555
11428 8999 8554 6 8371 8372 36443 36444 37322 86522
11429 8999 9077 7 8372 8369 98266 103420 158344 157494 37226
11430 8999 8941 5 8369 8371 37281 37280 88765
11431 7696 7641 6 8373 8374 36775 52699 52750 18986
11432 7696 7475 4 8374 8375 52749 36776
11433 7403 7696 5 8373 8375 47385 36255 18985
11434 7010 7252 7 8376 8377 49573 51312 45436 45437 49597
11435 7010 7340 6 8377 8378 49583 46503 46504 49572
11436 7600 7010 7 8376 8378 49584 49581 49582 49586 49599
11437 7340 7565 8 8379 8380 48653 46140 46141 49442 49551 49433
11438 7340 7426 4 8380 8381 45976 45979
11439 7467 7426 5 8381 8382 49499 49500 49615
11440 7467 7565 8 8382 8379 49418 49420 49425 46639 46638 49548
11441 7467 7340 5 8379 8381 49601 46504 46506
11442 7426 7565 5 8380 8382 49550 46438 46437
11443 3958 4318 6 8383 8384 43765 43766 48543 65453
11444 3958 3236 6 8384 8385 64726 64724 62324 62325
11445 3710 3236 6 8385 8386 62885 62888 64399 66172
11446 3710 4318 7 8386 8383 64135 64134 66243 62877 62876
11447 3710 3958 4 8383 8385 66177 65454
11448 3236 4318 3 8384 8386 62889
11449 5098 5358 5 8387 8388 74622 85000 85119
11450 5098 5016 7 8388 8389 85145 74316 71190 71191 74621
11451 5332 5016 3 8389 8390 13948
11452 5332 5358 5 8390 8387 85121 91408 13946
11453 5332 5098 7 8387 8389 85143 85142 85141 85139 85120
11454 5016 5358 5 8388 8390 13947 73338 74623
11455 6410 6494 7 8391 8392 9153 9152 51003 51004 51287
11456 6410 6319 5 8392 8393 12292 51294 43777
11457 6786 6319 5 8393 8394 43633 9189 9192
11458 6786 6494 5 8394 8391 51289 54032 43631
11459 6786 6410 5 8391 8393 12291 54241 51288
11460 6319 6494 8 8392 8394 43632 54154 9105 9103 54251 43778
11461 8540 8589 6 8395 8396 46611 46900 38250 38251
11462 8540 8598 5 8396 8397 46619 37269 37270
11463 8699 8589 7 8398 8395 45803 38160 38162 33326 33325
11464 8699 8540 6 8395 8397 46620 46839 46780 46229
11465 7482 7340 6 8401 8399 44161 44162 46142 46141
11466 6567 6731 5 8402 8403 53749 52950 52878
11467 6567 6480 7 8403 8404 55030 55097 53795 53042 53043
11468 6701 6480 3 8404 8405 55031
11469 6701 6731 7 8405 8402 34843 34842 39864 53780 55083
11470 6701 6567 5 8402 8404 9050 9049 52879
11471 6480 6731 4 8403 8405 55082 53801
11472 8210 8123 5 8407 8408 36190 39038 39025
11473 7944 8028 5 8409 8406 38937 38936 40221
11474 7944 8210 4 8406 8408 36191 39024
11475 8123 8028 6 8407 8409 40220 53505 45349 39026
11476 6986 7137 6 8410 8411 55163 55288 55540 55347
11477 6986 6946 6 8411 8412 54843 55317 55183 55164
11478 7051 6946 3 8412 8413 54844
11479 7051 7137 8 8413 8410 55346 53389 53388 55296 55245 55230
11480 6946 7137 6 8411 8413 55214 53417 53416 55138
11481 7006 7149 6 8416 8414 52322 47654 47655 51296
11482 6979 7149 5 8415 8416 17891 17890 50610
11483 6010 6325 6 8417 8418 39069 13052 13050 54693
11484 6010 6443 4 8418 8419 41174 41173
11485 6424 6325 6 8420 8417 54695 50628 50629 43721
11486 6424 6010 4 8417 8419 43723 54586
11487 6443 6325 10 8418 8420 43720 12634 12635 43962 42664 42663 54739 42748
11488 1255 2632 7 8421 8422 133809 150567 49829 28963 28962
11489 1255 11740 5 8422 8423 133801 150839 133810
11490 1644 11740 5 8423 8424 30386 32255 32257
11491 1644 2632 6 8424 8421 133516 64316 64318 30384
11492 1644 1255 11 8421 8423 133802 133814 66167 27988 10830 10829 130086 133338 133337
11493 11740 2632 3 8422 8424 30385
11494 7627 7741 6 8425 8426 36449 53458 53208 36405
11495 7627 7299 3 8426 8427 35883
11496 7533 7741 5 8428 8425 36407 39374 39373
11497 3919 3850 6 8429 8430 79544 79777 79776 76353
11498 5309 5244 6 8431 8432 10231 9278 9279 57083
11499 5309 5353 4 8432 8433 9364 9532
11500 5476 5353 6 8433 8434 54573 54572 56010 9366
11501 5476 5244 4 8434 8431 57085 69268
11502 5476 5309 5 8431 8433 9365 57096 57084
11503 5353 5244 5 8432 8434 68545 67774 10232
11504 6106 6251 5 8435 8436 12908 10404 10402
11505 6106 5924 7 8436 8437 67445 51307 51305 12411 12412
11506 5877 5924 6 8437 8438 12621 50997 51625 51781
11507 5877 6251 7 8438 8435 51450 51212 12627 12629 12620
11508 5877 6106 5 8435 8437 67870 51740 51449
11509 5924 6251 3 8436 8438 12619
11510 5199 5294 8 8439 8440 72244 68992 68993 72727 73752 91441
11511 5199 5293 6 8440 8441 68986 68450 14365 14368
11512 5424 5293 6 8441 8442 72756 91381 72620 68988
11513 5424 5294 6 8442 8439 91153 91116 72751 72750
11514 5424 5199 4 8439 8441 68987 91594
11515 5293 5294 5 8440 8442 14596 14597 43160
11516 4989 4894 7 8443 8444 71925 71991 74105 73202 68320
11517 4989 4902 4 8444 8445 67667 71926
11518 4962 4902 6 8445 8446 71645 71646 71837 67668
11519 4962 4894 4 8446 8443 68321 71877
11520 4962 4989 4 8443 8445 67666 68319
11521 4902 4894 5 8444 8446 54937 54939 70365
11522 4912 5020 6 8447 8448 56699 56700 57386 9847
11523 4912 5291 4 8448 8449 56620 57211
11524 4970 5291 6 8449 8450 57249 57247 57263 56621
11525 4970 5020 3 8450 8447 9849
11526 4970 4912 11 8447 8449 56619 56756 57132 67675 59269 59270 67836 67834 9848
11527 5291 5020 7 8448 8450 57377 57381 57379 57299 57298
11528 8221 8828 6 8451 8452 36314 49311 49309 49307
11529 8221 8425 8 8452 8453 46557 8687 8685 32472 49329 36315
11530 8596 8425 6 8453 8454 49241 46420 32601 32602
11531 8596 8828 6 8454 8451 46128 43322 43321 49240
11532 8596 8221 4 8451 8453 8786 8785
11533 8425 8828 3 8452 8454 36316
11534 3951 3794 4 8455 8456 15903 15904
11535 3798 3947 7 8457 8458 81676 61176 61178 15614 15613
11536 3798 3794 5 8458 8455 60327 60329 81699
11537 3798 3951 3 8455 8457 60789
11538 3947 3794 4 8456 8458 81714 80218
11539 3804 3952 5 8459 8460 62176 61982 61983
11540 3804 4035 6 8460 8461 61771 61861 62199 62175
11541 4087 4035 11 8461 8462 61944 61943 61964 61966 61962 61797 61798 62016 61773
11542 4087 3952 4 8462 8459 61979 61977
11543 4087 3804 4 8459 8461 61772 62083
11544 4035 3952 6 8460 8462 61978 61768 61769 62153
11545 5081 5330 6 8464 8465 40389 9727 9728 57296
11546 5137 5303 4 8466 8463 56653 56652
11547 5137 5081 5 8463 8465 12498 12499 57134
11548 5330 5303 9 8464 8466 57031 57664 57165 57164 12307 12304 57297
11549 8629 8628 7 8467 8468 44744 44745 46241 31963 31964
11550 8629 8596 5 8468 8469 32535 48883 49249
11551 8819 8596 4 8469 8470 46314 32537
11552 8819 8628 4 8470 8467 46288 46370
11553 8819 8629 7 8467 8469 32536 35241 34081 34083 46287
11554 8596 8628 6 8468 8470 45808 45810 46420 49242
11555 3702 3616 5 8471 8472 64055 64056 78675
11556 3702 3491 6 8472 8473 48585 64589 63984 63986
11557 3386 3491 6 8473 8474 14209 64547 63752 48587
11558 3386 3616 5 8474 8471 78677 14716 14208
11559 3386 3702 7 8471 8473 48586 64557 64556 64729 78671
11560 3491 3616 4 8472 8474 14207 28575
11561 5709 5444 5 8475 8476 91296 15597 15595
11562 5709 5302 3 8476 8477 91199
11563 5405 5302 6 8477 8478 64543 64546 73590 73591
11564 5405 5444 5 8478 8475 91002 91509 72482
11565 5405 5709 9 8475 8477 91069 91068 72987 72984 91093 91422 91001
11566 5302 5444 6 8476 8478 18319 18321 73503 73855
11567 8506 8877 8 8479 8481 38634 38635 36600 36598 36049 36050
11568 4683 4705 7 8482 8483 30353 30354 43701 43700 12004
11569 4683 4224 3 8483 8484 42473
11570 4118 4224 11 8484 8485 10094 58284 27197 27196 58142 41811 11630 11629 41933
11571 4118 4705 3 8485 8482 10093
11572 4118 4683 5 8482 8484 42171 42172 12005
11573 4224 4705 7 8483 8485 10092 30076 66959 58090 42474
11574 4213 4211 4 8487 8488 61425 81518
11575 4213 4421 5 8488 8486 61246 61244 61424
11576 4213 4322 4 8486 8487 81517 73129
11577 5410 5704 7 8489 8490 68783 68387 68385 51111 51109
11578 5410 5574 4 8490 8491 64994 68161
11579 5784 5574 5 8491 8492 8551 17876 64995
11580 5784 5704 6 8492 8489 65643 68910 50921 8549
11581 5784 5410 4 8489 8491 64993 65642
11582 5921 5258 7 8493 8494 51038 44030 14958 14956 50996
11583 5527 5258 7 8495 8493 13585 13584 50849 51102 68289
11584 5653 5258 5 8494 8495 43715 43716 51039
11585 5984 5918 5 8496 8497 51870 48973 48971
11586 5834 5693 4 8498 8499 13568 13569
11587 5834 5918 7 8499 8496 49988 50949 50873 50872 63595
11588 5834 5984 4 8496 8498 12638 12639
11589 6007 6022 5 8500 8501 51629 43543 43544
11590 6007 6026 8 8501 8502 51079 51081 54418 54420 54582 51628
11591 6127 6026 8 8502 8503 51266 51739 51672 51663 51664 51080
11592 6127 6022 6 8503 8500 53866 51130 51128 51265
11593 6127 6007 4 8500 8502 51078 54078
11594 6026 6022 4 8501 8503 51264 51360
11595 6618 7098 4 8504 8505 50135 50775
11596 6618 6725 8 8505 8506 50966 50720 11460 11463 50986 50136
11597 7215 6725 6 8506 8507 48130 50281 49893 49892
11598 7215 7098 7 8507 8504 50615 49302 49300 50523 48128
11599 7215 6618 5 8504 8506 50967 11701 11700
11600 6725 7098 3 8505 8507 48129
11601 6853 6580 6 8508 8509 50593 52167 55554 55553
11602 6853 6707 4 8509 8510 50721 50594
11603 6712 6580 7 8511 8508 88898 88899 52113 52112 55732
11604 6712 6853 5 8508 8510 52168 50765 50764
11605 6707 6580 4 8509 8511 55730 50595
11606 6444 6848 5 8512 8513 12642 12640 10030
11607 6444 6553 7 8513 8514 51987 51946 51945 50850 50851
11608 6641 6553 7 8514 8515 8517 8516 51718 51719 51985
11609 6641 6848 4 8515 8512 9056 9055
11610 6641 6444 6 8512 8514 51984 49708 49710 10031
11611 6553 6870 3 8517 8518 9141
11612 6902 6641 3 8519 8516 51033
11613 4743 4996 5 8520 8521 75190 76691 76363
11614 4743 4550 6 8521 8522 77745 77877 75204 75189
11615 4690 4550 4 8522 8523 76464 76462
11616 4690 4996 7 8523 8520 76364 76663 13905 13906 76744
11617 4690 4743 6 8520 8522 77647 76906 14243 14242
11618 4550 4996 5 8521 8523 76745 14324 14322
11619 5002 5168 9 8524 8525 44170 44168 65613 65610 63672 63673 64599
11620 5002 4816 4 8525 8526 50169 64748
11621 4778 4816 7 8526 8527 65031 65030 65298 65299 50170
11622 4778 5168 3 8527 8524 64601
11623 4778 5002 5 8524 8526 50168 64811 64600
11624 4816 5168 6 8525 8527 65198 65547 65546 64749
11625 3797 3652 8 8528 8529 60008 60006 60978 60980 60981 60596
11626 3797 3649 6 8529 8530 60897 60896 61041 60723
11627 3574 3649 9 8530 8531 58847 60798 60191 60190 60046 28612 28610
11628 3574 3797 4 8528 8530 60906 60597
11629 3649 3652 3 8529 8531 58846
11630 6141 5925 6 8532 8533 17807 53837 52501 52502
11631 6141 6042 4 8533 8534 56276 17806
11632 5853 6042 8 8534 8535 55257 55256 70312 35545 35546 56345
11633 5853 6141 5 8532 8534 17077 17076 56316
11634 6042 5925 6 8533 8535 56038 56087 87319 17808
11635 6754 7172 5 8536 8537 87057 56400 56399
11636 6754 7157 3 8537 8538 87074
11637 6943 6754 6 8536 8538 87110 55219 55218 56332
11638 3037 3129 7 8540 8541 83974 84300 84249 25404 25407
11639 3003 3129 4 8541 8542 19955 19957
11640 3003 3533 5 8542 8539 23036 84351 83967
11641 3003 3037 7 8539 8541 83713 83712 83945 83946 23034
11642 3129 3533 4 8540 8542 83968 80264
11643 7829 8270 3 8543 8544 52758
11644 8252 8270 6 8546 8543 46772 45486 19634 19632
11645 8252 7829 6 8543 8545 52308 52310 17160 17159
11646 8144 7950 7 8547 8548 46376 46377 47662 46429 39357
11647 5704 5827 6 8549 8550 50320 50536 50689 50920
11648 5574 5827 5 8550 8551 17877 50781 50321
11649 6225 6161 9 8552 8553 11281 17906 17907 51528 51527 50871 50869
11650 6225 6351 6 8553 8554 33557 33560 50923 11282
11651 6401 6351 8 8554 8555 49525 50773 52064 50398 49842 49840
11652 6401 6225 4 8552 8554 49895 49896
11653 6351 6161 4 8553 8555 17231 11283
11654 5173 5514 5 8556 8557 50723 69101 68496
11655 5351 5514 5 8558 8556 65537 65536 68366
11656 5393 5514 5 8557 8558 17849 17851 50725
11657 7131 7158 8 8559 8560 93067 92934 89783 89784 86171 86172
11658 7131 6919 4 8560 8561 90539 93035
11659 6996 6919 6 8561 8562 20478 20475 17190 17189
11660 6996 7158 3 8562 8559 92083
11661 6919 7158 4 8560 8562 91973 91972
11662 7986 7714 4 8563 8564 37053 89636
11663 7920 7714 5 8564 8565 36660 19713 19714
11664 7714 7710 6 8563 8565 35634 35633 89661 89638
11665 5724 5650 9 8566 8567 87329 87330 87469 87468 87501 87544 87465
11666 5724 5642 5 8567 8568 87460 87491 87406
11667 5570 5642 6 8568 8569 85660 70695 70694 87244
11668 5570 5650 6 8569 8566 70152 16655 16657 85659
11669 5570 5724 5 8566 8568 87461 69269 69271
11670 5642 5650 3 8567 8569 85658
11671 6364 5982 4 8571 8572 9261 41117
11672 6206 5982 4 8572 8573 13062 9263
11673 6206 6084 4 8573 8570 50932 51563
11674 7726 7919 4 8574 8576 46668 46648
11675 7204 7196 6 8577 8578 91007 91034 50329 50330
11676 7523 7483 7 8579 8580 47661 50483 46934 46932 50516
11677 7523 7196 6 8580 8577 50540 48134 48131 47659
11678 7523 7204 3 8577 8579 96702
11679 7483 7196 5 8578 8580 47660 47757 90399
11680 7745 7626 4 8581 8582 47638 47636
11681 7745 7668 6 8582 8583 17643 47750 47808 52280
11682 7521 7668 3 8583 8584 17644
11683 7521 7626 9 8584 8581 47640 52282 52363 52324 52169 52056 17669
11684 7521 7745 8 8581 8583 17642 47650 47651 90151 90309 47639
11685 7668 7626 9 8582 8584 17668 51410 50534 50500 47536 47535 47752
11686 6892 6979 4 8586 8587 17821 50757
11687 7054 6979 7 8587 8588 50651 8923 8922 49571 17823
11688 7054 6552 5 8588 8585 8690 8689 33000
11689 6979 6552 5 8586 8588 50650 46385 46384
11690 7349 7408 4 8589 8590 52811 89473
11691 7349 7328 3 8590 8591 52812
11692 7270 7328 5 8591 8592 19513 90537 90419
11693 7270 7408 6 8592 8589 90572 90110 90109 19511
11694 7270 7349 7 8589 8591 87695 87694 88977 55662 55661
11695 7328 7408 9 8590 8592 19512 90586 90590 90589 89890 89889 52813
11696 7861 7880 5 8593 8594 37118 37116 36578
11697 7861 7892 5 8594 8595 86856 37124 37125
11698 8032 7880 9 8596 8593 36580 35579 35578 37080 37077 37076 36202
11699 8032 7861 4 8593 8595 89488 36579
11700 7892 7880 4 8594 8596 36203 37030
11701 5381 5323 6 8597 8598 16684 16685 74049 18352
11702 5381 5388 4 8598 8599 71096 71099
11703 5613 5388 6 8599 8600 16783 71541 92483 88175
11704 5613 5323 5 8600 8597 18354 73770 16781
11705 5613 5381 5 8597 8599 14555 14557 18353
11706 5388 5323 5 8598 8600 16782 74343 74283
11707 6175 6300 7 8601 8602 88962 87845 55670 55668 46651
11708 6175 5890 7 8602 8603 55672 56429 87145 52805 52803
11709 6043 5890 6 8603 8604 56108 56106 87275 55673
11710 6043 6300 6 8604 8601 16661 16660 56168 89113
11711 6043 6175 3 8601 8603 46650
11712 5890 6300 6 8602 8604 89114 89163 89205 88963
11713 6712 6882 3 8607 8605 52168
11714 6707 6882 7 8606 8607 50721 9456 9455 52908 9260
11715 5958 6047 6 8608 8609 54327 54224 41292 41293
11716 5958 5949 3 8609 8610 54326
11717 5669 5949 6 8610 8611 54106 54107 54324 54325
11718 5669 6047 4 8611 8608 53737 54387
11719 5669 5958 11 8608 8610 54362 51237 51236 51291 51292 54340 54295 43434 43436
11720 5949 6047 7 8609 8611 54386 54389 54436 54294 54292
11721 8580 8408 4 8612 8613 19338 19736
11722 8837 8408 4 8613 8614 28377 19339
11723 8408 8370 6 8612 8614 37517 18373 18372 19737
11724 8447 8219 6 8615 8616 37146 37147 19218 19216
11725 8447 8192 7 8616 8617 37221 36231 36233 35529 35527
11726 8283 8447 6 8615 8617 37222 37156 37091 37090
11727 7394 7577 5 8618 8619 40302 45554 53430
11728 7394 7205 6 8619 8620 44113 44116 45587 40303
11729 7470 7205 4 8620 8621 34856 43173
11730 7470 7577 8 8621 8618 53257 53254 39550 39552 53465 34855
11731 7470 7394 5 8618 8620 53441 53442 53431
11732 5253 5075 4 8622 8623 14539 14537
11733 5253 5264 5 8623 8624 84730 74084 20276
11734 4673 5253 6 8622 8624 85152 85227 85480 84192
11735 5753 5565 6 8626 8627 40061 57240 10116 10119
11736 5848 5565 3 8627 8628 39066
11737 5848 5809 6 8628 8625 9530 9527 56801 39064
11738 5848 5753 6 8625 8627 40062 41306 41307 40822
11739 5565 5809 8 8626 8628 39065 41474 56892 56893 57163 40513
11740 6433 6423 5 8629 8630 51435 51935 51670
11741 6433 6699 4 8630 8631 51045 51436
11742 6305 6423 7 8632 8629 51524 51523 55883 51189 51190
11743 6305 6433 4 8629 8631 51044 51671
11744 6699 6423 5 8630 8632 50654 50653 51437
11745 8632 8859 7 8633 8634 95205 95204 95411 95509 95417
11746 8632 8469 5 8634 8635 22284 95511 105244
11747 8331 8859 5 8636 8633 95169 22533 22531
11748 8331 8632 4 8633 8635 22160 22161
11749 8469 8859 4 8634 8636 92600 106743
11750 8670 8621 5 8637 8638 37289 38172 37854
11751 8494 8621 4 8639 8637 37557 37558
11752 8452 8621 7 8638 8639 37746 37744 37900 37889 37290
11753 6892 7271 8 8640 8641 51415 51362 50756 17821 17822 8678
11754 7210 7271 4 8642 8640 8680 51373
11755 7309 7271 5 8641 8642 51374 52786 52787
11756 7880 7761 6 8643 8644 36202 36203 37029 37120
11757 7880 7805 6 8644 8645 37098 37133 37078 37076
11758 7537 7880 4 8643 8645 37099 37113
11759 7731 7279 4 8646 8647 56353 56354
11760 7731 7469 7 98318 86368 86363 8647 8648 87560 -1
11761 6958 7469 3 8648 8649 85706
11762 6958 7279 7 8649 8646 86334 86298 85560 85561 85705
11763 6958 7731 7 87622 86441 86333 8646 8648 87559 -1
11764 8094 8178 5 8650 8651 35657 52157 37259
11765 4385 4303 7 8652 8653 27898 61635 60843 60841 10862
11766 4385 4404 3 8653 8654 27897
11767 4294 4404 5 8654 8655 60828 61099 54123
11768 4294 4303 5 8655 8652 10863 60856 60827
11769 4294 4385 7 8652 8654 54122 61757 61759 61667 10861
11770 4404 4303 6 8653 8655 60826 61551 61553 27899
11771 7419 7429 8 8656 8657 90673 90506 90111 90114 98455 52248
11772 7419 7189 6 8657 8658 86238 90005 90004 90674
11773 7216 7429 9 8659 8656 52250 90038 89909 89907 89932 90635 90670
11774 7216 7419 4 8656 8658 86239 52249
11775 7189 7429 3 8657 8659 90669
11776 5729 5641 5 8660 8661 87348 70196 70197
11777 5729 5588 5 8661 8662 87376 87351 87349
11778 5633 5588 6 8662 8663 70082 13748 13747 87374
11779 5633 5641 4 8663 8660 56080 56079
11780 5633 5729 4 8660 8662 70264 70208
11781 5588 5641 5 8661 8663 13344 13341 87228
11782 6268 6457 4 8664 8665 52964 8895
11783 6268 6456 6 8665 8666 55127 55020 55019 52965
11784 6362 6456 3 8666 8667 55126
11785 6362 6457 6 8667 8664 8897 54917 56854 55125
11786 6362 6268 7 8664 8666 55134 9652 9654 40044 8896
11787 6456 6457 6 8665 8667 55118 40488 40490 45252
11788 7747 7901 8 8670 8671 36048 35817 35816 53309 53310 36754
11789 7747 7931 7 8671 8668 36845 36259 36230 8798 8795
11790 7747 7933 3 8668 8670 36752
11791 7901 7931 4 8669 8671 35749 35751
11792 8144 8402 4 8673 8674 46617 45946
11793 8193 8144 3 8672 8674 46618
11794 8499 8407 6 8675 8676 47457 47458 37352 37350
11795 8499 8503 6 8676 8677 47302 47466 46440 46441
11796 8162 8499 5 8675 8677 47223 47222 37599
11797 7302 7210 7 8679 8680 47567 47566 46526 46525 47834
11798 7302 7271 8 8680 8678 17824 50137 51298 52671 52672 51375
11799 7354 7376 6 8681 8682 89328 89764 50694 50693
11800 7354 7502 3 8682 8683 89329
11801 7526 7354 6 8681 8683 90382 90206 89474 55555
11802 7952 8221 5 8684 8685 19359 19357 50485
11803 7952 8425 4 8685 8686 44247 32471
11804 8017 8425 4 8686 8687 46555 44248
11805 8017 8221 4 8687 8684 50470 46556
11806 8017 7952 6 8684 8686 44246 44687 49531 50476
11807 7030 7054 5 8690 8691 11702 50556 9264
11808 7030 6618 8 8691 8688 46530 50965 50317 50316 50775 11700
11809 7054 6618 5 8689 8691 11701 12625 12622
11810 7409 7511 4 8692 8693 47416 52826
11811 7409 7358 8 8693 8694 52315 52211 52210 52228 17325 17323
11812 7291 7358 4 8694 8695 46594 50589
11813 7291 7511 7 8695 8692 52830 52035 52037 47598 46593
11814 7291 7409 6 8692 8694 47678 19160 19162 52832
11815 7358 7511 6 8693 8695 46592 47728 37014 37012
11816 7840 7829 8 8696 8697 52308 52793 37477 37478 51385 51386
11817 8000 8186 5 8698 8699 34012 34013 46296
11818 8000 7829 6 8699 8696 52396 52746 17161 17160
11819 8000 7840 3 8696 8698 52395
11820 8186 7829 3 8697 8699 52310
11821 5917 6035 7 8700 8701 72722 91163 91241 90863 90861
11822 6083 6035 5 8701 8702 12792 12791 50905
11823 6035 6017 6 8700 8702 90786 50910 50912 90776
11824 7385 7358 6 8703 8704 19568 52210 52209 52265
11825 7385 7521 5 8704 8705 52000 52001 19569
11826 7372 7521 5 8705 8706 52056 52055 52354
11827 7372 7358 7 8706 8703 52233 52234 89353 50506 50508
11828 7372 7385 4 8703 8705 52353 52266
11829 7521 7358 7 8704 8706 52169 37014 17326 17325 19570
11830 6449 5942 4 8708 8709 49901 49900
11831 6449 5862 4 8709 8707 50955 50954
11832 6406 6221 10 8711 8712 50964 50703 50020 43327 43328 46587 46588 49957
11833 6406 6107 4 8712 8710 50574 51026
11834 6406 6338 7 8710 8711 50699 50698 50987 50491 50490
11835 8753 8512 5 8714 8715 35187 36597 37263
11836 8753 8575 5 8713 8714 98161 97489 37374
11837 7178 7133 5 8717 8716 86297 86296 87908
11838 7779 7736 8 8718 8719 53354 36712 35597 35598 36763 36764
11839 7779 7725 5 8719 8720 52734 52735 53353
11840 7747 7725 6 8720 8721 53278 36027 36029 36755
11841 7747 7736 6 8721 8718 53309 51878 45559 45560
11842 7747 7779 4 8718 8720 53302 53310
11843 7725 7736 3 8719 8721 53355
11844 9433 9321 6 8722 8723 44817 44818 152698 152802
11845 9477 9321 5 8725 8722 152803 152614 151009
11846 9477 9433 4 8722 8724 33015 33016
11847 9428 9321 4 8723 8725 151010 45516
11848 7901 7708 5 8726 8727 35816 36518 36517
11849 8388 8130 4 8728 8730 44341 44340
11850 6122 6025 8 8731 8732 54095 54096 54461 54489 54513 54482
11851 6122 6367 7 8732 8733 51180 51181 54511 54403 54404
11852 6140 6367 5 8733 8734 53887 40884 40883
11853 6140 6025 4 8734 8731 11997 11996
11854 6140 6122 4 8731 8733 37823 37822
11855 6367 6025 3 8732 8734 54005
11856 7508 7491 7 8736 8737 36340 36339 36447 35744 35520
11857 7537 7491 5 8738 8736 35521 35728 35725
11858 7286 7529 5 8739 8740 35976 45018 35451
11859 7286 7292 5 8740 8741 53198 53230 35977
11860 7359 7292 4 8741 8742 53099 53100
11861 7359 7529 5 8742 8739 35453 53264 53260
11862 7359 7286 5 8739 8741 53197 46676 35452
11863 7292 7529 5 8740 8742 52991 40505 35978
11864 7707 7793 4 8743 8744 90225 89943
11865 7707 7637 9 8744 8745 89773 89931 47742 47744 89963 89961 90226
11866 7526 7793 6 8746 8743 52345 52344 52042 52044
11867 7637 7793 7 8744 8746 52400 52519 52518 52513 52515
11868 8868 8588 4 8747 8748 47762 47764
11869 9003 8588 5 8748 8749 97103 48028 47933
11870 8588 8539 8 8747 8749 97102 96997 46565 46567 47456 47927
11871 8340 8289 4 8750 8751 46887 46852
11872 8340 8112 6 8751 8752 46775 46870 47004 46886
11873 8104 8112 5 8752 8753 46700 46781 46776
11874 8104 8289 5 8753 8750 36721 36722 46699
11875 8104 8340 4 8750 8752 19669 19667
11876 8112 8289 8 8751 8753 46698 47393 47361 47360 47291 46888
11877 7971 7807 4 8756 8757 45967 45944
11878 7971 7766 8 8757 8758 45845 45846 44182 36672 36670 51050
11879 8038 7766 6 8758 8759 43558 43559 44360 45336
11880 8038 7807 8 8759 8756 45210 45211 36849 36848 45822 45740
11881 8038 7971 7 8756 8758 45169 45168 46023 45970 45945
11882 7766 7807 4 8757 8759 45741 51051
11883 8531 8309 5 8760 8761 36838 45854 45786
11884 8531 8570 6 8761 8762 44372 44373 45006 36839
11885 8432 8570 6 8762 8763 33335 33336 27711 27708
11886 8432 8309 5 8763 8760 38262 38261 44425
11887 8570 8309 6 8761 8763 44775 44776 45026 36840
11888 8334 8384 9 8764 8765 44855 44856 44853 44851 45891 45662 45661
11889 8107 8384 4 8766 8764 36801 36803
11890 8212 8384 4 8765 8766 45548 45141
11891 9155 9262 6 8767 8768 98085 104145 104099 103957
11892 9155 9065 5 8768 8769 104141 104151 98086
11893 9028 9262 6 8770 8767 98687 47132 47129 104023
11894 9028 9155 4 8767 8769 104142 103958
11895 9065 9262 4 8768 8770 103851 98087
11896 7983 7814 3 8773 8771 45989
11897 7983 7726 5 8771 8772 46643 32687 32689
11898 7706 7729 3 8774 8775 53029
11899 7706 7795 8 8775 8776 44206 38240 38241 53333 53207 53185
11900 7538 7795 5 8776 8777 43791 43793 44135
11901 7538 7729 6 8777 8774 53031 45826 44011 44009
11902 7538 7706 8 8774 8776 45681 45680 52993 53267 53214 53030
11903 7795 7729 6 8775 8777 39903 39905 53041 53040
11904 7694 7701 6 8778 8779 53218 53116 53115 53001
11905 7694 7729 5 8779 8780 45868 45869 53219
11906 7474 7729 5 8780 8781 40718 45826 52060
11907 7474 7701 4 8781 8778 52649 40716
11908 7474 7694 7 8778 8780 52059 45274 38205 38204 53002
11909 7729 7701 6 8779 8781 40717 44009 39903 39902
11910 7966 7815 8 8782 8783 45306 45304 53300 53301 53383 53288
11911 7966 7851 4 8783 8784 44088 53450
11912 8003 7966 5 8782 8784 44089 51358 53289
11913 8221 8465 6 8786 8787 45931 50469 46556 46557
11914 7902 8300 3 8788 8789 46333
11915 7950 8300 5 8789 8790 46376 18937 18936
11916 8300 7814 6 8788 8790 46502 43375 43372 44375
11917 7641 7691 4 8791 8792 45748 46773
11918 7641 7956 7 8792 8793 52680 52688 52687 52750 45747
11919 7664 7956 4 8793 8794 52426 52425
11920 7664 7691 9 8794 8791 46774 36867 36866 52397 37428 37427 37435
11921 7956 7691 8 8792 8794 52504 16970 16969 9198 9200 45749
11922 7747 7743 4 8797 8798 35828 9226
11923 7747 7895 5 8795 8797 9225 36080 36048
11924 6831 6625 4 8799 8800 92433 18363
11925 6831 6646 7 8800 8801 71095 71093 100332 88118 88116
11926 6796 6646 3 8801 8802 86130
11927 6796 6625 8 8802 8799 18364 88076 16583 16580 86706 86128
11928 6796 6831 5 8799 8801 15068 15067 18362
11929 6646 6625 6 8800 8802 86129 85692 18885 18882
11930 6363 6613 7 8803 8804 53080 53081 54960 55419 53590
11931 6363 6732 4 8804 8805 53689 53690
11932 6771 6732 8 8805 8806 55371 52900 52719 43405 43406 50828
11933 6771 6613 3 8806 8803 53591
11934 6771 6363 4 8803 8805 51635 51634
11935 6732 6613 9 8804 8806 55760 55762 55319 55321 51921 51923 52142
11936 5815 6008 4 8807 8808 43687 65469
11937 5815 6292 6 8808 8809 54065 54066 54178 43686
11938 6184 6292 5 8809 8810 41888 41889 53711
11939 6184 6008 7 8810 8807 67633 54717 54198 12190 12192
11940 6184 5815 5 8807 8809 54145 54180 54713
11941 6292 6008 5 8808 8810 54010 54124 43688
11942 6272 6427 4 8811 8812 43419 43295
11943 6272 6582 4 8812 8813 43533 43667
11944 6626 6272 7 8811 8813 12336 12335 41183 42684 43296
11945 6582 6427 5 8812 8814 43111 43110 43668
11946 7476 7777 5 8815 8816 49492 50381 50356
11947 7476 7963 6 8816 8817 49517 20966 20969 49493
11948 7675 7963 6 8817 8818 48281 48319 48720 50350
11949 7675 7777 5 8818 8815 47855 47853 48157
11950 7675 7476 7 8815 8817 50362 50363 19271 19270 50240
11951 7963 7777 4 8816 8818 48277 48279
11952 7546 7851 9 8820 8821 45263 53258 53296 53294 53308 39689 39688
11953 7815 7546 7 8819 8821 45264 53493 53507 53284 52985
11954 7201 6855 5 8822 8823 51311 49504 49506
11955 3921 4365 4 8824 8825 57209 12169
11956 3921 4624 5 8825 8826 10708 12483 59071
11957 4608 4624 5 8826 8827 10207 41384 10710
11958 4608 4365 6 8827 8824 12171 61806 58139 10206
11959 4608 3921 6 8824 8826 10709 58849 61822 12170
11960 7968 7918 4 8829 8830 45023 39637
11961 7968 7998 7 8830 8828 34097 34098 37567 45219 45217
11962 7968 8006 4 8828 8829 39635 39638
11963 4045 4066 3 8831 8832 61141
11964 4045 4296 8 8832 8833 61609 61877 61477 60961 60963 61243
11965 4021 4296 4 8833 8834 10350 61492
11966 4021 4066 6 8834 8831 61142 15461 15462 10349
11967 4021 4045 5 8831 8833 10679 10680 11486
11968 4296 4066 6 8832 8834 10348 61566 61126 61123
11969 7273 7102 4 8835 8837 40751 8965
11970 6999 7262 4 8838 8839 51915 51589
11971 6999 7418 6 8839 8840 55494 55489 17328 17329
11972 7389 6999 5 8838 8840 52102 9487 9484
11973 7790 7031 5 8841 8842 8876 44540 44585
11974 7790 7485 5 8842 8843 44470 32916 8875
11975 7283 7790 4 8841 8843 44472 44592
11976 6329 6372 5 8844 8845 43470 51554 49973
11977 6329 6202 5 8845 8846 51790 51792 43471
11978 6786 6202 6 8846 8847 12291 9192 9190 51791
11979 6786 6372 5 8847 8844 49975 54308 54241
11980 6786 6329 4 8844 8846 51789 49974
11981 6202 6372 5 8845 8847 54242 40905 40904
11982 7516 6922 4 8848 8849 44426 44204
11983 7516 7126 9 8849 8850 43148 44533 44347 44346 43266 43265 44257
11984 6905 7126 4 8850 8851 10027 10028
11985 6905 6922 7 8851 8848 44205 33494 33495 42547 42812
11986 6905 7516 4 8848 8850 39787 39786
11987 7126 6922 5 8849 8851 42813 43106 44337
11988 8450 8062 3 8853 8854 38025
11989 8062 8035 9 8852 8854 33459 33460 45157 44468 44467 44471 44376
11990 7706 7582 5 8855 8856 45679 45680 8951
11991 7706 7971 3 8856 8857 36670
11992 7831 7971 8 8857 8858 44075 45972 45971 45762 44181 36672
11993 7831 7582 5 8858 8855 8952 52748 44073
11994 7831 7706 6 8855 8857 36671 38240 38239 8950
11995 7971 7582 6 8856 8858 44074 45968 45967 51050
11996 8489 8669 3 8859 8860 39403
11997 8669 8344 5 8859 8861 31400 31402 39404
11998 8181 8344 4 8863 8864 45204 39440
11999 6329 6274 6 8865 8866 51553 51554 54393 54510
12000 6329 6652 3 8866 8867 9117
12001 6367 6652 4 8867 8868 53911 9118
12002 7130 6978 3 8869 8870 92830
12003 7130 6940 8 8870 8871 92758 99541 93506 36606 36607 88010
12004 7079 6940 4 8871 8872 86119 87836
12005 7079 7130 7 8869 8871 92759 92821 88005 88003 92837
12006 6940 6978 7 8870 8872 86118 88055 18357 17915 17914
12007 8025 8181 9 8873 8874 34841 34839 40091 40093 41644 44841 41908
12008 7588 7790 8 8875 8876 44539 44310 44311 36850 36851 32914
12009 7588 7031 6 8876 8877 43125 43123 43121 44538
12010 7814 8043 5 8878 8879 44218 43563 43564
12011 7814 8402 5 8879 8880 44384 46617 44219
12012 7917 8402 6 8880 8881 44388 44624 44626 44386
12013 7917 8043 4 8881 8878 43196 43198
12014 7917 7814 8 8878 8880 44385 45989 46410 44726 44728 46610
12015 8402 8043 5 8879 8881 44387 44481 44220
12016 7585 7293 5 8882 8883 52785 52788 45932
12017 7585 7309 6 8883 8884 52203 52823 52822 52786
12018 7461 7309 6 8884 8885 52498 52144 52145 52204
12019 7461 7293 5 8885 8882 45934 36822 36823
12020 7461 7585 5 8882 8884 52202 52304 45933
12021 7309 7293 6 8883 8885 17786 17785 52792 52787
12022 7262 7211 4 8886 8887 52532 35734
12023 7262 7475 7 8887 8888 55561 55509 35514 35515 51661
12024 7300 7475 6 8888 8889 17819 17817 36770 36768
12025 7300 7211 5 8889 8886 35735 55530 19889
12026 7300 7262 6 8886 8888 55559 31479 31480 35733
12027 8659 9011 7 8890 8891 44946 46044 45484 44966 44968
12028 8659 8953 5 8891 8892 44702 44098 44099
12029 8783 9011 3 8893 8890 44988
12030 8783 8659 7 8890 8892 39589 39588 39761 44963 44964
12031 8953 9011 7 8891 8893 44989 150934 150935 37983 37985
12032 6128 6268 4 8895 8896 40042 56759
12033 6128 6362 5 8896 8897 54916 54687 40043
12034 6457 6128 6 8895 8897 54915 56741 56823 56761
12035 5940 6184 8 8898 8899 41366 54519 54715 54198 54199 54676
12036 5940 6601 4 8899 8900 41316 41367
12037 6660 6601 9 8900 8901 41215 41214 9177 9180 41034 41038 41176
12038 6660 6184 4 8901 8898 54151 54150
12039 6660 5940 6 8898 8900 41317 54692 54708 54677
12040 6601 6184 5 8899 8901 54142 54140 41368
12041 6061 6077 5 8902 8903 51364 53596 53803
12042 6061 5973 4 8903 8904 53768 51365
12043 6010 6077 5 8905 8902 54586 54693 54680
12044 6010 6061 5 8902 8904 41172 41174 43723
12045 5973 6077 6 8903 8905 54474 54473 54533 51366
12046 6671 6711 4 8908 8906 38970 53926
12047 6640 6711 9 8907 8908 53927 53933 53932 54037 53964 10279 10278
12048 6645 6589 9 8909 8910 89457 75107 75106 86760 89478 89448 89447
12049 6645 6327 4 8910 8911 89446 89458
12050 6375 6327 5 8911 8912 88590 88588 88748
12051 6375 6589 4 8912 8909 89411 89413
12052 6375 6645 6 8909 8911 86186 55525 55524 89240
12053 6327 6589 7 8910 8912 89414 89290 89201 52180 52182
12054 7283 8046 5 8914 8915 43828 39919 39920
12055 7477 7283 3 8913 8915 43155
12056 8046 7531 4 8914 8916 44947 44286
12057 6658 6215 7 8917 8918 40743 40744 41018 58662 41538
12058 6658 6514 8 8918 8919 39951 41571 41460 41461 41464 41084
12059 5850 6514 6 8919 8920 40236 39646 39645 39952
12060 5850 6215 3 8920 8917 40446
12061 5850 6658 7 8917 8919 39950 40765 40766 58370 41539
12062 6514 6215 7 8918 8920 40445 40518 40517 40739 40738
12063 6979 7081 5 8921 8922 17893 17891 46645
12064 6840 6979 6 8921 8923 50989 46385 46387 46646
12065 6904 6880 6 8924 8925 40710 40953 30424 30422
12066 7404 6880 5 8926 8924 41876 41256 41257
12067 7653 6880 4 8925 8926 41281 40711
12068 4140 3131 7 8927 8928 66895 66467 49871 49872 131828
12069 4140 4341 5 8928 8929 30254 30255 66890
12070 3105 4341 5 8929 8930 11950 42594 41802
12071 3105 3131 6 8930 8927 131830 28321 28318 11948
12072 3105 4140 6 8927 8929 12099 12098 43463 131829
12073 4341 3131 5 8928 8930 11949 30357 66891
12074 6883 6909 5 8932 8933 54983 53814 52104
12075 7071 6909 8 8933 8934 36250 36249 55149 55287 55508 54984
12076 7071 6713 6 8934 8931 55028 55399 55423 55418
12077 7071 6883 3 8931 8933 54982
12078 6909 6713 6 8932 8934 55384 55383 13781 13780
12079 7741 7513 5 8937 8938 36412 39373 39742
12080 7741 7298 3 8935 8937 54790
12081 7513 7753 4 8936 8938 36411 40531
12082 5658 6198 4 8939 8940 41181 42273
12083 5658 6875 4 8940 8941 41782 41180
12084 6256 6875 7 8941 8942 42264 41202 41203 42251 58291
12085 6256 6198 6 8942 8939 40970 40381 40380 40496
12086 6256 5658 5 8939 8941 58292 42286 42272
12087 6875 6198 4 8940 8942 42314 41182
12088 4353 4578 5 8943 8944 64501 64586 64834
12089 4353 4235 7 8944 8945 65641 12576 12575 64829 64502
12090 4668 4578 7 8946 8943 65590 65517 14376 14373 48218
12091 4668 4353 4 8943 8945 65640 65589
12092 4235 4578 5 8944 8946 64848 64847 64503
12093 8397 8660 5 8948 8949 45311 45046 45048
12094 8324 8397 5 8947 8949 45309 45119 45060
12095 7706 7705 7 8950 8951 52993 53268 53201 53199 52884
12096 7831 7705 4 8952 8950 52443 52442
12097 7582 7705 6 8951 8952 52747 53013 53273 52994
12098 8846 8732 4 8953 8954 45360 44960
12099 8846 8614 7 8954 8955 39778 45316 45318 45359 45357
12100 8838 8614 4 8955 8956 38327 39779
12101 8838 8846 6 8953 8955 33028 33025 152877 44961
12102 8614 8732 6 8954 8956 38326 39545 45346 45347
12103 9355 9520 6 8957 8958 156490 156491 156898 38474
12104 9355 9211 5 8958 8959 157784 38511 38512
12105 9393 9211 7 8959 8960 153863 153862 157007 157027 157785
12106 9393 9520 8 8960 8957 38476 156967 39178 39180 145689 157166
12107 9393 9355 4 8957 8959 157061 38475
12108 9211 9520 3 8958 8960 157179
12109 6680 7027 3 8961 8962 41010
12110 7027 6904 5 8961 8963 9925 9924 41011
12111 6451 6210 5 8967 8968 9371 43874 51172
12112 6388 6210 6 8968 8969 49507 38438 38436 9373
12113 6388 6367 5 8969 8966 51452 53802 51181
12114 6388 6451 4 8966 8968 9372 51012
12115 6210 6367 5 8967 8969 51180 40883 40885
12116 3760 3636 5 8971 8972 59389 59388 28761
12117 3760 3830 5 8972 8970 61037 13612 13614
12118 3760 3850 4 8970 8971 28759 61092
12119 8219 8032 6 8974 8975 36917 16814 16815 16943
12120 7892 8219 3 8973 8975 16884
12121 8032 7924 4 8974 8976 35295 35294
12122 4501 4887 4 8977 8978 18597 22810
12123 4501 4696 6 8978 8979 15282 75209 74264 18598
12124 4591 4696 6 8979 8980 75098 75148 15061 15062
12125 4591 4887 5 8980 8977 22811 72790 74772
12126 4591 4501 6 8977 8979 15283 75239 17733 17734
12127 4696 4887 5 8978 8980 75060 18835 18599
12128 7692 7436 8 8981 8982 51389 53120 51260 51261 51421 51382
12129 7692 7726 5 8982 8983 46648 46649 51390
12130 7534 7436 4 8984 8981 51384 52784
12131 7534 7692 7 8981 8983 46598 46599 46652 46654 51383
12132 7726 7436 5 8982 8984 52375 35770 35769
12133 7221 7018 4 8985 8986 90756 52262
12134 7221 7095 5 8986 8987 52410 90651 90751
12135 7244 7095 4 8987 8988 35654 52411
12136 7244 7018 6 8988 8985 52263 52021 52020 35653
12137 7244 7221 7 8985 8987 52409 52417 47611 46492 46493
12138 7095 7018 6 8986 8988 12767 12769 36657 90752
12139 5336 5218 6 8989 8990 58011 58012 58013 57853
12140 5336 5944 4 8990 8991 57974 58010
12141 5544 5944 8 8991 8992 57697 57698 57699 57702 57687 57688
12142 5544 5218 5 8992 8989 12549 12551 57762
12143 5544 5336 8 8989 8991 56733 56732 57638 57973 58009 57852
12144 5944 5218 5 8990 8992 57764 10177 10176
12145 6897 6460 4 8993 8994 40337 40338
12146 6897 7593 6 8994 8995 41466 41467 41575 40650
12147 6212 7593 3 8995 8996 40805
12148 6212 6460 6 8996 8993 41514 41511 40104 40103
12149 7593 6460 4 8994 8996 40804 40651
12150 4300 4107 7 8998 8999 66931 66929 66947 9777 9778
12151 4300 4101 8 8999 9000 43726 66720 66346 66349 66932 66933
12152 3549 4101 5 9000 9001 12039 12037 43728
12153 3549 4107 7 9001 8998 65068 155407 66830 42890 42755
12154 3549 4300 4 8998 9000 43727 65067
12155 4101 4107 3 8999 9001 42756
12156 8514 8255 8 9002 9003 41799 41801 41938 155714 155934 41995
12157 8514 8553 6 9003 9004 24990 155439 41892 41893
12158 8243 8553 5 9004 9005 38958 40126 24991
12159 8243 8255 7 9005 9002 41996 142205 41831 41830 38956
12160 8243 8514 3 9002 9004 24989
12161 8553 8255 4 9003 9005 38957 41896
12162 7456 6910 5 9006 9007 100379 100380 93248
12163 7456 7093 8 9007 9008 100341 99623 99622 100364 100187 100188
12164 7065 7093 6 9008 9009 86250 21109 21107 99360
12165 7065 6910 5 9009 9006 20517 20519 99753
12166 7065 7456 5 9006 9008 99760 93403 93249
12167 7093 6910 7 9007 9009 86025 86027 18596 18593 100362
12168 7170 6885 3 9011 9012 52973
12169 7000 6885 5 9012 9013 53036 53033 52975
12170 7000 7170 5 9010 9012 52974 53305 53578
12171 6885 6987 7 9011 9013 53480 53471 45298 43975 43976
12172 2138 4649 6 9014 9015 141369 142336 142326 142324
12173 2138 6309 5 9015 9016 12048 12051 141370
12174 8288 6309 6 9016 9017 10968 33272 33274 142378
12175 8288 4649 5 9017 9014 155798 58609 10966
12176 8288 2138 5 9014 9016 142377 153584 155812
12177 6309 4649 4 9015 9017 10967 58541
12178 6114 6164 4 9018 9019 53844 55776
12179 6114 5941 8 9019 9020 55433 55981 56288 56268 56267 53843
12180 6075 5941 3 9020 9021 54589
12181 6075 6164 6 9021 9018 51938 51939 51623 51622
12182 6075 6114 6 9018 9020 12869 12871 56048 55939
12183 5941 6164 6 9019 9021 36895 36896 70827 53845
12184 6647 6696 9 9022 9023 41141 54401 54115 54116 54063 53528 53529
12185 6647 6767 5 9023 9024 43949 53721 41142
12186 7110 6767 7 9024 9025 43227 43229 44228 44230 43951
12187 7110 6696 4 9025 9022 53599 53598
12188 7110 6647 5 9022 9024 43950 53726 53725
12189 6767 6696 6 9023 9025 53130 53131 54448 41143
12190 6736 6452 6 9030 9031 53811 54283 43864 42414
12191 6136 6452 8 9031 9032 42715 42517 42518 43590 11538 11539
12192 6136 6809 4 9032 9029 42349 43904
12193 6136 6736 4 9029 9031 51246 42348
12194 6452 6809 5 9030 9032 43207 43206 42415
12195 6297 6060 5 9033 9034 89041 89039 88903
12196 6404 6060 4 9035 9033 88905 72191
12197 6170 6060 9 9034 9035 72192 73916 73917 91211 91405 91076 89066
12198 6493 6198 5 9036 9037 54207 67025 43646
12199 6493 6574 6 9037 9038 43666 43722 54087 54206
12200 6851 6574 6 9038 9039 42098 42099 41784 41785
12201 6851 6198 5 9039 9036 34361 34362 42315
12202 6851 6493 5 9036 9038 43522 10542 10541
12203 6574 6198 5 9037 9039 36273 36272 54204
12204 5205 5435 6 9040 9041 67941 68198 68082 68081
12205 5205 5351 5 9041 9042 67517 67518 67942
12206 5413 5435 5 9043 9040 68182 12205 12202
12207 5413 5205 4 9040 9042 61510 61512
12208 5351 5435 4 9041 9043 49087 49089
12209 5668 5168 5 9046 9044 44294 42978 42980
12210 5427 5168 4 9045 9046 64958 50864
12211 6527 6476 6 9047 9048 55095 55120 55015 55017
12212 6527 6701 4 9048 9049 55079 55094
12213 6567 6476 3 9050 9047 55030
12214 6567 6527 6 9047 9049 55078 55090 55091 55097
12215 6701 6476 8 9048 9050 55031 55083 55081 55080 55121 55096
12216 5608 5728 7 9051 9052 42267 66241 11527 11525 67248
12217 5608 5840 3 9052 9053 42268
12218 5708 5608 7 9051 9053 66435 66434 68318 65502 65504
12219 7282 7383 4 9058 9059 41455 42421
12220 4659 4778 5 9060 9061 65509 50170 50168
12221 4659 4577 9 9061 9062 49891 49890 65635 65638 65636 65586 65511
12222 5021 4577 6 9062 9063 64868 65279 68895 65602
12223 5021 4778 4 9063 9060 64811 64813
12224 4577 4778 7 9061 9063 64867 54221 54222 65079 65078
12225 6212 6179 5 9064 9065 40708 40105 40104
12226 6155 5752 5 9066 9067 41503 40837 40836
12227 6155 6212 4 9064 9066 41463 41511
12228 5752 6179 6 40709 9065 9067 57608 57609 -1
12229 6113 5893 4 9068 9069 33880 33878
12230 6272 5970 4 9070 9071 43896 43538
12231 6272 5893 5 9071 9068 42620 42619 43517
12232 6272 6113 7 9068 9070 43420 43419 43667 43674 43758
12233 5970 5893 6 9069 9071 43898 54259 67242 43534
12234 3323 3223 5 9072 9073 78703 78704 78629
12235 3498 3223 5 9074 9072 15010 14979 14981
12236 3356 3223 6 9073 9074 63866 63865 78900 78746
12237 3494 3434 5 9075 9076 63598 60372 60373
12238 3609 3640 7 9077 9078 11252 11253 63581 62169 29748
12239 3609 3434 8 9078 9075 63165 61901 61903 64081 64092 63596
12240 3609 3494 4 9075 9077 29747 63359
12241 3640 3434 4 9076 9078 63597 63599
12242 10176 9931 5 9079 9080 155310 155241 155011
12243 10176 10297 5 9080 9081 39967 154823 154826
12244 9805 10297 5 9081 9082 153968 144804 39968
12245 9805 10176 5 9079 9081 39966 142573 142572
12246 7086 6987 9 9083 9084 44086 43974 43975 45297 53617 33974 33977
12247 7086 7188 7 9084 9085 44154 44157 44091 44092 44117
12248 7493 7086 5 9083 9085 42389 42388 53651
12249 7188 6987 3 9084 9086 52995
12250 5579 6009 5 9087 9088 64746 50120 50121
12251 5579 6555 4 9088 9089 66064 65383
12252 5685 6555 8 9089 9090 49809 49611 48966 32635 32638 66063
12253 5685 6009 3 9090 9087 49870
12254 5685 5579 6 9087 9089 66051 11543 11540 65346
12255 6555 6009 8 9088 9090 49685 43334 43331 21945 21947 49875
12256 5990 5728 5 9093 9094 43424 43504 43505
12257 5990 5969 6 9094 9091 42827 43627 54356 43423
12258 5990 6113 3 9091 9093 42826
12259 3598 3590 7 9095 9096 62097 62100 67183 63698 63697
12260 3546 3306 4 9097 9098 62856 62857
12261 3546 3590 5 9098 9095 62652 62651 66228
12262 3546 3598 5 9095 9097 43537 43535 66606
12263 3306 3590 5 9096 9098 66229 64312 64313
12264 7523 7785 5 9099 9100 50181 19430 19431
12265 7523 7965 3 9100 9101 49942
12266 7755 7965 6 9101 9102 50315 50389 50430 49944
12267 7755 7785 3 9102 9099 47780
12268 7755 7523 8 9099 9101 49943 50286 50493 50482 46934 46931
12269 7965 7785 7 9100 9102 50314 96678 48122 48120 50182
12270 5993 6494 5 9103 9104 50994 54369 54339
12271 6895 6975 6 9106 9108 42583 40767 40768 44194
12272 5176 5119 8 9109 9110 65084 43751 43694 43695 43811 43592
12273 5176 4713 4 9110 9111 49672 49675
12274 5155 4713 4 9111 9112 66200 67206
12275 5155 5119 4 9112 9109 11946 11945
12276 5155 5176 6 9109 9111 67205 67250 67284 43593
12277 4713 5119 6 9110 9112 66199 67287 66286 65085
12278 4663 4804 9 9113 9114 67363 67584 67157 67160 67225 64853 10896
12279 4663 4437 6 9114 9115 61416 12441 12442 67364
12280 4320 4437 4 9115 9116 62030 67224
12281 4320 4804 6 9116 9113 10898 67643 67512 62029
12282 4320 4663 4 9113 9115 67074 10897
12283 6652 6621 9 9118 9117 53966 53967 53918 53919 53104 53103 53910
12284 3505 3632 5 9119 9120 10976 63534 62164
12285 3505 3531 5 9120 9121 61541 62074 10977
12286 3380 3505 5 9119 9121 61540 63528 62165
12287 6619 6483 5 9123 9124 50798 50799 51259
12288 6619 6780 5 9124 9122 41942 42864 46596
12289 6619 6464 6 9122 9123 54291 54321 54231 41941
12290 4594 4404 6 9125 9126 68540 67743 12973 12974
12291 4594 4378 4 9126 9127 61369 61720
12292 4499 4378 5 9127 9128 59250 61491 61371
12293 4499 4404 5 9128 9125 60838 60840 59248
12294 4499 4594 10 9125 9127 61370 61648 61649 13164 13163 69359 69547 60853
12295 4378 4404 9 9126 9128 59249 61956 61945 61552 61553 67558 68541
12296 7229 7436 6 9129 9130 45939 43045 43046 51234
12297 7229 7293 3 9130 9131 45941
12298 7242 7293 7 9131 9132 37454 51403 51404 53981 45943
12299 7242 7436 3 9132 9129 37452
12300 7293 7436 8 9130 9132 37453 51421 45932 45934 47387 46150
12301 6140 6210 6 9133 9134 37825 37823 40883 40886
12302 6140 6094 4 9134 9135 46395 50605
12303 6429 6094 7 9135 9136 49070 49069 54895 51680 46397
12304 6429 6210 5 9136 9133 51174 43874 43875
12305 6429 6140 5 9133 9135 46396 51568 51685
12306 6094 6210 8 9134 9136 53069 53070 54465 54504 9463 9464
12307 5483 5570 4 9137 9138 70153 16655
12308 5483 5281 6 9138 9139 17296 16646 16645 70249
12309 5360 5570 5 9140 9137 16657 87442 70611
12310 5360 5483 5 9137 9139 70222 70224 16656
12311 5281 5570 5 9138 9140 15376 15373 70250
12312 6699 6892 5 9142 9143 50394 51242 51243
12313 6552 6593 5 9144 9145 50704 50696 50695
12314 6552 6699 6 9142 9144 51352 51351 51511 51274
12315 6593 6892 3 9143 9145 50395
12316 6536 6346 5 9146 9147 11155 49715 50092
12317 6536 6009 6 9147 9148 48658 21944 21945 11154
12318 5994 6009 4 9148 9149 65522 48660
12319 5994 6346 7 9149 9146 50090 49952 49953 50093 65521
12320 5994 6536 6 9146 9148 48659 49473 50017 50067
12321 6009 6346 8 9147 9149 65520 50112 43330 43329 44553 11156
12322 6047 6104 9 9150 9151 41295 41293 53737 54388 54389 54402 54250
12323 6047 6410 4 9151 9152 12174 12172
12324 6494 6104 3 9153 9150 43778
12325 6494 6047 5 9150 9152 51267 54339 54251
12326 6410 6104 6 9151 9153 43777 51293 54422 54296
12327 5427 5639 5 9154 9155 65267 65266 64958
12328 5527 5639 5 9155 9156 11619 11618 50118
12329 5639 5668 7 9154 9156 11378 11377 65789 42981 42980
12330 1966 1912 5 9157 9158 116906 116926 116683
12331 1966 2018 4 9158 9159 116925 116907
12332 2094 2018 7 9159 9160 116858 115019 114945 114944 116657
12333 2094 1912 5 9160 9157 29222 29221 116930
12334 2094 1966 6 9157 9159 115642 29522 29524 116597
12335 2018 1912 5 9158 9160 116928 115938 115937
12336 4064 4243 5 9161 9162 64877 64878 14513
12337 4064 4152 6 9162 9163 12793 64909 64910 64897
12338 4000 4243 5 9164 9161 14514 28555 28556
12339 4000 4064 5 9161 9163 11523 11522 11868
12340 4152 4243 5 9162 9164 64764 64762 64898
12341 5238 5147 7 9166 9167 70868 70867 56115 56116 68974
12342 5238 4936 4 9167 9165 61444 72489
12343 5238 5127 7 9165 9166 69511 61422 61421 69155 61443
12344 6127 6251 7 9168 9169 51665 51663 51450 10402 10405
12345 6127 6391 10 9169 9170 13609 13608 51129 51130 53867 51078 51080 51666
12346 6390 6127 3 9168 9170 33524
12347 7001 6903 6 9172 9173 43182 44318 43889 43890
12348 7001 6736 5 9173 9171 46459 43891 43181
12349 7001 7179 5 9171 9172 39708 39709 53955
12350 6460 7540 5 9174 9175 40103 40804 41519
12351 6592 7540 4 9176 9174 41521 40441
12352 6179 7540 5 9175 9176 40440 40455 40105
12353 6620 6660 5 9177 9178 33962 41115 41216
12354 6601 6714 4 9179 9180 41035 41093
12355 6601 6620 6 9177 9179 41097 41082 40700 40701
12356 6714 6660 6 9178 9180 40961 40962 41022 33963
12357 6091 6026 5 9181 9182 51122 51211 51215
12358 6091 6255 7 9182 9183 54424 54234 51268 49816 49815
12359 5805 6255 3 9183 9184 54290
12360 5805 6026 9 9184 9181 51231 51230 68267 54585 54584 54420 54289
12361 5805 6091 6 9181 9183 53855 53856 51214 51213
12362 6255 6026 7 9182 9184 54288 51081 51083 51664 51123
12363 6818 6947 3 9185 9186 51997
12364 6818 6909 6 9186 9187 13779 13780 52104 51996
12365 6661 6909 4 9187 9188 9333 55305
12366 6661 6947 5 9188 9185 53148 51309 9331
12367 6661 6818 5 9185 9187 55244 55242 53147
12368 6909 6947 5 9186 9188 9332 55309 51998
12369 6142 6786 6 9189 9190 54451 54449 54450 54455
12370 6142 6202 8 9190 9191 43279 43263 43261 54030 54320 54416
12371 6319 6202 5 9191 9192 12292 51097 51098
12372 6319 6142 6 9189 9191 54346 54394 43574 43576
12373 6798 6279 6 9193 9194 56965 56533 56509 54918
12374 6798 6190 4 9194 9195 57000 56964
12375 5967 6190 8 57003 57002 9195 9196 39616 39615 56812 -1
12376 5967 6279 5 9196 9193 54920 12570 12572
12377 5967 6798 4 9193 9195 56996 54919
12378 6190 6279 6 9194 9196 52076 52074 56858 56962
12379 7585 7691 6 9197 9198 33103 51414 52827 51467
12380 7585 7956 4 9198 9199 52844 33104
12381 7750 7956 5 9199 9200 46804 46803 52800
12382 7750 7691 4 9200 9197 9472 9469
12383 7750 7585 7 9197 9199 52808 51262 51263 52304 51468
12384 8062 8295 7 9202 9203 33412 33459 38025 44678 46026
12385 8062 7953 8 9203 9201 36737 44361 44362 44843 45157 33411
12386 8062 8287 4 9201 9202 44359 36736
12387 6099 6166 6 9204 9205 55718 55717 88798 88521
12388 6099 6137 3 9205 9206 88443
12389 5955 6137 6 9206 9207 88946 73959 73960 88531
12390 5955 6166 4 9207 9204 72610 72607
12391 5955 6099 6 9204 9206 88208 88209 88478 88499
12392 6137 6166 6 9205 9207 88945 88687 88311 88312
12393 7011 7083 7 9208 9209 52971 53316 55191 55425 53059
12394 7011 7187 4 9209 9210 52924 52922
12395 6834 7187 5 9210 9211 41062 43981 43982
12396 6834 7083 5 9211 9208 9325 9324 41061
12397 6834 7011 6 9208 9210 53023 53820 55416 53060
12398 7187 7083 6 9209 9211 41060 51251 51248 52972
12399 5226 4966 3 9213 9214 65101
12400 5344 4966 6 9214 9215 65316 65271 65209 65102
12401 5344 5335 5 9215 9212 48722 11333 11332
12402 5344 5226 7 9212 9214 65100 65433 65432 11440 11439
12403 4966 5335 6 9213 9215 65315 62209 62208 65431
12404 7505 7375 7 9216 9217 92682 99761 16893 16894 20466
12405 7505 7387 5 9217 9218 20240 20238 92681
12406 7459 7387 7 9218 9219 87915 86530 86323 37046 37044
12407 7459 7375 4 9219 9216 20468 87660
12408 7459 7505 6 9216 9218 86322 92862 99094 20467
12409 7387 7375 7 9217 9219 87999 87949 87951 100283 92683
12410 6768 6923 7 9220 9221 36947 53079 55260 55261 55655
12411 6768 6917 4 9221 9222 90741 36946
12412 6853 6917 5 9222 9223 36656 36658 90384
12413 6853 6923 4 9223 9220 52494 52495
12414 6853 6768 6 9220 9222 90390 52167 52166 55653
12415 7895 7619 4 9224 9225 35856 35857
12416 7747 7619 9 9225 9226 35827 36028 36027 53177 52935 36439 36440
12417 7066 7086 7 9227 9228 9416 42389 44154 44155 43819
12418 7066 6901 4 9228 9229 53934 9415
12419 6834 6901 6 9229 9230 53470 53472 53793 53928
12420 6834 7086 8 9230 9227 43821 41062 41061 40502 40504 45297
12421 6834 7066 4 9227 9229 53872 43820
12422 6901 7086 4 9228 9230 53617 9417
12423 6140 5983 7 9231 9232 12397 12399 50604 46395 46396
12424 6140 6305 3 9232 9233 12890
12425 6470 5983 6 9234 9231 51569 51679 55880 51188
12426 6305 5983 6 9232 9234 51189 55884 51803 12891
12427 6476 6069 4 9235 9236 55080 55108
12428 6476 6443 4 9236 9237 55084 55081
12429 6480 6443 6 9237 9238 41159 41160 53043 53801
12430 6480 6069 5 9238 9235 55109 54652 54651
12431 6480 6476 8 9235 9237 55082 55031 55030 55017 54712 54711
12432 6443 6069 10 9236 9238 53758 50854 11979 11981 51537 52940 54724 54737
12433 6711 7066 5 9239 9240 53872 53934 43893
12434 7089 7091 6 9241 9242 43977 43970 43969 53865
12435 7089 7066 4 9242 9239 43895 43914
12436 7089 6711 7 9239 9241 53870 53869 39701 39700 43894
12437 7091 7066 6 9240 9242 53630 53629 43819 43820
12438 5731 5950 6 9243 9244 69870 69885 53710 53709
12439 5731 5906 4 9244 9245 54764 69824
12440 5982 5906 6 9245 9246 41278 53715 54861 54765
12441 5982 5950 5 9246 9243 54775 55025 41276
12442 5906 5950 7 9244 9246 41277 35617 35615 51903 69835
12443 7071 7112 9 9247 9248 36732 45725 45726 52938 9420 9418 36249
12444 7071 7083 5 9248 9249 55423 55191 36733
12445 6888 7083 5 9249 9250 53035 53034 55424
12446 6888 7112 4 9250 9247 36251 52888
12447 6888 7071 4 9247 9249 55418 36250
12448 7083 7112 5 9248 9250 53392 53412 36734
12449 6117 6020 5 9251 9252 72250 72251 55766
12450 6117 5979 3 9252 9253 87298
12451 6092 5979 9 9253 9254 54901 87304 87251 70311 56314 56225 56224
12452 6092 6020 4 9254 9251 55768 54900
12453 6092 6117 6 9251 9253 56436 56434 70811 55767
12454 5979 6020 8 9252 9254 54899 86391 87410 88481 16799 16796
12455 7528 7615 6 9255 9256 17212 86612 86613 16940
12456 7528 7448 8 9256 9257 16990 17055 35836 35673 35442 17211
12457 7677 7448 6 9257 9258 9427 13303 35768 16991
12458 7677 7528 5 9255 9257 16989 35825 16941
12459 7448 7615 3 9256 9258 9426
12460 6707 7177 4 9259 9260 52906 52260
12461 6364 6265 6 9261 9262 54741 53084 53085 53044
12462 6206 6265 6 9262 9263 13063 54686 55867 55018
12463 6265 5982 6 9261 9263 13061 54588 54867 53045
12464 6985 7100 7 9265 9266 89609 89512 85970 85971 86045
12465 6985 7119 4 9266 9267 17490 17501
12466 6957 7119 6 9267 9268 87894 85951 85954 17491
12467 6957 7100 3 9268 9265 86047
12468 6957 6985 9 9265 9267 17489 87896 88023 87955 87954 87899 86046
12469 7119 7100 8 9266 9268 87893 90027 89701 89641 89607 89606
12470 7666 7427 7 9269 9270 86732 100292 100237 17110 17111
12471 7666 7240 5 9270 9271 99758 99759 86733
12472 7512 7240 7 9271 9272 85733 85732 86021 100365 100337
12473 7512 7427 5 9272 9269 93487 93486 99754
12474 7512 7666 6 9269 9271 99735 99737 99708 99707
12475 7240 7427 4 9270 9272 99613 86734
12476 5329 5691 5 9273 9274 57046 57049 57257
12477 5619 5691 7 9274 9275 56638 56645 56722 56723 57133
12478 5691 5507 7 9273 9275 56636 57231 57230 57242 57258
12479 5291 5261 7 9276 9277 57211 57298 57202 56729 56730
12480 5291 5244 6 9277 9278 41261 59259 56621 56620
12481 5309 5261 6 9279 9276 56530 56529 57071 57314
12482 5309 5291 3 9276 9278 41260
12483 5244 5261 4 9277 9279 57434 57212
12484 4207 4396 7 9280 9281 59317 57419 57417 57571 59304
12485 4207 4193 3 9281 9282 59164
12486 4271 4193 5 9282 9283 57577 59264 59165
12487 4271 4396 5 9283 9280 59275 59003 57576
12488 4271 4207 7 9280 9282 41339 41341 41437 28915 28914
12489 4193 4396 6 9281 9283 57575 59973 59316 59314
12490 4585 4738 7 9284 9285 70076 69611 69612 69659 9508
12491 4585 4814 4 9285 9286 70066 70079
12492 4488 4814 5 9286 9287 61441 61438 69265
12493 4488 4738 4 9287 9284 9510 69242
12494 4488 4585 5 9284 9286 70059 69412 9509
12495 4814 4738 10 9285 9287 40313 40312 57266 57265 69922 69712 69713 70078
12496 4773 4914 7 9288 9289 67746 67775 54632 54630 64208
12497 4773 4881 5 9289 9290 60466 60467 67747
12498 5057 4881 6 9290 9291 57748 57029 57028 67046
12499 5057 4914 3 9291 9288 67560
12500 5057 4773 6 9288 9290 67809 67749 67655 67559
12501 4881 4914 6 9289 9291 67712 12247 12246 67624
12502 5544 5507 3 9292 9293 10075
12503 5544 5607 8 9293 9294 57690 57698 57310 57194 57195 57250
12504 5629 5607 4 9294 9295 56667 56669
12505 5629 5507 5 9295 9292 10076 57590 57109
12506 5607 5507 8 9293 9295 57110 57233 56636 56637 57467 57468
12507 6252 5939 9 9296 9297 35876 35874 39772 55476 56442 56449 56454
12508 6252 6253 7 9297 9298 55634 56245 35759 35762 56455
12509 5899 6253 4 9298 9299 56094 55635
12510 5899 5939 9 9299 9296 52503 17313 17314 56232 53623 53625 56297
12511 5899 6252 4 9296 9298 55633 56451
12512 6253 5939 4 9297 9299 56298 56301
12513 5536 5548 7 9300 9301 69805 69806 69220 54146 54149
12514 5536 5860 5 9301 9302 54928 69781 69821
12515 5664 5860 6 9302 9303 55692 51689 51688 51795
12516 5664 5548 6 9303 9300 52667 51183 51185 69145
12517 5664 5536 5 9300 9302 54927 69309 69308
12518 5860 5548 3 9301 9303 69188
12519 6727 6740 8 9304 9305 53426 53427 53631 55363 55365 55355
12520 6727 6888 7 9305 9306 55332 55333 55382 53420 53421
12521 6527 6888 6 9306 9307 55130 55069 55070 55092
12522 6527 6740 4 9307 9304 55162 55129
12523 6527 6727 5 9304 9306 55331 55342 55344
12524 6888 6740 5 9305 9307 55073 55072 55158
12525 7799 7994 5 9308 9309 36793 36794 52745
12526 8094 7994 5 9310 9308 52543 52542 52458
12527 7956 7994 8 9309 9310 37472 37471 52504 52426 52423 52688
12528 7159 7122 8 9311 9312 52789 53121 53945 54002 54018 52852
12529 7159 7169 3 9312 9313 52790
12530 7020 7169 15 9313 9314 46642 53853 53899 53968 53978 53980 53973 52954 52952 53143 53141 53894 53893
12531 7020 7122 7 9314 9311 52854 54022 53111 51480 46640
12532 7169 7122 4 9312 9314 46641 52791
12533 7146 6911 5 9315 9316 40755 9349 9347
12534 7146 7350 6 9316 9317 53374 51631 45898 45896
12535 7067 7350 9 9317 9318 52173 52668 52041 10870 10871 52710 52709
12536 7067 6911 8 9318 9315 52977 53063 53062 52843 52842 52172
12537 7067 7146 4 9315 9317 53370 52976
12538 7350 6911 3 9316 9318 52171
12539 7208 7344 4 9319 9320 9409 9410
12540 7172 7448 5 9321 9322 35442 35672 35853
12541 7448 7344 7 9320 9322 17211 9426 9427 13302 9694
12542 7083 7152 8 9323 9324 52978 51251 51249 53226 53412 53032
12543 6885 6834 10 9325 9326 40504 45298 53472 53076 52968 52969 55421 53060
12544 6885 7152 6 9326 9323 52975 52973 43976 40503
12545 6885 7083 6 9323 9325 53059 55426 53034 53033
12546 6834 7152 3 9324 9326 40502
12547 7704 7502 8 9327 9328 90189 52526 52527 47269 47272 90246
12548 7704 7587 5 9328 9329 90199 98445 90190
12549 7518 7587 8 9329 9330 89560 89559 98505 46689 46686 89828
12550 7518 7502 4 9330 9327 47730 47729
12551 7518 7704 6 9327 9329 35651 35650 90243 90245
12552 7587 7502 5 9328 9330 89767 89666 89667
12553 6947 6743 6 9331 9332 55268 55267 56498 51308
12554 6661 6743 5 9333 9331 51310 56483 55438
12555 6909 6743 6 9332 9333 55437 55357 55185 55184
12556 2783 3092 6 9334 9335 135955 135528 135529 135780
12557 2783 3127 5 9335 9336 119637 119638 135954
12558 3136 3127 4 9336 9337 28453 136152
12559 3136 3092 6 9337 9334 135517 63987 63870 28451
12560 3136 2783 5 9334 9336 136151 135546 135547
12561 3127 3092 6 9335 9337 28452 62894 62891 135956
12562 5774 5898 5 9338 9339 16737 17198 50822
12563 5774 5960 5 9339 9340 69085 51873 16738
12564 5574 5960 5 9340 9341 17764 17766 69023
12565 5574 5774 5 9338 9340 69083 65146 51897
12566 5960 5898 5 9339 9341 51885 51476 16739
12567 6120 6310 4 9342 9343 87149 88048
12568 6120 6234 4 9343 9344 71112 71114
12569 6207 6234 7 9344 9345 87753 87751 19597 19599 73882
12570 6207 6310 8 9345 9342 88049 85587 85586 88556 88041 88042
12571 6207 6120 5 9342 9344 17183 17184 18000
12572 6234 6310 4 9343 9345 87364 87150
12573 7011 7146 8 9346 9347 52976 53315 52971 52922 52923 12072
12574 7011 6911 6 9347 9348 53000 39577 39576 52977
12575 7141 6911 6 9348 9349 40756 47218 52762 52899
12576 7141 7146 5 9349 9346 12074 52205 40754
12577 7141 7011 6 9346 9348 52999 53972 46767 12073
12578 7771 8343 5 9350 9351 94555 94553 95212
12579 7628 8343 5 9352 9350 95263 94135 17649
12580 7856 8343 5 9351 9352 17650 95592 94993
12581 10262 10389 8 9353 9354 155905 155586 27073 27071 154105 156684
12582 10262 9889 3 9354 9355 156028
12583 9773 9889 6 9355 9356 156634 10110 10112 155870
12584 9773 10389 4 9356 9353 155882 155883
12585 9773 10262 6 9353 9355 156029 156505 153758 153759
12586 7298 7672 5 9357 9358 56837 54766 9361
12587 7298 7138 9 9358 9359 40702 40703 36042 36041 56941 56977 56932
12588 7562 7138 7 9359 9360 13728 13729 38828 38827 39008
12589 7562 7672 9 56895 56592 9360 9357 9363 39043 39121 39123 -1
12590 7562 7298 3 9357 9359 9362
12591 7138 7672 4 9358 9360 56466 56467
12592 7513 7672 4 9363 9361 40531 39042
12593 5309 5397 5 9364 9365 57072 56529 9531
12594 5353 5397 4 9366 9364 9533 56009
12595 5476 5397 5 9365 9366 56008 57062 57097
12596 8125 8086 6 9367 9368 47419 47375 45223 45226
12597 8125 8352 4 9368 9369 47537 47418
12598 8318 8086 3 9370 9367 46378
12599 8352 8086 6 9368 9370 46379 46734 46518 46515
12600 6451 6450 4 9371 9372 51011 43873
12601 6210 6450 5 9373 9371 43875 53069 43930
12602 6388 6450 5 9372 9373 43931 51519 51013
12603 5774 5791 5 9374 9375 65145 51897 50822
12604 5774 5770 5 9375 9376 55702 55705 69049
12605 5988 5774 8 9374 9376 55803 51651 51650 11597 11599 17198
12606 3825 3728 9 9377 9378 82753 82747 82405 82406 70277 70278 79618
12607 3825 3746 7 9378 9379 13133 61102 61105 82745 82754
12608 3832 3746 5 9379 9380 82692 82691 13134
12609 3832 3728 7 9380 9377 80500 82716 82715 82714 82731
12610 3832 3825 5 9377 9379 13132 17070 17069
12611 3746 3728 3 9378 9380 82732
12612 4571 4273 4 9381 9382 83477 16842
12613 4571 4795 7 9382 9383 74400 74401 84814 84812 83478
12614 4304 4571 5 9381 9383 16314 16316 16843
12615 7177 7225 6 9384 9385 52479 52482 52162 52163
12616 7177 7244 6 9385 9386 52342 52264 52021 52019
12617 7322 7244 4 9386 9387 19620 19619
12618 7322 7225 4 9387 9384 52170 52399
12619 7322 7177 7 9384 9386 52382 36986 36985 12788 12785
12620 7244 7225 5 9385 9387 37004 37003 52497
12621 7791 7712 3 9388 9389 36888
12622 7791 7491 5 9389 9390 36432 36339 36337
12623 7765 7491 4 9390 9391 36117 36115
12624 7765 7712 9 9391 9388 36668 36669 52593 52592 35516 35513 35519
12625 7765 7791 5 9388 9390 36431 9394 9393
12626 7791 7896 9 9392 9393 36888 36337 36338 36729 36758 36759 38238
12627 7824 7765 7 9394 9395 35694 36827 36826 45603 36847
12628 7824 7896 5 9395 9392 39324 36828 35693
12629 7824 7791 4 9392 9394 36846 52733
12630 7964 7609 4 9396 9397 35440 -1
12631 7964 7657 7 9397 9398 35965 35995 36077 36085 35439
12632 7684 7609 4 34620 9399 9396 -1
12633 7684 7964 6 9396 9398 35966 35778 35777 -1
12634 6545 6708 8 9400 9401 87199 87612 87611 87610 87589 87584
12635 6545 6804 3 9401 9402 87200
12636 6759 6804 7 9402 9403 86203 86202 17145 17146 86111
12637 6759 6708 5 9403 9400 87585 85860 85862
12638 6759 6545 6 9400 9402 87161 87160 19916 19918
12639 6804 6708 6 9401 9403 86260 56211 56210 87201
12640 7137 7076 10 9404 9405 53665 35860 35861 55230 55214 55215 55181 35809
12641 7137 7536 6 9405 9406 35864 35865 55299 55300
12642 7492 7536 5 9406 9407 36288 36287 36307
12643 7492 7076 4 9407 9404 35811 40308
12644 7492 7137 7 9404 9406 55278 55274 55151 54976 35810
12645 7536 7076 4 9405 9407 40309 55298
12646 7157 7313 3 9411 9408 51749
12647 7344 7313 5 9409 9411 52061 35636 9694
12648 6405 6523 5 9412 9413 87058 56360 17147
12649 6220 6523 8 9414 9412 17149 56404 56446 56445 56479 56475
12650 6497 6523 5 9413 9414 56476 55648 55650
12651 6972 7066 6 9415 9416 42387 43912 43895 43893
12652 6972 7086 5 9416 9417 33974 33975 42388
12653 6901 6972 8 9415 9417 53997 53989 43944 43943 53137 54077
12654 7071 7137 6 9418 9419 55316 55488 55288 55149
12655 7071 7444 3 9419 9420 52937
12656 7112 7444 6 9420 9421 52874 46522 46524 52939
12657 7112 7137 6 9421 9418 55139 53416 53418 53415
12658 7444 7137 5 9419 9421 53414 55151 55273
12659 7297 7562 5 56839 35823 9422 9423 -1
12660 7297 7749 4 9423 9424 35893 -1
12661 7680 7749 8 9424 9425 39076 38872 36003 36004 35924 35894
12662 7680 7562 5 9425 9422 35457 35456 35454
12663 7749 7562 7 9423 9425 39077 38902 38798 38799 -1
12664 7005 7164 5 9428 9429 55241 55213 55211
12665 7005 6894 5 9429 9430 53635 54808 54811
12666 7273 7005 4 9428 9430 53634 55314
12667 6894 7164 5 9429 9431 52834 54991 54992
12668 5600 5664 6 9432 9433 55915 55990 55991 41282
12669 5600 5978 3 9433 9434 55445
12670 5725 5664 4 9435 9432 41284 51701
12671 5978 5664 9 9433 9435 12958 12957 17393 51688 51794 51902 55916
12672 5511 5805 6 9436 9437 68267 51324 51325 68265
12673 5511 5877 7 9437 9438 68202 51780 51781 67870 68268
12674 5855 5877 7 9438 9439 51216 51186 50980 50981 51138
12675 5855 5805 6 9439 9436 50613 50612 51213 51231
12676 5855 5511 4 9436 9438 68271 68266
12677 5877 5805 3 9437 9439 51230
12678 5757 5936 5 9440 9441 16725 87388 88021
12679 5757 5695 5 9441 9442 14926 85679 16726
12680 5932 5695 4 9442 9443 70885 14927
12681 5932 5757 6 9440 9442 14925 10545 10546 87237
12682 5695 5936 10 87629 85593 85592 87486 87545 16727 9441 9443 82783 -1
12683 6111 6211 8 9444 9445 87153 55602 55603 87288 89238 89191
12684 6111 6280 3 9445 9446 17126
12685 6245 6280 5 9446 9447 88589 70792 17128
12686 6245 6211 3 9447 9444 88795
12687 6245 6111 6 9444 9446 17127 89108 56163 56165
12688 6280 6211 8 9445 9447 88794 89586 88704 87872 87869 88823
12689 8091 8232 8 9448 9449 36119 36015 36016 36068 36069 16507
12690 7040 7589 5 9450 9451 39892 43865 43866
12691 7040 7287 8 9451 9452 9946 9947 40433 17381 17382 39893
12692 7317 7287 6 9452 9453 53126 53243 45189 36424
12693 7317 7589 10 9453 9450 52942 42211 42212 53606 53605 53610 53127 53125
12694 7317 7040 5 9450 9452 36423 41045 41047
12695 7287 7589 3 9451 9453 39894
12696 6882 6684 4 9454 9455 52905 52029
12697 6682 6707 5 9456 9457 55381 50595 50594
12698 6682 6684 7 9457 9454 9520 9522 17689 45243 55380
12699 6682 6882 5 9454 9456 50722 55652 52030
12700 6707 6684 7 9455 9457 55379 51953 51610 51609 52920
12701 6305 6557 3 9458 9459 51300
12702 6257 6557 5 9460 9458 51301 51496 51444
12703 6699 6557 8 9459 9460 51443 51511 51501 51500 51543 51330
12704 5786 6022 6 9461 9462 43770 43769 51725 51692
12705 5786 6210 3 9462 9463 53806
12706 6094 6022 4 9464 9461 50606 50605
12707 6094 5786 7 9461 9463 54505 54518 13029 13026 51675
12708 6210 6022 4 9462 9464 37825 37824
12709 7546 7822 6 9465 9466 52957 53493 45267 45268
12710 7546 7873 4 9466 9467 53258 52958
12711 7484 7873 4 9467 9468 45421 45423
12712 7484 7822 6 9468 9465 38916 38915 53496 53499
12713 7484 7546 11 9465 9467 53296 53295 53292 52718 39107 39106 39766 39765 53282
12714 7873 7822 5 9466 9468 36305 36306 52959
12715 7722 7691 4 9469 9470 45748 45749
12716 7722 7488 4 9470 9471 52287 52286
12717 7750 7488 4 9471 9472 51468 52449
12718 7750 7722 6 9469 9471 52448 46808 46802 46804
12719 7488 7691 7 9470 9472 51467 52222 52221 46774 46773
12720 6049 5844 4 9473 9474 55885 56099
12721 6049 6103 7 9474 9475 56290 56289 56278 56157 55886
12722 5772 6049 8 9473 9475 56291 56285 56189 56188 70188 56100
12723 202 219 6 9476 9477 124530 124513 124511 112166
12724 202 97 6 9477 9478 112081 30669 30670 124525
12725 357 97 3 9478 9479 111229
12726 357 219 6 9479 9476 112167 111194 111193 111228
12727 357 202 7 9476 9478 112082 128569 124552 26825 26827
12728 97 219 6 9477 9479 111227 109553 26214 26213
12729 4619 4813 4 9480 9481 13389 59962
12730 4619 4747 7 9481 9482 70453 10230 10228 69518 13388
12731 4687 4747 3 9482 9483 16444
12732 4687 4813 6 9483 9480 70380 71417 71416 16443
12733 4687 4619 8 9480 9482 71629 70592 70591 14913 14910 70379
12734 4747 4813 7 9481 9483 16442 70295 70297 71566 13390
12735 7160 6999 7 9484 9485 52049 54805 52606 52607 51589
12736 7160 7161 5 9485 9486 52603 37562 37563
12737 7389 7160 4 9484 9486 55502 51590
12738 6454 6368 6 9488 9489 17319 17320 55764 55688
12739 6454 6608 6 9489 9490 55617 55618 12403 12406
12740 6768 6608 6 9490 9491 55914 55622 53079 53077
12741 6768 6368 8 9491 9488 55402 52135 51863 51861 55729 55746
12742 6768 6454 3 9488 9490 55689
12743 6608 6368 5 9489 9491 55755 52126 52127
12744 6072 6110 8 41492 9492 9493 40514 54922 41487 41488 -1
12745 6179 6110 7 12409 12408 9495 9492 41494 57609 -1
12746 6179 6072 4 9492 9494 41472 41493
12747 5868 6110 3 9493 9495 40516
12748 4864 4811 7 9496 9497 74185 71082 71080 73243 70992
12749 4864 5014 7 9497 9498 18369 74282 74207 15409 15410
12750 4964 5014 8 9498 9499 71126 71261 15382 13187 13186 18371
12751 4964 4811 6 9499 9496 70993 19029 16293 16290
12752 4964 4864 3 9496 9498 18370
12753 5014 4811 4 9497 9499 71125 73762
12754 6819 6858 6 9500 9501 100662 100712 100649 88086
12755 6819 6669 7 9501 9502 93252 93254 92469 18277 18278
12756 6813 6669 5 9502 9503 100369 100367 100505
12757 6813 6858 6 9503 9500 88087 100591 86167 86166
12758 6813 6819 4 9500 9502 84140 84139
12759 6669 6858 3 9501 9503 100593
12760 4572 4837 4 9504 9505 85067 70595
12761 4572 4576 7 9505 9506 70308 70309 70495 70493 85115
12762 4896 4576 7 9506 9507 71516 71305 71303 71307 85253
12763 4896 4837 9 9507 9504 70596 71132 71134 13364 13361 71500 71526
12764 4896 4572 3 9504 9506 70594
12765 4576 4837 6 9505 9507 71525 70491 70492 70544
12766 4482 4585 6 9508 9509 59921 59922 69682 69658
12767 4482 4488 6 9509 9510 69663 12238 12239 69411
12768 4738 4482 5 9508 9510 69665 69657 69656
12769 5662 5700 9 9511 9512 15896 85616 85617 92710 100601 17252 17253
12770 5662 5589 6 9512 9513 70299 92546 18376 15897
12771 5250 5589 6 9513 9514 83370 83368 85400 70300
12772 5250 5700 6 9514 9511 85709 85766 85765 85767
12773 5250 5662 3 9511 9513 70298
12774 5589 5700 4 9512 9514 85768 15898
12775 2521 2063 4 9515 9516 115032 115030
12776 2521 2501 5 9516 9517 29794 115356 115293
12777 2388 2501 4 9517 9518 113944 29796
12778 2388 2063 6 9518 9515 115214 116207 115186 114359
12779 2388 2521 6 9515 9517 29795 114753 115101 115102
12780 2501 2063 7 9516 9518 114360 115221 115144 115140 115139
12781 6817 6684 4 9519 9520 52029 16735
12782 6817 6682 5 9520 9521 52110 52111 52030
12783 6732 6682 4 9521 9522 17691 51921
12784 6732 6817 6 9519 9521 55321 52176 35703 16736
12785 4110 4041 9 9523 9524 58986 59001 67060 62131 62130 11631 11632
12786 4110 3860 7 9524 9525 56984 57753 58136 12581 12582
12787 3898 3860 5 9525 9526 41403 41406 56985
12788 3898 4041 5 9526 9523 41233 41234 57897
12789 3898 4110 6 9523 9525 12216 12218 58120 58130
12790 3860 4041 3 9524 9526 58812
12791 6051 5809 8 9527 9528 40642 40644 54769 54768 56807 56802
12792 6051 6014 3 9528 9529 56144
12793 5848 6014 10 9529 9530 40822 41222 41221 54700 38914 38913 54171 54789
12794 5848 6051 4 9527 9529 56143 56643
12795 5414 5353 8 9532 9533 56608 69379 69380 57473 57472 10232
12796 5414 5397 8 9533 9531 56531 56710 9786 9788 56572 56569
12797 5414 5309 5 9531 9532 10231 41260 56530
12798 5587 5395 4 9534 9535 53056 69141
12799 5587 5683 5 9535 9536 69192 68075 53057
12800 5432 5683 6 9536 9537 13093 51884 55704 55703
12801 5432 5395 6 9537 9534 10744 10745 55771 13091
12802 5432 5587 5 9534 9536 69195 68009 68008
12803 5683 5395 5 9535 9537 13092 69133 53058
12804 7184 7127 7 9538 9539 35582 56396 17216 17214 87087
12805 7184 7207 5 9539 9540 56329 56342 35583
12806 7044 7184 5 9538 9540 56330 56401 87077
12807 7288 7591 5 9541 9542 9686 9684 34633
12808 7288 7655 6 9542 9543 40577 39092 39091 40984
12809 7770 7655 6 9543 9544 39943 44179 39833 39832
12810 7770 7288 3 9541 9543 39347
12811 7655 7591 4 9542 9544 39942 40157
12812 5065 5657 6 9545 9546 43170 66986 12312 9989
12813 5065 5723 3 9546 9547 43171
12814 5754 5723 6 9547 9548 42565 42566 57894 58231
12815 5723 5657 7 9546 9548 43376 40120 40117 66397 43172
12816 8058 7886 8 9549 9550 39128 39131 40621 39055 38890 38893
12817 6495 6435 6 9551 9552 56813 56221 11446 9579
12818 6495 6788 5 9552 9553 40474 40472 56581
12819 7027 6788 5 9553 9554 41507 40439 40436
12820 7027 6435 4 9554 9551 9581 41506
12821 7027 6495 7 9551 9553 40800 41010 41011 40916 9580
12822 6788 6435 5 9552 9554 41505 57009 56814
12823 6363 6336 4 9555 9556 55658 16696
12824 6363 6075 5 9556 9557 55706 51195 51193
12825 6286 6075 4 9557 9558 51939 55707
12826 6286 6336 5 9558 9555 16698 55027 51937
12827 6075 6336 7 9556 9558 51938 55939 56049 55753 55659
12828 2063 2313 7 9559 9560 114966 114359 114360 115220 115218
12829 2063 2076 8 9560 9561 115089 116162 116163 116195 114342 114341
12830 1992 2076 5 9561 9562 115078 116622 115090
12831 1992 2313 6 9562 9559 115135 114907 114861 114860
12832 1992 2063 4 9559 9561 114630 114629
12833 2076 2313 5 9560 9562 115077 29134 29133
12834 4447 4249 6 9563 9564 61630 61632 82798 69124
12835 4447 4277 4 9564 9565 12240 12241
12836 4126 4249 5 9566 9563 12349 12351 10688
12837 4126 4447 4 9563 9565 61625 68058
12838 4277 4249 6 9564 9566 10689 57736 56624 56625
12839 5218 5816 5 9569 9570 10178 10176 58011
12840 5218 5241 5 9570 9567 57835 42361 42362
12841 5218 5324 5 9567 9569 58012 10104 10103
12842 5816 5241 4 9568 9570 53134 43725
12843 6353 6014 8 9572 9573 40919 54850 55119 54988 54169 38913
12844 6064 6014 3 9573 9574 40920
12845 6064 6128 8 9574 9571 40043 40042 56760 56644 40935 40936
12846 6064 6353 4 9571 9573 40918 54688
12847 6014 6128 4 9572 9574 54699 38914
12848 4561 4423 5 9575 9576 59261 59324 57405
12849 4561 4883 5 9576 9577 59295 59290 59262
12850 4611 4883 3 9577 9578 59200
12851 4611 4423 6 9578 9575 57406 58848 59172 59198
12852 4611 4561 7 9575 9577 59293 59276 58838 58839 57404
12853 4883 4423 5 9576 9578 59199 59145 59146
12854 6348 7027 6 9580 9581 41515 9795 9792 40917
12855 6348 6495 6 9579 9580 40915 41014 40583 11447
12856 3900 3990 5 9582 9583 12128 12129 57665
12857 3900 3965 5 9583 9584 58345 41289 41290
12858 4726 3965 9 9584 9585 58624 41537 9717 9719 10022 12148 12149
12859 4726 3990 4 9585 9582 58608 58619
12860 4726 3900 7 9582 9584 58332 58250 58077 58079 58328
12861 3965 3990 6 9583 9585 58622 58245 58244 58055
12862 7903 7670 7 9587 9588 40563 40564 53613 53454 35479
12863 8010 7670 7 9588 9589 39705 40678 39800 39441 39442
12864 8010 7903 5 9586 9588 53526 53527 53541
12865 7670 8079 3 9587 9589 35480
12866 5239 5274 5 9590 9591 57485 69607 61690
12867 5239 5074 4 9591 9592 69759 57484
12868 5415 5074 6 9592 9593 69970 69968 69969 70008
12869 5415 5274 7 9593 9590 61692 70020 69838 69840 69995
12870 5415 5239 5 9590 9592 57706 57708 61691
12871 5074 5274 6 9591 9593 69996 57080 57079 57486
12872 2146 2218 6 9594 9595 132564 141941 29007 29008
12873 2146 1959 7 9595 9596 137257 30154 29990 29988 132565
12874 2262 1959 4 9596 9597 141593 141740
12875 2262 2218 10 9597 9594 139814 138330 58893 58892 132035 132888 132889 141591
12876 2262 2146 4 9594 9596 141364 139813
12877 1959 2218 4 9595 9597 141592 132566
12878 6893 6901 4 9598 9599 55100 55013
12879 6888 6987 4 9600 9601 53480 53485
12880 6888 6901 5 9601 9598 55014 55069 53479
12881 6888 6893 5 9598 9600 55004 55072 55012
12882 6987 6901 10 9599 9601 53471 53470 53617 53997 36348 36347 53677 55101
12883 6160 6084 8 9602 9603 50932 50931 54782 54689 53704 53705
12884 6160 6081 5 9603 9604 55042 53846 51562
12885 5982 6081 7 9604 9605 13062 13061 53714 41278 41276
12886 5982 6160 3 9602 9604 55025
12887 6081 6084 3 9603 9605 51563
12888 6512 6516 8 9606 9607 54797 41446 40925 40928 41149 56744
12889 6512 6605 6 9607 9608 55112 56767 56743 54798
12890 6362 6605 9 9608 9609 54720 54970 54971 35890 35889 56793 55113
12891 6362 6516 3 9609 9606 54719
12892 6362 6512 6 9606 9608 55111 54881 54883 56747
12893 6605 6516 4 9607 9609 54718 54723
12894 8180 8110 5 9610 9611 98791 15963 15961
12895 8180 8143 6 9611 9612 98652 98441 98442 98968
12896 8393 8143 5 9612 9613 98560 86616 86615
12897 8143 8110 6 9611 9613 98316 37617 35918 35915
12898 6649 6224 3 9614 9615 54853
12899 6649 6356 10 9615 9616 36335 56891 56890 56859 56850 56803 54792 54793
12900 6278 6356 5 9616 9617 53565 53563 36336
12901 6278 6224 6 9617 9614 54854 54859 54858 56769
12902 6278 6649 5 9614 9616 36334 12991 12990
12903 3917 3823 5 9618 9619 29941 29942 60197
12904 3917 3649 5 9619 9620 60152 61025 60896
12905 3765 3649 5 9620 9621 28612 60047 60141
12906 3765 3917 5 9618 9620 10510 10509 60010
12907 3649 3823 4 9619 9621 28610 60897
12908 3720 3314 8 9622 9623 12491 12495 30010 30009 62453 62684
12909 3720 3349 5 9623 9624 58152 58153 12490
12910 3190 3720 5 9622 9624 57726 57725 62587
12911 6883 7077 3 9625 9626 53016
12912 7145 6911 3 9627 9628 52843
12913 7145 7077 9 9628 9625 52744 52741 52191 52190 51397 51396 52188
12914 7145 6883 5 9625 9627 55318 53298 53299
12915 6911 7077 7 9626 9628 52842 47216 47218 52761 52896
12916 5116 4963 8 9629 9630 57490 57491 57412 51766 51767 58222
12917 5116 5110 6 9630 9631 57414 69802 69843 69717
12918 5154 5116 5 9629 9631 56705 56684 56683
12919 5551 8591 6 9632 9633 66295 66300 66297 66262
12920 5551 6534 4 9633 9634 49822 49823
12921 6291 6534 6 9634 9635 34488 34489 41714 43729
12922 6291 8591 3 9635 9632 42833
12923 6534 8591 6 9633 9635 42832 154999 58390 58391
12924 6724 6590 4 9636 9637 54757 40791
12925 6724 6512 5 9637 9638 56767 56691 54758
12926 6353 6512 7 9638 9639 56663 56664 55119 55111 55112
12927 6353 6590 6 9639 9636 40793 56886 56918 56889
12928 6353 6724 5 9636 9638 56766 55074 40792
12929 6512 6590 6 9637 9639 56675 56676 56916 54759
12930 7555 8058 7 9640 9641 38990 39054 38890 38891 39436
12931 7555 7979 8 9641 9642 40388 40387 40454 39385 39386 38991
12932 7781 7979 5 56846 56844 9642 9643 -1
12933 7781 7555 4 9640 9642 41095 40101
12934 7174 7227 3 9644 9645 38933
12935 7087 7379 3 9646 9647 39628
12936 7087 7174 5 9644 9646 40304 40611 56940
12937 4772 4854 4 9648 9649 57413 57505
12938 4772 4832 5 9649 9650 57376 13032 13033
12939 5062 4832 5 9650 9651 57348 57554 57466
12940 5062 4772 5 9648 9650 57465 56701 56702
12941 4832 4854 10 9649 9651 57325 57324 67846 67847 67877 57443 57141 57140
12942 6268 6337 6 9652 9653 53340 53341 55005 55146
12943 6268 5985 4 9653 9654 10786 10784
12944 6362 5985 7 9654 9655 55086 54883 54852 54851 55056
12945 6362 6337 6 9655 9652 55144 54969 54970 55085
12946 5985 6337 4 9653 9655 53752 53751
12947 7337 7652 6 9656 9657 86568 16928 16926 86647
12948 7337 7250 7 9657 9658 52490 86560 86911 86989 86569
12949 7690 7652 8 9659 9656 86664 86663 37145 37143 86716 86711
12950 7690 7337 3 9656 9658 52491
12951 7250 7652 3 9657 9659 86570
12952 7555 7027 6 9660 9661 40530 40616 40617 41522
12953 7555 7057 5 9661 9662 56783 40606 40529
12954 6592 7057 4 9662 9663 41287 41286
12955 6592 7027 5 9663 9660 9793 9795 41509
12956 6592 7555 6 9660 9662 40720 40442 40441 41523
12957 7057 7027 7 9661 9663 41508 40439 40438 39564 39563
12958 5582 6128 5 9664 9665 69597 68978 10203
12959 5582 5776 8 9665 9666 55397 59031 59032 69787 69786 69938
12960 5720 6128 5 9667 9664 10205 40780 40935
12961 5720 5582 7 9664 9666 55398 69962 61686 61688 10204
12962 5776 6128 7 9665 9667 56644 56762 56693 56563 56564
12963 6394 6163 5 9668 9669 38897 11832 11833
12964 6394 6149 6 9669 9670 56764 56919 56834 56832
12965 5967 6149 5 9670 9671 56617 56616 56765
12966 5967 6163 5 9671 9668 41489 41484 41486
12967 5967 6394 6 9668 9670 56763 54920 54919 56768
12968 6149 6163 5 9669 9671 56658 56657 56831
12969 4773 4800 4 9672 9673 67746 67747
12970 4773 4557 6 9673 9674 66358 67794 67776 67775
12971 4556 4557 4 9674 9675 61612 61756
12972 4556 4800 5 9675 9672 67748 67792 61610
12973 4556 4773 7 9672 9674 66359 67811 67796 60468 60467
12974 4557 4800 6 9673 9675 61611 11406 11405 60205
12975 8384 8431 6 9676 9677 44939 45604 45141 44855
12976 8533 8384 4 9676 9678 45165 44856
12977 8694 8431 5 9677 9679 45288 45397 44940
12978 7972 7921 7 9680 9681 51990 18472 18471 47158 47159
12979 7972 8023 5 9681 9682 52509 52511 51991
12980 8135 8023 7 9682 9683 19621 19623 46778 46777 52562
12981 8135 7921 5 9683 9680 90339 36953 36955
12982 8135 7972 6 9680 9682 52564 52463 48100 48097
12983 8023 7921 6 9681 9683 37015 46762 46240 46238
12984 7288 7342 5 9684 9685 41020 39900 34632
12985 7288 7367 6 9685 9686 40984 53560 40779 40777
12986 7591 7367 5 9686 9687 39908 39909 40157
12987 3706 3822 6 9688 9689 12502 10194 10193 58115
12988 3706 3931 6 9689 9690 16092 58800 57509 57510
12989 3809 3931 6 9690 9691 57611 58006 9802 9804
12990 3809 3822 6 9691 9688 59811 59441 9996 9995
12991 3809 3706 4 9688 9690 16093 59810
12992 3931 3822 4 9689 9691 57610 59345
12993 8099 7988 9 9693 9692 35882 38883 38853 38851 36133 36132 37849
12994 7759 7633 6 9695 9696 52355 52329 52330 19577
12995 7759 7914 6 9696 9697 97480 52483 52486 52356
12996 7784 7914 7 9697 9698 49793 48179 48180 94690 96825
12997 7784 7633 8 9698 9695 19579 90999 77657 18621 18623 47827
12998 7784 7759 3 9695 9697 19578
12999 7914 7633 4 9696 9698 19411 19413
13000 7815 7703 8 9699 9700 40099 40687 40688 40693 53018 52917
13001 7973 7719 6 9701 9702 45553 45551 52990 45175
13002 7973 7815 5 9699 9701 45173 53383 52918
13003 7719 7703 3 9700 9702 40100
13004 6634 6754 6 9703 9704 17042 54956 54954 55863
13005 6634 6496 5 9704 9705 56351 56477 17043
13006 6525 6496 7 9705 9706 86988 87862 87863 55348 55350
13007 6525 6754 5 9706 9703 35639 35638 86987
13008 6525 6634 4 9703 9705 56350 55864
13009 6496 6754 5 9704 9706 86986 56173 17044
13010 6666 6764 4 9707 9708 53375 56045
13011 6666 6636 8 9708 9709 55430 55431 55471 56302 55428 53376
13012 7280 6636 7 17203 17202 9709 9710 54865 54866 -1
13013 7280 6764 6 9710 9707 55340 55325 55324 55174
13014 7280 6666 5 9707 9709 40647 40649 56083
13015 6636 6764 5 9708 9710 55175 55271 53377
13016 7603 7554 5 9713 9714 36109 30569 30570
13017 7708 7756 9 9715 9716 38967 53478 53407 53408 36267 36198 35934
13018 7708 7554 5 9716 9713 36373 36303 36302
13019 4569 4726 3 9717 9718 41536
13020 4801 4726 5 9718 9719 10023 58053 58026
13021 6215 5977 5 9720 9721 12261 41525 56772
13022 6435 5977 5 9722 9720 56804 56220 11446
13023 6348 5977 4 9721 9722 11447 12263
13024 4061 4394 9 9723 9724 59370 142272 39910 39911 41661 41662 58692
13025 4061 3678 7 9724 9725 10184 155984 57861 41683 41681
13026 6897 3678 6 9725 9726 57872 142018 40373 10186
13027 6897 4394 5 9726 9723 30289 30288 40658
13028 6897 4061 3 9723 9725 10185
13029 3678 4394 4 9724 9726 57827 57824
13030 5081 5262 5 9728 9729 57026 57295 57294
13031 5307 5262 5 9729 9730 12470 41424 57027
13032 5307 5330 7 9730 9727 40391 57251 41422 12547 12469
13033 5307 5081 3 9727 9729 40390
13034 5262 5330 8 9728 9730 12462 12464 54800 12307 12306 57378
13035 3693 3059 5 9731 9732 28900 28901 58509
13036 3693 3070 4 9732 9733 42354 42941
13037 3461 3070 4 9733 9734 58542 42356
13038 3461 3693 5 9731 9733 42355 12130 12131
13039 3070 3059 5 9732 9734 58455 58454 42942
13040 2749 2811 5 9736 9737 141306 140253 34415
13041 2627 2811 7 9737 9738 29218 29217 140123 139352 139351
13042 2627 2793 4 9738 9735 141297 141304
13043 2627 2749 8 9735 9737 141309 29761 29758 141094 57868 57869
13044 2811 2793 6 9736 9738 141248 60640 60639 34416
13045 5676 5697 7 9739 9740 89155 69132 69131 70136 56019
13046 5725 5697 4 9741 9739 56021 56077
13047 6101 5697 4 9740 9741 56082 89157
13048 4219 4348 5 9742 9743 61581 61582 69700
13049 4219 4089 6 9743 9744 69652 10445 10446 69697
13050 4162 4089 7 9744 9745 61045 60893 60005 58731 58732
13051 4162 4348 6 9745 9742 61607 59936 59935 61044
13052 4162 4219 7 9742 9744 61708 61709 69675 69706 69702
13053 4089 4348 3 9743 9745 61043
13054 6176 6051 7 9746 9747 40725 40728 56143 56144 40642
13055 6176 6053 5 9747 9748 56816 56810 56690
13056 5926 6053 4 9748 9749 41189 41191
13057 5926 6051 3 9749 9746 40644
13058 5926 6176 9 9746 9748 56817 56604 56606 56593 40939 40938 40643
13059 3276 3251 6 9750 9751 59155 59156 60431 10413
13060 3276 3302 4 9751 9752 22188 22186
13061 3248 3302 10 9752 9753 58993 58992 63517 60132 15668 11248 11249 60432
13062 3248 3251 10 9753 9750 10415 60406 63216 61386 10912 10914 59231 59232
13063 3248 3276 4 9750 9752 29059 10414
13064 3302 3251 3 9751 9753 60532
13065 4993 5053 3 9754 9755 58401
13066 4993 4705 8 9755 9756 43613 66959 34167 34165 43250 43251
13067 5217 4705 4 9756 9757 43701 43615
13068 5217 5053 5 9757 9754 58065 42328 42327
13069 5217 4993 5 9754 9756 43614 66252 58402
13070 4705 5053 6 9755 9757 43700 57254 42569 42571
13071 3106 3163 7 9758 9759 63418 63416 28474 28475 28797
13072 3434 3163 5 9760 9758 64111 63578 28831
13073 3432 3163 4 9759 9760 28830 64072
13074 6048 5602 4 9761 9762 54855 54168
13075 6048 5985 7 9762 9763 53753 53751 10784 10787 54644
13076 6015 5985 4 9763 9764 53133 54398
13077 5985 5602 4 9762 9764 53132 53779
13078 5295 6493 5 9765 9766 43647 67019 67025
13079 5295 5981 6 9766 9767 57154 57152 66836 43648
13080 5971 6493 5 9768 9765 43646 10541 10540
13081 5971 5295 5 9765 9767 67015 67017 67027
13082 5981 6493 5 9766 9768 41144 33960 33961
13083 4160 4168 6 9769 9770 78244 79678 79697 81349
13084 4160 4333 3 9770 9771 78245
13085 4376 4333 5 9771 9772 78075 77710 77708
13086 4376 4168 6 9772 9769 81350 74404 74403 75099
13087 4376 4160 6 9769 9771 73222 73224 77891 81283
13088 2853 2737 6 9773 9774 59874 59875 140013 116828
13089 2853 2739 4 9774 9775 58099 58097
13090 2681 2739 4 9775 9776 115598 60035
13091 2681 2737 6 9776 9773 116830 140626 140537 115597
13092 2681 2853 8 9773 9775 60034 29859 29858 140650 140633 116829
13093 2739 2737 7 9774 9776 114880 114881 140378 16102 16104
13094 4300 3910 7 9778 9779 26577 26575 66928 66927 65067
13095 5819 3910 5 9779 9780 34771 42606 42604
13096 5819 4107 3 9780 9777 34770
13097 5819 4300 7 9777 9779 66878 42839 42837 66949 66948
13098 3910 4107 5 9778 9780 34769 155414 65068
13099 3843 3788 4 9781 9782 64923 9797
13100 3843 3725 8 9782 9783 63844 63424 63423 10586 10584 64911
13101 3811 3725 4 9783 9784 59258 59257
13102 3811 3788 4 9784 9781 9798 12260
13103 3811 3843 8 9781 9783 63843 10877 10876 63106 61209 9796
13104 5398 5397 6 9785 9786 56709 57245 57069 57060
13105 5398 5414 3 9786 9787 41374
13106 5670 5397 4 9788 9785 57061 56724
13107 5670 5398 6 9785 9787 41373 57272 12707 12709
13108 5648 6011 5 9789 9790 43921 41272 41258
13109 5648 5944 7 9790 9791 40868 57697 57764 54128 54126
13110 5802 5648 4 9789 9791 40869 41259
13111 6514 7027 6 9792 9793 41522 41516 40255 40253
13112 6348 6592 4 9794 9795 41483 40740
13113 6348 6514 5 9792 9794 40738 41084 41085
13114 3843 4116 4 9796 9797 64922 61208
13115 3811 4116 6 9798 9796 61210 61993 60185 12259
13116 3788 4116 6 9797 9798 12258 61533 62220 64914
13117 6721 6661 6 9799 9800 55542 55541 51309 51310
13118 4138 3931 6 9801 9802 41443 41442 57441 57442
13119 4138 3809 4 9802 9803 10160 10158
13120 3686 3809 7 9803 9804 16093 59814 59105 59104 57498
13121 3686 3931 4 9804 9801 58802 16092
13122 3686 4138 4 9801 9803 57497 58999
13123 5605 8643 7 9805 9806 43508 42554 42366 42367 42754
13124 5605 8556 6 9806 9807 43425 58414 42128 42129
13125 7428 8643 5 9808 9805 42823 42461 42460
13126 7428 5605 5 9805 9807 42878 42877 42834
13127 8556 8643 6 9806 9808 42710 154094 155283 58308
13128 5602 5755 4 9809 9810 12141 58188
13129 5687 5755 4 9811 9809 58190 53834
13130 4634 4514 8 9812 9813 56599 56598 59772 69739 69722 12964
13131 4634 4505 4 9813 9814 59946 59944
13132 4374 4505 4 9814 9815 69647 69648
13133 4374 4514 3 9815 9812 12966
13134 4374 4634 9 9812 9814 61685 61684 70004 70055 69719 69718 12965
13135 4505 4514 6 9813 9815 69653 69670 57460 57457
13136 3882 3546 6 9816 9817 43536 43535 62777 62778
13137 3882 3666 5 9817 9818 27912 66618 64692
13138 3600 3666 4 9818 9819 62356 27913
13139 3600 3882 5 9816 9818 27911 42805 66198
13140 3666 3546 4 9817 9819 61215 61213
13141 4213 4315 7 9820 9821 61629 61245 61246 73129 81684
13142 4095 4057 7 9822 9823 71444 82766 82828 81498 12976
13143 4095 4315 4 9823 9820 81406 71443
13144 4095 4213 5 9820 9822 12975 15210 15211
13145 4057 4315 8 9821 9823 71442 71621 79767 69415 12888 12889
13146 3998 3702 6 9825 9826 11903 64734 64728 64556
13147 3904 3803 7 9827 9824 50200 64715 64717 64732 64615
13148 3904 3998 3 9824 9826 11904
13149 3702 3803 5 9825 9827 64589 64588 64557
13150 5089 5019 5 9828 9829 14503 12823 12821
13151 5089 5179 6 9829 9830 11138 72257 72258 63663
13152 5048 5179 4 9830 9831 72386 11140
13153 5048 5019 4 9831 9828 12812 12814
13154 5048 5089 4 9828 9830 11139 61427
13155 5179 5019 6 9829 9831 73116 73110 73108 63664
13156 5151 5050 5 9832 9833 70391 71886 71885
13157 5151 4988 8 9833 9834 13964 13965 16198 16196 70436 70392
13158 4974 4988 8 9834 9835 69383 69381 71880 71887 71896 70669
13159 4974 5050 6 9835 9832 71959 71852 71196 70612
13160 4974 5151 3 9832 9834 70668
13161 4955 4892 7 9837 9838 68703 68704 68614 12068 12070
13162 4955 5147 5 9838 9836 68654 68655 68977
13163 4955 5127 5 9836 9837 69498 69500 69509
13164 5926 5629 3 9839 9840 9873
13165 5926 5948 8 9840 9841 57701 41108 41106 56817 41191 41190
13166 5736 5948 3 9841 9842 57696
13167 5736 5629 6 9842 9839 9875 56668 56669 57689
13168 5736 5926 7 9839 9841 57700 41310 41309 54849 9874
13169 4956 5153 6 9843 9844 11545 12457 67003 67004
13170 4956 5278 4 9844 9845 57795 11544
13171 4950 5278 4 9845 9846 53785 67524
13172 4950 5153 6 9846 9843 66882 66881 12155 12154
13173 4950 4956 7 9843 9845 59242 59241 67096 12378 12377
13174 5278 5153 8 9844 9846 53784 58228 58227 54648 54647 11546
13175 5005 4970 6 9848 9849 57249 57246 67830 67828
13176 5005 5020 6 9849 9847 57388 67839 57380 57377
13177 5005 4912 4 9847 9848 67833 57387
13178 4884 4666 8 9850 9851 13036 67543 67544 67570 67571 67532
13179 4884 5034 4 9851 9852 67955 13037
13180 5071 4884 7 9850 9852 67972 67975 68016 67389 67390
13181 4592 4207 6 9853 9854 57417 57569 58910 58837
13182 4592 4519 6 9854 9855 10271 58438 57578 57418
13183 4561 4519 5 9855 9856 59307 59285 10272
13184 4561 4207 7 9856 9853 58839 59299 59331 59309 59306
13185 4561 4592 5 9853 9855 10270 59210 58838
13186 4519 4207 4 9854 9856 59305 57419
13187 4799 4895 7 9857 9858 61432 67862 15078 15076 68864
13188 4799 5048 5 9858 9859 68730 68976 61433
13189 4826 5048 5 9859 9860 68548 72512 68731
13190 4826 4895 3 9860 9857 68547
13191 4826 4799 7 9857 9859 68729 68533 67886 67884 68865
13192 5048 4895 4 9858 9860 11065 11067
13193 2870 2577 6 9861 9862 141843 142409 142413 142512
13194 2870 2509 5 9862 9863 142261 142262 141844
13195 3059 2509 5 9863 9864 58352 142256 142255
13196 3059 2870 7 9861 9863 142358 58452 58454 132647 142520
13197 2509 2577 8 9862 9864 58350 41729 41731 58091 30063 30062
13198 11801 1449 4 9865 9866 42764 27419
13199 11801 1051 6 9866 9867 11489 11490 11819 11820
13200 44 1051 5 9867 9868 132797 132796 133659
13201 44 1449 5 9868 9865 27420 131960 131959
13202 44 11801 7 9865 9867 133658 151179 32138 32140 27418
13203 1051 1449 8 9866 9868 132225 132224 132698 132230 132232 42765
13204 7129 6957 7 9869 9870 86980 87036 87034 87818 86058
13205 7129 6955 4 9870 9871 18347 86981
13206 7156 6955 5 9871 9872 87783 87674 18349
13207 7156 6957 6 9872 9869 86060 86487 87780 87782
13208 7156 7129 6 9869 9871 18348 87651 86535 86059
13209 6955 6957 5 9870 9872 84669 84671 86982
13210 5809 5926 7 9873 9874 54848 40643 40644 41189 41190
13211 5809 5736 3 9874 9875 54847
13212 5629 5809 6 9873 9875 40512 40513 57055 41304
13213 3194 2946 4 9876 9877 30006 57605
13214 3194 3216 8 9877 9878 10399 62560 59196 59195 137335 30007
13215 3204 3216 4 9878 9879 58799 10401
13216 3204 2946 7 9879 9876 57910 57909 59747 59744 58798
13217 3204 3194 7 9876 9878 10400 29993 10875 10872 58555
13218 3216 2946 6 9877 9879 58797 15779 15780 30008
13219 5143 5122 6 9880 9881 41388 57830 58002 57992
13220 5143 5263 4 9881 9882 57978 41387
13221 4801 5263 8 9882 9883 41140 57787 58053 57904 57308 57309
13222 4801 5122 6 9883 9880 57966 41546 41126 41127
13223 5263 5122 5 9881 9883 41139 57494 41389
13224 3412 3542 4 9884 9885 78691 13893
13225 3412 3208 7 9885 9886 28436 28434 60702 60703 78690
13226 3644 3208 4 9886 9887 11035 63929
13227 3644 3542 8 9887 9884 9955 9954 63554 63657 11673 11033
13228 3644 3412 6 9884 9886 63948 11113 11112 13894
13229 3208 3542 6 9885 9887 11034 63744 63904 76892
13230 4879 4663 6 9888 9889 54575 67584 68140 67209
13231 4879 4461 6 9889 9890 68282 68291 67346 54576
13232 4584 4461 8 9890 9891 67090 61634 61570 61502 11572 11573
13233 4584 4879 3 9888 9890 67210
13234 4461 4663 5 9889 9891 12440 12442 54577
13235 3734 3713 4 9892 9893 30156 66642
13236 3734 3165 7 9893 9894 28006 66700 66702 66693 30157
13237 3723 3165 4 9894 9895 57864 28008
13238 3723 3713 8 9895 9892 58174 30116 30118 42876 42875 57863
13239 3723 3734 8 9892 9894 28007 66670 66698 66650 66651 66696
13240 3165 3713 7 9893 9895 41656 41655 58551 10248 10247
13241 4772 4868 6 9896 9897 56701 10187 10188 57560
13242 4772 4978 7 9897 9898 57619 57385 57374 57376 57465
13243 5412 4772 4 9896 9898 57618 57561
13244 4978 4868 3 9897 9899 10381
13245 3600 3639 7 9901 9902 62044 62694 62666 62356 62355
13246 3600 3368 6 9902 9900 39928 58506 58505 62042
13247 3600 3382 4 9900 9901 62670 39927
13248 4311 4658 6 9904 9905 66416 50102 50103 66953
13249 4460 4658 4 9905 9906 62763 62762
13250 4460 4760 5 9906 9903 58269 62406 66605
13251 4460 4311 7 9903 9905 67257 67105 66981 66982 58268
13252 4658 4760 8 9904 9906 65471 54361 27978 27977 58271 66954
13253 5594 5506 7 9907 9908 13019 67657 67612 67613 67713
13254 5594 5745 4 9908 9909 53662 13020
13255 5995 5745 5 9909 9910 41147 41146 42590
13256 5995 5506 3 9910 9907 66638
13257 5995 5594 7 9907 9909 53661 54210 54209 41369 41371
13258 5745 5506 6 9908 9910 54508 54507 67369 13021
13259 5995 5887 4 9911 9912 42591 41146
13260 5995 6136 6 9912 9913 11633 11635 54121 54035
13261 5615 6136 5 9913 9914 43597 43599 43021
13262 5615 5887 5 9914 9911 41148 54506 43692
13263 5615 5995 9 9911 9913 10548 10550 54193 41372 41371 66638 41147
13264 7367 7604 6 9916 9915 39908 38980 38977 40731
13265 6542 6203 6 9917 9918 39993 41558 41019 40761
13266 6821 6203 4 9918 9919 40823 39994
13267 6445 6491 7 9920 9921 54860 56833 40813 40816 56609
13268 6445 6176 7 9921 9922 56471 56808 56690 40725 40726
13269 6512 6176 5 9922 9923 56664 51746 51745
13270 6512 6491 6 9923 9920 40393 40392 56675 56663
13271 6512 6445 5 9920 9922 40926 40925 41444
13272 6176 6491 4 9921 9923 41451 41450
13273 4757 4574 4 9926 9927 64765 68811
13274 4757 4226 4 9927 9928 50602 50600
13275 4473 4226 8 9928 9929 61571 61373 61233 61232 79271 68656
13276 4473 4574 7 9929 9926 57351 12264 12266 68459 68478
13277 4473 4757 8 9926 9928 68451 67885 15075 15077 68835 68810
13278 4226 4574 6 9927 9929 68239 68241 68484 64766
13279 5217 5971 4 9930 9931 42338 67017
13280 5217 5635 9 9931 9932 53732 42254 42257 10021 10019 42328 42339
13281 6198 5635 6 9932 9933 41950 42273 40970 40969
13282 6198 5971 6 9933 9930 67027 43646 34361 34360
13283 6198 5217 4 9930 9932 58176 67002
13284 5635 5971 5 9931 9933 41949 58060 42340
13285 5403 5329 9 9934 9935 53733 57046 57047 57216 57238 69849 56711
13286 5403 5602 7 9935 9936 69778 69777 56714 54846 53734
13287 5262 5602 5 9936 9937 40661 67766 69804
13288 5262 5403 4 9934 9936 69803 56712
13289 5602 5329 3 9935 9937 40660
13290 1145 1173 9 9938 9939 114803 112584 112583 125730 126185 125931 27252
13291 1145 1165 4 9939 9940 125459 114804
13292 1234 1165 7 9940 9941 114798 114797 124801 124800 125463
13293 1234 1173 5 9941 9938 27254 114854 114842
13294 1234 1145 5 9938 9940 125464 126001 27253
13295 1165 1173 4 9939 9941 114659 114658
13296 1051 2702 7 9942 9943 155211 133692 132232 132231 66343
13297 1051 5367 4 9943 9944 48993 48994
13298 4901 5367 10 9944 9945 42143 42144 42947 42364 42365 44868 155199 155030
13299 4901 2702 3 9945 9942 66345
13300 4901 1051 5 9942 9944 155029 66794 66344
13301 5367 2702 5 9943 9945 133036 133035 155227
13302 7040 6815 5 9947 9948 54062 53570 53571
13303 7113 6815 4 9948 9949 40453 41024
13304 7113 7287 5 9949 9946 36424 45190 40451
13305 7113 7040 6 9946 9948 40189 40188 52429 36423
13306 6815 7287 6 9947 9949 40452 45196 53602 53656
13307 6247 6487 5 9950 9951 65426 96431 50140
13308 6247 11922 4 9951 9952 65772 65425
13309 6749 11922 8 9952 9953 13950 19491 19489 48541 48540 65771
13310 6749 6487 5 9953 9950 16374 10885 10884
13311 6749 6247 6 9950 9952 65380 50155 10596 10598
13312 11922 6487 4 9951 9953 13949 50230
13313 3542 3661 8 9955 9956 11902 11677 11678 11071 11070 13893
13314 3730 3644 6 9957 9954 63373 63375 63392 63391
13315 3730 3542 3 9954 9956 63553
13316 3661 3644 4 9955 9957 63655 13894
13317 5465 5661 3 9958 9959 68277
13318 5465 5653 6 9959 9960 11558 11556 68285 68294
13319 5562 5653 3 9960 9961 43451
13320 5562 5661 8 9961 9958 68278 49812 49813 51136 62316 43449
13321 5562 5465 6 9958 9960 43288 43285 51161 51158
13322 5653 5661 8 9959 9961 43450 49623 49622 11427 11424 65576
13323 11880 130 6 9962 9963 144099 144216 144232 34570
13324 11880 247 4 9963 9964 143434 144100
13325 275 247 4 9964 9965 143148 143150
13326 275 130 4 9965 9962 34572 143544
13327 247 130 8 9963 9965 143529 143519 127101 126991 126990 143671
13328 3045 3123 5 9967 9968 58723 58721 10311
13329 3045 3040 5 9968 9966 58789 141733 58984
13330 3045 3278 6 9966 9967 10309 57017 57016 58788
13331 4742 4631 5 9969 9970 69218 69263 69264
13332 4742 4862 4 9970 9971 51872 56069
13333 4934 4862 8 9971 9972 56600 56601 69942 70009 39081 39082
13334 4934 4631 4 9972 9969 69349 69678
13335 4934 4742 5 9969 9971 51871 15455 15454
13336 4862 4631 5 9970 9972 70052 60320 60319
13337 11508 11679 6 9973 9974 144399 125512 125510 144361
13338 11508 11606 5 9974 9975 125768 34436 34437
13339 11738 11606 5 9975 9976 29243 30603 125769
13340 11738 11679 8 9976 9973 16996 16998 112068 125289 125315 29241
13341 11738 11508 5 9973 9975 125767 26947 26944
13342 11606 11679 4 9974 9976 29242 144465
13343 3561 3653 7 9977 9978 27517 59829 59151 58113 58114
13344 3809 3447 4 9979 9980 59105 59106
13345 3809 3653 5 9980 9977 59811 59810 59814
13346 3809 3561 4 9977 9979 59150 59441
13347 3447 3653 3 9978 9980 27519
13348 5513 5759 7 9982 9983 10071 12023 58369 58379 12368
13349 5468 5759 8 9983 9984 41456 41458 56883 57616 57617 10073
13350 5468 5336 8 9984 9981 57524 57523 57790 57789 57638 42108
13351 5468 5513 3 9981 9983 10072
13352 5759 5336 5 9982 9984 42107 57766 12369
13353 3158 3064 5 9985 9986 28819 62349 115580
13354 3158 3209 6 9986 9987 62067 62066 62447 28820
13355 3198 3209 3 9987 9988 28734
13356 3198 3064 7 9988 9985 136957 137049 137305 63162 28732
13357 3198 3158 8 9985 9987 58908 58907 62576 62637 29791 29788
13358 3209 3064 6 9986 9988 28733 63177 140265 28821
13359 5761 5065 4 9989 9990 34176 12311
13360 4017 4803 7 9991 9992 67013 33433 12100 12101 133029
13361 4720 4803 6 9993 9991 11801 11800 49824 49772
13362 3822 4270 7 9994 9995 57610 59343 29326 29327 40508
13363 3892 3809 7 9996 9997 57703 57704 59104 59106 59150
13364 3892 4270 5 9997 9994 10958 10957 59328
13365 3892 3822 4 9994 9996 59440 40509
13366 3809 4270 4 9995 9997 59325 57611
13367 1359 1797 6 9998 9999 140942 141213 141082 30501
13368 1359 1411 7 9999 10000 59774 127309 29797 29798 140943
13369 1377 1411 5 10000 10001 139497 127804 59775
13370 1377 1797 4 10001 9998 30502 141046
13371 1377 1359 8 9998 10000 59773 139739 59750 59749 60451 30500
13372 1411 1797 6 9999 10001 141120 141131 141127 140944
13373 4077 4100 7 10002 10003 14449 14448 68506 10669 10670
13374 4077 3831 5 10003 10004 63666 63787 14962
13375 4103 3831 6 10004 10005 13985 63691 63692 63667
13376 4103 4100 3 10005 10002 13984
13377 4103 4077 7 10002 10004 63665 71728 71725 63371 63370
13378 3831 4100 5 10003 10005 13983 14617 14963
13379 3896 3745 7 10006 10007 62720 61330 61329 14427 11131
13380 3896 3904 6 10007 10008 43475 49903 11827 11828
13381 3982 3904 5 10008 10009 63053 11958 11960
13382 3982 3745 4 10009 10006 11133 11899
13383 3904 3745 5 10007 10009 63052 64717 62721
13384 1153 1256 5 10010 10011 127334 127195 127196
13385 1153 1054 5 10011 10012 127088 126416 126414
13386 1151 1054 4 10012 10013 138401 127089
13387 1151 1256 5 10013 10010 59769 59768 138407
13388 1151 1153 5 10010 10012 30176 30175 127304
13389 1054 1256 6 10011 10013 138406 136879 130980 127402
13390 5720 5602 6 10014 10015 54855 53779 53777 54846
13391 5720 5673 3 10015 10016 54856
13392 5652 5673 7 10016 10017 61256 13492 13493 53760 53761
13393 5652 5602 5 10017 10014 56714 69624 69625
13394 4683 5217 6 10018 10019 42327 43701 58259 58241
13395 4683 5635 4 10019 10020 54212 42326
13396 5023 5217 5 10021 10018 58035 58036 42280
13397 5023 4683 5 10018 10020 54213 58156 58155
13398 4624 4726 7 10023 10022 58067 57823 57822 42514 42513
13399 6452 6903 5 10024 10025 42414 42415 43524
13400 6628 6903 6 10026 10024 11479 11476 43750 44335
13401 6719 6903 5 10025 10026 44339 43182 43180
13402 7345 7126 5 10028 10029 43298 43306 43148
13403 6881 6444 3 10030 10031 50928
13404 3429 3449 6 10032 10033 66163 66164 62682 62683
13405 3429 3098 4 10033 10034 28582 66233
13406 3199 3098 7 10034 10035 64151 132375 62831 62833 28584
13407 3199 3449 7 10035 10032 66545 64418 64417 66582 64150
13408 3199 3429 4 10032 10034 28583 66519
13409 3098 3449 4 10033 10035 62840 62842
13410 4479 4075 5 10036 10037 67126 57796 57798
13411 4479 4187 5 10037 10038 66337 61793 61794
13412 4212 4187 5 10038 10039 61727 61729 66338
13413 4212 4075 4 10039 10036 61800 62422
13414 4187 4075 5 10037 10039 62424 12210 12212
13415 9982 9845 6 10040 10041 142430 142431 153757 34868
13416 9982 9756 7 10041 10042 40084 40082 39192 39193 156509
13417 10123 9756 5 10042 10043 156686 155486 153654
13418 10123 9845 4 10043 10040 34870 34891
13419 10123 9982 5 10040 10042 38630 38632 34869
13420 9756 9845 6 10041 10043 33995 33994 155529 155929
13421 3511 3802 3 10044 10045 10220
13422 3511 3312 6 10045 10046 58435 58436 41426 10964
13423 3700 3312 3 10046 10047 58989
13424 3700 3802 6 10047 10044 10222 57487 58836 58947
13425 3700 3511 7 10044 10046 58726 58725 30276 30275 10221
13426 3312 3802 6 10045 10047 59111 58445 58444 10965
13427 9241 9353 8 10048 10049 153291 153292 153302 153303 153385 98066
13428 9241 9057 4 10049 10050 152194 152691
13429 8994 9057 4 10050 10051 47188 152195
13430 8994 9241 5 10048 10050 35045 35044 98067
13431 9057 9353 6 10049 10051 47187 150876 152609 152693
13432 2283 2385 6 10052 10053 139695 140136 82265 82266
13433 2283 2403 3 10053 10054 139694
13434 2074 2403 5 10054 10055 137460 140108 140114
13435 2074 2385 4 10055 10052 137506 137458
13436 2403 2385 7 10053 10055 137459 139861 139855 139854 139696
13437 6215 5759 12 10056 10057 40553 56771 41525 41526 57766 57768 58379 41538 40446 40445
13438 6215 6179 4 10057 10058 40517 40554
13439 6155 6215 3 10056 10058 40518
13440 7774 7748 4 10059 10060 34017 34019
13441 7774 8288 4 10060 10061 42278 42279
13442 6790 8288 5 10061 10062 33274 42150 42149
13443 6790 7748 7 10062 10059 38945 38947 39821 39822 33273
13444 3213 3447 6 10063 10064 10154 10155 58707 142026
13445 3213 3624 5 10064 10065 10136 10707 30311
13446 3271 3624 5 10065 10066 58870 58884 10137
13447 3271 3447 5 10066 10063 58902 58869 58868
13448 3271 3213 5 10063 10065 10135 58670 58669
13449 3624 3447 5 10064 10066 57733 57732 30312
13450 4034 4016 5 10068 10069 61022 61490 61591
13451 4190 4016 6 10069 10070 60706 57717 57715 60910
13452 4190 4052 3 10070 10067 60704
13453 4190 4034 6 10067 10069 61023 61748 61747 61732
13454 4016 4052 6 10068 10070 60705 60738 57322 57321
13455 5759 4880 4 10073 10071 12024 57640
13456 5468 4880 6 10072 10073 10153 10152 57525 57524
13457 5629 5330 3 10076 10074 41410
13458 4632 4753 3 10077 10078 30339
13459 4632 4637 8 10078 10079 58876 57926 57691 57692 57739 41860
13460 4562 4637 4 10079 10080 41497 58872
13461 4562 4632 5 10077 10079 58874 57033 30340
13462 4637 4753 6 10078 10080 41495 41428 41430 41861
13463 286 10 7 10081 10082 152998 131785 131201 130063 130065
13464 286 110 5 10082 10083 131833 131856 154159
13465 316 110 6 10083 10084 146460 32397 11717 11715
13466 316 10 4 10084 10081 131667 146181
13467 316 286 9 10081 10083 32396 32393 131640 131900 131789 131790 131666
13468 110 10 6 10082 10084 146466 146467 131825 131824
13469 2936 2946 6 10085 10086 58860 58858 140156 10241
13470 3169 2946 3 10086 10087 29923
13471 2946 3176 6 10085 10087 29922 59677 15779 10242
13472 2056 2055 9 10088 10089 10961 10962 140750 141365 137258 137003 137004
13473 2056 2400 3 10089 10090 126870
13474 2182 2400 8 10090 10091 30165 30164 141408 141380 141379 141397
13475 2182 2055 3 10091 10088 126856
13476 2182 2056 6 10088 10090 141399 141413 141277 141276
13477 2400 2055 6 10089 10091 126857 141256 58815 58816
13478 4278 4705 7 10092 10093 12004 57254 57253 66915 30074
13479 4278 4118 5 10093 10094 42510 42511 12005
13480 4224 4278 5 10092 10094 58173 58170 30075
13481 3213 3289 4 10095 10096 58473 57995
13482 3213 3312 4 10096 10097 40959 58472
13483 3442 3312 6 10097 10098 58436 41720 30308 30310
13484 3442 3289 4 10098 10095 57996 58687
13485 3442 3213 8 10095 10097 40960 58456 59045 30311 10154 10156
13486 3312 3289 8 10096 10098 41426 27625 27624 142015 57987 57988
13487 4975 4730 8 10099 10100 41578 57656 59068 57359 41435 40296
13488 4975 5412 4 10100 10101 10113 41577
13489 6072 4975 9 40297 10099 10101 10114 27802 27804 41493 41492 -1
13490 5263 5218 5 10104 10105 57309 57978 58013
13491 5263 5023 5 10105 10102 42515 42516 57308
13492 5263 5324 6 10102 10104 41532 41531 58247 58074
13493 5218 5023 6 10103 10105 54752 41247 41246 57835
13494 5324 6264 4 10106 10107 29015 40633
13495 5324 6203 3 10107 10108 29014
13496 9733 9889 9 10109 10110 41659 34592 34591 39099 39100 58614 40358
13497 9733 9773 3 10110 10111 33363
13498 9242 9773 6 10111 10112 155871 156002 156001 33364
13499 9242 9889 5 10112 10109 40360 142235 142234
13500 9242 9733 4 10109 10111 33362 40359
13501 4975 5841 3 10113 10114 40846
13502 5841 5412 7 10113 10115 56983 57100 57120 27998 27997
13503 5473 5753 3 10116 10117 57632
13504 5565 5629 3 10118 10119 40513
13505 5629 5753 6 10117 10119 40512 56668 56667 57109
13506 1045 1073 6 10120 10121 138144 131037 130457 130456
13507 1045 958 6 10121 10122 138443 29282 29280 127594
13508 1175 958 7 10122 10123 130981 127504 29444 29447 138551
13509 1175 1073 4 10123 10120 138513 138255
13510 1175 1045 3 10120 10122 138544
13511 958 1073 5 10121 10123 138158 138157 138145
13512 3714 3660 9 10124 10125 16014 16015 83217 83218 83252 83178 82635
13513 3714 3431 3 10125 10126 16241
13514 3255 3660 5 10127 10124 82617 81825 15136
13515 3255 3714 6 113921 82636 10124 10126 83148 -1
13516 3431 3660 7 10125 10127 15137 83207 83206 83244 16242
13517 4931 5449 4 10128 10129 13863 13861
13518 4931 5059 4 10129 10130 13254 13257
13519 4933 5059 5 10130 10131 74738 24784 24785
13520 4933 5449 5 10131 10128 13902 13901 74737
13521 5059 5449 8 10129 10131 74736 93408 84675 84674 24857 24856
13522 9889 9179 6 10134 10132 58614 155859 142235 142233
13523 9247 9179 5 10133 10134 142496 142168 132694
13524 3330 3213 6 10135 10136 10706 58456 57901 57900
13525 3271 3330 4 10135 10137 58934 58708
13526 2790 2813 9 10138 10139 33820 132212 66806 28695 27849 27850 131479
13527 2790 3388 4 10139 10140 132372 33821
13528 3370 3388 8 10140 10141 66656 66655 62441 62442 62415 62413
13529 3370 2813 3 10141 10138 131480
13530 3370 2790 7 10138 10140 66504 66503 132480 62623 62622
13531 3388 2813 5 10139 10141 132322 10473 10472
13532 1374 1449 7 10142 10143 42627 42625 132516 132824 132698
13533 1374 654 4 10143 10144 27335 27333
13534 236 654 8 10144 10145 132226 132798 66818 27902 27901 58515
13535 236 1449 3 10145 10142 132224
13536 236 1374 7 10142 10144 58514 133013 66750 66752 66773
13537 654 1449 6 10143 10145 132225 131959 131961 42930
13538 10833 11028 7 10146 10147 58559 31440 31438 155723 155722
13539 10833 869 6 10147 10148 155991 155809 40734 40735
13540 11501 869 4 10148 10149 142290 155706
13541 11501 11028 8 10149 10146 142492 141267 141268 155848 155863 142289
13542 11501 10833 4 10146 10148 155915 155724
13543 869 11028 4 10147 10149 142132 142134
13544 5212 4975 7 10150 10151 57603 57182 57185 57613 59206
13545 5212 5468 7 10151 10152 57940 57790 57647 57648 57651
13546 4880 4975 7 10153 10150 59157 12979 12977 41479 57640
13547 4880 5212 5 10150 10152 57939 57955 59207
13548 5468 4975 4 10151 10153 57617 57615
13549 3213 3324 5 10155 10156 57995 58659 58661
13550 4258 4138 8 10157 10158 41443 41441 59147 58131 58132 57259
13551 4258 3809 5 10158 10159 57703 59325 58006
13552 3700 3809 4 10159 10160 57498 57704
13553 3700 4138 7 10160 10157 57261 57487 57489 59078 57497
13554 3700 4258 5 10157 10159 57052 57051 57260
13555 2358 2389 5 10161 10162 119157 116843 58768
13556 2358 2424 6 10162 10163 138003 117214 117215 119158
13557 2478 2424 5 10163 10164 115162 115163 139987
13558 2478 2389 4 10164 10161 58769 115728
13559 2478 2358 6 10161 10163 139986 140341 140424 58767
13560 2424 2389 4 10162 10164 139457 119159
13561 3277 3267 9 10165 10166 64215 64230 66575 64310 48440 48443 63486
13562 3277 3326 9 10166 10167 64940 64826 28585 28588 64475 62803 62801
13563 3614 3326 9 10167 10168 14625 63927 64113 64322 64394 64925 64941
13564 3614 3267 4 10168 10165 63609 14623
13565 3614 3277 4 10165 10167 10723 10725
13566 3326 3267 4 10166 10168 14624 64203
13567 3512 3333 9 10169 10170 10942 59853 59761 59736 59355 10487 10488
13568 3512 3511 3 10170 10171 10943
13569 3686 3511 7 10171 10172 58843 30275 30274 58728 58727
13570 3686 3333 3 10172 10169 59541
13571 3686 3512 8 10169 10171 58778 59483 59793 59555 59556 59552
13572 3511 3333 4 10170 10172 59540 10944
13573 4868 4912 6 10173 10174 57462 57461 69980 57433
13574 5261 4912 5 10175 10173 57212 57211 56699
13575 5062 4912 6 10174 10175 56700 57114 57113 57435
13576 5218 5612 6 10177 10178 42362 42363 57742 57765
13577 5816 5612 6 10178 10179 41210 41186 41187 53134
13578 5816 5944 5 10179 10176 58010 41330 41329
13579 5612 5944 7 10177 10179 41238 41240 54026 54127 54128
13580 4544 4402 6 10180 10181 72005 72003 73375 73376
13581 4544 4603 5 10181 10182 73043 81422 72527
13582 4529 4603 7 10182 10183 81132 80156 71169 71171 73044
13583 4529 4402 4 10183 10180 69039 69038
13584 4529 4544 6 10180 10182 13767 13766 13451 13453
13585 4603 4402 6 10181 10183 81135 81134 81302 72528
13586 4061 5752 7 10184 10185 58692 58693 40368 40366 155987
13587 5752 3678 4 10184 10186 40374 132993
13588 4772 4711 5 10188 10189 57105 57108 57187
13589 4706 4711 5 10189 10190 57291 57293 57506
13590 4706 4868 5 10190 10187 56703 57462 57415
13591 4706 4772 5 10187 10189 57504 57505 56702
13592 4711 4868 8 10188 10190 57416 67875 56056 56058 57076 57557
13593 3561 3755 6 10191 10192 59542 59821 58830 58828
13594 3561 3706 4 10192 10193 58113 59152
13595 3822 3755 6 59080 12500 10194 10191 59735 -1
13596 3822 3561 7 10191 10193 58114 59441 59440 10950 10949
13597 3706 3755 8 10192 10194 12501 57509 59525 59529 58980 58978
13598 529 569 3 10195 10196 128269
13599 529 643 8 10196 10197 127505 128468 126504 126503 26078 26081
13600 709 643 5 10197 10198 28698 23835 23833
13601 709 569 7 10198 10195 126719 24384 24383 129619 124066
13602 643 569 4 10196 10198 124065 128331
13603 3786 3677 5 10199 10200 61398 11011 10702
13604 3786 3804 7 10200 10201 15540 62197 62180 61982 61722
13605 3647 3804 5 10201 10202 61872 61873 15542
13606 3647 3677 5 10202 10199 10704 63478 62072
13607 3647 3786 6 10199 10201 15541 62477 61013 10703
13608 3804 3677 4 10200 10202 62071 61723
13609 5848 5720 5 10204 10205 40782 41362 41363
13610 5848 6128 8 10205 10203 40787 40789 40887 38912 38914 40781
13611 5848 5582 3 10203 10204 68979
13612 4777 4608 10 10206 10207 41386 57990 54749 54748 57532 57806 61669 58140
13613 5417 5276 6 10208 10209 72140 69173 69176 71066
13614 5417 5365 6 10209 10210 72166 72176 56073 56076
13615 5382 5276 5 10211 10208 71067 70389 70371
13616 5382 5417 6 10208 10210 72167 87338 70100 70099
13617 5365 5276 4 10209 10211 70372 71873
13618 6178 6151 8 10212 10213 89025 88805 86946 73896 70661 70659
13619 6178 5987 4 10213 10214 87409 89211
13620 5979 5987 10 10214 10215 87310 87251 70259 70260 87354 87355 88872 87410
13621 5979 6151 3 10215 10212 72085
13622 5979 6178 5 10212 10214 86391 70839 70838
13623 5987 6151 6 10213 10215 87300 87302 87256 87255
13624 5683 5799 4 10216 10217 68075 53861
13625 5683 5774 6 10217 10218 55803 55702 55703 69192
13626 5878 5774 3 10218 10219 51651
13627 5878 5799 6 10219 10216 12394 12396 12804 17245
13628 5878 5683 9 10216 10218 55805 55390 55389 55797 12959 12956 51702
13629 5774 5799 5 10217 10219 51650 55656 69193
13630 3545 3700 5 10221 10222 57489 59124 58844
13631 3545 3802 7 10222 10220 10965 58958 58955 59167 57488
13632 3545 3511 6 10220 10221 58843 59540 41425 10964
13633 3480 3372 4 10223 10224 60752 60804
13634 3426 3483 6 10225 10226 60787 60788 60144 29793
13635 3426 3372 8 10226 10223 60814 59887 29636 29635 60735 60786
13636 3426 3480 4 10223 10225 29792 60795
13637 3483 3372 4 10224 10226 60720 60722
13638 4546 4619 5 10227 10228 69517 70108 70111
13639 4546 4747 3 10228 10229 69516
13640 4612 4747 6 10229 10230 70455 71665 70159 70157
13641 4612 4619 6 10230 10227 12904 12906 70592 70454
13642 4612 4546 9 10227 10229 71721 61087 61084 59982 59981 71641 71640
13643 5244 5414 4 10232 10231 41261 67773
13644 3455 3351 5 10233 10234 59061 63503 63514
13645 3303 3351 6 10235 10233 60610 60609 61385 62579
13646 3296 3351 6 10234 10235 62575 61999 61998 59063
13647 5342 5356 4 10236 10237 57093 57091
13648 5342 5221 5 10237 10238 69811 69810 69973
13649 5502 5221 8 70029 10238 10239 60859 60858 56055 56057 -1
13650 5502 5356 5 10239 10236 61627 57144 57143
13651 5221 5356 6 10237 10239 56716 56715 69971 69986
13652 2936 3016 5 10240 10241 140145 59801 59802
13653 2946 3016 7 10241 10242 15780 60650 60666 59886 59885
13654 3016 3176 8 10240 10242 15778 62472 62471 61991 61992 63077
13655 952 717 6 10243 10244 30181 27092 27094 138490
13656 731 698 7 10245 10246 126980 126979 59354 29501 29500
13657 731 717 6 10246 10243 127395 126517 126516 127125
13658 731 952 5 10243 10245 132573 131352 131350
13659 698 717 5 10244 10246 127124 126876 126460
13660 3713 3282 3 10248 10249 141965
13661 3795 3282 8 10249 10250 66694 58357 58299 58300 57104 57103
13662 3795 3165 3 10250 10247 30157
13663 3795 3713 8 10247 10249 132689 58594 58478 58476 58475 30156
13664 3282 3165 9 10248 10250 66693 66703 58382 58383 142360 142361 142185
13665 10759 10906 6 10251 10252 34954 130495 130494 147258
13666 10759 11038 3 10252 10253 34953
13667 10993 10759 8 10251 10253 147694 146944 146945 145693 145648 145647
13668 666 329 4 10254 10255 130750 130757
13669 666 513 9 10255 10256 130333 130363 126854 31231 31229 129680 130744
13670 538 513 4 10256 10257 130092 130091
13671 538 329 6 10257 10254 130759 130668 130666 130754
13672 538 666 4 10254 10256 130334 130684
13673 513 329 8 10255 10257 130755 26779 26781 126845 30922 30921
13674 2628 2931 5 10258 10259 59014 33760 33761
13675 2628 2914 4 10259 10260 29660 29661
13676 2761 2914 5 10260 10261 58944 58946 137397
13677 2761 2931 5 10261 10258 15683 15685 62597
13678 2761 2628 8 10258 10260 137395 137115 58672 58674 133330 137111
13679 2914 2931 7 10259 10261 136527 63068 63067 137379 137342
13680 958 999 4 10262 10263 127272 29255
13681 958 1068 5 10263 10264 130951 130954 127271
13682 717 1068 5 10264 10265 27094 138437 130952
13683 717 999 5 10265 10262 29256 30180 27092
13684 717 958 9 10262 10264 130950 30759 30758 127107 127621 127620 29254
13685 1068 999 6 10263 10265 27093 138460 130986 127273
13686 3584 3527 5 10267 10268 59422 59420 60357
13687 3629 3527 4 10268 10269 59405 59404
13688 3629 3474 4 10269 10266 29592 59570
13689 3629 3584 9 10266 10268 60150 60149 62155 60768 60064 60063 29591
13690 3527 3474 5 10267 10269 59569 60688 60358
13691 4601 4519 4 10271 10272 57583 57584
13692 4601 4561 5 10272 10270 58950 58949 59209
13693 4601 4592 4 10270 10271 58437 58780
13694 4567 4539 5 10273 10274 61268 67802 69619
13695 4567 4644 6 10274 10275 61197 61700 56060 56061
13696 4424 4644 6 10275 10276 15639 15638 61258 61199
13697 4424 4539 4 10276 10273 69596 69394
13698 4424 4567 6 10273 10275 61198 61633 69445 69444
13699 4644 4539 5 10274 10276 69393 69553 61269
13700 6711 6498 3 10277 10278 40897
13701 6376 6640 5 10279 10280 53792 53162 53160
13702 6376 6498 8 10280 10277 51168 53484 53481 53874 51513 51512
13703 3703 3584 5 10281 10282 62377 62154 62155
13704 3703 3861 6 10282 10283 61615 59088 59086 60711
13705 3818 3861 7 10283 10284 60107 14889 14888 60782 61617
13706 3818 3584 5 10284 10281 60149 10692 10691
13707 3818 3703 6 10281 10283 61616 62262 62252 62251
13708 3861 3584 4 10282 10284 60106 60806
13709 2423 2632 9 10285 10286 133516 28962 28960 133871 133911 48998 48999
13710 2423 2883 4 10286 10287 132046 132047
13711 3236 2883 5 10287 10288 62324 58531 58530
13712 3236 2632 4 10288 10285 64725 64724
13713 3236 2423 6 10285 10287 28038 28040 132239 132183
13714 2883 2632 5 10286 10288 65329 64317 64316
13715 4188 4403 7 10289 10290 11026 78328 78326 81244 81223
13716 4188 4343 6 10290 10291 10716 82809 82767 11027
13717 4310 4343 5 10291 10292 70526 70525 10717
13718 4310 4403 3 10292 10289 71661
13719 4310 4188 8 10289 10291 10715 82867 81224 81226 81220 81222
13720 4343 4403 4 10290 10292 71484 11028
13721 4017 4228 9 10293 10294 11935 43760 43762 49388 67021 66410 27805
13722 4017 4048 3 10294 10295 11936
13723 3943 4048 7 10295 10296 43071 66392 67198 67142 12086
13724 3943 4228 3 10296 10293 27807
13725 4048 4228 8 10294 10296 43070 66314 67273 66376 66377 11937
13726 3395 3764 5 10297 10298 82309 82315 82185
13727 3395 3417 10 10298 10299 79846 79847 82378 82145 82143 82308 82301 82302
13728 3781 3417 5 10299 10300 81158 81159 81712
13729 3781 3395 6 10297 10299 82190 82207 81788 81790
13730 3417 3764 4 10298 10300 81547 81548
13731 4865 5165 4 10301 10302 10456 10457
13732 4865 5139 4 10302 10303 17065 12609
13733 4916 5139 6 10303 10304 70238 70403 70338 17066
13734 4916 5165 5 10304 10301 70387 70386 70237
13735 4916 4865 8 10301 10303 12912 12909 15548 71628 82573 70431
13736 5139 5165 8 10302 10304 70130 70129 70239 70072 70071 12610
13737 2770 2735 11 10305 10306 135772 135914 135945 135813 120095 120093 136912 135378 135377
13738 2770 2673 6 10306 10307 135507 133442 64123 64124
13739 2519 2673 7 10307 10308 28804 135764 135767 135018 135019
13740 2519 2735 5 10308 10305 135023 29663 28802
13741 2519 2770 3 10305 10307 135506
13742 2673 2735 5 10306 10308 28803 134761 135773
13743 3349 3123 6 10310 10311 10931 10932 58051 58440
13744 3349 3045 3 10311 10309 58959
13745 2769 2962 6 10312 10313 132352 132351 133384 133334
13746 2769 3132 5 10313 10314 66640 58805 58808
13747 2931 3132 8 10314 10315 63060 63061 137241 66542 66540 66641
13748 2931 2962 4 10315 10312 132478 132477
13749 2931 2769 7 10312 10314 66639 33759 33761 15683 15682
13750 3132 2962 4 10313 10315 132360 132359
13751 7476 6820 5 10316 10317 50390 49947 49945
13752 7476 7373 4 10317 10318 49494 49864
13753 7543 7373 6 10318 10319 49932 49489 49486 49488
13754 7543 6820 4 10319 10316 50034 49933
13755 7543 7476 6 10316 10318 49495 50356 50240 50239
13756 7373 6820 7 10317 10319 49929 10554 10551 49343 50391
13757 3788 3680 4 10320 10321 63502 61312
13758 3738 3762 3 10322 10323 62213
13759 3738 3680 7 10323 10320 61314 62085 63524 63402 63403
13760 3738 3788 5 10320 10322 62212 63566 61313
13761 3762 3680 7 10321 10323 63230 12180 12181 62218 63536
13762 3565 3728 5 10324 10325 82405 82358 79736
13763 3565 3582 8 10325 10326 61088 82388 82357 82277 82278 82404
13764 3042 3582 6 82458 61089 10326 10327 82700 -1
13765 3042 3728 6 82699 10327 10324 79737 81601 -1
13766 3042 3565 5 10324 10326 15819 15191 15190
13767 3582 3728 4 10325 10327 82698 82406
13768 4199 4056 5 10328 10329 70396 71354 70357
13769 4199 4079 6 10329 10330 83188 71764 68585 68586
13770 4004 4079 3 10330 10331 83184
13771 4004 4056 7 10331 10328 61229 61231 83235 83159 83157
13772 4004 4199 7 10328 10330 83187 79666 16624 16623 70356
13773 4079 4056 6 10329 10331 83182 60219 60220 70397
13774 3505 3430 6 10332 10333 61541 61540 63527 63520
13775 3505 3519 7 10333 10334 63522 64083 62835 62838 62074
13776 3265 3519 7 10334 10335 62780 62782 64069 64068 63523
13777 3265 3430 7 10335 10332 63107 62725 62723 62566 62567
13778 3265 3505 3 10332 10334 63521
13779 3519 3430 4 10333 10335 63041 62075
13780 3106 3140 6 10336 10337 64053 62821 62820 62783
13781 3106 2998 5 10337 10338 131259 64035 64034
13782 3084 2998 6 10338 10339 64115 64121 64079 64080
13783 3084 3140 4 10339 10336 62784 63025
13784 3084 3106 6 10336 10338 135729 28476 28475 28798
13785 2998 3140 5 10337 10339 64114 133407 135755
13786 49 11734 5 10340 10341 121629 121641 134083
13787 49 11678 5 10341 10342 105936 121446 121628
13788 11941 11678 4 10342 10343 105972 105937
13789 11941 11734 6 10343 10340 134421 105989 105988 105990
13790 11941 49 7 10340 10342 105935 32273 32272 121342 134420
13791 11678 11734 6 10341 10343 19025 19024 95833 121098
13792 3850 3635 8 10345 10346 63466 79823 63404 14393 14394 63369
13793 3417 3636 7 10347 10344 79848 79847 82373 15217 14944
13794 3417 3850 6 10344 10346 63465 79748 81159 81713
13795 3635 3636 3 10345 10347 14943
13796 4239 4021 7 10349 10350 11360 11361 12185 81698 61248
13797 4239 4296 5 10350 10348 61575 61532 61493
13798 4239 4066 8 10348 10349 61247 61293 61295 61372 61406 61574
13799 4910 4967 5 10351 10352 68582 68426 63885
13800 4910 5088 6 10352 10353 67556 55406 55404 68211
13801 5086 5088 5 10353 10354 61497 61500 67557
13802 5086 4967 6 10354 10351 63887 68567 68563 68516
13803 5086 4910 6 10351 10353 67555 67911 65493 63886
13804 4452 5072 6 10355 10356 11299 43752 43753 67463
13805 4452 4658 5 10356 10357 66416 62762 11300
13806 4317 4658 5 10357 10358 67465 50101 50102
13807 4317 5072 3 10358 10355 67464
13808 4317 4452 7 10355 10357 66415 43254 43253 66937 67509
13809 4658 5072 7 10356 10358 67031 67030 54359 54361 11301
13810 3527 3572 8 10359 10360 59347 59569 59405 59406 59521 59450
13811 3510 3572 6 10361 10359 59451 58443 58442 59288
13812 3418 3572 6 10360 10361 57673 11309 11308 59007
13813 5525 4726 10 10362 10363 42306 42307 58246 58191 58059 58037 58038 10973
13814 5525 5204 3 10363 10364 42501
13815 5450 5204 7 10364 10365 56586 56587 10773 10776 42502
13816 5450 4726 3 10365 10362 10975
13817 5450 5525 8 10362 10364 42500 58280 58279 58285 58167 10974
13818 5204 4726 8 10363 10365 58313 41537 41536 58026 58054 57601
13819 4666 4385 4 10366 10367 61757 67861
13820 4666 4566 9 10367 10368 67579 67098 67097 62427 62429 67459 61758
13821 4584 4566 3 10368 10369 67066
13822 4584 4666 5 10366 10368 67578 67549 67547
13823 4566 4385 5 10367 10369 10782 10783 61759
13824 4542 4424 5 10370 10371 11192 15640 15638
13825 4542 4491 6 10371 10372 10856 10854 61479 11191
13826 4487 4491 6 10372 10373 61202 61201 68739 12288
13827 4487 4424 5 10373 10370 61258 61447 61446
13828 4487 4542 4 10370 10372 12287 61257
13829 4491 4424 4 10371 10373 61445 11193
13830 3566 3850 4 10374 10375 63471 63369
13831 3566 3731 7 10375 10376 14949 14950 63477 63475 63472
13832 3636 3566 5 10374 10376 15215 14944 14943
13833 3597 3389 7 10377 10378 80367 75606 16345 16343 71043
13834 3597 3522 5 10378 10379 80363 80364 80368
13835 3525 3522 7 10379 10380 79864 79664 79663 80382 80365
13836 3525 3389 4 10380 10377 75337 79863
13837 3525 3597 7 10377 10379 75587 15221 15218 75584 75336
13838 3522 3389 4 10378 10380 15745 15744
13839 4978 5062 8 10381 10382 12980 56674 57156 57555 57466 57465
13840 3867 4193 8 10383 10384 59383 60003 69667 59055 58791 58792
13841 3867 4016 4 10384 10385 59511 59382
13842 3813 4016 5 10385 10386 57322 57323 60324
13843 3813 4193 5 10386 10383 59287 59313 60707
13844 3813 3867 10 10383 10385 60315 60316 59363 59364 59523 59351 59350 59286
13845 4016 4193 7 10384 10386 60738 60739 57717 57718 59384
13846 3583 3626 8 10387 10388 59908 59917 59915 10652 10650 60127
13847 3583 3974 6 59909 10388 10389 60151 71462 -1
13848 3737 3626 5 10390 10387 60129 61079 59495
13849 3737 3583 3 10387 10389 60128
13850 3974 3626 5 10388 10390 59494 60143 59910
13851 3391 3372 6 10391 10392 60338 60720 60786 29907
13852 3391 3249 6 10392 10393 57511 57512 60020 60023
13853 3321 3249 8 10393 10394 10954 10953 60584 60563 59168 59169
13854 3321 3372 4 10394 10391 29909 59582
13855 3321 3391 5 10391 10393 59606 60595 29908
13856 3249 3372 7 10392 10394 29069 29068 59887 60803 60339
13857 4328 4466 7 10395 10396 81534 81448 61304 61305 81540
13858 4328 4316 6 10396 10397 81543 71593 71594 81535
13859 4526 4316 6 10397 10398 69250 69253 81413 81414
13860 4526 4466 7 10398 10395 81530 81529 81423 81424 81441
13861 4526 4328 3 10395 10397 81541
13862 4316 4466 4 10396 10398 73010 73012
13863 3194 3328 5 10399 10400 29992 59097 62558
13864 3216 3328 5 10401 10399 62340 60454 59659
13865 3204 3328 4 10400 10401 10421 10423
13866 6106 6257 6 10403 10404 12413 12411 50766 50769
13867 6251 6257 5 10404 10405 33525 51169 51170
13868 4172 4214 6 10406 10407 10578 61614 59983 59180
13869 4172 4212 7 10407 10408 61384 59229 59225 59224 10577
13870 4523 4212 6 10408 10409 60850 59221 10900 10899
13871 4523 4214 5 10409 10406 59181 67565 60849
13872 4523 4172 4 10406 10408 12526 12525
13873 4212 4214 7 10407 10409 60848 62336 62335 61729 10579
13874 4068 4321 5 10410 10411 15570 15571 60938
13875 3897 4321 4 10411 10412 61320 60950
13876 4321 4150 7 10410 10412 61420 61418 61647 69699 69698
13877 2977 3248 6 10414 10415 29065 11247 11249 29061
13878 2977 3251 6 10415 10413 15573 15575 60540 60405
13879 2977 3276 6 10413 10414 29060 60778 60756 60430
13880 2208 1962 5 10416 10417 16145 16143 25090
13881 2092 2338 7 10418 10419 119412 119414 119972 11968 11965
13882 2092 1962 6 10419 10416 25091 119341 119392 119441
13883 2092 2208 4 10416 10418 118240 25089
13884 2338 1962 5 10417 10419 119281 118990 25018
13885 3293 3328 6 10420 10421 59659 60453 59445 59444
13886 3293 3204 6 10421 10422 59394 59565 58798 58799
13887 3545 3204 6 10422 10423 29993 27627 27626 59396
13888 3545 3328 8 10423 10420 60717 60719 61677 12138 12139 29992
13889 3545 3293 5 10420 10422 59395 59663 60716
13890 4037 4186 7 10425 10426 16530 16528 81850 81027 81028
13891 3930 4186 5 10426 10427 71347 80101 75618
13892 3930 4037 3 10424 10426 75617
13893 4186 3997 3 10425 10427 71346
13894 1632 1517 4 10428 10429 114529 114530
13895 1632 1650 8 10429 10430 114450 114453 24428 11840 11841 114768
13896 1607 1650 7 10430 10431 114642 114662 114684 114685 114732
13897 1607 1517 7 10431 10428 114709 140816 114820 114817 114640
13898 1607 1632 3 10428 10430 114708
13899 1650 1517 5 10429 10431 114641 114695 114696
13900 4212 4052 6 10432 10433 12252 12250 59225 58782
13901 4212 4422 5 10433 10434 59222 10900 10901
13902 4122 4422 5 10434 10435 10508 59058 59076
13903 4122 4052 7 10435 10432 58784 59085 60709 60708 10506
13904 4122 4212 5 10432 10434 59183 59182 58783
13905 4422 4052 5 10433 10435 10507 61752 58141
13906 3739 3630 5 10436 10437 63456 63458 63433
13907 3739 3782 7 10437 10438 59893 64529 79247 63842 63841
13908 3661 3782 4 10438 10439 63742 59895
13909 3661 3630 6 10439 10436 63434 63654 63655 63741
13910 3661 3739 6 10436 10438 59894 63450 78972 63432
13911 3782 3630 8 10437 10439 63740 63717 63716 63745 79750 78424
13912 3067 3345 5 10440 10441 59634 59632 59711
13913 3067 3216 5 10441 10442 62345 62387 62390
13914 3337 3216 11 10442 10443 25175 25178 62502 62556 62560 62340 62338 61789 61790
13915 3337 3345 5 10443 10440 62529 59095 59092
13916 3337 3067 7 10440 10442 60678 60677 60634 60632 60631
13917 3216 3345 3 10441 10443 62506
13918 4219 4068 8 10444 10445 60934 60935 61710 60937 60938 11989
13919 4190 4089 5 10446 10447 57715 57716 59398
13920 4190 4068 5 10447 10444 11991 61023 60910
13921 4190 4219 5 10444 10446 69695 69501 11990
13922 4089 4068 5 10445 10447 57520 57519 60965
13923 3321 3544 5 10448 10449 58467 59892 29883
13924 3321 3418 6 10449 10450 27732 59333 10970 10971
13925 3510 3321 3 10448 10450 27731
13926 4329 4260 9 10451 10452 81390 81048 81046 71420 71423 78535 78536
13927 4329 4267 4 10452 10453 15920 81377
13928 4338 4267 8 10453 10454 80391 80637 80652 12653 12652 15921
13929 4338 4260 3 10454 10451 80390
13930 4338 4329 5 10451 10453 11578 11580 81110
13931 4267 4260 8 10452 10454 79485 75083 75085 24523 24525 81388
13932 4865 4928 7 10455 10456 12609 69150 69151 70340 71714
13933 4483 4928 3 10458 10455 71711
13934 4483 4865 5 10455 10457 70431 13360 13359
13935 5165 4928 8 10456 10458 71568 70174 70176 70368 70411 12610
13936 4302 4297 10 10459 10460 74162 74163 81078 81329 81177 81176 81137 17221
13937 4302 4293 9 10460 10461 81066 81081 81228 81131 69462 69463 71536
13938 4173 4293 4 10461 10462 80737 81067
13939 4173 4297 7 10462 10459 17223 70564 70933 74548 74547
13940 4173 4302 3 10459 10461 17222
13941 4293 4297 3 10460 10462 80736
13942 3654 3453 4 10463 10464 75316 63352
13943 3654 3522 8 10464 10465 80363 80365 80337 80340 80351 75315
13944 3634 3522 3 10465 10466 80364
13945 3634 3453 6 10466 10463 63353 80275 80277 80366
13946 3634 3654 5 10463 10465 75610 15958 15960
13947 3522 3453 9 10464 10466 80368 15744 15743 80270 80596 80453 75317
13948 7590 6753 4 10467 10468 11791 48892
13949 7590 7235 6 10468 10469 48553 32004 32003 11792
13950 6087 7235 3 10469 10470 48554
13951 6087 7590 5 10467 10469 32539 32540 48103
13952 2813 3121 6 10471 10472 33820 133161 66665 66664
13953 3470 3388 7 10473 10474 58309 10513 10516 66655 66654
13954 3470 3121 5 10474 10471 133179 10497 10494
13955 3470 2813 6 10471 10473 132374 133312 62595 62592
13956 3388 3121 7 10472 10474 57681 57682 66511 66510 33821
13957 3817 3784 3 10475 10476 83527
13958 3744 4039 3 10477 10478 80986
13959 3744 3784 9 10478 10475 81139 81138 82073 81701 80362 80359 80645
13960 3744 3817 5 10475 10477 80985 83111 83531
13961 4039 3784 5 10476 10478 81025 60870 60869
13962 2410 2236 6 10479 10480 24360 135824 136407 132337
13963 2410 2387 5 10480 10481 136928 136921 24361
13964 2455 2387 4 10481 10482 135068 136727
13965 2455 2236 5 10482 10479 26875 10740 10739
13966 2455 2410 7 10479 10481 133282 133283 136575 136562 132338
13967 2387 2236 5 10480 10482 135067 135808 24362
13968 4994 4787 6 10483 10484 60311 60310 50865 50866
13969 4994 4915 6 10484 10485 12760 12761 50884 50885
13970 4835 4915 6 10485 10486 13473 67332 11457 11456
13971 4835 4787 6 10486 10483 68192 60474 60473 13472
13972 4915 4787 4 10484 10486 13471 15458
13973 3512 3545 4 10488 10489 59557 59552
13974 3572 3545 5 10489 10490 59539 59616 59558
13975 3572 3333 5 10490 10487 59288 57673 57672
13976 3545 3333 6 10488 10490 59337 59339 59540 59541
13977 5727 5372 6 10491 10492 85567 85632 85631 18824
13978 5727 5495 6 10492 10493 85773 16373 16371 85568
13979 5531 5727 4 10491 10493 85771 18823
13980 3482 3121 6 10494 10495 34283 34282 57680 57681
13981 3482 3283 4 10495 10496 66843 58203
13982 3470 3283 8 10496 10497 62742 62743 66457 60996 60995 66844
13983 3470 3482 5 10494 10496 66764 58362 58309
13984 3283 3121 4 10495 10497 133178 58204
13985 3962 3834 7 10498 10499 59268 59267 59226 59227 59243
13986 3962 4215 4 10499 10500 62225 62082
13987 4046 4215 7 10500 10501 66598 61589 57550 57552 62226
13988 4046 3834 6 10501 10498 61926 61923 62103 66597
13989 4046 3962 5 10498 10500 61985 61671 61670
13990 4215 3834 6 10499 10501 66385 66386 15588 15589
13991 2749 2936 6 10502 10503 141306 141309 141310 141346
13992 2749 2856 5 10503 10504 141265 140254 140253
13993 2844 2856 6 10504 10505 138229 116877 30138 30135
13994 2844 2936 4 10505 10502 141325 138228
13995 2844 2749 4 10502 10504 30090 30092
13996 2856 2936 8 10503 10505 59532 59531 60549 58859 58858 140155
13997 4052 4266 6 10506 10507 61731 60704 60705 60737
13998 4122 4266 4 10508 10506 59263 59057
13999 4422 4266 6 10507 10508 59004 59002 61642 61751
14000 3917 3983 8 10510 10511 60724 59588 59586 59890 61024 60152
14001 4073 3983 7 10511 10512 60105 59387 59386 59934 60066
14002 4073 3765 6 10512 10509 60012 60154 60153 60157
14003 4073 3917 3 10509 10511 60011
14004 3983 3765 5 10510 10512 60175 60142 60141
14005 3620 3470 6 10513 10514 66657 67100 66765 58362
14006 3620 3558 6 10514 10515 66500 58196 12472 12473
14007 3388 3558 4 10515 10516 62441 62443
14008 3558 3470 5 10514 10516 66662 66643 66644
14009 5708 5990 7 10517 10518 43504 43452 43453 49641 49848
14010 5840 5990 6 10518 10519 54316 54355 43423 43424
14011 4856 4900 4 10520 10521 75642 75164
14012 4856 5181 7 10521 10522 74797 74798 72560 72558 75641
14013 4957 5181 3 10522 10523 75010
14014 4957 4900 9 10523 10520 18851 18853 73657 75130 74934 74933 75009
14015 4957 4856 5 10520 10522 16114 16116 75165
14016 5181 4900 4 10521 10523 19087 19084
14017 3928 3815 5 10524 10525 81298 81306 81253
14018 3928 3840 5 10525 10526 78342 81233 81234
14019 3808 3840 4 10526 10527 75382 77988
14020 3808 3815 6 10527 10524 73084 73085 81084 75381
14021 3808 3928 5 10524 10526 15474 15476 81235
14022 3840 3815 6 10525 10527 73540 73542 80545 80544
14023 3281 3494 5 10528 10529 63854 63855 64076
14024 3281 3516 6 10529 10530 63612 63613 64082 64042
14025 3365 3516 6 10530 10531 63533 63532 62214 62216
14026 3365 3494 4 10531 10528 64036 63857
14027 3365 3281 4 10528 10530 64058 64057
14028 3516 3494 6 10529 10531 63856 64052 64071 64043
14029 1204 1102 8 10532 10533 114737 114735 126084 127398 127399 127444
14030 1204 1087 4 10533 10534 126045 126010
14031 1010 1087 7 10534 10535 127810 126075 126073 140854 126047
14032 1010 1102 5 10535 10532 125993 125992 127897
14033 1010 1204 3 10532 10534 126046
14034 1087 1102 5 10533 10535 127839 127838 126011
14035 4622 4980 4 10536 10537 65163 68409
14036 4622 4973 4 10537 10538 41208 41206
14037 4745 4973 6 10538 10539 62311 68189 14725 14728
14038 4745 4980 6 10539 10536 68234 67180 67179 62310
14039 4745 4622 8 10536 10538 68227 68226 68168 68167 68476 68475
14040 4973 4980 5 10537 10539 62309 10838 10835
14041 6872 6851 4 10542 10543 42523 42522
14042 6872 5971 5 10543 10540 41145 41822 43826
14043 6872 6493 6 10540 10542 42322 42319 42537 41144
14044 6851 5971 6 10541 10543 43824 41155 34359 34361
14045 5873 5757 3 10544 10545 17155
14046 5757 5727 9 10544 10546 16629 16631 87235 85741 85739 85620 70706
14047 6109 5995 6 10547 10548 11633 11634 51787 51177
14048 6109 5615 7 10548 10549 54263 11516 11514 51140 43021
14049 5966 5615 3 10549 10550 54194
14050 5966 5995 8 10550 10547 51179 43704 43703 54209 67083 54192
14051 5966 6109 5 10547 10549 54268 54269 51178
14052 6725 6820 6 10551 10552 49449 44275 44274 49341
14053 6725 7316 5 10552 10553 19049 19052 49397
14054 7373 6725 3 10551 10553 49342
14055 7301 7263 4 10555 10556 18262 18263
14056 7301 7393 7 10556 10557 16890 89868 87002 16368 16369
14057 7221 7393 5 10557 10558 52417 89562 16891
14058 7221 7263 4 10558 10555 52410 52409
14059 7393 7263 7 10556 10558 52416 87756 87755 89496 20603
14060 4958 4971 4 10559 10560 68754 68755
14061 5096 4971 8 10561 10559 50888 50887 68382 50105 50104 68487
14062 5011 4971 8 10560 10561 68800 68879 68943 68862 68861 68912
14063 6737 6540 5 10562 10563 86187 87343 55496
14064 6737 6766 5 10563 10564 89675 86920 86188
14065 6800 6766 3 10564 10565 88754
14066 6800 6540 6 10565 10562 55498 88558 89493 88753
14067 6800 6737 5 10562 10564 89686 70733 55497
14068 6766 6540 7 10563 10565 52369 52370 50713 50712 86189
14069 5518 5664 5 10566 10567 51184 51185 68041
14070 5518 5683 4 10567 10568 67903 67902
14071 5825 5683 7 10568 10569 17394 55830 55389 55391 68141
14072 5825 5664 5 10569 10566 55691 51689 17393
14073 5825 5518 6 10566 10568 11577 11576 57799 57801
14074 5683 5664 7 10567 10569 12957 12956 41284 41282 68732
14075 5738 5942 6 10571 10572 43069 19147 19148 50109
14076 5942 5668 7 10570 10572 50179 50178 65790 11377 11379
14077 4923 4984 7 10573 10574 60992 70287 70536 70537 70610
14078 4923 4928 6 10574 10575 70602 70423 70154 60993
14079 5271 4928 5 10575 10576 70412 70411 70589
14080 5271 4984 7 10576 10573 70605 70606 72060 70433 70432
14081 5271 4923 3 10573 10575 70601
14082 4928 4984 5 10574 10576 52120 52119 60994
14083 4030 4172 7 10577 10578 61468 61467 58126 58129 61578
14084 4030 4214 3 10578 10579 61728
14085 4212 4030 6 10577 10579 61727 62422 59993 59992
14086 6248 6405 4 10580 10581 87229 87218
14087 6248 6396 7 10581 10582 56088 56217 87103 87106 87230
14088 6240 6396 6 10582 10583 87062 87009 86385 56090
14089 6240 6405 5 10583 10580 87219 87239 87240
14090 6240 6248 5 10580 10582 56089 69274 72081
14091 6396 6405 5 10581 10583 86157 56369 56368
14092 3843 4152 7 10584 10585 63719 12757 12758 12797 64909
14093 3843 4000 3 10585 10586 63647
14094 3725 4000 7 10586 10587 11523 11524 11062 11063 63648
14095 3725 4152 3 10587 10584 12793
14096 6565 6550 6 10588 10589 48256 48257 49915 19142
14097 6565 6247 4 10589 10590 50247 50159
14098 6710 6247 4 10590 10591 19223 19224
14099 6710 6550 5 10591 10588 19144 91147 48447
14100 6710 6565 5 10588 10590 50249 48386 19143
14101 6247 6550 5 10589 10591 48448 77462 50160
14102 5731 5687 6 10593 10594 40742 57192 57193 12884
14103 6015 6077 6 10595 10592 54637 53597 51364 51366
14104 5687 6077 5 10593 10595 54533 54608 12885
14105 6247 6320 6 10596 10597 19224 50247 50097 50098
14106 6247 6950 7 10597 10598 50140 96432 77532 48448 19223
14107 6749 6950 5 10598 10599 48572 16375 16374
14108 6749 6320 6 10599 10596 50070 50069 48569 48570
14109 6950 6320 4 10597 10599 11512 11509
14110 6059 6320 10 10600 10601 19138 19139 44291 65768 50212 50099 50097 50248
14111 5541 5690 8 10602 10603 68066 55394 55393 67963 68055 67872
14112 5541 6022 4 10603 10604 51221 68068
14113 5766 5541 6 10602 10604 11588 11587 68071 67873
14114 11905 1604 4 10605 10606 120757 121603
14115 11905 11902 6 10606 10607 96300 96301 121789 120758
14116 11904 11902 3 10607 10608 121385
14117 11904 1604 6 10608 10605 96165 96166 121772 121384
14118 11904 11905 5 10605 10607 121522 121703 121604
14119 11902 1604 6 10606 10608 119162 109746 109745 120759
14120 3668 3921 8 10609 10610 57887 58340 41540 41541 57677 57906
14121 3668 3965 3 10610 10611 57888
14122 4569 3921 5 10612 10609 12484 12483 10945
14123 4569 3668 5 10609 10611 57820 57819 58987
14124 6753 7422 6 10613 10614 27487 32754 19105 19106
14125 7235 7422 4 10614 10615 32736 27488
14126 3506 3396 6 10618 10616 59160 59162 60740 60792
14127 3514 3396 5 10617 10618 60793 60797 60796
14128 3127 3412 5 10619 10620 28433 28434 14283
14129 3127 3457 4 10620 10621 14858 63223
14130 3200 3457 7 10621 10622 62241 63398 15782 15781 14859
14131 3200 3412 5 10622 10619 14284 11117 11116
14132 3200 3127 5 10619 10621 14857 136826 14282
14133 3457 3412 6 10620 10622 62113 11114 11113 63949
14134 7754 7586 7 10623 10624 99848 99911 93512 93513 100147
14135 7754 7594 5 10624 10625 99413 93092 93093
14136 7462 7594 7 10625 10626 20558 20560 20572 99627 99415
14137 7462 7586 4 10626 10623 100149 100231
14138 7462 7754 7 10623 10625 99414 100233 100497 100946 100148
14139 7594 7586 4 10624 10626 100077 99849
14140 9391 9135 9 10627 10628 20579 20580 22637 104812 106909 104492 104493
14141 9391 8859 6 10628 10629 107195 19071 19072 95204
14142 8451 9135 6 10630 10627 107201 107177 107175 106965
14143 8451 9391 3 10627 10629 107200
14144 8859 9135 4 10628 10630 106743 95205
14145 3878 3827 8 10631 10632 80071 80417 16141 16139 79939 80682
14146 3878 3872 3 10632 10633 79804
14147 4121 3827 3 10634 10631 80683
14148 4121 3878 8 10631 10633 79805 15269 15268 78970 76277 76276
14149 3872 3827 8 10632 10634 80684 80450 80098 63782 63784 80072
14150 3455 3647 5 10636 10637 63503 63504 63478
14151 3521 3455 5 10635 10637 63514 62079 62063
14152 4866 4699 5 10638 10639 71830 71831 68996
14153 4843 4699 6 10639 10640 15543 15544 73047 73049
14154 4699 5013 4 10638 10640 71978 68997
14155 3652 3633 5 10641 10642 60596 60471 10851
14156 3652 3570 5 10642 10643 60799 60800 60981
14157 3496 3570 7 10643 10644 60278 59825 59798 59797 60567
14158 3496 3633 5 10644 10641 10852 60276 60275
14159 3496 3652 6 10641 10643 59174 59176 60754 10850
14160 3570 3633 7 10642 10644 60277 60125 60104 60103 60983
14161 3858 3893 8 10645 10646 80064 79672 79674 80378 80507 80473
14162 3858 4280 7 10646 10647 80412 80474 80475 80519 80511
14163 3906 4280 6 10647 10648 75217 75218 14994 14991
14164 3906 3893 7 10648 10645 79039 79038 79265 79249 79063
14165 3906 3858 6 10645 10647 75992 75991 80438 80437
14166 4280 3893 4 10646 10648 79064 79246
14167 3517 3583 4 10649 10650 61076 61072
14168 3517 3626 5 10650 10651 61050 61079 61077
14169 3285 3626 5 10651 10652 59963 59964 60193
14170 3285 3583 5 10652 10649 60217 59073 59074
14171 3285 3517 7 10649 10651 60087 60089 60886 61032 61034
14172 4237 4327 8 10653 10654 62303 62304 63823 63826 15242 12701
14173 4237 4393 5 10654 10655 62299 64954 64953
14174 4451 4393 5 10655 10656 65134 64790 62301
14175 4451 4327 5 10656 10653 12089 12088 64900
14176 4451 4237 5 10653 10655 62300 65120 12702
14177 4393 4327 4 10654 10656 65133 65123
14178 1706 2604 6 10657 10658 48938 48936 28387 28385
14179 1706 2845 3 10658 10659 133939
14180 2379 2845 8 10659 10660 62740 133846 64467 64464 133527 133529
14181 2379 2604 4 10660 10657 134149 62739
14182 2379 1706 9 10657 10659 133940 134214 119877 25103 25105 121892 133986
14183 2845 2604 10 10658 10660 62738 133710 134092 133708 133707 133912 133778 133777
14184 1189 998 5 10661 10662 27530 27531 26629
14185 1189 974 4 10662 10663 129281 129200
14186 900 974 6 10663 10664 129094 129095 129171 129287
14187 900 998 5 10664 10661 26631 123408 123407
14188 900 1189 6 10661 10663 129286 129364 29226 26630
14189 974 998 6 10662 10664 121504 28681 28678 129201
14190 3782 3915 5 10665 10666 14959 59895 59893
14191 3782 3831 7 10666 10667 63787 79522 63718 63717 14960
14192 3973 3831 5 10667 10668 13677 14963 14962
14193 3973 3915 6 10668 10665 60038 60039 64145 13675
14194 3973 3782 5 10665 10667 63786 79496 64529
14195 3831 3915 5 10666 10668 13676 63494 14961
14196 4077 4152 3 10670 10671 63370
14197 4226 4152 7 10671 10672 67495 68774 28793 28792 60389
14198 4226 4100 3 10672 10669 67494
14199 4226 4077 7 10669 10671 63371 81620 81321 12839 12838
14200 3989 3882 7 10673 10674 66384 65787 28427 28428 58997
14201 3989 4215 6 10674 10675 66615 67111 66598 66385
14202 4097 4215 7 10675 10676 62403 62402 67610 67145 66616
14203 4097 3882 5 10676 10673 62365 62382 66624
14204 4097 3989 5 10673 10675 62265 48981 48983
14205 4215 3882 4 10674 10676 66845 66386
14206 4262 3889 3 10677 10678 10681
14207 4262 4045 5 10678 10679 61609 61876 61949
14208 4021 3889 8 10680 10677 10683 61918 62039 62979 61260 11485
14209 4021 4262 8 10677 10679 61492 11360 11359 61620 61984 10682
14210 4045 3889 7 10678 10680 11484 60386 60387 61285 61950
14211 4087 4262 7 10681 10682 60927 60926 61762 61760 61949
14212 4087 4021 3 10682 10683 61917
14213 3889 4087 7 10681 10683 61869 61868 62083 61979 61950
14214 4746 5127 6 10684 10685 69328 61471 61157 61160
14215 4746 4997 5 10685 10686 68722 69594 69329
14216 4936 4997 4 10686 10687 56125 56124
14217 4936 4746 6 10684 10686 68723 69158 69157 61474
14218 4997 5127 5 10685 10687 69491 69454 69330
14219 4249 4073 7 10688 10689 60082 69999 60075 59385 59386
14220 4126 4073 4 10690 10688 59934 60067
14221 4277 4073 5 10689 10690 60069 60071 60070
14222 3584 3841 5 10692 10693 59421 59422 60150
14223 3652 3841 4 10693 10694 60980 60800
14224 3652 3818 5 10694 10691 60107 60214 60978
14225 3841 3818 6 10692 10694 60984 60942 27408 27407
14226 3708 3963 6 10695 10696 71310 71311 81779 24240
14227 3708 3960 4 10696 10697 81807 80484
14228 3810 3960 8 10697 10698 61007 16040 16041 81773 71512 71510
14229 3810 3963 6 10698 10695 24242 82687 79707 61005
14230 3810 3708 8 10695 10697 81550 79918 79917 81258 81721 24241
14231 3960 3963 5 10696 10698 61006 71703 80485
14232 3311 3306 9 10699 10700 62856 66229 11450 11451 66506 62843 62823
14233 3382 3306 4 10701 10699 28843 28842
14234 3531 3647 7 10703 10704 63504 60743 60744 60435 60436
14235 3531 3677 4 10704 10702 11013 62953
14236 3531 3786 5 10702 10703 61012 61140 11012
14237 3668 3330 5 10705 10706 58715 58696 58340
14238 3668 3213 3 10706 10707 59045
14239 3624 3668 8 10705 10707 58650 57732 57731 57820 57888 57887
14240 3921 4389 6 10708 10709 58691 57905 57906 12484
14241 4608 4389 7 10709 10710 57871 57967 57977 58133 58134
14242 4389 4624 4 10708 10710 57870 12485
14243 2801 2987 5 10711 10712 118650 118652 119144
14244 2801 3026 5 10712 10713 115718 115716 120228
14245 3182 3026 6 10713 10714 78958 63869 63867 78700
14246 3182 2987 6 10714 10711 119016 119017 119022 118860
14247 3182 2801 4 10711 10713 119580 119154
14248 3026 2987 4 10712 10714 118861 120230
14249 4259 4188 3 10715 10716 82808
14250 4310 4259 6 10715 10717 82660 82763 82845 82866
14251 4454 4458 8 10718 10719 56680 30079 30080 59504 59505 69736
14252 4454 4617 4 10719 10720 57469 56679
14253 4711 4617 6 10720 10721 69735 57290 57293 57470
14254 4711 4458 3 10721 10718 69737
14255 4711 4454 7 10718 10720 57107 57108 57188 59490 69720
14256 4617 4458 7 10719 10721 69738 60032 57481 57480 56681
14257 3756 3277 6 10722 10723 64940 64938 64935 64926
14258 3756 3614 6 10723 10724 12105 12108 64268 64941
14259 3495 3614 6 10724 10725 63609 61457 61459 61934
14260 3495 3277 4 10725 10722 63487 63486
14261 3495 3756 4 10722 10724 11469 11471
14262 3111 11914 4 10726 10727 65958 25070
14263 3111 3079 5 10727 10728 133250 75511 75514
14264 3719 3079 5 10728 10729 64656 64658 134108
14265 3719 11914 8 10729 10726 25072 78669 78751 78753 78750 65946
14266 3719 3111 6 10726 10728 134105 134107 119962 25071
14267 3079 11914 6 10727 10729 65945 78567 78565 78279
14268 3509 3440 9 10730 10731 82540 82668 82486 82485 82945 83260 81868
14269 3509 3462 6 10731 10732 82903 82529 82532 82541
14270 3478 3462 9 10732 10733 59933 82445 82556 14830 14833 82000 82904
14271 3478 3440 6 10733 10730 81870 76208 76209 59931
14272 3478 3509 3 10730 10732 81869
14273 3462 3440 5 10731 10733 59932 81636 81634
14274 2393 2608 8 10734 10735 30224 28943 28944 131300 137313 137080
14275 2393 2660 4 10735 10736 11262 30225
14276 2464 2660 4 10736 10737 137014 11264
14277 2464 2608 4 10737 10734 137081 137013
14278 2464 2393 6 10734 10736 11263 30044 25035 25037
14279 2660 2608 4 10735 10737 137012 30226
14280 2236 2522 5 10738 10739 135067 29118 29104
14281 2519 2455 5 10740 10741 29663 27512 26877
14282 2519 2522 7 10741 10738 29105 135603 135602 28804 28802
14283 2519 2236 3 10738 10740 26876
14284 2455 2522 5 10739 10741 29662 136042 135068
14285 5363 5238 6 10742 10743 69155 51910 13652 13655
14286 5363 5395 6 10743 10744 69141 13041 11369 11368
14287 5432 5238 5 10745 10742 56114 56116 55770
14288 5432 5363 4 10742 10744 68008 68010
14289 5395 5238 5 10743 10745 55769 61423 61421
14290 7009 6872 4 10747 10748 42475 32302
14291 6562 6872 8 10748 10749 12316 42603 42537 42331 42329 42476
14292 6562 6903 4 10749 10746 42821 12314
14293 6562 7009 9 10746 10748 41913 41915 42665 42616 10793 10792 42404
14294 6872 6903 5 10747 10749 12315 43681 32303
14295 1511 1137 5 10750 10751 133365 133368 136564
14296 1511 1136 3 10751 10752 141665
14297 1314 1136 5 10752 10753 27770 138447 141666
14298 1314 1137 6 10753 10750 131483 131482 132653 27768
14299 1314 1511 11 10750 10752 138288 28939 28940 142709 138311 138309 138308 138230 136563
14300 1136 1137 6 10751 10753 27769 27869 27868 141689
14301 2023 2554 6 10754 10755 64287 64285 64305 133235
14302 2023 1670 4 10755 10756 133101 132344
14303 1755 1670 10 10756 10757 133211 64932 64934 34205 34207 66496 132527 132551
14304 1755 2554 4 10757 10754 66778 66777
14305 1755 2023 4 10754 10756 133248 133247
14306 1670 2554 5 10755 10757 133316 133164 132345
14307 9858 10138 7 10758 10759 133686 133687 150749 150752 150896
14308 10142 10138 9 10759 10760 149954 149643 149641 150308 34060 34058 48676
14309 10138 10042 3 10758 10760 150746
14310 4225 4208 5 10761 10762 61942 12674 12675
14311 4225 4303 8 10762 10763 61849 61850 61550 61551 60854 60856
14312 4084 4303 4 10763 10764 61848 61857
14313 4084 4208 5 10764 10761 12681 12678 61847
14314 4084 4225 4 10761 10763 59996 59998
14315 4303 4208 6 10762 10764 11880 11877 10862 10863
14316 2099 2282 4 10765 10766 134990 135043
14317 2099 2177 5 10766 10767 135331 135358 134991
14318 1888 2177 6 10767 10768 135206 135205 135923 135333
14319 1888 2282 6 10768 10765 132132 132134 135577 135315
14320 2177 2282 8 10766 10768 135316 119685 119687 120564 133181 133183
14321 3195 3029 5 10770 10771 79803 136382 79971
14322 3279 3029 7 10771 10772 23490 28677 60394 60413 60416
14323 3279 3073 4 10772 10769 60760 23489
14324 3279 3195 6 10769 10771 63323 63322 63362 61030
14325 3029 3073 6 10770 10772 23488 28663 135987 79972
14326 5513 5450 5 10773 10774 41266 41267 58610
14327 5513 5339 8 10774 10775 41862 40256 40257 57612 41795 41796
14328 5204 5339 7 10775 10776 57597 57600 57786 57834 57833
14329 5204 5513 4 10773 10775 57595 57596
14330 5339 5450 4 10774 10776 58030 58032
14331 3770 3596 4 10777 10778 64523 63892
14332 3770 3578 6 10778 10779 28016 28017 11855 11853
14333 3542 3578 7 10779 10780 61337 63720 63806 63895 64593
14334 3542 3596 7 10780 10777 63893 63657 63656 63714 61335
14335 3542 3770 5 10777 10779 11675 11677 11901
14336 3578 3596 4 10778 10780 61336 64524
14337 4566 4399 5 10783 10781 67604 12559 12558
14338 4566 4663 7 10781 10782 67066 67579 12132 12134 54546
14339 6268 6048 5 10784 10785 55010 53342 53340
14340 6268 6064 5 10785 10786 40044 40042 55104
14341 5985 6064 7 10786 10787 40937 40936 40920 40918 55056
14342 6028 6342 5 10789 10790 49905 49908 50072
14343 6361 6342 7 10790 10791 11915 19107 48707 48836 50025
14344 6361 6028 5 10788 10790 49910 49099 49101
14345 7009 7498 3 10793 10794 42572
14346 7311 6562 5 10795 10792 42405 43136 43514
14347 7498 6562 6 10793 10795 43529 11428 11430 42617
14348 3734 3879 7 10796 10797 62703 66699 66650 27194 27195
14349 3734 4101 4 10797 10798 12037 12038
14350 3795 4101 5 10798 10799 62605 43726 43728
14351 3795 3879 4 10799 10796 11481 11480
14352 3795 3734 7 10796 10798 66695 66694 30157 30156 66360
14353 4101 3879 8 10797 10799 58405 58403 66649 42918 42919 62704
14354 5931 5877 4 10800 10801 50980 12630
14355 5931 6107 5 10801 10802 51210 50562 50560
14356 6226 5877 6 10803 10800 12628 12629 50743 50733
14357 6226 5931 3 10800 10802 12631
14358 6107 5877 5 10801 10803 50732 51037 50981
14359 3281 3115 5 10804 10805 63946 28770 28771
14360 3281 3310 9 10805 10806 64016 64118 63614 63612 64058 63539 63537
14361 3142 3310 6 10806 10807 63024 63121 63119 63123
14362 3142 3115 5 10807 10804 63547 29673 29675
14363 3142 3281 4 10804 10806 63549 63546
14364 3310 3115 4 10805 10807 28643 28644
14365 2786 2919 6 10808 10809 135431 135429 136023 136024
14366 2786 2551 4 10809 10810 136022 135530
14367 2494 2551 8 10810 10811 135460 63208 63209 120755 135778 135779
14368 2494 2919 6 10811 10808 135983 120096 120097 120099
14369 2494 2786 5 10808 10810 136026 136252 136048
14370 2551 2919 6 10809 10811 63313 63315 120751 120753
14371 987 1148 8 10812 10813 26864 131511 131576 131575 130852 130853
14372 987 917 4 10813 10814 131229 26865
14373 1110 917 6 10814 10815 129853 129855 131366 131230
14374 1110 1148 4 10815 10812 29873 29875
14375 1110 987 5 10812 10814 29156 29155 137556
14376 917 1148 6 10813 10815 129897 129896 29401 26866
14377 7261 7458 7 10816 10817 19320 19318 96673 96672 96417
14378 7261 6970 6 10817 10818 96716 18190 18191 50453
14379 7082 6970 8 10818 10819 50038 96316 96677 94895 94894 96485
14380 7082 7458 7 10819 10816 96419 47712 47711 96854 50037
14381 7082 7261 4 10816 10818 96683 96418
14382 6970 7458 3 10817 10819 50036
14383 3548 3628 6 10820 10821 64323 64218 64216 64964
14384 3548 3596 7 10821 10822 64706 64105 63944 63945 64320
14385 3682 3596 5 10822 10823 63888 63890 64949
14386 3682 3628 7 10823 10820 64962 62222 62223 11078 11077
14387 3682 3548 3 10820 10822 64957
14388 3596 3628 5 10821 10823 64064 63616 63618
14389 904 1111 7 10824 10825 129100 129098 48700 48699 134648
14390 904 723 6 10825 10826 134751 133919 133918 134655
14391 1397 723 5 10826 10827 134185 134193 134633
14392 1397 1111 5 10827 10824 134650 134804 134184
14393 1397 904 4 10824 10826 134752 134649
14394 723 1111 8 10825 10827 25629 25626 121786 18903 18905 124032
14395 1255 1455 6 10828 10829 64463 64326 64327 131955
14396 861 1644 5 10830 10831 131097 131096 27990
14397 861 1455 9 10831 10828 133032 133487 133601 133647 133668 133611 133490
14398 861 1255 4 10828 10830 27989 133031
14399 1644 1455 5 10829 10831 133491 133495 130087
14400 628 861 9 10832 10833 131946 132069 133168 133239 133765 133616 133613
14401 750 861 6 10833 10834 130564 133487 132102 131947
14402 861 549 4 10832 10834 130562 133615
14403 4819 4980 5 10835 10836 65156 68408 65163
14404 4819 5258 5 10836 10837 13538 13539 65157
14405 4973 5258 6 10837 10838 67341 50876 50875 50898
14406 4973 4819 7 10835 10837 68441 65280 65132 41207 41206
14407 5258 4980 5 10836 10838 68246 68180 65158
14408 2736 2712 8 10839 10840 115472 114857 60178 60179 140695 140535
14409 2736 2945 4 10840 10841 79873 79876
14410 2866 2945 5 10841 10842 81755 115384 115015
14411 2866 2712 6 10842 10839 137411 115507 115504 81753
14412 2866 2736 5 10839 10841 115014 23581 23580
14413 2945 2712 5 10840 10842 81754 82398 82397
14414 5773 5624 5 10844 10845 49744 51073 51074
14415 5624 5780 5 10843 10845 49591 49589 51071
14416 1786 1585 3 10846 10847 136522
14417 1786 1888 7 10847 10848 24667 24665 136525 136432 136431
14418 1525 1888 4 10848 10849 135078 135080
14419 1525 1585 9 10849 10846 137568 137724 136520 132272 132271 135091 135093
14420 1525 1786 5 10846 10848 136371 135890 135889
14421 1888 1585 7 10847 10849 135095 135089 135087 134973 134972
14422 3652 3438 5 10850 10851 59694 59693 60340
14423 3496 3438 7 10852 10850 10895 10892 59608 59609 60671
14424 3633 3438 3 10851 10852 60472
14425 4504 4542 6 10853 10854 61557 61558 61651 68229
14426 4504 4491 8 10854 10855 48264 61562 61563 61573 61561 61559
14427 4693 4491 6 10855 10856 12288 68715 68460 48265
14428 4693 4542 9 10856 10853 61508 61509 61650 68589 69112 69529 12287
14429 4693 4504 4 10853 10855 48263 67867
14430 3731 3684 9 10857 10858 14952 14950 62120 61921 61029 61027 61039
14431 3731 3302 4 10858 10859 15771 15773
14432 3649 3302 6 10859 10860 59247 60191 60090 60088
14433 3649 3684 6 10860 10857 60723 58846 58847 59246
14434 3649 3731 7 10857 10859 60691 60325 60326 61025 61041
14435 3302 3684 6 10858 10860 58990 58992 63513 60176
14436 4385 4208 4 10861 10862 61548 61666
14437 4294 4208 7 10863 10861 61668 61915 61522 61521 61942
14438 4247 4262 6 10864 10865 59411 61319 62000 61620
14439 4247 4307 4 10865 10866 69080 59412
14440 4301 4307 5 10866 10867 59381 69443 69481
14441 4301 4262 5 10867 10864 11359 11358 59380
14442 4301 4247 7 10864 10866 69480 68950 61628 61619 61618
14443 4307 4262 5 10865 10867 59379 14846 14845
14444 7262 7350 3 10869 10870 52040
14445 7067 7418 5 10871 10868 17329 17330 35679
14446 7067 7262 6 10868 10870 50563 50565 55265 51915
14447 7350 7418 7 10869 10871 53365 53380 53399 52728 52478
14448 3278 3194 5 10872 10873 12214 58788 58554
14449 3204 3312 6 10874 10875 27627 27624 141742 58935
14450 3204 3278 3 10872 10874 58553
14451 3312 3194 4 10873 10875 11940 11939
14452 3843 3592 3 10877 10878 63814
14453 3635 3592 5 10878 10879 63306 63414 63413
14454 3635 3811 4 10879 10876 63130 63129
14455 3635 3843 6 10876 10878 63813 61315 61316 61338
14456 3592 3811 6 10877 10879 63071 62139 62136 63796
14457 3768 3699 5 10880 10881 12703 63452 78241
14458 3768 3687 7 10881 10882 79464 81630 78316 78317 12704
14459 3739 3687 5 10882 10883 63449 63447 79237
14460 3739 3699 8 10883 10880 78304 63689 63688 12953 12952 61355
14461 3739 3768 5 10880 10882 79465 81445 79463
14462 3687 3699 5 10881 10883 64754 14089 12705
14463 6485 6749 3 10887 10884 13950
14464 6485 6487 6 10884 10886 96458 77523 50231 13949
14465 7052 6749 8 10885 10887 19491 19490 48324 48326 48567 16375
14466 2885 2941 5 10888 10889 60459 140239 140284
14467 2885 3090 5 10889 10890 136873 136871 60460
14468 2896 3090 4 10890 10891 60365 60366
14469 2896 2941 5 10891 10888 136894 135504 135505
14470 2896 2885 6 10888 10890 136969 136498 136497 140335
14471 3090 2941 5 10889 10891 60508 60505 60461
14472 3474 3438 3 10892 10893 60670
14473 3496 3483 3 10894 10895 60754
14474 3496 3474 8 10892 10894 59176 59175 60358 59432 59431 60594
14475 3483 3438 6 10893 10895 60340 60341 60722 60721
14476 4498 4663 6 10896 10897 67073 67605 54546 54547
14477 4498 4320 7 10897 10898 67393 67394 67542 67044 67042
14478 4804 4498 4 10896 10898 54302 54304
14479 4150 4422 6 10901 10902 57333 61750 61749 58141
14480 4150 4523 5 10902 10899 12526 12528 57332
14481 4150 4212 5 10899 10901 12252 12251 61384
14482 4422 4523 8 10900 10902 57331 61703 59277 59279 67810 59223
14483 4595 4762 6 10903 10904 68214 68215 65285 65287
14484 4595 4745 4 10904 10905 67345 68476
14485 4879 4745 6 10905 10906 67180 12742 12745 65563
14486 4879 4762 5 10906 10903 68291 68144 68146
14487 4879 4595 5 10903 10905 67344 67347 67346
14488 4745 4762 4 10904 10906 68234 68475
14489 361 105 3 10907 10908 111282
14490 361 11870 7 10908 10909 24540 109448 108764 108762 122749
14491 229 11870 4 10909 10910 23658 24542
14492 229 105 7 10910 10907 24122 24124 109396 111000 23656
14493 229 361 8 10907 10909 24541 123197 23127 23124 77020 77019
14494 11870 105 8 10908 10910 23657 111199 111198 123092 124100 122750
14495 3351 3251 7 10911 10912 61385 63137 62041 59191 59192
14496 3351 3248 3 10912 10913 60609
14497 3521 3248 4 10913 10914 59292 60611
14498 3521 3251 5 10914 10911 59122 59119 59291
14499 3521 3351 11 10911 10913 60610 63514 62326 62101 29239 29240 60655 60561 60562
14500 4046 4036 5 10915 10916 61925 61926 61670
14501 4046 4058 8 10916 10917 67539 66610 66611 62167 61539 61537
14502 4208 4058 4 10917 10918 67134 67540
14503 4208 4036 7 10918 10915 61672 12679 12678 62110 67133
14504 4208 4046 6 10915 10917 67490 61915 61914 61671
14505 4058 4036 6 10916 10918 67132 61860 61377 61376
14506 3283 3272 8 10919 10920 66849 66866 62884 62883 43640 43641
14507 3283 4125 3 10920 10921 66848
14508 3943 3283 6 10919 10921 66859 60995 60997 62855
14509 1952 1788 5 10922 10923 11748 132041 119876
14510 1952 1295 4 10923 10924 132079 11747
14511 1706 1295 6 10924 10925 28215 134265 134260 134261
14512 1706 1788 4 10925 10922 25103 25102
14513 1706 1952 5 10922 10924 135630 135646 119877
14514 1295 1788 7 10923 10925 28214 135060 135062 133651 11749
14515 3821 3779 6 10926 10927 12091 12321 12322 48725
14516 3821 3669 6 10927 10928 66404 66600 62140 12092
14517 4047 3669 7 10928 10929 62768 28866 28865 66313 66391
14518 4047 3779 6 10929 10926 48727 64154 66079 62915
14519 4047 3821 5 10926 10928 66405 62924 48726
14520 3669 3779 5 10927 10929 62914 62276 12093
14521 3159 3123 6 10932 10933 58720 141735 30362 30361
14522 3159 3190 7 10933 10930 29954 29953 58960 29245 29246
14523 3159 3349 4 10930 10932 58052 58647
14524 3123 3190 4 10931 10933 58719 58721
14525 685 767 6 10934 10935 123800 111142 111143 124317
14526 685 463 4 10935 10936 123631 128755
14527 561 463 5 10936 10937 27251 27249 123633
14528 561 767 5 10937 10934 29617 29616 123630
14529 561 685 4 10934 10936 123632 126615
14530 463 767 5 10935 10937 127968 124190 124192
14531 769 330 4 10938 10939 131974 132729
14532 559 57 4 10940 10941 27287 132454
14533 559 330 6 10941 10938 132660 132658 132504 27286
14534 559 769 7 10938 10940 132051 131502 131501 132597 132599
14535 57 330 8 10939 10941 27285 132421 132423 133068 58580 58581
14536 3512 3289 4 10942 10943 58778 59484
14537 3511 3289 7 10943 10944 41425 41426 58687 58688 58727
14538 3289 3333 7 10942 10944 59339 59336 59651 59652 59854
14539 3921 4019 6 10945 10946 58108 57208 57209 59071
14540 3965 4019 6 10946 10947 58068 12148 12147 58484
14541 4019 4569 3 10945 10947 58165
14542 4562 3822 6 58690 40508 40509 10950 10951 -1
14543 4562 3233 4 10951 10948 59026 -1
14544 4562 3561 5 10948 10950 59348 30027 30026
14545 3822 3233 4 59735 10949 10951 -1
14546 3249 3151 6 10952 10953 60582 60580 60569 60568
14547 3246 3321 6 10954 10955 59464 59333 59334 59582
14548 3246 3151 6 10955 10952 59618 59620 59548 59463
14549 3246 3249 5 10952 10954 29069 29070 29550
14550 3321 3151 4 10953 10955 59462 59733
14551 4270 4423 5 10956 10957 59327 59324 59082
14552 4562 3892 9 10958 10959 58875 58874 58872 58840 58842 59348 40509
14553 4562 4423 6 10959 10956 59070 59069 59158 59144
14554 4562 4270 5 10956 10958 40508 57357 57358
14555 3892 4423 5 10957 10959 59143 57943 57941
14556 2056 1883 6 10960 10961 126870 141399 141412 141772
14557 1720 2055 6 10962 10963 30343 30341 58497 138062
14558 1720 1883 4 10963 10960 141719 139382
14559 1720 2056 4 10960 10962 140749 141779
14560 2055 1883 5 10961 10963 139383 58814 58816
14561 3312 3545 7 10964 10965 59116 11941 11940 27627 27625
14562 4649 6687 5 10966 10967 58354 58353 58591
14563 6309 6687 7 10967 10968 33669 34164 42250 41726 41727
14564 6687 8288 8 10966 10968 33668 42478 41848 41846 41808 41806
14565 3321 3404 7 10969 10970 59334 29909 29908 59433 59413
14566 3527 3404 5 10972 10969 59415 60688 59347
14567 3527 3321 5 10969 10971 58467 59799 59414
14568 3418 3404 6 10970 10972 59007 59005 59401 59335
14569 5225 5525 5 10973 10974 58166 58618 58310
14570 5225 5450 7 10974 10975 56586 56584 58399 28926 28927
14571 4726 5225 7 10973 10975 58313 58624 58619 58561 58311
14572 3505 3680 4 10976 10977 62838 62836
14573 3632 3680 7 10978 10976 63535 62218 11136 11135 61526
14574 3531 3680 7 10977 10978 61138 61140 63525 62085 62084
14575 4038 4027 4 10979 10980 75285 75497
14576 4038 4111 5 10980 10981 15176 15174 75286
14577 4120 4111 4 10981 10982 78030 75295
14578 4120 4027 7 10982 10979 76226 79078 77230 77232 78002
14579 4120 4038 7 10979 10981 74703 13485 13484 76150 76225
14580 4111 4027 5 10980 10982 78029 13557 13555
14581 5262 5277 5 10983 10984 12298 67699 67400
14582 5262 5113 9 10984 10985 41364 41424 57537 57295 57215 57125 12299
14583 5334 5113 4 10985 10986 57752 41365
14584 5334 5277 4 10986 10983 67362 57751
14585 5334 5262 5 10983 10985 12546 12545 67401
14586 5113 5277 6 10984 10986 57750 57749 61602 12300
14587 4031 4381 4 10987 10988 12356 14582
14588 4031 4497 5 10988 10989 65138 63570 12357
14589 4359 4497 5 10989 10990 65217 65054 65056
14590 4497 4381 7 10988 10990 65216 66232 28873 28872 12358
14591 2839 2890 6 10991 10992 116167 115289 115290 115425
14592 2839 2668 8 10992 10993 115919 115920 82528 80210 80213 114038
14593 2797 2668 6 10993 10994 113674 113677 82489 82487
14594 2797 2890 5 10994 10991 115427 14985 14984
14595 2797 2839 3 10991 10993 115426
14596 2668 2890 4 10992 10994 112750 112749
14597 3378 3200 5 10995 10996 63398 63399 63400
14598 3378 3532 7 10996 10997 61133 61134 61333 62764 63226
14599 3379 3532 6 10997 10998 11118 63864 79558 79791
14600 3379 3200 6 10998 10995 63276 24514 24512 11117
14601 3379 3378 4 10995 10997 62158 62159
14602 3532 3200 4 10996 10998 11116 62241
14603 1468 1751 6 10999 11000 133569 132198 30253 30252
14604 1468 1481 6 11000 11001 133645 133621 133571 133572
14605 1626 1481 5 11001 11002 132246 131099 131098
14606 1626 1751 8 11002 10999 132609 132752 133433 133434 133258 133209
14607 1626 1468 4 10999 11001 133588 132608
14608 1481 1751 4 11000 11002 133204 133206
14609 4306 4159 7 11003 11004 13927 13928 76310 75801 75667
14610 4306 4335 6 11004 11005 76437 76442 76037 76035
14611 4299 4335 7 11005 11006 75656 75655 75170 75172 75680
14612 4299 4159 3 11006 11003 75669
14613 4299 4306 9 11003 11005 76438 76441 75673 75672 75872 75854 75668
14614 4335 4159 8 11004 11006 75799 75849 75821 75820 75827 76380
14615 3166 3122 4 11007 11008 15793 82046
14616 3166 3078 5 11008 11009 79087 79088 15794
14617 3032 3078 5 11009 11010 115360 115361 81899
14618 3032 3122 6 11010 11007 82160 118644 118646 116098
14619 3032 3166 6 11007 11009 75112 75111 79913 81607
14620 3078 3122 5 11008 11010 115346 80161 15795
14621 3657 3786 5 11011 11012 61139 62228 61397
14622 3657 3531 5 11012 11013 15752 15753 61138
14623 3677 3657 6 11011 11013 61518 61519 60770 60772
14624 8752 8268 4 11015 11016 84268 76053
14625 8034 7894 6 11017 11014 101046 94396 21216 21218
14626 8034 8752 7 11014 11016 84269 84252 84254 101049 101050
14627 8268 7894 5 11015 11017 94395 100983 76054
14628 2103 1732 5 11018 11019 119620 26124 26125
14629 2103 1730 4 11019 11020 79979 79982
14630 2060 1730 4 11020 11021 28751 28750
14631 2060 1732 6 11021 11018 117428 117400 117399 117469
14632 2060 2103 8 11018 11020 119592 119593 119641 16112 16111 117427
14633 1730 1732 7 11019 11021 119300 119299 117063 117064 117410
14634 2934 3341 4 11022 11023 63379 134450
14635 2934 3153 5 11023 11024 135574 135272 63380
14636 3229 3153 7 11024 11025 63363 11837 11839 64332 135561
14637 3229 2934 5 11022 11024 135573 135360 134451
14638 4188 4367 4 11026 11027 82757 80291
14639 4367 4403 6 11026 11028 13426 13425 56248 56249
14640 4059 3963 6 11029 11030 69215 69217 81642 71703
14641 4059 4293 7 11030 11031 29844 29842 80941 81144 81143
14642 4098 4293 8 11031 11032 81562 82811 81227 81225 81081 70470
14643 4098 3963 6 11032 11029 61006 61005 79708 81561
14644 4098 4059 4 11029 11031 70469 71704
14645 4293 3963 3 11030 11032 81560
14646 3542 3393 7 11033 11034 63743 63720 63721 63714 11672
14647 3644 3393 3 11035 11033 11674
14648 3208 3393 7 11034 11035 63928 60410 60409 63602 63604
14649 5956 5958 7 11036 11037 43271 43272 54375 51285 51284
14650 5956 6338 6 11037 11038 54318 51119 51120 54271
14651 6464 6338 5 11038 11039 53807 53809 54291
14652 6464 5958 5 11039 11036 54367 54224 54190
14653 6464 5956 6 11036 11038 54321 54287 54286 54366
14654 6338 5958 6 11037 11039 54191 54358 54349 54319
14655 3155 3108 7 11040 11041 78702 78134 78133 78859 78858
14656 3155 3323 5 11041 11042 78931 78745 78703
14657 3214 3323 6 11042 11043 78601 78925 11733 11734
14658 3214 3108 6 11043 11040 120267 14648 14649 76389
14659 3214 3155 7 11040 11042 78930 78993 79044 120219 120271
14660 3323 3108 5 11041 11043 76339 76341 78704
14661 4398 4211 5 11044 11045 81339 61346 61344
14662 4398 4226 6 11045 11046 81618 81321 79270 79271
14663 4103 4226 7 11046 11047 61264 60390 60389 63371 81619
14664 4103 4398 4 11044 11046 71761 71763
14665 4226 4211 4 11045 11047 61234 61232
14666 3046 3227 6 11048 11049 79273 79274 79430 24822
14667 3046 3297 3 11049 11050 79649
14668 3192 3227 5 11051 11048 24823 79482 14087
14669 3192 3046 6 11048 11050 79476 23683 23682 24821
14670 3297 3227 9 11049 11051 14088 79225 79211 79212 79475 119722 79650
14671 4418 4233 6 11052 11053 80576 80677 80620 80420
14672 4418 4477 4 11053 11054 75429 79139
14673 4620 4233 3 11055 11052 75296
14674 4620 4418 6 11052 11054 75430 16453 16452 80421
14675 4477 4233 6 11053 11055 75297 80703 80343 80342
14676 3212 3322 4 11057 11058 60136 60139
14677 3501 3322 8 11058 11059 82180 80531 80530 79317 79318 81661
14678 3501 3124 4 11059 11056 81200 82179
14679 3501 3212 6 11056 11058 81660 81914 15900 15902
14680 3322 3124 6 11057 11059 82173 81883 81881 79850
14681 3730 3915 8 11060 11061 49978 49977 64676 63778 14959 14961
14682 3730 4000 3 11061 11062 61323
14683 3725 3915 3 11063 11060 63494
14684 3725 3730 5 11060 11062 63374 63375 63493
14685 4000 3915 8 11061 11063 13676 13675 64517 64604 64711 61324
14686 4874 4895 8 11064 11065 68547 68864 68866 68873 68868 68869
14687 4874 5048 5 11065 11066 63582 72494 68548
14688 4955 5048 5 11066 11067 61433 68655 63583
14689 4955 4895 6 11067 11064 68685 68684 68704 61432
14690 4955 4874 4 11064 11066 51899 51901
14691 3499 3541 9 11068 11069 76891 78533 79434 79321 25793 25794 79349
14692 3499 3542 4 11069 11070 78691 76892
14693 3661 3541 3 11071 11068 64531
14694 3542 3541 6 11069 11071 64530 63895 63894 63904
14695 3752 3906 9 11072 11073 75496 76188 76187 80437 79039 79040 78110
14696 3752 4027 6 11073 11074 78081 79079 76226 75497
14697 4024 4027 6 11074 11075 13557 78003 77232 77229
14698 4024 3906 6 11075 11072 78111 79249 14800 13556
14699 4024 3752 3 11072 11074 78080
14700 4027 3906 4 11073 11075 13555 75285
14701 3628 3688 5 11076 11077 64064 64090 11251
14702 3640 3682 4 11078 11079 61327 63301
14703 3640 3688 5 11079 11076 11253 63761 61325
14704 3640 3628 6 11076 11078 63300 64139 63597 11252
14705 3682 3688 6 11077 11079 61326 64838 63891 63888
14706 2760 3027 4 11080 11081 25639 134304
14707 2760 3153 4 11081 11082 63915 25640
14708 2379 3153 6 11082 11083 25285 134114 135272 135576
14709 2379 3027 6 11083 11080 64466 64467 133872 25284
14710 2379 2760 6 11080 11082 133506 133508 117966 117965
14711 3153 3027 6 11081 11083 25283 66083 65841 25641
14712 2971 2523 4 11084 11085 141286 141841
14713 2971 2409 7 11085 11086 142032 142027 58658 58656 141285
14714 2656 2409 7 11086 11087 142139 142141 115576 115577 142034
14715 2656 2523 4 11087 11084 142082 142138
14716 2656 2971 7 11084 11086 142033 142037 142024 142025 142080
14717 2409 2523 5 11085 11087 142137 141289 141287
14718 2968 3119 6 11088 11089 135548 135984 119763 119764
14719 2968 3297 4 11089 11090 135579 135549
14720 3138 3297 5 11090 11091 78902 78903 120056
14721 3138 3119 5 11091 11088 60701 60700 79432
14722 3138 2968 6 11088 11090 135988 27204 27205 119772
14723 3434 3174 3 11092 11093 63939
14724 3434 3326 8 11093 11094 63617 63615 63927 28832 28831 63579
14725 3393 3326 4 11094 11095 28550 63724
14726 3393 3174 6 11095 11092 63940 64060 63925 28548
14727 3393 3434 7 11092 11094 63938 61903 61902 63568 63619
14728 3326 3174 7 11093 11095 28549 28569 62803 28845 28847
14729 3792 3780 4 11096 11097 78108 73170
14730 3991 3895 4 11098 11099 78059 78481
14731 3991 3780 5 11099 11096 73172 74460 78058
14732 3991 3792 7 11096 11098 78376 78377 63919 63920 73171
14733 3895 3780 5 11097 11099 77880 77879 78109
14734 4261 4620 6 11100 11101 75267 16466 16468 73484
14735 4261 4679 5 11101 11102 15512 74915 74917
14736 4775 4679 11 11102 11103 16051 16052 73636 73637 13955 13956 74660 75042 15513
14737 4775 4620 7 11103 11100 75134 75131 12401 12402 72915
14738 4775 4261 3 11100 11102 15511
14739 4679 4620 3 11101 11103 72916
14740 4001 4137 6 11105 11106 61220 78482 78485 63388
14741 4123 4137 3 11106 11107 61222
14742 4123 4201 4 11107 11104 78349 75319
14743 4123 4001 6 11104 11106 61221 78396 78437 78400
14744 4137 4201 6 11105 11107 75318 78061 72892 63389
14745 3721 3427 5 11108 11109 77785 79610 75346
14746 3721 3428 8 11109 11110 24865 13326 13329 79680 78174 77786
14747 3403 3428 8 11110 11111 77588 77589 80076 80075 77974 77975
14748 3403 3427 6 11111 11108 24281 24279 74918 74919
14749 3403 3721 3 11108 11110 75347
14750 3428 3427 4 11109 11111 78028 77787
14751 3630 3457 4 11114 11115 63150 62114
14752 3630 3644 7 11115 11112 63655 63391 63390 63420 63148
14753 3630 3412 7 11112 11114 62112 63863 78599 78600 63654
14754 3457 3644 4 11113 11115 63149 63811
14755 3412 3379 6 11117 11118 63863 79437 24159 24158
14756 3532 3412 4 11116 11118 62112 62113
14757 3717 3872 8 11119 11120 80194 79149 16449 15738 15739 80487
14758 3717 3692 5 11120 11121 74687 75250 75360
14759 3757 3692 5 11121 11122 79642 79643 74688
14760 3757 3872 4 11122 11119 80353 80324
14761 3757 3717 5 11119 11121 17139 17136 80151
14762 3692 3872 5 11120 11122 80325 80422 80451
14763 1447 1537 7 11123 11124 116309 118301 122950 118289 118290
14764 1447 2059 4 11124 11125 118040 116310
14765 1299 2059 4 11125 11126 113876 113877
14766 1299 1537 5 11126 11123 81859 22126 22128
14767 1299 1447 5 11123 11125 117961 117960 118292
14768 2059 1537 6 11124 11126 118041 118396 118246 116311
14769 2949 2914 6 11127 11128 135938 58943 58944 136527
14770 2949 2959 5 11128 11129 66520 66521 135939
14771 3054 2959 4 11129 11130 63069 137103
14772 3054 2914 3 11130 11127 63068
14773 3054 2949 7 11127 11129 137102 137156 135859 62598 62596
14774 2959 2914 5 11128 11130 63067 137059 135940
14775 3775 3982 7 11132 11133 11900 64140 28424 28422 61775
14776 3775 3745 4 11133 11131 14429 11898
14777 3775 3896 4 11131 11132 60612 14428
14778 3680 3837 8 11134 11135 62227 61093 61094 63402 63229 12180
14779 3811 3632 6 11136 11137 11493 63070 62139 62137
14780 3811 3680 3 11134 11136 12181
14781 3632 3837 3 11135 11137 11492
14782 5089 5268 7 11138 11139 61426 64574 64572 63561 63562
14783 5179 5268 8 11140 11138 72379 50891 17355 17354 70866 70865
14784 5048 5268 5 11139 11140 72385 72429 61428
14785 8258 8175 9 11141 11142 49269 44729 44730 49275 49020 46137 46135
14786 7541 8175 8 11142 11143 46451 46452 49367 48985 48986 49270
14787 8175 8164 4 11141 11143 49044 49374
14788 4043 3989 6 11144 11145 63635 63633 65786 28427
14789 3598 3989 3 11146 11144 28428
14790 3799 3989 5 11145 11146 58997 48983 48982
14791 4460 4465 6 11147 11148 66207 66208 42733 42736
14792 4460 4480 5 11148 11149 42412 58017 66743
14793 4125 4460 5 11147 11149 42411 67067 64347
14794 7730 8012 5 11151 11152 96047 77321 77323
14795 8353 8012 4 11152 11153 106457 96048
14796 8353 8960 5 11153 11150 25661 106378 106456
14797 8353 7730 7 11150 11152 95575 95576 108892 105946 25660
14798 8012 8960 4 11151 11153 22225 22227
14799 6610 6536 6 11154 11155 49714 49076 49079 49610
14800 6610 6346 5 11155 11156 44236 44234 49097
14801 6009 6610 4 11154 11156 43332 43331
14802 3486 3229 6 11158 11159 11838 11839 64334 64374
14803 3486 3612 4 11159 11157 32380 32377
14804 3486 3548 6 11157 11158 64436 64372 28567 28566
14805 2708 2792 6 11160 11161 132319 132802 132803 132678
14806 2238 2796 3 11162 11163 62687
14807 2238 2792 7 11163 11160 132680 132086 132085 132470 62685
14808 2238 2708 7 11160 11162 135757 134976 28859 28856 132679
14809 2796 2792 5 11161 11163 62686 133395 132321
14810 3670 3569 5 11164 11165 81155 59906 59907
14811 3670 3737 4 11165 11166 15390 15391
14812 3772 3737 6 11166 11167 12730 59254 61064 81654
14813 3772 3569 5 11167 11164 14851 14852 12728
14814 3772 3670 7 11164 11166 80903 41302 41303 59391 59390
14815 3737 3569 7 11165 11167 12729 61080 60112 60111 81156
14816 3381 3371 6 11168 11169 29207 29208 62321 61734
14817 3381 3275 4 11169 11170 59098 59099
14818 3332 3275 4 11170 11171 62800 61535
14819 3332 3371 5 11171 11168 61735 62942 62941
14820 3332 3381 4 11168 11170 61534 61733
14821 3275 3371 7 11169 11171 62733 62732 63081 63078 62779
14822 2003 2275 7 11173 11174 120595 120598 135920 135919 64469
14823 2003 2551 5 11174 11172 64000 64001 135386
14824 2003 2066 6 11172 11173 64357 64356 64481 135515
14825 2954 2928 4 11175 11176 133387 64241
14826 2954 3006 8 11176 11177 135591 135754 133426 133429 135626 133906
14827 3019 3006 5 11177 11178 63018 63019 64031
14828 3019 2928 8 11178 11175 62754 62756 133537 133539 133901 133425
14829 3019 2954 4 11175 11177 28054 28053
14830 3006 2928 3 11176 11178 133424
14831 872 757 4 11179 11180 27700 27703
14832 872 1109 8 11180 11181 132008 64260 64258 132432 129976 129977
14833 829 1109 8 11181 11182 126589 134843 131587 131589 131706 131709
14834 829 757 5 11182 11179 33510 33511 126588
14835 829 872 3 11179 11181 131606
14836 1109 757 4 11180 11182 23131 23128
14837 3090 3313 4 11183 11184 28706 19927
14838 3090 3222 6 11184 11185 60393 140352 63141 63142
14839 3279 3313 6 11186 11183 19929 28703 57517 15445
14840 3279 3090 4 11183 11185 28677 19928
14841 3222 3313 7 11184 11186 15444 61368 60552 60553 63228
14842 4387 4479 6 11187 11188 67510 62431 62432 57796
14843 4387 4608 4 11188 11189 62295 67207
14844 4106 4608 8 11189 11190 61547 61812 61822 61808 61806 61809
14845 4106 4387 7 11187 11189 62294 67059 67058 67609 57797
14846 4608 4479 5 11188 11190 61546 12376 12373
14847 4262 4542 4 11191 11192 61035 61478
14848 4262 4424 6 11192 11193 61223 59380 59379 61036
14849 4491 4262 5 11191 11193 61531 59135 59134
14850 806 559 6 11194 11195 131502 131503 27639 27640
14851 806 196 5 11195 11196 131339 131337 132050
14852 539 196 8 11196 11197 29253 28118 28121 131865 131994 131967
14853 539 559 7 11197 11194 131883 132118 131968 131869 29251
14854 539 806 3 11194 11196 131882
14855 196 559 8 11195 11197 29252 131336 131901 132489 132454 132051
14856 3334 3345 7 11198 11199 62529 59711 59712 62573 61953
14857 3334 3536 5 11199 11200 61889 61890 62448
14858 3521 3536 6 11200 11201 60669 61952 61981 62037
14859 3521 3345 5 11201 11198 29240 29022 29024
14860 3521 3334 6 11198 11200 61736 61738 60657 60655
14861 3536 3345 6 11199 11201 60668 62541 59093 59095
14862 3759 3719 6 11202 11203 77064 77065 78750 63978
14863 3759 4131 3 11203 11204 77094
14864 4114 4131 7 11204 11205 14391 14392 77207 77160 77095
14865 4114 3719 4 11205 11202 63979 64536
14866 4114 3759 8 11202 11204 77093 25356 25357 77112 77122 63977
14867 4131 3719 7 11203 11205 64535 65359 65962 65961 77124
14868 3890 4150 4 11206 11207 60969 61874
14869 3890 3897 6 11207 11208 59040 59038 61744 60970
14870 4262 3897 5 11208 11209 61320 61319 61318
14871 4262 4150 6 11209 11206 61762 61763 61419 61420
14872 4262 3890 4 11206 11208 60924 60926
14873 7239 11926 6 11211 11212 11885 19419 48566 19120
14874 8074 7926 6 11213 11210 47647 96450 22206 22208
14875 11926 7926 6 11211 11213 27068 27067 22141 19121
14876 759 677 4 11214 11215 123258 123494
14877 759 679 4 11215 11216 123361 123257
14878 733 679 6 11216 11217 109298 109299 121461 121460
14879 733 677 6 11217 11214 123493 108992 108991 122579
14880 733 759 5 11214 11216 123281 121222 121221
14881 679 677 5 11215 11217 109362 109364 123222
14882 4301 4424 6 11218 11219 60013 69445 59381 59380
14883 4301 4421 4 11219 11220 61244 60014
14884 4239 4421 6 11220 11221 60174 60173 61164 61424
14885 4239 4424 5 11221 11218 61223 61445 61446
14886 4239 4301 5 11218 11220 12183 11361 11358
14887 4421 4424 6 11219 11221 61447 61199 61198 60015
14888 11900 1026 3 11222 11223 66039
14889 11900 1277 8 11223 11224 48934 133987 135508 135140 129054 66038
14890 1448 1277 4 11224 11225 77111 48935
14891 1448 1026 9 11225 11222 64554 64553 133878 32196 32198 133675 77110
14892 1448 11900 7 11222 11224 28386 28388 134143 48252 48250
14893 1277 1026 5 11223 11225 77109 121917 66040
14894 3230 3092 3 11227 11228 63245
14895 3058 3092 8 11228 11229 63620 63987 135516 135544 135905 63246
14896 3058 3434 6 11229 11226 63578 63579 63939 63619
14897 3058 3230 5 11226 11228 28854 28853 63564
14898 3092 3434 4 11227 11229 63568 63567
14899 4088 3982 7 11231 11232 11864 11866 11959 11960 43476
14900 4088 4051 5 11232 11230 62135 49749 49750
14901 4088 4078 7 11230 11231 64416 64722 64402 64401 64413
14902 6707 6350 5 11234 11235 51341 51342 55741
14903 6467 6707 6 11233 11235 17256 17257 17715 51660
14904 193 349 4 11236 11237 126350 126353
14905 349 506 5 11236 11238 127723 123762 123761
14906 1790 1568 6 11239 11240 142311 142312 142582 142391
14907 1790 1612 9 11240 11241 142702 34451 34452 132887 142674 142755 142363
14908 1748 1612 9 11241 11242 142109 141727 141723 30095 30094 30342 142088
14909 1748 1568 7 11242 11239 59830 59832 142997 58754 58751
14910 1748 1790 3 11239 11241 142392
14911 1612 1568 3 11240 11242 142108
14912 806 1157 4 11243 11244 30368 34142
14913 806 1009 5 11244 11245 25417 25418 30367
14914 814 1009 4 11245 11246 132407 28147
14915 814 1157 7 11246 11243 42900 132926 132097 132096 132410
14916 814 806 7 11243 11245 27638 27640 131882 131339 42899
14917 1009 1157 7 11244 11246 132409 132392 132390 132389 30369
14918 3248 3099 3 11247 11248 15669
14919 2977 3302 3 11249 11250 15319
14920 2977 3099 9 11250 11247 29066 119008 139999 60302 60301 115688 15317
14921 3609 3688 6 11253 11251 64092 63906 63124 63126
14922 3609 3628 3 11251 11252 63596
14923 4606 4425 4 11254 11255 14666 64797
14924 4606 11918 7 11255 11256 25355 77157 76466 50132 14667
14925 4114 11918 4 11256 11257 65596 25357
14926 4114 4606 6 11254 11256 25356 77126 77160 77030
14927 11918 4425 5 11255 11257 65595 77158 14668
14928 3269 3009 9 11258 11259 62916 62818 62819 27991 27994 58110 66572
14929 3269 3534 4 11259 11260 62749 62752
14930 3475 3534 6 11260 11261 61824 61823 62275 66514
14931 3475 3009 3 11261 11258 66557
14932 3475 3269 7 11258 11260 66513 65090 65092 66370 66574
14933 3534 3009 6 11259 11261 66558 66567 66568 62917
14934 2393 2596 7 11262 11263 30048 30050 141874 64096 43041
14935 2660 2596 6 11264 11262 43042 137136 137179 137399
14936 2464 2596 6 11263 11264 137400 29726 29026 29027
14937 4381 4129 6 11265 11266 14582 65052 67240 67227
14938 4381 3946 5 11266 11267 67201 12358 12356
14939 4272 3946 7 11267 11268 61776 61779 65110 65098 65099
14940 4272 4129 5 11268 11265 67228 28437 28439
14941 4272 4381 6 11265 11267 66325 64263 64262 66491
14942 3946 4129 5 11266 11268 66622 65049 14583
14943 3580 3667 9 11269 11270 73114 79585 63461 63462 63840 63407 63408
14944 3580 3642 6 11270 11271 79504 79503 79506 73113
14945 3687 3642 7 11271 11272 81288 79792 78476 78477 79537
14946 3687 3667 4 11272 11269 63469 81627
14947 3687 3580 6 11269 11271 63454 63448 63447 63468
14948 3642 3667 4 11270 11272 81626 73115
14949 10599 11337 6 11273 11274 151222 151195 151109 151110
14950 10599 8782 7 11274 11275 151239 151240 151295 151167 151168
14951 10646 8782 6 11275 11276 151201 150565 33605 33604
14952 10646 11337 5 11276 11273 151196 150778 150777
14953 10646 10599 6 11273 11275 134019 134018 150225 150819
14954 8782 11337 4 11274 11276 133276 133277
14955 2648 2663 7 11277 11278 62992 62993 132531 11810 11811
14956 2648 2383 3 11278 11279 137084
14957 2395 2383 8 11279 11280 135873 135872 135876 136345 64226 64225
14958 2395 2663 3 11280 11277 137082
14959 2395 2648 6 11277 11279 137085 137083 135795 135797
14960 2383 2663 6 11278 11280 137113 137112 137123 137088
14961 6351 5875 4 11282 11283 17233 50911
14962 5875 6161 5 11281 11283 17232 17875 17874
14963 3941 3916 7 11285 11286 12293 61928 61858 61859 67176
14964 3916 3806 5 11284 11286 11548 11550 62192
14965 4081 4094 4 11287 11288 12206 12207
14966 4081 4011 6 11288 11289 62091 61910 60962 12819
14967 4084 4011 3 11289 11290 61884
14968 4084 4094 6 11290 11287 61848 61847 62111 61883
14969 4084 4081 7 11287 11289 61827 61767 59997 59996 61857
14970 3977 3762 6 11291 11292 60186 60059 60060 60606
14971 3977 3811 3 11292 11293 60185
14972 4011 3762 3 11294 11291 60342
14973 3811 3762 10 11292 11294 12182 12181 62137 62136 59256 59258 12260 12259
14974 3494 3601 5 11295 11296 29747 63858 63540
14975 3592 3640 3 11297 11298 63810
14976 3592 3601 7 11298 11295 63411 63413 63814 63796 63795
14977 3592 3494 7 11295 11297 64051 63856 63857 64037 63541
14978 3640 3601 4 11296 11298 62170 29748
14979 4452 4714 5 11299 11300 62761 34867 34865
14980 4658 4714 4 11300 11301 65471 62763
14981 4714 5072 7 11299 11301 65470 34175 34177 67089 67303
14982 5209 5105 8 11302 11303 71815 71816 71854 70817 70788 70789
14983 5209 4920 4 11303 11304 71757 72094
14984 5085 4920 6 11304 11305 70663 70664 17358 17359
14985 5085 5105 5 11305 11302 71772 61408 61407
14986 5085 5209 6 11302 11304 71756 72149 72138 72135
14987 4920 5105 7 11303 11305 71856 71792 71794 72065 72066
14988 3564 3361 6 11306 11307 30158 30160 59341 59615
14989 3564 3418 5 11307 11308 59005 12517 12515
14990 3572 3361 4 11309 11306 59539 57672
14991 3572 3564 6 11306 11308 59006 59357 59628 59616
14992 3418 3361 4 11307 11309 57180 57178
14993 11537 11532 6 11310 11311 30679 111163 111221 24453
14994 11537 11380 3 11311 11312 30680
14995 11444 11532 6 11313 11310 24455 110871 111096 110892
14996 11444 11537 5 11310 11312 30639 30638 24454
14997 11380 11532 8 11311 11313 110183 110184 111150 111149 111146 30681
14998 8998 8894 7 11314 11315 32579 44550 44600 151067 151242
14999 8998 8005 6 11315 11316 33496 33497 49130 32580
15000 8595 8894 8 11317 11314 150994 150584 49158 49153 49154 49340
15001 8595 8998 5 11314 11316 32113 32115 134205
15002 8005 8894 4 11315 11317 49305 32581
15003 4765 5153 5 11318 11319 43497 54604 67644
15004 4765 4919 7 11319 11320 66908 66909 67476 66406 43498
15005 4861 5153 5 11321 11318 66880 66882 67004
15006 4861 4765 5 11318 11320 67623 54301 54303
15007 4919 5153 7 11319 11321 67003 57774 54662 54158 43499
15008 4298 3969 6 11322 11323 65040 65043 65044 65047
15009 4298 4232 5 11323 11324 11857 65096 65041
15010 6446 6458 5 11327 11325 12278 12280 41897
15011 6446 5866 3 11325 11326 42724
15012 2009 2014 8 11328 11329 132471 132473 27696 27697 134971 133388
15013 2009 2120 5 11329 11330 130880 130881 137328
15014 2214 2120 8 11330 11331 133344 133517 130825 130824 135582 135581
15015 2214 2014 4 11331 11328 133390 133343
15016 2214 2009 5 11328 11330 136501 136430 133389
15017 2120 2014 7 11329 11331 133342 137135 133402 133400 137817
15018 5335 5699 7 11333 11334 49995 49996 65039 65558 48723
15019 5579 5699 7 11334 11335 65328 65346 50121 11764 11762
15020 5579 5344 5 11335 11332 65316 48805 48803
15021 5579 5335 5 11332 11334 64979 65246 65315
15022 5699 5344 3 11333 11335 48724
15023 6623 6907 7 11336 11337 42470 49147 49148 49082 32538
15024 6623 8005 5 11337 11338 48967 44763 42471
15025 7590 6623 4 11336 11338 48553 32539
15026 4974 4920 3 11339 11340 72065
15027 4974 4813 8 11340 11341 70295 71796 69381 69382 71905 72151
15028 5010 4813 3 11341 11342 70297
15029 5010 4920 8 11342 11339 72066 72094 14899 14898 71649 71651
15030 5010 4974 9 11339 11341 70296 70740 71896 70530 70529 71817 71818
15031 4813 4920 8 11340 11342 71566 71557 70422 70421 71795 71794
15032 3237 6568 6 11344 11345 66094 66095 133974 48411
15033 6087 3857 5 11346 11343 65075 65074 66024
15034 6087 3237 3 11343 11345 65694
15035 6568 3857 5 11344 11346 66023 48693 48412
15036 1990 1674 8 11347 11348 132323 132463 132464 132468 137649 137772
15037 1990 2090 4 11348 11349 132462 132324
15038 2207 2090 9 11349 11350 137753 137175 137177 137298 132223 66451 66452
15039 2207 1674 3 11350 11347 137752
15040 2207 1990 7 11347 11349 66811 12476 12478 137652 137773
15041 2090 1674 4 11348 11350 137751 132325
15042 5146 5066 4 11352 11353 57539 67869
15043 5033 5066 9 11353 11354 67451 67957 67974 67419 67418 67444 57541
15044 5033 5003 7 11354 11351 42325 51677 62190 59272 59271
15045 5033 5146 5 11351 11353 57540 54594 42324
15046 5066 5003 3 11352 11354 67450
15047 4659 5002 6 11355 11356 64860 64861 50168 50169
15048 4675 5002 5 11357 11355 64748 44170 44167
15049 4759 5002 6 11356 11357 65730 65617 65616 65529
15050 4239 4262 5 11358 11360 61493 61531 61223
15051 4021 4301 4 11359 11361 12184 61618
15052 7406 7268 5 11362 11363 33939 33940 42785
15053 7406 6954 3 11363 11364 34124
15054 7434 7268 5 11365 11362 42956 42957 43161
15055 7434 7406 6 11362 11364 42697 42685 42614 42615
15056 6954 7268 7 11363 11365 43162 43164 43214 43195 34125
15057 5127 5425 5 11366 11367 13440 13441 69342
15058 5127 5363 5 11367 11368 69155 69156 69331
15059 5395 5425 6 11369 11366 54897 54898 69133 13040
15060 5395 5127 5 11366 11368 61421 13332 13331
15061 5363 5425 6 11367 11369 13039 68728 69182 69432
15062 7386 7150 8 11370 11371 27987 33872 43076 49358 44751 44749
15063 7073 6437 6 11372 11373 42763 49771 44611 43091
15064 7073 7150 3 11373 11370 42762
15065 7073 7386 6 11370 11372 43089 49127 49032 49031
15066 5764 6269 5 11374 11375 49364 49629 49837
15067 6129 6269 6 11376 11374 49839 49376 49038 49037
15068 6302 6269 7 11375 11376 49656 48911 12233 12230 49366
15069 5668 5928 5 11378 11379 17681 68839 50050
15070 5942 5639 7 11380 11377 65773 65757 50095 50094 50116
15071 5928 5639 6 11378 11380 50114 50113 11617 11619
15072 11876 167 9 11381 11382 32164 109955 123683 123684 124198 124197 128923
15073 11876 393 5 11382 11383 109957 148972 32165
15074 11868 393 5 11383 11384 109962 120959 109959
15075 11868 167 3 11384 11381 109961
15076 11868 11876 7 11381 11383 109958 32032 32029 124062 124061
15077 3932 3919 3 11385 11386 79544
15078 3919 3905 6 11385 11387 74499 79600 79601 79777
15079 3837 3933 5 11388 11389 62373 60614 60615
15080 3837 3786 6 11389 11390 62228 61093 15675 15676
15081 3889 3786 6 11390 11391 61549 61722 61398 61397
15082 3889 3933 4 11391 11388 61010 61009
15083 3786 3933 4 11389 11391 61016 61015
15084 4247 3772 4 11392 11393 13076 61294
15085 4247 3983 6 11393 11394 60118 12350 12348 13077
15086 3731 3983 5 11394 11395 60326 61024 60119
15087 3731 3772 6 11395 11392 24531 24532 60881 60325
15088 3731 4247 6 11392 11394 60117 61988 59066 59065
15089 3983 3772 5 11393 11395 59253 59254 13078
15090 4482 4247 4 11396 11397 59948 59949
15091 4482 4126 5 11397 11398 61658 61626 61625
15092 4321 4126 5 11398 11399 15571 60939 61645
15093 4321 4247 7 11399 11396 61224 59412 59411 60950 15570
15094 4126 4247 7 11397 11399 15569 60824 12350 12349 68058
15095 4674 4778 7 11400 11401 11498 65296 65299 65509 65078
15096 4481 4600 7 11402 11403 65283 67916 12125 12127 48532
15097 4481 4778 5 11403 11400 65079 68228 65282
15098 4481 4674 6 11400 11402 48531 50214 60084 60083
15099 4600 4778 4 11401 11403 65281 11500
15100 4800 5004 4 11404 11405 60206 61657
15101 4666 4557 8 11406 11407 67860 11931 11934 67561 67564 61663
15102 4666 4800 6 11404 11406 61662 61660 61659 67075
15103 4557 5004 6 11405 11407 67859 69911 67827 60207
15104 10225 10527 5 11408 11409 19185 19183 32562
15105 10225 10271 4 11409 11410 104132 32843
15106 10304 10271 5 11410 11411 105593 105595 104133
15107 10304 10527 8 11411 11408 32563 149437 105790 32282 23293 23295
15108 10304 10225 6 11408 11410 104131 48623 48620 32561
15109 10271 10527 6 11409 11411 105751 22062 22064 32844
15110 5438 5538 5 11412 11413 48647 64396 66291
15111 6623 6087 6 11414 11415 11956 48554 32539 32538
15112 6623 5538 7 11415 11412 66293 66045 66047 66056 11954
15113 6623 5438 6 11412 11414 49082 65736 48895 48893
15114 6087 5538 7 11413 11415 11955 65935 65969 66024 48648
15115 4327 3969 5 11416 11417 12701 12089 12087
15116 4327 4167 6 11417 11418 64809 64391 64393 15242
15117 4232 4167 6 11418 11419 60513 61887 12779 12780
15118 4232 4327 6 11416 11418 64810 64845 64846 65114
15119 4167 3969 5 11417 11419 60512 63931 15243
15120 6160 5950 7 11420 11421 55042 55025 53705 53706 43847
15121 6160 6075 5 11421 11422 17141 52089 53846
15122 6103 6075 7 11422 11423 12870 12871 56051 55753 17142
15123 6103 5950 6 11423 11420 43849 41134 41133 52179
15124 6103 6160 4 11420 11422 17140 43848
15125 6075 5950 6 11421 11423 12902 12903 35617 54890
15126 5610 5661 4 11424 11425 49881 51810
15127 5610 6031 6 11425 11426 43468 43274 43273 44065
15128 5653 6031 6 11426 11427 51001 51000 49788 43469
15129 6562 5675 7 11428 11429 42599 42597 43377 43527 43528
15130 7498 6223 6 11430 11431 27910 40060 40059 42266
15131 7498 5675 4 11431 11428 42879 27909
15132 6223 5675 4 11429 11431 27908 42853
15133 5728 5970 5 11432 11433 54189 67243 43534
15134 2614 205 7 11434 11435 142424 142494 133087 133088 142277
15135 2614 2138 5 11435 11436 132869 142301 142302
15136 3693 2138 6 11436 11437 58634 58633 58745 58744
15137 3693 205 3 11437 11434 142394
15138 3693 2614 7 11434 11436 34135 34134 41737 41736 132819
15139 2138 205 7 11435 11437 12049 12048 142377 153583 142425
15140 5226 5567 4 11438 11439 64743 65559
15141 5624 5344 7 11440 11441 65466 65468 67342 68303 65553
15142 5624 5567 5 11441 11438 65473 33575 33574
15143 5344 5567 7 11439 11441 65437 48804 48803 48724 48722
15144 4892 4797 4 11442 11443 69452 69589
15145 4892 4857 9 11443 11444 61429 68120 68701 68613 12068 12069 69351
15146 4693 4857 4 11444 11445 68208 61431
15147 4693 4797 10 11445 11442 61020 61021 68589 68551 68404 63311 63310 68206
15148 4693 4892 7 11442 11444 61430 68716 68715 68736 68733
15149 4857 4797 6 11443 11445 68207 68592 68591 69453
15150 5977 6495 4 11446 11447 12727 12726
15151 3429 3363 6 11448 11449 60599 66165 66163 66233
15152 3429 3306 4 11449 11450 64312 60600
15153 3311 3363 3 11451 11448 66234
15154 3311 3429 6 11448 11450 66507 66518 28583 28582
15155 3306 3363 6 11449 11451 66387 66389 62284 60601
15156 11862 11833 6 11452 11453 149620 149709 149708 106530
15157 11862 231 5 11453 11454 149711 149559 149560
15158 277 231 9 11454 11455 123860 123861 128552 129153 28393 28396 123991
15159 277 11833 4 11455 11452 106532 149587
15160 277 11862 7 11452 11454 149713 149724 149718 149698 106531
15161 231 11833 6 11453 11455 149453 149452 149544 149616
15162 4915 4815 4 11457 11458 68534 67333
15163 5097 4835 6 11459 11456 65144 65143 68477 64420
15164 5097 4915 5 11456 11458 68799 12763 12760
15165 4815 4835 4 11457 11459 64421 67334
15166 6146 6618 6 11460 11461 50686 50684 50736 50718
15167 6146 6428 6 11461 11462 50701 50702 50974 50968
15168 6725 6428 6 11462 11463 49983 49982 50012 50015
15169 6725 6146 3 11460 11462 50719
15170 6428 6618 4 11461 11463 51005 50969
15171 8308 8382 10 11464 11465 99459 93162 93164 93358 98937 98938 99088 99089
15172 8308 8474 6 11465 11466 97915 98262 99189 99457
15173 8390 8474 7 11466 11467 98855 86318 86316 93904 97916
15174 8390 8382 6 11467 11464 97922 97921 90201 90202
15175 8390 8308 3 11464 11466 97914
15176 8474 8382 5 11465 11467 98854 99480 99460
15177 3751 3756 7 11468 11469 12105 12106 61888 61777 61778
15178 3751 3495 8 11469 11470 66625 67178 67190 67186 62267 61934
15179 3655 3495 6 11470 11471 63487 63488 62370 62371
15180 3655 3756 6 11471 11468 63585 66466 64936 64926
15181 3655 3751 6 11468 11470 66626 67184 67162 63584
15182 4963 4914 6 11472 11473 64207 54630 54631 67825
15183 5004 5154 5 11474 11475 67033 67778 67788
15184 5004 4914 6 11475 11472 60207 60206 61656 67032
15185 5004 4963 5 11472 11474 67787 69910 67827
15186 5154 4914 4 11473 11475 61601 61600
15187 7120 6903 7 11476 11477 42821 42575 42576 42782 43749
15188 7120 6359 6 11477 11478 43137 43138 43773 43734
15189 6628 6359 6 11478 11479 43771 42683 34021 34020
15190 6628 7120 4 11476 11478 42681 42680
15191 6359 6903 6 11477 11479 43524 43523 12315 12314
15192 3879 4118 4 11481 11482 27197 27195
15193 4002 4118 6 11482 11483 58477 42512 42510 58284
15194 4002 3795 10 11483 11480 62605 66944 58420 58301 58300 58451 58480 58476
15195 4002 3879 7 11480 11482 58172 58171 42371 42368 58405
15196 4118 3795 4 11481 11483 58475 66360
15197 3979 4045 6 11486 11484 15687 15689 61243 61141
15198 3979 3889 3 11484 11485 61259
15199 11157 10781 8 11487 11488 155213 154711 154714 155322 155330 155247
15200 11157 1051 5 11488 11489 133659 155107 155105
15201 11801 10781 4 11490 11487 154143 44786
15202 11801 11157 5 11487 11489 133658 155242 155246
15203 1051 10781 5 11488 11490 44787 49010 154779
15204 3837 3657 5 11491 11492 62227 62228 61399
15205 3632 3657 6 11492 11493 62014 15751 15753 61526
15206 3657 3811 5 11491 11493 63240 60770 60769
15207 3055 3191 6 11494 11495 121785 133829 77116 64434
15208 3055 3327 5 11495 11496 76781 120537 120538
15209 3364 3327 6 11496 11497 64548 63969 14566 14569
15210 3364 3191 6 11497 11494 64435 61365 61364 78575
15211 3364 3055 5 11494 11496 76780 62509 62511
15212 3327 3191 4 11495 11497 65780 65777
15213 4674 4680 5 11498 11499 64776 64778 65295
15214 4778 4680 4 11500 11498 65195 65196
15215 4600 4680 7 11499 11500 65183 61585 61586 63244 63243
15216 4842 5030 6 11501 11502 69186 69503 56103 56104
15217 4842 4827 4 11502 11503 60247 69187
15218 4845 4827 4 11503 11504 67823 60249
15219 4845 4842 7 11501 11503 60248 54655 50731 50730 68596
15220 4827 5030 7 11502 11504 54515 54514 68028 68224 68223
15221 3779 3486 8 11506 11507 66423 12076 12077 66463 66464 64291
15222 3359 3486 8 11507 11508 13789 13792 135401 135400 66569 66424
15223 3359 3775 6 11508 11505 66211 66190 66175 65834
15224 3486 3775 7 11506 11508 48980 32379 32380 28566 28568
15225 6710 6320 5 11509 11510 11894 50249 19224
15226 6710 7239 4 11510 11511 50408 11895
15227 6950 6710 7 11509 11511 50407 77592 77593 48447 19223
15228 7239 6320 5 11510 11512 48570 32752 11896
15229 5580 6109 5 11513 11514 67282 43426 43427
15230 5580 5615 8 11514 11515 12103 12104 54501 67095 66862 66863
15231 5627 5615 4 11515 11516 54264 67399
15232 5627 6109 7 11516 11513 54266 54265 54445 54262 54261
15233 5627 5580 5 11513 11515 11709 11710 66617
15234 2140 11911 8 11517 11518 121854 121852 120268 24970 24971 120066
15235 2140 11910 5 11518 11519 78717 120416 121946
15236 2727 11910 8 11519 11520 121824 48150 48148 121818 121926 78718
15237 2727 11911 6 11520 11517 120215 121885 121933 121882
15238 2727 2140 5 11517 11519 78716 120383 120214
15239 11910 11911 3 11518 11520 121883
15240 4064 3740 6 11521 11522 11867 61495 64063 64837
15241 3725 3740 5 11524 11521 63760 63372 63374
15242 3725 4064 6 11521 11523 12793 64911 64913 64836
15243 4000 3740 5 11522 11524 61323 61324 11869
15244 5608 5210 7 11525 11526 65477 66943 68317 65502 65503
15245 5728 5386 7 11527 11528 43526 11562 11561 54245 54244
15246 5728 5210 4 11528 11525 43611 43610
15247 5386 5210 6 11526 11528 49820 13018 13015 39583
15248 1123 1062 5 11529 11530 121787 120787 26110
15249 1123 683 5 11530 11531 121568 25746 25747
15250 892 683 10 11531 11532 120507 121741 121744 121380 106215 106217 19202 19201
15251 892 1062 4 11532 11529 26111 120506
15252 892 1123 5 11529 11531 121569 28283 26109
15253 5921 5928 4 11533 11534 50790 31187
15254 5527 5928 7 11534 11535 11620 11619 50050 50087 50088
15255 5928 6146 5 11533 11535 49576 50974 31188
15256 6109 6647 9 11536 11537 54285 54282 53723 53724 54405 51788 11634
15257 6109 6452 7 11537 11538 54258 54253 54254 54279 54283
15258 6136 6647 6 11539 11536 11635 54119 51247 51246
15259 6136 6109 5 11536 11538 51139 43021 11633
15260 6452 6647 3 11537 11539 53811
15261 5567 5579 4 11540 11541 48803 65328
15262 5567 5275 4 11541 11542 65435 48804
15263 5685 5275 6 11542 11543 66052 65463 65461 65436
15264 5685 5567 5 11540 11542 43145 43146 65038
15265 5275 5579 6 11541 11543 27827 27828 65269 48805
15266 5222 4956 4 11544 11545 12456 57793
15267 5222 5153 4 11545 11546 54660 12455
15268 5278 5222 7 11544 11546 67395 67396 67752 67716 57794
15269 3751 3916 3 11548 11549 12293
15270 3738 3916 9 11549 11550 62212 62213 63403 28823 28825 61929 61928
15271 3738 3806 4 11550 11547 63632 63566
15272 3738 3751 6 11547 11549 63555 63556 67189 67187
15273 5512 5297 5 11551 11552 69951 69955 53424
15274 5512 5496 7 11552 11553 51960 69788 69878 13049 13047
15275 5452 5496 5 11553 11554 12437 12439 51962
15276 5452 5297 8 11554 11551 53425 69198 69200 69899 69908 55739
15277 5452 5512 6 11551 11553 51961 70040 57218 53423
15278 5496 5297 6 11552 11554 55740 69859 56491 56488
15279 5285 5465 6 11555 11556 68284 68296 62230 62229
15280 5285 5653 3 11556 11557 68283
15281 5527 5465 5 11558 11555 65534 43286 43288
15282 5527 5285 6 11555 11557 68288 51102 51101 67971
15283 5580 5761 5 11559 11560 67251 67316 67317
15284 5580 5728 5 11560 11561 66218 67243 67241
15285 5386 5761 4 11562 11559 42185 42184
15286 5386 5580 6 11559 11561 66219 65073 65071 67319
15287 5378 4971 4 11564 11565 68485 50104
15288 5025 4971 8 11565 11566 50366 50367 68935 68945 68879 68880
15289 5025 5186 5 11566 11563 68941 69013 69001
15290 5025 5378 5 11563 11565 68952 65495 65497
15291 4971 5186 7 11564 11566 68999 68998 69010 68381 50105
15292 7302 7338 5 11567 11568 46528 46526 47559
15293 7302 7215 5 11568 11569 49289 49301 49300
15294 7534 7302 7 11567 11569 49290 51298 46654 46655 47560
15295 4762 4995 6 11570 11571 68144 68145 68397 68489
15296 4762 4461 6 11571 11572 51156 51157 65287 68291
15297 4584 4995 7 11573 11570 68256 68258 67587 67211 67210
15298 4584 4762 5 11570 11572 61501 65161 68488
15299 4461 4995 3 11571 11573 68282
15300 5435 5825 7 11575 11576 68136 68127 54906 51616 51618
15301 5518 5375 7 11577 11574 68225 69292 69164 67901 67903
15302 5518 5435 4 11574 11576 68138 68198
15303 5825 5375 4 11575 11577 68141 68135
15304 4329 4438 6 11578 11579 72422 69205 69204 15920
15305 4329 4470 7 11579 11580 80434 80433 81111 73358 73356
15306 4338 4470 5 11580 11581 73080 73079 79062
15307 4338 4438 6 11581 11578 15921 73436 20383 20382
15308 3632 3365 5 11583 11584 62951 63532 62164
15309 3313 3365 7 11584 11585 60515 63274 64057 64036 62952
15310 3313 3380 7 11585 11582 62232 61367 60552 28762 28764
15311 3313 3632 4 11582 11584 62048 62047
15312 3365 3380 6 11583 11585 60514 62019 62018 62165
15313 5541 5705 3 11586 11587 68070
15314 5655 5766 4 11588 11589 11953 51222
15315 5655 5705 6 11589 11586 67436 54583 54581 11952
15316 5655 5541 6 11586 11588 51221 12717 12714 68069
15317 5766 5705 6 11587 11589 11951 13012 40652 57845
15318 5112 5169 7 11590 11591 67386 67384 68328 62722 11594
15319 5112 5259 5 11591 11592 63653 65458 67484
15320 5482 5259 7 11592 11593 67402 54534 54535 54471 54470
15321 5482 5169 5 11593 11590 11596 67498 67497
15322 5482 5112 4 11590 11592 43352 11595
15323 5443 5482 6 11595 11596 54549 51062 51063 43353
15324 5443 5169 5 11596 11594 54299 54300 65580
15325 5443 5112 7 11594 11595 43351 65252 65254 43496 43493
15326 5774 5854 7 11597 11598 51875 68153 68152 69197 55656
15327 5774 6001 5 11598 11599 16737 16738 51874
15328 5988 6001 5 11599 11600 19151 51801 17199
15329 5988 5854 4 11600 11597 55657 19149
15330 6001 5854 6 11598 11600 19150 55781 51881 51876
15331 4666 4180 4 11601 11602 67573 67491
15332 4666 4187 4 11602 11603 67459 67460
15333 4294 4187 6 11603 11604 61522 61916 61802 61801
15334 4294 4180 6 11604 11601 61525 61523 61935 61521
15335 4294 4666 6 11601 11603 61758 61757 67892 67492
15336 4187 4180 7 11602 11604 61520 61273 61275 61466 61613
15337 5921 5916 3 11606 11607 51099
15338 5862 5921 8 11605 11607 51100 65533 50996 50791 50790 51018
15339 5916 6145 5 11606 11608 50133 50738 50737
15340 5443 5341 8 11609 11610 51239 67388 67398 67397 43351 43353
15341 5443 5856 5 11610 11611 42768 42766 51240
15342 5719 5856 7 11611 11612 17826 17825 54246 43152 43039
15343 5719 5341 4 11612 11609 54541 67367
15344 5719 5443 4 11609 11611 43038 51063
15345 5856 5341 7 11610 11612 67404 67405 67356 54540 51241
15346 7395 7362 4 11613 11614 48494 48492
15347 7395 7487 7 11614 11615 49408 49409 49475 47695 47696
15348 7523 7487 5 11615 11616 19428 19430 50016
15349 7523 7362 6 11616 11613 50540 96702 50516 50515
15350 7523 7395 6 11613 11615 17205 17204 48133 48134
15351 7487 7362 6 11614 11616 25312 25309 49950 49949
15352 5639 6221 5 11617 11618 50117 50110 50111
15353 5928 6221 6 11620 11617 49956 49766 49767 49576
15354 5527 6221 5 11618 11620 49575 49885 49884
15355 6157 6129 6 11621 11622 43315 49038 43386 43387
15356 6157 5866 5 11622 11623 42995 43487 43316
15357 6582 6157 8 11621 11623 42996 43676 43110 43112 32693 32690
15358 5866 6129 4 11622 11624 42856 42854
15359 5839 6068 8 11625 11626 54013 54545 54248 12960 12961 53064
15360 5839 5856 3 11626 11627 54014
15361 5817 5856 8 11627 11628 52887 54029 17825 17827 67405 54481
15362 5817 6068 4 11628 11625 53066 52886
15363 5856 6068 5 11626 11628 52885 54456 54015
15364 4224 4041 4 11630 11631 66846 41812
15365 4110 4118 5 11632 11629 41935 58047 58130
15366 4110 4224 5 11629 11631 66877 58169 41934
15367 4041 4118 4 11630 11632 41233 41232
15368 6647 5995 4 11634 11635 43878 43877
15369 3759 3405 4 11636 11637 28591 14787
15370 3759 3355 6 11637 11638 63977 63978 78748 28592
15371 3290 3355 6 11638 11639 121944 77049 77048 77123
15372 3290 3405 4 11639 11636 14789 121941
15373 3290 3759 5 11636 11638 77122 77121 14788
15374 3355 3405 6 11637 11639 121945 78625 78624 28593
15375 6200 5396 7 11640 11641 14663 14664 76971 22239 21874
15376 6200 6355 9 11641 11642 95532 95530 65424 65422 96111 96035 77376
15377 4996 6355 4 11642 11643 14779 14777
15378 4996 5396 6 11643 11640 21875 77634 65371 50224
15379 4996 6200 3 11640 11642 21873
15380 6355 5396 4 11641 11643 50225 77377
15381 1740 2123 6 11644 11645 134160 134165 134034 134035
15382 1740 2204 5 11645 11646 64094 64093 134161
15383 1576 2204 6 11646 11647 106210 121679 133881 133882
15384 1576 2123 5 11647 11644 121886 106140 106142
15385 1576 1740 7 11644 11646 76982 76981 134381 134377 134124
15386 2204 2123 5 11645 11647 106209 121167 121164
15387 7785 7989 8 11648 11649 50451 96704 94596 94594 48122 48121
15388 8159 7606 6 11650 11651 48434 50374 50297 48144
15389 8159 7989 6 11651 11648 32783 32785 50446 48433
15390 8159 7785 3 11648 11650 48143
15391 9132 8688 5 11652 11653 150583 150768 150758
15392 9132 8595 4 11653 11654 149562 150584
15393 8930 8595 5 11654 11655 46191 49226 134005
15394 8930 8688 6 11655 11652 49265 48292 48293 46189
15395 8930 9132 6 11652 11654 34074 34075 109314 109315
15396 8595 8688 8 11653 11655 46190 42977 42974 49372 49156 49158
15397 4626 5174 3 11656 11657 14308
15398 4626 4759 7 11657 11658 64774 14374 14375 63911 14309
15399 4932 4759 4 11658 11659 14111 14110
15400 4932 5174 8 11659 11656 65714 65742 72740 76583 65660 65653
15401 4932 4626 8 11656 11658 65723 72807 72808 76749 65724 65713
15402 4759 5174 5 11657 11659 65654 65655 14310
15403 1361 966 6 11660 11661 141702 141700 141962 142701
15404 1361 1666 5 11661 11662 137368 132496 132497
15405 1433 1666 7 11662 11663 132449 132242 132243 132687 132686
15406 1433 966 5 11663 11660 66382 66381 132590
15407 1433 1361 8 11660 11662 142619 142704 142615 132494 132493 142700
15408 1666 966 3 11661 11663 132595
15409 4789 4826 7 11664 11665 71723 72361 73152 73127 72542
15410 4789 4473 4 11665 11666 73096 71722
15411 4786 4826 4 11667 11664 72450 68533
15412 4786 4789 5 11664 11666 13104 13105 72541
15413 4473 4826 6 11665 11667 67886 67885 68452 71724
15414 4874 4915 5 11668 11669 15458 50885 50886
15415 4874 4798 4 11669 11670 12555 15459
15416 5001 4798 4 11670 11671 61362 12557
15417 5001 4915 6 11671 11668 67408 12761 12763 61361
15418 4798 4915 6 11669 11671 51754 51753 13473 13471
15419 3609 3644 9 11673 11674 63929 63948 63811 63551 63127 63124 63658
15420 3609 3393 6 11674 11672 63715 61903 61904 63928
15421 3609 3542 3 11672 11673 63656
15422 3770 3616 5 11675 11676 62077 28015 28016
15423 3542 3616 4 11678 11675 64593 64530
15424 3661 3616 6 11676 11678 64531 78496 78346 62078
15425 8916 8803 5 11679 11680 97433 97313 97155
15426 8612 8803 4 11681 11679 97013 97011
15427 6720 6665 7 11683 11682 43988 43604 43503 12283 12281
15428 1008 911 5 11684 11685 129378 129377 128968
15429 1008 772 7 11685 11686 120461 134485 134526 134527 134799
15430 1220 911 5 11687 11684 121495 121234 121233
15431 1220 1008 5 11684 11686 120462 129365 128969
15432 772 911 7 11685 11687 111272 111269 109773 109772 135154
15433 10058 3063 4 11689 11690 48828 48826
15434 157 3063 5 11690 11691 27845 27846 133729
15435 157 250 4 11691 11688 133876 121804
15436 157 10058 5 11688 11690 151200 151199 133874
15437 3063 250 10 11689 11691 121805 121909 27937 27939 133929 120793 120792 150812
15438 4996 5326 7 11692 11693 76764 75180 75181 75196 73361
15439 4996 4312 7 11693 11694 76589 77008 76744 76745 76821
15440 4407 4312 7 11694 11695 76798 14815 14817 76673 76590
15441 4407 5326 6 11695 11692 73362 95597 76842 76823
15442 4407 4996 3 11692 11694 73360
15443 4312 5326 3 11693 11695 76822
15444 680 812 3 11696 11697 126647
15445 680 764 8 11697 11698 126737 126738 128326 128491 128440 128438
15446 858 764 3 11698 11699 127855
15447 858 812 7 11699 11696 126649 26408 26407 127866 127853
15448 858 680 6 11696 11698 128137 127706 127707 126648
15449 764 812 5 11697 11699 127854 127857 128479
15450 7054 7215 8 11701 11702 49302 49301 46663 46662 44461 44462
15451 7215 7030 3 11700 11702 50615
15452 761 849 8 11703 11704 129636 129626 129205 129204 124107 124110
15453 761 801 5 11704 11705 129789 129754 129637
15454 656 801 4 11705 11706 29286 123713
15455 656 849 3 11706 11703 29285
15456 656 761 8 11703 11705 129787 129746 129745 130573 130488 129751
15457 801 849 8 11704 11706 29284 129618 29232 29234 127755 129127
15458 5555 5408 5 11707 11708 12102 67326 67635
15459 5555 5580 3 11708 11709 12103
15460 5627 5408 6 11710 11707 67387 66305 66307 66619
15461 5627 5555 7 11707 11709 67399 67421 67638 54496 54498
15462 5580 5408 8 11708 11710 49801 49800 65071 12540 12537 12104
15463 1938 1643 6 11711 11712 133024 58317 58318 64437
15464 1938 1356 4 11712 11713 132618 132617
15465 1967 1356 6 11713 11714 132922 133665 28418 28420
15466 1967 1643 7 11714 11711 64439 133624 133627 133027 132921
15467 1967 1938 8 11711 11713 132822 132821 133580 33882 33881 64438
15468 1356 1643 4 11712 11714 132920 133612
15469 316 272 5 11715 11716 129662 32395 32396
15470 316 192 7 11716 11717 28181 28179 33011 130161 129663
15471 110 192 6 11717 11718 131909 131908 134440 32398
15472 110 272 6 11718 11715 131833 131857 31012 31013
15473 192 272 4 11716 11718 131782 129664
15474 6753 6342 4 11719 11720 19107 19105
15475 7644 6568 6 11721 11722 48616 65513 151389 32627
15476 7644 6342 7 11722 11719 32755 48637 48539 11754 11753
15477 6568 6342 6 11720 11722 48615 64155 48837 48707
15478 1893 1956 5 11723 11724 138347 138012 136675
15479 1893 1910 5 11724 11725 138377 28907 28908
15480 1653 1910 5 11725 11726 138091 138092 138105
15481 1653 1956 6 11726 11723 136676 138002 138281 138279
15482 1653 1893 7 11723 11725 130813 26471 26472 127015 127013
15483 1910 1956 5 11724 11726 138280 138352 138351
15484 5645 5702 7 11727 11728 92260 92419 74931 74932 92395
15485 5645 5460 3 11728 11729 90682
15486 5361 5460 8 11729 11730 72046 72045 72178 72179 72181 73226
15487 5361 5702 4 11730 11727 91327 88150
15488 5361 5645 4 11727 11729 88826 88824
15489 5460 5702 6 11728 11730 88149 88388 88099 88100
15490 3287 3298 5 11731 11732 79074 78541 78542
15491 3287 3323 3 11732 11733 79058
15492 3214 3298 3 11734 11731 78930
15493 3214 3287 8 11731 11733 79036 76270 76268 120260 79043 78993
15494 9284 10179 7 11735 11736 134058 151255 151311 150257 134006
15495 9284 8998 6 11736 11737 151242 134205 134057 134055
15496 9315 8998 5 11737 11738 32224 151018 151067
15497 9315 10179 5 11738 11735 134008 150351 32222
15498 9315 9284 6 11735 11737 151232 46431 46430 134007
15499 8998 10179 3 11736 11738 32223
15500 5551 6437 8 11739 11740 65385 65386 65338 65336 66021 48951
15501 5714 5461 5 11741 11742 42868 66973 66153
15502 5714 6437 6 11742 11739 43815 43816 43317 42867
15503 5714 5551 3 11739 11741 48950
15504 3648 3857 7 11744 11745 14723 64256 48313 48312 48580
15505 11919 3857 5 11745 11746 65526 65535 14724
15506 11919 3550 4 11746 11743 65837 65525
15507 11919 3648 5 11743 11745 14722 64738 66003
15508 1688 1952 7 11747 11748 132039 134964 135065 135682 132077
15509 1688 1788 3 11748 11749 132040
15510 1295 1688 6 11747 11749 133650 133843 135481 132078
15511 7386 7345 4 11750 11751 43075 33872
15512 6993 7345 5 11752 11750 33873 42721 43088
15513 7981 7345 6 11751 11752 43133 44250 43854 43078
15514 6342 11922 4 11754 11755 65677 48540
15515 5471 11922 6 11755 11756 48662 76988 64680 64681
15516 5471 7644 8 11756 11753 48616 65512 134101 151464 22279 22278
15517 5471 6342 4 11753 11755 64156 48615
15518 11922 7644 4 11754 11756 48661 48541
15519 3988 3938 3 11757 11758 65005
15520 3988 4145 5 11758 11759 63651 64605 65004
15521 3982 4145 4 11759 11760 11863 11866
15522 3982 3938 7 11760 11757 65007 64366 11848 11850 11973
15523 3982 3988 6 11757 11759 11959 11958 64858 65006
15524 4145 3938 7 11758 11760 11974 12692 12690 65000 64999
15525 5429 5579 6 11761 11762 64979 65247 11876 11874
15526 5429 5699 4 11762 11763 49997 49995
15527 5737 5699 3 11763 11764 50122
15528 5737 5579 5 11764 11761 65828 64747 50120
15529 5737 5429 8 11761 11763 64899 64793 64792 65711 65712 65984
15530 4714 4853 7 11765 11766 57814 58192 30161 28093 28091
15531 4714 4855 5 11766 11767 66987 66970 57815
15532 5657 4855 5 11767 11768 66397 66396 66986
15533 5657 4853 8 11768 11765 66176 66110 66112 66867 40118 40117
15534 5657 4714 6 11765 11767 12312 12313 67089 67288
15535 4855 4853 6 11766 11768 43184 43183 66755 57816
15536 11671 11833 9 11769 11770 130271 130272 130293 134256 134259 149708 149516
15537 11671 11595 5 11770 11771 128789 130307 149514
15538 11781 11595 7 11771 11772 103166 148938 148906 28249 28248
15539 11781 11833 10 11772 11769 149517 149593 149544 149543 129113 129112 148853 103165
15540 11781 11671 3 11769 11771 128790
15541 11595 11833 3 11770 11772 103164
15542 1778 2118 3 11773 11774 135099
15543 2069 2118 7 11774 11775 136754 27229 27226 134558 134557
15544 2118 1961 6 11773 11775 136752 136337 136336 135436
15545 3559 3412 5 11776 11777 78600 78598 78519
15546 3661 3412 5 11777 11778 13893 13894 63654
15547 3412 3499 6 11776 11778 78691 78690 78907 78520
15548 1806 1810 5 11779 11780 28031 131464 137822
15549 1806 1566 6 11780 11781 128849 128848 136433 28032
15550 1764 1566 5 11781 11782 133359 130709 130707
15551 1764 1810 4 11782 11779 136547 135005
15552 1566 1810 7 11780 11782 29080 29079 137715 137644 28033
15553 2033 1949 10 11783 11784 22746 25339 109694 109695 106365 106361 106359 14170
15554 2033 2021 4 11784 11785 120730 22745
15555 2492 2021 5 11785 11786 119456 120726 120725
15556 2492 1949 3 11786 11783 14172
15557 2492 2033 7 11783 11785 119698 77241 76949 28502 14171
15558 2021 1949 9 11784 11786 25612 25611 135411 121687 120477 72564 22747
15559 3719 3998 7 11787 11788 65970 65962 64441 28267 28268
15560 3803 3701 5 11789 11790 14516 66015 65966
15561 3803 3719 4 11787 11789 65963 28589
15562 3701 3998 3 11788 11790 14515
15563 7590 7544 4 11791 11792 48706 48705
15564 7235 7544 6 11792 11793 27488 32320 32319 48941
15565 1601 1707 6 11794 11795 117192 117814 117321 117322
15566 1601 1485 6 11795 11796 20865 20866 116238 117193
15567 1710 1601 6 11794 11796 117762 117949 116432 116434
15568 1485 1707 5 11795 11797 15027 15026 117194
15569 1938 2702 11 11798 11799 132015 132963 132542 64438 64437 132827 133692 155210 132103
15570 1938 4720 7 11799 11800 58388 58389 133574 133573 132016
15571 4803 2702 5 11801 11798 132104 133030 133029
15572 4803 1938 3 11798 11800 66590
15573 4720 2702 3 11799 11801 132017
15574 9561 9900 10 11802 11803 107114 107149 107158 107139 105495 21660 21658 105259
15575 9561 9835 3 11803 11804 107100
15576 9761 9835 8 11804 11805 106308 105620 105592 22150 22149 104775
15577 9761 9900 6 11805 11802 97397 21742 21744 107085
15578 9761 9561 5 11802 11804 107098 105010 105012
15579 9835 9900 5 11803 11805 104880 104882 105576
15580 11145 10711 6 11806 11807 106626 23150 23151 25808
15581 11145 11205 6 11807 11808 105905 106812 106340 106338
15582 10954 11205 4 11808 11809 106755 105907
15583 10954 10711 6 11809 11806 22416 22418 106769 106841
15584 10954 11145 6 11806 11808 105906 122146 106553 25809
15585 11205 10711 5 11807 11809 106777 106444 106443
15586 2648 2460 5 11811 11812 135870 135796 135797
15587 2843 2460 7 11812 11813 135926 137122 62980 62983 137141
15588 2843 2663 5 11813 11810 135711 136027 135925
15589 2843 2648 7 11810 11812 135835 27739 27738 63921 135710
15590 2460 2663 8 11811 11813 135924 28838 28837 137114 137113 137082
15591 2958 2918 8 11814 11815 140248 140276 140218 140208 140207 140172
15592 2958 2900 6 11815 11816 132501 59574 59572 59803
15593 2878 2900 5 11816 11817 137341 28036 28037
15594 2878 2918 6 11817 11814 140117 29776 29773 120016
15595 2878 2958 3 11814 11816 132502
15596 2900 2918 6 11815 11817 139883 140222 140262 140249
15597 11801 10643 7 11818 11819 44786 154144 132695 49072 49073
15598 1938 1051 4 11820 11821 133692 42765
15599 1938 10643 8 11821 11818 132858 155223 155229 155032 155031 155210
15600 1938 11801 5 11818 11820 42764 58317 132857
15601 1051 10643 6 11819 11821 155211 48994 48992 44787
15602 3465 3439 8 11822 11823 133558 133294 62903 62905 66357 12029
15603 4222 4017 7 11824 11825 43056 67277 66272 66270 66371
15604 4222 3439 5 11825 11822 12031 62875 43055
15605 4222 3465 5 11822 11824 49863 49862 12030
15606 4017 3439 4 11823 11825 43054 133552
15607 3846 3904 6 11828 11829 65824 65319 64715 62721
15608 3846 3995 5 11829 11826 12290 65785 65784
15609 3846 3896 4 11826 11828 62720 12289
15610 3904 3995 5 11827 11829 65597 19222 19219
15611 6313 6110 4 11830 11831 54922 40705
15612 6394 6110 6 11833 11830 40707 56945 56995 56768
15613 6394 6313 7 11830 11832 38896 55131 55132 57014 40706
15614 6163 6110 4 11831 11833 41489 41487
15615 7031 6899 6 11834 11835 42542 43156 44192 44217
15616 6936 6899 5 11836 11834 43205 43203 53885
15617 7104 6899 7 11835 11836 52771 44393 44391 42484 42485
15618 3659 3229 3 11837 11838 48674
15619 1632 1486 6 11841 11842 26157 26158 29556 29555
15620 1656 1486 7 11842 11843 24452 27309 24411 24409 29526
15621 1656 1650 6 11843 11840 24429 114745 28634 24450
15622 1656 1632 4 11840 11842 24397 24394
15623 1486 1650 5 11841 11843 24451 114111 114643
15624 4532 4436 6 11844 11845 61184 81216 78204 78012
15625 4532 4715 7 11845 11846 72877 72894 68713 68712 61183
15626 4605 4715 9 11846 11847 15506 73136 65583 65361 65362 72798 72799
15627 4605 4436 6 11847 11844 72864 63773 63774 15505
15628 4605 4532 4 11844 11846 13561 13558
15629 4715 4436 3 11845 11847 15504
15630 3938 3548 4 11848 11849 11871 64365
15631 3982 3839 5 11850 11851 28424 28423 64369
15632 3982 3548 4 11851 11848 64367 64140
15633 3839 3548 9 11849 11851 28565 28567 64371 64217 64216 64963 11872
15634 3920 3770 7 11852 11853 64523 64701 64699 63879 63881
15635 3920 3578 4 11853 11854 64978 64524
15636 3904 3770 4 11855 11852 64591 63943
15637 3904 3920 6 11852 11854 65011 65010 64976 64971
15638 3946 4298 8 11856 11857 65099 67201 66227 66226 64044 64045
15639 3946 4232 3 11857 11858 65098
15640 3842 3946 6 11856 11858 65110 65112 66483 64859
15641 1706 2136 7 11859 11860 134268 133937 133938 48936 48937
15642 1706 365 8 11860 11861 134262 134260 134264 133884 133883 134269
15643 2104 365 5 11861 11862 48957 150328 134263
15644 2104 2136 7 11862 11859 133985 133223 28426 28026 28025
15645 2104 1706 5 11859 11861 133886 48489 48488
15646 365 2136 3 11860 11862 48956
15647 4216 3982 5 11863 11864 64375 64369 11973
15648 4216 4088 5 11864 11865 64942 49747 49750
15649 4145 4088 5 11865 11866 63651 64607 64921
15650 4145 4216 7 11863 11865 44279 44278 63484 63483 11974
15651 4064 3770 5 11867 11868 14513 64894 61494
15652 4000 3770 6 11868 11869 64711 63831 63832 14514
15653 3920 3938 7 11870 11871 64951 65007 65005 64999 64970
15654 3920 3548 6 11871 11872 64705 64105 13004 13005
15655 3839 3920 3 11870 11872 64965
15656 5538 5429 4 11873 11874 65984 65985
15657 5538 5579 7 11874 11875 27827 66051 66064 65827 65828
15658 5093 5579 5 11875 11876 65407 65270 27828
15659 5093 5429 3 11876 11873 65410
15660 5093 5538 8 11873 11875 13171 13170 49858 65382 65831 65986
15661 4178 4208 6 11877 11878 67133 67134 67551 61548
15662 4178 4094 6 11878 11879 63641 63642 67172 67135
15663 4303 4094 8 11879 11880 61848 12207 12209 61911 63031 64370
15664 4303 4178 6 11877 11879 14232 14229 60844 60841
15665 4094 4208 4 11878 11880 61847 62110
15666 7569 11927 5 11881 11882 96488 77437 14398
15667 7569 7758 6 11882 11883 96487 96476 96477 96489
15668 7893 7758 5 11883 11884 96573 48108 48106
15669 7893 11927 4 11884 11881 14400 96572
15670 7893 7569 5 11881 11883 48467 48466 14399
15671 7758 11927 5 11882 11884 49538 49540 96490
15672 7579 11926 4 11885 11886 28157 19417
15673 6722 11923 8 11887 11888 44554 11893 11892 43050 43051 44631
15674 7543 7675 6 11889 11890 50240 47855 47429 47430
15675 7543 11923 7 11890 11887 48496 50018 50032 50034 50239
15676 7543 6722 3 11887 11889 48495
15677 7675 11923 4 11888 11890 19270 19272
15678 6677 6722 4 11893 11891 32753 44555
15679 6710 6677 6 11894 11895 50410 19207 19208 48386
15680 7239 6677 6 11895 11896 32753 48262 48261 50412
15681 3775 3612 5 11900 11898 32378 32380 64160
15682 3982 3612 7 11899 11900 64367 64366 65009 64858 63053
15683 3740 3542 5 11902 11901 63893 63554 63553
15684 3702 4411 3 11905 11903 49846
15685 3904 4411 8 11904 11905 49845 64645 64644 65835 65319 50200
15686 3530 3790 6 11906 11907 78505 78506 78412 78413
15687 3530 3553 7 11907 11908 78722 78584 78582 77059 77060
15688 3838 3553 8 11908 11909 14734 14736 78473 78829 78591 78590
15689 3838 3790 7 11909 11906 77274 77273 78655 78661 78637
15690 3838 3530 6 11906 11908 78721 78606 73322 73321
15691 3553 3790 4 11907 11909 78123 78125
15692 5213 5093 5 11910 11911 65831 65987 61480
15693 5213 3857 5 11911 11912 44266 65832 65830
15694 4050 3857 8 11912 11913 49725 62278 62279 14723 14724 44267
15695 4050 5093 3 11913 11910 49724
15696 4050 5213 5 11910 11912 17844 17846 61481
15697 3857 5093 4 11911 11913 49723 65382
15698 6361 7422 4 11915 11914 44542 19106
15699 7422 7923 5 11917 11918 44593 44594 44547
15700 7644 7923 7 11918 11919 32713 32714 48394 48669 48637
15701 7644 7422 5 11916 11918 32755 32754 48649
15702 7923 8430 5 11917 11919 48830 48838 44548
15703 2690 2662 5 11920 11921 63112 28827 28828
15704 2690 2990 4 11921 11922 66556 63111
15705 2684 2990 6 11922 11923 132188 66683 66658 66659
15706 2684 2662 6 11923 11920 133326 132466 132465 132676
15707 2684 2690 5 11920 11922 64341 63283 63284
15708 2990 2662 5 11921 11923 132677 135833 63113
15709 5619 5755 7 11924 11925 41419 41417 67684 67664 12141
15710 6015 5619 4 11924 11926 53133 12140
15711 5111 5447 5 11927 11928 57773 54658 54659
15712 5111 4945 5 11928 11929 57727 42292 42295
15713 5277 4945 4 11929 11930 51217 51219
15714 5277 5447 6 11930 11927 57776 67756 67738 67663
15715 5277 5111 7 11927 11929 57030 12249 12248 67697 57775
15716 4945 5447 5 11928 11930 54614 54613 67427
15717 4641 4666 4 11931 11932 57395 57397
15718 4641 4406 6 11932 11933 69633 12971 12972 67567
15719 4557 4406 4 11933 11934 67563 69484
15720 4557 4641 5 11931 11933 69632 69858 67868
15721 4406 4666 7 11932 11934 67562 67566 67491 67492 67568
15722 4228 4125 5 11937 11935 64283 65257 67006
15723 4048 4125 4 11936 11937 67005 12086
15724 3194 3314 8 11938 11939 12214 59012 59194 59196 62559 59102
15725 3545 3314 3 11941 11938 59103
15726 3545 3194 5 11938 11940 29993 29992 59096
15727 3312 3314 4 11939 11941 59115 12215
15728 4017 3587 3 11943 11942 66371
15729 5119 5420 5 11944 11945 66199 67286 67300
15730 5686 5155 4 11946 11947 66316 43593
15731 5686 5420 5 11947 11944 43744 43746 61724
15732 5686 5119 6 11944 11946 43592 43612 43609 54187
15733 5155 5420 7 11945 11947 66315 63997 63996 67088 66200
15734 4341 3319 5 11949 11950 42595 42893 30358
15735 3319 3105 5 11948 11950 42593 66795 132769
15736 6007 5655 4 11952 11953 51629 51628
15737 6007 5766 5 11953 11951 13014 43541 43543
15738 6007 5705 5 11951 11952 54582 54202 13013
15739 5538 6753 5 11954 11955 65934 66050 66057
15740 6753 6623 3 11954 11956 49030
15741 3988 3904 6 11957 11958 64857 64976 64977 65023
15742 4088 3904 5 11960 11957 65024 64722 43475
15743 4088 3988 5 11957 11959 63651 64606 65021
15744 1617 1513 6 11962 11963 132261 131538 66453 66454
15745 1878 1513 5 11963 11964 131982 132190 132192
15746 1878 1621 6 11964 11961 130591 133218 132181 131981
15747 1878 1617 4 11961 11963 132259 130589
15748 1513 1621 6 11962 11964 131980 24496 24497 131693
15749 2103 2338 3 11965 11966 118239
15750 2103 2444 5 11966 11967 119468 119470 119717
15751 2092 2444 4 11967 11968 119973 119603
15752 2092 2103 7 11965 11967 117224 117226 119593 119591 118240
15753 2444 2338 7 11966 11968 119120 79705 79703 119917 119733
15754 2966 3244 5 11969 11970 65883 65881 132933
15755 2966 3272 7 11970 11971 132916 66802 66800 62881 62884
15756 3131 3272 3 11971 11972 49872
15757 3131 3244 6 11972 11969 133009 133099 66468 49871
15758 3131 2966 5 11969 11971 131828 131830 132210
15759 3272 3244 5 11970 11972 42810 42811 66866
15760 3938 4216 3 11973 11974 64368
15761 3125 3407 5 11975 11976 134095 133869 64380
15762 3579 3407 6 11977 11975 64382 64549 48696 48694
15763 3550 3407 5 11976 11977 48406 32596 32593
15764 5940 6069 5 11978 11979 50852 40842 40845
15765 5940 6443 8 11979 11980 54674 54708 54707 54705 54739 50853
15766 6011 6443 3 11980 11981 51539
15767 6011 5940 7 11978 11980 54675 41317 41316 51724 43921
15768 5675 4686 4 11983 11984 58125 58319
15769 5675 4938 7 11984 11982 66868 66900 66905 66876 58124
15770 5675 4853 5 11982 11983 43183 40119 40118
15771 2671 2777 7 11985 11986 141737 141810 58824 58825 58680
15772 2671 3159 7 11986 11987 141735 141725 132530 132529 141738
15773 2827 3159 4 11987 11988 29246 58720
15774 2827 2777 7 11988 11985 58682 141985 141987 141978 29244
15775 2827 2671 7 11985 11987 141736 58499 34685 34687 58681
15776 3159 2777 4 11986 11988 29245 141739
15777 4150 4219 4 11989 11990 69502 69698
15778 5750 5767 8 11992 11993 12201 12200 12269 54561 54225 54226
15779 5750 6088 5 11993 11994 51742 54480 54479
15780 6122 6088 7 11994 11995 51176 54431 54441 54442 51743
15781 6122 5767 4 11995 11992 53923 51175
15782 6122 5750 7 11992 11994 51741 43768 43767 54513 54385
15783 6088 5767 6 11993 11995 43409 43411 54611 54487
15784 6025 6022 7 11997 11998 53866 43544 43542 54495 54482
15785 6391 6022 3 11998 11999 51130
15786 6391 6140 6 11999 11996 53887 50633 50635 51129
15787 6391 6025 7 11996 11998 53867 54100 54098 54095 54005
15788 6022 6140 7 11997 11999 51128 50604 50605 37825 37822
15789 5479 5307 6 12001 12002 12505 12503 41421 12547
15790 5334 5307 5 12002 12003 57772 57792 57542
15791 5334 5316 5 12003 12000 12546 41365 57769
15792 5334 5479 5 12000 12002 54673 54670 12545
15793 5307 5316 6 12001 12003 57771 41423 12470 12469
15794 4278 4683 6 12004 12005 57952 42896 42897 58258
15795 9648 9714 6 12006 12007 155560 156785 155688 42086
15796 9648 9756 4 12007 12008 39191 39192
15797 9415 9714 5 12009 12006 42088 34189 34188
15798 9415 9648 6 12006 12008 156778 156788 156881 42087
15799 9756 9714 4 12007 12009 40083 40082
15800 2361 2803 4 12011 12012 58490 132840
15801 3017 2803 7 12012 12013 141995 141960 141961 59641 58492
15802 3017 2300 4 12013 12010 141959 142369
15803 3017 2361 5 12010 12012 58491 142292 141958
15804 2803 2300 5 12011 12013 142161 141820 132842
15805 1671 1584 4 12014 12015 28640 138103
15806 1671 1504 6 12015 12016 138365 127212 127213 28641
15807 1546 1504 7 12016 12017 138050 138049 138220 138221 138362
15808 1546 1584 6 12017 12014 138292 130984 130983 138472
15809 1546 1671 4 12014 12016 129546 129547
15810 1504 1584 5 12015 12017 131236 131235 28642
15811 2525 2997 3 12018 12019 41698
15812 2525 3093 5 12019 12020 141930 141931 142294
15813 2233 3093 4 12020 12021 58344 58341
15814 2233 2997 9 12021 12018 41700 138210 142142 58326 58324 142305 141664
15815 2233 2525 7 12018 12020 142308 142306 142380 57437 41699
15816 3093 2997 5 12019 12021 141663 141728 141967
15817 5850 5759 8 12023 12024 57637 40835 40238 40236 40446 41539
15818 5850 4880 5 12024 12022 41201 41478 41479
15819 5850 5513 5 12022 12023 58370 58387 41200
15820 1984 2722 7 12026 12027 132515 42923 42924 133102 133136
15821 2131 2722 3 12027 12028 132809
15822 2131 2721 7 12028 12025 133096 142478 132862 132227 132228
15823 2131 1984 5 12025 12027 133105 133056 133055
15824 2722 2721 6 12026 12028 132808 132220 132221 133137
15825 3710 4222 7 12030 12031 62877 66261 66280 61971 61968
15826 3710 3439 5 12031 12029 62886 62885 62876
15827 3710 3465 4 12029 12030 64307 66334
15828 2641 2704 6 12032 12033 137232 137396 137045 137044
15829 2641 2731 8 12033 12034 137374 137401 137010 137008 137349 137233
15830 2426 2731 4 12034 12035 29809 137375
15831 2426 2704 5 12035 12032 63271 63272 29808
15832 2426 2641 6 12032 12034 137332 137331 62544 62543
15833 2731 2704 7 12033 12035 29449 29451 57913 62501 62500
15834 3734 3549 5 12036 12037 66695 62913 62911
15835 3914 3549 5 12039 12036 133133 42892 42755
15836 3914 3734 6 12036 12038 62703 58417 58415 133131
15837 1561 1651 6 12041 12042 21762 21765 26004 117764
15838 1746 1651 5 12042 12043 119040 119375 117922
15839 1746 1807 4 12043 12040 116425 116422
15840 1746 1561 7 12040 12042 117842 117844 123378 123519 117854
15841 1651 1807 5 12041 12043 119039 119187 117765
15842 1806 1502 4 12045 12046 128849 136434
15843 1586 1502 7 12046 12047 33868 33867 131558 131559 128850
15844 1586 1858 4 12047 12044 132305 132397
15845 1586 1806 5 12044 12046 128848 135831 132304
15846 1502 1858 7 12045 12047 28975 28972 131973 132173 132172
15847 205 4905 7 12049 12050 132714 132715 141957 142277 142394
15848 6309 4905 6 12050 12051 41296 41297 42887 42888
15849 6309 205 4 12048 12050 142469 142378
15850 4905 2138 4 12049 12051 58632 58634
15851 2997 2969 8 12052 12053 141728 138209 138210 142145 141833 138297
15852 2997 3271 7 12053 12054 59043 142248 142263 141664 141663
15853 3291 3271 7 12054 12055 30395 58869 58867 58716 58717
15854 3291 2969 6 12055 12052 138298 58547 58549 30393
15855 3291 2997 3 12052 12054 59044
15856 3271 2969 4 12053 12055 30394 141729
15857 11414 11349 3 12056 12057 144259
15858 11414 11407 8 12057 12058 111088 111089 126791 126792 128581 128582
15859 11449 11407 5 12058 12059 144625 144919 124315
15860 11449 11349 7 12059 12056 144260 126302 126301 126336 144624
15861 11449 11414 8 12056 12058 124314 144925 145828 144545 125690 125689
15862 11407 11349 6 12057 12059 144500 144501 145749 145777
15863 1320 1366 7 12060 12061 137062 138548 138082 136504 136505
15864 1320 1268 5 12061 12062 127688 33721 33722
15865 1372 1268 10 12062 12063 29462 138041 138761 131146 126824 126822 129336 127690
15866 1372 1366 5 12063 12060 138114 138125 29461
15867 1372 1320 3 12060 12062 127689
15868 1268 1366 6 12061 12063 29460 23533 23532 30046
15869 4735 4638 8 12064 12065 69585 70075 70077 70104 70087 70085
15870 4735 4494 5 12065 12066 70005 55917 55920
15871 4634 4494 4 12066 12067 60892 61684
15872 4634 4638 7 12067 12064 70088 56597 56599 59944 59943
15873 4634 4735 4 12064 12066 70004 70053
15874 4494 4638 5 12065 12067 60891 69605 69586
15875 4892 5088 3 12069 12070 69350
15876 4955 5088 6 12070 12071 68053 61503 61505 69498
15877 4955 4857 3 12071 12068 68550
15878 7292 7011 5 12072 12073 46765 52953 53021
15879 7292 7141 5 12073 12074 52658 52656 46766
15880 7146 7292 6 12072 12074 52768 52767 53230 53022
15881 3779 3277 4 12075 12076 61825 12117
15882 3655 3486 3 12077 12078 64936
15883 3655 3277 7 12078 12075 12119 48441 48443 63487 64926
15884 3655 3779 6 12075 12077 66466 12324 12321 12118
15885 3486 3277 12 12076 12078 64935 64824 28586 28588 64474 134975 135675 66566 66563 66456
15886 6329 6388 7 12079 12080 53802 54512 51549 51547 54003
15887 6588 6388 8 12080 12081 51019 51021 53871 51013 51012 51452
15888 6388 6621 4 12079 12081 52401 53639
15889 5243 5499 5 12082 12083 43698 43696 57273
15890 5243 5815 6 12083 12084 54179 66916 57950 57858
15891 5612 5815 6 12084 12085 41194 54180 54172 54173
15892 5612 5243 4 12082 12084 41955 41954
15893 5815 5499 4 12083 12085 41192 57859
15894 4327 4326 4 12087 12088 64901 65114
15895 3969 4451 5 12089 12090 65043 65045 12702
15896 3969 4326 4 12090 12087 65042 65040
15897 4451 4326 6 12088 12090 65046 65278 64952 64902
15898 3821 3475 5 12091 12092 62141 62280 62283
15899 3779 3475 5 12093 12091 12118 12117 61823
15900 3669 3475 5 12092 12093 62275 66629 62142
15901 6287 6143 4 12094 12095 77441 77424
15902 6083 6490 4 12096 12097 91779 50909
15903 6083 6143 10 12097 12094 77426 90903 77032 77033 91156 91155 72692 72693
15904 6490 6143 9 12095 12097 91780 91438 91437 95753 77609 72649 72648
15905 4140 4803 5 12099 12100 33432 30256 30254
15906 4017 3105 4 12101 12098 43465 132990
15907 4017 4140 6 12098 12100 33431 43732 66274 43464
15908 4803 3105 6 12099 12101 133030 42946 42799 41802
15909 5555 5615 6 12102 12103 67399 67420 67685 67327
15910 5615 5408 3 12102 12104 54500
15911 3614 3751 3 12105 12107 61934
15912 3806 3756 4 12106 12108 24367 24369
15913 4129 4252 5 12109 12110 67196 67197 43252
15914 4129 3799 5 12110 12111 61816 67050 67193
15915 4317 3799 6 12111 12112 67036 48984 48982 61818
15916 4317 4252 5 12112 12109 43254 66975 67034
15917 4317 4129 5 12109 12111 61817 66938 43253
15918 3799 4252 4 12110 12112 67035 67150
15919 7031 6854 6 12114 12115 44299 44200 44191 43156
15920 6922 6854 6 12115 12116 42547 42939 43245 43501
15921 6922 6925 4 12116 12113 33493 33495
15922 6922 7031 8 12113 12115 44300 44329 44337 44426 44316 44315
15923 6854 6925 6 12114 12116 42546 49664 44159 43157
15924 3475 3655 4 12118 12119 62282 62283
15925 3277 3475 7 12117 12119 64309 64310 66574 66557 61824
15926 3207 3503 5 12120 12121 62731 14654 14657
15927 3207 3179 5 12121 12122 62984 64103 62973
15928 3156 3179 6 12122 12123 28876 64196 62962 62961
15929 3156 3503 5 12123 12120 62830 12693 12695
15930 3156 3207 5 12120 12122 62933 62094 62093
15931 3179 3503 4 12121 12123 28875 62930
15932 4648 4600 5 12124 12125 67915 65182 61585
15933 4648 4481 4 12125 12126 50816 50817
15934 4326 4481 6 12126 12127 64902 64901 54384 54381
15935 4326 4600 5 12127 12124 61586 65256 64952
15936 4326 4648 7 12124 12126 64889 64891 67139 65232 61584
15937 3900 3693 8 12129 12130 42402 57810 41752 41753 42508 42506
15938 3461 3900 4 12128 12130 41288 41290
15939 3693 3990 6 12129 12131 58509 58746 58745 57666
15940 4663 4950 8 12132 12133 67225 67585 67582 67581 67569 67572
15941 4663 4861 4 12133 12134 54547 64853
15942 4566 4861 5 12134 12135 12379 67092 54548
15943 4566 4950 4 12135 12132 67098 12378
15944 4861 4950 5 12133 12135 12377 66882 66883
15945 3545 3663 7 12139 12136 58957 58958 59116 59103 59096
15946 3545 3536 3 12136 12138 61741
15947 3328 3663 4 12137 12139 59097 28801
15948 5619 5602 9 12140 12141 67665 67764 40661 40660 53734 53777 53132
15949 3524 3713 5 12142 12143 58468 58595 24836
15950 3524 3712 5 12143 12144 58206 58208 58469
15951 3159 3712 6 12144 12145 29956 29954 58647 58709
15952 3159 3713 6 12145 12142 24837 41655 41654 58283
15953 3712 3713 7 12143 12145 42874 42876 57889 58422 58470
15954 4019 3912 7 12146 12147 58485 57997 57998 58094 42504
15955 4726 3912 4 12149 12146 42505 58332
15956 4726 4019 4 12146 12148 58067 42503
15957 3965 3912 4 12147 12149 58345 58486
15958 4466 4525 5 12150 12151 81423 71633 71631
15959 4466 4699 5 12151 12152 80583 80581 81529
15960 4548 4699 5 12152 12153 61216 61218 63792
15961 4548 4525 4 12153 12150 71934 71936
15962 4548 4466 7 12150 12152 61307 61304 81449 73451 73453
15963 4699 4525 5 12151 12153 72000 71999 81393
15964 5153 5259 5 12155 12156 29928 54543 67636
15965 5341 5259 5 12156 12157 63653 54470 29929
15966 5341 4950 7 12157 12154 53785 62417 62418 67397 65459
15967 5341 5153 4 12154 12156 29927 53784
15968 5259 4950 4 12155 12157 65458 67489
15969 3696 3727 11 12158 12159 61894 62025 62459 62397 41803 41805 62398 62096 60476
15970 3696 3948 4 12159 12160 28003 61895
15971 3874 3948 6 12160 12161 62379 62380 62109 28005
15972 3874 3727 3 12161 12158 60477
15973 3874 3696 6 12158 12160 28004 60713 58928 58929
15974 3948 3727 7 12159 12161 42493 42495 61919 62290 61896
15975 5182 5138 6 12162 12163 69775 69306 67166 41217
15976 5182 5116 6 12163 12164 61143 61144 54875 54873
15977 5055 5116 5 12164 12165 58222 56683 56682
15978 5055 5182 5 12162 12164 55928 55700 41218
15979 5116 5138 7 12163 12165 51767 51764 69190 69780 69790
15980 3639 3546 4 12168 12166 61215 62355
15981 3639 3602 5 12166 12167 62331 62765 61214
15982 3860 4608 3 12170 12171 61808
15983 3860 4365 6 12171 12169 57210 57753 58137 61807
15984 3860 3921 8 12169 12170 61820 58493 57643 57426 57428 57208
15985 6047 6293 4 12172 12173 41292 41295
15986 6047 6464 5 12173 12174 51267 54368 54224
15987 6410 6464 4 12174 12175 51002 51003
15988 6410 6293 6 12175 12172 54296 54423 42300 42302
15989 6464 6293 6 12173 12175 54132 53808 53807 54190
15990 5206 5063 5 12176 12177 62416 67744 67580
15991 5206 5341 7 12177 12178 67925 67731 67730 67525 62417
15992 5445 5341 7 12178 12179 67388 54539 54540 67354 67926
15993 5445 5206 4 12176 12178 67424 67425
15994 5341 5063 4 12177 12179 67398 62418
15995 3762 3837 5 12182 12180 60608 60606 60342
15996 4301 4213 5 12183 12184 61619 61245 61244
15997 4239 4213 5 12185 12183 61424 61425 81692
15998 4021 4213 6 12184 12185 81407 61195 61067 61066
15999 6951 7237 4 12186 12187 20635 20636
16000 6951 7331 6 12187 12188 100845 93435 93434 84719
16001 7185 7331 4 12188 12189 99702 100222
16002 7185 7237 6 12189 12186 99032 99030 93243 93242
16003 7185 6951 7 12186 12188 100200 100199 100596 100522 100523
16004 7331 7237 6 12187 12189 99701 100150 19959 19958
16005 6008 6154 6 12190 12191 50979 50977 54600 54197
16006 6008 6328 4 12191 12192 54010 51782
16007 6184 6328 6 12192 12193 54676 54151 41887 41888
16008 6184 6154 3 12193 12190 54199
16009 6328 6154 7 12191 12193 54706 42662 42661 54114 51783
16010 5899 6049 8 12194 12195 56094 56297 56300 70180 55247 55248
16011 6118 6213 8 12196 12197 13087 13090 55725 55723 55840 51713
16012 6118 6049 8 12197 12194 56039 56283 56287 56280 56064 51869
16013 6118 5899 3 12194 12196 51712
16014 6213 6049 3 12195 12197 51868
16015 5581 5750 5 12199 12200 12267 68011 68006
16016 5767 5672 4 12201 12198 54612 54487
16017 5767 5581 5 12198 12200 12268 67997 67998
16018 5750 5672 5 12199 12201 54479 54478 54557
16019 5488 5838 6 12203 12204 12872 50810 50813 54905
16020 5413 5838 7 12204 12205 51834 51812 51084 13607 12874
16021 5838 5435 5 12203 12205 68181 68128 54906
16022 4081 4303 4 12207 12208 61849 61857
16023 4296 4303 8 12208 12209 61912 65291 65508 65507 61879 61850
16024 4296 4094 4 12209 12206 12820 61898
16025 4296 4081 5 12206 12208 61475 60961 12819
16026 4075 3948 6 12210 12211 62329 62290 62291 62423
16027 4075 4215 6 12211 12212 67126 67125 62402 62401
16028 4187 4215 7 12212 12213 62225 62226 61802 61796 61794
16029 4187 3948 4 12213 12210 62239 62238
16030 4215 3948 5 12211 12213 62082 15589 15586
16031 4110 4019 3 12216 12217 56984
16032 4110 4365 6 12217 12218 58050 42498 42499 57753
16033 3898 4365 3 12218 12219 58096
16034 3898 4019 6 12219 12216 56985 58093 58094 58095
16035 4365 4019 6 12217 12219 57956 57958 57209 57210
16036 5763 6015 4 12221 12222 13056 53835
16037 6015 5973 5 12220 12222 13055 51366 51365
16038 11924 7048 7 12223 12224 19130 19129 49536 50151 50152
16039 11924 6704 4 12224 12225 91018 48370
16040 6528 6704 8 12225 12226 50752 17678 17680 50266 96773 96796
16041 6528 11924 3 12223 12225 91006
16042 6704 7048 6 12224 12226 50753 43444 43441 48371
16043 6494 6773 8 12227 12228 27469 27470 41165 41166 54152 54108
16044 6735 6773 5 12229 12227 43234 43236 43906
16045 6691 6773 6 12228 12229 43959 44281 53954 53815
16046 5947 6269 7 12230 12231 49602 49784 49785 49847 49825
16047 6302 6581 6 12232 12233 48913 49646 49676 49778
16048 6302 5947 4 12230 12232 49857 49826
16049 6581 6269 3 12231 12233 48912
16050 5224 5411 8 12234 12235 13402 70785 70943 71220 15402 15403
16051 5224 5269 9 12235 12236 70941 70940 70975 72077 72162 17242 13403
16052 5487 5411 6 12237 12234 70957 70958 16723 16724
16053 5487 5224 4 12234 12236 70963 70962
16054 5269 5411 3 12235 12237 13404
16055 4482 4277 6 12239 12240 61626 69654 69662 69660
16056 4447 4488 5 12241 12238 69568 61631 61630
16057 4447 4482 6 12238 12240 61625 59948 59947 69664
16058 4277 4488 5 12239 12241 56625 56622 69661
16059 4924 5052 7 12242 12243 41354 41353 69312 69854 54998
16060 4924 5034 6 12243 12244 61598 13038 13037 54414
16061 5055 5034 4 12244 12245 53743 61599
16062 5055 4924 4 12242 12244 61597 54999
16063 5034 5052 5 12243 12245 53741 67678 54415
16064 4914 5277 6 12247 12248 67806 67032 61601 61602
16065 5111 4881 8 12249 12246 62419 56707 56706 42293 42292 57028
16066 5111 4914 4 12246 12248 13044 13043
16067 5277 4881 4 12247 12249 57029 57749
16068 4212 4034 3 12250 12251 59229
16069 4052 4150 3 12252 12253 58141
16070 4150 4034 11 12251 12253 61749 61748 61693 15577 15576 60969 61799 59131 59132
16071 4106 3802 6 12254 12255 61819 61805 61803 58519
16072 4106 3860 7 12255 12256 12581 61100 61807 61808 61820
16073 3720 3860 7 12256 12257 58153 41405 41403 58812 12582
16074 3720 3802 6 12257 12254 58521 12493 12491 12490
16075 3720 4106 6 12254 12256 12580 59000 60424 58520
16076 3860 3802 4 12255 12257 58495 58493
16077 3762 4116 3 12258 12259 60186
16078 6215 5948 5 12261 12262 41513 57873 41526
16079 6348 5948 4 12262 12263 40583 41254
16080 4806 4473 6 12264 12265 68717 68718 68835 57349
16081 4693 4473 4 12265 12266 68460 68716
16082 5581 5409 8 12267 12268 54821 54822 57712 68079 68004 68003
16083 5750 5409 5 12269 12267 68012 57300 57302
16084 5767 5409 8 12268 12269 68043 67927 67700 67702 67951 67953
16085 3751 3598 7 12270 12271 66625 66626 67183 62702 62701
16086 3751 3602 4 12271 12272 67191 67178
16087 3816 3602 8 12272 12273 60283 64928 57685 57684 62767 62925
16088 3816 3598 3 12273 12270 60282
16089 3816 3751 6 12270 12272 67188 63556 62776 62774
16090 5831 6458 5 12274 12275 12278 42723 67292
16091 5831 6693 3 12275 12276 12279
16092 5461 6458 4 12277 12274 67294 43201
16093 6693 6458 7 12275 12277 43200 43213 43220 43299 12280
16094 6720 6719 6 12282 12283 42792 42791 44333 44172
16095 6720 6975 4 12281 12282 44171 40768
16096 6293 6483 5 12284 12285 54233 54133 53808
16097 6293 6091 5 12285 12286 51031 51030 54234
16098 6338 6293 4 12284 12286 54191 53807
16099 4487 4693 4 12287 12288 68736 68735
16100 3846 3648 4 12290 12289 64737 64736
16101 6202 6410 4 12291 12292 54315 54242
16102 6113 5866 5 12295 12296 43487 43488 66257
16103 5686 5866 8 12296 12297 67298 66316 61724 42855 42854 43316
16104 5686 6113 3 12294 12296 43670
16105 5866 5728 3 12295 12297 67299
16106 5262 5154 6 12298 12299 57126 56705 12995 12996
16107 5277 5154 6 12300 12298 54816 54815 67033 61601
16108 4936 4799 8 12301 12302 69157 69159 81514 72025 72024 72426
16109 4892 4799 8 12302 12303 68703 67862 67863 68737 69304 69303
16110 4799 5147 6 12301 12303 68977 68976 72363 72364
16111 5110 5303 4 12304 12305 12370 57304
16112 5110 5262 8 12305 12306 57213 57125 57126 57414 56712 12371
16113 5330 5110 3 12304 12306 57305
16114 5262 5303 3 12305 12307 12372
16115 6347 6446 6 12308 12309 49609 49607 49774 12599
16116 6347 5714 5 12309 12310 65439 43814 43816
16117 5938 6347 4 12308 12310 65438 12598
16118 5065 4714 6 12311 12312 66987 12512 12510 34175
16119 5761 4714 3 12313 12311 34177
16120 6562 6359 6 12316 12314 43734 43677 42409 42406
16121 6872 6359 4 12315 12316 34050 34049
16122 7386 8368 3 12317 12318 49136
16123 8262 7981 4 12319 12320 43116 43078
16124 8262 7386 7 12317 12319 43075 43076 49357 49138 49137
16125 7981 8368 7 12318 12320 43114 44778 44768 44770 49141
16126 3821 3946 5 12322 12323 67163 65049 65048
16127 3655 3946 4 12323 12324 63585 63584
16128 3655 3821 6 12321 12323 67162 66409 62281 62283
16129 6954 7428 8 12325 12326 12328 43179 43566 43515 43513 42532
16130 7428 6770 5 12325 12327 42823 42834 42533
16131 6954 7437 6 12328 12329 42781 34124 34125 43178
16132 7437 7428 5 12328 12330 40991 40993 42950
16133 5723 6562 6 12331 12332 42596 42597 43376 42565
16134 5723 5981 6 12332 12333 66836 66837 57963 42650
16135 5887 5981 4 12333 12334 33961 43648
16136 5887 5723 4 12331 12333 57895 42566
16137 5981 6562 6 12332 12334 33960 42331 42330 42651
16138 6744 6458 10 12337 12338 42863 43308 43217 43216 43223 43224 43711 43477
16139 6744 6272 3 12335 12337 41184
16140 6458 6626 3 12336 12338 42862
16141 7563 7406 4 12339 12340 42785 42615
16142 6390 6679 4 12342 12343 51442 51503
16143 4298 4371 7 12344 12345 63942 63941 66225 64044 64047
16144 4298 4451 5 12345 12346 65043 65046 65277
16145 4145 4451 7 12346 12347 44058 64991 64992 65120 65045
16146 4145 4371 5 12347 12344 63485 63484 44057
16147 4145 4298 5 12344 12346 65044 12690 12691
16148 4451 4371 6 12345 12347 44056 48734 64780 65276
16149 4247 4249 5 12348 12349 69124 82802 61280
16150 3983 4126 7 12350 12351 59934 60068 59588 59589 60825
16151 3983 4249 5 12351 12348 13883 13884 59386
16152 4874 4757 9 12352 12353 68782 68697 12555 12556 68871 68866 68867
16153 4874 4456 6 12353 12354 73156 72598 68106 68104
16154 4826 4456 5 12354 12355 68452 71938 72361
16155 4826 4757 4 12355 12352 67884 67885
16156 4826 4874 7 12352 12354 73152 72511 68548 68547 68865
16157 4456 4757 6 12353 12355 68451 50602 50601 68802
16158 4031 3946 6 12356 12357 63569 66235 65048 14583
16159 4497 3946 4 12357 12358 66227 63571
16160 962 784 6 12359 12360 34419 27074 27077 132429
16161 962 902 5 12360 12361 34129 34128 142697
16162 422 902 10 12361 12362 58347 142398 142532 142538 142320 142319 142602 39949
16163 422 784 4 12362 12359 27448 27450
16164 422 962 4 12359 12361 39948 58763
16165 902 784 7 12360 12362 58346 130827 130826 131021 142698
16166 4952 5020 4 12363 12364 67853 57371
16167 4952 5113 7 12364 12365 57537 57538 57737 67656 67851
16168 5081 5113 3 12365 12366 57295
16169 5081 4952 8 12363 12365 57026 40390 40389 12498 12497 57372
16170 5113 5020 5 12364 12366 57215 57214 67837
16171 5513 6203 7 12367 12368 58378 58638 56957 41797 41795
16172 5759 6203 3 12368 12369 57768
16173 6203 5336 7 12367 12369 57767 57642 41534 41326 41327
16174 5110 5329 6 12370 12371 56711 69848 57382 57306
16175 5329 5303 11 12370 12372 57164 57166 57257 57277 57244 57243 57203 57201 57307
16176 4541 4479 5 12373 12374 57784 67511 67510
16177 4541 4556 6 12374 12375 61204 53489 53487 57785
16178 4608 4556 5 12375 12376 58852 57807 57806
16179 4608 4541 5 12373 12375 61669 67208 67207
16180 4956 4566 4 12378 12379 67091 67097
16181 4444 4322 4 12380 12381 73101 71782
16182 4444 4397 7 12381 12382 14552 63694 63693 71940 81219
16183 4587 4397 4 12382 12383 73014 14554
16184 4587 4322 4 12383 12380 13634 13633
16185 4587 4444 6 12380 12382 14553 73045 16483 16482
16186 4397 4322 6 12381 12383 73013 61349 61348 71806
16187 5328 5215 6 12385 12386 80948 85500 16524 16526
16188 5125 5215 4 12386 12387 16611 74221
16189 5125 5313 4 12387 12384 13616 16610
16190 5125 5328 4 12384 12386 71194 13615
16191 6305 6106 6 12388 12389 12890 12891 50767 50769
16192 6400 6271 7 12390 12391 87643 87188 87187 85234 85235
16193 6400 6570 6 12391 12392 85590 85588 87540 87644
16194 6413 6570 5 12392 12393 35428 35431 87163
16195 6413 6271 5 12393 12390 87457 87305 87178
16196 6413 6400 6 12390 12392 87347 86080 85598 85599
16197 6570 6271 5 12391 12393 53196 53193 86412
16198 5799 5964 5 12395 12396 12805 55859 17395
16199 5983 6127 4 12398 12399 51265 51266
16200 4775 4716 8 12402 12400 74572 72901 72903 74230 74480 73469
16201 4775 4957 5 12400 12401 74934 74808 74571
16202 6511 6454 5 12403 12404 55026 56047 55660
16203 6511 6286 5 12404 12405 51959 16697 16698
16204 6608 6286 5 12405 12406 52127 51907 51906
16205 6286 6454 5 12404 12406 17319 17321 55027
16206 6110 6283 6 12407 12408 40516 40514 40705 40707
16207 6849 6179 7 12409 12410 40818 40721 40719 40911 -1
16208 6849 6283 5 12410 12407 56946 57013 41480
16209 6849 6110 6 56993 56992 56945 12407 12409 -1
16210 6179 6283 4 12408 12410 41481 41490
16211 6106 5984 3 12412 12413 12908
16212 6257 5984 5 12413 12414 51125 51127 51170
16213 6257 5924 4 12414 12411 51348 51166
16214 9997 9770 6 12415 12416 99947 99948 102576 84228
16215 9997 9531 5 12416 12417 94446 99417 99418
16216 9603 9531 4 12417 12418 19949 19950
16217 9603 9770 4 12418 12415 84230 101535
16218 9603 9997 7 12415 12417 94447 22391 22390 102324 84229
16219 9531 9770 8 12416 12418 102348 102464 99881 99880 102456 101339
16220 5216 5281 5 12421 12422 17219 17217 17296
16221 5216 5229 4 12422 12423 70559 70451
16222 5360 5216 6 12421 12423 70354 70353 70223 70222
16223 5083 4943 3 12424 12425 65212
16224 5083 4745 6 12425 12426 67349 62310 62311 68325
16225 5172 4745 6 12426 12427 65106 65103 12745 12744
16226 5172 4943 6 12427 12424 44125 44126 65224 65151
16227 5172 5083 5 12424 12426 67348 67434 65211
16228 4745 4943 7 12425 12427 65150 65194 14726 14725 68187
16229 5121 5145 7 12428 12429 50080 69005 12841 12842 72882
16230 4874 5145 7 12431 12428 72884 73151 72511 72494 72493
16231 4874 5121 4 12428 12430 65584 65585
16232 5045 5145 6 12429 12431 72456 55896 55895 50081
16233 7589 7694 6 12432 12433 40070 44002 53115 43993
16234 7589 7607 5 12433 12434 41650 44027 40071
16235 7493 7694 5 12435 12432 43995 38204 38203
16236 7493 7589 5 12432 12434 41649 42211 43994
16237 7607 7694 5 12433 12435 45207 45206 40072
16238 5467 5496 6 12436 12437 55740 53694 53695 56610
16239 5467 5452 3 12437 12438 55739
16240 5586 5452 7 12438 12439 57338 69140 68118 68117 69908
16241 5586 5496 4 12439 12436 56612 57337
16242 5586 5467 5 12436 12438 69909 69831 56611
16243 4461 4437 4 12442 12443 61814 67118
16244 4461 4399 5 12443 12440 67090 61135 61137
16245 4437 4399 4 12441 12443 61813 61417
16246 4751 4823 7 12444 12445 51779 51777 48815 48816 68747
16247 4751 4639 5 12445 12446 65229 65227 68380
16248 4615 4639 8 12446 12447 63378 68798 68778 68779 63749 63750
16249 4615 4823 4 12447 12444 68193 63377
16250 4615 4751 4 12444 12446 68618 68615
16251 4639 4823 5 12445 12447 63376 12807 12809
16252 4980 5097 5 12449 12450 68178 65158 65156
16253 4980 4926 5 12450 12448 68398 68422 68454
16254 4980 4762 7 12448 12449 68408 68409 68234 68146 68145
16255 6618 6848 3 12451 12452 50965
16256 6618 6488 8 12452 12453 51008 50707 50575 19313 19311 46530
16257 6881 6488 3 12453 12454 48056
16258 6881 6618 6 12451 12453 51010 50985 50318 50317
16259 5111 5222 6 12455 12456 67725 67696 57775 54659
16260 5111 4956 8 12456 12457 57729 56708 56707 62420 67527 67724
16261 5153 5111 4 12455 12457 57774 54658
16262 6315 6463 3 12458 12459 18336
16263 6315 6426 5 12459 12460 90313 88411 18337
16264 6316 6426 7 12460 12461 18212 91930 91748 50783 50782
16265 6316 6463 5 12461 12458 90938 90940 18211
16266 6316 6315 7 12458 12460 90130 90129 90558 90557 91996
16267 6426 6463 5 12459 12461 18210 74920 18338
16268 5316 5262 6 12462 12463 12544 12546 41364 12470
16269 2740 2965 6 12465 12466 137256 141925 133304 133302
16270 2740 3132 6 12466 12467 62714 131327 66640 66641
16271 3045 3132 5 12467 12468 62665 62663 62664
16272 3045 2965 5 12468 12465 133296 133298 133318
16273 3045 2740 6 12465 12467 62715 133198 141976 141912
16274 3132 2965 5 12466 12468 137301 66541 66540
16275 3620 3879 8 12471 12472 57882 57883 66699 66704 66826 66828
16276 3681 3558 10 12473 12474 60813 60812 62341 62440 62641 62642 64419 66644
16277 3681 3879 5 12474 12471 66898 67085 66697
16278 3681 3620 5 12471 12473 66657 67115 66897
16279 3558 3879 3 12472 12474 58197
16280 2483 1990 5 12475 12476 66809 131956 132970
16281 1946 2207 5 12477 12478 137651 133332 133333
16282 1946 1990 10 12478 12475 132682 66754 27715 27714 131043 131042 132468 137648
16283 1946 2483 4 12475 12477 62496 62497
16284 3686 3892 3 12479 12480 59104
16285 3686 3700 8 12480 12481 30277 30275 58844 59079 57497 57498
16286 3447 3700 4 12481 12482 58648 58804
16287 3700 3892 5 12480 12482 57053 57052 57704
16288 4389 4569 7 12484 12485 41545 41544 59166 58988 58987
16289 5593 5447 6 12486 12487 62257 51254 51252 67756
16290 5593 5530 8 12487 12488 67741 67599 57623 57624 57728 67681
16291 5222 5530 3 12488 12489 67396
16292 5222 5447 6 12489 12486 57776 54659 54660 67395
16293 5222 5593 5 12486 12488 67752 67751 67754
16294 5530 5447 7 12487 12489 54646 54645 54754 67614 67611
16295 3802 3314 4 12491 12492 12523 12494
16296 3349 3802 7 12490 12492 57015 59111 58947 58494 58495
16297 3802 3663 7 12493 12494 12522 58444 58958 58956 59090
16298 3314 3663 9 12494 12495 26650 26649 62555 59102 59103 59115 12524
16299 3663 3720 4 12493 12495 62240 59091
16300 4952 4729 6 12496 12497 57535 58850 18686 18687
16301 5137 4729 6 12499 12496 57546 57544 57543 57556
16302 5137 4952 6 12496 12498 57495 41076 41073 41153
16303 5081 4729 4 12497 12499 57553 57536
16304 3822 3972 5 12502 12500 59081 59343 59345
16305 3706 3972 3 12501 12502 57510
16306 5479 5544 3 12503 12504 57194
16307 5479 5648 7 12504 12505 54673 54671 41418 41196 41197
16308 5307 5648 4 12505 12506 57763 57542
16309 5307 5544 7 12506 12503 57195 57251 41791 12550 12551
16310 5648 5544 5 12504 12506 57762 57697 57310
16311 5202 5236 8 12508 12509 65093 68018 67676 67677 69812 69813
16312 5202 5504 7 12509 12507 69868 67994 67993 55898 55897
16313 5202 5402 3 12507 12508 69861
16314 5065 4760 6 12510 12511 58257 58254 58255 67049
16315 5065 5036 8 12511 12512 66985 43170 43171 58230 66925 66736
16316 4714 5036 5 12512 12513 66963 66969 66970
16317 4714 4760 6 12513 12510 65470 65471 66605 66961
16318 5036 4760 4 12511 12513 66962 66737
16319 3325 3564 3 12514 12515 30158
16320 3325 3418 7 12515 12516 59251 59298 30097 30100 57178
16321 3397 3418 4 12516 12517 59401 59252
16322 3397 3564 7 12517 12514 30160 59340 59594 59613 59400
16323 3397 3325 8 12514 12516 58920 58921 60598 60695 58941 30159
16324 7047 7288 4 12518 12519 43840 45195
16325 7047 7107 6 12519 12520 43924 42758 42759 43839
16326 6815 7288 6 12521 12518 40452 40453 41021 39011
16327 7107 7288 7 12519 12521 39012 39900 39901 42219 43799
16328 3802 3278 4 12522 12523 57015 58445
16329 3278 3663 3 12522 12524 58446
16330 4172 4150 7 12526 12527 61937 61961 59129 59132 61384
16331 4406 4150 7 12527 12528 61646 61418 61419 61913 61930
16332 4406 4523 7 12528 12525 59181 67562 67563 56632 56631
16333 4406 4172 5 12525 12527 61936 59984 59180
16334 3755 3867 6 12529 12530 59523 59526 59453 28608
16335 3755 3931 4 12530 12531 57509 59524
16336 3972 3931 9 12531 12532 59352 59360 58862 58863 59346 59345 57510
16337 3972 3867 9 12532 12529 28609 59487 59999 59054 58791 58790 59350
16338 3931 3867 3 12530 12532 59351
16339 4334 4810 8 12533 12534 57778 66712 24889 24888 62293 66459
16340 4334 4535 6 12534 12535 67076 58263 58264 57779
16341 5243 4535 5 12535 12536 58019 58018 58034
16342 5243 4810 7 12536 12533 66461 66917 58267 58266 58240
16343 5243 4334 4 12533 12535 67077 66460
16344 4535 4810 3 12534 12536 57780
16345 5383 5408 8 12537 12538 57781 58226 58229 67596 67326 54500
16346 5383 5072 3 12538 12539 57782
16347 5580 5072 6 12539 12540 67319 67317 67318 67321
16348 5580 5383 4 12537 12539 67093 54501
16349 5072 5408 6 12538 12540 67302 54544 54542 57783
16350 2409 3044 6 12541 12542 57891 141968 142036 142027
16351 3213 3044 8 12543 12541 141994 59856 58660 58659 58473 58472
16352 3123 3044 5 12542 12543 58747 59028 57893
16353 5262 5479 5 12544 12545 67728 41170 41169
16354 5143 5218 7 12548 12549 57853 57978 40994 40995 41235
16355 5143 5544 5 12549 12550 41074 41075 57852
16356 5307 5218 5 12551 12548 57809 57792 57763
16357 5307 5143 4 12548 12550 41790 54182
16358 4506 4686 4 12552 12554 42795 28835
16359 4798 4757 7 12557 12555 65330 65331 68829 68828 68846
16360 5001 4757 4 12556 12557 68849 68850
16361 4399 4215 5 12559 12560 57550 61587 67603
16362 4294 4215 4 12560 12561 61802 57552
16363 4294 4566 5 12561 12558 61759 61758 61801
16364 4294 4399 5 12558 12560 57551 61668 61667
16365 4215 4566 5 12559 12561 61796 61795 67475
16366 5450 6643 4 12562 12563 28926 28929
16367 5450 5907 5 12563 12564 41267 58563 58399
16368 5621 5907 6 12564 12565 41735 41734 41926 41268
16369 5621 6643 3 12565 12562 41809
16370 5621 5450 9 12562 12564 41266 58032 58031 58280 58049 58044 57980
16371 5907 6643 8 12563 12565 41767 41673 41675 41702 58590 58400
16372 5446 5382 5 12567 12568 54933 54932 56253
16373 5446 5529 7 12568 12566 67819 70031 70047 69221 69139
16374 5446 5451 5 12566 12567 70161 56178 56176
16375 6267 6279 7 12569 12570 55284 55282 55292 56857 52074
16376 6267 5967 4 12570 12571 56765 56763
16377 5869 5967 7 12571 12572 39616 39614 57099 56618 56616
16378 5869 6279 3 12572 12569 52076
16379 5869 6267 6 12569 12571 41447 41449 55114 52075
16380 4410 4577 5 12573 12574 64820 65164 64378
16381 4410 4353 4 12574 12575 12755 12753
16382 4235 4577 5 12576 12573 13213 13210 65638
16383 4235 4410 4 12573 12575 64828 64379
16384 4353 4577 6 12574 12576 65635 65634 68786 64821
16385 3455 3677 5 12577 12578 63478 62953 61518
16386 3677 3566 7 12577 12579 63476 63368 63367 63519 61519
16387 4110 3720 3 12582 12580 58986
16388 4110 4106 5 12580 12581 61101 67059 59001
16389 5975 5777 7 12583 12584 70691 88812 87477 87472 70293
16390 5975 5441 10 12584 12585 70215 87099 35563 35566 17414 17415 17087 17090
16391 5798 5975 4 12583 12585 70216 70292
16392 4163 4469 7 12586 12587 65076 67882 66614 66612 67233
16393 4695 4627 7 12588 12589 71652 71685 71696 71681 71613
16394 4695 4472 5 12589 12590 69437 15306 15307
16395 4619 4472 5 12590 12591 70108 70110 69439
16396 4619 4627 4 12591 12588 69518 69517
16397 4619 4695 6 12588 12590 69438 59960 13389 13388
16398 4472 4627 6 12589 12591 70456 16067 16066 68479
16399 4843 4985 4 12592 12593 15543 71977
16400 4843 4802 8 12593 12594 71644 72680 13807 13808 79184 15544
16401 4962 4843 6 12592 12594 71645 71877 71876 73251
16402 3143 3550 5 12595 12596 66069 66145 64744
16403 3143 3237 7 12596 12597 32759 32757 42934 133889 66070
16404 3857 3143 4 12595 12597 49025 62862
16405 6446 6129 4 12599 12600 43324 49090
16406 7007 7041 4 12601 12602 35752 16895
16407 7007 6864 7 12602 12603 17179 87748 87746 86790 86785
16408 6926 6864 3 12603 12604 17180
16409 6926 7041 7 12604 12601 16897 87810 89502 89501 89692
16410 6926 7007 9 12601 12603 17178 86813 88353 88714 89778 52630 16896
16411 6864 7041 5 12602 12604 89693 89718 86786
16412 4520 4689 7 12605 12606 71736 69364 69365 71172 71170
16413 4520 4493 5 12606 12607 12784 12783 71738
16414 4552 4493 5 12607 12608 13194 69465 69464
16415 4552 4689 7 12608 12605 71321 70315 70314 69475 13192
16416 4552 4520 5 12605 12607 74812 74814 80155
16417 4493 4689 6 12606 12608 13193 71570 71637 71737
16418 5139 4928 5 12609 12610 70412 52120 52122
16419 4042 4332 4 12611 12612 13244 13245
16420 4042 4023 7 12612 12613 16170 83284 17598 17597 85220
16421 3939 4023 3 12613 12614 16172
16422 3939 4332 7 12614 12611 16745 16746 15996 15995 16219
16423 3939 4042 6 70556 12611 12613 16171 16498 -1
16424 4023 4332 6 12612 12614 83083 20326 20325 85221
16425 7122 7318 6 12615 12616 52791 52789 52857 52855
16426 7122 7132 9 12616 12617 45952 45953 54016 53936 51481 46640 46641
16427 7264 7318 4 12618 12615 45321 45320
16428 7264 7122 4 12615 12617 53959 52856
16429 7132 7318 3 12616 12618 52861
16430 5984 5877 5 12620 12621 50998 50741 50743
16431 5984 6251 6 12619 12620 51137 51171 51170 12908
16432 6504 6694 9 12623 12624 43457 51089 50489 50492 51258 51256 43455
16433 7054 6694 4 12624 12625 44462 43459
16434 6694 6618 7 12623 12625 50967 50966 50999 50736 43456
16435 6091 6251 6 12626 12627 51122 49815 17802 17800
16436 6091 5877 5 12627 12628 12630 51186 51211
16437 6226 6251 7 12629 12626 49592 46159 45245 45247 51137
16438 6091 5931 8 12630 12631 51210 51199 51197 54345 51214 51187
16439 7040 6696 6 12632 12633 53644 53569 53570 52970
16440 7040 6325 3 12633 12634 54099
16441 6443 6696 3 12635 12632 43961
16442 6443 7040 6 12632 12634 43240 43239 43954 43967
16443 6325 6696 7 12633 12635 43960 54104 54060 53159 53161
16444 5921 5984 5 12637 12638 51104 50741 50742
16445 5834 6145 5 12639 12636 50737 50739 49988
16446 5834 5921 6 12636 12638 13569 13566 51100 51099
16447 5984 6145 7 12637 12639 48971 48970 50744 50710 50708
16448 6444 6548 5 12640 12641 49709 49710 50928
16449 6444 6488 7 12641 12642 50851 50638 49940 49482 49485
16450 6848 6548 3 12643 12640 48055
16451 6488 6548 7 12641 12643 48056 51008 50971 49834 49835
16452 5145 5537 7 12644 12645 72445 72153 17953 17954 69146
16453 5145 5379 7 12645 12646 72483 50081 50080 72836 77864
16454 5433 5379 3 12646 12647 68165
16455 5433 5537 5 12647 12644 69103 68160 68159
16456 5433 5145 5 12644 12646 55894 55896 72457
16457 5379 5537 6 12645 12647 68164 68940 91257 77865
16458 5044 5086 6 12648 12649 68336 65494 63886 63887
16459 5141 5086 6 12649 12650 68563 50878 50879 68337
16460 5086 4982 3 12648 12650 68567
16461 4376 4338 6 12653 12654 20383 20384 73070 73068
16462 4376 4230 6 12654 12651 73719 80613 80642 73437
16463 4376 4267 3 12651 12653 73718
16464 4338 4230 3 12652 12654 73436
16465 5120 5205 7 12656 12657 69289 68060 67938 67940 68200
16466 5120 5030 7 12657 12655 61436 61435 57313 57312 69285
16467 5120 4967 4 12655 12656 68552 68236
16468 5252 5338 3 12659 12660 50863
16469 4973 5338 6 12660 12661 68274 65568 65541 65538
16470 4973 5427 3 12661 12658 68276
16471 5338 5427 8 12659 12661 68275 65565 64577 64576 65266 50864
16472 6624 6927 4 12662 12663 92215 92217
16473 6624 7004 5 12663 12664 90941 91969 92216
16474 6952 7004 5 12664 12665 91801 93050 90943
16475 6952 6927 5 12665 12662 91955 91954 91799
16476 6952 6624 7 12662 12664 90942 92153 92187 92222 92228
16477 7004 6927 8 12663 12665 91800 91796 91795 91339 91306 91307
16478 4171 4251 4 12666 12667 70344 70342
16479 4171 4095 6 12667 12668 82764 82825 82726 82727
16480 4308 4095 5 12668 12669 15585 15584 71425
16481 4308 4251 6 12669 12666 78327 68959 68957 81113
16482 4308 4171 5 12666 12668 69298 69299 82758
16483 4095 4251 6 12667 12669 80043 80040 81152 81153
16484 5211 4803 4 12670 12671 67290 67313
16485 5211 5461 6 12671 12672 67311 67293 67294 67291
16486 4838 5461 3 12672 12673 67310
16487 4838 4803 7 12673 12670 66887 58410 33432 33433 67308
16488 4838 5211 7 12670 12672 64973 50124 50125 66111 67312
16489 4225 4035 7 12675 12676 59113 61943 61893 59995 59998
16490 4180 4208 5 12677 12674 61521 61520 62132
16491 4180 4225 4 12674 12676 59112 61935
16492 4035 4208 5 12675 12677 62364 12679 12681
16493 4036 4035 4 12679 12680 62064 62342
16494 4084 4035 6 12680 12681 59998 59997 61769 62065
16495 4084 4036 5 12678 12680 60930 60929 62111
16496 4764 4615 8 12682 12683 61290 68827 57363 57362 60475 68798
16497 4764 4574 4 12683 12684 67937 61291
16498 4555 4574 5 12684 12685 61383 15642 15644
16499 4555 4615 5 12685 12682 68778 68776 68762
16500 4555 4764 6 12682 12684 65192 65191 68795 68797
16501 4574 4615 6 12683 12685 68760 64766 64765 61292
16502 4497 4697 4 12686 12687 67239 65225
16503 4497 4770 6 12687 12688 28222 28223 66232 66231
16504 4371 4770 6 12688 12689 14616 65274 65276 63942
16505 4371 4697 7 12689 12686 65226 66220 65356 65314 14615
16506 4371 4497 5 12686 12688 63941 64388 64390
16507 4770 4697 7 12687 12689 14614 65027 65026 58085 58084
16508 4145 3839 4 12691 12692 63483 63485
16509 3503 3495 9 12694 12695 28875 62931 28648 28649 67190 64289 64204
16510 3156 3495 5 12695 12696 62854 64195 28876
16511 3156 3306 4 12696 12693 62358 62359
16512 4713 4342 6 12697 12698 67235 67236 67279 67020
16513 4713 4430 7 12698 12699 67120 49674 49675 65085 66288
16514 4017 4430 3 12699 12700 65261
16515 4017 4342 4 12700 12697 49388 49387
16516 4017 4713 8 12697 12699 67226 67306 67278 67277 67276 67021
16517 3969 4237 8 12701 12702 65121 64883 64882 64893 64892 15243
16518 3687 3658 4 12704 12705 14091 78340
16519 5347 5670 5 12707 12708 40447 40448 57271
16520 5412 5670 6 12708 12709 57061 57127 57119 57120
16521 5412 5398 4 12709 12706 56607 57060
16522 7433 6598 8 12710 12711 93442 93440 92057 77824 77825 94828
16523 5851 7222 5 12712 12713 92168 22627 22628
16524 5851 6598 8 12713 12710 94833 74842 74841 74751 74750 74828
16525 5851 7433 5 12710 12712 94538 94862 94834
16526 7222 6598 3 12711 12713 92167
16527 5485 5541 8 12714 12715 51893 51894 13022 13025 68107 68114
16528 5485 5983 3 12715 12716 53902
16529 5655 5485 8 12714 12716 53903 67948 67947 68111 68110 68116
16530 5983 5541 6 12715 12717 68068 68066 68067 67735
16531 5433 5563 6 12718 12719 68922 69063 69059 50794
16532 5433 5574 7 12719 12720 68784 68161 68160 68853 68854
16533 5616 5563 5 12721 12718 50796 63645 63644
16534 5616 5433 5 12718 12720 68817 68933 50795
16535 5574 5563 6 12719 12721 64862 68801 51107 51106
16536 5838 5924 7 12723 12724 51306 51307 51025 51024 51775
16537 5838 5898 3 12724 12722 51669
16538 6495 5948 7 12727 12725 56819 41299 41279 41253 40583
16539 6495 6053 5 12725 12726 56221 56809 56810
16540 3569 3649 3 12728 12729 15765
16541 3649 3772 5 12728 12730 59253 60325 15766
16542 4068 3885 4 12731 12732 15665 15666
16543 4068 4016 6 12732 12733 61022 60910 57520 57518
16544 3861 4016 4 12733 12734 60782 61490
16545 3861 3885 4 12734 12731 14886 14888
16546 4016 3885 7 12732 12734 60323 60324 59511 59509 60318
16547 3843 3763 7 12735 12736 63422 63424 63845 61315 12739
16548 3843 4103 4 12736 12737 12757 63691
16549 3979 4103 5 12737 12738 60392 61334 12759
16550 3979 3763 3 12738 12735 12741
16551 3979 3843 7 12735 12737 12758 12798 63106 61338 12740
16552 4103 3763 6 12736 12738 60391 63334 78697 63692
16553 3865 3763 8 12741 12739 61317 63405 79189 78967 63333 60391
16554 3865 3843 3 12739 12740 61316
16555 5046 4879 4 12742 12743 65014 65015
16556 5046 5172 7 12743 12744 67348 51279 51280 66885 65184
16557 4745 5046 4 12742 12744 67349 67179
16558 5172 4879 7 12743 12745 65214 64968 64967 67219 65185
16559 3751 4080 6 12746 12747 64211 64209 66621 61888
16560 3806 4080 7 12748 12746 24369 24370 61886 61885 63600
16561 3977 4080 6 12747 12748 62297 62296 67177 67161
16562 4006 11919 7 12749 12750 64654 65372 65374 65921 64730
16563 4930 4411 11 12751 12752 64643 65662 64629 64628 14700 14697 77267 77268 65889
16564 4930 11919 3 12752 12749 64642
16565 4930 4006 5 12749 12751 65888 65918 64731
16566 4410 4435 5 12753 12754 62302 65155 64820
16567 4410 4237 5 12754 12755 64828 64953 62303
16568 4353 4237 4 12755 12756 63051 64829
16569 4353 4435 6 12756 12753 64821 68348 62318 62317
16570 4237 4435 6 12754 12756 63050 64876 64880 62304
16571 4103 4152 7 12759 12757 13985 13984 63370 60389 60388
16572 3979 4152 4 12758 12759 63526 12799
16573 4994 5001 4 12761 12762 67350 67353
16574 5097 5001 7 12762 12763 68399 68401 69098 69062 68926
16575 5097 4994 6 12760 12762 68925 68750 65142 65144
16576 6059 5713 3 12764 12765 50129
16577 6098 5713 5 12765 12766 77561 50144 50130
16578 7018 7096 5 12767 12768 52164 52475 35653
16579 7018 6917 5 12768 12769 36656 36872 36873
16580 7095 7096 5 12770 12767 35654 89879 89916
16581 6917 7096 6 12768 12770 89920 89072 55565 52165
16582 3177 3444 9 12771 12772 79906 79907 119024 76301 76304 76638 79887
16583 3177 3192 7 12772 12773 79886 79336 79334 24821 24823
16584 3379 3444 7 12774 12771 79794 14620 14622 79529 79481
16585 3379 3177 5 12771 12773 63328 63330 79889
16586 3192 3444 3 12772 12774 79482
16587 5352 5442 5 12776 12777 67324 54333 54332
16588 5352 5169 6 12777 12775 67481 67480 67483 67497
16589 5352 5456 5 12775 12776 65486 68183 67921
16590 4232 4331 5 12780 12778 65077 68462 64810
16591 4339 4302 6 12781 12782 81154 74816 74815 81150
16592 4339 4520 5 12782 12783 13309 13310 60903
16593 4493 4302 6 12784 12781 81221 81130 69462 69464
16594 4493 4339 4 12781 12783 80745 81245
16595 4520 4302 4 12782 12784 74812 74811
16596 7224 7177 5 12785 12786 52553 52161 52163
16597 7224 7309 8 12786 12787 50656 52696 52145 51426 51429 52552
16598 7322 7309 5 12787 12788 52327 52227 50658
16599 7322 7224 4 12785 12787 50657 52170
16600 7309 7177 6 12786 12788 47686 47687 51394 51391
16601 6035 6395 5 12792 12789 73920 90787 90786
16602 6035 6287 3 12789 12791 50904
16603 6083 6395 5 12790 12792 91025 51860 51859
16604 5248 5486 7 12794 12795 43378 12866 12864 49652 49653
16605 5399 5486 3 12796 12794 43473
16606 5511 5486 8 12795 12796 43472 51023 51022 51780 68201 43380
16607 3843 4206 5 12797 12798 61209 61208 64908
16608 3979 4206 6 12798 12799 61124 61125 61118 61117
16609 4206 4152 7 12797 12799 28791 28793 68773 65130 64910
16610 4339 4269 5 12800 12801 81128 81149 74815
16611 4339 4361 5 12801 12802 61110 61111 71364
16612 4340 4361 6 12802 12803 80608 14782 13452 13454
16613 4340 4269 4 12803 12800 72860 72857
16614 4340 4339 4 12800 12802 80503 74816
16615 4361 4269 5 12801 12803 80654 80655 81129
16616 6063 5964 7 12805 12806 55791 55378 55153 55155 55860
16617 6063 5878 3 12806 12804 17247
16618 6063 5799 5 12804 12805 17854 17856 17246
16619 4823 4819 6 12807 12808 68896 65265 65264 64974
16620 4823 4577 4 12808 12809 51779 51778
16621 4639 4577 5 12809 12810 65162 68473 68380
16622 4639 4819 5 12810 12807 13545 13546 63559
16623 4577 4819 7 12808 12810 54220 54221 65132 65279 68897
16624 4942 5019 8 12811 12812 12821 12824 13589 13592 71888 72362
16625 4942 5048 7 12812 12813 68730 68731 72529 61428 61427
16626 5147 5019 5 12814 12811 72364 73117 73116
16627 5147 4942 3 12811 12813 72363
16628 4440 4346 7 12815 12816 75589 16414 16415 84827 83581
16629 4440 4093 5 12816 12817 23903 84367 84365
16630 4128 4093 6 12817 12818 20132 80104 80105 23905
16631 4128 4346 7 12818 12815 14068 14065 84369 23959 20130
16632 4128 4440 5 12815 12817 23904 80868 83371
16633 4093 4346 4 12816 12818 20131 84771
16634 4011 4296 5 12819 12820 61513 61452 60963
16635 5089 4942 5 12821 12822 72171 61426 61427
16636 5089 5104 7 12822 12823 14502 69451 72354 64572 64573
16637 5019 5104 3 12823 12824 14504
16638 5104 4942 6 12822 12824 73033 72982 72983 72933
16639 5029 4893 10 12825 12826 70738 17194 15854 15381 15383 70064 70065 16431
16640 5029 5231 6 12826 12827 18252 70793 70574 70573
16641 5242 5231 9 12827 12828 70466 70468 70851 70869 70873 70853 18253
16642 5242 4893 6 12828 12825 16433 17150 17152 71086
16643 5242 5029 3 12825 12827 16432
16644 5231 4893 3 12826 12828 70739
16645 8328 8091 3 12830 12831 36119
16646 8358 8328 8 12829 12831 36148 36173 13383 13382 38906 36228
16647 4508 4687 5 12832 12833 14913 14912 13391
16648 4508 4536 6 12833 12834 81495 71639 12907 12905
16649 4530 4536 7 12834 12835 71375 13347 13345 14291 82769
16650 4530 4687 6 12835 12832 13393 71638 14611 14610
16651 4530 4508 6 12832 12834 82654 71642 70218 13392
16652 4536 4687 5 12833 12835 71635 70593 70591
16653 4372 4456 7 12836 12837 61263 64832 69008 68238 13514
16654 4372 4226 5 12837 12838 67494 67495 61262
16655 4077 4456 4 12839 12836 13516 75215
16656 4077 4372 4 12836 12838 68506 13515
16657 4226 4456 6 12837 12839 79270 68656 50602 50603
16658 5121 5104 4 12840 12841 17730 17728
16659 4736 5145 4 12842 12843 73125 72883
16660 4736 5121 5 12840 12842 72881 72913 72696
16661 5886 5875 4 12845 12846 68166 32791
16662 5886 5784 5 12846 12844 91255 50806 50805
16663 5886 5900 5 12844 12845 32790 18216 18215
16664 5925 5749 5 12847 12848 55921 17445 17444
16665 5925 5836 5 12848 12849 56087 56127 56129
16666 5832 5836 6 12849 12850 87140 87358 55259 55258
16667 5832 5749 5 12850 12847 35534 70204 87139
16668 5832 5925 5 12847 12849 56038 17260 17259
16669 5836 5749 6 12848 12850 87138 70210 59597 56233
16670 6519 6656 6 12853 12854 91946 92023 91838 91839
16671 6519 6544 8 12854 12855 88621 90131 88642 88643 89125 91947
16672 6339 6544 5 12855 12856 91667 92008 88623
16673 6339 6656 6 12856 12853 88810 88809 91842 91666
16674 6339 6519 4 12853 12855 88622 92031
16675 6544 6656 4 12854 12856 91377 91374
16676 4606 4264 9 12858 12859 77004 77299 77157 77127 77126 77159 76856
16677 4606 5187 4 12859 12857 77149 77003
16678 4606 5331 6 12857 12858 65395 65394 96510 77401
16679 5248 5135 9 12860 12861 12864 12865 68212 68377 42239 42240 68428
16680 5248 5185 5 12861 12862 51052 49654 49652
16681 5086 5185 7 12862 12863 67911 68549 61500 61498 61527
16682 5086 5135 4 12863 12860 65494 65493
16683 5086 5248 5 12860 12862 68142 68337 68336
16684 5185 5135 8 12861 12863 61484 59603 59605 68338 68365 68143
16685 5248 5258 3 12865 12866 54331
16686 5486 5258 9 12866 12867 63481 63480 44032 44030 51206 43716 43714
16687 5486 5135 7 12867 12864 68143 68363 68362 65620 65621
16688 5258 5135 7 12865 12867 68884 68179 68180 68218 68213
16689 5908 6114 3 12868 12869 55433
16690 5908 6075 6 12869 12870 12902 12900 51622 54589
16691 6103 6114 5 12871 12868 55981 56278 56050
16692 6103 5908 6 12868 12870 52179 52178 56290 55980
16693 5488 5791 4 12872 12873 17852 17850
16694 5413 5791 4 12873 12874 13605 51191
16695 5038 5043 7 12876 12877 15536 15534 73547 73629 72850
16696 4844 5043 6 12877 12878 71994 72848 18179 18181
16697 4844 4755 9 12878 12875 72665 72663 72955 72957 73501 14915 14917
16698 4844 5038 3 12875 12877 72778
16699 5043 4755 4 12876 12878 71993 72852
16700 5306 5444 6 12879 12880 18319 72482 91517 88910
16701 5306 5384 5 12880 12881 63668 73109 18320
16702 5515 5384 5 12881 12882 72018 72264 63670
16703 5515 5444 8 12882 12879 88911 91513 72602 72601 90135 72016
16704 5515 5306 7 12879 12881 63669 73257 72433 72430 88842
16705 5384 5444 6 12880 12882 72017 90872 73504 18321
16706 5731 5672 7 12883 12884 67592 69864 69823 54764 54763
16707 5687 5672 6 12884 12885 54610 54612 67448 67449
16708 5672 6077 4 12883 12885 54609 54834
16709 4447 4247 8 12886 12887 68950 59950 59948 68058 69124 82805
16710 4447 4315 7 12887 12888 69413 59654 15610 15608 68951
16711 4057 4247 5 12889 12886 82800 61622 61621
16712 4057 4447 4 12886 12888 69414 82796
16713 4315 4247 4 12887 12889 61629 61628
16714 6175 6055 6 12892 12893 55672 46650 46651 17563
16715 6175 5962 5 12893 12894 71269 87144 56429
16716 6111 5962 4 12894 12895 88771 71270
16717 6111 6055 5 12895 12892 17564 56146 56145
16718 6111 6175 5 12892 12894 71268 89108 17562
16719 5962 6055 6 12893 12895 88770 86100 56214 56213
16720 5790 5667 7 12896 12897 89130 89145 89147 91265 89131
16721 5790 5498 6 12897 12898 89132 88429 88431 88502
16722 5430 5498 4 12898 12899 71957 71958
16723 5430 5667 5 12899 12896 88991 73911 73913
16724 5430 5790 7 12896 12898 89127 89128 87667 50801 50800
16725 5498 5667 5 12897 12899 87299 70816 70813
16726 5908 5978 7 12900 12901 55916 55445 55446 55486 51621
16727 5908 5950 7 12901 12902 52179 52177 55866 55959 55954
16728 6075 5978 8 12903 12900 51623 55707 55706 55783 51797 35616
16729 5950 5978 4 12901 12903 35615 51902
16730 4619 4508 7 12904 12905 14913 14911 57453 70110 70111
16731 4619 4536 3 12905 12906 70591
16732 4612 4536 8 12906 12907 71641 61250 61251 71435 71434 70593
16733 4612 4508 3 12907 12904 71640
16734 4747 4865 6 12909 12910 70484 71666 70159 15546
16735 4747 5010 9 12910 12911 71682 71650 71651 70297 70296 70741 70485
16736 4916 5010 7 12911 12912 17066 14901 14898 71684 71697
16737 4916 4747 3 12909 12911 15547
16738 5010 4865 5 12910 12912 17065 69150 69152
16739 3080 3264 6 114393 114394 12913 12914 59776 -1
16740 3080 3288 3 12914 12915 59072
16741 3285 3288 7 12915 12916 60134 59703 59705 59963 59074
16742 3285 3264 3 12916 12913 114901
16743 3285 3080 7 12913 12915 59073 60216 61032 61070 114900
16744 3288 3264 7 12914 12916 139456 60294 60273 60124 59777
16745 4390 4386 7 12917 12918 79628 71331 60019 60017 71446
16746 4287 4386 6 12919 12917 74549 74340 74342 80561
16747 4426 4386 4 12918 12919 71491 71493
16748 5587 6004 3 12920 12921 55697
16749 5587 5751 10 12921 12922 89134 87668 72353 13641 13500 13498 69149 55698
16750 5854 5751 3 12922 12923 89106
16751 5854 6004 9 12923 12920 17853 17855 55781 55847 45886 45887 89003
16752 5854 5587 7 12920 12922 89133 91282 69196 69197 69191
16753 5751 6004 5 12921 12923 89105 55681 55680
16754 4632 4649 5 12924 12925 42311 42312 57691
16755 4632 5204 5 12925 12926 57832 57833 57595
16756 3965 5204 5 12926 12927 58621 41537 41535
16757 3965 4649 7 12927 12924 57927 58639 58243 58245 58620
16758 3965 4632 5 12924 12926 57911 58880 57926
16759 5204 4649 5 12925 12927 56585 56587 57596
16760 4758 4779 6 12928 12929 69114 61242 61240 61403
16761 4758 4836 4 12929 12930 69595 69115
16762 4991 4836 3 12930 12931 69387
16763 4991 4779 5 12931 12928 61404 69248 69247
16764 4991 4758 6 12928 12930 69592 69482 60991 60990
16765 4836 4779 7 12929 12931 69257 69258 61109 61108 69116
16766 4563 4329 4 12932 12933 69205 69203
16767 4563 4537 6 12933 12934 14465 74081 73426 72421
16768 4297 4537 3 12934 12935 14466
16769 4297 4329 8 12935 12932 81380 81047 81046 13464 13466 71387
16770 4297 4563 6 12932 12934 12949 12948 13190 81379
16771 4537 4329 7 12933 12935 16620 16619 73357 73356 72422
16772 5674 5769 4 12936 12937 16557 88288
16773 5674 5710 6 12937 12938 16237 16240 74115 16558
16774 5951 5710 6 12938 12939 17762 17760 70750 88380
16775 5951 5769 7 12939 12936 88329 73929 73928 71122 71121
16776 5710 5769 6 12937 12939 88071 88167 88166 16559
16777 3748 3834 8 12940 12941 62193 62104 62086 62087 61923 61924
16778 3748 3787 6 12941 12942 62253 62987 61842 61841
16779 3866 3787 9 12942 12943 59228 62386 62484 62122 62121 60503 60504
16780 3866 3834 4 12943 12940 59245 59227
16781 3787 3834 4 12941 12943 59226 62194
16782 4638 4495 5 12944 12945 59050 59051 69728
16783 4638 4585 5 12945 12946 69586 69585 69611
16784 4505 4585 4 12946 12947 61714 61715
16785 4505 4495 8 12947 12944 69784 69671 69670 59925 59927 61664
16786 4505 4638 8 12944 12946 69605 59945 59944 57457 57459 69783
16787 4585 4495 6 12945 12947 69714 69682 69683 69612
16788 4563 4513 5 12949 12950 81125 81126 14465
16789 4598 4513 3 12950 12951 81095
16790 4598 4297 5 12951 12948 13191 80348 81063
16791 4598 4563 6 12948 12950 73169 73168 55905 13189
16792 4513 4297 6 12949 12951 81094 71389 71387 14466
16793 3699 3773 8 12953 12954 73003 79439 73036 73034 79592 79526
16794 3559 3773 4 12954 12955 78973 73004
16795 3559 3739 5 12955 12952 61357 63433 63432
16796 3559 3699 6 12952 12954 73002 79534 79565 61356
16797 3773 3739 4 12953 12955 78972 79527
16798 5878 5664 3 12956 12958 51701
16799 5978 5683 4 12957 12959 55796 17394
16800 5839 6376 3 12961 12962 53095
16801 6154 6376 5 12962 12963 54061 54059 53097
16802 6154 6068 4 12963 12960 13051 13053
16803 6154 5839 8 12960 12962 53096 54607 50978 50977 54598 54249
16804 6376 6068 8 12961 12963 50627 50626 51762 53886 54407 53833
16805 4348 4374 6 12965 12966 69647 61608 59936 59937
16806 4348 4514 8 12966 12964 69708 69707 69772 69533 69532 69653
16807 4348 4634 4 12964 12965 69721 69723
16808 10656 10847 9 12967 12968 20854 102028 13513 13511 20813 101384 16326
16809 10656 11046 7 12968 12969 101207 21259 21258 20897 20855
16810 10423 11046 7 12969 12970 101659 102309 101681 101680 101557
16811 10423 10847 6 12970 12967 16328 101543 84954 84953
16812 10423 10656 3 12967 12969 16327
16813 11046 10847 3 12968 12970 20856
16814 4641 4404 3 12972 12973 67742
16815 4594 4406 5 12974 12971 69467 69468 60853
16816 4594 4641 8 12971 12973 61396 61395 61237 61236 67879 69555
16817 4404 4406 8 12972 12974 60838 60837 60907 61098 61099 67815
16818 4880 4562 5 12978 12979 59158 57035 30340
16819 4880 4753 5 12977 12978 30339 41861 41478
16820 5347 5062 5 12980 12981 13034 56521 56524
16821 5690 5786 7 12983 12984 54554 51725 51726 55394 51784
16822 5860 5786 8 12984 12985 69821 69188 55692 13027 13029 54556
16823 5860 5672 6 12985 12982 54478 44242 44244 69781
16824 5860 5690 3 12982 12984 54555
16825 5786 5672 4 12983 12985 69820 51786
16826 5297 5198 7 12986 12987 69894 69901 68981 57339 57340
16827 5297 4976 6 12987 12988 54974 69887 69888 69895
16828 5080 5297 4 12986 12988 54973 56755
16829 6649 6279 7 12989 12990 54853 54793 54791 56533 56966
16830 6232 6279 6 12992 12989 56963 56858 56857 56595
16831 6232 6649 5 12989 12991 56838 56861 56950
16832 6278 6279 3 12990 12992 54854
16833 5273 5509 10 12993 12994 54814 67817 67995 67917 67920 69794 67767 67768
16834 5273 5154 6 12994 12995 56684 56685 67778 54815
16835 5262 5509 5 12996 12993 67737 67736 67699
16836 5262 5273 5 12993 12995 56704 67766 67765
16837 5154 5509 3 12994 12996 54816
16838 4636 4428 6 12997 12998 20746 85276 71252 71253
16839 4636 4471 3 12998 12999 20747
16840 4756 4471 6 12999 13000 71217 71218 80754 80814
16841 4756 4428 4 13000 12997 18514 18516
16842 4756 4636 7 12997 12999 85293 71244 71245 74259 80849
16843 4471 4428 6 12998 13000 83223 16436 16435 20748
16844 4482 4667 7 13001 13002 69656 69658 61707 60951 56323
16845 4476 4667 4 13002 13003 60042 60041
16846 4667 4539 6 13001 13003 69278 57039 57038 56324
16847 3920 3612 6 13005 13006 65010 65008 65009 64951
16848 3471 3548 4 13007 13004 63944 28848
16849 3471 3920 5 13004 13006 65011 64978 64106
16850 4899 5124 4 13008 13009 69646 69817
16851 4899 4991 6 13009 13010 60990 61404 69580 69645
16852 4817 4991 4 13010 13011 68640 60991
16853 4817 5124 5 13011 13008 69819 69261 68639
16854 4817 4899 7 13008 13010 60989 69618 69560 69559 69818
16855 4991 5124 5 13009 13011 68638 60079 60076
16856 5885 6007 6 13013 13014 54492 54491 54503 54203
16857 5885 5766 6 13014 13012 40654 42297 53010 53012
16858 5885 5705 6 13012 13013 54201 54580 51667 40653
16859 5259 5072 5 13016 13017 54544 54543 67472
16860 5386 5072 6 13017 13018 42183 42185 67319 67302
16861 5386 5259 6 13015 13017 67301 54535 54537 39581
16862 5072 5210 4 13016 13018 49821 67375
16863 5594 5457 6 13019 13020 67640 67706 59236 59237
16864 5745 5457 5 13020 13021 43910 43911 57951
16865 5457 5506 3 13019 13021 67368
16866 5518 5485 8 13022 13023 51720 51721 68061 68138 57799 57800
16867 5518 5337 4 13023 13024 51768 67553
16868 5541 5337 8 13024 13025 68087 68073 68074 68005 66596 51770
16869 5541 5518 5 13022 13024 51769 55393 55392
16870 5337 5485 7 13023 13025 68108 68065 67939 57549 57548
16871 5825 5786 7 13026 13027 55691 57801 51895 51896 51673
16872 5825 5860 5 13027 13028 51956 51690 51689
16873 6094 5860 7 13028 13029 54574 50679 50680 51865 55206
16874 6094 5825 4 13026 13028 55814 51674
16875 4729 4629 4 13030 13031 58779 57464
16876 4729 4832 7 13031 13032 57375 57554 57536 57535 58951
16877 4772 4629 8 13033 13030 57285 57284 57106 57105 57504 57413
16878 4772 4729 6 13030 13032 57374 57383 57629 57463
16879 4832 4629 7 13031 13033 57140 57135 57137 57150 58952
16880 4884 4924 6 13036 13037 67956 59274 59273 67881
16881 4666 4924 6 13038 13036 57396 57397 67860 61689
16882 5725 5395 4 13040 13041 53056 53058
16883 5725 5363 5 13041 13039 51477 51478 69148
16884 5725 5425 5 13039 13040 69118 61272 61271
16885 4914 4800 6 13042 13043 67624 67746 60205 60206
16886 5071 5111 6 13044 13045 67527 67726 67696 67697
16887 5071 4800 5 13045 13042 61657 67075 67526
16888 5071 4914 4 13042 13044 67806 61656
16889 5111 4800 4 13043 13045 62420 62419
16890 5385 5512 7 13046 13047 69951 69956 69994 67960 67958
16891 5385 5496 6 13047 13048 56559 56560 56490 56488
16892 5776 5496 5 13048 13049 54910 13491 13490
16893 5776 5512 5 13049 13046 69755 69882 69879
16894 5776 5385 5 13046 13048 69932 59031 59033
16895 6010 6068 6 13050 13051 54248 54409 54408 54680
16896 6010 6154 5 13051 13052 39070 54744 54249
16897 6325 6154 8 13052 13053 54061 54060 42661 42663 54740 39071
16898 6325 6068 5 13053 13050 54694 50628 50627
16899 5973 5687 5 13054 13055 54533 42858 42859
16900 5687 5763 8 13054 13056 53834 67443 54824 54823 54590 43467
16901 4739 4604 7 13057 13058 57407 57408 57709 69761 69643
16902 4739 4970 8 13058 13059 60943 69776 69808 69791 67783 59269
16903 4633 4970 4 13059 13060 67836 60945
16904 4633 4604 10 13060 13057 69644 69570 61702 61704 13503 13502 67876 69545
16905 4633 4739 4 13057 13059 60944 69371
16906 4970 4604 3 13058 13060 59270
16907 6081 6206 8 13062 13063 54685 55998 55782 53847 51562 51563
16908 6265 6081 3 13061 13063 54587
16909 5692 5908 5 13064 13065 55903 51703 51706
16910 5692 5772 5 13065 13066 56189 55925 55924
16911 5941 5772 3 13066 13067 56285
16912 5941 5692 5 13064 13066 56284 56053 56002
16913 5772 5908 6 13065 13067 56291 52178 52177 55865
16914 6520 6267 6 13068 13069 56901 55281 55282 55289
16915 6520 6383 3 13069 13070 40672
16916 6502 6383 9 13070 13071 54761 54762 56461 56651 56579 40714 40673
16917 6502 6267 3 13071 13068 55290
16918 5649 5651 6 13072 13073 55957 55955 68084 68085
16919 5649 5853 4 13073 13074 87089 87090
16920 5832 5853 6 13074 13075 17260 55257 55259 87357
16921 5832 5651 5 13075 13072 70203 35534 17259
16922 5832 5649 6 13072 13074 87359 87140 87139 87164
16923 4247 3909 7 13076 13077 61280 82799 61622 15631 15632
16924 3772 3909 8 13078 13076 61190 61177 41300 41302 80901 61064
16925 3983 3909 5 13077 13078 13865 13867 13883
16926 6331 6332 5 13079 13080 56001 55520 55521
16927 6331 6525 5 13080 13081 73985 55348 55351
16928 6594 6525 7 13081 13082 55055 55156 86464 88437 73986
16929 6594 6332 5 13082 13079 55775 51486 51488
16930 6594 6331 5 13079 13081 73984 89229 55774
16931 6525 6332 5 13080 13082 54904 54903 55932
16932 9387 9101 6 13083 13084 104748 105107 104113 46248
16933 9387 9072 5 13084 13085 96950 96951 104749
16934 9075 9072 6 13085 13086 96755 96983 103694 104826
16935 9075 9101 5 13086 13083 46250 104279 96754
16936 9075 9387 6 13083 13085 104107 104106 104109 46249
16937 6253 6118 3 13087 13088 51869
16938 6253 6296 7 13088 13089 17114 13094 13095 56134 56063
16939 6213 6296 4 13089 13090 55931 55933
16940 6213 6253 9 13087 13089 55987 55962 55960 56246 55634 55635 51868
16941 6296 6118 5 13088 13090 55757 55756 56064
16942 5395 5375 7 13091 13092 54898 13333 13332 61423 56118
16943 5432 5375 4 13093 13091 56119 51883
16944 5683 5375 8 13092 13093 14265 14267 68141 67903 67900 69212
16945 6690 6661 7 13096 13097 54468 55243 55242 55506 55542
16946 6690 6296 5 13097 13094 17116 54902 54467
16947 6690 6253 5 13094 13096 56006 52945 17115
16948 6661 6296 3 13095 13097 54466
16949 10169 10010 4 13099 13100 103534 103535
16950 10216 10010 6 13100 13101 103156 102849 102850 103453
16951 10216 9991 3 13101 13098 103155
16952 10216 10169 7 13098 13100 103661 110664 110544 103678 103594
16953 10010 9991 7 13099 13101 103154 103475 103481 103394 103393
16954 4444 4677 6 13102 13103 61340 61341 14552 14553
16955 4444 4789 5 13103 13104 73096 73122 73105
16956 4786 4677 6 13105 13102 81478 81477 81430 81429
16957 4786 4444 4 13102 13104 73046 73045
16958 4789 4677 6 13103 13105 81470 71780 71779 73106
16959 4940 5231 7 13106 13107 70719 70465 70466 70739 70573
16960 4940 5281 6 13107 13108 71281 71277 70715 70716
16961 5190 5281 5 13108 13109 70729 70730 71228
16962 5190 5231 6 13109 13106 70574 70737 70736 70799
16963 5190 4940 5 13106 13108 71282 70717 70572
16964 5281 5231 7 13107 13109 70800 70859 70875 70869 70725
16965 4818 5073 5 13110 13111 77943 17442 17440
16966 4818 5000 5 13111 13112 77737 77738 77920
16967 5228 5000 5 13112 13113 76586 76584 77735
16968 5228 5073 7 13113 13110 13251 13253 77919 95969 77913
16969 5228 4818 6 13110 13112 75182 75183 73725 72856
16970 5000 5073 5 13111 13113 18935 18932 73742
16971 5747 5999 7 13114 13115 85845 86278 93260 93261 85060
16972 5747 5888 5 13115 13116 84947 13241 13239
16973 5847 5888 7 13116 13117 20588 20587 20366 13739 13742
16974 5847 5999 5 13117 13114 85061 85774 85664
16975 5847 5747 6 13114 13116 20592 20591 17210 17207
16976 5888 5999 4 13115 13117 85665 85846
16977 5588 5365 7 13118 13119 54940 70251 70252 72158 72166
16978 5588 5494 7 13119 13120 16762 13343 13344 70082 54941
16979 5382 5588 7 13118 13120 16763 70102 70103 87165 72167
16980 5595 5519 6 13122 13123 70824 87243 18267 18265
16981 5595 5590 9 13123 13121 17425 87679 87680 88490 88506 88477 70823
16982 5595 5466 5 13121 13122 69937 70749 17424
16983 3823 3950 5 13124 13125 60198 29944 29942
16984 3823 4162 4 13125 13126 60195 60196
16985 4026 3950 6 13127 13124 60188 60189 60885 60936
16986 4162 3950 6 13125 13127 61708 58732 42802 42804
16987 3348 3094 4 13129 13130 80103 13285
16988 3116 3094 4 13130 13131 79633 79630
16989 3116 3205 6 13131 13128 15659 80094 80086 80085
16990 3116 3348 4 13128 13130 80077 15658
16991 3094 3205 10 13129 13131 80088 118601 115552 80032 75433 75434 78814 13286
16992 3953 3746 6 13133 13134 81814 81769 81771 69566
16993 3953 3832 5 13134 13132 71391 82684 82693
16994 3953 3825 5 13132 13133 69565 81312 71390
16995 4056 3996 11 13135 13136 82815 82875 70514 70515 71262 83234 83159 83158 60219
16996 4056 4279 6 13136 13137 70397 70396 79778 82705
16997 4170 4279 12 13137 13138 13314 15874 15875 60018 60016 81728 83503 82899 68587 68588
16998 4170 3996 4 13138 13135 60221 13312
16999 4170 4056 3 13135 13137 60220
17000 4279 3996 3 13136 13138 13313
17001 5446 5895 5 13139 13140 70135 69223 69221
17002 5446 5660 7 13140 13141 70031 70030 69925 15620 15621
17003 5749 5660 5 13141 13142 56282 67535 67536
17004 5749 5895 7 13142 13139 59596 56233 55921 55249 55250
17005 5749 5446 3 13139 13141 70047
17006 5660 5895 6 13140 13142 56281 51270 51269 56222
17007 7408 7602 5 13143 13144 90580 90589 89993
17008 7408 7632 6 13144 13145 90253 90122 90120 90574
17009 7526 7632 4 13145 13146 50533 90383
17010 7526 7602 7 13146 13143 89994 89956 52344 52346 50532
17011 7526 7408 9 13143 13145 90527 90528 90572 89473 89474 89889 89891
17012 7632 7602 6 13144 13146 50531 52301 89736 90047
17013 4839 4645 4 13148 13149 73302 71137
17014 4839 4921 7 13149 13147 74046 14443 14445 71989 73462
17015 4839 4671 7 13147 13148 71135 61175 61172 73372 74045
17016 9480 8960 5 13150 13151 96275 96238 96190
17017 9480 8820 7 13151 13152 96197 105096 105097 107155 96276
17018 9636 9480 6 13150 13152 96129 96128 96213 96191
17019 5127 5115 9 13153 13154 69488 69341 13441 13439 69330 69328 69590
17020 5127 4842 6 13154 13155 61400 61402 69503 69489
17021 4817 4842 6 13155 13156 68154 68155 69554 69531
17022 4817 5115 6 13156 13153 69483 68640 68639 69260
17023 4817 5127 4 13153 13155 69530 69550
17024 4842 5115 3 13154 13156 69286
17025 5085 5136 4 13157 13158 61119 61120
17026 5085 5028 5 13158 13159 69469 71687 71901
17027 4948 5028 5 13159 13160 15567 15568 69214
17028 4948 5136 5 13160 13157 55568 15564 15561
17029 4948 5085 5 13157 13159 69470 17358 17360
17030 5028 5136 6 13158 13160 61061 69492 69434 69436
17031 4842 4797 9 13161 13162 69111 61021 61019 61402 69186 69187 67912
17032 4842 4499 6 13162 13163 69358 69549 69538 69282
17033 4594 4797 6 13164 13161 67914 68536 68403 68404
17034 4594 4842 5 13161 13163 54656 54655 67913
17035 4499 4797 4 13162 13164 68551 68590
17036 4898 4616 5 13165 13166 20675 84207 84208
17037 4898 4944 5 13166 13167 17587 17585 20676
17038 4344 4944 5 13167 13168 85103 85172 83316
17039 4344 4616 5 13168 13165 84210 84540 85102
17040 4344 4898 5 13165 13167 16320 16319 84209
17041 4944 4616 7 13166 13168 85101 84197 84199 84810 20677
17042 5538 4966 4 13169 13170 49859 66249
17043 5275 5093 3 13171 13172 27828
17044 5275 4966 8 13172 13169 66247 66248 66290 65273 65271 65269
17045 5275 5538 8 13169 13171 27827 66052 66054 66292 64396 64397
17046 5093 4966 5 13170 13172 65270 49757 49754
17047 742 1158 3 13173 13174 117297
17048 742 1096 6 13174 13175 123685 129189 122755 122756
17049 1027 1096 5 13175 13176 117497 117912 123342
17050 1027 1158 11 13176 13173 117298 123806 123524 120482 120481 123381 123382 28333 28330
17051 1027 742 7 13173 13175 123043 123042 123513 123512 117296
17052 1096 1158 4 13174 13176 117496 123325
17053 5267 5464 6 13177 13178 70670 70860 70684 13432
17054 5267 5497 4 13178 13179 70170 70168
17055 5229 5464 3 13180 13177 13434
17056 5497 5464 6 13178 13180 15375 15374 56252 56250
17057 4805 4708 6 13181 13182 13801 13802 71966 70313
17058 4805 4788 6 13182 13183 13282 13283 17193 70358
17059 4552 4788 4 13183 13184 13355 13356
17060 4552 4708 5 13184 13181 70315 71322 71485
17061 4552 4805 4 13181 13183 15366 70314
17062 4788 4708 4 13182 13184 70569 70571
17063 5014 5191 6 13185 13186 69409 71203 16601 15412
17064 5029 4964 3 13187 13188 15383
17065 5029 5191 4 13188 13185 15414 70064
17066 5029 5014 7 13185 13187 15381 15853 70359 18259 15413
17067 4964 5191 8 13186 13188 70994 71892 71882 68918 68917 69410
17068 4563 4603 8 13189 13190 81303 81302 73527 73528 81124 55904
17069 4598 4603 6 13191 13189 55906 80648 80647 80347
17070 4297 4603 5 13190 13191 80346 81078 81387
17071 4689 4521 4 13192 13193 71177 69476
17072 4552 4521 6 13194 13192 15521 15523 71308 71325
17073 4493 4521 6 13193 13194 71326 71392 17422 17421
17074 1878 2435 3 13196 13197 42456
17075 1878 2373 6 13197 13195 28536 62657 133259 133213
17076 1878 2292 6 13195 13196 42454 63015 66428 28535
17077 7042 7233 6 13198 13199 90363 90364 94935 94933
17078 7042 7180 5 13199 13200 95160 95910 91798
17079 7556 7180 4 13200 13201 95224 95161
17080 7556 7233 4 13201 13198 90575 90576
17081 7556 7042 6 13198 13200 95159 95625 95630 95152
17082 7180 7233 6 13199 13201 95737 97564 22030 22029
17083 4704 4788 9 13202 13203 13282 13356 13354 15872 71523 71527 71477
17084 4704 4893 5 13203 13204 13822 71294 13281
17085 4940 4893 6 13204 13205 70738 70739 71086 13823
17086 4940 4788 5 13205 13202 71479 71498 71497
17087 4940 4704 5 13202 13204 13821 15518 71478
17088 4893 4788 4 13203 13205 17194 13283
17089 6119 5847 6 13206 13207 17156 17157 84193 84196
17090 6119 6217 8 13207 13208 16779 16777 85242 85243 85541 85520
17091 6199 6217 6 13208 13209 20589 56240 56237 85663
17092 6199 5847 5 13209 13206 85662 85664 20588
17093 6199 6119 3 13206 13208 85661
17094 6217 5847 4 13207 13209 20587 85521
17095 4218 4577 4 13210 13211 64873 65636
17096 4218 4393 6 13211 13212 62299 62301 64789 64872
17097 4235 4393 4 13212 13213 64379 64954
17098 4235 4218 6 13210 13212 65118 65035 65034 65637
17099 4393 4577 6 13211 13213 64378 60086 60085 64874
17100 4694 4719 7 13214 13215 82876 71157 71158 16882 16880
17101 4694 4929 4 13215 13216 70266 82870
17102 5040 4719 4 13217 13214 71014 70426
17103 5040 4694 5 13214 13216 70265 85216 71013
17104 4929 4719 5 13215 13217 69603 69604 82877
17105 4196 4173 5 13218 13219 71547 80547 16613
17106 4196 3986 4 13219 13220 80766 71546
17107 3930 3986 8 13220 13221 71719 81633 81610 81609 80848 80767
17108 3930 4173 4 13221 13218 16614 71718
17109 3930 4196 5 13218 13220 80102 80101 16612
17110 3986 4173 4 13219 13221 71717 71548
17111 4329 4419 8 13222 13223 81109 80661 71403 16618 16619 80827
17112 4329 4256 7 13223 13224 80433 78537 78535 80687 81107
17113 4432 4256 5 13224 13225 15987 15988 80812
17114 4432 4419 6 13225 13222 80829 81069 15885 15887
17115 4432 4329 4 13222 13224 81111 80828
17116 4256 4419 3 13223 13225 81068
17117 3753 3744 6 13226 13227 80954 83112 83111 83350
17118 3753 3611 5 13227 13228 80782 83508 80955
17119 3568 3611 5 13228 13229 74168 74171 80305
17120 3568 3744 6 13229 13226 81140 81138 70751 70753
17121 3568 3753 6 13226 13228 80781 25217 25218 83351
17122 3611 3744 8 13227 13229 13845 13847 83200 82872 82871 80956
17123 4105 3996 8 13230 13231 13270 82893 80749 16615 16616 81099
17124 4105 3968 3 13231 13232 13271
17125 3971 3968 9 13232 13233 61154 17068 17067 60123 60120 71624 56687
17126 3971 3996 4 13233 13230 81103 81102
17127 3971 4105 7 13230 13232 56686 82717 81656 81655 82690
17128 3968 3996 6 13231 13233 70517 70514 82874 13272
17129 3683 3737 8 13235 13236 81942 82701 82823 60265 60266 15628
17130 3537 3737 5 13236 13237 59967 60111 81213
17131 3537 3529 5 13237 13234 24249 24250 59966
17132 3537 3683 4 13234 13236 81557 81554
17133 3737 3529 3 13235 13237 15629
17134 6018 5747 5 13238 13239 85845 86277 85745
17135 6018 5888 4 13239 13240 85712 85846
17136 5954 5888 9 13240 13241 85545 85511 85509 85504 18389 18388 85713
17137 5954 5747 5 13241 13238 85747 85914 85885
17138 5954 6018 6 13238 13240 71042 71041 85748 85746
17139 4533 4596 6 13242 13243 70568 70567 16254 16257
17140 4533 4332 7 13243 13244 85221 85252 83461 83460 85328
17141 4042 4533 5 13242 13244 85220 85239 83376
17142 4332 4596 5 13243 13245 16745 16744 71223
17143 3743 3500 8 13246 13247 16380 16456 79116 80045 80073 74831
17144 3743 3526 3 13247 13248 16381
17145 3643 3526 7 13248 13249 80181 83856 23858 15196 15193
17146 3643 3500 4 13249 13246 74824 74826
17147 3643 3743 7 13246 13248 80326 80328 16201 16200 74832
17148 3526 3500 5 13247 13249 75039 75038 16382
17149 4830 5073 5 13250 13251 17440 17443 14249
17150 4830 5228 5 13251 13252 77948 73726 72856
17151 4959 5228 5 13252 13253 77507 77506 77752
17152 4959 5073 4 13253 13250 14251 77918
17153 4959 4830 8 13250 13252 77949 77946 77754 77753 19089 14250
17154 4847 4931 5 13254 13255 84523 84524 84522
17155 4847 5009 5 13255 13256 20622 74413 84381
17156 5059 5009 6 13256 13257 24856 24858 83467 20623
17157 5059 4847 8 13254 13256 20621 74536 74537 84632 24783 24785
17158 5009 4931 8 13255 13257 13863 13862 16394 16396 75650 75649
17159 4273 4370 4 13258 13259 20709 20598
17160 4273 3871 6 13259 13260 13994 13995 20713 20714
17161 3992 3871 4 13260 13261 15281 25196
17162 3992 4370 4 13261 13258 20599 15279
17163 3992 4273 6 13258 13260 20274 20273 18029 18030
17164 3871 4370 5 13259 13261 15280 84594 84497
17165 6916 6857 7 13262 13263 90916 90404 90400 90401 90920
17166 6916 7062 4 13263 13264 17829 17830
17167 7173 7062 6 13264 13265 19814 50522 90470 90471
17168 7173 6857 4 13265 13262 90570 19813
17169 7173 6916 5 13262 13264 90875 90874 90923
17170 7062 6857 5 13263 13265 19812 89724 90466
17171 8281 8364 6 13268 13269 93598 37430 37429 97524
17172 8281 8550 5 13269 13266 93712 93632 93597
17173 8281 8381 6 13266 13268 97523 97042 90176 90175
17174 8364 8550 5 13267 13269 93596 97970 97971
17175 4105 4364 6 13270 13271 56686 71475 71474 82892
17176 3968 4364 6 13271 13272 82841 82787 79807 56687
17177 4364 3996 3 13270 13272 82873
17178 4837 5103 6 13273 13274 71162 71234 70944 70945
17179 4837 5051 7 13274 13275 85405 85088 85089 71221 71163
17180 4885 5051 4 13275 13276 85026 85076
17181 4885 5103 6 13276 13273 13840 13839 84929 84928
17182 4885 4837 5 13273 13275 85404 74258 71237
17183 5051 5103 4 13274 13276 85025 71164
17184 6908 6612 4 13277 13278 91878 91681
17185 6908 6561 4 13278 13279 20494 20619
17186 6717 6561 6 13279 13280 18815 71028 18756 18754
17187 6717 6612 4 13280 13277 91683 18813
17188 6717 6908 7 13277 13279 20495 95093 94270 92356 91682
17189 6561 6612 7 13278 13280 18814 18855 18854 92266 91879
17190 4805 4704 6 13281 13282 15366 70509 70508 70519
17191 4893 4805 9 13281 13283 15854 13803 13802 70513 70512 71597 71293
17192 3348 3299 5 13284 13285 79932 62809 62810
17193 3094 3299 6 13285 13286 78815 28788 14942 14941
17194 3299 3205 3 13284 13286 70902
17195 7449 7465 9 13287 13288 89256 20429 20430 20385 20388 90691 90692
17196 7449 7621 4 13288 13289 18569 92789
17197 7416 7449 5 13287 13289 18568 92104 93024
17198 7621 7465 4 13288 13290 90337 92778
17199 4704 4545 4 13291 13292 70870 15367
17200 4719 4545 7 13292 13293 13346 13348 82885 71157 70872
17201 8235 8145 9 13294 13295 93152 99695 20349 20350 20075 17603 17604
17202 8235 8315 4 13295 13296 93509 93153
17203 8277 8145 3 13297 13294 98946
17204 8277 8235 6 13294 13296 98252 36653 36655 98945
17205 8315 8145 9 13295 13297 86344 20115 20117 90070 99691 98777 93154
17206 2140 2064 10 13298 13299 120902 105966 105964 121729 121852 121853 120416 120151
17207 2140 1184 5 13299 13300 78892 78823 78824
17208 892 1184 7 13300 13301 120428 121740 120507 120506 121749
17209 892 2064 7 13301 13298 76864 76861 78613 106355 106357
17210 892 2140 4 13298 13300 121806 120152
17211 1184 2064 4 13299 13301 120427 120903
17212 5910 5935 6 13304 13305 16711 88581 88582 91308
17213 5910 5874 3 13305 13306 16710
17214 6012 5874 9 13306 13307 88148 92096 92438 92462 73515 73516 72214
17215 6012 5935 5 13307 13304 91310 88286 88147
17216 6012 5910 5 13304 13306 72213 73875 91309
17217 5874 5935 6 13305 13307 16747 16749 18227 16712
17218 4339 4403 5 13308 13309 80745 81244 15349
17219 4492 4520 5 13310 13311 69364 69366 60905
17220 4492 4339 5 13308 13310 60904 61111 15348
17221 4520 4403 4 13309 13311 71736 71738
17222 3996 4259 6 13312 13313 82815 82884 80749 71472
17223 4170 4259 4 13314 13312 71473 82697
17224 4279 4259 6 13313 13314 70462 70464 82707 82705
17225 3698 3513 3 13315 13316 80668
17226 3698 3604 7 13316 13317 80557 80536 80176 80177 81083
17227 3501 3698 5 13315 13317 78237 78239 80669
17228 3468 3401 7 13318 13319 24326 24325 78324 82285 78514
17229 3468 3343 4 13319 13320 61002 61000
17230 3466 3343 6 13320 13321 82256 82290 82292 81921
17231 3466 3401 5 13321 13318 25142 25141 82255
17232 3466 3468 8 13318 13320 81787 81789 71145 71147 79199 78515
17233 3343 3401 5 13319 13321 79740 79739 81705
17234 4402 4354 9 13322 13323 81133 81134 72479 72480 80722 80723 15430
17235 4402 4340 6 13323 13324 73377 73376 69039 69037
17236 4314 4340 6 13324 13325 72859 72857 80608 80607
17237 4314 4354 6 13325 13322 15432 72874 73054 81260
17238 4314 4402 5 13322 13324 71374 59987 15431
17239 4340 4354 3 13323 13325 81261
17240 3515 3721 4 13326 13327 80505 24863
17241 3515 3631 7 13327 13328 63346 79105 79106 79997 80522
17242 3428 3631 3 13328 13329 63347
17243 3428 3515 10 13326 13328 63345 79179 75570 75569 14920 14919 77974 24864
17244 3631 3721 5 13327 13329 75124 75126 80524
17245 5127 5346 6 13330 13331 69342 69341 69490 13334
17246 5375 5346 7 13333 13330 13336 69291 69164 69163 54896
17247 5375 5127 8 13330 13332 61422 69512 69508 69500 69499 13335
17248 5395 5346 3 13331 13333 54897
17249 5030 5375 5 13335 13336 69294 68418 68419
17250 5030 5346 4 13336 13334 69279 69280
17251 4238 4134 5 13337 13338 71630 82788 13533
17252 4238 4472 7 13338 13339 70627 13366 13367 70268 70269
17253 4375 4472 7 13339 13340 71680 69437 69439 71460 70629
17254 4375 4134 4 13340 13337 13535 82803
17255 4375 4238 7 13337 13339 70628 61352 15264 15263 13534
17256 4472 4134 5 13338 13340 82804 71357 71356
17257 5649 5641 5 13341 13342 69397 70196 87226
17258 5649 5494 6 13342 13343 68083 68084 70080 69398
17259 5588 5649 4 13341 13343 86800 87227
17260 5494 5641 4 13342 13344 56079 56078
17261 4536 4719 4 13347 13348 82887 71376
17262 4536 4545 4 13348 13345 14292 82886
17263 10605 11742 4 13349 13350 106064 106065
17264 10605 10309 6 13350 13351 134022 134023 150047 150048
17265 10815 10309 5 13351 13352 134289 134025 134024
17266 10815 11742 5 13352 13349 129047 129046 134287
17267 10815 10605 6 13349 13351 150046 149941 134413 133152
17268 10309 11742 9 13350 13352 134288 134411 106192 106193 150153 48547 48548
17269 4614 4704 3 13353 13354 15870
17270 4614 4788 8 13354 13355 70569 70570 71469 71470 71476 15871
17271 4552 4704 6 13356 13353 15522 15521 69475 15366
17272 4552 4614 9 13353 13355 71485 80708 81064 81062 80998 80991 71468
17273 4560 4527 6 13357 13358 59501 59500 61083 82650
17274 4560 4483 7 82760 82685 13358 13359 71711 71712 -1
17275 4865 4527 7 13360 13357 61086 61085 82191 82193 82573
17276 4865 4560 5 13357 13359 71714 71713 81311
17277 4483 4527 8 13358 13360 82682 82703 82683 82439 82438 82686
17278 4940 4837 3 13361 13362 71498
17279 4940 5029 6 13362 13363 70572 70573 70738 71497
17280 4896 5029 3 13363 13364 70718
17281 4896 4940 9 13361 13363 70717 71283 85332 16879 16881 71478 71479
17282 5029 4837 6 13362 13364 71178 71234 71240 71499
17283 4238 4223 12 13365 13366 71398 61352 61353 82737 81820 60091 60094 73097 73098 80906
17284 4546 4472 8 13367 13368 69245 70109 70108 70456 60161 60158
17285 4546 4223 5 13368 13365 61082 61081 69244
17286 4546 4238 3 13365 13367 81502
17287 4472 4223 3 13366 13368 69243
17288 4828 4719 4 13370 13371 70439 70438
17289 4828 4530 6 13371 13369 69893 70419 14611 14613
17290 4828 4704 6 13369 13370 70648 71294 70519 69892
17291 5464 5595 4 13372 13373 18265 69937
17292 5464 5570 6 13373 13374 70807 15373 15374 18266
17293 5487 5570 4 13374 13375 69269 69272
17294 5487 5595 8 13375 13372 70749 70834 87551 87552 87549 87547
17295 5570 5595 5 13373 13375 87461 87244 18267
17296 5252 5299 5 13376 13377 50894 62254 13647
17297 5422 5252 5 13376 13378 50882 68937 13646
17298 5668 5299 6 13377 13379 43388 50179 44295 44294
17299 8626 8602 8 13380 13381 38744 38039 38037 38604 38045 38046
17300 8626 8358 5 13381 13382 39223 34624 34625
17301 8328 8602 6 13383 13380 37323 37325 38614 38587
17302 8328 8626 6 13380 13382 39371 39302 38654 38653
17303 8358 8602 5 13381 13383 38588 38445 38444
17304 6294 6298 5 13384 13385 87848 89285 88970
17305 6294 6073 4 13385 13386 89089 87847
17306 6019 6073 7 13386 13387 55594 55596 70326 89049 89048
17307 6019 6298 4 13387 13384 88972 87842
17308 6019 6294 4 13384 13386 89284 88971
17309 6073 6298 6 13385 13387 87843 50958 50957 55171
17310 4695 4813 5 13389 13390 71557 71556 59961
17311 4747 4695 5 13388 13390 71565 71650 71613
17312 4493 4530 7 13392 13393 71570 17421 17420 70487 70219
17313 4493 4687 4 13393 13391 69357 71637
17314 4493 4508 4 13391 13392 13427 13424
17315 3608 3800 6 13394 13395 79706 77987 15655 15653
17316 3608 3732 6 13395 13396 78921 73441 13531 13529
17317 3767 3732 4 13396 13397 79152 79154
17318 3767 3800 6 13397 13394 79749 79186 79188 79576
17319 3767 3608 5 13394 13396 75294 75291 79627
17320 3732 3800 5 13395 13397 13907 13909 78252
17321 4829 4872 5 13398 13399 16463 15327 15330
17322 4829 4965 4 13399 13400 74573 16464
17323 5208 4965 6 13400 13401 73616 73618 74466 74574
17324 5208 4872 5 13401 13398 74579 74652 74639
17325 5208 4829 5 13398 13400 70989 70991 74578
17326 4965 4872 7 13399 13401 74581 74580 13958 13957 16465
17327 5224 5418 4 13402 13403 17243 70784
17328 5411 5418 6 13404 13402 70786 70955 16722 16724
17329 5269 5418 5 13403 13404 17187 17186 17244
17330 4314 4185 7 13405 13406 81402 73406 73407 73449 73137
17331 4314 4149 5 13406 13407 73212 71708 71706
17332 4231 4149 5 13407 13408 15499 81275 81301
17333 4231 4185 3 13408 13405 15498
17334 4231 4314 5 13405 13407 73056 73054 73138
17335 4149 4185 9 13406 13408 15497 81114 81086 81085 80939 15472 15473
17336 5430 5255 9 13409 13410 68157 69053 72194 50893 50892 68658 68657
17337 5430 5676 5 13410 13411 89128 67513 67516
17338 5751 5255 3 13412 13409 13641
17339 5751 5430 4 13409 13411 87667 72353
17340 5676 5255 6 13410 13412 13640 68132 69183 68158
17341 7856 7693 8 13413 13414 92335 91890 91891 90521 90522 95121
17342 7856 7768 6 13414 13415 94535 94534 94530 92336
17343 7941 7768 5 13415 13416 95117 91631 91628
17344 7941 7693 7 13416 13413 20234 20236 91737 93182 95209
17345 7941 7856 4 13413 13415 94775 94776
17346 7768 7693 4 13414 13416 93908 92337
17347 10531 11156 4 13417 13418 95381 95384
17348 10531 10711 5 13418 13419 106183 106992 106352
17349 10846 10711 6 13419 13420 106444 106721 23062 23060
17350 10846 11156 5 13420 13417 106499 96116 96115
17351 10846 10531 5 13417 13419 105654 21610 21612
17352 10711 11156 5 13418 13420 106443 106626 106353
17353 4799 4487 4 13421 13422 68737 69427
17354 4473 4487 6 13422 13423 15252 15254 61201 68738
17355 4487 4587 5 13421 13423 61207 61206 69422
17356 4403 4508 5 13424 13425 57451 14911 14912
17357 4493 4367 4 13426 13427 70219 71363
17358 4493 4403 9 13424 13426 71484 71661 81223 80745 71738 71737 69357
17359 4367 4508 6 13425 13427 70218 71643 82768 67550
17360 10065 9900 4 13428 13429 22406 106913
17361 10065 10101 8 13429 13430 106520 105517 105515 23005 23008 22407
17362 10092 10101 4 13430 13431 107060 106521
17363 10092 9900 6 13431 13428 106915 107049 107051 107086
17364 10092 10065 7 13428 13430 106519 106996 107279 107148 106914
17365 10101 9900 5 13429 13431 107087 107083 22408
17366 5281 5464 9 13434 13432 70685 70875 13809 13811 70806 15373 15375
17367 5281 5267 3 13432 13433 15370
17368 8867 8526 5 13435 13436 99927 99926 99995
17369 8867 8864 5 13436 13437 100064 99964 99962
17370 8814 8526 4 13438 13435 100050 13738
17371 8814 8867 3 13435 13437 100049
17372 8864 8526 6 13436 13438 13737 99647 99670 100020
17373 5127 5136 7 13439 13440 69331 69332 69494 69492 69454
17374 5115 5425 6 13441 13442 69401 54682 54683 69065
17375 5115 5136 7 13442 13439 68719 68721 70126 69402 69399
17376 5425 5136 7 13440 13442 69400 67992 67989 69179 69432
17377 4841 5107 6 13443 13444 73209 74043 74042 74033
17378 4841 5132 4 13444 13445 72331 73210
17379 5094 5132 6 13445 13446 17774 73901 73859 72333
17380 5094 5107 5 13446 13443 72741 72743 17773
17381 5094 4841 4 13443 13445 72332 74034
17382 5132 5107 4 13444 13446 17772 73211
17383 5290 5254 8 13447 13448 72313 72343 72520 72375 70744 70742
17384 5290 5068 8 13448 13449 72218 72224 71997 71998 72329 72314
17385 5105 5068 8 13449 13450 13623 71587 72156 71799 71797 72220
17386 5105 5254 6 13450 13447 70787 70789 71772 13621
17387 5105 5290 3 13447 13449 72219
17388 5068 5254 3 13448 13450 13622
17389 4544 4361 5 13451 13452 14780 73373 81399
17390 4544 4340 4 13452 13453 73376 14781
17391 4529 4340 5 13453 13454 80503 69040 69039
17392 4529 4361 5 13454 13451 15617 15616 61110
17393 1828 2067 3 13455 13456 25254
17394 1828 2022 4 13456 13457 120843 119723
17395 1837 2022 6 13457 13458 119106 119108 119642 120615
17396 1837 2067 5 13458 13455 25256 23430 23431
17397 1837 1828 6 13455 13457 120861 120863 120887 25255
17398 2022 2067 9 13456 13458 119665 119664 119699 119700 120530 120849 119724
17399 4509 4734 3 13459 13460 73333
17400 4645 4376 6 13461 13462 73399 73398 73181 73182
17401 4645 4734 7 13462 13459 73536 74148 73461 73302 73301
17402 4645 4509 6 13459 13461 72164 71922 13517 13519
17403 4376 4734 5 13460 13462 73355 73354 73334
17404 4166 4329 4 13463 13464 71420 71421
17405 4166 4297 7 13464 13465 70933 70931 81176 57444 57445
17406 4287 4297 7 13465 13466 71389 81061 74341 74340 74548
17407 4287 4329 5 13466 13463 71414 71413 71388
17408 4287 4166 5 13463 13465 80691 81161 74167
17409 6707 6415 6 13467 13468 51610 51340 51341 17256
17410 6707 6781 8 13468 13469 17715 51659 52259 52260 52907 51609
17411 6433 6781 7 13469 13470 51435 51436 51438 51979 17716
17412 6433 6415 6 13470 13467 17258 51654 51656 51935
17413 6433 6707 3 13467 13469 17257
17414 6781 6415 4 13468 13470 17641 17638
17415 4798 4835 3 13472 13473 61343
17416 4798 4787 6 13471 13472 57361 57360 65330 15459
17417 5684 5381 4 13474 13475 18352 18353
17418 5684 5322 7 13475 13476 84905 84906 92393 20068 20069
17419 5474 5322 5 13476 13477 71111 84616 84767
17420 5474 5684 6 13474 13476 74088 74087 84864 92550
17421 5322 5381 4 13475 13477 71109 74049
17422 4850 4708 7 13478 13479 73761 73760 81104 74080 73991
17423 4850 4964 6 13479 13480 18156 16292 16290 71126
17424 4893 4964 6 13480 13481 15382 15383 70994 71917
17425 4893 4708 5 13481 13478 71973 13802 13804
17426 4893 4850 4 13478 13480 73386 73388
17427 4964 4708 3 13479 13481 71261
17428 3899 4120 6 13483 13484 76149 75492 73327 73330
17429 4038 3899 4 13482 13484 76148 76292
17430 4120 3944 3 13483 13485 74702
17431 4677 4586 10 13486 13487 71780 71778 61342 61341 61282 61283 61296 61297
17432 4677 4942 7 13487 13488 71654 81512 81428 81429 81470
17433 4699 4942 6 13488 13489 72514 72571 73142 71655
17434 4699 4586 9 13489 13486 71705 73047 70845 70847 79786 71999 72001
17435 4699 4677 3 13486 13488 71653
17436 4942 4586 3 13487 13489 72513
17437 5496 5673 5 13491 13492 54887 54888 54911
17438 5652 5496 7 13490 13492 61255 68646 68103 56562 56559
17439 5673 5776 4 13491 13493 54951 54912
17440 6929 6826 4 13494 13495 18452 91574
17441 6929 6873 7 13495 13496 91896 91463 90719 90717 18453
17442 7036 6873 4 13496 13497 90348 90347
17443 7036 6929 7 13494 13496 91389 91391 91794 91945 91573
17444 6873 6826 8 13495 13497 17017 17016 91853 90371 90373 18454
17445 5587 5363 8 13498 13499 51908 13652 13653 68008 69141 69148
17446 5587 5676 3 13499 13500 13640
17447 5751 5363 3 13501 13498 51478
17448 5676 5363 5 13499 13501 51477 68728 68132
17449 4604 4396 7 13503 13504 61705 61603 61604 69689 69672
17450 4832 4396 7 13504 13505 57336 57571 57570 57579 59282
17451 4832 4633 6 13505 13502 67847 67845 67797 57335
17452 4832 4604 4 13502 13504 61706 67877
17453 4396 4633 4 13503 13505 57334 57345
17454 4400 4415 7 13506 13507 75281 75279 75277 75275 74912
17455 4400 4768 5 13507 13508 77993 75227 75225
17456 4743 4768 5 13508 13509 77385 77384 77740
17457 4743 4415 5 13509 13506 74914 77796 77903
17458 4743 4400 4 13506 13508 76820 74913
17459 4768 4415 4 13507 13509 77907 77730
17460 1423 10656 6 13510 13511 20812 83884 83882 83599
17461 1423 10847 4 13511 13512 101693 20811
17462 527 10847 6 13512 13513 102026 102027 102275 101694
17463 527 10656 3 13513 13510 83600
17464 527 1423 7 13510 13512 101692 113532 113471 113110 83598
17465 4198 4372 5 13514 13515 72725 65717 65718
17466 4198 4077 7 13515 13516 75214 81572 17932 14447 14448
17467 4456 4198 5 13514 13516 75213 63777 63776
17468 4509 4732 5 13517 13518 73716 79140 71923
17469 4645 4833 4 13519 13520 74092 73536
17470 4645 4732 4 13520 13517 71924 74090
17471 3970 4144 7 13521 13522 80425 80424 80876 80808 80764
17472 3970 4133 3 13522 13523 17107
17473 4109 4144 3 13524 13521 80653
17474 4109 3970 7 13521 13523 17108 80462 74134 15039 15041
17475 4133 4144 6 13522 13524 25858 25859 74532 80166
17476 4151 3924 3 13525 13526 16247
17477 4151 4055 5 13526 13527 83135 13797 13800
17478 4023 4055 3 13527 13528 80896
17479 4023 3924 8 13528 13525 16249 83083 16172 16170 82996 80894
17480 4023 4151 7 13525 13527 15229 15226 85296 20325 16248
17481 4055 3924 8 13526 13528 80895 83051 81867 81866 83272 83275
17482 3608 3819 4 13529 13530 79795 79706
17483 3608 3604 8 13530 13531 63336 60288 60291 63440 80202 79796
17484 3732 3604 3 13531 13532 73442
17485 3732 3819 7 13532 13529 78252 78253 79717 79724 79725
17486 3604 3819 6 13530 13532 79718 25132 25129 79797
17487 4095 4375 4 13534 13535 15582 15584
17488 4095 4134 5 13535 13533 82790 82766 82765
17489 4095 4238 5 13533 13534 71425 82764 82789
17490 5011 5197 7 13536 13537 50896 68948 68898 68885 68672
17491 5011 5258 4 13537 13538 50898 50895
17492 4819 5197 4 13539 13536 68673 68908
17493 4819 5011 7 13536 13538 68441 68440 68861 65265 65262
17494 5258 5197 8 13537 13539 68882 68884 63481 16987 16988 50897
17495 2919 2930 5 13540 13541 28664 28665 79357
17496 2919 3058 5 13541 13542 135518 135516 135522
17497 3174 3058 7 13542 13543 28844 28847 63939 63940 64059
17498 3174 2919 7 13540 13542 28108 28107 119770 78627 78626
17499 3058 2930 6 13541 13543 64085 64087 133949 133951
17500 4835 4819 5 13544 13545 64974 68886 68477
17501 4819 4762 5 13544 13546 63557 68408 68439
17502 5134 5214 6 13547 13548 13669 74785 74891 73632
17503 5134 5283 5 13548 13549 74669 74061 13668
17504 5161 5283 10 13549 13550 73593 73596 68989 68840 17171 17172 73877 74670
17505 5161 5214 4 13550 13547 73633 74035
17506 5161 5134 4 13547 13549 20497 20499
17507 5283 5214 7 13548 13550 74036 74062 18032 18034 13670
17508 6377 6317 8 13551 13552 92660 92661 92566 22602 22605 92314
17509 6377 5872 8 13552 13553 91708 77828 77829 84849 75683 75684
17510 6169 5872 9 13553 13554 88937 91916 94907 94347 94348 92306 91709
17511 6169 6317 4 13554 13551 13774 13776
17512 6169 6377 5 13551 13553 91707 94223 94225
17513 5872 6317 5 13552 13554 88936 88525 88524
17514 4111 4024 4 13556 13557 75270 14801
17515 4111 3906 5 13555 13556 14799 75218 75286
17516 4383 4532 5 13558 13559 64672 78180 78012
17517 4383 4654 4 13559 13560 64804 64673
17518 4605 4383 6 13558 13560 63819 63821 72862 72864
17519 4654 4532 8 13559 13561 72877 72895 73065 73076 77896 64674
17520 5125 4911 6 13562 13563 20268 20271 83430 83433
17521 5125 4946 6 13563 13564 85411 85325 85033 85032
17522 4780 4946 3 13564 13565 85403
17523 4780 4911 5 13565 13562 71078 71077 85402
17524 4780 5125 6 13562 13564 85412 71200 71199 83489
17525 4946 4911 5 13563 13565 85309 85311 85447
17526 5563 5921 4 13566 13567 14956 65533
17527 5563 5693 7 13567 13568 63594 51107 51105 68772 14957
17528 5834 5563 6 13566 13568 63595 64862 63644 63646
17529 5693 5921 6 13567 13569 51104 51103 44031 14958
17530 6923 6882 7 13570 13571 55629 17544 17545 55655 52494
17531 7018 7022 6 13572 13573 52208 52545 52164 36873
17532 7018 6923 4 13570 13572 36872 52495
17533 7022 6882 4 13571 13573 52207 52776
17534 4185 4269 6 13574 13575 80655 73449 73450 74165
17535 4185 4251 7 13575 13576 15755 81251 81668 81116 81117
17536 4188 4251 7 13576 13577 81243 78326 78327 70342 15756
17537 4188 4269 5 13577 13574 71610 71609 81149
17538 4188 4185 5 13574 13576 15754 81086 74166
17539 4251 4269 4 13575 13577 81128 81129
17540 4782 4724 5 13578 13579 65744 76996 65733
17541 4782 4741 5 13579 13580 19117 77476 65745
17542 4337 4741 6 13580 13581 73507 77284 77286 19119
17543 4337 4724 6 13581 13578 65735 78281 73627 73506
17544 4337 4782 5 13578 13580 19118 76953 65734
17545 4741 4724 6 13579 13581 73505 77486 76525 65746
17546 5252 5862 6 13582 13583 50086 50881 50882 69021
17547 5258 5862 5 13585 13582 68261 68260 50996
17548 5258 5252 8 13582 13584 50840 50839 50875 50895 50897 65519
17549 5527 5862 4 13583 13585 50791 50088
17550 8752 7460 7 13586 13587 76370 84172 84170 84948 101049
17551 7716 7460 4 13587 13588 84279 76371
17552 7460 7532 8 13586 13588 75950 75951 92653 100525 100524 101047
17553 4985 4942 7 13589 13590 81512 73143 73142 73032 73033
17554 4985 4913 7 13590 13591 73107 68877 14499 14500 81511
17555 5019 4913 4 13591 13592 71890 73108
17556 5019 4985 5 13589 13591 63664 14503 14504
17557 4913 4942 6 13590 13592 71889 72023 72668 81428
17558 3502 3955 7 13593 13594 78781 75221 75224 78828 78810
17559 3502 3833 5 13594 13595 78649 78723 78780
17560 3691 3833 7 13595 13596 77205 77131 64161 64164 78650
17561 3691 3955 3 13596 13593 78633
17562 3691 3502 5 13593 13595 77078 77075 78809
17563 3833 3955 7 13594 13596 77259 77261 78491 78493 78782
17564 7907 8056 4 13597 13598 93769 93770
17565 7907 7881 7 13598 13599 93310 93767 93768 18587 18585
17566 7948 7881 5 13599 13600 20741 20742 89255
17567 7948 8056 5 13600 13597 93714 93564 93565
17568 7948 7907 7 13597 13599 93309 93774 93772 93773 93776
17569 7881 8056 6 13598 13600 93520 93522 97868 93771
17570 8963 8731 7 13601 13602 95528 105332 95486 95485 94778
17571 8963 8934 6 13602 13603 104918 106756 107161 95529
17572 8840 8934 7 13603 13604 22115 22705 97337 97412 104917
17573 8840 8731 3 13604 13601 22114
17574 8840 8963 5 13601 13603 104915 97443 94779
17575 8934 8731 5 13602 13604 22113 95218 95412
17576 5693 5838 4 13606 13607 51085 51775
17577 5693 5413 4 13607 13605 49596 49595
17578 6391 6257 4 13609 13610 51496 51335
17579 6391 6470 5 13610 13608 50635 50636 51471
17580 3798 3830 4 13611 13612 15615 15614
17581 3798 3760 8 13612 13613 60057 61167 79781 81700 60329 60330
17582 3772 3760 4 13613 13614 59389 59391
17583 3772 3830 7 13614 13611 61189 61190 61294 24531 24530
17584 3772 3798 5 13611 13613 41303 41300 61178
17585 5531 5125 8 13615 13616 85109 85111 85742 85496 74254 71195
17586 3575 3481 6 13617 13618 79524 79525 79721 78105
17587 3575 3400 7 13618 13619 77911 79027 25040 25038 79536
17588 3427 3481 4 13620 13617 78107 80026
17589 3427 3575 5 13617 13619 77912 79610 78106
17590 3400 3481 7 13618 13620 80027 15704 15703 15749 15750
17591 5254 4909 5 13621 13622 72313 72215 71773
17592 5068 4909 6 13622 13623 71588 72050 72051 72314
17593 4909 5105 4 13621 13623 61409 61408
17594 7799 7542 4 13624 13625 52691 52693
17595 7799 7929 6 13625 13626 52754 52753 52745 52692
17596 7712 7929 4 13626 13627 37024 37023
17597 7712 7542 5 13627 13624 52047 52048 52581
17598 7712 7799 7 13624 13626 52505 52506 52593 52591 52700
17599 7929 7542 4 13625 13627 52589 52590
17600 11934 9400 6 13628 13629 149808 149809 151383 151342
17601 11934 9972 6 13629 13630 27403 96906 106083 150837
17602 10309 9972 4 13630 13631 66034 27405
17603 10309 9400 7 13631 13628 48290 48289 151536 151374 96425
17604 10309 11934 4 13628 13630 27404 151333
17605 9972 9400 4 13629 13631 96414 96415
17606 4322 4602 6 13632 13633 73013 71520 71521 73094
17607 4439 4587 6 13634 13635 61205 61207 16484 16482
17608 4439 4602 4 13635 13632 69477 69446
17609 3997 4044 7 13637 13638 83505 80975 71345 71346 83110
17610 4115 4044 5 13638 13639 15560 15559 83196
17611 4115 4161 8 13639 13636 82659 16567 16564 71408 71410 83501
17612 4115 3997 4 13636 13638 83506 82658
17613 4044 4161 7 13637 13639 83502 83500 83499 81029 81026
17614 5587 5255 6 13640 13641 68657 68659 51909 51908
17615 4999 5080 4 13643 13644 56527 56525
17616 4739 5080 5 13644 13645 69808 54628 54625
17617 4739 5108 3 13645 13642 69791
17618 4739 4999 9 13642 13644 69796 67769 67771 67922 69985 67784 67783
17619 5080 5108 8 13643 13645 54618 54617 69779 67382 57200 57199
17620 5252 5056 8 13646 13647 68830 68831 68970 68358 68359 68936
17621 5216 5193 6 13648 13649 70353 70557 70625 70560
17622 5216 5133 5 13649 13650 70697 70559 70354
17623 4929 5133 5 13650 13651 70193 17224 17226
17624 4929 5193 9 70370 70369 70603 70609 13651 13648 70561 74518 -1
17625 5133 5193 5 13649 13651 70608 70607 70355
17626 5587 5542 10 13653 13654 68659 50803 50802 89144 91281 69196 69194 68009
17627 5238 5542 7 13654 13655 56114 56115 71918 72420 69154
17628 5238 5587 3 13652 13654 51909
17629 5542 5363 3 13653 13655 68010
17630 4863 5087 7 13656 13657 73384 73157 73158 72742 14868
17631 4863 5158 3 13657 13658 73385
17632 4964 5158 4 13658 13659 71882 71893
17633 4964 5087 4 13659 13656 14869 68918
17634 4964 4863 6 13656 13658 18157 16292 16293 14867
17635 5158 5087 10 13657 13659 71881 72236 71862 71861 73230 72595 72597 73248
17636 4712 4550 4 13660 13661 14322 75189
17637 4712 4610 9 13661 13662 19115 77886 73416 14339 14337 25702 14323
17638 4265 4610 4 13662 13663 76604 19116
17639 4265 4550 6 13663 13660 75204 77849 64651 64653
17640 4265 4712 6 13660 13662 14183 14181 14397 75203
17641 4610 4550 5 13661 13663 76603 76796 14324
17642 9157 9370 7 13664 13665 32739 94070 94068 101732 93910
17643 9157 9013 6 13665 13666 102695 102696 102781 32738
17644 9034 9013 6 13666 13667 101599 99211 99214 99332
17645 9034 9370 4 13667 13664 93912 102420
17646 9034 9157 6 13664 13666 100042 99201 99200 93911
17647 9013 9370 4 13665 13667 102421 32740
17648 5380 5134 6 13668 13669 74784 74794 20377 20380
17649 5380 5214 6 13669 13670 72949 74953 73834 73832
17650 5283 5380 7 13668 13670 72950 73827 92240 74967 74060
17651 4596 3888 4 13671 13672 20456 71454
17652 4596 3987 4 20457 13672 13673 -1
17653 3849 3987 4 13673 13674 83358 -1
17654 3849 3888 5 13674 13671 71455 84035 83357
17655 3849 4596 5 83263 71453 13671 13673 -1
17656 3987 3888 6 13672 13674 83356 74449 74448 20458
17657 3831 4000 6 13676 13677 14617 14618 63647 63648
17658 4000 3973 5 13675 13677 14953 14955 63762
17659 5793 5876 6 13678 13679 100849 20704 20702 100726
17660 5793 5472 3 13679 13680 100850
17661 5804 5472 7 13680 13681 75771 75774 92831 100544 100545
17662 5804 5876 4 13681 13678 100561 100560
17663 5804 5793 7 13678 13680 100844 100744 100743 100742 100779
17664 5472 5876 6 13679 13681 100559 85920 85429 85431
17665 241 204 4 13682 13683 130971 146104
17666 241 299 8 13683 13684 131008 131009 31379 31378 32045 130972
17667 128 299 5 13684 13685 126996 126919 126918
17668 128 204 6 13685 13682 146073 131211 130635 128739
17669 128 241 5 13682 13684 131057 131058 146074
17670 4362 4250 7 13686 13687 64849 77353 78264 78266 77579
17671 3854 4235 6 13688 13689 28579 28581 64592 64795
17672 3854 4250 7 13689 13686 77580 78263 78369 64648 64649
17673 3854 4362 6 13686 13688 64794 65845 64455 64456
17674 4235 4250 5 13687 13689 64707 64808 64847
17675 2473 3291 12 13690 13691 155963 59791 58735 58734 58550 58549 58895 137403 29535 29533
17676 2473 5752 4 155964 13691 13692 -1
17677 4562 3291 5 13693 13690 30027 58842 40367
17678 4562 2473 5 59026 30026 13690 13692 -1
17679 5752 3291 4 13691 13693 40366 155965
17680 4609 4732 5 13694 13695 71924 71923 80650
17681 4609 4841 6 13695 13696 14478 14476 71496 74506
17682 4744 4841 5 13696 13697 18112 18110 74503
17683 4744 4732 7 13697 13694 76242 15054 15051 73692 74215
17684 4744 4609 6 13694 13696 74502 74792 74823 80660
17685 4841 4732 6 13695 13697 74216 74541 74091 74090
17686 3557 3750 7 13698 13699 79447 79356 79354 78512 78513
17687 3557 3859 5 13699 13700 79457 79572 79448
17688 3791 3859 6 13700 13701 78385 78556 78311 78312
17689 3791 3750 6 13701 13698 78389 63990 63755 63757
17690 3791 3557 3 13698 13700 79458
17691 3859 3750 7 13699 13701 78384 78682 76773 76774 78684
17692 8442 8200 9 13703 13704 15162 15160 92297 18434 18435 93621 93802
17693 8053 8200 5 13704 13705 95250 94680 87637
17694 8053 8498 8 13705 13702 22624 94729 92301 92300 95347 95322
17695 8053 8442 3 13702 13704 22623
17696 8200 8498 4 13703 13705 95321 93803
17697 3037 3020 8 13706 13707 75875 84299 84300 83714 83712 83949
17698 3037 3030 4 13707 13708 24744 24742
17699 2510 3030 6 13708 13709 84406 113406 113405 83964
17700 2510 3020 6 13709 13706 112717 113719 118477 84405
17701 2510 3037 5 13706 13708 83963 107807 112716
17702 3030 3020 4 13707 13709 84404 75876
17703 3880 5130 8 13710 13711 75644 75646 75952 83872 75939 75941
17704 3880 5665 5 13711 13712 73722 14511 14512
17705 3871 5665 6 13712 13713 83328 83326 20713 20715
17706 3871 5130 3 13713 13710 84438
17707 3871 3880 8 13710 13712 84500 84594 75937 75936 84455 84485
17708 5286 5209 9 13714 13715 72116 71853 70817 70657 70658 70376 70378
17709 5286 5010 5 13715 13716 71884 70528 70529
17710 5139 5010 8 13716 13717 70337 17066 17065 52122 52121 70434
17711 5139 5209 5 13717 13714 71874 71872 72070
17712 5139 5286 5 13714 13716 71883 72139 72030
17713 5010 5209 6 13715 13717 72095 72094 71815 71817
17714 7332 7254 3 13718 13719 16422
17715 7332 7175 6 13719 13720 52347 52350 87960 52633
17716 7270 7175 4 13720 13721 19134 19133
17717 7270 7254 7 13721 13718 16423 90110 89947 89404 89401
17718 7270 7332 6 13718 13720 90472 19513 19511 16421
17719 7175 7254 7 13719 13721 89393 51649 13943 13945 19400
17720 7417 7198 4 86841 13723 13724 -1
17721 7731 7198 3 13724 13725 -1
17722 7731 7690 7 13725 13722 37097 37057 36919 36920 -1
17723 7731 7417 8 87621 86441 86440 86432 86383 13722 13724 -1
17724 7198 7690 7 86614 35621 35618 86608 13723 13725 -1
17725 6962 7023 6 56894 13726 13727 56372 56997 -1
17726 6962 7138 7 13727 13728 56466 56464 56977 56469 56373
17727 7562 7023 6 56839 56841 13729 13726 56895 -1
17728 7562 6962 3 13726 13728 56592
17729 7138 7023 6 13727 13729 56942 56960 40179 40181
17730 3880 3416 6 13730 13731 75724 24032 24035 84504
17731 3880 3805 8 13731 13732 16036 15090 15088 84595 15992 15990
17732 3868 3805 3 13732 13733 75725
17733 3868 3416 4 13733 13730 84434 84433
17734 3868 3880 9 13730 13732 75436 75435 75952 83991 84515 84507 84506
17735 3805 3416 5 13731 13733 84375 22672 22671
17736 4239 4025 5 13735 13736 61247 61248 81693
17737 4239 4103 4 13736 13734 61264 61293
17738 5768 5847 4 13739 13740 74250 20365
17739 5768 5598 4 13740 13741 86001 74251
17740 5888 5598 9 13741 13742 84947 85545 85546 85626 85630 85635 86002
17741 5888 5768 5 13739 13741 85283 18056 18055
17742 5598 5847 5 13740 13742 20592 20593 74252
17743 4917 4867 6 13743 13744 80756 80757 83389 80966
17744 4917 5076 7 13744 13745 74255 74440 74443 15418 15419
17745 4871 5076 8 13745 13746 71048 74173 73852 73853 84361 74257
17746 4871 4867 7 13746 13743 80967 84659 84993 74186 71046
17747 4871 4917 3 13743 13745 74256
17748 5076 4867 3 13744 13746 71047
17749 5434 5633 6 13748 13749 70362 70580 70189 70083
17750 5633 5560 5 13747 13749 70360 70364 86650
17751 3926 4344 7 13750 13751 23753 23751 20694 20697 84661
17752 3926 3848 9 13751 13752 84634 84665 84667 84636 84637 85200 84633
17753 3638 3848 7 13752 13753 83799 83703 83704 84031 84086
17754 3638 4344 5 13753 13750 84048 84050 84146
17755 3638 3926 4 13750 13752 84635 84679
17756 3848 4344 4 13751 13753 84147 84148
17757 1853 1928 5 13754 13755 116247 116684 115890
17758 1853 1993 5 13755 13756 114632 114633 114663
17759 2096 1993 9 13756 13757 114930 114949 115600 115599 114253 114252 115056
17760 2096 1928 3 13757 13754 114929
17761 2096 1853 4 13754 13756 63217 63219
17762 1993 1928 6 13755 13757 114928 114983 116189 116188
17763 11790 11765 4 13758 13759 131615 131614
17764 11790 11786 5 13759 13760 129988 130349 146369
17765 107 11786 6 13760 13761 131419 131383 129965 129964
17766 107 11765 4 13761 13758 31319 31321
17767 107 11790 7 13758 13760 129989 146409 146447 132557 132555
17768 11786 11765 5 13759 13761 131732 33743 33742
17769 2040 2038 6 13762 13763 115057 115036 115034 115046
17770 2040 1855 6 13763 13764 116518 115862 115863 115097
17771 1812 1855 6 13764 13765 24581 24580 115544 115545
17772 1812 2038 4 13765 13762 115367 115366
17773 1812 2040 5 13762 13764 114462 114464 116239
17774 1855 2038 4 13763 13765 114413 114410
17775 4544 4653 4 13767 13768 68130 73043
17776 4590 4653 8 13768 13769 69449 69447 72120 72012 72011 68131
17777 4590 4529 4 13769 13766 15617 15618
17778 4590 4544 6 13766 13768 68129 73186 73188 81399
17779 4653 4529 6 13767 13769 71549 71517 71518 73044
17780 4475 4972 8 13770 13771 17768 17769 13970 13968 85177 84205
17781 4475 4028 5 13771 13772 13782 84739 85168
17782 3888 4028 5 13772 13773 71454 71455 13784
17783 3888 4972 4 13773 13770 20458 20456
17784 3888 4475 4 13770 13772 13783 74448
17785 4028 4972 4 13771 13773 83142 83166
17786 6317 6165 5 13774 13775 75778 75779 92314
17787 6317 5903 5 13775 13776 88936 94329 77378
17788 6169 5903 4 13776 13777 91915 88937
17789 6169 6165 6 13777 13774 94225 94224 94551 94424
17790 5903 6165 6 13775 13777 94425 94323 94322 77379
17791 6818 6547 5 13778 13779 55244 17034 17033
17792 6909 6547 5 13779 13781 55439 55437 55305
17793 4475 3876 5 13782 13783 74447 85079 84738
17794 4028 3876 6 13784 13782 83695 83694 83996 84036
17795 3888 3876 5 13783 13784 84035 84010 74449
17796 3433 3373 3 13785 13786 15746
17797 3433 3182 5 13786 13787 63765 63766 25634
17798 3443 3182 5 13787 13788 78897 76903 76904
17799 3443 3373 6 13788 13785 15747 79315 79314 78896
17800 3182 3373 6 13786 13788 78698 63867 15663 15660
17801 3676 3359 5 13789 13790 66087 66088 65834
17802 3676 3352 5 13790 13791 32361 66010 66009
17803 3486 3676 4 13789 13791 32362 48980
17804 3352 3359 5 13790 13792 135678 48584 48581
17805 4137 4074 3 13793 13794 78010
17806 4137 3991 6 13794 13795 63388 63389 72893 72928
17807 4148 3991 5 13795 13796 78058 78059 78486
17808 4148 4074 8 13796 13793 78011 77024 77026 79614 79687 78097
17809 4148 4137 6 13793 13795 78485 75245 75244 76612
17810 3991 4074 9 13794 13796 74460 74458 79549 81361 25769 25768 63781
17811 4161 4151 6 13797 13798 74233 74236 83452 83419
17812 4161 4154 4 13798 13799 16567 16565
17813 4055 4154 4 13799 13800 83275 83241
17814 4154 4151 6 13798 13800 16247 16248 16856 16853
17815 5014 4893 4 13803 13804 15382 15381
17816 5014 4708 8 13804 13801 70571 15411 15410 73762 73761 71261
17817 5014 4805 4 13801 13803 15853 70358
17818 4588 4623 7 13805 13806 69362 72659 72660 50607 50608
17819 4588 4802 4 13806 13807 80616 69361
17820 4843 4623 6 13808 13805 73383 73382 73404 81304
17821 4843 4588 5 13805 13807 80615 71879 71878
17822 4802 4623 3 13806 13808 69363
17823 5464 5369 3 13810 13811 70805
17824 5281 5369 7 13811 13812 70800 70729 16643 16645 70727
17825 5281 5487 3 13812 13809 70859
17826 5369 5487 6 13810 13812 70858 18249 18251 70759
17827 4489 4366 5 13813 13814 70998 14930 14931
17828 4489 4409 5 13814 13815 85170 82859 71352
17829 4551 4409 5 13815 13816 71361 71427 85341
17830 4551 4366 4 13816 13813 71324 71360
17831 4409 4366 5 13814 13816 71359 82708 71353
17832 6752 6906 8 13817 13818 88063 88027 17600 17601 87881 87820
17833 6752 6596 6 13818 13819 18462 85764 85762 86076
17834 6738 6596 6 13819 13820 87713 87711 70352 18464
17835 6738 6906 5 13820 13817 87768 87769 87772
17836 6738 6752 5 13817 13819 18463 18496 87819
17837 6596 6906 7 13818 13820 87821 88593 18840 18841 88064
17838 4949 4893 6 13822 13823 17152 17151 70212 70214
17839 4949 4940 7 13823 13821 15520 70577 70576 70465 70467
17840 4949 4704 4 13821 13822 70648 15519
17841 4987 4864 8 13824 13825 74108 74109 74198 74172 74124 74112
17842 4565 4864 5 13826 13824 74113 74267 80822
17843 4684 4864 6 13825 13826 81035 71081 71080 74197
17844 6862 6611 6 13827 13828 92760 92829 93230 91476
17845 6862 6654 7 13828 13829 74305 93117 88088 88089 92747
17846 6700 6654 6 13829 13830 92186 92694 92195 74307
17847 6700 6611 7 13830 13827 89792 89789 17759 17756 92185
17848 6700 6862 3 13827 13829 74306
17849 6654 6611 4 13828 13830 92184 92744
17850 5656 5381 5 13831 13832 14555 71096 71097
17851 5656 5474 8 13832 13833 17099 17100 88260 84865 84864 14556
17852 5368 5656 8 13831 13833 71103 87514 87513 92455 71101 71100
17853 7002 6539 6 13834 13835 100110 100113 18480 18478
17854 7002 6407 4 13835 13836 100521 100519
17855 6709 6407 5 13836 13837 100885 100655 100654
17856 6709 6539 3 13837 13834 94296
17857 6709 7002 5 13834 13836 93819 93821 94295
17858 6407 6539 10 13835 13837 100883 100866 100857 100616 100615 100085 85654 85653
17859 5103 5012 10 13838 13839 84987 74223 71212 15404 15405 70924 70925 70944
17860 4756 4885 6 13840 13841 85040 83483 74259 71237
17861 4756 5012 7 13841 13838 70946 71471 71393 71395 85039
17862 4756 5103 3 13838 13840 70945
17863 4885 5012 3 13839 13841 84988
17864 5308 5390 5 13842 13843 70700 70699 18250
17865 5495 5390 5 13843 13844 85568 85308 85081
17866 5390 5487 5 13842 13844 85735 70760 18251
17867 3744 3488 4 13845 13846 70752 70753
17868 3744 3366 6 13846 13847 83228 83233 83229 82673
17869 3611 3366 5 13847 13848 81933 81972 81997
17870 3611 3488 4 13848 13845 74168 74170
17871 3366 3488 8 13846 13848 79833 79832 82101 83099 83058 82674
17872 3454 3619 9 13849 13850 24040 83293 83292 83341 15312 15311 83020
17873 3454 3305 3 13850 13851 24041
17874 3203 3305 7 13851 13852 80803 80802 80859 82041 81991
17875 3203 3619 4 13852 13849 83021 83118
17876 3203 3454 5 13849 13851 16132 16131 82064
17877 3305 3619 5 13850 13852 83119 83343 24042
17878 9372 9336 7 13853 13854 103239 102977 102979 20314 20315
17879 9372 9699 5 13854 13855 103310 98733 98732
17880 9500 9336 5 13856 13853 99819 99818 102834
17881 9500 9372 6 13853 13855 103309 103308 102964 102539
17882 9699 9336 5 13854 13856 102462 102461 103125
17883 9431 9753 8 13857 13858 47934 104976 152062 26220 26218 32445
17884 9431 9539 4 13858 13859 105072 47935
17885 9637 9539 6 13859 13860 104867 104866 97111 97110
17886 9637 9753 4 13860 13857 46586 97230
17887 9637 9431 4 13857 13859 105086 46585
17888 9539 9753 5 13858 13860 104956 104957 47936
17889 5449 5009 4 13863 13864 16393 24856
17890 5449 5355 7 13864 13861 13902 13899 94432 93298 16391
17891 5009 5355 6 13862 13864 16392 92447 74604 74601
17892 3909 3737 6 13865 13866 82742 82741 81720 61064
17893 3909 4069 4 13866 13867 13882 82792
17894 3983 4069 5 13867 13868 59965 59387 13884
17895 4069 3737 5 13866 13868 59956 59954 82791
17896 2334 2309 5 13870 13871 119706 119704 15035
17897 2334 2271 6 13871 13869 119838 24951 24950 26320
17898 2334 2316 5 13869 13870 15033 79280 119628
17899 10544 11032 6 13872 13873 108539 14132 14133 101677
17900 11051 11032 8 13874 13872 107312 107484 101200 101197 108551 107953
17901 10905 11032 3 13873 13874 107952
17902 4647 4427 4 13876 13877 77406 77876
17903 4647 4662 8 13877 13875 78090 77707 77706 72540 72537 73460
17904 4647 4309 6 13875 13876 78063 78064 78444 78089
17905 4774 5123 8 13879 13880 72828 77354 77355 76887 14698 14699
17906 5232 5123 6 13880 13881 65685 65688 96590 72829
17907 5232 4264 6 13881 13878 76855 76856 24879 24881
17908 5232 4774 3 13878 13880 72827
17909 5123 4264 3 13879 13881 77090
17910 3909 4249 4 13882 13883 61280 82795
17911 4069 4249 6 13884 13882 82794 60080 60074 59385
17912 4280 4501 6 13885 13886 75178 75095 75096 73401
17913 4280 4429 8 13886 13887 15337 15326 15325 80696 17884 17882
17914 4379 4429 8 13887 13888 19092 19093 73658 73486 73485 75220
17915 4379 4501 4 13888 13885 73403 75209
17916 4379 4280 5 13885 13887 75219 75419 73402
17917 4429 4501 5 13886 13888 74264 74265 75179
17918 4688 4812 5 13889 13890 18176 69429 69430
17919 4688 4740 7 13890 13891 73325 72801 68954 68955 18177
17920 4776 4740 8 13891 13892 72969 72887 72886 72899 72835 72834
17921 4776 4812 6 13892 13889 72963 72962 72973 72967
17922 4776 4688 4 13889 13891 73233 73235
17923 4740 4812 4 13890 13892 72968 18178
17924 3258 3547 6 13895 13896 75266 65411 65414 76640
17925 3258 3240 6 13896 13897 107594 107595 76447 76445
17926 3308 3240 3 13897 13898 122353
17927 3308 3547 11 13898 13895 76642 78790 78091 76747 76746 78994 122339 122342 122356
17928 3308 3258 5 13895 13897 122352 120216 76641
17929 3240 3547 7 13896 13898 122355 79005 78999 16376 16378
17930 5491 5355 4 13899 13900 14077 92613
17931 5491 4933 5 13900 13901 75046 75047 14078
17932 5449 5491 6 13899 13901 75708 100777 94465 94441
17933 4941 4821 7 13903 13904 19125 76881 65861 65859 77263
17934 4941 4996 6 13904 13905 76662 77763 65371 19126
17935 4690 4821 4 13906 13903 77318 77009
17936 4996 4821 4 13904 13906 77008 19127
17937 3800 3796 5 13907 13908 79950 79575 79576
17938 3800 4070 5 13908 13909 71822 71820 80605
17939 3732 4070 5 13909 13910 79538 79604 78253
17940 3732 3796 5 13910 13907 79152 79109 79108
17941 4070 3796 5 13908 13910 72938 72940 81280
17942 8 11747 6 13911 13912 102222 102256 102257 112696
17943 8 11616 7 13912 13913 23762 23027 23028 26454 102223
17944 11803 11616 5 13913 13914 111391 112408 112660
17945 11803 11747 5 13914 13911 112841 102214 102213
17946 11803 8 5 13911 13913 112659 112672 112694
17947 11616 11747 5 13912 13914 22812 22814 102224
17948 5102 5038 3 13915 13916 15534
17949 5102 4981 7 13916 13917 72544 73205 73611 72423 15535
17950 5149 4981 4 13917 13918 68379 72546
17951 5149 5038 5 13918 13915 73547 73695 68378
17952 5149 5102 10 13915 13917 72545 73331 73555 73656 73811 73429 73430 73546
17953 4289 4377 8 13920 13921 80835 80464 80463 80882 84547 83555
17954 4289 4221 9 13921 13919 83355 83594 83540 83539 83611 83610 83612
17955 4289 4324 7 13919 13920 83554 83637 84584 83333 83334
17956 4607 4670 9 13922 13923 17732 75162 74461 74462 77967 75067 75066
17957 4607 4591 6 13923 13924 15607 15605 77846 17733
17958 4750 4591 8 13924 13925 72790 74771 75015 74201 72932 72930
17959 4750 4670 4 13925 13922 77649 72789
17960 4750 4607 4 13922 13924 77682 77933
17961 4591 4670 4 13923 13925 22811 17734
17962 4306 4573 7 13926 13927 76035 76036 74963 25870 14042
17963 4029 4159 6 13928 13929 76407 76313 74734 74732
17964 4029 4573 5 13929 13926 14044 75798 76400
17965 4029 4306 5 13926 13928 76182 76181 14043
17966 4159 4573 4 13927 13929 76406 76380
17967 3166 3015 4 13930 13931 75110 75111
17968 3166 3124 6 13931 13932 82173 82179 81931 81929
17969 3215 3124 3 13932 13933 81883
17970 3215 3015 5 13933 13930 79914 118836 81882
17971 3215 3166 8 13930 13932 82174 24347 24346 61577 81606 79913
17972 3124 3015 8 13931 13933 81881 82120 115623 115767 81917 81916
17973 4897 4086 7 13934 13935 15944 75437 75438 101161 75984
17974 4897 4808 3 13935 13936 15945
17975 5247 4086 5 13937 13934 75975 18635 18634
17976 5247 4897 10 13934 13936 75501 75499 84480 84481 101139 93280 75983 75982
17977 4808 4086 4 13935 13937 18649 15946
17978 5404 5091 8 13938 13939 71117 71118 83972 73684 73685 74596
17979 5404 5322 4 13939 13940 74560 81000
17980 5311 5322 8 13940 13941 74636 74161 18019 18018 20068 74562
17981 5311 5091 6 13941 13938 74496 73617 73619 74635
17982 5311 5404 7 13938 13940 74561 74971 74972 75635 74597
17983 5322 5091 5 13939 13941 74634 85100 84792
17984 7108 7254 4 13942 13943 51647 87723
17985 7108 7175 8 13943 13944 18982 50669 90883 91390 90843 51648
17986 7431 7175 5 13944 13945 19401 90136 18984
17987 7431 7254 6 13945 13942 87725 89976 18619 18618
17988 7431 7108 4 13942 13944 18983 87724
17989 5358 5026 6 13946 13947 73337 84860 85130 91407
17990 5016 5026 6 13947 13948 85145 74344 74345 73339
17991 5026 5332 9 13946 13948 85143 80249 73732 73731 75241 75243 91409
17992 9124 8661 6 13951 13952 47501 32605 32606 104204
17993 9124 9003 3 13952 13953 47901
17994 9173 9003 6 13953 13954 21447 21448 150903 47903
17995 9173 8661 7 13954 13951 151366 150874 19449 19448 21701
17996 9173 9124 6 13951 13953 47902 47089 47090 150028
17997 9003 8661 6 13952 13954 47075 48028 97106 96947
17998 4775 4965 9 13956 13957 74232 72903 72902 74873 74874 75062 74661
17999 4872 4679 7 13958 13955 74542 74746 74748 80869 74719
18000 4872 4775 3 13955 13957 74504
18001 4965 4679 4 13956 13958 74720 74662
18002 454 770 8 13959 13960 102242 113140 84263 84262 113138 102068
18003 454 288 4 13960 13961 24085 24084
18004 540 288 6 13961 13962 112997 102240 102241 112676
18005 540 770 7 13962 13959 102070 102226 102228 112681 112686
18006 540 454 7 13959 13961 112671 112673 112734 112731 102069
18007 288 770 6 13960 13962 112996 113091 112999 102243
18008 5151 5220 8 13963 13964 70668 71885 55977 16662 16663 17430
18009 4984 4988 7 13965 13966 71897 71887 70535 70046 70045
18010 4984 5220 5 13966 13963 71964 72060 72071
18011 4984 5151 4 13963 13965 70322 70324
18012 4988 5220 4 13964 13966 71985 70669
18013 5195 4475 3 13967 13968 85219
18014 5195 4972 7 13968 13969 84735 83237 83238 16701 16702
18015 4616 4972 4 13969 13970 83303 84810
18016 4616 4475 6 13970 13967 84207 83321 83299 83301
18017 4616 5195 4 13967 13969 20677 20675
18018 8608 6510 5 13971 13972 76994 32704 32702
18019 8608 8278 5 13972 13973 96179 95855 95856
18020 6507 8278 4 13973 13974 95077 95075
18021 6507 6510 7 13974 13971 77428 77430 48521 48520 96024
18022 6507 8608 4 13971 13973 96178 96494
18023 8278 6510 6 13972 13974 96167 77322 72676 72678
18024 9378 9319 4 13975 13976 95133 95408
18025 9378 10025 4 13976 13977 95309 95134
18026 9374 10025 9 13977 13978 107043 106873 106872 105253 105254 107035 107096
18027 9374 9319 7 13978 13975 95409 107112 105005 105004 107134
18028 9374 9378 6 13975 13977 75788 75785 95292 95291
18029 10025 9319 5 13976 13978 107140 107157 95135
18030 4589 4573 6 13979 13980 14341 14342 75870 14289
18031 4589 4203 6 13980 13981 74848 19004 19007 14790
18032 4192 4203 5 13981 13982 23967 75789 74849
18033 4192 4573 5 13982 13979 14290 75798 23965
18034 4203 4573 5 13980 13982 23966 25870 14791
18035 4152 3831 4 13985 13983 14618 63719
18036 7686 8053 4 13986 13987 77678 77677
18037 8034 8053 6 13988 13986 94314 94315 95312 22045
18038 8171 8053 6 13987 13988 22044 92301 92303 92132
18039 2104 11906 4 13989 13990 133985 48488
18040 2104 3143 4 13990 13991 64537 133223
18041 2285 3143 4 13991 13992 65999 64539
18042 2285 11906 4 13992 13989 48490 65998
18043 2285 2104 6 13989 13991 64538 133798 133799 48489
18044 3143 11906 5 13990 13992 65997 133786 133984
18045 4273 3066 5 13993 13994 20274 20272 84016
18046 4877 3871 6 13995 13996 83848 84301 83327 83326
18047 4877 3066 7 13996 13993 84018 84167 112053 113255 83847
18048 4877 4273 5 13993 13995 75211 75210 84017
18049 3051 3003 7 13997 13998 16179 16180 83912 83967 19955
18050 3051 2886 6 13998 13999 75828 83899 112658 112657
18051 3120 2886 5 13999 14000 83813 83750 75830
18052 3120 3003 5 14000 13997 19957 83713 83715
18053 3120 3051 4 13997 13999 75829 19956
18054 2886 3003 4 13998 14000 83866 113612
18055 5980 5680 6 14001 14002 51980 88616 90134 16633
18056 5980 5833 7 14002 14003 72323 73599 88839 90778 51981
18057 5820 5833 7 14003 14004 89098 73582 73583 73646 72324
18058 5820 5680 8 14004 14001 16634 91325 91317 72550 72549 89097
18059 5820 5980 6 14001 14003 72322 90727 91097 16632
18060 5833 5680 3 14002 14004 51982
18061 3698 3827 4 14005 14006 16139 16140
18062 3698 3855 7 14006 14007 80532 80533 80567 80407 79938
18063 3665 3855 3 14007 14008 16302
18064 3665 3827 7 14008 14005 79937 79755 63783 63782 16301
18065 3665 3698 8 14005 14007 80556 80568 80590 80535 80176 79936
18066 3855 3827 6 14006 14008 15295 15294 73446 79939
18067 5419 5355 6 14009 14010 75518 94204 92614 14077
18068 5419 4808 6 14010 14011 74132 75765 75510 75509
18069 4933 5419 4 14009 14011 74131 14078
18070 11282 11481 6 14012 14013 108536 111541 110878 110879
18071 11282 11276 7 14013 14014 111516 31405 31406 108903 108537
18072 11544 11276 6 14014 14015 112050 112049 23664 23665
18073 11544 11481 5 14015 14012 111216 111688 112535
18074 11544 11282 4 14012 14014 111300 111215
18075 11276 11481 5 14013 14015 112538 111303 108538
18076 5711 5009 3 14016 14017 92447
18077 5711 5428 7 14017 14018 91602 93847 93979 93299 92448
18078 5167 5428 5 14018 14019 73687 73686 74373
18079 5167 5009 7 14019 14016 74604 74603 75065 74477 74473
18080 5167 5711 6 14016 14018 84851 84853 92586 92585
18081 5428 5009 8 14017 14019 72231 72230 83468 24858 16393 16392
18082 8451 7809 6 14020 14021 22536 22534 94609 94608
18083 8004 7809 5 14021 14022 76414 76417 94582
18084 5406 5075 4 14023 14024 14540 14539
18085 5406 5357 5 14024 14025 14035 74625 85059
18086 5264 5357 5 14025 14026 19947 100773 14037
18087 5264 5406 5 14023 14025 14036 74085 20276
18088 7407 7238 9 14027 14028 91847 91845 91985 95182 95064 95066 94325
18089 7407 6847 3 14028 14029 94660
18090 6898 6847 10 14029 14030 95125 14072 14069 91993 18590 18592 91939 92664
18091 6898 7238 3 14030 14027 94327
18092 6898 7407 5 14027 14029 94917 94716 94326
18093 6847 7238 5 14028 14030 94990 94943 94661
18094 4543 4614 6 14031 14032 16460 16461 81034 80830
18095 4543 4426 4 14032 14033 80813 70649
18096 4756 4426 6 14033 14034 71367 71366 85293 80814
18097 4756 4614 6 14034 14031 71394 71393 71470 71486
18098 4756 4543 5 14031 14033 80754 80753 80831
18099 4426 4614 7 14032 14034 15379 15378 71491 80562 70650
18100 5406 5528 5 14035 14036 84705 100769 74624
18101 5357 5528 7 14037 14035 74626 94368 85159 85158 100721
18102 5264 5528 4 14036 14037 100928 84706
18103 3416 3641 7 14038 14039 22671 75724 84380 83787 83785
18104 3416 3489 6 14039 14040 83859 23045 23046 22672
18105 3518 3489 9 14040 14041 75701 83812 83870 83857 76138 18468 18466
18106 3518 3641 8 14041 14038 75966 16244 16243 73999 73998 75700
18107 3518 3416 3 14038 14040 84385
18108 3489 3641 3 14039 14041 22673
18109 3812 4029 7 14043 14044 18221 18220 76419 76140 76139
18110 3812 4573 4 14044 14042 23966 23965
18111 3812 4306 6 14042 14043 75759 75679 75677 25871
18112 543 525 5 14045 14046 129347 129348 128732
18113 543 555 7 14046 14047 24168 24171 127548 130324 130325
18114 606 555 4 14047 14048 25534 128298
18115 606 525 8 14048 14045 128734 26556 26555 129396 129395 25533
18116 606 543 4 14045 14047 129714 128733
18117 555 525 4 14046 14048 25532 128625
18118 1682 1958 5 14049 14050 120342 121139 121140
18119 1682 1843 5 14050 14051 121136 119204 119205
18120 1913 1843 6 14051 14052 122370 121214 121215 121241
18121 1913 1958 7 14052 14049 120339 120340 121379 121378 122371
18122 1913 1682 6 14049 14051 121242 119486 24110 24112
18123 1843 1958 7 14050 14052 122289 118724 25593 25595 120343
18124 11101 10887 4 14053 14054 23025 107310
18125 11101 11162 6 14054 14055 22895 22896 105614 23024
18126 11145 11162 4 14055 14056 106384 106386
18127 11145 10887 7 14056 14053 18915 18917 23148 23150 107311
18128 11145 11101 7 14053 14055 102112 102111 107617 107321 107320
18129 11162 10887 6 14054 14056 107413 107429 102201 23026
18130 3069 3489 4 14057 14058 75515 75574
18131 3069 3645 5 14058 14059 23977 84397 75516
18132 3178 3645 4 14059 14060 25830 23978
18133 3178 3489 7 14060 14057 18467 18468 75736 75735 25829
18134 3178 3069 8 14057 14059 23976 21440 21439 84330 84332 84410
18135 3645 3489 7 14058 14060 25481 25483 25713 25712 75517
18136 893 418 8 14061 14062 106666 106665 121158 121104 80120 80121
18137 893 144 5 14062 14063 122409 122408 122732
18138 519 144 6 14063 14064 107733 109285 109286 122681
18139 519 418 4 14064 14061 122054 107732
18140 519 893 5 14061 14063 122683 122099 122098
18141 144 418 7 14062 14064 107670 15000 14999 107577 122730
18142 4534 4346 7 14065 14066 84827 84568 84567 75455 75453
18143 4534 4414 7 14066 14067 83406 84324 80371 80372 84830
18144 4128 4414 6 14067 14068 83371 75546 75502 75503
18145 4128 4534 5 14065 14067 83405 71340 71337
18146 4414 4346 3 14066 14068 83581
18147 6617 6847 6 14069 14070 91085 92401 72582 72580
18148 6617 6639 6 14070 14071 95164 77660 74989 74990
18149 6898 6639 3 14071 14072 95148
18150 6898 6617 6 14069 14071 95154 92317 92248 91992
18151 6639 6847 5 14070 14072 95147 92659 91086
18152 2240 2213 5 14073 14074 28600 28601 120746
18153 2240 2364 8 14074 14075 28758 28757 119712 120209 135420 135419
18154 2196 2364 4 14075 14076 135306 135421
18155 2196 2213 9 14076 14073 120748 119831 119828 136222 136181 136179 135305
18156 2196 2240 5 14073 14075 135454 135447 120747
18157 2364 2213 4 14074 14076 135174 135173
18158 5491 5419 4 14077 14078 75325 92612
18159 6080 5696 6 14079 14080 84968 84970 92281 92280
18160 6080 6352 8 14080 14081 74381 18857 18856 92606 100823 100811
18161 5765 6352 5 14081 14082 71088 92387 74382
18162 5765 5696 7 14082 14079 74584 74586 74970 74969 71087
18163 5765 6080 5 14079 14081 74380 91431 92290
18164 6352 5696 7 14080 14082 18174 18173 84855 92506 100810
18165 5128 4824 6 14083 14084 73624 72786 14541 14542
18166 5128 4981 6 14084 14085 72423 17938 17936 73524
18167 5043 4981 5 14085 14086 18181 15536 15535
18168 5043 4824 3 14086 14083 18179
18169 5043 5128 6 14083 14085 72424 73466 72847 72848
18170 4981 4824 7 14084 14086 18180 72664 73208 73234 73543
18171 3227 3379 3 14087 14088 79481
18172 3699 3444 3 14089 14090 78423
18173 3658 3444 10 14090 14091 78341 79553 79602 79296 79297 79346 19198 19199
18174 3444 3687 6 14089 14091 78339 78477 14620 14619
18175 6726 6556 7 14092 14093 92065 92247 92208 92206 17469
18176 6726 6533 4 14093 14094 50578 50581
18177 6609 6556 3 14095 14092 17470
18178 6609 6726 5 14092 14094 18314 18313 17468
18179 6533 6556 7 14093 14095 17697 17699 91697 91696 91776
18180 5067 4750 7 14096 14097 75006 77729 77728 77778 74883
18181 5067 4992 8 14097 14098 77818 95840 73787 73785 76205 75007
18182 5535 4992 6 14098 14099 74310 74866 75089 77815
18183 5535 4750 6 14099 14096 74885 72277 72278 74308
18184 5535 5067 3 14096 14098 74884
18185 4992 4750 4 14097 14099 74309 75008
18186 2295 2190 7 14101 14102 78687 136260 119702 119701 120026
18187 2286 2190 7 14102 14103 78573 78570 25182 25181 78689
18188 2286 2269 7 14103 14100 21057 21059 25000 25002 119800
18189 2286 2295 4 14100 14102 78688 59137
18190 2190 2269 3 14101 14103 119799
18191 11912 11913 3 14104 14105 76738
18192 11912 3071 9 14105 14106 120563 120617 28209 25531 25530 78738 76739
18193 3375 3071 4 14106 14107 64666 120115
18194 3375 11913 6 14107 14104 78392 78583 14686 14685
18195 3375 11912 7 14104 14106 120562 121959 78801 25185 25184
18196 3071 11913 6 14105 14107 14354 14353 78393 76740
18197 4890 5015 7 14108 14109 65656 65658 69014 68902 64768
18198 4890 4932 8 14109 14110 65723 65389 18794 18793 77539 65660
18199 4759 5015 6 14111 14108 64769 65616 65618 65654
18200 4759 4890 8 14108 14110 64774 64775 64871 64869 64989 64767
18201 4932 5015 3 14109 14111 65653
18202 1740 2960 10 14112 14113 134120 134166 134174 134167 65957 48366 48369 133976
18203 1740 1228 11 14113 14114 134170 121831 121807 32155 32153 118326 134124 134035 134033
18204 1657 1228 6 14114 14115 121928 120395 120396 121640
18205 1657 2960 5 14115 14112 66036 66037 121927
18206 1657 1740 4 14112 14114 134171 133975
18207 1228 2960 3 14113 14115 121929
18208 144 10991 4 14116 14117 15000 107672
18209 144 11409 4 14117 14118 107579 14999
18210 11732 11409 4 14118 14119 107612 107631
18211 11732 10991 6 14119 14116 120297 75761 75763 106600
18212 11732 144 6 14116 14118 76219 76216 122157 121731
18213 11409 10991 8 14117 14119 107532 107529 107691 16863 16862 15001
18214 7171 7251 5 14120 14121 96759 90535 22478
18215 7171 7353 7 14121 14122 95811 95813 95725 95726 96749
18216 6932 7353 6 14122 14123 50505 50504 48463 48465
18217 6932 7251 6 14123 14120 22479 95139 91041 90922
18218 6932 7171 6 14120 14122 95812 95803 95750 22477
18219 7353 7251 4 14121 14123 90921 95329
18220 5762 5537 6 14124 14125 91202 91257 91256 91208
18221 5762 5813 7 14125 14126 50917 50918 91398 91127 91126
18222 5960 5813 6 14126 14127 51873 51592 51591 91130
18223 5960 5537 5 14127 14124 69024 69023 69085
18224 5960 5762 4 14124 14126 73923 73924
18225 5813 5537 7 14125 14127 69079 68700 68698 91204 91203
18226 10601 10441 8 14128 14129 106916 106436 105808 105518 105519 105752
18227 10601 10051 5 14129 14130 22120 22520 106905
18228 10223 10051 4 14130 14131 105130 22122
18229 10223 10441 8 14131 14128 23294 23296 31423 105619 105618 105764
18230 10223 10601 6 14128 14130 22121 105712 105713 105791
18231 10051 10441 5 14129 14131 105762 104835 104832
18232 10544 10442 7 14133 14134 22740 101794 23145 23146 101678
18233 10379 10442 9 14134 14135 107681 107684 107976 23291 23289 108015 22742
18234 10379 11032 4 14135 14132 108540 107948
18235 10379 10544 5 14132 14134 22741 98813 98814
18236 10442 11032 7 14133 14135 107844 107829 107483 107484 101679
18237 11687 10968 5 14136 14137 108596 108696 108695
18238 11687 11276 7 14137 14138 23664 112650 113026 108584 108585
18239 11399 11276 5 14138 14139 108493 111516 23665
18240 11399 10968 3 14139 14136 108492
18241 11399 11687 5 14136 14138 23663 101956 101958
18242 11276 10968 7 14137 14139 108334 108335 108563 101916 101915
18243 9576 9276 7 14140 14141 21385 21386 104306 104307 104281
18244 9576 9538 3 14141 14142 104354
18245 9564 9538 6 14142 14143 103093 103094 104353 108250
18246 9564 9276 4 14143 14140 104219 103902
18247 9538 9276 7 14141 14143 103903 99450 99448 104348 104347
18248 2370 2202 6 14144 14145 21617 76532 121970 122050
18249 2370 3100 6 14145 14146 77052 77051 119759 21618
18250 3033 3100 4 14146 14147 76950 76951
18251 3033 2202 7 14147 14144 24845 24844 105953 19047 19046
18252 3033 2370 4 14144 14146 106343 121688
18253 3100 2202 8 14145 14147 106622 106381 106380 121965 122009 21619
18254 6162 6132 7 14148 14149 84975 94411 94387 94385 91981
18255 6162 6482 6 14149 14150 84785 93019 100529 84976
18256 6675 6482 7 14150 14151 22659 94410 84965 84962 84786
18257 6675 6132 4 14151 14148 91982 22658
18258 6675 6162 4 14148 14150 84783 84784
18259 6482 6132 6 14149 14151 22657 93870 74996 74998
18260 5758 5996 3 14152 14153 71056
18261 5758 6003 5 14153 14154 92367 92406 71057
18262 5837 6003 5 14154 14155 91644 19522 19523
18263 5837 5996 6 14155 14152 92060 90683 90684 91382
18264 5837 5758 7 14152 14154 92061 18051 18050 20515 92059
18265 6003 5996 7 14153 14155 91731 84345 84344 91824 71058
18266 9377 9589 4 14156 14157 150729 49214
18267 9693 9589 6 14157 14158 152277 39512 39510 147969
18268 9589 9294 6 14156 14158 152558 152573 152651 49215
18269 4589 4257 4 14159 14160 14289 75871
18270 4192 4257 7 14160 14161 76504 75622 75621 76315 14290
18271 453 387 6 14162 14163 108701 108700 112568 24611
18272 453 73 4 14163 14164 102146 102144
18273 111 73 7 14164 14165 112636 111369 26250 26249 111649
18274 111 387 3 14165 14162 24613
18275 111 453 4 14162 14164 102268 24612
18276 73 387 7 14163 14165 22921 22920 109111 123550 112704
18277 3593 3743 6 14166 14167 14865 79868 80074 80073
18278 3593 3733 5 14167 14168 80413 80414 14864
18279 3445 3733 5 14168 14169 15056 15055 75254
18280 3445 3743 4 14169 14166 74831 74832
18281 3445 3593 6 14166 14168 80415 80029 15699 15698
18282 3733 3743 5 14167 14169 16200 15733 14866
18283 2603 2492 10 14171 14172 119456 120677 120618 120134 120135 120642 78848 28503
18284 2603 1949 6 14172 14170 106240 106242 25613 25612
18285 2603 2033 4 14170 14171 28501 105438
18286 8343 7928 5 14173 14174 17649 17650 95581
18287 8343 8015 5 14174 14175 94983 94982 94135
18288 8469 8015 4 14175 14176 95225 95211
18289 8469 7928 6 14176 14173 94781 93622 93623 93906
18290 8469 8343 8 14173 14175 95210 93552 93553 95605 95636 95582
18291 4724 5187 6 14177 14178 77256 77324 77233 76996
18292 4724 11917 5 14178 14179 14349 14352 77257
18293 4264 11917 9 14179 14180 17744 77299 76800 76799 77128 77296 78419
18294 4264 4724 5 14177 14179 78418 65735 65733
18295 11917 5187 3 14178 14180 17742
18296 4181 4712 8 14181 14182 77886 77897 78044 78040 75283 14396
18297 4174 4712 3 14182 14183 19115
18298 4807 4670 5 14184 14185 77648 77649 75066
18299 4807 4875 5 14185 14186 77775 77776 77736
18300 4768 4875 4 14186 14187 77944 77914
18301 4768 4670 4 14187 14184 75067 77966
18302 4768 4807 7 14184 14186 73741 15303 15302 14336 14333
18303 4875 4670 7 14185 14187 77965 74462 74464 76819 76818
18304 6918 7173 6 14188 14189 17902 19813 19814 50521
18305 6918 7069 5 14189 14190 90368 89959 17903
18306 7194 7069 5 14190 14191 89835 89933 90378
18307 7194 7173 4 14191 14188 52499 52500
18308 7194 6918 5 14188 14190 90377 50511 50510
18309 7069 7173 6 14189 14191 89834 90412 90411 17904
18310 4528 4558 7 14192 14193 49114 73026 78406 78195 72642
18311 4528 5078 6 14193 14194 72861 63982 63980 49115
18312 4605 4528 3 14192 14194 72643
18313 5078 4558 5 14193 14195 73059 78299 49116
18314 10306 10143 7 14196 14197 104881 107015 21902 21905 96223
18315 10306 9835 5 14197 14198 21119 106308 104880
18316 9932 9835 6 14198 14199 105434 105229 104200 21121
18317 9932 10143 6 14199 14196 96225 106511 106508 106447
18318 9932 10306 4 14196 14198 21120 96224
18319 9835 10143 5 14197 14199 106448 105578 104882
18320 4558 4288 6 14200 14201 14584 78249 78223 78221
18321 4654 4288 5 14202 14200 64673 64674 78165
18322 4284 4288 5 14201 14202 72811 72810 14586
18323 3409 4407 4 14203 14204 96082 76706
18324 3409 3410 7 14204 14205 76651 76678 120514 107723 96084
18325 3613 3410 3 14205 14206 18927
18326 3613 4407 4 14206 14203 14532 14531
18327 3613 3409 9 14203 14205 76539 76538 120387 76653 76652 96085 76705
18328 3410 4407 6 14204 14206 18926 76858 76860 95987
18329 3541 3386 3 14208 14209 14717
18330 3541 3491 5 14209 14207 28577 63968 63967
18331 3541 3616 10 14207 14208 14715 14490 14489 78686 79349 64531 64530 28576
18332 3043 3301 6 14210 14211 78618 78616 79229 79218
18333 3043 3298 3 14211 14212 78788
18334 3356 3301 3 14213 14210 78985
18335 3356 3043 6 14210 14212 79226 78900 78898 78976
18336 3298 3301 6 14211 14213 78887 78886 78541 78543
18337 10256 10198 6 14214 14215 147526 147527 147462 147463
18338 10256 10163 4 14215 14216 33670 147629
18339 9933 10163 7 14216 14217 147937 147938 153340 153599 33672
18340 9933 10198 4 14217 14214 147677 147988
18341 9933 10256 5 14214 14216 33671 153017 147676
18342 10163 10198 6 14215 14217 147875 147877 147632 147630
18343 3408 4085 6 14218 14219 76041 75962 75963 76312
18344 3408 3964 4 14219 14220 75476 75474
18345 4257 3964 5 14220 14221 75842 75976 75847
18346 4257 4085 8 14221 14218 76408 75826 75378 75377 75781 75841
18347 4257 3408 6 14218 14220 22298 22297 75621 76314
18348 3964 4085 6 14219 14221 18633 18632 75471 75670
18349 9261 9572 5 14222 14223 95447 22037 22038
18350 9261 9340 5 14223 14224 105181 105082 105083
18351 9371 9261 7 14222 14224 105182 104999 105000 95534 95535
18352 856 1223 5 14225 14226 106890 106891 121267
18353 856 886 4 14226 14227 122842 120883
18354 733 886 9 14227 14228 121053 25049 25048 122697 108993 108992 122843
18355 733 1223 3 14228 14225 121052
18356 733 856 8 14225 14227 122841 123311 123312 23065 23066 121268
18357 886 1223 6 14226 14228 106690 106689 121201 120884
18358 4442 4178 3 14229 14230 61528
18359 4442 4163 6 14230 14231 64841 64842 67882 61529
18360 4303 4163 4 14231 14232 64370 64875
18361 4303 4442 7 14229 14231 68346 65292 65291 68471 68353
18362 4163 4178 10 14230 14232 63641 63640 63639 63637 64930 67232 66612 61530
18363 3847 3812 7 14233 14234 14701 14238 14239 78998 75201
18364 3847 3949 4 14234 14235 79050 17484
18365 3367 3949 6 14235 14236 25935 73995 73994 79051
18366 3367 3812 5 14236 14233 75202 75373 25933
18367 3367 3847 5 14233 14235 79049 16377 16379
18368 3949 3812 6 14234 14236 25934 76139 75759 17485
18369 3847 4104 5 14237 14238 14263 14261 25282
18370 3613 3812 7 14239 14240 75354 75353 76288 76384 79007
18371 3613 4104 5 14240 14237 76524 18733 18735
18372 3613 3847 4 14237 14239 78581 76580
18373 3812 4104 5 14238 14240 75851 75677 14702
18374 4743 5228 7 14241 14242 76363 77734 77735 75182 74992
18375 5114 4690 5 14243 14244 76663 76661 76907
18376 5114 5228 14 14244 14241 74993 73725 73726 77756 25560 25559 77357 76898 76896 77766 77765 77732
18377 5114 4743 4 14241 14243 73665 73664
18378 4690 5228 3 14242 14244 76364
18379 2390 2216 7 14245 14246 26399 116039 116037 118489 28739
18380 2390 2291 7 14246 14247 117742 117743 118437 133292 26400
18381 2198 2291 4 14247 14248 24684 24685
18382 2198 2216 6 14248 14245 28740 115939 14651 14650
18383 2198 2390 4 14245 14247 28711 28710
18384 2291 2216 4 14246 14248 119212 26401
18385 4907 4959 9 14250 14251 73749 73747 73693 73628 73512 73511 19090
18386 4907 5073 6 14251 14249 77641 77643 77888 77889
18387 4907 4830 4 14249 14250 19088 77772
18388 1483 1613 12 14252 14253 119878 119879 120476 120572 121682 119554 119555 121644 121021 120975
18389 1483 1654 6 14253 14254 120855 120949 119725 119726
18390 1701 1654 7 14254 14255 120821 120852 120851 120734 120735
18391 1701 1613 7 14255 14252 120889 120868 120867 120904 120820
18392 1701 1483 3 14252 14254 120854
18393 1654 1613 3 14253 14255 120819
18394 2135 2266 5 14256 14257 119415 119416 118380
18395 2135 2402 6 14257 14258 119243 119395 119396 119413
18396 2339 2402 7 14258 14259 82215 82216 119248 119249 119244
18397 2339 2266 7 14259 14256 118382 118414 118413 114171 114170
18398 2339 2135 4 14256 14258 118911 118381
18399 2402 2266 5 14257 14259 119262 119261 119406
18400 4020 3847 5 14260 14261 25280 76372 79045
18401 4020 4104 6 14261 14262 74598 74600 76281 25281
18402 4204 4104 7 14262 14263 14702 75678 76413 76457 77779
18403 4204 3847 5 14263 14260 79047 17484 14701
18404 4204 4020 5 14260 14262 77781 78043 78826
18405 5514 5375 5 14264 14265 51883 65536 67357
18406 5514 5683 3 14265 14266 51884
18407 5770 5683 7 14266 14267 55391 55390 55804 55702 55704
18408 5770 5514 7 14264 14266 69050 69049 68837 50812 50811
18409 3838 3985 6 14270 14271 77273 73324 73322 77279
18410 3838 4112 5 14271 14272 78564 78593 78655
18411 11916 4112 4 14272 14273 76964 77100
18412 11916 3985 5 14273 14270 77280 65800 65799
18413 11916 3838 6 14270 14272 77070 77071 64625 64622
18414 4112 3985 7 14271 14273 76963 65857 65856 65864 78656
18415 5405 5583 7 14274 14275 50808 91423 91093 74944 73289
18416 5405 5296 5 14275 14276 73843 73946 50807
18417 5283 5296 5 14276 14277 74062 73595 73596
18418 5283 5583 4 14277 14274 18035 18032
18419 5283 5405 5 14274 14276 68989 68991 73290
18420 5296 5583 7 14275 14277 73092 72209 72208 88140 50809
18421 5872 5458 6 14278 14279 94888 94466 94468 94891
18422 5872 5568 7 14279 14280 94624 94347 94350 94809 94884
18423 5364 5568 3 14280 14281 77370
18424 5364 5458 4 14281 14278 77115 77114
18425 5364 5872 7 14278 14280 91139 91137 92171 94626 94890
18426 5568 5458 4 14279 14281 77369 77371
18427 3127 3119 6 14282 14283 63275 119763 136017 136833
18428 3200 3119 8 14284 14282 136302 136303 22982 22979 24513 24512
18429 3412 3119 7 14283 14284 24158 24157 77118 60700 60702
18430 2594 2512 5 14285 14286 24505 26681 26684
18431 2594 2744 7 14286 14287 60261 115803 115788 115789 24506
18432 2550 2744 5 14287 14288 115487 115549 60262
18433 2550 2512 8 14288 14285 115432 29212 29209 115948 116836 115485
18434 2550 2594 3 14285 14287 60260
18435 2744 2512 6 14286 14288 115486 140442 115698 24507
18436 4464 4536 5 14291 14292 82897 82785 82786
18437 2232 2443 6 14293 14294 79372 120454 120824 120828
18438 2232 2372 5 14294 14295 77054 119220 79371
18439 2306 2372 4 14295 14296 28524 28525
18440 2306 2443 5 14296 14293 119710 27658 27657
18441 2306 2232 6 14293 14295 77053 118706 119645 119644
18442 2372 2443 7 14294 14296 25300 25299 25512 119768 79373
18443 416 1252 5 14297 14298 65912 121715 64552
18444 416 1728 6 14298 14299 133854 151408 65940 65913
18445 1448 1728 5 14299 14300 48252 134031 133856
18446 1448 1252 4 14300 14297 64554 48250
18447 1448 416 4 14297 14299 133855 64553
18448 1728 1252 4 14298 14300 48251 48592
18449 4243 4005 5 14301 14302 63707 63708 28555
18450 4243 4250 4 14302 14303 63883 64808
18451 4240 4250 7 14303 14304 63677 63678 63817 63818 63884
18452 4240 4005 7 14304 14301 28557 63763 78318 78319 78368
18453 4240 4243 8 14301 14303 63882 64587 63662 63659 64764 28556
18454 4250 4005 7 14302 14304 68876 64714 64647 64649 64707
18455 5045 4605 3 14305 14306 72718
18456 4626 4930 5 14308 14309 64628 65391 65713
18457 5174 4930 6 14310 14308 65714 65721 65720 65719
18458 4759 4930 5 14309 14310 47581 47578 64629
18459 6401 6548 6 14311 14312 49709 49835 49833 49842
18460 6401 6641 6 14312 14313 77568 51927 51925 49708
18461 6528 6401 4 14311 14313 52065 50398
18462 6641 6548 4 14312 14314 50319 49710
18463 3923 4005 5 14315 14316 63829 63830 63838
18464 3923 3915 6 14316 14317 64807 64676 64675 64604
18465 3911 3915 5 14317 14318 60039 60037 63451
18466 3911 4005 7 14318 14315 63839 78367 78319 78182 64144
18467 3911 3923 4 14315 14317 64805 63837
18468 3915 4005 4 14316 14318 64145 64517
18469 5738 6054 4 14321 14319 50079 50953
18470 5738 6017 5 14319 14320 50846 96618 50078
18471 4712 4996 6 14322 14323 75180 75143 75141 75190
18472 4610 4996 4 14323 14324 76821 76764
18473 6191 6086 5 14325 14326 94633 76926 76924
18474 6191 5459 5 14326 14327 96028 76577 76575
18475 5806 5459 5 14327 14328 95866 18748 18746
18476 5806 6086 4 14328 14325 76541 76543
18477 5806 6191 5 14325 14327 95889 19159 19156
18478 5459 6086 5 14326 14328 96031 96032 94634
18479 9400 10213 4 14329 14330 96425 96414
18480 9400 9595 6 14330 14331 105167 151377 151538 151374
18481 9697 9595 6 14331 14332 150314 151434 48334 48331
18482 9697 10213 5 14332 14329 96416 151291 150313
18483 9697 9400 6 14329 14331 105168 105175 149808 96415
18484 9595 10213 5 14330 14332 33118 33115 134026
18485 4607 4807 4 14333 14334 77933 75066
18486 4607 4547 6 14334 14335 75226 15604 15607 77682
18487 4768 4547 7 14335 14336 77673 77644 77645 77905 75227
18488 4768 4607 7 14333 14335 75225 77730 77908 77968 75067
18489 4547 4807 3 14334 14336 77731
18490 4712 5256 6 14337 14338 75090 75142 75143 25701
18491 4712 4922 8 14338 14339 73415 78044 74766 74764 77743 75091
18492 4610 4922 7 14339 14340 76433 76142 76141 74599 73417
18493 4610 5256 4 14340 14337 25703 76456
18494 4922 5256 7 14338 14340 75119 24527 24526 77420 75092
18495 4589 5177 4 14342 14343 94187 76381
18496 4870 5177 6 14343 14344 74801 14758 14759 94188
18497 4870 4573 4 14344 14341 14791 74963
18498 4870 4589 5 14341 14343 94186 19063 14790
18499 5177 4573 7 14342 14344 76036 76038 76097 76436 76382
18500 257 101 8 14345 14346 106019 106020 121404 23586 23587 122712
18501 257 11879 4 14346 14347 23900 106341
18502 76 11879 6 14347 14348 108609 108844 122798 23902
18503 76 101 5 14348 14345 123049 122800 108607
18504 76 257 5 14345 14347 23901 121989 123238
18505 11879 101 4 14346 14348 108608 106342
18506 4241 4724 5 14349 14350 78280 78281 78418
18507 4241 4141 7 14350 14351 78371 64664 64665 78054 78052
18508 11917 4141 9 14351 14352 77244 77245 76761 76762 78545 78383 78372
18509 11917 4241 4 14349 14351 78370 78419
18510 4141 4724 4 14350 14352 76784 76783
18511 11913 3232 5 14354 14355 76737 14687 14685
18512 3191 3232 4 14355 14356 64434 64435
18513 3191 3071 5 14356 14353 78394 135346 77116
18514 3191 11913 5 14353 14355 61365 14719 14721
18515 3232 3071 5 14354 14356 77117 119740 64666
18516 10558 11936 4 14357 14358 105933 104972
18517 10558 10317 6 14358 14359 106035 106036 106178 106229
18518 11937 10317 7 14359 14360 105269 104231 104234 106154 106118
18519 11937 11936 4 14360 14357 104974 106219
18520 11937 10558 5 14357 14359 96114 96112 104973
18521 10317 11936 6 14358 14360 106220 106258 106075 106074
18522 5532 5223 7 14361 14362 77726 77510 77304 77305 95944
18523 5532 5079 5 14362 14363 77548 77549 77727
18524 5440 5079 4 14363 14364 77755 77722
18525 5440 5223 7 14364 14361 95945 77390 77389 77456 77505
18526 5440 5532 7 14361 14363 25561 25558 95976 77099 77098
18527 5079 5223 8 14362 14364 77751 77442 76972 72685 72684 77391
18528 4851 5199 4 14365 14366 15538 15537
18529 4851 5078 8 14366 14367 72846 72845 78299 72906 68906 68907
18530 5293 5078 6 14367 14368 43160 43159 68963 72694
18531 5293 4851 4 14365 14367 72908 68449
18532 5078 5199 5 14366 14368 72244 64863 64865
18533 7503 7424 8 14369 14370 96698 95673 91031 47710 47713 50432
18534 7503 7239 4 14370 14371 96676 96697
18535 6950 7424 6 14372 14369 50673 77590 77592 50906
18536 6950 7503 5 14369 14371 91207 91206 50672
18537 7239 7424 3 14370 14372 50907
18538 4626 4578 5 14373 14374 64773 64499 48216
18539 4668 4626 4 14373 14375 49650 48217
18540 4759 4578 3 14374 14376 64775
18541 452 1657 5 14377 14378 77055 133975 66036
18542 452 4007 6 14378 14379 105954 65892 25738 25736
18543 11910 4007 5 14379 14380 78989 77156 77155
18544 11910 1657 6 14380 14377 66037 121926 76682 76681
18545 11910 452 4 14377 14379 65973 65972
18546 4007 1657 5 14378 14380 120129 106138 77056
18547 7212 7371 9 14381 14382 19164 95666 96808 90969 90967 95741 19259
18548 7212 7037 8 14382 14383 96799 17900 17898 19057 91656 19165
18549 6844 7037 7 14383 14384 19528 91777 91759 91546 91547
18550 6844 7371 6 14384 14381 19261 96801 96802 19526
18551 6844 7212 3 14381 14383 19260
18552 7037 7371 4 14382 14384 19527 19166
18553 4769 4787 8 14385 14386 68803 68804 50867 50865 68671 68781
18554 4769 4615 4 14386 14387 64850 64851
18555 4757 4615 8 14387 14388 65331 68827 68816 64765 50600 50601
18556 4757 4787 4 14388 14385 68697 65330
18557 4757 4769 4 14385 14387 68802 68782
18558 4615 4787 8 14386 14388 57360 57362 60474 68193 68615 68617
18559 11915 4474 4 14389 14390 64514 121894
18560 11915 4131 5 14390 14391 64535 65358 64515
18561 4114 4474 6 14392 14389 121895 77187 76991 76990
18562 4114 11915 5 14389 14391 64536 76937 120510
18563 4131 4474 9 14390 14392 77206 77251 64581 64580 65920 50174 50176
18564 4181 4400 6 14395 14396 75282 75198 75199 75275
18565 4265 4400 4 14397 14395 74912 74913
18566 4712 4400 5 14396 14397 76820 77993 75284
18567 7958 7893 5 14399 14400 19286 19287 96309
18568 11927 7958 4 14398 14400 96864 77436
18569 8515 8712 6 14401 14402 93567 97768 97537 97238
18570 8515 8733 4 14402 14403 95456 93566
18571 8481 8515 5 14401 14403 95457 97004 97005
18572 10055 11936 7 14404 14405 25443 106256 106258 106259 106291
18573 10055 9543 6 14405 14406 106198 106197 106251 25444
18574 9685 11936 7 14407 14404 106201 105288 105290 105363 105364
18575 9685 10055 5 14404 14406 106288 106289 106290
18576 9543 11936 4 14405 14407 106227 25445
18577 5628 5637 5 14408 14409 89018 89021 77483
18578 5628 5293 6 14409 14410 72657 69090 69091 91064
18579 5379 5293 7 14410 14411 50075 50077 72761 72836 91258
18580 5379 5637 7 14411 14408 77484 72639 72640 50084 50083
18581 5379 5628 4 14408 14410 72554 72556
18582 5293 5637 6 14409 14411 14594 14596 72756 91065
18583 5634 5223 5 14412 14413 95945 95944 90829
18584 5634 5294 5 14413 14414 77692 77693 95967
18585 5421 5294 5 14414 14415 43158 14597 14595
18586 5421 5223 5 14415 14412 77516 77513 77515
18587 5421 5634 5 14412 14414 96574 96610 90830
18588 5294 5223 5 14413 14415 77639 77388 77390
18589 6403 6530 6 14416 14417 77438 96520 76978 76979
18590 6403 6485 6 14417 14418 77523 77521 72548 72547
18591 6865 6485 5 14418 14419 77524 77526 96458
18592 6865 6530 8 14419 14416 77520 46628 46625 50128 65421 65420
18593 6865 6403 4 14416 14418 96076 77519
18594 6485 6530 4 14417 14419 96461 77439
18595 7465 7826 8 14420 14421 90336 90337 52340 17349 17350 89472
18596 7826 7258 3 14420 14422 92144
18597 3978 4022 5 14423 14424 75715 75498 16303
18598 3978 3945 5 14424 14425 20424 20425 84368
18599 3623 3945 7 14425 14426 83728 84562 84545 75874 75873
18600 3623 4022 4 14426 14423 16305 74407
18601 3945 4022 8 14424 14426 83683 83620 83619 84622 83627 83625
18602 3659 3775 6 14428 14429 32378 32379 28027 28030
18603 3745 3659 4 14427 14429 65387 66124
18604 3373 3231 5 14430 14431 78354 79314 79451
18605 3373 3508 6 14431 14432 63429 63430 77079 77080
18606 3223 3508 6 14432 14433 63185 14980 14981 63866
18607 3223 3231 8 14433 14430 79453 120619 120552 120551 28542 28541
18608 3223 3373 5 14430 14432 63865 78899 79452
18609 3508 3231 4 14431 14433 63184 78355
18610 4630 4700 5 14434 14435 68663 72589 73173
18611 4630 4692 7 14435 14436 81419 72681 72682 68705 68664
18612 4640 4692 7 14436 14437 15599 56024 56022 68892 81420
18613 4640 4700 6 14437 14434 73175 81328 15591 15590
18614 4640 4630 4 14434 14436 81398 73174
18615 4692 4700 3 14435 14437 15598
18616 4588 4671 6 14438 14439 50607 72004 72002 18170
18617 4588 4894 4 14439 14440 71878 50608
18618 4653 4894 7 14440 14441 74106 71991 70366 54939 54936
18619 4653 4671 4 14441 14438 18171 74107
18620 4653 4588 6 14438 14440 71879 68131 68130 18169
18621 4894 4671 5 14439 14441 74104 73372 50609
18622 5094 4921 5 14442 14443 74153 72332 72333
18623 5094 4839 6 14443 14444 68667 68670 73348 74111
18624 4968 4839 7 14444 14445 71709 68969 15524 15526 73854
18625 4968 4921 7 14445 14442 73556 18230 18232 73247 71990
18626 4968 5094 5 14442 14444 70236 70235 73859
18627 4198 3973 6 14446 14447 17933 78295 72944 72945
18628 4100 3973 6 14449 14446 77586 14954 14953 14963
18629 4100 4198 4 14446 14448 72725 72723
18630 4077 3973 6 14447 14449 14962 63786 79498 17934
18631 3083 3172 4 14450 14451 24335 24426
18632 3083 3168 6 14451 14452 79574 61150 61153 24336
18633 3160 3168 7 14452 14453 81741 81716 81715 24392 24393
18634 3160 3172 5 14453 14450 81799 81801 82279
18635 3160 3083 6 14450 14452 79573 82466 24127 24126
18636 3168 3172 6 14451 14453 82425 82620 82024 24337
18637 4818 4662 4 14454 14455 72537 72538
18638 4818 4743 5 14455 14456 77737 75182 73459
18639 4575 4743 6 14456 14457 72976 77903 77385 77387
18640 4575 4818 8 14454 14456 77738 77921 77969 77964 73678 73680
18641 4743 4662 4 14455 14457 72975 73460
18642 10681 10802 5 14458 14459 150107 149960 106129
18643 10681 10938 4 14459 14460 150664 150106
18644 10927 10938 7 14460 14461 28244 149820 32259 32262 32342
18645 10927 10802 5 14461 14458 106130 148901 28242
18646 10927 10681 4 14458 14460 33521 33523
18647 10938 10802 4 14459 14461 28243 150108
18648 5361 5370 6 14463 14464 72046 88150 91328 70881
18649 5361 5374 6 14464 14462 70672 72290 72296 72045
18650 5361 5191 5 14462 14463 70880 73989 70671
18651 4513 4537 6 14465 14466 16620 16621 71407 81023
18652 6656 6479 6 14467 14468 88809 91841 92007 91802
18653 6656 6324 5 14468 14469 91840 91839 88810
18654 6662 6324 5 14469 14470 91088 90847 90848
18655 6662 6479 7 14470 14467 91752 90476 90477 90964 91787
18656 6662 6656 5 14467 14469 92019 91372 91371
18657 6324 6479 5 14468 14470 90919 46306 46308
18658 4524 4325 5 14471 14472 50218 50216 50194
18659 4524 4218 3 14472 14473 64789
18660 4451 4218 5 14473 14474 64992 62300 62301
18661 4451 4325 4 14474 14471 50195 64991
18662 4218 4325 9 14472 14474 64920 64919 65022 65034 65639 64873 64872
18663 4563 4609 5 14475 14476 71494 73425 73426
18664 4563 4841 5 14476 14477 81127 81120 71495
18665 4684 4841 5 14477 14478 74503 74175 74177
18666 4684 4609 5 14478 14475 74082 74793 74502
18667 4684 4563 7 14475 14477 81119 73168 73167 81126 74081
18668 3724 3508 6 14479 14480 78048 77084 77085 78817
18669 3724 3498 6 14480 14481 75757 78399 78398 78049
18670 3539 3498 6 14481 14482 78747 78979 79222 75758
18671 3539 3508 6 14482 14479 78270 78269 63430 63431
18672 3539 3724 6 14479 14481 75756 14627 14626 77087
18673 3498 3508 6 14480 14482 78701 14981 14982 25062
18674 3596 3393 6 14483 14484 63724 63938 63715 63714
18675 3596 3384 4 14484 14485 63945 63725
18676 3471 3393 7 14486 14483 63721 63722 28511 28508 62845
18677 3471 3596 6 14483 14485 63944 64106 61336 61335
18678 3384 3393 5 14484 14486 62844 28548 28550
18679 3750 3754 7 14487 14488 25789 64667 78614 78683 76773
18680 3750 3541 6 14488 14489 28221 28220 79321 25790
18681 3616 3754 7 14490 14487 65629 65631 65807 78673 78397
18682 3616 3750 4 14487 14489 78685 76774
18683 3541 3754 3 14488 14490 25791
18684 5490 5156 7 14491 14492 73411 74880 74063 72206 72207
18685 5490 5437 6 14492 14493 73496 92494 74052 73410
18686 5361 5437 4 14493 14494 72289 72286
18687 5361 5156 6 14494 14491 73858 72316 72318 73607
18688 5361 5490 4 14491 14493 73495 73857
18689 5437 5156 5 14492 14494 73606 16590 16591
18690 4906 4771 9 14495 14496 74865 75014 75016 75524 76439 75156 75157
18691 4906 5535 6 14496 14497 72709 72707 74308 74310
18692 5568 5535 9 14497 14498 75089 77817 91742 91744 94884 77371 74612
18693 5568 4771 4 14498 14495 75108 75088
18694 5568 4906 4 14495 14497 74611 75160
18695 5535 4771 3 14496 14498 74866
18696 4909 4913 5 14501 14499 61412 61411 71864
18697 4802 4913 4 14500 14501 61303 61300
18698 5089 4985 7 14502 14503 63663 72574 72575 73932 69450
18699 5104 4985 5 14504 14502 68859 68860 73033
18700 9333 10131 7 14505 14506 107154 107153 107770 107318 107317
18701 9333 9989 5 14506 14507 107384 107690 107678
18702 10128 9989 8 14507 14508 107324 107323 107246 21205 21203 95237
18703 10128 10131 4 14508 14505 75906 75908
18704 10128 9333 5 14505 14507 101819 101820 107832
18705 4370 5665 4 14510 14511 73721 84623
18706 3880 5024 6 14512 14509 73724 15178 15177 75644
18707 3880 4370 7 14509 14511 73720 84594 84593 84595 83842
18708 3770 4243 5 14514 14513 64956 63709 63708
18709 3701 4006 8 14515 14516 65992 65740 50175 50177 65532 65947
18710 4441 4284 6 14517 14518 78286 78285 78186 15527
18711 4441 4236 7 14518 14519 67739 77577 77578 78247 78287
18712 4234 4236 6 14519 14520 72994 76613 76614 67740
18713 4234 4284 9 14520 14517 15529 73608 68242 63780 63779 72927 72992
18714 4234 4441 3 14517 14519 15528
18715 4236 4284 3 14518 14520 72993
18716 2394 2572 5 14521 14522 117195 79235 78635
18717 2394 2517 4 14522 14523 120312 120449
18718 2541 2517 4 14523 14524 78879 78878
18719 2541 2572 6 14524 14521 78636 120494 120367 120366
18720 2541 2394 5 14521 14523 119677 77240 77242
18721 2517 2572 9 14522 14524 120517 76943 76942 25647 25646 78733 120450
18722 11250 11012 8 14525 14526 105422 105423 109208 109090 108518 108519
18723 11250 11037 6 14526 14527 110014 108982 106778 106779
18724 10879 11037 7 14527 14528 109016 109177 110534 109996 109994
18725 10879 11012 6 14528 14525 109039 108627 108626 109015
18726 10879 11250 4 14525 14527 110002 109038
18727 11037 11012 5 14526 14528 109011 109013 108755
18728 3891 4664 5 14529 14530 75069 75068 74787
18729 3891 3613 6 14530 14531 18927 76539 76537 76636
18730 4407 4664 6 14532 14529 74788 76616 96078 76706
18731 4407 3891 6 14529 14531 18926 76879 76460 74786
18732 3613 4664 6 14530 14532 76705 96086 75260 75262
18733 2454 2273 6 14533 14534 16095 16096 118698 76016
18734 2454 2886 4 14534 14535 16641 16639
18735 2593 2886 6 14535 14536 84308 84309 113312 84416
18736 2593 2273 6 14536 14533 76018 80262 113882 113296
18737 2593 2454 5 14533 14535 23926 23928 76017
18738 2886 2273 6 14534 14536 80231 16137 16134 84348
18739 5253 5171 6 14537 14538 100548 85479 85477 84192
18740 5253 5406 6 14538 14539 20276 74083 84764 100547
18741 5075 5171 6 14540 14537 74179 74178 84902 84904
18742 5406 5171 5 14538 14540 85059 85114 100549
18743 5128 4844 3 14542 14543 72848
18744 4860 4844 10 14543 14544 73435 73057 72703 72701 20514 14916 14917 71994
18745 4860 4824 4 14544 14541 72788 73370
18746 4860 5128 5 14541 14543 72847 73288 72787
18747 4844 4824 7 14542 14544 73526 73303 72663 18180 18179
18748 3810 3794 5 14545 14546 72988 81486 81810
18749 3810 3922 6 14546 14547 80992 82729 81770 72989
18750 3903 3922 6 14547 14548 80510 24255 24257 80994
18751 3903 3794 8 14548 14545 60222 60224 79744 15906 15903 80218
18752 3903 3810 6 14545 14547 80993 81254 15487 15486
18753 3922 3794 6 14546 14548 81714 81699 81491 72990
18754 4319 3959 3 14549 14550 81592
18755 4319 4025 4 14550 14551 15580 81598
18756 4211 4319 8 14549 14551 15579 61309 61347 61344 71952 81593
18757 4397 4677 5 14554 14552 61282 61281 81160
18758 4587 4677 7 14553 14554 68695 68694 81472 81476 81478
18759 5656 5613 8 14555 14556 92549 20577 20578 92526 92484 88175
18760 5474 5613 3 14556 14557 92550
18761 4676 4715 4 14558 14559 72793 68712
18762 4676 4736 5 14559 14560 68416 63793 63794
18763 4776 4715 6 14561 14558 68713 72974 72973 72922
18764 4776 4676 5 14558 14560 68415 72886 68711
18765 4736 4715 7 14559 14561 72912 72881 72883 72411 72412
18766 2818 2733 7 14562 14563 119906 119787 119788 78928 78926
18767 2513 2666 7 14564 14565 78521 78524 114354 120329 118759
18768 2513 2733 4 14565 14562 119912 120229
18769 2513 2818 5 14562 14564 118758 119780 119779
18770 2666 2733 4 14563 14565 25118 25120
18771 3541 3364 8 14566 14567 79434 25790 25791 14715 14717 63967
18772 3541 3138 4 14567 14568 63385 78533
18773 3327 3138 5 14568 14569 76781 62997 62999
18774 3327 3541 6 14566 14568 63386 63894 63896 63968
18775 3138 3364 5 14567 14569 76780 78518 78517
18776 3789 3835 6 14570 14571 77316 14735 14733 64637
18777 3789 4183 7 14571 14572 78463 78595 78659 78634 78550
18778 4013 4183 5 14572 14573 72838 72839 78325
18779 4013 3835 6 14573 14570 78681 78552 76834 76836
18780 4013 3789 5 14570 14572 78464 78648 78680
18781 4183 3835 4 14571 14573 77757 77758
18782 3776 4003 4 14574 14575 75614 75612
18783 3776 4255 5 14575 14576 75843 74845 74846
18784 3944 4003 5 14577 14574 80379 75397 75399
18785 3944 3776 8 14574 14576 75844 76109 24627 24629 75300 75301
18786 4255 4003 7 14575 14577 16403 16402 75553 75533 75535
18787 3850 3913 5 14578 14579 81484 81496 61092
18788 3830 4021 5 14580 14581 61067 59064 59067
18789 3830 3913 7 14581 14578 61037 15615 15612 77599 61196
18790 4021 3913 5 14579 14581 61195 81346 81347
18791 4031 4129 6 14582 14583 62922 62923 65017 65051
18792 4558 4201 3 14584 14585 24187
18793 4284 4201 9 14585 14586 73140 72891 72892 72992 72993 78286 24189
18794 4201 4288 5 14584 14586 77407 77409 78211
18795 5678 5458 4 14587 14588 91277 91739
18796 5678 5508 6 14588 14589 91721 91105 91106 91278
18797 5180 5458 9 14590 14587 91741 77810 77809 77812 77733 77504 76667
18798 5180 5678 3 14587 14589 91740
18799 5508 5458 4 14588 14590 76666 91279
18800 5599 5862 5 14591 14592 65659 68890 64855
18801 5599 5738 8 14592 14593 65793 65796 77574 96630 50078 50079
18802 5422 5599 7 14591 14593 72746 72747 68889 68248 64854
18803 5637 5421 8 14594 14595 96574 96627 91249 91246 50082 50083
18804 5637 5294 5 14595 14596 72750 72748 77692
18805 5293 5421 5 14597 14594 50075 50074 43159
18806 6095 5730 4 14598 14599 91195 91157
18807 6095 6016 10 14599 14600 45885 52007 52005 91201 72523 69086 69087 73647
18808 5854 6016 4 14600 14601 89001 45887
18809 5854 5730 6 14601 14598 90312 90311 91282 91283
18810 5854 6095 5 14598 14600 45886 90842 91067
18811 6016 5730 7 14599 14601 91243 91242 91273 91288 91392
18812 4441 4579 5 14602 14603 78283 78285 78277
18813 4441 4597 8 14603 14604 15129 72867 63734 63735 78289 78284
18814 4580 4597 5 14604 14605 77460 77631 15131
18815 4580 4579 6 14605 14602 78261 71788 71785 77458
18816 4580 4441 6 14602 14604 15130 77329 77327 78278
18817 4597 4579 5 14603 14605 77459 78190 78189
18818 6463 6404 6 14606 14607 17652 17655 91804 91792
18819 6463 6662 4 14607 14608 91753 90476
18820 6614 6662 6 14608 14609 50548 50549 65207 65208
18821 6614 6404 5 14609 14606 91767 91108 73914
18822 6614 6463 4 14606 14608 91810 91791
18823 6662 6404 6 14607 14609 73915 89652 90965 90477
18824 4687 4828 4 14611 14612 71416 71419
18825 4790 4828 6 14612 14613 70439 70317 70320 71634
18826 4790 4530 4 14613 14610 71375 70480
18827 4790 4687 7 14610 14612 16443 16444 71629 71636 71635
18828 4524 4697 5 14614 14615 65218 65219 65325
18829 4524 4371 5 14615 14616 64779 48734 48732
18830 4770 4524 4 14614 14616 63242 63241
18831 3687 3379 4 14620 14621 63454 79537
18832 3497 3379 6 14621 14622 79508 79437 79438 63455
18833 3497 3444 6 14622 14619 78423 19199 19200 25128
18834 3497 3687 5 14619 14621 63448 63449 64754
18835 3267 3432 6 14623 14624 64072 22174 22177 63610
18836 3326 3432 4 14624 14625 28832 28830
18837 3432 3614 7 14623 14625 63926 64109 64110 61458 61457
18838 3724 3826 4 14627 14628 77866 76020
18839 3606 3826 4 14628 14629 78466 78465
18840 3606 3539 7 14629 14626 77089 78269 79300 78905 78546
18841 3606 3724 3 14626 14628 77088
18842 3826 3539 4 14627 14629 78475 76021
18843 5098 5178 5 14630 14631 84789 84790 85023
18844 5098 4780 5 14631 14632 16425 83446 83447
18845 4651 4780 6 14632 14633 85464 83281 74208 16426
18846 4651 5178 4 14633 14630 85024 85448
18847 4651 5098 5 14630 14632 16424 71190 71189
18848 4780 5178 6 14631 14633 85465 83490 71199 71201
18849 4554 4553 7 14634 14635 77956 15147 15150 73488 73396
18850 4554 4376 8 14635 14636 73354 73576 74644 74723 75099 78075
18851 4700 4376 5 14636 14637 72880 73399 73355
18852 4700 4553 5 14637 14634 73075 72952 72879
18853 4700 4554 4 14634 14636 73353 73397
18854 4376 4553 6 14635 14637 72878 73224 73225 77710
18855 2665 2756 7 14638 14639 136096 136249 136231 120654 120656
18856 2665 2688 6 14639 14640 26084 26082 136169 136097
18857 2857 2688 3 14640 14641 135972
18858 2857 2756 6 14641 14638 135214 136566 136120 136119
18859 2857 2665 6 14638 14640 135971 136176 135069 135071
18860 2688 2756 7 14639 14641 136121 135958 135482 135483 136098
18861 11915 3085 7 14642 14643 135424 135425 133655 133654 64564
18862 11915 3157 5 14643 14644 65976 28450 28448
18863 3701 3157 4 14644 14645 66017 65979
18864 3701 3085 4 14645 14642 64566 66018
18865 3157 3085 7 14643 14645 65788 64280 64279 120688 120686
18866 2898 3258 7 14646 14647 24871 25731 107595 120177 76269
18867 2898 3108 4 14647 14648 119683 24870
18868 3214 3258 5 14649 14646 76270 76568 76388
18869 3214 2898 5 14646 14648 75349 75351 76268
18870 3108 3258 4 14647 14649 15009 15006
18871 2216 2107 8 14651 14652 115970 136771 119092 119093 116005 115940
18872 2097 2107 8 14652 14653 20147 20145 139212 139141 138583 115971
18873 2097 2198 5 14653 14650 24684 24683 115968
18874 2097 2216 5 14650 14652 115969 119210 119212
18875 2107 2198 3 14651 14653 115941
18876 3253 3207 6 14654 14655 28659 28658 28656 62058
18877 3503 3150 6 14656 14657 62830 62939 58423 58424
18878 3503 3253 5 14654 14656 28104 28103 28532
18879 3150 3207 5 14655 14657 62093 62092 29646
18880 3199 3370 9 14658 14659 62616 62622 131480 66656 66653 66582 62531
18881 3199 3392 3 14659 14660 60585
18882 3469 3392 7 14660 14661 58968 62677 62692 62645 60586
18883 3469 3370 3 14661 14658 58967
18884 3469 3199 7 14658 14660 25097 25096 58507 58508 62532
18885 3392 3370 6 14659 14661 58966 62444 132480 62617
18886 6200 6507 4 14662 14663 77376 90934
18887 6039 5396 5 14664 14665 96329 76883 76885
18888 6039 6507 5 14665 14662 90936 77429 77430
18889 5396 6507 5 14663 14665 48521 48523 77377
18890 4606 5077 8 14666 14667 14775 14774 77149 77401 72824 64796
18891 4425 5077 5 14668 14666 64798 65416 77103
18892 11918 5077 4 14667 14668 50054 50051
18893 2576 2335 3 14669 14670 25452
18894 2576 2429 6 14670 14671 118596 118597 25470 25471
18895 2513 2429 3 14671 14672 119627
18896 2513 2335 9 14672 14669 25454 24997 24996 76713 120328 114354 114353
18897 2513 2576 7 14669 14671 78522 78521 120229 119897 25453
18898 2429 2335 7 14670 14672 79156 79155 119966 119862 116044
18899 2537 2302 5 14673 14674 24387 82133 82135
18900 2537 2348 4 14674 14675 117955 24388
18901 2699 2348 5 14675 14676 113687 113588 113587
18902 2699 2302 4 14676 14673 115916 115917
18903 2348 2302 9 14674 14676 24145 24144 113990 113989 115490 116348 24389
18904 2295 2128 5 14677 14678 119826 119827 119701
18905 2295 2264 8 14678 14679 119574 119575 79285 79286 119692 119693
18906 1960 2264 7 14679 14680 119505 79880 79878 119583 135108
18907 1960 2128 6 14680 14677 119703 120709 119718 119679
18908 1960 2295 4 14677 14679 135225 119702
18909 2264 2128 6 14678 14680 119680 79143 79141 119421
18910 2347 2693 4 14681 14682 137412 137264
18911 2347 2349 6 14682 14683 29214 27722 27720 64306
18912 2331 2349 5 14683 14684 25069 29126 29716
18913 2331 2693 5 14684 14681 137265 137851 25068
18914 2331 2347 4 14681 14683 29715 136369
18915 2349 2693 6 14682 14684 25067 137463 57592 57594
18916 11913 3553 4 14686 14687 76736 78582
18917 3232 3553 5 14687 14688 28544 28543 63861
18918 3232 3375 5 14688 14685 64666 120116 78603
18919 3553 3375 6 14686 14688 78602 78605 78863 78584
18920 2995 3071 7 14689 14690 135346 135353 135330 135329 28415
18921 2995 3055 4 14690 14691 133827 133829
18922 2674 3055 7 14691 14692 120549 119004 119005 136127 135468
18923 2674 3071 6 14692 14689 28416 78072 27354 27355
18924 2674 2995 5 14689 14691 134003 78767 28414
18925 3055 3071 5 14690 14692 119741 77117 77116
18926 11917 3935 6 14693 14694 76761 65673 65672 22234
18927 11917 3833 8 14694 14695 77129 77128 77288 77260 77261 76762
18928 11918 3833 4 14695 14696 25448 77058
18929 11918 3935 5 14696 14693 22236 25786 25446
18930 11918 11917 6 14693 14695 76801 76800 76466 22235
18931 3833 3935 6 14694 14696 25447 78787 78493 76763
18932 4774 4411 5 14697 14698 76886 77411 77415
18933 4930 5123 8 14699 14700 65391 65725 65721 65687 65685 77090
18934 4930 4774 4 14697 14699 77342 77414
18935 5123 4411 3 14698 14700 65390
18936 3812 4204 4 14701 14702 75679 17485
18937 3957 3547 3 14703 14704 75086
18938 3957 3627 6 14704 14705 28572 76271 76578 76342
18939 3864 3627 6 14705 14706 78831 76760 76759 28574
18940 3864 3547 7 14706 14703 25466 25468 76787 78790 78789
18941 3864 3957 4 14703 14705 28573 75087
18942 3627 3547 4 14704 14706 22310 22312
18943 3891 4104 4 14707 14708 76425 75068
18944 3891 4174 4 14708 14709 25666 25664
18945 3886 4174 4 14709 14710 25233 25235
18946 3886 4104 7 14710 14707 75070 76523 76524 25282 25281
18947 3886 3891 8 14707 14709 76522 76786 14786 14783 76636 75069
18948 4174 4104 4 14708 14710 76281 76282
18949 5458 4906 6 14711 14712 72707 73740 73738 77603
18950 5458 5181 6 14712 14713 77113 77114 77369 72708
18951 5037 4906 4 14714 14711 75012 75013
18952 5037 5458 4 14711 14713 77711 77602
18953 5181 4906 10 14712 14714 72560 72559 73420 76440 75156 75158 74611 72709
18954 3364 3386 7 14716 14717 64547 64548 78575 78574 78678
18955 3364 3616 4 14715 14716 78676 78397
18956 3530 11913 6 14718 14719 61363 78582 78583 78735
18957 3530 3191 3 14719 14720 61364
18958 3386 3191 7 14720 14721 78394 134112 65778 65780 78575
18959 3386 11913 4 14721 14718 78736 78393
18960 3386 3530 7 14718 14720 78574 78412 78414 78554 78670
18961 4050 11919 6 14724 14722 64739 64147 64149 64801
18962 4943 4778 6 14726 14727 65293 65298 65296 65195
18963 4973 4778 10 14727 14728 41208 41207 64867 64813 64600 64601 65031 65032
18964 4973 4943 4 14725 14727 65294 68188
18965 4778 4745 6 14726 14728 68227 65282 65281 65196
18966 3835 3793 8 14729 14730 77289 65665 65663 78568 77276 76814
18967 3835 4102 5 14730 14731 78551 76834 76835
18968 3791 4102 3 14731 14732 78556
18969 3791 3793 6 14732 14729 76815 78308 78309 78311
18970 3791 3835 6 14729 14731 78385 63757 63758 76813
18971 4102 3793 7 14730 14732 78555 78557 78560 78449 78268
18972 3789 3553 5 14733 14734 78123 78126 64636
18973 3789 3838 5 14734 14735 77315 78634 78637
18974 3835 3838 4 14735 14736 78474 77317
18975 3835 3553 8 14736 14733 63756 63758 77277 77276 78127 78129
18976 3826 3895 7 14738 14739 77584 78455 77867 76020 76021
18977 3826 3792 8 14739 14737 77310 77309 78021 78020 77283 77281
18978 3826 3662 6 14737 14738 78475 78466 78459 78433
18979 4282 4111 4 14740 14741 75021 73273
18980 4282 4323 4 14741 14742 14796 75022
18981 4395 4323 5 14742 14743 75305 75238 14798
18982 4395 4111 4 14743 14740 73275 75314
18983 4395 4282 8 14740 14742 14797 77845 74118 74117 78146 73274
18984 4323 4111 6 14741 14743 15175 15176 75295 75023
18985 3235 2996 6 14744 14745 76318 76316 120609 122441
18986 3235 3406 4 14745 14746 76111 76112
18987 3315 3406 7 14746 14747 122479 76087 20523 20520 75825
18988 3315 2996 3 14747 14744 122443
18989 3315 3235 7 14744 14746 76259 76019 76003 76005 122442
18990 3406 2996 6 14745 14747 122480 76075 75661 75660
18991 4029 3224 5 14748 14749 18220 76418 76410
18992 4029 4192 5 14749 14750 76315 75798 18221
18993 3408 4192 4 14750 14751 75620 75621
18994 3408 3224 7 14751 14748 76394 25081 25083 122308 75922
18995 3408 4029 7 14748 14750 76314 76312 74734 74733 76409
18996 4192 3224 7 14749 14751 75923 24586 24585 74362 18222
18997 3036 3891 4 14752 14753 76719 76931
18998 3036 3308 7 14753 14754 76716 76648 76649 78114 76720
18999 3033 3308 3 14754 14755 76718
19000 3033 3891 5 14755 14752 76930 76551 76548
19001 3033 3036 8 14752 14754 76717 74615 74616 106343 76951 76936
19002 3308 3891 6 14753 14755 14784 14786 78091 76721
19003 4771 4992 8 14756 14757 75088 74866 74865 75008 75007 73689
19004 4771 5177 6 14757 14758 74800 75159 75157 75108
19005 4870 4992 7 14759 14756 73690 76657 76561 76562 94210
19006 4870 4771 4 14756 14758 74799 73688
19007 5177 4992 4 14757 14759 94235 75109
19008 1484 1624 7 14760 14761 112879 76725 76724 113242 113180
19009 1484 1639 4 14761 14762 71315 71314
19010 778 1639 5 14762 14763 113228 122494 113231
19011 778 1624 8 14763 14760 113167 113169 122935 107875 107876 113227
19012 778 1484 4 14760 14762 113230 113181
19013 1639 1624 7 14761 14763 101151 101148 122438 24082 24079
19014 3724 3907 7 14764 14765 78092 78117 75332 75333 77072
19015 3724 3895 8 14765 14766 75757 75756 76020 72889 25492 25493
19016 3829 3895 8 14766 14767 79023 76264 76265 77879 78984 78883
19017 3829 3907 4 14767 14764 77074 78996
19018 3829 3724 4 14764 14766 78399 77073
19019 3895 3907 5 14765 14767 79021 78990 78093
19020 4774 4112 7 14768 14769 76952 77383 77414 77415 77293
19021 4774 4337 4 14769 14770 19119 19118
19022 4183 4337 6 14770 14771 78006 19214 19215 77286
19023 4183 4112 7 14771 14768 64425 64422 78672 78593 78066
19024 4183 4774 4 14768 14770 77345 77294
19025 4337 4112 5 14769 14771 64427 64429 76953
19026 4748 4522 7 14772 14773 76912 76849 76848 96283 76831
19027 4748 4606 5 14773 14774 77003 77004 76913
19028 5077 4522 6 14775 14772 76833 96332 50052 50051
19029 5077 4748 4 14772 14774 77148 76832
19030 4606 4522 4 14773 14775 50132 76465
19031 5401 4996 9 14776 14777 21873 21875 77632 76691 75141 75144 75196
19032 5401 6355 6 14777 14778 76289 95852 95533 95532
19033 11921 6355 8 14778 14779 50225 96025 25637 25638 32682 76290
19034 11921 4996 8 14779 14776 73361 73360 76589 19127 19126 50224
19035 11921 5401 3 14776 14778 75197
19036 4544 4462 6 14780 14781 73375 78255 73186 73187
19037 4361 4462 4 14782 14780 73374 80606
19038 4340 4462 4 14781 14782 80607 73377
19039 3034 3891 6 14783 14784 76548 76549 76536 76537
19040 3034 3308 10 14784 14785 25704 78994 122340 122360 106628 79405 76716 76718
19041 3886 3308 4 14785 14786 76747 25706
19042 3886 3034 3 14783 14785 25705
19043 3594 3405 5 14789 14787 64516 78778 121942
19044 3594 3759 6 14787 14788 77062 77057 64163 64162
19045 4203 4870 6 14790 14791 74964 76459 76531 19064
19046 2456 2625 7 14793 14794 78791 78792 120286 120318 120309
19047 2752 2625 7 14794 14795 76258 78960 78961 80251 80250
19048 2752 2818 5 14795 14792 25669 82986 76257
19049 2752 2456 6 14792 14794 120317 122343 120290 25668
19050 2625 2818 6 14793 14795 76256 78928 78927 119780
19051 4282 4591 5 14796 14797 15605 15606 75228
19052 4395 4591 4 14797 14798 75239 77846
19053 4591 4323 7 14796 14798 15283 15062 15059 75523 77924
19054 4136 3906 4 14799 14800 79063 75217
19055 4136 4024 5 14800 14801 75268 76777 79248
19056 4111 4136 6 14799 14801 75269 73273 73275 75216
19057 1522 1061 5 14802 14803 113505 113580 113493
19058 1522 1550 6 14803 14804 113503 113591 84097 84100
19059 1186 1550 5 14804 14805 113544 113516 113504
19060 1186 1061 6 14805 14802 84248 84247 113160 113159
19061 1186 1522 3 14802 14804 113492
19062 1550 1061 7 14803 14805 84325 84327 113370 113429 113431
19063 3955 4191 6 14806 14807 25138 78120 78122 77082
19064 3955 4244 4 14807 14808 76789 25137
19065 4312 4244 7 14808 14809 76664 76797 14815 14814 76790
19066 4312 4191 5 14809 14806 76587 76461 76463
19067 4312 3955 4 14806 14808 76788 77083
19068 4244 4191 5 14807 14809 64650 64652 25139
19069 1794 1678 4 14810 14811 25826 120409
19070 1794 1717 7 14811 14812 25727 120356 120354 123352 25827
19071 1837 1717 6 14812 14813 120936 28748 28749 25728
19072 1837 1678 6 14813 14810 120410 120887 121067 120934
19073 1837 1794 6 14810 14812 25726 23428 23430 119450
19074 1717 1678 6 14811 14813 120935 121048 28343 25828
19075 4244 4407 3 14815 14816 25436
19076 3864 4407 5 14816 14817 76674 76460 25438
19077 3864 4312 5 14817 14814 78779 76555 76552
19078 3864 4244 6 14814 14816 25437 76535 76236 76237
19079 11832 11867 6 14818 14819 105508 148736 148967 109809
19080 11832 305 5 14819 14820 32150 109816 105509
19081 75 305 5 14820 14821 129183 129091 32151
19082 75 11867 5 14821 14818 109811 109944 148921
19083 75 11832 6 14818 14820 32149 148879 148881 109810
19084 305 11867 6 14819 14821 32077 32079 148948 105510
19085 4264 3759 8 14823 14824 76799 76802 77127 77093 77094 77064
19086 3833 3759 6 14824 14825 64161 64163 77058 77129
19087 3833 11916 5 14825 14822 77288 77204 77131
19088 3833 4264 3 14822 14824 77128
19089 3759 11916 5 14823 14825 77130 78756 77065
19090 2711 2734 6 14826 14827 78705 78706 119284 120149
19091 2711 2775 5 14827 14828 63365 119543 119982
19092 2801 2775 6 14828 14829 119143 118652 118651 63366
19093 2801 2734 5 14829 14826 120131 119940 119939
19094 2801 2711 7 14826 14828 63364 119029 119729 120156 120150
19095 2775 2734 4 14827 14829 119960 119967
19096 3366 3478 7 14830 14831 83229 83057 83058 83101 82555
19097 3366 3463 6 14831 14832 81873 81928 81927 83233
19098 3462 3366 4 14830 14832 81874 82479
19099 3463 3478 4 14831 14833 82001 83232
19100 472 542 9 14834 14835 127602 128241 126515 125816 22816 22817 127102
19101 472 690 7 14835 14836 126147 126145 128485 128489 127603
19102 643 690 9 14836 14837 128125 128293 128327 128295 128296 128475 126504
19103 643 542 7 14837 14834 26078 26080 117024 126740 126742
19104 643 472 3 14834 14836 126503
19105 690 542 3 14835 14837 127604
19106 3954 4003 7 14838 14839 80083 73845 73846 75188 79695
19107 3954 4261 3 14839 14840 80084
19108 4286 4261 8 14840 14841 15120 75392 16466 15323 15324 75400
19109 4286 4003 3 14841 14838 15119
19110 4286 3954 6 14838 14840 80327 80543 80542 79694
19111 4261 4003 7 14839 14841 15118 75600 75561 16402 16404
19112 3515 3622 7 14842 14843 80499 80515 79998 79106 79104
19113 3047 3515 6 14842 14844 79726 75569 75571 75994
19114 4262 4499 6 14846 14847 59248 59250 61035 61036
19115 4321 4499 5 14847 14848 69486 60839 60840
19116 4321 4307 5 14848 14845 59412 15636 15635
19117 4321 4262 7 14845 14847 60909 60908 61420 61320 59411
19118 4499 4307 4 14846 14848 69485 61592
19119 3636 3517 4 14849 14850 60233 60234
19120 3636 3569 5 14850 14851 59907 59905 60932
19121 3772 3517 4 14852 14849 60881 15766
19122 3772 3636 6 14849 14851 59390 59389 24530 24532
19123 3569 3517 8 14850 14852 15765 61080 61074 61073 81268 60933
19124 2494 2755 6 14853 14854 135756 135790 135994 135995
19125 2494 2796 3 14854 14855 134954
19126 2495 2796 8 14855 14856 131788 131787 135465 64009 64007 119147
19127 2495 2755 3 14856 14853 135789
19128 2495 2494 7 14853 14855 120098 120097 120100 135763 135762
19129 3109 3127 7 14857 14858 63221 63360 62894 62893 136790
19130 3109 3457 5 14858 14859 63947 64065 63222
19131 3200 3109 6 14857 14859 28779 28778 136892 136825
19132 2768 2439 4 14860 14861 137183 133348
19133 2768 2753 7 14861 14862 137093 136955 66577 62981 62982
19134 2761 2753 5 14862 14863 137186 137202 137094
19135 2761 2439 4 14863 14860 133350 137019
19136 2761 2768 5 14860 14862 132425 132427 133349
19137 2753 2439 5 14861 14863 137185 137131 137133
19138 3757 3593 6 14864 14865 17138 17139 74688 80454
19139 3757 3743 4 14865 14866 15731 79150
19140 3733 3757 6 14864 14866 15732 75187 76203 80403
19141 4863 5107 5 14867 14868 72741 74033 19028
19142 4964 5107 5 14869 14867 19029 71000 68917
19143 5087 5107 7 14868 14869 68916 72236 72577 72576 72743
19144 4334 4224 9 14870 14871 27891 66712 67069 58264 58265 66877 66846
19145 4334 4097 7 14871 14872 67000 67127 28889 28887 27890
19146 3887 4097 5 14872 14873 66548 62405 62404
19147 3887 4224 7 14873 14870 41812 41811 58143 58330 67039
19148 3887 4334 4 14870 14872 67001 66847
19149 4097 4224 3 14871 14873 27892
19150 3049 3161 4 14874 14875 119198 29822
19151 3049 2896 5 14875 14876 115978 115979 136819
19152 3073 2896 4 14876 14877 28663 135621
19153 3073 3161 6 14877 14874 29824 60759 23489 23488
19154 3073 3049 6 14874 14876 63357 63358 63305 29823
19155 2896 3161 7 14875 14877 28662 60365 135505 119134 119135
19156 2145 2293 6 14878 14879 139797 139798 141254 141253
19157 2145 2084 7 14879 14880 141148 139677 137408 137406 139811
19158 1742 2084 6 14880 14881 127200 127199 127447 127448
19159 1742 2293 5 14881 14878 141427 141428 141442
19160 1742 2145 5 14878 14880 139689 139690 141454
19161 2084 2293 6 14879 14881 141437 141435 139396 139395
19162 1069 1333 8 14882 14883 28890 28893 27752 27750 131486 131481
19163 1069 1467 4 14883 14884 33435 33849
19164 1314 1467 6 14884 14885 131342 138309 131754 33436
19165 1314 1333 6 14885 14882 131483 136563 137608 131340
19166 1314 1069 4 14882 14884 33434 131482
19167 1467 1333 4 14883 14885 131341 132371
19168 3885 3856 5 14886 14887 60987 15667 15666
19169 3885 3818 7 14887 14888 60323 60313 60314 60940 60986
19170 3861 3856 6 14889 14886 60954 60918 60917 60215
19171 3818 3856 4 14887 14889 60214 60977
19172 1388 1480 6 14890 14891 114476 125108 118074 115352
19173 1388 1334 10 14891 14892 28683 118110 117849 117850 125046 125045 113947 113948
19174 1440 1334 8 14892 14893 118150 24545 24546 111536 111533 28684
19175 1440 1480 4 14893 14890 115353 118149
19176 1440 1388 3 14890 14892 28682
19177 1334 1480 4 14891 14893 118146 114477
19178 3424 3317 6 14894 14895 61576 81863 80599 80529
19179 3424 3215 5 14895 14896 63286 24348 24346
19180 3270 3215 8 14896 14897 81606 79973 79957 77989 77990 63287
19181 3270 3424 3 14894 14896 63285
19182 3215 3317 3 14895 14897 61577
19183 4920 5196 5 14899 14900 17361 17359 71757
19184 4916 5196 5 14900 14901 70338 70107 69396
19185 4916 4920 4 14898 14900 69395 71683
19186 5196 5010 4 14899 14901 70337 72095
19187 3951 4108 6 14902 14903 24258 24259 15808 15209
19188 3951 3913 8 14903 14904 77599 77598 60789 15904 15905 15907
19189 4213 3913 4 14904 14905 61195 61196
19190 4213 4108 8 14905 14902 15211 81684 81517 81518 81692 81407
19191 4213 3951 5 14902 14904 15249 15248 15210
19192 3913 4108 4 14903 14905 81346 60049
19193 2041 2007 6 14906 14907 29359 29357 29830 116410
19194 2041 1651 7 14907 14908 117941 117780 117779 114030 114028
19195 1924 1651 4 14908 14909 117620 117621
19196 1924 2007 7 14909 14906 79929 79931 114346 114343 118068
19197 1924 2041 7 14906 14908 24835 24832 116436 118352 116409
19198 1651 2007 6 14907 14909 118220 101887 26354 26351
19199 4403 4619 4 14910 14911 57452 70302
19200 4687 4403 5 14910 14912 69357 16666 16665
19201 4907 4755 6 14914 14915 73500 73511 72851 72852
19202 4907 4844 3 14915 14916 20513
19203 4860 4755 3 14917 14914 71993
19204 4860 4907 6 14914 14916 20512 73523 73522 73494
19205 3348 3428 3 14918 14919 80075
19206 3428 3205 5 14918 14920 80095 80094 80076
19207 11847 11297 4 14921 14922 107460 107190
19208 11847 11520 4 14922 14923 22211 22209
19209 11695 11520 5 14923 14924 107137 108870 107450
19210 11695 11297 6 14924 14921 105760 105761 106552 107136
19211 11695 11847 8 14921 14923 107449 122778 122196 107467 107462 107191
19212 11520 11297 8 14922 14924 107135 22328 22327 105500 105499 107461
19213 5694 5757 5 14925 14926 85619 70706 17155
19214 5694 5695 5 14926 14927 70645 70646 85678
19215 5932 5694 4 14925 14927 70884 17154
19216 4390 4518 4 14928 14929 79628 79629
19217 4390 4366 4 14929 14930 70996 71331
19218 4489 4390 5 14928 14930 70997 71488 80846
19219 4366 4518 7 14929 14931 71324 71430 71236 18863 18862
19220 570 945 5 14932 14933 108587 116486 108553
19221 570 672 6 14933 14934 118214 113038 113039 108588
19222 862 672 8 14934 14935 118236 118238 123596 123598 124720 118215
19223 862 945 6 14935 14932 108555 117985 121120 122517
19224 862 570 5 14932 14934 118213 122867 108554
19225 672 945 4 14933 14935 122539 108589
19226 1974 1631 7 14936 14937 113870 118280 24060 24061 113240
19227 1974 1762 6 14937 14938 118285 118286 118361 113871
19228 1379 1762 6 14938 14939 118232 24602 24599 115835
19229 1379 1631 8 14939 14936 116184 114047 114048 118088 122860 118231
19230 1379 1974 3 14936 14938 118480
19231 1762 1631 3 14937 14939 113872
19232 3299 3097 4 14940 14941 79932 79933
19233 3228 3299 5 14940 14942 28789 75714 80024
19234 3695 3894 4 14946 14947 82052 82053
19235 3562 3894 5 14947 14948 16081 16082 83325
19236 3562 3749 7 14948 14945 80953 81007 83771 15256 15258
19237 3562 3695 5 14945 14947 15970 15969 16007
19238 3894 3749 9 14946 14948 82058 82060 81020 81019 83379 83757 83362
19239 3357 3684 4 14951 14952 60176 63512
19240 3357 3731 5 14952 14949 29135 15772 15773
19241 3973 4240 4 14954 14955 63763 77665
19242 5563 5258 6 14956 14957 63480 16987 16985 68260
19243 5693 5258 3 14957 14958 44032
19244 3782 3730 4 14959 14960 63740 63742
19245 3831 3730 5 14960 14961 63493 63392 63393
19246 1721 1875 6 14964 14965 120531 120532 119891 119892
19247 1721 2186 4 14965 14966 120203 120696
19248 2047 2186 6 14966 14967 78854 120719 120695 120205
19249 2047 1875 4 14967 14964 78867 78853
19250 2047 1721 6 14964 14966 120204 135171 136237 120736
19251 2186 1875 5 14965 14967 78621 78620 120762
19252 4922 4664 3 14968 14969 76142
19253 4922 5129 5 14969 14970 74994 75119 76433
19254 4628 5129 3 14970 14971 74995
19255 4628 4664 9 14971 14968 76143 76650 75261 75260 96091 15340 15339
19256 5129 4664 6 14969 14971 76311 96079 76616 76434
19257 5389 5417 6 14972 14973 71848 72221 55693 55694
19258 5389 5712 3 14973 14974 67966
19259 5676 5712 8 14974 14975 69130 69132 88651 88652 72252 67967
19260 5676 5417 3 14975 14972 71871
19261 5676 5389 9 14972 14974 67965 67515 67516 68158 67991 67990 70274
19262 5712 5417 6 14973 14975 70101 70100 87337 71849
19263 3231 3576 6 14976 14977 78355 78354 79316 78511
19264 3553 3576 3 14977 14978 64603
19265 3576 3750 5 14976 14978 64602 78389 78513
19266 3223 3502 7 14979 14980 78604 15019 15017 78910 15011
19267 3498 3502 3 14982 14979 15012
19268 3508 3502 5 14980 14982 25061 77084 77086
19269 2890 2592 6 14983 14984 112750 81988 81990 80573
19270 2837 2797 5 14985 14986 113826 113827 114329
19271 2837 2592 4 14986 14983 80575 114128
19272 2837 2890 5 14983 14985 115795 115819 80574
19273 2797 2592 6 14984 14986 112763 112765 113675 113674
19274 1177 1486 5 14987 14988 116894 117012 117010
19275 1177 1302 8 14988 14989 124920 26282 26283 125262 124909 116895
19276 1464 1302 6 14989 14990 114447 114571 123609 124922
19277 1464 1486 6 14990 14987 125065 114588 114586 114446
19278 1464 1177 4 14987 14989 124921 125064
19279 1302 1486 7 14988 14990 114445 114112 114111 26931 26933
19280 4082 4280 13 14991 14992 75408 75422 75421 75219 15337 15335 75401 80695 80502 80488 80412
19281 4082 4038 3 14992 14993 75387
19282 3906 4038 6 14993 14994 75286 75285 75496 75388
19283 3906 4082 4 14991 14993 75386 75992
19284 2832 2772 5 14995 14996 118744 118745 118870
19285 2832 2787 6 14996 14997 79969 118799 118578 118576
19286 2537 2787 10 14997 14998 118683 80257 80259 112531 80133 80132 118512 79970
19287 2537 2772 4 14998 14995 118871 118685
19288 2537 2832 4 14995 14997 79968 118715
19289 2787 2772 6 14996 14998 118684 118082 112875 112872
19290 418 10991 5 15000 15001 122195 122261 107671
19291 11409 418 8 14999 15001 122191 122192 122691 122692 122262 107578
19292 2046 1926 9 15002 15003 116912 139215 139214 139344 139394 139392 139401
19293 2046 2080 5 15003 15004 116808 116789 116787
19294 2045 2080 8 15004 15005 116937 80674 80676 116763 15814 15811
19295 2045 1926 4 15005 15002 139402 139271
19296 2045 2046 5 15002 15004 116807 127906 139140
19297 2080 1926 6 15003 15005 117308 117310 116317 116316
19298 2804 3258 5 15006 15007 120216 25729 24871
19299 2804 3377 4 15007 15008 25450 120217
19300 3108 3377 6 15008 15009 76389 76339 76338 25451
19301 3108 2804 5 15006 15008 25449 119681 24870
19302 3377 3258 8 15007 15009 76388 76567 15126 15125 76640 76641
19303 3223 3556 6 15010 15011 78912 78913 78923 78629
19304 3502 3556 8 15011 15012 25061 78839 78781 78780 25557 25554
19305 2895 2672 7 15013 15014 64337 64338 135737 133549 133548
19306 2895 2435 4 15014 15015 28850 63282
19307 2188 2672 4 15016 15013 133504 133449
19308 2188 2895 5 15013 15015 28849 62469 62470
19309 2435 2672 5 15014 15016 64247 64246 64342
19310 3223 3035 8 15017 15018 120545 78865 25784 25785 78913 78911
19311 3223 3375 5 15018 15019 78602 78603 120591
19312 3502 3375 5 15019 15020 78579 78720 78605
19313 3502 3035 3 15020 15017 78578
19314 3375 3035 5 15018 15020 78577 121936 120592
19315 2754 2950 5 15021 15022 75350 75348 119908
19316 2754 3155 4 15022 15023 78858 120271
19317 2666 3155 6 15023 15024 120126 120127 120464 78859
19318 2666 2950 5 15024 15021 119910 119043 119045
19319 2666 2754 7 15021 15023 78857 119010 120062 120311 119909
19320 3155 2950 5 15022 15024 120227 120220 120219
19321 1707 1658 5 15025 15026 118014 118019 117811
19322 1542 1485 7 15027 15028 24092 117392 117114 116984 114461
19323 1542 1658 5 15028 15025 24093 24095 24091
19324 1542 1707 4 15025 15027 114460 116948
19325 1485 1658 3 15026 15028 24090
19326 2148 2487 5 15029 15030 24977 82134 113188
19327 2148 2543 6 15030 15031 116027 116028 118864 24978
19328 2321 2543 8 15031 15032 116078 82505 82504 115801 115799 115848
19329 2321 2487 5 15032 15029 114510 22334 22336
19330 2321 2148 4 15029 15031 119207 118412
19331 2416 2316 5 15033 15034 21058 21056 79278
19332 2416 2309 5 15034 15035 119389 119390 25286
19333 2334 2416 6 15033 15035 119594 119595 119598 79279
19334 2227 2128 6 15036 15037 119823 119795 78313 28545
19335 2189 2128 7 15038 15036 28547 65907 119615 119827 119708
19336 2221 2128 4 15037 15038 119707 119824
19337 3970 4060 7 15039 15040 74145 80824 80765 80632 74133
19338 3970 4281 5 15040 15041 80764 74778 74146
19339 4109 4281 7 15041 15042 80570 80671 15331 15333 80653
19340 4109 4060 5 15042 15039 74135 80733 80569
19341 4281 4060 3 15040 15042 74147
19342 8634 9005 7 15043 15044 76320 107089 106481 106480 25370
19343 8634 8246 4 15044 15045 94732 76319
19344 6373 8246 4 15045 15046 77826 77823
19345 6373 9005 5 15046 15043 25372 107758 94648
19346 6373 8634 5 15043 15045 94733 94806 25371
19347 8246 9005 8 15044 15046 94647 76368 76367 88159 88156 76321
19348 3074 3267 6 15047 15048 64088 64267 66571 64230
19349 3074 3006 5 15048 15049 135591 64031 64030
19350 3163 3006 7 15049 15050 63801 28474 28477 135583 135754
19351 3163 3267 7 15050 15047 64215 64203 64072 63418 63417
19352 3163 3074 5 15047 15049 135623 133536 64231
19353 3006 3267 3 15048 15050 63800
19354 4716 4732 5 15051 15052 74476 74475 73691
19355 4744 4620 4 15053 15054 16453 16455
19356 4744 4716 5 15051 15053 74805 68809 68806
19357 4620 4732 4 15052 15054 75430 74868
19358 3733 3643 6 15056 15057 80983 80336 16202 16200
19359 3451 3643 4 15057 15058 83727 80984
19360 3451 3445 6 15058 15055 16344 16346 75747 83726
19361 3451 3733 5 15055 15057 80982 80374 75253
19362 3643 3445 6 15056 15058 83725 74827 74824 74832
19363 4299 4323 6 15059 15060 75452 75376 73328 73329
19364 4299 4696 7 15060 15061 73418 73419 75623 75145 75146
19365 4591 4299 6 15059 15061 75417 75525 75527 75522
19366 4696 4323 4 15060 15062 15282 75237
19367 4009 4155 9 15063 15064 80778 80779 83605 83571 81185 81184 80916
19368 4009 4169 6 15064 15065 80904 80866 80867 80883
19369 4205 4169 8 15065 15066 15293 80719 79756 79758 80549 80550
19370 4205 4155 5 15066 15063 78260 78257 15292
19371 4205 4009 5 15063 15065 80905 80911 80913
19372 4169 4155 3 15064 15066 15291
19373 6831 6695 4 15068 15069 71094 71095
19374 6940 6695 4 15069 15070 88059 85014
19375 6940 6796 5 15070 15067 92766 88055 88057
19376 6940 6831 4 15067 15069 74875 74877
19377 6695 6796 9 15068 15070 88058 88060 88022 85641 85640 86128 86130
19378 570 469 5 15071 15072 113039 111556 108581
19379 570 756 5 15072 15073 120877 108587 108588
19380 949 756 7 15073 15074 122960 118311 118309 122912 122874
19381 949 469 5 15074 15071 108583 122949 122948
19382 949 570 5 15071 15073 122872 112626 108582
19383 756 469 4 15072 15074 122966 122613
19384 4757 4799 4 15075 15076 68867 67884
19385 4757 4895 5 15076 15077 68834 68847 68866
19386 4473 4895 4 15077 15078 67864 68718
19387 3562 3656 5 15079 15080 15970 83325 83291
19388 3562 3273 8 15080 15081 83693 83512 83513 83745 16008 15969
19389 3454 3273 8 15081 15082 24040 24041 16132 16130 23994 23993
19390 3454 3656 3 15082 15079 83293
19391 3454 3562 5 15079 15081 83692 83340 83292
19392 3273 3656 5 15080 15082 83342 83344 15971
19393 3317 3241 3 15083 15084 50184
19394 3389 3270 5 15085 15086 79863 15745 15742
19395 3389 3241 8 15086 15083 24148 24147 75748 71045 71043 75337
19396 3389 3317 5 15083 15085 16058 16059 16078
19397 3270 3241 7 15084 15086 80192 80186 80188 118121 50185
19398 4568 3880 4 15087 15088 83842 73724
19399 4568 3805 4 15088 15089 16064 84592
19400 4564 3805 4 15089 15090 16038 16065
19401 4564 3880 5 15090 15087 15178 15180 16037
19402 4564 4568 8 15087 15089 15386 15385 15828 15827 75703 73723
19403 2434 2431 5 15091 15092 121777 119839 119840
19404 2434 2541 6 15092 15093 78878 119677 119678 121766
19405 2520 2541 5 15093 15094 120368 120366 78879
19406 2520 2431 5 15094 15091 25592 25589 120440
19407 2520 2434 6 15091 15093 78877 118336 76974 76976
19408 2541 2431 5 15092 15094 120441 121751 121752
19409 3487 3453 8 15095 15096 80275 80278 82105 82033 81970 15099
19410 3487 3389 4 15096 15097 83412 80276
19411 3320 3389 7 15097 15098 16059 16079 15858 15861 83220
19412 3320 3453 3 15098 15095 15101
19413 3320 3487 7 15095 15097 83411 15233 15232 75581 15100
19414 3389 3453 7 15096 15098 16058 15742 15744 80367 80277
19415 3317 3453 8 15101 15099 81865 80599 80597 80270 24318 16058
19416 3317 3487 4 15099 15100 82038 81971
19417 4276 4333 6 15102 15103 73041 78245 77708 77709
19418 4276 4136 5 15103 15104 78138 27829 27832
19419 4405 4136 4 15104 15105 75458 75457
19420 4405 4333 7 15105 15102 77955 77954 78153 78148 78147
19421 4405 4276 6 15102 15104 77957 73563 73564 78119
19422 4136 4333 6 15103 15105 78149 78145 77681 73042
19423 940 1248 6 15106 15107 114178 114179 118163 124227
19424 940 896 6 15107 15108 124927 117902 117903 118209
19425 1053 896 7 15108 15109 114433 112801 112800 112544 112543
19426 1053 1248 7 15109 15106 124228 124992 125115 124958 124861
19427 1053 940 4 15106 15108 117848 117845
19428 896 1248 3 15107 15109 118216
19429 3420 3340 10 15110 15111 81826 83077 82900 82902 83098 83042 80928 20177
19430 3420 3255 3 15111 15112 81825
19431 3211 3255 7 15112 15113 83000 114117 113922 82636 82617
19432 3211 3340 5 15113 15110 20179 83001 82998
19433 3211 3420 5 15110 15112 82616 24053 20178
19434 3255 3340 6 15111 15113 82999 83075 15138 15136
19435 2438 2292 6 15114 15115 28991 133422 132019 32120
19436 2438 2435 3 15115 15116 28992
19437 2112 2435 6 15116 15117 133430 133448 64247 64248
19438 2112 2292 5 15117 15114 27391 27393 62878
19439 2112 2438 6 15114 15116 133335 133454 135500 32121
19440 4083 4003 6 15118 15119 79695 75739 75738 76177
19441 4083 4286 5 15119 15120 15952 15950 79694
19442 4261 4083 3 15118 15120 75608
19443 3097 3164 6 15122 15123 79940 118862 80049 78421
19444 3280 3164 9 15123 15124 79858 79861 78037 78035 118894 118106 79941
19445 3280 3228 6 15124 15121 15708 15705 62795 62792
19446 3280 3097 3 15121 15123 75240
19447 3164 3228 3 15122 15124 78422
19448 3258 3627 3 15126 15127 78562
19449 3942 3627 6 15127 15128 22312 76342 76579 78563
19450 3942 3377 3 15128 15125 22311
19451 3942 3258 5 15125 15127 78561 65412 65414
19452 3627 3377 7 15126 15128 22310 78831 78082 78026 78024
19453 4441 4728 5 15129 15130 78275 78435 72868
19454 4597 4728 4 15131 15129 72869 77624
19455 4580 4728 6 15130 15131 77543 77545 78411 78276
19456 4512 4299 5 15132 15133 75567 75568 75170
19457 4512 4900 6 15133 15134 74899 74728 74731 75566
19458 4655 4900 3 15134 15135 74488
19459 4655 4299 5 15135 15132 75172 75391 74487
19460 4655 4512 8 15132 15134 74683 72947 16120 16119 75698 75171
19461 4900 4299 5 15133 15135 74486 75145 75147
19462 3660 3340 4 15136 15137 83213 81826
19463 3431 3340 5 15137 15138 83055 83039 83038
19464 4158 4093 4 15139 15140 22916 22914
19465 4158 4083 5 15140 15141 80873 80837 80672
19466 4431 4083 7 15141 15142 76177 75608 15952 15949 16475
19467 4431 4093 7 15142 15139 80797 84575 23903 23905 76176
19468 4431 4158 5 15139 15141 80874 80717 80715
19469 4083 4093 5 15140 15142 75738 74193 74195
19470 4062 4221 3 15143 15144 83594
19471 4062 3901 7 15144 15145 80990 80384 80385 84840 83595
19472 4143 3901 3 15145 15146 83526
19473 4143 4221 6 15146 15143 83355 74123 74122 83534
19474 4143 4062 9 15143 15145 25932 25931 80665 82950 79995 79996 83335
19475 3901 4221 5 15144 15146 83518 83519 83540
19476 4405 4554 4 15147 15148 77976 77954
19477 4405 4682 7 15148 15149 77916 77917 77986 77983 77977
19478 4553 4682 4 15149 15150 73502 77894
19479 4553 4405 7 15147 15149 77788 75331 75328 78119 77955
19480 4682 4554 4 15148 15150 73414 73412
19481 4501 4395 9 15151 15152 75096 75238 75239 77923 74894 15284 15285
19482 4501 4350 3 15152 15153 75095
19483 4477 4350 9 15153 15154 78150 74722 74699 74698 80343 17885 17883
19484 4477 4395 4 15154 15151 74946 78152
19485 4477 4501 5 15151 15153 75178 75179 74945
19486 4350 4395 4 15152 15154 78141 75097
19487 4670 4501 6 15155 15156 22810 17734 17732 74894
19488 4670 4635 3 15156 15157 75100
19489 4682 4635 6 15157 15158 15286 74479 73499 73497
19490 4682 4501 3 15158 15155 15284
19491 4682 4670 7 15155 15157 74374 74376 74464 74461 74895
19492 4635 4501 7 15156 15158 15285 74945 74265 18598 18597
19493 8631 8442 6 15159 15160 92296 107176 22078 22076
19494 8631 8200 3 15160 15161 92295
19495 8329 8200 6 15161 15162 87637 94679 95022 95071
19496 8329 8631 9 15159 15161 21479 21481 94791 94803 108054 95364 95361
19497 893 1453 6 15163 15164 107574 107573 120930 120929
19498 893 1224 5 15164 15165 76430 107704 107705
19499 1181 1224 8 15165 15166 120908 120907 122040 122066 105911 76432
19500 1181 1453 7 15166 15163 22764 22766 120515 22586 22585
19501 1181 893 5 15163 15165 76431 122099 122193
19502 1224 1453 3 15164 15166 122091
19503 2764 3240 5 15168 15169 73518 73519 122238
19504 3128 3240 6 15169 15170 79005 76171 76095 76096
19505 3128 2758 7 15170 15167 79001 122349 122348 122351 122357
19506 3128 2764 6 15167 15169 120305 122234 75439 75441
19507 3240 2758 6 15168 15170 122355 122353 107594 107593
19508 3780 4136 3 15171 15172 79268
19509 3780 3936 7 15172 15173 76295 76296 77783 78009 79267
19510 4148 3780 8 15171 15173 78047 77878 77880 78058 78097 79682
19511 4280 4111 5 15174 15175 75314 75216 75218
19512 5024 4564 6 15178 15179 75500 84528 84526 73723
19513 4897 4564 5 15179 15180 15944 15945 75501
19514 4897 3880 5 15180 15177 75646 75435 75437
19515 4897 5024 5 15177 15179 75499 84329 75645
19516 3615 3758 5 15182 15183 83509 83731 83730
19517 3753 3758 6 15183 15184 80971 80974 80954 80955
19518 3753 3853 3 15184 15181 83332
19519 3753 3615 6 15181 15183 83508 83591 83592 83754
19520 3758 3853 6 15182 15184 16090 16089 80334 80333
19521 1674 1946 5 15185 15186 132448 132468 137646
19522 1674 1840 3 15186 15187 28957
19523 1680 1840 5 15187 15188 137572 132167 28959
19524 1680 1946 3 15188 15185 137571
19525 1680 1674 7 15185 15187 28958 131602 131604 137662 137647
19526 3565 3458 5 15189 15190 79736 82359 82389
19527 3170 3042 7 15191 15192 82492 82491 60102 60099 15821
19528 3170 3458 3 15192 15189 82391
19529 3170 3565 7 15189 15191 15820 82388 82387 81749 81751
19530 3042 3458 6 15190 15192 82611 57450 57447 79737
19531 3776 3526 6 15193 15194 20521 20522 16382 16381
19532 3776 3851 10 15194 15195 75611 75614 74846 74844 75850 75848 76199 24846
19533 3643 3851 9 15195 15196 23860 83868 83869 83724 80336 80329 80328
19534 3643 3776 3 15193 15195 80326
19535 3851 3526 4 15194 15196 23859 24847
19536 3118 3451 4 15197 15198 83888 83887
19537 3118 3273 7 15198 15199 83513 83511 83904 83891 83889
19538 3421 3273 5 15199 15200 83563 83564 83745
19539 3421 3451 6 15200 15197 83816 74190 74192 83551
19540 3273 3451 5 15198 15200 83349 79256 79255
19541 6877 7490 5 15201 15202 19584 19587 77799
19542 6877 7193 8 15202 15203 92573 75631 75632 76901 76900 91932
19543 7679 7193 6 15203 15204 96068 18920 18921 94672
19544 7679 7490 10 15204 15201 94215 94213 94706 94774 94743 91943 91944 94493
19545 7679 6877 4 15201 15203 94953 94951
19546 7193 7490 3 15202 15204 95513
19547 1925 2515 6 15205 15206 75904 75902 102261 102264
19548 1925 1997 4 15206 15207 107235 108655
19549 1994 1997 6 15207 15208 122202 122201 121216 107237
19550 1994 2515 5 15208 15205 118504 121177 122367
19551 1994 1925 5 15205 15207 107236 116452 116454
19552 1997 2515 6 15206 15208 122388 122390 117887 108656
19553 4095 4108 7 15211 15209 15810 81152 81409 81404 81406
19554 6603 6506 7 15212 15213 16867 16865 87692 87641 18350
19555 6153 6506 6 15214 15212 18351 86095 86093 86222
19556 6655 6506 5 15213 15214 86208 86205 18473
19557 3417 3357 6 15216 15217 82372 60055 60054 63406
19558 3357 3636 7 15215 15217 61166 61051 60932 60233 29135
19559 3593 3597 4 15218 15219 80413 80415
19560 3593 3689 5 15219 15220 16477 80454 80414
19561 3525 3689 4 15220 15221 75588 16478
19562 3525 3593 5 15218 15220 16476 80030 80029
19563 3689 3597 5 15219 15221 75586 75609 80271
19564 3408 3376 7 15222 15223 22297 75620 75922 122306 74710
19565 3408 3567 5 15223 15224 75475 75476 22298
19566 3206 3567 5 15224 15225 17551 17554 74715
19567 3206 3376 6 15225 15222 74711 113257 75960 75957
19568 3206 3408 5 15222 15224 23963 23962 74709
19569 3567 3376 6 15223 15225 75916 75897 75877 22299
19570 4091 4151 5 15226 15227 16420 16419 83150
19571 4091 4039 6 15227 15228 16009 20167 20168 83462
19572 4023 4039 6 15228 15229 80896 80894 20886 16011
19573 4023 4091 5 15226 15228 16010 17597 85238
19574 4039 4151 6 15227 15229 83135 83419 83422 83423
19575 3423 3615 7 15230 15231 80307 82924 82922 83591 80091
19576 3423 3320 5 15231 15232 75579 80301 80308
19577 3487 3615 6 15233 15230 80093 83731 83732 83766
19578 3487 3423 5 15230 15232 75580 80284 80092
19579 3320 3615 4 15231 15233 83769 80309
19580 3769 3717 8 15234 15235 80431 80432 80150 17136 17137 80044
19581 3769 3707 5 15235 15236 79115 80153 80154
19582 3500 3707 6 15236 15237 80109 80107 16458 16456
19583 3500 3717 6 15237 15234 80045 80448 80449 80460
19584 3500 3769 3 15234 15236 79116
19585 3707 3717 6 15235 15237 80470 80498 80489 80483
19586 9857 3419 4 15238 15239 101596 23053
19587 9857 6373 7 15239 15240 104722 25371 25372 107801 101595
19588 3690 6373 4 15240 15241 75078 94612
19589 3690 3419 6 15241 15238 23054 21177 21178 75077
19590 3690 9857 6 15238 15240 104723 107431 18742 18744
19591 6373 3419 6 15239 15241 75031 73823 73825 83808
19592 4167 4237 3 15242 15243 64959
19593 4283 4384 6 15244 15245 84121 84583 84366 83797
19594 4283 4468 5 15245 15246 83578 84362 84122
19595 4446 4468 9 15246 15247 84836 70912 70911 74263 84403 84402 83579
19596 4446 4384 3 15247 15244 83798
19597 4446 4283 8 15244 15246 83577 84743 74628 74627 75591 75590
19598 4468 4384 9 15245 15247 84831 84833 84933 84578 84546 83639 83638
19599 3951 3830 3 15249 15250 77599
19600 3947 3830 6 15250 15251 61065 61189 15614 15612
19601 3830 4213 6 15249 15251 15633 15630 61067 61196
19602 4487 4239 5 15253 15254 61202 61446 60174
19603 4487 4439 4 15252 15253 60172 61207
19604 3441 3749 6 15255 15256 83780 83778 84673 83059
19605 3441 3562 5 15256 15257 15980 83843 83844
19606 3585 3562 6 15257 15258 16081 16080 83340 15981
19607 3585 3749 5 15258 15255 83061 82059 82058
19608 3585 3441 7 15255 15257 15979 84053 84091 84032 83060
19609 4665 4449 3 15259 15260 85086
19610 4665 4457 5 15260 15261 74268 83382 85085
19611 4533 4457 3 15261 15262 74269
19612 4533 4449 9 15262 15259 85312 85334 83459 83461 83149 16190 16189
19613 4533 4665 6 15259 15261 16255 16254 17671 17672
19614 4457 4449 5 15260 15262 85176 83482 83479
19615 4238 4367 4 15264 15265 69297 61353
19616 4308 4367 5 15265 15266 56249 80291 69299
19617 4308 4375 6 15266 15263 15584 15583 81469 56247
19618 4308 4238 4 15263 15265 69298 71425
19619 4367 4375 6 15264 15266 56248 67550 82813 61354
19620 3878 3819 7 15267 15268 78161 78163 80417 79673 79638
19621 4168 4121 6 15269 15270 81205 74404 74405 80392
19622 4168 3819 5 15270 15267 79640 79697 81204
19623 4168 3878 4 15267 15269 80063 79639
19624 4121 3819 3 15268 15270 78971
19625 5626 5266 6 15271 15272 85380 16874 16803 16805
19626 5626 5505 6 15272 15273 85633 85634 85638 85381
19627 5328 5505 6 15273 15274 85494 83365 83367 85299
19628 5328 5266 5 15274 15271 16525 16524 85493
19629 5328 5626 5 15271 15273 85636 86013 17121
19630 5505 5266 4 15272 15274 85487 85382
19631 4010 4071 7 15275 15276 16607 81262 15510 15509 78235
19632 4010 3986 3 15276 15277 16608
19633 3820 3986 8 15277 15278 80479 80480 80847 80848 60368 60370
19634 3820 4071 5 15278 15275 80667 80554 80555
19635 3820 4010 4 15275 15277 80626 80623
19636 3986 4071 5 15276 15278 80584 80958 16609
19637 4370 3883 7 15279 15280 84593 18225 18223 84621 84596
19638 3992 3883 6 15281 15279 74370 74368 84530 25195
19639 4501 4323 5 15282 15283 75238 73401 73403
19640 4682 4395 6 15286 15284 74895 75163 77983 75094
19641 4635 4395 5 15285 15286 75093 78158 74946
19642 4571 3926 7 15287 15288 16294 82549 80356 16315 16316
19643 4571 4033 6 15288 15289 16551 84587 84590 16295
19644 4012 3926 5 15290 15287 74583 84338 84321
19645 4012 4571 5 15287 15289 16550 16842 16843
19646 4033 3926 5 15288 15290 84322 84340 16296
19647 4158 4155 7 15291 15292 80832 80862 83608 80780 80778
19648 4158 4205 3 15292 15293 80718
19649 4169 4158 10 15291 15293 80656 80658 80861 80871 80877 71128 71127 80883
19650 3827 3741 4 15295 15296 80098 16301
19651 3870 3741 5 15296 15297 80332 80345 80423
19652 3870 3855 6 15297 15294 73448 18833 18834 80330
19653 3870 3827 4 15294 15296 80450 73447
19654 3741 3855 6 15295 15297 80331 80352 80532 16302
19655 4731 4583 5 15298 15299 74690 74673 74671
19656 4731 4784 5 15299 15300 16480 15346 15345
19657 4565 4784 7 15300 15301 81037 74076 74078 74113 20376
19658 4565 4583 5 15301 15298 74701 78144 81059
19659 4565 4731 5 15298 15300 20375 74776 74700
19660 4784 4583 6 15299 15301 81058 81073 84997 74691
19661 4807 5000 7 15303 15304 77928 77925 77926 18934 18932
19662 4750 5000 4 15304 15305 77778 77791
19663 4750 4768 5 15305 15302 77673 77674 77728
19664 4750 4807 10 15302 15304 77929 72277 72276 73739 77380 77649 77933 77731
19665 5000 4768 9 15303 15305 77777 77744 77739 77384 77386 77920 73742
19666 4695 4621 6 15307 15308 69424 71678 71677 71652
19667 4448 4621 6 15308 15309 17293 17291 60880 60878
19668 4448 4472 5 15309 15306 71680 82804 71463
19669 4448 4695 5 15306 15308 69423 71975 71679
19670 4621 4472 5 15307 15309 71464 68481 68479
19671 3718 3454 5 15310 15311 20169 16800 16802
19672 3761 3454 4 15312 15310 24006 83719
19673 4820 4780 8 15313 15314 74554 84768 85399 85402 85403 85412
19674 4820 4937 5 15314 15315 73111 84653 74555
19675 5203 4937 4 15315 15316 74430 73112
19676 5203 4780 5 15316 15313 71200 71201 83447
19677 4937 4780 5 15314 15316 83446 85055 74556
19678 3099 3285 4 15317 15318 60403 116682
19679 3302 3285 9 15318 15319 60432 22188 22189 60192 60090 60089 60404
19680 3285 2977 6 15317 15319 29061 29060 60781 117250
19681 3183 3292 5 15320 15321 80884 82361 82034
19682 3183 3398 4 15321 15322 82029 80885
19683 3096 3183 7 15320 15322 82030 82031 114270 81949 81951
19684 4286 4280 4 15324 15325 80694 75401
19685 4429 4261 5 15326 15323 16468 73485 15336
19686 4429 4286 5 15323 15325 80698 74592 16467
19687 4280 4261 3 15324 15326 15335
19688 4731 4829 7 15327 15328 16469 16470 74575 73391 73392
19689 4731 5022 4 15328 15329 15346 16479
19690 4872 5022 7 15329 15330 74579 74638 74637 85090 15347
19691 4872 4731 7 15327 15329 15345 74690 74694 74746 74505
19692 5022 4829 6 15328 15330 74578 74676 74675 74689
19693 4281 4133 3 15332 15333 25858
19694 4109 4233 3 15334 15331 80688
19695 4133 4233 8 15332 15334 80702 80701 71384 71383 74533 25859
19696 4082 4429 3 15336 15337 75220
19697 4664 5459 4 15338 15339 76311 96054
19698 5027 4664 3 15338 15340 96055
19699 5266 5315 5 15341 15342 16626 16805 16525
19700 5266 5188 7 16625 15342 15343 84597 85354 85395 -1
19701 5215 5188 5 15343 15344 83191 83190 84599
19702 5215 5315 4 15344 15341 16526 18637
19703 5215 5266 5 15341 15343 84598 85499 16524
19704 5188 5315 7 15342 15344 18242 16521 16520 19824 16627
19705 4784 5022 5 15346 15347 85065 16281 16278
19706 4784 4872 5 15347 15345 74691 84998 85045
19707 4339 4251 5 15348 15349 81243 81128 71364
19708 4166 4260 7 15350 15351 70531 71599 71422 71420 57445
19709 4166 4071 5 15351 15352 81165 80958 70532
19710 4231 4071 5 15352 15353 79774 81262 81174
19711 4231 4260 7 15353 15350 57446 81048 81389 24525 24522
19712 4231 4166 6 15350 15352 81173 81172 81175 57444
19713 4071 4260 5 15351 15353 79773 80440 70533
19714 2247 2561 7 15354 15355 113774 113777 113782 83943 83944
19715 2247 1969 4 15355 15356 113220 113775
19716 2510 1969 5 15356 15357 113310 122429 113221
19717 2510 2561 6 15357 15354 107807 107809 113405 113309
19718 2510 2247 8 15354 15356 113173 113172 80232 80233 112717 112716
19719 1969 2561 7 15355 15357 113252 101142 101141 113384 113399
19720 1230 1175 9 15358 15359 126471 127502 127669 138542 138061 138007 137996
19721 1230 1141 3 15359 15360 25535
19722 1281 1141 10 15360 15361 136324 127422 27058 27056 127397 127204 127207 25537
19723 1281 1175 3 15361 15358 136323
19724 1281 1230 7 15358 15360 25536 34444 127840 127947 137997
19725 1141 1175 5 15359 15361 136322 127656 126472
19726 5989 5632 9 15362 15363 94378 92699 92700 100636 100637 92704 92584
19727 5989 5929 8 15363 15364 92697 94380 85834 71085 71083 86271
19728 5696 5929 5 15364 15365 84464 84463 92698
19729 5696 5632 6 15365 15362 84880 84882 85126 85125
19730 5696 5989 3 15362 15364 92583
19731 5929 5632 4 15363 15365 85129 85673
19732 4518 4521 6 15368 15369 71236 15925 15922 15523
19733 4518 4545 4 15369 15367 71456 71430
19734 4518 4704 7 15367 15368 15522 15870 15872 71524 71513
19735 5242 5229 4 15371 15372 70851 70837
19736 5242 5281 4 15372 15370 70685 70869
19737 5242 5267 7 15370 15371 17153 17150 70477 70810 70684
19738 5497 5570 6 15374 15376 70611 87441 70695 70696
19739 4614 4518 6 15377 15378 71492 71468 15870 15871
19740 4837 4426 3 15379 15380 71367
19741 4837 4518 6 15380 15377 70490 70492 70542 71246
19742 4837 4614 4 15377 15379 71486 71476
19743 4426 4518 8 15378 15380 71366 85392 70247 70246 79629 71493
19744 4568 4414 6 15384 15385 15947 15438 15436 84324
19745 4210 4564 6 15386 15387 75541 75806 75807 16065
19746 4210 4414 5 15387 15384 83406 75503 75504
19747 4210 4568 5 15384 15386 16064 84591 84370
19748 4564 4414 3 15385 15387 75540
19749 3697 3607 5 15388 15389 82566 82283 81657
19750 3697 3737 6 15389 15390 81654 81720 82834 82701
19751 3670 3607 6 15391 15388 81659 61069 61068 81155
19752 3670 3697 7 15388 15390 80903 80902 81584 81583 81658
19753 3737 3607 5 15389 15391 81156 81213 81942
19754 5368 5191 6 15392 15393 70942 16602 16601 15415
19755 5368 5370 5 15393 15394 70949 70950 71027
19756 5359 5370 6 15394 15395 70881 91373 92399 88200
19757 5359 5191 6 15395 15392 15417 73185 73990 70880
19758 5359 5368 6 15392 15394 88199 92456 74008 15416
19759 5374 5377 4 15396 15397 70281 70284
19760 5374 5269 5 15397 15398 17244 17242 72161
19761 5466 5269 7 15398 15399 70809 70640 70638 17188 17186
19762 5466 5377 6 15399 15396 15911 15910 70833 70836
19763 5466 5374 6 15396 15398 18248 69348 69345 70995
19764 5269 5377 4 15397 15399 70835 72188
19765 5103 5308 6 15400 15401 71211 71209 83380 71219
19766 5103 5411 5 15401 15402 15405 15406 71255
19767 5224 5308 5 15403 15400 70735 70734 70962
19768 5224 5103 5 15400 15402 70924 70926 71204
19769 5411 5308 4 15401 15403 70957 70956
19770 5368 5411 7 15406 15407 70943 70942 71027 88281 71256
19771 5368 5012 5 15407 15404 71214 71239 71241
19772 5368 5103 6 15404 15406 71243 71242 74321 71213
19773 5411 5012 3 15405 15407 71220
19774 4864 4614 7 15408 15409 16542 16543 81034 71081 71082
19775 4708 4614 8 15411 15408 68678 68677 71467 80646 71485 70569
19776 4708 4864 3 15408 15410 74185
19777 5014 4614 4 15409 15411 70570 71532
19778 5224 5029 8 15413 15414 70065 70940 70793 70794 70926 18260
19779 5224 5191 9 15414 15412 16602 70785 70784 71008 72273 72079 70063
19780 5224 5014 4 15412 15413 18258 16600
19781 5314 5359 6 15416 15417 73184 73336 70757 70758
19782 5191 5314 4 15415 15417 73183 71203
19783 4917 4840 4 15419 15420 80758 80756
19784 5012 4840 5 15420 15421 16544 16545 71395
19785 5012 5076 5 15421 15418 74223 74225 74279
19786 5012 4917 5 15418 15420 85039 84988 84987
19787 4840 5076 5 15419 15421 74275 71048 71047
19788 6674 7068 8 56209 56212 86281 86190 15422 15423 86147 -1
19789 6674 6758 6 86146 15423 15424 17477 86078 -1
19790 7065 6758 5 15424 15425 21106 21109 17479
19791 7065 7068 8 15425 15422 85881 20347 20348 85978 86197 99913
19792 7065 6674 3 15422 15424 17478
19793 6758 7068 4 15423 15425 100234 86148
19794 3381 3394 5 15426 15427 62736 61733 61734
19795 3381 3464 5 15427 15428 28685 28686 62804
19796 3581 3464 5 15428 15429 60576 62771 59435
19797 3581 3394 7 15429 15426 29638 29640 29750 62679 60575
19798 3581 3381 4 15426 15428 59434 62321
19799 4268 4314 5 15431 15432 72876 71708 59988
19800 4268 4354 4 15432 15430 81376 72875
19801 4268 4402 5 15430 15431 59986 79121 79123
19802 3493 3627 7 15433 15434 78024 78562 78563 79002 78068
19803 3493 3323 6 15434 15435 78056 79058 78925 78025
19804 3498 3493 5 15433 15435 78057 78479 78069
19805 4568 4847 5 15436 15437 24783 84627 84323
19806 4568 4933 6 15437 15438 15826 15827 75702 24784
19807 4414 4933 3 15438 15439 15948
19808 4414 4847 5 15439 15436 80371 80373 84520
19809 4933 4847 5 15437 15439 84525 84522 24785
19810 4904 4722 3 15440 15441 70916
19811 4904 4761 7 15441 15442 70710 85539 85540 85526 85523
19812 4882 4761 4 15442 15443 85231 70711
19813 4882 4722 7 15443 15440 70917 83429 83427 16598 16599
19814 4882 4904 8 15440 15442 70709 71285 71284 71289 70164 70166
19815 4761 4722 5 15441 15443 85339 85225 85222
19816 3566 3313 8 15444 15445 57515 63489 62049 62047 62232 62115
19817 2902 3096 4 15446 15447 82385 82386
19818 2902 3078 6 15447 15448 24353 82012 82011 113424
19819 3091 3078 4 15448 15449 82037 24355
19820 3091 3096 7 15449 15446 81950 81951 82035 71449 71448
19821 3091 2902 6 15446 15448 24354 115292 115291 82988
19822 3078 3096 9 15447 15449 82165 80322 80323 80162 80161 112956 112957
19823 4380 4413 5 15450 15451 81479 81488 81480
19824 4380 4416 7 15451 15452 69455 81210 79734 71802 71803
19825 4717 4416 4 15452 15453 81459 69457
19826 4717 4413 7 15453 15450 81481 81458 81443 81323 81322
19827 4717 4380 4 15450 15452 69456 81467
19828 4416 4413 5 15451 15453 63902 63901 81442
19829 4742 5054 5 15455 15456 60689 70118 69572
19830 4814 5054 4 15456 15457 54869 54871
19831 4814 4934 9 15457 15454 69349 69680 70105 59140 59139 69974 69976
19832 4814 4742 6 15454 15456 60690 61439 61438 69264
19833 5054 4934 6 15455 15457 70012 69600 62435 62434
19834 4874 4787 6 15458 15459 68697 68781 60312 60311
19835 3865 4066 4 15460 15461 61311 60050
19836 4066 4025 4 15460 15462 61247 60052
19837 3902 4179 4 15463 15464 71379 71380
19838 4063 4179 5 15464 15465 81591 81473 81241
19839 4179 4032 6 15463 15465 81544 81545 81551 79608
19840 4432 4418 4 15466 15467 74291 80577
19841 4432 4470 6 15467 15468 79119 81111 80812 74292
19842 4646 4470 4 15468 15469 74820 74822
19843 4646 4418 7 15469 15466 80579 80627 16452 16454 75402
19844 4646 4432 6 15466 15468 78143 78142 80709 80578
19845 4470 4418 6 15467 15469 75403 73077 73079 74293
19846 4113 4349 8 15470 15471 81662 81665 81198 81196 81649 79611
19847 4113 4185 5 15471 15472 80937 81668 81663
19848 4149 4349 4 15473 15470 71707 71706
19849 4185 4349 4 15471 15473 81402 81403
19850 3928 3800 5 15474 15475 71820 80604 78342
19851 3928 3819 5 15475 15476 81236 81264 71821
19852 3808 3819 8 15476 15477 79795 79797 80411 80410 78163 78162
19853 3808 3800 4 15477 15474 77988 77987
19854 3819 3800 5 15475 15477 79706 78252 71822
19855 4438 4509 5 15478 15479 72164 20381 20382
19856 4470 4509 4 15480 15478 73080 73077
19857 4609 4509 5 15479 15480 80649 71923 71922
19858 3211 3225 6 15481 15482 112600 82972 82970 82671
19859 3211 3042 5 112599 15482 15483 82484 -1
19860 3440 3042 4 15483 15484 60030 82486
19861 3440 3225 5 15484 15481 79819 79821 60028
19862 3440 3211 4 15481 15483 82485 82672
19863 3042 3225 6 15482 15484 60029 82928 115377 112601
19864 3810 3781 5 15485 15486 81810 82113 82343
19865 3815 3903 3 15487 15488 78172
19866 3815 3810 8 15485 15487 81255 81776 81775 71512 24179 24178
19867 3903 3781 5 15486 15488 78171 60225 60222
19868 2937 3097 8 15489 15490 118770 80011 79201 79202 118858 16333
19869 2937 2980 6 15490 15491 79991 119926 79172 79170
19870 3107 2980 7 15491 15492 18010 16149 16148 120256 79992
19871 3107 3097 8 15492 15489 16335 82220 80049 80028 75311 75310
19872 3107 2937 3 15489 15491 16334
19873 2980 3097 3 15490 15492 75958
19874 4413 4361 5 15493 15494 63901 81427 81425
19875 4413 4590 5 15494 15495 73120 81322 63902
19876 4492 4590 7 15495 15496 15618 69449 69448 71671 71791
19877 4492 4361 5 15496 15493 71365 61111 15616
19878 4590 4361 5 15494 15496 15617 81399 63903
19879 4302 4231 9 15498 15499 81273 81090 81088 81175 81177 81318 73138
19880 4302 4149 4 15499 15497 81249 81276
19881 4302 4185 5 15497 15498 73137 73450 81248
19882 4242 4316 8 15500 15501 70333 70334 81462 73011 73012 81535
19883 4242 3928 6 15501 15502 73015 73016 71663 71662
19884 4132 3928 9 15502 15503 78640 78638 80617 80603 80604 81233 81231
19885 4132 4316 7 15503 15500 71594 71596 63443 63442 75231
19886 4132 4242 5 15500 15502 81536 81574 81542
19887 3928 4316 4 15501 15503 79552 79551
19888 4548 4436 7 15504 15505 72634 81416 71618 71617 61184
19889 4548 4605 4 15505 15506 73135 72635
19890 4715 4548 6 15504 15506 72410 72412 72793 61183
19891 4053 4184 7 15507 15508 79556 79554 79583 78167 78168
19892 4053 4010 3 15508 15509 78233
19893 4071 4184 5 15510 15507 79495 79773 79774
19894 4071 4053 6 15507 15509 78234 80554 72923 72925
19895 4010 4184 7 15508 15510 81300 81299 81267 67888 67890
19896 4379 4679 4 15512 15513 75118 75443
19897 4379 4775 4 15513 15511 75134 75117
19898 4200 4355 4 15514 15515 81324 81325
19899 4200 4242 7 15515 15516 73144 81532 71948 71949 81438
19900 4466 4242 5 15516 15517 73012 81534 73146
19901 4466 4355 7 15517 15514 81440 81439 81559 81441 73010
19902 4466 4200 4 15514 15516 73145 81209
19903 4242 4355 6 15515 15517 73011 16965 16964 81293
19904 4719 4949 6 15519 15520 70426 69603 69602 70438
19905 4719 4940 5 15520 15518 16881 16880 71014
19906 4518 4552 4 15522 15523 71309 71468
19907 4866 4968 5 15524 15525 72327 72325 68968
19908 5013 4968 6 15525 15526 72100 72099 72710 72687
19909 4330 4234 6 15528 15529 73610 75371 75370 67740
19910 4330 4284 3 15529 15527 73609
19911 4330 4441 8 15527 15528 67739 77581 63733 63735 78290 78187
19912 4866 4698 5 15531 15532 71829 71830 73162
19913 4681 4698 5 15532 15533 74745 56023 56025
19914 4681 4839 6 15533 15530 61360 71601 61175 61174
19915 4681 4866 4 15530 15532 72666 61359
19916 4698 4839 4 15531 15533 73405 73163
19917 5102 5043 6 15534 15535 72424 73683 73670 73546
19918 5199 5060 6 15538 15539 72726 68993 64864 64865
19919 5199 4981 6 15539 15537 68450 72849 72544 72546
19920 3786 3824 4 15540 15541 62478 62202
19921 3647 3824 7 15541 15542 59108 59109 59049 59047 62036
19922 3824 3804 6 15540 15542 62001 61862 61861 62200
19923 4985 4699 5 15545 15543 71978 73050 73142
19924 4802 4699 5 15544 15545 71655 71653 71705
19925 4627 4747 7 15546 15547 71682 71613 69518 69516 70157
19926 4627 4916 6 15547 15548 71563 71564 71696 71697
19927 4865 4627 6 15546 15548 71627 82191 71720 70158
19928 4974 4747 4 15549 15550 70295 70296
19929 4974 4790 4 15550 15551 71880 71796
19930 4984 4790 6 15551 15552 70288 70287 70534 70535
19931 4984 4747 4 15552 15549 70741 71659
19932 4984 4974 4 15549 15551 71887 70740
19933 4790 4747 8 15550 15552 71660 71669 70455 70453 16444 16442
19934 4197 4139 7 15553 15554 73491 72804 72805 73363 64708
19935 4197 3973 7 15554 15555 78181 77665 77586 72945 72943
19936 3911 3973 6 15555 15556 63690 60036 60039 64144
19937 3911 4139 6 15556 15553 64710 64802 78347 79590
19938 3911 4197 4 15553 15555 78182 64709
19939 3973 4139 5 15554 15556 79589 78229 73492
19940 4079 4170 9 15557 15558 68585 68588 60220 60221 71473 80940 80586
19941 4079 4115 4 15558 15559 83195 71764
19942 4044 4170 8 15560 15557 60108 60109 15848 15847 81728 83502
19943 4044 4079 5 15557 15559 83194 81239 80587
19944 4115 4170 5 15558 15560 83501 82899 71765
19945 4997 5136 5 15561 15562 68719 69454 61061
19946 4997 4991 6 15562 15563 69247 69387 69592 68720
19947 4948 4991 6 15563 15564 55570 70062 69580 69248
19948 4948 4997 5 15561 15563 69246 15565 15567
19949 4991 5136 5 15562 15564 55569 70142 68721
19950 4997 4836 7 15565 15566 56124 68722 69595 69387 69257
19951 4997 5028 5 15566 15567 61061 69491 56125
19952 4948 4836 5 15568 15565 69258 69168 69167
19953 5028 4836 4 15566 15568 69213 56126
19954 4068 4247 3 15569 15570 60949
19955 4126 4068 5 15569 15571 60937 60946 60948
19956 3112 3251 3 15572 15573 60431
19957 3112 2977 6 15573 15574 140129 140161 60757 60430
19958 3256 2977 4 15574 15575 60542 140130
19959 3256 3251 8 15575 15572 59156 59120 59122 59192 59193 59508
19960 3256 3112 6 15572 15574 139853 60538 60537 60686
19961 4034 3861 8 15577 15578 61870 62008 61615 61617 61490 61489
19962 3897 4034 3 15576 15578 60970
19963 4177 4025 7 15580 15581 81410 81291 81290 81605 81599
19964 4177 4211 5 15581 15579 61310 71807 79636
19965 4177 4319 7 15579 15580 81564 81326 70504 70506 61308
19966 4375 4448 6 15582 15583 71976 71679 71680 82803
19967 4095 4448 8 15585 15582 82765 71444 71443 81404 80042 80043
19968 4308 4448 4 15583 15585 81113 81112
19969 3777 3948 5 15586 15587 61920 61919 62329
19970 3777 3834 5 15587 15588 42806 42807 62207
19971 4215 3777 5 15586 15588 66845 62403 62401
19972 3834 3948 4 15587 15589 59268 59265
19973 4700 4681 5 15591 15592 71601 73245 81374
19974 4796 4681 5 15592 15593 72355 61359 61360
19975 4796 4640 3 15593 15590 15599
19976 4796 4700 11 15590 15592 71602 71710 73246 73365 73570 72966 72590 68663 15598
19977 4681 4640 6 15591 15593 56024 56023 74743 80720
19978 5883 5709 9 15594 15595 91001 91416 73790 73791 75048 55609 55610
19979 5883 5444 6 15595 15596 72600 72602 91508 91002
19980 5680 5444 8 15596 15597 91297 91324 90872 90873 90135 90134
19981 5680 5709 5 15597 15594 73660 91081 91295
19982 5680 5883 5 15594 15596 16633 16634 73659
19983 4037 3925 5 15601 15602 16527 16530 75617
19984 3758 3925 8 15602 15603 71648 81986 80891 80892 80295 80293
19985 3758 4037 4 15600 15602 80807 80806
19986 3925 3997 3 15601 15603 71647
19987 4282 4607 6 15604 15605 77845 77650 75280 75278
19988 4547 4591 5 15606 15607 72930 72931 75230
19989 4547 4282 4 15604 15606 75229 75321
19990 4447 4476 6 15608 15609 69542 59947 59950 69386
19991 4447 4593 4 15609 15610 59653 69077
19992 4315 4593 5 15610 15611 61696 71622 59655
19993 4315 4476 4 15611 15608 61699 61695
19994 4593 4476 4 15609 15611 61694 69543
19995 3947 3913 3 15612 15613 77598
19996 3798 3913 5 15613 15615 60330 60327 60789
19997 4492 4529 5 15618 15616 60904 60905 71549
19998 5446 5463 6 15619 15620 69574 69573 70125 56513
19999 5697 5660 5 15621 15622 56052 56054 56222
20000 5697 5463 5 15622 15619 56515 67646 67647
20001 5697 5446 7 15619 15621 70135 69277 69276 70136 56514
20002 5660 5463 6 15620 15622 67987 56312 56309 67710
20003 3974 4069 5 15623 15624 59965 59956 59955
20004 3974 4073 5 15624 15625 57430 60157 60105
20005 4483 4073 5 15625 15626 60075 70057 57432
20006 4483 4069 5 15626 15623 59447 59449 60074
20007 4483 3974 5 82743 15623 15625 57431 -1
20008 4073 4069 4 15624 15626 59385 59387
20009 3683 3582 3 15627 15628 82277
20010 3737 3582 11 15628 15629 59967 60112 61091 60129 60128 15869 15867 82403 82278
20011 3582 3529 8 15627 15629 59966 61090 26279 26278 60259 82357
20012 4247 4213 6 15630 15631 61621 61629 61619 61066
20013 3830 3909 4 15632 15633 61065 61190
20014 3830 4247 5 15630 15632 61294 59065 59064
20015 4307 4476 5 15636 15634 69613 69481 69080
20016 4307 4539 5 15634 15635 69485 69596 69619
20017 4644 4542 5 15637 15638 61257 69529 69528
20018 4499 4424 5 15639 15640 61036 61592 69394
20019 4499 4542 9 15640 15637 69282 68590 61650 61648 61558 61491 61035
20020 4499 4644 4 15637 15639 69393 69538
20021 4540 4574 6 15641 15642 61381 67909 67908 68438
20022 4540 4555 5 15642 15643 68469 68468 61382
20023 4815 4555 4 15643 15644 65192 65193
20024 4815 4574 5 15644 15641 68470 68624 67937
20025 618 749 6 15645 15646 27757 27758 29257 130905
20026 618 610 9 15646 15647 127383 143430 141526 131056 131054 130915 130916
20027 788 610 6 15647 15648 127140 131182 142641 127384
20028 788 749 5 15648 15645 126813 126815 127138
20029 788 618 4 15645 15647 24285 24287
20030 610 749 3 15646 15648 127139
20031 4053 4268 7 15649 15650 79583 78225 71664 70335 70336
20032 4053 4230 6 15650 15651 80613 79658 78169 78167
20033 4450 4268 5 15652 15649 63836 63835 80622
20034 4450 4053 7 15649 15651 81284 80762 78639 78641 79550
20035 4230 4268 6 15650 15652 79124 79123 81376 80439
20036 3608 3766 6 15653 15654 73541 79818 79625 79627
20037 3608 3840 4 15654 15655 75382 73540
20038 3800 3840 7 15655 15656 79186 79185 81356 78342 77988
20039 3800 3766 3 15656 15653 79749
20040 3840 3766 7 15654 15656 79205 79204 78453 78454 73542
20041 3403 3205 3 15659 15657 80076
20042 3425 3373 9 15660 15661 79530 79539 79515 79516 79523 15747 15746
20043 3425 3043 4 15661 15662 15717 15718
20044 3182 3043 4 15662 15663 63869 61212
20045 3182 3425 5 15660 15662 61211 78894 25634
20046 3043 3373 7 15661 15663 63868 78915 78899 78898 78974
20047 4068 3929 5 15664 15665 57518 57519 60964
20048 3856 3929 4 15667 15664 60966 60967
20049 3856 4068 8 15664 15666 60954 60947 60946 61710 60884 60883
20050 3885 3929 7 15665 15667 60988 60940 60687 60317 60318
20051 3110 3248 7 15668 15669 29065 60406 63215 62974 60130
20052 3110 3099 6 15669 15670 60478 63203 119006 29066
20053 3302 3110 3 15668 15670 60131
20054 3279 3532 6 15671 15672 57516 57517 63196 62764
20055 3635 3532 8 15672 15673 63470 79490 63853 63850 63492 63332
20056 3532 3417 4 15671 15673 61332 61333
20057 3837 3787 5 15674 15675 61094 60502 60503
20058 3881 3786 6 15676 15677 62123 62180 61017 61015
20059 3881 3787 3 15677 15674 62121
20060 3881 3837 5 15674 15676 62373 62372 63317
20061 3786 3787 7 15675 15677 62122 62492 61013 61012 61095
20062 2994 3402 5 15678 15679 84394 113103 107915
20063 2994 3062 6 15679 15680 113166 101851 101854 84395
20064 3595 3062 4 15680 15681 16342 84443
20065 3595 2994 6 15678 15680 101867 101866 113141 107916
20066 3062 3402 5 15679 15681 16341 113126 84396
20067 2769 2761 4 15683 15684 136949 137111
20068 3054 2761 4 15684 15685 62598 135860
20069 3054 2931 10 15685 15682 132478 63059 63061 137243 137248 63069 63068 62596
20070 3054 2769 4 15682 15684 133385 133334
20071 3811 4045 3 15686 15687 60386
20072 3811 3979 8 15687 15688 61117 63106 63130 63128 61261 61259
20073 4011 3979 4 15688 15689 61452 61118
20074 4011 4045 6 15689 15686 60387 61286 60962 60963
20075 3253 3464 5 15691 15692 28102 28103 28531
20076 3253 3329 6 15692 15690 24896 29649 62729 28512
20077 3253 3430 4 15690 15691 62566 24895
20078 2884 2708 5 15693 15694 135818 64240 64141
20079 2884 2928 8 15694 15695 133387 133424 133425 64223 64221 135552
20080 2917 2928 5 15695 15696 62755 62754 64241
20081 2917 2708 5 15696 15693 64143 132320 132319
20082 2917 2884 3 15693 15695 64142
20083 2928 2708 6 15694 15696 132802 132801 131944 131945
20084 3593 3500 4 15697 15698 80073 80448
20085 3492 3445 6 15699 15700 80078 80079 80189 80031
20086 3492 3500 5 15700 15697 80449 80163 80090
20087 3492 3593 5 15697 15699 80030 75252 75251
20088 3445 3500 7 15698 15700 80089 80179 74825 74824 74831
20089 3164 3414 6 15701 15702 79860 79861 24327 24330
20090 3164 3400 7 15702 15703 79182 63338 63339 79909 80018
20091 3481 3414 6 15704 15701 63181 63183 63335 80015
20092 3481 3164 3 15701 15703 79763
20093 3400 3414 3 15702 15704 80020
20094 3215 3228 3 15705 15706 77989
20095 3215 3038 5 15706 15707 118804 79974 79957
20096 3280 3038 5 15707 15708 75240 79941 118107
20097 3280 3215 8 15705 15707 118803 118893 78035 78034 79759 77990
20098 3517 3357 6 15709 15710 81212 60933 60233 15772
20099 3517 3050 7 15710 15711 60886 61058 61059 79580 79581
20100 3302 3517 5 15709 15711 60089 60088 15771
20101 924 865 10 15712 15713 126031 126032 128413 128391 128392 129753 129694 126263
20102 924 747 7 15713 15714 26652 123774 27545 27543 128459
20103 687 747 8 15714 15715 28699 28700 128367 124667 124668 26653
20104 687 865 5 15715 15712 26564 26566 127758
20105 687 924 5 15712 15714 26651 128365 126264
20106 747 865 3 15713 15715 127759
20107 3425 3095 4 15716 15717 61211 25201
20108 3456 3043 5 15718 15719 79218 78976 78974
20109 3456 3095 6 15719 15716 25203 79311 79313 79319
20110 3456 3425 8 15716 15718 79530 79540 79514 79461 79460 25202
20111 3043 3095 6 15717 15719 79229 25145 25147 61212
20112 3348 3571 5 15720 15721 75832 80468 79926
20113 3403 3571 6 15721 15722 24281 75347 77975 75834
20114 3571 3413 7 15720 15722 24280 80013 78033 78031 79927
20115 2459 2484 10 15723 15724 116134 26361 26355 26358 115299 115297 116100 115702
20116 2459 2526 4 15724 15725 114160 114161
20117 2728 2526 6 15725 15726 115438 115362 115296 115294
20118 2728 2484 7 15726 15723 115704 115899 115898 79944 79943
20119 2728 2459 4 15723 15725 115553 115703
20120 2526 2484 4 15724 15726 116140 116135
20121 1342 1246 9 15727 15728 139252 139254 138666 138663 138664 124602 124600
20122 1342 1381 7 15728 15729 124878 139172 139173 138944 138945
20123 1227 1381 6 15729 15730 127720 127938 128082 124879
20124 1227 1246 8 15730 15727 124748 125544 124771 124770 128110 127719
20125 1227 1342 3 15727 15729 124747
20126 1381 1246 4 15728 15730 26750 26747
20127 3757 4003 4 15731 15732 73846 73847
20128 3733 4003 8 15732 15733 16202 80190 80106 75737 75739 75188
20129 4003 3743 7 15731 15733 16201 75613 75612 80379 79151
20130 3733 3597 6 15734 15735 75253 75254 80413 80271
20131 3733 3694 5 15735 15736 24283 83330 80374
20132 3634 3694 7 15736 15737 75304 83776 80281 80282 24284
20133 3634 3597 8 15737 15734 75609 75610 80364 80366 75606 75302
20134 3634 3733 6 15734 15736 24282 80274 80401 80272
20135 3694 3597 3 15735 15737 75303
20136 3717 4082 4 15739 15740 80432 80504
20137 3944 4082 10 15740 15741 75990 75386 75387 75408 75368 75366 75399 75398
20138 3944 3872 3 15741 15738 16451
20139 3944 3717 5 15738 15740 80431 80483 16450
20140 4082 3872 5 15739 15741 80455 80488 80501
20141 3453 3270 3 15742 15743 24318
20142 3400 3444 6 15750 15748 79395 79533 79535 79536
20143 3400 3295 4 15748 15749 79182 79183
20144 3657 3455 4 15751 15752 61518 61517
20145 4008 4251 7 15755 15756 70344 81153 81151 81671 81252
20146 4008 4188 6 15756 15754 50715 50717 81813 70343
20147 4008 4185 4 15754 15755 81250 81085
20148 1076 1140 8 15757 15758 137749 138537 138540 131038 131039 136502
20149 1076 1195 5 15758 15759 137639 138136 137750
20150 1068 1195 5 15759 15760 138005 138219 137640
20151 1068 1140 4 15760 15757 126961 126963
20152 1068 1076 4 15757 15759 136659 136503
20153 1195 1140 5 15758 15760 136624 136623 137607
20154 3658 3576 6 15761 15762 79370 78357 78360 78447
20155 3658 3662 5 15762 15763 78015 77938 77941
20156 3448 3662 4 15763 15764 79511 79512
20157 3448 3576 5 15764 15761 25497 25498 79456
20158 3448 3658 5 15761 15763 79347 79346 78446
20159 3662 3576 7 15762 15764 78909 78019 78018 78433 78432
20160 3649 3517 7 15765 15766 60691 60088 60087 61050 61078
20161 3708 3918 7 15767 15768 71310 80484 74706 74708 80286
20162 3708 3967 3 15768 15769 71311
20163 3845 3967 8 15769 15770 81884 81101 81100 40921 40924 81743
20164 3845 3918 3 15770 15767 80287
20165 3845 3708 8 15767 15769 81779 81778 82666 82642 82638 80285
20166 3967 3918 7 15768 15770 81727 81726 68600 68601 71312
20167 3517 3731 5 15771 15772 60234 60881 60691
20168 9938 9445 4 15774 15775 23269 106403
20169 9938 9887 6 15775 15776 104762 104761 104786 23270
20170 9843 9887 5 15776 15777 22709 94853 94856
20171 9843 9445 7 15777 15774 104821 104820 94033 94032 22708
20172 9843 9938 5 15774 15776 108228 108231 107385
20173 3216 3016 4 15780 15778 61789 60651
20174 3216 3176 5 15778 15779 59678 60454 62338
20175 3457 3161 5 15782 15783 28701 28702 63133
20176 3189 3161 6 15783 15784 28780 63260 28705 28704
20177 3189 3200 3 15784 15781 28779
20178 3189 3457 5 15781 15783 63056 64019 63947
20179 3161 3200 9 15782 15784 28778 136891 119197 29822 29824 63401 63399
20180 1060 1259 4 15785 15786 127194 127601
20181 1060 1153 6 15786 15787 127467 127468 127332 127195
20182 1141 1153 5 15787 15788 127533 127406 127407
20183 1141 1259 7 15788 15785 127656 138646 127422 30073 30070
20184 1141 1060 6 15785 15787 127466 25537 25535 126472
20185 1153 1259 6 15786 15788 127531 127408 127304 127196
20186 11445 11476 5 15789 15790 109386 109384 111316
20187 11445 11543 6 15790 15791 108687 108688 111258 111259
20188 11298 11543 4 15791 15792 101759 101756
20189 11298 11476 6 15792 15789 109460 109461 109475 109451
20190 11298 11445 5 15789 15791 111320 111321 111317
20191 11543 11476 4 15790 15792 108603 108602
20192 3166 3317 6 15793 15794 81946 61576 61577 82047
20193 3078 3317 4 15794 15795 80162 80878
20194 10536 10058 7 15796 15797 48942 134009 150205 151230 151199
20195 10536 7259 5 15797 15798 131862 151266 48943
20196 6568 7259 8 15798 15799 151224 32627 32626 48946 48948 131864
20197 6568 10058 5 15799 15796 151200 48828 48827
20198 6568 10536 4 15796 15798 131863 134052
20199 7259 10058 3 15797 15799 48944
20200 2511 2367 6 15800 15801 116364 118589 80260 80258
20201 2511 2698 7 15801 15802 80046 80048 118387 115086 115084
20202 2669 2698 9 15802 15803 118302 116104 116090 82497 82495 24022 24021
20203 2669 2367 4 15803 15800 84981 84982
20204 2669 2511 3 15800 15802 82936
20205 2698 2367 7 15801 15803 29801 29803 118582 118563 116365
20206 2911 2952 7 15804 15805 139435 119098 119097 119072 119071
20207 2911 3173 5 15805 15806 82118 115614 115615
20208 3234 3173 6 15806 15807 82295 82294 82296 82119
20209 3234 2952 5 15807 15804 119114 116035 116016
20210 3234 2911 7 15804 15806 82117 115651 79178 79175 119125
20211 3173 2952 5 15805 15807 115836 115838 138918
20212 4008 4095 6 15809 15810 81153 82727 81672 81641
20213 4008 4108 5 15810 15808 81412 81411 81151
20214 4008 3951 3 15808 15809 81640
20215 2274 2080 4 15811 15812 139286 116808
20216 2274 2277 5 15812 15813 116705 116706 128038
20217 2045 2277 6 15813 15814 115931 114357 114356 116816
20218 2045 2274 4 15811 15813 116815 116807
20219 2277 2080 4 15812 15814 116762 136348
20220 3139 3052 5 15815 15816 81955 81954 28722
20221 3139 3170 8 15816 15817 82413 82409 82410 15834 15837 82491
20222 3076 3170 4 15817 15818 115453 82415
20223 3076 3052 5 15818 15815 28723 113912 113913
20224 3076 3139 7 15815 15817 82414 82411 82407 24128 24125
20225 3170 3052 6 15816 15818 29851 29852 60101 60102
20226 3565 3080 3 15819 15820 61088
20227 3170 3080 10 15820 15821 82394 82395 114864 61060 61057 81888 60257 60258
20228 3080 3042 7 82457 61089 15819 15821 82396 114897 -1
20229 3307 3274 6 15822 15823 82280 59728 59727 81885
20230 3307 3350 5 15823 15824 15890 81876 82045
20231 3599 3350 5 15824 15825 81683 59920 15891
20232 3599 3274 6 15825 15822 81886 82326 81758 81682
20233 3350 3274 7 15823 15825 23790 23792 61226 82049 82345
20234 4512 4564 7 15828 15829 16118 16119 75699 75541 75540
20235 4512 4933 6 15829 15826 15948 84525 75173 75174
20236 4512 4568 3 15826 15828 15947
20237 2743 10955 7 15830 15831 102141 113363 102203 102204 118725
20238 2743 9451 3 15831 15832 102142
20239 11685 9451 7 15832 15833 107749 107751 107879 107823 107822
20240 11685 10955 4 15833 15830 118727 107877
20241 11685 2743 9 15830 15832 101839 101809 101136 101135 101900 122282 118726
20242 9451 10955 6 15831 15833 101856 101245 101244 102143
20243 3476 3139 3 15834 15835 81875
20244 3476 3307 5 15835 15836 81750 15889 15890
20245 3170 3307 5 15836 15837 82492 82391 81751
20246 3170 3476 9 15834 15836 81749 82392 81888 81887 81266 81265 82535
20247 3307 3139 7 15835 15837 82460 82433 81800 81802 81876
20248 3637 3852 6 15838 15839 80931 15936 15934 74707
20249 3637 3960 6 15839 15840 81807 71510 71511 80932
20250 3918 3960 6 15840 15841 81576 81861 80485 80484
20251 3918 3852 8 15841 15838 74708 80300 80299 81724 81608 81575
20252 3918 3637 3 15838 15840 74706
20253 3960 3852 4 15839 15841 60367 60369
20254 3924 3660 7 15842 15843 81900 83144 83217 83285 83080
20255 3924 3568 4 15843 15844 16217 16215
20256 3538 3568 7 15844 15845 81889 81890 83012 83127 83129
20257 3538 3660 7 15845 15842 83082 83207 83213 83212 83215
20258 3538 3924 4 15842 15844 83268 83081
20259 3568 3660 4 15843 15845 83093 81901
20260 4170 4390 4 15846 15847 60016 60017
20261 4173 4044 6 15848 15849 80548 16613 16614 70850
20262 4173 4390 4 15849 15846 71446 80839
20263 4173 4170 4 15846 15848 70849 71445
20264 4044 4390 7 15847 15849 80838 80056 80058 83499 81729
20265 2800 2710 6 15850 15851 112884 114279 116032 29519
20266 2824 2710 5 15852 15850 29521 115820 115805
20267 2826 2710 6 15851 15852 115806 115676 82920 82917
20268 5029 4805 3 15853 15854 17193
20269 3065 3336 10 15855 15856 83709 83938 84095 84023 84024 113715 16322 16323
20270 3118 3336 3 15857 15855 83114
20271 3562 3336 8 15856 15857 83894 83693 83692 15981 15980 83710
20272 3039 3320 6 15858 15859 15862 15863 79839 24130
20273 3039 3451 6 15859 15860 76772 83763 83888 79255
20274 3389 3451 7 15860 15861 83221 75607 16345 16346 75748
20275 3389 3039 4 15858 15860 24147 24129
20276 3451 3320 4 15859 15861 83219 79256
20277 3039 3141 4 15863 15864 80205 113710
20278 3273 3141 6 15864 15865 82080 83022 113171 80206
20279 3273 3320 7 15865 15862 79256 83348 80309 80308 82079
20280 3273 3039 8 15862 15864 80204 118619 113617 83892 83889 79255
20281 3141 3320 7 15863 15865 82043 24175 24174 80821 82199
20282 3981 3737 6 15866 15867 82401 71605 71606 59954
20283 3981 3582 7 82700 82698 82402 15867 15868 71461 -1
20284 3974 3582 3 15868 15869 60151
20285 3974 3981 6 82743 59955 15866 15868 71462 -1
20286 4788 4518 4 15871 15872 70489 70490
20287 4170 4293 7 15873 15874 82697 80940 29842 29843 81537
20288 4366 4279 7 15875 15876 70464 71353 70998 70996 71332
20289 4366 4293 7 15876 15873 18861 18863 71235 71459 70463
20290 4366 4170 3 15873 15875 71450
20291 4279 4293 3 15874 15876 70462
20292 4515 4443 6 15877 15878 85316 71224 71225 16704
20293 4515 4761 6 15878 15879 85349 85340 85225 85224
20294 4409 4761 3 15879 15880 82286
20295 4409 4443 7 15880 15877 16705 70479 71355 71316 71318
20296 4409 4515 5 15877 15879 85353 85279 16703
20297 4761 4443 6 15878 15880 81508 81507 85536 85319
20298 939 182 5 113476 15881 15882 114049 -1
20299 939 1280 9 15882 15883 112741 112739 113570 113572 113490 113491 113768
20300 540 1280 6 15883 15884 114063 112759 102070 102069
20301 540 182 7 15884 15881 112695 112675 102241 102238 114062
20302 540 939 5 15881 15883 112731 112733 113163
20303 1280 182 3 15882 15884 114050
20304 4419 4373 7 15885 15886 71300 71298 70393 70394 81070
20305 4419 4205 5 15886 15887 81068 81109 80755
20306 4432 4205 5 15887 15888 79756 15986 15987
20307 4432 4373 6 15888 15885 80714 80711 80657 80659
20308 4205 4373 6 15886 15888 80719 80718 78257 78259
20309 3476 3350 6 15890 15891 59919 81400 82535 81875
20310 3599 3476 5 15889 15891 59918 82630 82572
20311 4949 4923 3 15892 15893 70536
20312 4949 4790 6 15893 15894 69602 70317 70318 70534
20313 4929 4790 6 15894 15895 54987 71451 82889 69604
20314 4929 4923 6 15895 15892 70537 70603 70423 54986
20315 4929 4949 6 15892 15894 69603 17227 17224 70194
20316 4790 4923 5 15893 15895 54985 70279 70287
20317 5662 5710 3 15896 15897 18377
20318 5589 5710 8 15897 15898 70974 70972 71120 88261 92547 18378
20319 5710 5700 5 15896 15898 85776 85419 85416
20320 3535 3212 4 15899 15900 81913 81795
20321 3535 3501 9 15900 15901 79163 79164 80899 82347 78322 78323 79884
20322 3250 3501 6 15901 15902 81200 82209 82122 81918
20323 3250 3535 5 15899 15901 24161 24160 80942
20324 3903 3913 3 15905 15906 15909
20325 3903 3951 8 15903 15905 15908 24259 81640 24256 24255 80217
20326 3913 3794 6 15904 15906 81637 81496 60328 60327
20327 3951 3932 3 15907 15908 24258
20328 3913 3932 6 15909 15907 60049 81347 81484 81637
20329 3903 3932 5 15908 15909 79744 79745 24260
20330 5377 5526 8 15911 15912 17175 70770 72102 72115 70283 70284
20331 5519 5377 4 15910 15912 17176 56251
20332 6962 7174 7 15913 15914 56981 56980 56468 56469 56979
20333 6962 6983 5 15914 15915 56640 56971 56972
20334 7392 6962 9 15913 15915 56639 35867 35869 41094 56465 56464 56978
20335 7369 7402 6 15916 15917 89551 89550 98409 19732
20336 7369 7307 5 15917 15918 89905 87982 87981
20337 7336 7307 7 15918 15919 90039 89824 36950 36949 89800
20338 7336 7402 5 15919 15916 19734 52394 52392
20339 7336 7369 6 15916 15918 89906 90015 98500 19733
20340 7307 7402 6 15917 15919 90040 89671 89670 90118
20341 4438 4267 4 15920 15921 80296 81378
20342 4386 4521 3 15922 15923 71308
20343 4386 4293 9 15923 15924 18861 81537 81115 80737 80736 71536 71538
20344 4518 4293 3 15924 15925 18863
20345 4518 4386 7 15922 15924 18862 79628 71493 71492 71309
20346 4293 4521 8 15923 15925 71235 71458 70429 70430 71326 71325
20347 3538 3619 4 15928 15926 83013 83127
20348 3431 3619 5 15927 15928 83120 83021 83020
20349 2714 2812 5 15929 15930 113448 113419 101683
20350 2714 4417 5 15930 15931 84059 83922 83920
20351 11737 4417 5 15931 15932 81793 100829 100830
20352 11737 2812 4 15932 15929 101684 81792
20353 11737 2714 4 15929 15931 113592 101682
20354 4417 2812 4 15930 15932 81791 113426
20355 3540 3637 9 15933 15934 80126 80124 82088 82100 80197 80198 82086
20356 3540 3852 7 15934 15935 81879 83201 80312 80310 82002
20357 3930 3852 9 15935 15936 81838 81609 81608 80976 15977 15978 81880
20358 3930 3637 3 15936 15933 81912
20359 3930 3540 6 15933 15935 81878 82028 82078 82085
20360 3849 3718 4 15937 15938 16800 16362
20361 3849 3431 9 15938 15939 81910 16242 16241 23832 23830 16187 16185
20362 3814 3849 5 15937 15939 24024 16107 16109
20363 5372 5288 5 15940 15941 85484 85344 85347
20364 5372 5390 5 15941 15942 85308 85567 85497
20365 5250 5390 4 15942 15943 70700 85081
20366 5250 5288 5 15943 15940 85198 80968 70698
20367 5390 5288 5 15941 15943 70699 84642 84644
20368 4564 4086 6 15944 15946 75782 75807 16038 16037
20369 4414 4512 7 15947 15948 84520 75548 75502 75504 75540
20370 4144 4083 7 15949 15950 80643 80679 80680 80837 16474
20371 4431 4286 6 15951 15952 75392 75393 75395 80065
20372 4431 4144 3 15949 15951 16473
20373 2826 2988 6 15953 15954 79646 82187 115547 79410
20374 2826 3083 6 15954 15955 82115 115397 79573 79574
20375 2806 3083 4 15955 15956 24274 82116
20376 2806 2988 8 15956 15953 79412 81961 115194 115328 83175 24272
20377 2806 2826 5 15953 15955 60912 60914 79411
20378 3083 2988 7 15954 15956 24273 114327 114326 61151 61150
20379 3689 3654 6 15957 15958 75586 75588 80426 75817
20380 3689 3634 4 15958 15959 80272 75609
20381 3673 3634 8 15959 15960 63353 80279 80282 24848 24851 80401
20382 3673 3654 6 15960 15957 75818 80784 80456 63352
20383 3673 3689 5 15957 15959 80402 16125 16122
20384 8180 8041 5 15962 15963 98792 99001 98959
20385 8110 8041 5 15963 15964 93028 98343 98342
20386 8041 8253 6 15962 15964 86627 86625 99026 98960
20387 10665 10253 6 15965 15966 18662 18660 21529 21531
20388 10665 10552 5 15966 15967 23819 23077 23078
20389 10362 10552 4 15967 15968 18721 23820
20390 10362 10253 5 15968 15965 20194 20191 18720
20391 10362 10665 4 15965 15967 21253 21254
20392 10552 10253 6 15966 15968 18719 23725 23724 101164
20393 3695 3656 7 15970 15971 82937 25215 25216 82051 82052
20394 3273 3695 4 15969 15971 83323 16006
20395 4194 4417 4 15973 15974 84062 82863
20396 5915 3705 3 15975 15972 16194
20397 5915 4194 10 15972 15974 84061 20693 20692 20231 20233 84266 84336 80898
20398 3997 3852 4 15976 15977 80975 83507
20399 3852 3744 7 15976 15978 82872 83201 81703 80362 80361
20400 3336 3441 6 15979 15980 83893 83938 84096 84052
20401 3585 3336 5 15979 15981 83796 81011 81010
20402 5715 5662 6 15982 15983 84509 100601 92554 84871
20403 5715 6100 4 15983 15984 90803 84508
20404 6021 5662 5 15985 15982 84873 92544 85004
20405 6021 5715 6 15982 15984 85291 74238 74240 84872
20406 6100 5662 5 15983 15985 85003 85617 84510
20407 4263 4256 7 15988 15989 80735 80631 78538 78537 80435
20408 4263 4205 3 15989 15986 79758
20409 4263 4432 6 15986 15988 74292 74291 80721 79757
20410 4256 4205 8 15987 15989 80549 80551 80911 80915 81107 81068
20411 3880 3641 5 15990 15991 75936 84379 75724
20412 3880 3883 4 15991 15992 84593 75937
20413 3805 3883 5 15992 15993 83621 18226 18225
20414 3805 3641 7 15993 15990 22671 22673 75700 75793 75790
20415 3883 3641 6 15991 15993 84519 83990 76049 75938
20416 4332 4154 8 15994 15995 16220 20326 16856 16855 76337 16622
20417 4004 3939 7 15996 15997 81187 81188 81320 61231 61230
20418 4004 4154 5 15997 15994 16624 79667 83154
20419 4004 4332 4 15994 15996 81862 16623
20420 3939 4154 3 15995 15997 16221
20421 6910 6845 6 15998 15999 18066 18069 18596 18594
20422 6910 7088 9 15999 16000 18828 85621 20553 20551 100376 100178 100176
20423 7026 7088 7 16000 16001 85786 100192 92848 92849 18830
20424 7026 6845 6 16001 15998 85703 99788 85911 85785
20425 7026 6910 4 15998 16000 18829 85702
20426 7088 6845 4 15999 16001 85784 100316
20427 2357 2346 12 16002 16003 63970 63971 120483 19016 19017 79367 120397 25778 25779 120816
20428 2357 1869 4 16003 16004 120810 120275
20429 2115 1869 9 16004 16005 28523 120338 121056 120413 120414 121762 120823
20430 2115 2346 7 16005 16002 78734 23179 23181 120581 28522
20431 2115 2357 4 16002 16004 120772 120774
20432 1869 2346 6 16003 16005 28521 120024 22317 22319
20433 3273 3615 7 16008 16006 83324 80307 80309 83562 83564
20434 3562 3615 5 16007 16008 83744 81006 80953
20435 4091 3980 4 16009 16010 17596 83656
20436 4039 3980 6 16011 16009 83659 83441 83294 20884
20437 4023 3980 4 16010 16011 20885 17598
20438 3849 4042 9 16012 16013 81910 24024 18816 18818 83243 83263 -1
20439 3849 3660 3 16013 16014 16242
20440 3714 4042 5 16498 16497 16015 16012 -1
20441 3714 3849 5 16012 16014 16241 83148 -1
20442 3660 4042 5 16013 16015 83285 83298 83244
20443 5756 6702 5 16016 16017 83969 92150 85271
20444 5756 5556 10 99829 99830 83927 83928 85156 85154 83970 16017 16018 -1
20445 7645 5556 4 16018 16019 99828 -1
20446 7645 6702 7 16019 16016 85273 20964 20965 18533 18535
20447 7645 5756 4 85272 16016 16018 -1
20448 5556 6702 7 16017 16019 99827 99600 99602 100406 83971
20449 7980 8600 6 16020 16021 18485 18483 99777 74924
20450 7980 8439 11 16021 16022 83707 94403 94404 100620 20630 20629 93383 20569 20570
20451 8538 8439 3 16022 16023 83708
20452 8538 8600 9 16023 16020 74926 86145 99953 21165 20674 20672 76473
20453 8538 7980 5 16020 16022 83706 75664 74925
20454 8439 8600 4 16021 16023 100657 93485
20455 5362 5266 6 16024 16025 85485 85487 85493 85499
20456 5362 5235 6 16025 16026 70704 70702 71188 71186
20457 5106 5235 5 16026 16027 85355 85017 74246
20458 5106 5266 4 16027 16024 84598 84597
20459 5106 5362 8 16024 16026 74245 85414 85482 85492 85495 85501
20460 5235 5266 7 16025 16027 85354 85394 85531 85438 85436
20461 3894 4099 8 16028 16029 82515 83036 83676 16516 16517 83514
20462 3894 4039 4 16029 16030 83071 82516
20463 3863 4039 7 16030 16031 83441 83024 83025 83437 83425
20464 3863 4099 4 16031 16028 83547 83658
20465 3863 3894 8 16028 16030 83424 83755 83362 82053 80564 80566
20466 4039 4099 7 16029 16031 83659 20167 20166 83669 82517
20467 7267 7415 6 16032 16033 89703 89704 90675 90634
20468 7216 7360 6 16034 16035 89907 89908 90042 90045
20469 7216 7415 3 16035 16032 89932
20470 7216 7267 7 16032 16034 87886 87883 87766 87767 90635
20471 7360 7415 7 16033 16035 89739 47381 47380 89730 89729
20472 4086 3805 6 16038 16036 75725 84375 84376 83837
20473 4086 3880 4 16036 16037 75437 75436
20474 3810 4008 8 16039 16040 81803 81813 82735 80992 80993 81756
20475 4054 3960 5 16041 16042 71562 71561 81230
20476 4054 4008 9 16042 16039 81582 81195 81194 81252 81250 71273 71275
20477 4054 3810 5 16039 16041 81774 81776 81777
20478 3960 4008 3 16040 16042 81060
20479 5689 5183 5 16043 16044 91454 92070 75634
20480 5689 5167 5 16044 16045 74373 84851 84854
20481 5404 5167 4 16045 16046 73685 73686
20482 5404 5183 4 16046 16043 74597 74596
20483 5404 5689 7 16043 16045 73814 16389 16388 74585 75635
20484 5167 5183 7 16044 16046 74472 74469 75030 74417 74418
20485 7730 3674 4 16047 16048 95921 93204
20486 7730 3100 5 16048 16049 106380 96326 95920
20487 5523 3100 3 16049 16050 106381
20488 5523 3674 6 16050 16047 76945 76857 76859 121972
20489 5523 7730 6 16047 16049 106379 95576 21955 21957
20490 3100 3674 8 16048 16050 106622 76950 68611 68610 72705 95922
20491 4775 4646 5 16052 16053 74480 74372 74371
20492 4431 4646 9 16053 16054 74672 74674 80709 80726 75395 74783 74782
20493 4431 4679 8 16054 16051 72916 74917 74422 74421 74748 74747
20494 4431 4775 4 16051 16053 73469 72915
20495 4646 4679 3 16052 16054 74655
20496 3037 3005 7 16055 16056 76047 24741 24744 83963 107808
20497 3066 3005 5 16057 16055 113391 101868 75769
20498 3871 3005 4 16056 16057 75768 76048
20499 7872 7682 6 16061 16062 18105 90191 90139 18460
20500 7828 7682 4 16062 16063 89743 18106
20501 7828 7617 5 16063 16060 19629 90385 89742
20502 7682 7617 7 16061 16063 89741 88737 88739 86679 18461
20503 4210 3805 7 16064 16065 83837 84136 84135 84384 84383
20504 4627 4549 6 16067 16068 71563 71627 82192 70457
20505 4643 4549 5 16068 16069 69460 69534 69741
20506 4643 4472 4 16069 16066 68481 69458
20507 4643 4627 5 16066 16068 71564 71685 68480
20508 4549 4472 6 16067 16069 69459 70424 60159 60161
20509 2752 3135 5 16070 16071 120272 118824 82203
20510 2752 3047 8 16071 16072 76093 118600 120242 120290 118318 118317
20511 3205 3047 8 16072 16073 76325 76326 79726 80095 80086 76094
20512 3205 3135 9 16073 16070 82205 80032 76039 76040 76104 76106 80118
20513 3205 2752 5 16070 16072 76092 118601 82204
20514 3047 3135 6 16071 16073 80119 80148 122486 120273
20515 3257 3048 6 16074 16075 16098 16099 80214 83023
20516 3257 3141 5 16075 16076 82040 82063 79378
20517 3203 3141 6 16076 16077 113108 113109 83022 82041
20518 3203 3048 6 16077 16074 83003 24132 24133 114147
20519 3203 3257 6 16074 16076 80859 80858 80315 80317
20520 3141 3048 5 16075 16077 63966 63965 79379
20521 3389 3122 4 16078 16079 24129 24148
20522 3619 3894 4 16082 16083 83671 83603
20523 3619 3585 4 16083 16080 83341 83718
20524 3619 3562 4 16080 16082 83291 83292
20525 3894 3585 7 16081 16083 83716 20441 20438 82061 82058
20526 2458 2470 8 16084 16085 118369 118886 118253 117946 117948 80112
20527 2458 2588 5 16085 16086 118815 118867 118370
20528 2318 2588 4 16086 16087 118674 118675
20529 2318 2458 6 16084 16086 118816 118819 118817 80113
20530 2588 2470 5 16085 16087 118735 24439 24441
20531 3853 4018 7 16088 16089 80798 25929 25930 80375 75592
20532 3817 3758 6 16090 16091 80805 80806 80973 80971
20533 3817 4018 5 16091 16088 75594 80987 80977
20534 3817 3853 6 16088 16090 83332 80082 80081 75593
20535 3758 4018 5 16089 16091 80397 80399 80799
20536 3706 3686 5 16092 16093 59794 59555 58801
20537 2454 2646 5 16094 16095 16639 16640 83940
20538 2137 2273 5 16096 16097 114247 76042 76043
20539 2137 2646 6 16097 16094 80241 80238 75414 75416
20540 2273 2646 5 16095 16097 113410 113409 84348
20541 3257 3091 6 16099 16100 20223 20224 80946 80215
20542 3183 3091 4 16100 16101 81951 82034
20543 3183 3048 5 16101 16098 79379 82273 81949
20544 3183 3257 5 16098 16100 82361 83019 79378
20545 3091 3048 7 16099 16101 81950 82988 115349 113735 80216
20546 2737 2552 10 16102 16103 29755 140515 140422 136983 136984 140676 140678 140377
20547 2737 2855 6 16103 16104 59874 29701 29699 29756
20548 2739 2855 8 16104 16105 114400 115590 115589 115470 58100 58097
20549 2739 2552 6 16105 16102 140379 140489 140488 114398
20550 2855 2552 4 16103 16105 114399 29757
20551 3980 3849 3 16106 16107 18816
20552 3980 3814 6 16107 16108 16500 20884 20885 24023
20553 3884 3814 4 16108 16109 16363 16502
20554 3884 3849 8 16109 16106 18818 83242 84034 83279 16801 16362
20555 3884 3980 5 16106 16108 16501 83542 18817
20556 2103 2088 8 16110 16111 119632 119633 119506 119471 119402 119404
20557 2126 2060 9 16112 16113 119083 117478 117479 24315 24314 117285 117287
20558 2126 2088 4 16113 16110 119466 119081
20559 2126 2103 3 16110 16112 119640
20560 2060 2088 3 16111 16113 119082
20561 4856 5364 3 16114 16115 74797
20562 4856 5037 6 16115 16116 75061 75011 75013 74798
20563 4957 5037 7 16116 16117 73821 73822 74936 74937 75166
20564 4957 5364 7 16117 16114 75010 75009 74893 74892 74923
20565 4808 4655 7 16120 16121 22676 75767 75510 74665 72948
20566 4808 4512 4 16118 16120 72946 75174
20567 4655 4564 3 16119 16121 22674
20568 3870 3689 7 16122 16123 80221 80219 79644 79645 75817
20569 3870 3908 5 16123 16124 74741 74742 80354
20570 3673 3908 9 16124 16125 80400 24851 24849 75560 80537 80853 80769
20571 3673 3870 4 16122 16124 80768 75818
20572 3908 3689 4 16123 16125 80369 80355
20573 1001 1544 4 16126 16127 108811 122572
20574 1838 794 7 16128 16129 107501 121367 121084 121082 121913
20575 1838 1544 5 16129 16126 107785 107787 107499
20576 1838 1001 6 16126 16128 122271 122211 122212 122686
20577 794 1544 5 16127 16129 107500 113354 108812
20578 3454 3075 6 16130 16131 80794 80230 80228 82026
20579 3273 3203 5 16132 16133 83926 83022 81991
20580 3273 3075 4 16133 16130 83910 83925
20581 2814 2273 3 16134 16135 113409
20582 2814 2510 6 16135 16136 118477 76120 76121 76334
20583 2886 2510 4 16136 16137 80233 113719
20584 2886 2814 6 16134 16136 115392 82512 72797 72796
20585 2510 2273 6 16135 16137 80232 113178 114247 113410
20586 3698 3878 5 16138 16139 79938 80408 71295
20587 3808 3827 4 16140 16141 80410 79937
20588 3808 3878 4 16141 16138 71297 78163
20589 3808 3698 6 16138 16140 79936 80177 73085 71296
20590 1794 2208 4 16142 16143 23428 23429
20591 1794 1962 4 16143 16144 25727 25726
20592 1986 1962 8 16144 16145 25018 118880 118881 118916 118915 119060
20593 1986 1794 9 16142 16144 120356 120355 121236 120405 118775 118776 119445
20594 2987 3095 8 16146 16147 118835 119019 119023 118860 118861 119918
20595 2987 3107 6 16147 16148 120255 119001 115410 115411
20596 2980 3095 7 16149 16146 119920 120246 79127 79095 18009
20597 2980 2987 4 16146 16148 120238 119919
20598 3107 3095 6 16147 16149 18008 78112 63340 63337
20599 1610 1224 4 16150 16151 120345 120907
20600 1610 1648 3 16151 16152 25649
20601 1932 1648 4 16152 16153 76830 25651
20602 1932 1224 8 16153 16150 120908 122091 107705 107706 122127 76828
20603 1932 1610 6 16150 16152 25650 120081 22587 22588
20604 1648 1224 7 16151 16153 76829 76958 107725 122066 120346
20605 9302 9348 6 16154 16155 101791 101846 107333 22282
20606 9302 8919 4 16155 16156 22610 22611
20607 9492 8919 5 16156 16157 84834 74297 74296
20608 9492 9348 7 16157 16154 22283 18718 18717 101551 101553
20609 9492 9302 5 16154 16156 25857 25854 22281
20610 8919 9348 7 16155 16157 101719 101056 22214 22213 100473
20611 1457 1534 9 16158 16159 124742 124910 124914 124926 118156 118157 117060
20612 1457 1619 5 16159 16160 124779 124856 124743
20613 1665 1619 6 16160 16161 117095 117030 117031 118043
20614 1665 1534 6 16161 16158 114527 114525 116973 117083
20615 1665 1457 4 16158 16160 112864 112866
20616 1619 1534 6 16159 16161 117094 117575 124821 124744
20617 1849 1863 8 16162 16163 141354 141355 141470 141471 27523 27522
20618 1849 1584 4 16163 16164 141467 141466
20619 1499 1584 8 16164 16165 138104 28640 28642 137913 137914 138488
20620 1499 1863 4 16165 16162 132567 141534
20621 1499 1849 5 16162 16164 141507 29238 29237
20622 1584 1863 6 16163 16165 141584 59481 59480 141469
20623 996 1177 6 16166 16167 27918 114368 125287 125262
20624 996 1024 6 16167 16168 111108 124698 124699 27919
20625 1165 1024 6 16168 16169 124807 124435 124432 111110
20626 1165 1177 4 16169 16166 124909 124806
20627 1165 996 5 16166 16168 111109 125259 125261
20628 1024 1177 6 16167 16169 118153 118152 117015 27920
20629 4042 3924 5 16170 16171 16497 83285 83297
20630 331 11503 7 16173 16174 23021 101987 23038 23039 83689
20631 331 11703 6 16174 16175 20790 20789 102062 23022
20632 11387 11703 7 16175 16176 102067 101975 101974 84069 84066
20633 11387 11503 7 16176 16173 83691 102211 102285 102310 102305
20634 11387 331 4 16173 16175 112035 83690
20635 11703 11503 5 16174 16176 102306 102307 23023
20636 2247 2738 8 16177 16178 80267 113280 76001 76002 84307 84310
20637 2247 3003 8 16178 16179 113612 83950 83945 83943 113781 80268
20638 3051 2738 7 16180 16177 112658 80037 80036 83914 83911
20639 3051 2247 3 16177 16179 112657
20640 3003 2738 3 16178 16180 80269
20641 2875 2784 7 16181 16182 24131 115918 82490 82488 114301
20642 2875 3203 5 16182 16183 114309 83002 24132
20643 3075 2784 5 16184 16181 114303 114154 114153
20644 3075 2875 3 16181 16183 114302
20645 3203 2784 4 16182 16184 114183 24133
20646 3849 3454 5 16185 16186 80996 16801 16800
20647 3849 3239 3 16186 16187 80995
20648 3431 3239 5 16187 16188 80795 82526 83765
20649 3431 3454 6 16188 16185 20169 83020 82064 80794
20650 3239 3454 5 16186 16188 80230 80227 80997
20651 4449 4091 4 16190 16191 16418 16419
20652 4412 4091 6 16191 16192 83636 81017 81018 83465
20653 4412 4533 6 16192 16189 74269 16255 16257 83376
20654 4412 4449 4 16189 16191 85173 85176
20655 4091 4533 5 16190 16192 85239 85238 83150
20656 4876 5915 6 16194 16195 101382 84359 84337 80898
20657 4876 4417 4 16195 16193 20775 101381
20658 4876 3705 7 16193 16194 80897 84233 84014 83951 20774
20659 5151 5133 4 16197 16198 70322 70323
20660 4988 5133 4 16198 16199 70043 70045
20661 4988 5229 3 16199 16196 70398
20662 5133 5229 7 16197 16199 70036 70035 70559 69338 69340
20663 4003 3643 3 16201 16202 80329
20664 5319 5481 6 16204 16205 82981 84930 100607 84914
20665 5348 5481 6 16205 16206 84944 18848 18846 70960
20666 5348 5159 6 16206 16203 16357 84945 83449 83450
20667 5348 5319 3 16203 16205 16356
20668 5481 5159 4 16204 16206 84723 84725
20669 3518 3300 6 16207 16208 25247 84284 122457 75730
20670 3518 3715 5 16208 16209 83824 83855 25248
20671 3643 3715 6 16209 16210 80984 80983 83724 83826
20672 3643 3300 5 16210 16207 75732 83725 83727
20673 3643 3518 7 16207 16209 83825 83868 83857 83856 75731
20674 3715 3300 5 16208 16210 83827 83823 25249
20675 5618 5879 9 16211 16212 71084 84893 84896 100457 100458 100847 100848
20676 5618 5929 5 16212 16213 84911 85007 71083
20677 6407 5929 5 16213 16214 85834 100740 84913
20678 6407 5618 4 16211 16213 84912 100935
20679 5929 5879 3 16212 16214 71085
20680 3924 3784 6 16215 16216 81867 59951 59952 81900
20681 3924 3729 6 16216 16217 83268 83269 83270 83051
20682 3568 3729 7 16217 16218 81140 83351 83675 83128 83129
20683 3568 3784 5 16218 16215 81901 82074 81138
20684 3729 3784 6 16216 16218 81139 83527 60869 60871
20685 3924 4332 3 16219 16220 83083
20686 3924 4154 7 16220 16221 83154 83274 83275 16247 16249
20687 3726 3961 4 16223 16224 83161 59953
20688 3726 3844 4 16224 16222 81960 83160
20689 3726 3924 5 16222 16223 59952 83144 81959
20690 6006 6181 6 16225 16226 87799 87797 88053 87397
20691 6006 5932 7 16226 16227 17746 17745 87237 87539 87537
20692 6219 6006 4 16225 16227 87536 87396
20693 5932 6181 4 16226 16228 85351 85352
20694 4099 4165 6 16229 16230 83660 82517 82515 83037
20695 4099 4345 6 16230 16231 81016 20165 20166 83661
20696 4295 4345 6 16231 16232 83313 83445 83385 83315
20697 4295 4165 4 16232 16229 83629 83312
20698 4295 4099 8 16229 16231 83314 83655 83666 83673 83676 83662
20699 4345 4165 4 16230 16232 83121 83123
20700 9781 9813 6 16233 16234 108029 108026 108021 108022
20701 9781 10061 9 16234 16235 94605 94606 108019 94161 18653 18651 102475
20702 10442 10061 8 16235 16236 101482 107677 84775 84774 23292 23289
20703 10442 9813 5 16236 16233 105284 105283 101481
20704 10442 9781 7 16233 16235 108015 101795 101794 108012 108025
20705 10061 9813 4 16234 16236 101480 107840
20706 5889 5656 6 16238 16239 92396 92397 92526 91290
20707 5710 5656 6 16239 16240 17101 17100 88261 92548
20708 5710 5889 5 16237 16239 20103 20105 88380
20709 5656 5674 6 16238 16240 74114 87512 87513 91291
20710 3641 3037 8 16244 16245 25404 25405 76049 76046 76047 75965
20711 3316 3037 5 16245 16246 84413 84299 84249
20712 3316 3518 7 16246 16243 83711 25248 25247 84285 84412
20713 3316 3641 4 16243 16245 79652 79651
20714 3037 3518 3 16244 16246 75967
20715 4154 4023 3 16248 16249 20326
20716 4596 5188 8 85209 82663 82664 85470 16250 16251 72958 -1
20717 4596 4972 7 72959 16251 16252 83142 20456 20457 -1
20718 4581 4972 7 16252 16253 85453 85217 17771 17768 83166
20719 4581 5188 3 16253 16250 85452
20720 4972 5188 5 16251 16253 70641 70643 72960
20721 4665 4412 6 16255 16256 83456 83454 83383 74268
20722 4596 4412 5 16256 16257 83377 19969 19970
20723 4596 4665 8 16254 16256 75556 75555 85472 82664 82661 70762
20724 5233 5592 8 16258 16259 20829 20827 74632 74630 92534 84561
20725 5233 5449 3 16259 16260 84674
20726 5428 5449 6 16260 16261 93299 16391 16393 24857
20727 5428 5592 6 16261 16258 73815 73813 74074 93979
20728 5449 5592 7 16259 16261 16653 16654 92577 94264 84675
20729 4937 4625 10 16262 16263 74337 85044 85049 84654 74555 74556 85046 74262
20730 4937 5018 8 16263 16264 22475 22473 74247 85062 85094 74338
20731 4446 5018 8 16264 16265 70912 84862 84260 84258 20472 20471
20732 4446 4625 3 16265 16262 70911
20733 4446 4937 4 16262 16264 74468 74263
20734 5018 4625 4 16263 16265 70910 74339
20735 1428 1294 6 16266 16267 114003 118118 114516 114514
20736 1428 1510 6 16267 16268 118227 118228 118260 114004
20737 1150 1510 7 16268 16269 80223 80224 113000 118145 118147
20738 1150 1294 5 16269 16266 116370 113119 113121
20739 1150 1428 4 16266 16268 118195 117236
20740 1510 1294 5 16267 16269 113067 113066 114005
20741 8157 8207 4 16270 16271 37242 98933
20742 8157 8218 8 16271 16272 52439 52440 98926 98943 21408 21406
20743 7797 8218 3 16272 16273 55588
20744 7797 8207 5 16273 16270 86765 86767 99041
20745 7797 8157 8 16270 16272 55587 19999 19998 32974 86579 86578
20746 8218 8207 6 16271 16273 99043 17549 17550 37243
20747 5207 5288 6 16274 16275 85361 85346 85344 85205
20748 5207 5190 4 16275 16276 71230 85342
20749 5369 5190 6 16276 16277 70971 70799 70729 70728
20750 5369 5288 5 16277 16274 84643 84642 85333
20751 5369 5207 4 16274 16276 71229 85206
20752 5190 5288 6 16275 16277 80969 80968 85199 85362
20753 4987 5022 8 16278 16279 71007 71005 74154 74156 74689 16479
20754 4987 4871 4 16279 16280 74124 73852
20755 4784 4871 7 16280 16281 85066 85074 74186 74188 74125
20756 4784 4987 5 16278 16280 74112 20376 16480
20757 4871 5022 4 16279 16281 85064 73853
20758 4785 5016 5 16282 16283 74317 74316 74344
20759 4785 4673 5 16283 16284 75479 75480 85035
20760 4859 5016 4 16285 16282 74345 84605
20761 4859 4785 4 16282 16284 20195 20197
20762 4673 5016 6 16283 16285 74181 74180 85058 85082
20763 11770 32 7 16286 16287 128639 144070 144069 114569 30464
20764 11770 117 7 16287 16288 144076 126533 126531 110751 110750
20765 66 117 6 16288 16289 125781 125782 143662 144078
20766 66 32 5 16289 16286 30466 143705 126250
20767 66 11770 5 16286 16288 144077 143653 30465
20768 117 32 6 16287 16289 126251 131032 33839 33840
20769 4850 4811 6 16290 16291 81122 81106 73760 71125
20770 4850 4863 7 16291 16292 18155 73992 74080 81105 81121
20771 4863 4811 5 16291 16293 19028 74079 81123
20772 4571 4117 4 16294 16295 84655 84144
20773 4033 4117 4 16295 16296 75445 75446
20774 4117 3926 5 16294 16296 84666 84636 84145
20775 8074 8444 3 16298 16299 19289
20776 8214 8444 7 16299 16300 18142 18144 18929 18928 19291
20777 8214 8257 5 16300 16297 48203 48518 48519
20778 8214 8074 7 16297 16299 19290 48207 48204 19278 19280
20779 8444 8257 9 16298 16300 96856 96562 48713 48357 33059 33061 48219
20780 3741 3665 6 16301 16302 80556 80419 80418 80099
20781 3715 3623 7 16304 16305 74408 83855 74484 74483 76051
20782 3715 4022 4 16305 16303 75001 74406
20783 3715 3978 8 16303 16304 76050 84393 75483 75481 23958 23960
20784 9579 9519 4 16306 16307 99975 99976
20785 9579 9530 4 16307 16308 23846 23844
20786 10023 9530 6 16308 16309 99983 99980 101455 101454
20787 10023 9519 5 16309 16306 101572 99673 99672
20788 10023 9579 5 16306 16308 101733 18683 18682
20789 9530 9519 9 16307 16309 100006 100005 21244 21243 101327 101329 102412
20790 5106 4935 5 16310 16311 83255 85017 85208
20791 5106 4722 7 16311 16312 17389 17390 85230 85228 83256
20792 4596 4722 5 16312 16313 70565 70567 70762
20793 4596 4935 6 85318 85317 16313 16310 85209 -1
20794 4596 5106 4 16310 16312 82661 82663
20795 4722 4935 7 16311 16313 85223 85222 70916 70917 83257
20796 4571 4656 6 16314 16315 80357 84680 74399 74400
20797 4304 3926 4 16316 16317 74446 74583
20798 4304 4656 6 16317 16314 74517 84236 84235 74445
20799 3926 4656 5 16315 16317 20695 20694 80358
20800 4898 4725 6 16318 16319 85194 84566 84564 85882
20801 5571 4344 4 16320 16321 84219 83316
20802 5571 4725 5 16321 16318 85883 84217 84216
20803 5571 4898 4 16318 16320 17587 17584
20804 4344 4725 6 16319 16321 84015 20873 20875 84191
20805 3065 3023 10 16323 16324 113712 113651 101412 101411 113765 113669 83936 83113
20806 3239 3023 5 16324 16325 82929 23870 23871
20807 3239 3336 7 16325 16322 113714 20802 20801 80227 80229
20808 3239 3065 3 16322 16324 113711
20809 3023 3336 7 16323 16325 82025 23992 23991 83894 83114
20810 9988 10423 6 16327 16328 101483 101336 101335 101557
20811 9988 10847 5 16328 16326 101385 101452 101544
20812 9988 10656 7 16326 16327 101207 101205 101650 101568 101383
20813 883 952 5 16329 16330 127086 24518 24516
20814 883 789 6 16330 16331 26793 26794 127326 127087
20815 698 789 5 16331 16332 125529 127210 126470
20816 698 883 4 16329 16331 126469 143307
20817 789 952 4 16330 16332 114759 114761
20818 2849 2937 7 16333 16334 79991 118979 118423 118411 118410
20819 2849 3107 8 16334 16335 80001 80002 116055 119001 120257 79992
20820 3097 2849 3 16333 16335 82219
20821 11651 11490 5 16336 16337 22523 22526 110856
20822 11651 11868 6 16337 16338 124221 106819 106817 110973
20823 11641 11868 5 16338 16339 109433 109434 123671
20824 11641 11490 7 16339 16336 108258 108255 31223 31224 109540
20825 11641 11651 6 16336 16338 124224 110993 110995 110996
20826 11868 11490 4 16337 16339 109603 124553
20827 3402 3262 6 16340 16341 113127 113358 84486 83788
20828 3062 3262 7 16341 16342 84444 84460 113394 113258 113128
20829 3262 3595 7 16340 16342 84305 84304 84514 83871 83789
20830 3597 3445 6 16343 16344 75254 80415 75584 71044
20831 3597 3451 5 16344 16345 75302 75303 75253
20832 3389 3445 3 16346 16343 71045
20833 5968 5859 8 16347 16348 86000 86015 85687 85548 85503 84501
20834 5968 5663 6 85999 16348 16349 70644 70647 -1
20835 5682 5663 5 16349 16350 83288 85507 85506
20836 5682 5859 5 16350 16347 84503 85384 83286
20837 5682 5968 5 16347 16349 17341 17342 84502
20838 5663 5859 4 16348 16350 83287 85847
20839 5441 5282 5 16351 16352 70555 70553 17297
20840 5597 5633 5 16353 16354 17197 70364 71433
20841 5597 5282 6 16354 16351 17299 72109 56235 17195
20842 5597 5441 6 16351 16353 70692 17090 17089 17298
20843 5633 5282 3 16352 16354 17196
20844 5322 5348 7 16356 16357 84002 84001 84616 70959 70960
20845 5322 5159 4 16357 16355 85091 84946
20846 5322 5319 7 16355 16356 82981 81001 81000 84792 85093
20847 10195 10027 4 16358 16359 99682 99680
20848 10103 10397 5 16360 16361 22795 93484 93482
20849 10103 10195 5 16358 16360 101554 101588 101584
20850 10397 10027 6 16359 16361 22793 102397 99877 99879
20851 3884 3718 4 16363 16362 16802 24005
20852 5026 5075 6 16364 16365 84652 73339 73337 84761
20853 5026 5035 4 16365 16366 83434 83436
20854 5279 5026 9 16364 16366 84820 84821 75242 75243 92657 85130 84762
20855 7301 7502 3 16367 16368 87001
20856 7275 7393 5 16369 16370 47731 89763 20603
20857 7275 7502 9 16370 16367 90366 89849 89848 88629 88626 89767 47729
20858 7275 7301 8 16367 16369 18262 18261 37141 88408 88409 89984
20859 7393 7502 7 16368 16370 47730 90246 86549 86547 87003
20860 5727 5487 5 16371 16372 70440 70441 85735
20861 5727 5710 8 16372 16373 85419 85418 85806 17942 17940 85624
20862 3547 3847 7 16376 16377 79048 79006 78580 78581 78998
20863 3547 3367 4 16377 16378 75266 75265
20864 3240 3367 7 16378 16379 75202 76095 24852 24854 76445
20865 3240 3847 3 16379 16376 75201
20866 3743 3776 8 16380 16381 80326 75611 75612 75301 75299 16457
20867 3776 3500 5 16380 16382 80168 80152 16458
20868 7356 7499 7 16383 16384 100146 100270 87046 87044 99762
20869 7356 7241 4 16384 16385 86255 86253
20870 7375 7241 5 16385 16386 16894 18447 18445
20871 7375 7499 3 16386 16383 16893
20872 7375 7356 6 16383 16385 100284 100283 100129 99761
20873 7241 7499 6 16384 16386 16892 87666 87864 92712
20874 5689 5696 4 16387 16388 74584 92280
20875 5592 5404 6 16389 16390 85138 85136 84561 73815
20876 5592 5696 6 16390 16387 92281 92512 85126 85128
20877 5592 5689 5 16387 16389 73813 74073 84614
20878 5404 5696 5 16388 16390 92509 74971 74586
20879 5355 5428 3 16391 16392 92448
20880 4931 5090 6 16394 16395 74682 74663 74664 74861
20881 4931 4900 5 16395 16396 75648 74730 74728
20882 5009 4900 6 16396 16397 75065 75063 75041 75043
20883 5009 5090 4 16397 16394 74601 74603
20884 4900 5090 10 16395 16397 75625 19085 19084 75642 75640 74486 74488 74899
20885 6354 6634 5 16398 16399 56293 51914 51913
20886 6354 6253 6 16399 16400 53684 56044 56245 56246
20887 6751 6253 7 16400 16401 55962 52944 52945 55731 53685
20888 6751 6634 8 16401 16398 55472 55473 55929 55863 55864 55961
20889 6751 6354 3 16398 16400 53683
20890 6253 6634 3 16399 16401 55960
20891 4003 4082 5 16403 16404 80083 75396 75399
20892 4412 4028 5 16405 16406 83225 83227 83181
20893 4412 4295 4 16406 16407 83315 83314
20894 4582 4295 6 16407 16408 20444 75037 75034 83385
20895 4582 4028 3 16408 16405 20443
20896 4582 4412 7 16405 16407 83384 83457 83456 19970 19972
20897 4245 4428 6 16409 16410 83572 83438 83439 85240
20898 4245 4186 6 16410 16411 70448 81851 81850 83550
20899 4426 4186 4 16411 16412 71140 70450
20900 4426 4428 6 16412 16409 85241 20746 20748 71138
20901 4426 4245 4 16409 16411 70449 85193
20902 4186 4428 7 16410 16412 71139 24007 24009 83586 83573
20903 4440 4446 7 16413 16414 75590 83798 84836 84862 84333
20904 4847 4346 3 16415 16416 84568
20905 4847 4446 6 16416 16413 73767 73766 74367 83471
20906 4847 4440 6 16413 16415 84828 84342 75723 75721
20907 4346 4446 7 16414 16416 84567 84752 75487 75489 75591
20908 4449 4357 8 16417 16418 85173 83482 83480 83497 80395 80396
20909 4151 4357 6 16420 16417 74235 74236 83421 83423
20910 4151 4449 5 16417 16419 83149 85108 85107
20911 4091 4357 5 16418 16420 83462 83463 83465
20912 7332 7539 6 16421 16422 52633 88958 88956 90396
20913 7270 7539 3 16423 16421 90109
20914 4785 4780 7 16425 16426 74210 74618 85106 85069 85055
20915 4785 4651 6 16426 16424 74317 85035 85034 74209
20916 4785 5098 6 16424 16425 85054 85142 85144 74316
20917 5905 6418 6 16427 16428 92442 92440 92441 92529
20918 5905 6097 9 16428 16429 92468 92519 88347 88348 88835 92095 92443
20919 5961 6097 3 16429 16430 90656
20920 5961 6418 5 16430 16427 92491 19596 19598
20921 5961 5905 6 16427 16429 73955 73952 88276 88275
20922 6097 6418 6 16428 16430 90655 77861 77860 86226
20923 5269 4893 5 16433 16431 70975 55891 55893
20924 5269 5029 4 16431 16432 18252 70940
20925 4428 4352 4 16434 16435 71138 71139
20926 4369 4471 5 16436 16437 80349 80350 80731
20927 4369 4352 6 16437 16434 74653 81043 81045 81044
20928 4369 4428 4 16434 16436 24008 24007
20929 4471 4352 5 16435 16437 80980 80981 79862
20930 6402 6387 5 16438 16439 70773 87502 87503
20931 6402 6431 6 16439 16440 87649 87642 87440 70774
20932 6219 6431 4 16440 16441 85689 85691
20933 6219 6387 7 16441 16438 87561 88192 88194 88186 88036
20934 6431 6387 4 16439 16441 85614 70775
20935 4790 4813 5 16442 16443 71634 71656 71796
20936 7400 7388 4 16445 16446 97211 86926
20937 7400 7397 7 16446 16447 89720 88706 17463 17461 97234
20938 7230 7397 4 16447 16448 86604 86603
20939 7230 7388 5 16448 16445 86886 86885 86842
20940 7230 7400 5 16445 16447 89482 86907 86906
20941 7397 7388 7 16446 16448 86409 17351 17353 52615 52614
20942 3858 3717 6 16449 16450 80489 80512 80442 79147
20943 3858 3944 5 16450 16451 75990 75991 80490
20944 3872 3858 8 16449 16451 80455 80474 79806 79804 80072 79148
20945 4418 4744 4 16453 16454 80660 76242
20946 4646 4744 7 16454 16455 74805 74577 74576 74777 74823
20947 4646 4620 5 16455 16452 75394 74783 74781
20948 3743 3707 3 16456 16457 79115
20949 3776 3707 5 16457 16458 24626 24629 80153
20950 4543 4513 6 16459 16460 70649 80741 80739 80817
20951 4684 4614 7 16461 16462 73167 71465 68677 68675 71081
20952 4684 4513 5 16462 16459 81024 81023 81126
20953 4684 4543 4 16459 16461 81035 81042
20954 4614 4513 7 16460 16462 81125 81095 81094 80796 70650
20955 4829 4809 6 16463 16464 74677 74678 73393 73392
20956 4965 4809 5 16464 16465 74232 74231 74355
20957 4809 4872 5 16463 16465 74504 74542 74505
20958 4620 4429 6 16467 16468 73486 75132 74101 74102
20959 4620 4286 7 16466 16467 74593 75296 80421 75394 75393
20960 4731 5006 3 16470 16471 74749
20961 4987 4829 3 16472 16469 74689
20962 4987 4731 6 16469 16471 74804 20375 16480 16479
20963 5006 4829 5 16470 16472 74675 73729 73727
20964 4431 4281 6 16475 16473 80065 80726 80738 80874
20965 4083 4281 3 16474 16475 80873
20966 3692 3593 5 16476 16477 74688 74687 75252
20967 3692 3689 5 16477 16478 80426 79645 79643
20968 3525 3692 6 16476 16478 80416 80382 80380 80441
20969 4444 4439 4 16481 16482 71782 73102
20970 4473 4444 6 16481 16483 73046 73096 79772 81340
20971 5323 5310 5 16485 16486 73771 16781 16782
20972 5323 5022 5 16486 16487 74154 73800 73799
20973 5006 5022 6 16487 16488 74032 74410 74675 74156
20974 5006 5310 4 16488 16485 74353 74031
20975 5006 5323 5 16485 16487 74155 74324 74343
20976 5022 5310 4 16486 16488 74030 74325
20977 4245 4357 6 16489 16490 83421 82593 82592 83439
20978 4245 4039 7 16490 16491 83575 82774 82775 83451 83422
20979 4253 4039 7 16491 16492 83418 83669 83524 83525 83557
20980 4253 4357 6 16492 16489 71343 71344 83415 83416
20981 4253 4245 4 16489 16491 83574 83438
20982 4039 4357 5 16490 16492 83417 83462 83423
20983 6024 6040 6 16493 16494 70600 70599 87593 87591
20984 6024 5724 3 16494 16495 88533
20985 5937 5724 9 16495 16496 18037 18038 87392 87393 87478 87548 88542
20986 5937 6040 3 16496 16493 87663
20987 5937 6024 7 16493 16495 88544 71123 71124 86105 86104
20988 5724 6040 5 16494 16496 87662 72029 72026
20989 3939 3714 6 16498 16499 70400 83172 83171 -1
20990 3714 3924 5 16497 16499 70399 81959 83217
20991 3980 3761 5 16500 16501 83672 83440 83294
20992 3884 3761 7 16501 16502 24005 24006 83717 83515 83516
20993 3761 3814 5 16500 16502 81849 83097 83130
20994 7274 6985 4 16503 16504 86045 86046
20995 7274 7109 4 16504 16505 17582 87081
20996 7327 7109 5 16505 16506 87944 91457 17583
20997 7327 6985 5 16506 16503 87899 87952 87943
20998 7327 7274 7 16503 16505 17581 99096 86230 86229 87898
20999 7109 6985 6 16504 16506 86174 86173 85972 85971
21000 6960 7075 10 16508 16509 94748 94749 95863 95537 95538 95901 95129 95130
21001 6960 6802 3 16509 16510 95109
21002 6981 6802 10 16510 16511 76361 76360 95623 17456 17453 23850 94838 94877
21003 6981 7075 4 16511 16508 94471 94470
21004 6981 6960 5 16508 16510 95832 96037 95885
21005 6802 7075 6 16509 16511 95706 95644 94937 94938
21006 3300 3241 5 16512 16513 83764 83762 75448
21007 3300 3445 5 16513 16514 80265 83725 83726
21008 3135 3445 5 16514 16515 76040 80179 80180
21009 3135 3241 7 16515 16512 75450 114211 76023 76025 76039
21010 3135 3300 4 16512 16514 80266 75449
21011 3445 3241 9 16513 16515 75432 75431 80189 75585 71044 71045 75747
21012 3894 3884 5 16517 16518 20440 20441 83515
21013 4153 4099 3 16519 16516 83673
21014 4153 3894 7 16516 16518 75459 82061 82060 83522 83678
21015 3884 4099 7 16517 16519 83666 81012 81014 83542 83516
21016 5315 5475 7 16521 16522 85237 85251 86010 85307 18241
21017 5549 5188 5 16523 16520 84009 70643 16682
21018 5549 5315 3 16520 16522 84008
21019 5475 5188 4 16521 16523 16681 18243
21020 5315 5328 6 16525 16526 18636 83295 86011 17121
21021 4127 4037 7 16527 16528 83549 83558 83143 80804 80807
21022 4127 4186 6 16528 16529 83568 83585 83573 83550
21023 3925 4186 5 16529 16530 75618 80100 80811
21024 3925 4127 7 16527 16529 83569 83570 83618 80294 80293
21025 4820 4625 8 16531 16532 84720 84769 74554 74555 83407 83408
21026 4820 4756 7 16532 16533 83388 83483 80849 18514 18515
21027 4867 4756 7 16533 16534 71215 71218 80753 80759 80757
21028 4867 4625 6 16534 16531 84993 85073 85043 85042
21029 4867 4820 5 16531 16533 83389 84658 84659
21030 4756 4625 3 16532 16534 84721
21031 5264 4571 5 16537 16535 84680 84681 84824
21032 5264 4336 5 16535 16536 84495 84213 84215
21033 5305 5517 4 16538 16539 72340 70665
21034 5305 5470 8 16539 16540 70970 70969 72168 72339 72335 72336
21035 5321 5470 4 16540 16541 69070 69069
21036 5321 5517 8 16541 16538 70667 71960 72170 72413 72320 72265
21037 5321 5305 6 16538 16540 70743 70745 70763 70666
21038 5470 5517 4 16539 16541 72266 72280
21039 4864 4840 7 16543 16544 74275 74260 74261 74267 80823
21040 5012 4614 5 16545 16542 71532 71469 71393
21041 5012 4864 5 16542 16544 74279 74280 74207
21042 4840 4614 4 16543 16545 71394 80830
21043 2547 3220 7 16546 16547 23972 23975 84238 84239 113304
21044 2547 3030 7 16547 16548 113403 113406 83965 25821 25819
21045 3005 3030 7 16548 16549 83795 24743 24744 83964 113404
21046 3005 3220 7 16549 16546 107753 84461 84306 84283 83794
21047 3005 2547 4 16546 16548 113253 113254
21048 3030 3220 6 16547 16549 83793 23668 23667 122318
21049 4305 4033 6 16551 16552 20426 20423 74559 83544
21050 4305 4571 6 16550 16551 84586 84811 83478 83477
21051 7255 7084 6 16553 16554 18529 93277 87742 87743
21052 7255 7142 7 16554 16555 20386 20387 92845 90552 18530
21053 7220 7142 6 16555 16556 91461 74272 74273 92806
21054 7220 7084 4 16556 16553 92842 93224
21055 7220 7255 4 16553 16555 92805 92841
21056 7142 7084 5 16554 16556 93220 92162 18531
21057 5674 5622 7 16557 16558 88201 87512 70947 70948 88289
21058 5769 5622 8 16559 16557 88290 88483 87678 87550 70674 70673
21059 5710 5622 3 16558 16559 88282
21060 8414 7763 6 16560 16561 85695 101420 101413 100758
21061 8414 8224 5 16561 16562 18858 18860 85694
21062 7665 8224 6 16562 16563 75970 101461 101225 22875
21063 7665 7763 8 16563 16560 100760 101470 20887 19966 19965 75969
21064 7665 8414 4 16560 16562 22874 100759
21065 8224 7763 4 16561 16563 75968 85696
21066 4392 4161 6 16564 16565 74233 74234 85324 83040
21067 4392 4154 5 16565 16566 84883 16855 16853
21068 4115 4154 7 16566 16567 83241 83274 79667 79665 81207
21069 4115 4392 3 16564 16566 83041
21070 4357 4459 5 16568 16569 85195 83413 83415
21071 4357 4457 5 16569 16570 83466 83482 83481
21072 4345 4457 3 16570 16571 80097
21073 4345 4459 7 16571 16568 83124 83121 83313 20480 20482
21074 4345 4357 6 16568 16570 83464 83463 83417 83416
21075 4457 4459 5 16569 16571 80096 83382 85196
21076 4737 4722 9 16572 16573 80404 83487 83427 71371 71369 85230 85246
21077 4737 4392 4 16573 16574 82539 80405
21078 4449 4392 7 16574 16575 83459 83458 85107 80396 80393
21079 4449 4722 4 16575 16572 85294 85334
21080 4449 4737 5 16572 16574 83498 83497 83496
21081 4392 4722 5 16573 16575 71207 71206 80406
21082 5867 6130 9 16576 16577 95809 92310 92311 95740 95853 95929 95638
21083 5867 5535 3 16577 16578 88901
21084 5884 5535 7 16578 16579 94885 91744 91743 77807 77808
21085 5884 6130 6 16579 16576 95639 94976 94972 94912
21086 5884 5867 7 16576 16578 88902 91415 91412 95836 95637
21087 5535 6130 4 16577 16579 94913 94916
21088 6484 6625 3 16580 16581 86705
21089 6484 6596 8 16581 16582 85762 85763 70900 70899 20540 20538
21090 6796 6596 6 16582 16583 88037 88040 88064 86076
21091 6796 6484 5 16580 16582 86075 85641 85639
21092 6596 6625 4 16581 16583 88075 88198
21093 6322 6689 5 16584 16585 92117 90638 90639
21094 6322 6734 5 16585 16586 100554 100693 92767
21095 6611 6734 7 16586 16587 93241 100741 17759 17757 85650
21096 6611 6689 6 16587 16584 92067 92753 92828 93235
21097 6611 6322 8 16584 16586 99923 88846 88206 88203 92757 92066
21098 6734 6689 6 16585 16587 93240 100322 88117 88119
21099 5208 5387 8 16588 16589 74217 73424 73423 74569 74160 74159
21100 5208 5156 6 16589 16590 20557 20555 74359 74356
21101 5437 5387 5 16591 16588 74295 74051 73410
21102 5437 5208 4 16588 16590 74015 74294
21103 5156 5387 4 16589 16591 73411 74357
21104 5310 5387 4 16592 16593 74295 74159
21105 5310 5569 6 16593 16594 88072 71540 71539 74346
21106 5647 5569 6 16594 16595 74054 92182 18197 18196
21107 5647 5387 7 16595 16592 74160 73623 73622 74184 74053
21108 5647 5310 5 16592 16594 74379 70893 70892
21109 5569 5387 4 16593 16595 74050 74051
21110 4636 4572 7 16596 16597 83486 83491 83492 85115 85067
21111 4636 4722 3 16597 16598 83487
21112 4882 4572 7 16599 16596 70595 70594 70308 70307 85231
21113 4882 4636 5 16596 16598 85335 85087 85068
21114 4722 4572 6 16597 16599 85339 85338 80406 80404
21115 5014 5368 4 16600 16601 71202 71239
21116 5224 5368 4 16602 16600 71241 70943
21117 5131 5475 4 16604 16605 16683 16681
21118 5472 5475 5 16605 16606 85427 18868 18870
21119 5472 5313 5 16606 16603 84604 74498 74497
21120 5472 5131 5 16603 16605 85434 85451 84603
21121 5475 5313 5 16604 16606 85306 18241 18243
21122 4010 3960 10 16607 16608 80626 80624 81773 81230 81229 81286 81274 81263
21123 3986 3960 9 16608 16609 81164 71735 71734 71744 81576 60367 60370
21124 3960 4071 4 16607 16609 81165 81174
21125 5178 5125 9 16610 16611 74220 84996 83488 71199 71198 85110 85109
21126 4196 4044 5 16612 16613 80546 80056 80059
21127 3930 4044 8 16614 16612 71347 71345 80976 71731 70914 70915
21128 4079 3996 8 16617 16615 71472 60221 60219 83183 70934 70936
21129 3967 3996 5 16616 16617 81726 81725 81101
21130 4513 4419 6 16621 16618 71404 80742 80739 71405
21131 4513 4329 5 16618 16620 71387 71388 71402
21132 4537 4419 3 16619 16621 71406
21133 4199 4332 4 16622 16623 81845 76336
21134 4154 4199 4 16622 16624 79665 76335
21135 5703 5266 5 16625 16626 16803 16873 -1
21136 5703 5315 8 16626 16627 19822 86006 86010 86009 86011 16804
21137 5188 5703 4 16625 16627 19823 -1
21138 6006 5727 3 16628 16629 17745
21139 6006 5757 5 16629 16630 18036 88021 87237
21140 5937 5757 3 16630 16631 18038
21141 5937 5727 9 16631 16628 17747 85409 86218 85624 70440 70442 87392
21142 5937 6006 8 16628 16630 18037 87663 86104 86106 87536 17746
21143 5980 5883 11 16632 16633 72600 52094 52095 91500 91503 92015 91099 91100 91096
21144 5820 5883 3 16634 16632 91098
21145 7710 7712 6 16635 16636 17611 36982 36659 35634
21146 7710 7475 5 16636 16637 89752 52200 17612
21147 7552 7475 6 16637 16638 35830 35829 55557 89753
21148 7552 7712 6 16638 16635 35635 37112 35727 35726
21149 7552 7710 4 16635 16637 89662 35633
21150 7475 7712 10 16636 16638 36149 36151 35514 35516 36776 36777 52048 17613
21151 2454 2920 5 16640 16641 23926 23927 83941
21152 2886 2920 7 16641 16642 72797 82513 113234 113233 84416
21153 2886 2646 4 16642 16639 84348 72796
21154 2920 2646 5 16640 16642 72795 75885 75884
21155 5369 5257 6 16643 16644 85574 85433 71229 70728
21156 5369 5483 4 16644 16645 70726 85573
21157 5281 5257 7 16646 16643 70730 71226 71277 17220 17217
21158 5483 5257 4 16644 16646 17295 85566
21159 6119 5703 4 16647 16648 70688 70586
21160 6119 5859 5 16648 16649 85021 85243 70689
21161 5842 5859 4 16649 16650 18054 18057
21162 5842 5703 6 16650 16647 70588 86006 86024 85285
21163 5859 5703 8 16648 16650 85282 85284 85848 85847 86000 70690
21164 5711 6243 6 16651 16652 93847 20549 20547 75167
21165 5711 5592 3 16652 16653 93979
21166 5449 6243 3 16654 16651 75689
21167 5449 5711 6 16651 16653 93299 93298 74997 74999
21168 5592 6243 10 16652 16654 92576 71350 71351 100723 92512 84615 74073 74074
21169 5650 5483 6 16655 16656 87254 87252 87432 70151
21170 5650 5360 4 16656 16657 87480 87481
21171 6208 6055 5 16658 16659 55372 17564 17563
21172 6208 6043 5 16659 16660 56167 56196 55373
21173 6300 6055 3 16661 16658 46651
21174 6300 6208 6 16658 16660 56166 88868 55671 55668
21175 6043 6055 7 16659 16661 46650 55673 72348 35644 35643
21176 5270 5220 7 16664 16662 55979 71969 72064 72127 72126
21177 5229 5220 5 16663 16664 72125 72106 17432
21178 4403 4689 4 16666 16667 71736 71737
21179 4492 4689 6 16667 16668 71670 69448 69367 69364
21180 4492 4687 4 16668 16665 70379 70380
21181 4689 4687 6 16666 16668 71417 71419 71638 71637
21182 7635 7425 4 16669 16670 37393 37391
21183 7635 7566 10 16670 16671 16720 16718 98405 93363 93361 92995 92996 89484
21184 7388 7566 3 16671 16672 17353
21185 7388 7635 4 16669 16671 52615 52613
21186 7566 7425 6 16670 16672 17352 35501 35503 86486
21187 8467 8152 6 16673 16674 21899 93886 22750 20018
21188 8467 7941 6 16674 16675 89437 22635 22636 21900
21189 8103 7941 5 16675 16676 20236 91738 89438
21190 8103 8152 9 16676 16673 20020 97024 97131 95009 95008 95208 20235
21191 8103 8467 6 16673 16675 89436 90523 90525 20019
21192 7941 8152 6 16674 16676 20234 94776 94254 21901
21193 5372 5106 5 16677 16678 85407 85414 74253
21194 5125 5250 9 16679 16680 20269 20268 85032 85031 85446 85766 85496
21195 5125 5106 10 16680 16677 71195 71194 74221 74220 84995 83431 83430 85247
21196 5125 5372 3 16677 16679 74254
21197 5250 5106 3 16678 16680 85249
21198 5131 5188 9 16681 16682 70641 85452 85470 83444 83443 83190 83189
21199 5131 5549 7 16682 16683 85434 85468 85478 85474 70642
21200 5381 5265 4 16685 16686 71110 71109
21201 5314 5265 7 16686 16687 70291 73240 74274 74322 74311
21202 5314 5323 5 16687 16684 74283 74324 70290
21203 5265 5323 6 16685 16687 70289 73800 18020 18017
21204 7761 7552 3 16689 16690 37120
21205 7677 7537 4 16691 16688 17054 35768
21206 5803 5904 6 16692 16693 69030 92179 92353 92076
21207 5803 6045 6 16693 16694 88344 88345 90601 69031
21208 5795 6045 7 16694 16695 90904 73841 73839 88924 88929
21209 5795 5904 5 16695 16692 92077 88613 88615
21210 5795 5803 4 16692 16694 87827 87828
21211 6045 5904 5 16693 16695 73794 73249 69032
21212 6511 6336 6 16698 16696 53716 53718 55792 55026
21213 6511 6363 5 16696 16697 55419 55600 55748
21214 5556 4898 5 16699 16700 84563 84564 99830
21215 5556 4972 7 84676 16700 16701 84805 72960 72959 -1
21216 5195 4898 6 16702 16699 21237 20676 20675 85219
21217 5195 5556 5 16699 16701 84804 83930 83927
21218 4972 4898 4 16700 16702 85177 84677
21219 4515 4285 4 16703 16704 85148 85278
21220 4409 4285 6 16705 16703 85169 82859 70447 70444
21221 4443 4285 4 16704 16705 70478 81846
21222 5694 5372 4 16706 16707 85522 85631
21223 5694 5493 4 16707 16708 16740 85505
21224 5453 5493 5 16708 16709 71185 71187 16742
21225 5453 5372 7 16709 16706 85632 85497 85484 85483 85502
21226 5453 5694 6 16706 16708 16741 85678 85619 85618
21227 5493 5372 6 16707 16709 85518 85515 18808 18805
21228 5801 5910 7 16710 16711 88779 88780 91474 73873 72213
21229 5801 5935 4 16711 16712 71035 88877
21230 5874 5801 5 16710 16712 71036 74930 72214
21231 6402 6484 5 16713 16714 88265 87504 87502
21232 6402 6571 7 16714 16715 87517 87515 87191 87190 88216
21233 6695 6571 4 16715 16716 85657 87519
21234 6695 6484 6 16716 16713 20605 20604 85641 85655
21235 6695 6402 7 16713 16715 87518 87521 87439 70774 70773
21236 6571 6484 5 16714 16716 85656 85763 86082
21237 7472 7635 9 16717 16718 98386 97519 97518 89725 37390 37391 52613
21238 7472 7566 3 16718 16719 89694
21239 7397 7566 10 16719 16720 17353 17352 35696 55354 86373 86374 86717 89696
21240 7397 7635 3 16720 16717 52615
21241 7397 7472 5 16717 16719 89695 97234 52614
21242 5622 5418 7 16721 16722 71026 71024 87488 88266 88227
21243 5622 5411 5 16722 16723 88280 88281 88295
21244 5487 5418 5 16724 16721 70834 17185 17187
21245 5487 5622 5 16721 16723 70675 70674 87551
21246 5757 5578 6 16725 16726 85680 85681 85741 87236
21247 5695 5578 7 16726 16727 87546 87431 85581 85580 85582
21248 5578 5936 3 16725 16727 87389
21249 6473 6310 5 16728 16729 85707 17370 17371
21250 6473 6524 5 16729 16730 17524 20539 20537
21251 6459 6524 6 16730 16731 87752 20144 20141 17526
21252 6459 6310 5 16731 16728 18016 87364 88042
21253 6459 6473 7 16728 16730 17525 85693 20602 20601 18015
21254 6524 6310 5 16729 16731 88041 88519 85708
21255 6496 6240 5 16732 16733 87009 56407 56405
21256 6496 6497 8 16733 16734 56476 17043 17044 56174 54879 54880
21257 6220 6496 4 16732 16734 56475 56406
21258 6995 6817 7 16735 16736 35701 52199 52194 47553 47554
21259 5960 6001 5 16738 16739 50788 50786 51592
21260 6001 5898 5 16737 16739 50933 50935 17199
21261 5694 5663 5 16740 16741 70646 70644 85506
21262 5453 5663 5 16741 16742 71330 71329 85572
21263 5663 5493 6 16740 16742 83007 85437 85603 85507
21264 4596 4443 5 16743 16744 71224 85318 -1
21265 3939 4443 6 82773 61228 61230 16746 16743 -1
21266 3939 4596 4 16743 16745 70556 -1
21267 4332 4443 6 16744 16746 81862 81845 81846 71225
21268 5935 6097 4 16747 16748 88287 88147
21269 5874 6082 4 16749 16750 18091 18088
21270 5874 6097 5 16750 16747 88148 88835 88379
21271 6082 6097 7 16748 16750 88378 18199 18198 87443 88300
21272 6363 6374 6 16751 16752 55748 55658 51193 51194
21273 6363 6713 7 16752 16753 52116 51633 51634 53590 55600
21274 6469 6713 5 16753 16754 51637 51639 53668
21275 6469 6374 5 16754 16751 17367 17366 52146
21276 6469 6363 6 16751 16753 55948 55396 55395 56000
21277 6713 6374 4 16752 16754 52147 55466
21278 4888 5050 5 16755 16756 71196 71851 72103
21279 4888 4828 5 16756 16757 70619 70617 71197
21280 4925 4888 5 16755 16757 71904 71899 71898
21281 8618 8862 3 16758 16759 98306
21282 8618 8858 6 16759 16760 98254 98255 90055 90053
21283 8735 8858 5 16760 16761 31561 31562 98236
21284 8735 8618 6 16758 16760 86852 86854 98310 98305
21285 8858 8862 8 16759 16761 93775 97769 103703 97961 47072 47069
21286 5588 5500 5 16762 16763 17071 17072 86800
21287 5500 5494 7 16762 16764 70316 70385 70191 68086 68083
21288 10265 10149 5 16765 16766 102943 103065 102954
21289 10491 10274 5 16767 16768 102893 111813 110700
21290 10491 10149 4 16768 16765 102955 102891
21291 10274 10149 6 16766 16768 102892 22871 22873 102706
21292 5189 5101 9 16769 16770 74587 74588 74654 74948 74093 73421 73422
21293 5189 4965 3 16770 16771 74873
21294 5183 4965 8 16771 16772 74466 74465 74470 74469 75129 74874
21295 5183 5101 3 16772 16769 74516
21296 5183 5189 9 16769 16771 74807 74806 74860 73837 73621 73620 74515
21297 4965 5101 7 16770 16772 74574 74573 74355 72900 72902
21298 7643 7459 8 16773 16774 86325 37127 37128 98567 98978 86517
21299 7643 7260 4 16774 16775 19719 86346
21300 7573 7459 5 16776 16773 86492 86474 86473
21301 7573 7643 8 16773 16775 19720 36905 36907 17512 17511 20291
21302 7260 7459 5 16774 16776 86022 56376 56375
21303 6119 6441 5 16777 16778 85274 16875 16876
21304 6119 6326 7 16778 16779 85661 84196 84194 84704 85280
21305 6217 6326 6 16779 16780 85461 86062 85853 85663
21306 6217 6441 3 16780 16777 85459
21307 6326 6441 5 16778 16780 85460 100100 85281
21308 5613 5310 5 16783 16781 73772 88073 71540
21309 5388 5310 6 16782 16783 71539 74347 74360 74353
21310 9476 9306 6 16784 16785 35381 35382 157242 158223
21311 9476 9151 6 16785 16786 37871 37873 157609 157610
21312 9255 9151 11 16786 16787 158135 157776 112226 112225 157605 157604 157614 158366 158351
21313 9255 9306 3 16787 16784 158147
21314 9255 9476 8 16784 16786 158349 157766 157765 153221 153220 158222
21315 9151 9306 6 16785 16787 158089 157575 157577 158190
21316 8222 7955 7 16788 16789 86645 86644 86544 86542 98613
21317 8222 7731 3 16789 16790 98574
21318 7993 7731 7 98532 98531 98729 16790 16791 36920 -1
21319 7993 7955 4 16791 16788 98166 36918
21320 7993 8222 7 16788 16790 98728 36933 36932 98555 98614
21321 7731 7955 7 16789 16791 36919 32961 32963 86577 98182
21322 8940 8877 8 16792 16793 38532 38533 158373 36441 36442 36598
21323 8940 8740 4 16793 16794 21565 33332
21324 8581 8877 4 16795 16792 36600 38636
21325 8581 8940 4 16792 16794 21566 36599
21326 8740 8877 6 16793 16795 35155 34884 34885 38543
21327 5911 6020 4 16796 16797 56420 72250
21328 5911 5777 6 16797 16798 55203 70294 70293 56421
21329 5979 5777 5 16798 16799 88482 87373 55205
21330 5979 5911 5 16796 16798 55204 56224 87298
21331 5777 6020 6 16797 16799 88480 88813 87477 56422
21332 3454 3884 5 16801 16802 24006 23800 23799
21333 5703 5626 7 16803 16804 86013 86003 85941 85848 16872
21334 5315 5626 3 16804 16805 17121
21335 7884 8274 6 16806 16807 93745 93702 93514 93020
21336 7884 8089 5 16807 16808 93335 93336 93783
21337 7932 8089 5 16808 16809 93758 94665 93460
21338 7932 8274 8 16809 16806 93022 93810 93816 93646 18629 18631
21339 7932 7884 6 16806 16808 93459 18950 18951 93021
21340 8089 8274 8 16807 16809 93757 21145 21146 22662 93303 93759
21341 6910 6896 7 16810 16811 100704 85839 85840 20099 20100
21342 6910 6646 5 16811 16812 86407 86405 100696
21343 6695 6646 9 16812 16813 71095 86130 86129 88178 20092 20090 87083
21344 6695 6896 5 16813 16810 85783 85014 71094
21345 6695 6910 6 16810 16812 100358 100360 100357 85782
21346 6646 6896 5 16811 16813 71093 100333 100705
21347 8197 8283 4 16816 16817 35293 36696
21348 8197 8032 8 16817 16814 36942 36940 37074 35579 35581 35292
21349 8197 8219 6 16814 16816 36114 36113 98641 37179
21350 8283 8032 5 16815 16817 17163 17165 16944
21351 5698 5472 9 16819 16820 100575 100583 85920 85886 85002 85001 85287
21352 5688 5472 8 16820 16821 85831 18868 18869 75774 75773 100576
21353 5688 5747 5 16821 16818 70769 20591 20590
21354 5688 5698 4 16818 16820 84549 84551
21355 5472 5747 4 16819 16821 20500 20502
21356 6500 6819 5 16822 16823 84709 92469 92470
21357 6500 6378 6 16823 16824 92768 100739 92740 84710
21358 6709 6378 6 16824 16825 100655 100879 100818 92769
21359 6709 6819 7 16825 16822 100691 100709 93822 93819 100654
21360 6709 6500 5 16822 16824 20358 20360 100690
21361 6378 6819 3 16823 16825 84711
21362 8106 7661 4 16826 16827 100432 99745
21363 8106 8018 6 16827 16828 99635 93423 93422 100444
21364 8275 8018 5 16828 16829 20527 20526 99774
21365 8275 7661 7 16829 16826 92265 92264 99875 101418 20532
21366 8018 7661 7 16827 16829 20202 20201 99539 99538 100443
21367 456 176 7 16830 16831 105238 105237 21936 21935 123130
21368 456 11799 6 16831 16832 106505 108836 108834 122668
21369 672 11799 5 16832 16833 25837 23810 23811
21370 672 176 5 16833 16830 123136 122921 117772
21371 672 456 7 16830 16832 106504 112987 112912 112913 123186
21372 11799 176 6 16831 16833 117771 118128 122671 122669
21373 4128 4512 5 16834 16835 75502 75547 75604
21374 4128 4210 6 16835 16836 24003 80730 83405 75503
21375 3851 4210 6 16836 16837 75839 25928 25927 24004
21376 3851 4512 7 16837 16834 75534 74847 74844 75846 75845
21377 3851 4128 6 16834 16836 24002 83354 80191 75605
21378 4210 4512 5 16835 16837 75840 75541 75504
21379 7739 7833 6 16838 16839 20188 19782 19781 18289
21380 7739 7624 5 16839 16840 20417 20415 20189
21381 7391 7624 7 16840 16841 92718 85851 85852 86161 87857
21382 7391 7833 6 16841 16838 18290 20395 89471 92717
21383 7391 7739 4 16838 16840 87891 18288
21384 7624 7833 4 16839 16841 92716 20190
21385 4012 4304 4 16843 16844 20707 74583
21386 8522 8439 4 16845 16846 20571 20569
21387 8522 7957 5 16846 16847 101777 101242 99901
21388 8275 7957 6 16847 16848 85984 85983 99860 100008
21389 8275 8439 4 16848 16845 93383 101443
21390 8275 8522 6 16845 16847 101593 101592 93418 93382
21391 7957 8439 7 16846 16848 84483 84484 94575 93150 93151
21392 8393 8715 3 16849 16850 86637
21393 8393 8409 7 16850 16851 36879 37203 37204 98545 86746
21394 8636 8409 5 16851 16852 98362 98180 36880
21395 8636 8715 8 16852 16849 86639 97807 98173 98119 98121 98361
21396 8636 8393 4 16849 16851 36878 86638
21397 8409 8715 5 16850 16852 98325 97788 86747
21398 4392 4151 5 16853 16854 85107 74235 74233
21399 4392 4332 7 16854 16855 84180 60026 60027 83460 83458
21400 4332 4151 5 16854 16856 20325 85252 85108
21401 8009 8205 4 16857 16858 92629 93178
21402 8009 8526 5 16858 16859 99850 20297 20295
21403 8513 8009 5 16857 16859 100195 100229 93179
21404 11874 11123 5 16860 16861 106840 106839 76173
21405 11874 11409 5 16861 16862 122191 107730 107189
21406 10991 11123 5 16863 16860 76175 106462 107694
21407 10991 11874 6 16860 16862 122195 25936 25938 76174
21408 6789 6603 9 16864 16865 87522 87520 18421 18422 18449 87205 87599
21409 6789 6506 3 16865 16866 87685
21410 6703 6506 6 16866 16867 18473 85676 18146 18145
21411 6703 6603 4 16867 16864 18345 18344
21412 6703 6789 6 16864 16866 18298 18297 86528 86538
21413 6838 6807 9 16868 16869 89640 89681 52367 52368 89684 89630 88734
21414 6838 6867 5 16869 16870 89639 89623 89624
21415 7147 6867 4 16870 16871 88225 88226
21416 7147 6807 4 16871 16868 88736 89620
21417 7147 6838 5 16868 16870 89685 88766 88735
21418 6867 6807 7 16869 16871 56346 56348 56389 56388 88666
21419 5663 5266 7 16873 16874 85437 85438 85530 85535 -1
21420 5663 5626 5 16874 16872 83287 83288 85603
21421 5663 5703 5 85999 85847 16872 16873 -1
21422 6119 6529 5 16876 16877 70688 70689 85242
21423 5556 6529 5 85604 16877 16878 86005 -1
21424 5556 6441 5 16878 16875 85275 99602 86004
21425 5556 6119 7 16875 16877 70586 70587 83476 83473 84190
21426 6529 6441 6 16876 16878 20370 20369 85460 85459
21427 4940 4694 4 16879 16880 71013 85215
21428 4896 4719 5 16881 16882 71302 71305 71480
21429 4896 4694 6 16882 16879 71291 71292 71307 71306
21430 8117 8219 8 16883 16884 36917 37179 98428 37163 37147 36415
21431 9196 9160 8 16886 16887 93081 93082 102735 102736 100029 100030
21432 9196 9055 3 16887 16888 20310
21433 9237 9055 6 16888 16889 21124 99946 99563 20312
21434 9237 9160 6 16889 16886 102728 102730 102766 21122
21435 9237 9196 6 16886 16888 20311 102355 108121 102768
21436 9055 9160 4 16887 16889 21123 94607
21437 7393 7451 4 16891 16890 89973 89975
21438 7505 7499 7 16892 16893 99762 99711 92919 92112 87664
21439 7241 7505 4 16892 16894 87983 87665
21440 7043 6926 4 16896 16897 87811 52632
21441 7043 7041 6 16897 16895 35754 88385 86681 86680
21442 7043 7007 5 16895 16896 52631 86811 35753
21443 8199 8336 6 16898 16899 98525 98524 98596 86590
21444 8199 8027 4 16899 16900 17609 17607
21445 8409 8027 6 16900 16901 86778 98438 98439 19844
21446 8409 8336 5 16901 16898 86591 37203 37205
21447 8027 8336 5 16899 16901 86777 17290 17289
21448 11220 11343 8 16902 16903 25860 26026 111611 108987 108986 111329
21449 11220 11594 4 16903 16904 23425 23426
21450 11323 11594 5 16904 16905 25922 20896 20895
21451 11323 11343 4 16905 16902 111331 111509
21452 11323 11220 4 16902 16904 108440 111330
21453 11594 11343 8 16903 16905 111511 111658 125174 111486 111484 25861
21454 3262 3220 8 16906 16907 84304 84306 84460 113306 84239 84240
21455 3262 3868 6 16907 16908 101874 83992 83991 84514
21456 3218 3868 6 16908 16909 75948 75947 101156 101755
21457 3218 3220 7 16909 16906 84490 23975 23974 75973 84398
21458 3218 3262 4 16906 16908 101227 101228
21459 3868 3220 6 16907 16909 83840 83839 84507 84516
21460 6284 6249 5 16910 16911 100948 100937 100809
21461 6284 5631 6 16911 16912 100511 100514 100837 100949
21462 6204 5631 6 16912 16913 24049 24052 20705 20703
21463 6204 6249 7 16913 16910 92715 92713 100472 74426 74423
21464 6204 6284 6 16910 16912 100623 100202 100117 100118
21465 5631 6249 4 16911 16913 85010 100698
21466 8909 9087 5 16915 16916 21421 21419 98605
21467 8768 9087 5 16916 16917 21547 21549 98191
21468 8768 8909 7 16914 16916 98754 89902 89900 98724 98725
21469 9087 8842 4 16915 16917 36651 37177
21470 7664 7613 5 16918 16919 46521 52306 52397
21471 7581 7411 5 16920 16921 19815 19817 36868
21472 7581 7613 9 16921 16918 52398 36992 36994 52434 36863 36862 52419
21473 7581 7664 3 16918 16920 36866
21474 7411 7613 5 16919 16921 52381 17014 17013
21475 10031 10335 5 16922 16923 102153 108171 95467
21476 10031 9953 7 16923 16924 104566 21466 21464 105635 102154
21477 10310 10335 7 16925 16922 95469 102104 107368 107354 107209
21478 10310 10031 3 16922 16924 95468
21479 9953 10335 4 16923 16925 18732 18729
21480 7337 7566 6 16926 16927 17559 19810 86691 86646
21481 7337 7615 4 16927 16928 86612 17560
21482 7652 7615 5 16928 16929 86693 86669 86613
21483 7615 7566 7 16927 16929 86692 86782 86783 86784 17561
21484 9101 8716 3 16930 16931 21749
21485 8803 8879 4 16932 16933 49528 95051
21486 8803 8716 5 16933 16930 97313 97315 49527
21487 8803 9101 7 16930 16932 95050 104782 105087 104908 97433
21488 8879 8716 8 16931 16933 49526 96903 18819 18821 95439 21750
21489 5604 5643 7 16934 16935 17397 88305 88308 88448 70550
21490 5604 5590 5 16935 16936 70822 70823 17398
21491 5526 5643 6 16937 16934 70552 88451 88712 88452
21492 5526 5604 4 16934 16936 87369 70551
21493 5590 5643 3 16935 16937 17399
21494 7684 7280 7 35834 35833 35433 16939 16938 34620 -1
21495 7844 7677 4 16941 16942 35562 35826
21496 7844 7615 5 16942 16940 86669 86496 35561
21497 7844 7528 7 16940 16941 35824 36594 86514 86513 86666
21498 8166 8032 6 16943 16944 37035 37119 35297 35294
21499 7049 6952 5 16945 16946 92071 93051 18417
21500 7049 6966 4 16946 16947 18804 92072
21501 6933 6952 4 16948 16945 18419 17976
21502 6933 7049 5 16945 16947 18803 92141 18418
21503 6966 6952 7 16946 16948 17975 92222 91956 91954 91965
21504 6737 6955 9 16949 16950 87690 87727 87783 84669 84670 56423 17039
21505 6737 6958 5 16950 16951 87048 86064 86065
21506 6708 6958 9 87449 16951 16952 86087 86088 85705 85706 87559 -1
21507 6708 6737 4 16949 16951 86447 17040
21508 6958 6955 6 16950 16952 86536 85555 85556 87691
21509 5006 5041 7 16953 16954 73314 74110 73242 73244 71231
21510 5006 5388 6 16954 16955 20556 74353 74343 73315
21511 5156 5388 7 16955 16956 70755 70756 73607 73606 20557
21512 5156 5041 5 16956 16953 71233 74029 74028
21513 5156 5006 5 16953 16955 20555 73345 71232
21514 5388 5041 3 16954 16956 73316
21515 5740 5688 8 16957 16958 85646 85884 84550 84551 70769 20445
21516 5475 5688 5 16959 16957 20447 85197 18868
21517 5549 5688 4 16958 16959 18869 85647
21518 6105 6349 4 16960 16961 89306 88609
21519 6105 6135 6 16961 16962 88917 88996 19731 19730
21520 6168 6135 4 16962 16963 55844 72476
21521 6168 6349 6 16963 16960 55784 55786 72448 55843
21522 6168 6105 6 16960 16962 88866 19944 19943 87437
21523 6135 6349 6 16961 16963 55842 71055 71053 89307
21524 4355 4356 7 16965 16966 71930 81316 81317 69251 69252
21525 4076 4356 3 16966 16967 71932
21526 4076 4242 7 16967 16964 81295 71949 71951 73016 81461
21527 4076 4355 6 16964 16966 71931 81525 81492 81294
21528 4356 4242 4 16965 16967 81460 81462
21529 7691 8011 5 16968 16969 33103 47321 47322
21530 8023 7956 5 16970 16971 45674 37473 37471
21531 8023 8011 6 16971 16968 47539 47377 46868 46738
21532 8023 7691 6 16968 16970 52510 52511 37589 37591
21533 7956 8011 6 16969 16971 46739 45753 45750 33104
21534 7527 7636 5 16972 16973 37216 37214 86936
21535 7527 7260 6 16973 16974 86937 86892 86687 86688
21536 7573 7636 3 16975 16972 19720
21537 7573 7527 8 16972 16974 86939 86940 86943 98390 36906 36905
21538 6570 6667 6 16976 16977 86224 35430 35431 50711
21539 6570 6765 3 16977 16978 85965
21540 6766 6765 6 16978 16979 89299 86996 86995 85966
21541 6766 6667 5 16979 16976 50713 89658 89680
21542 6766 6570 6 16976 16978 56416 56418 87623 50712
21543 6765 6667 8 16977 16979 89679 88667 88668 89383 89140 86225
21544 6093 6120 6 16981 16982 17182 17183 71112 71015
21545 6093 5710 5 16982 16983 20104 20105 70750
21546 6036 5710 9 16983 16984 85805 85803 85418 85416 18377 18378 92392
21547 6036 6120 5 16984 16981 71017 88170 88016
21548 6036 6093 5 16981 16983 17307 17306 71016
21549 5710 6120 6 16982 16984 17941 17940 17763 17760
21550 5563 5378 5 16985 16986 50794 50796 68259
21551 5563 5197 5 16986 16987 63479 65619 69059
21552 5258 5378 4 16988 16985 68261 65519
21553 7742 7528 4 16989 16990 17056 36359
21554 6244 5895 7 16994 16992 55854 55853 56262 56261 56161
21555 6244 6240 6 16992 16993 56407 86385 86384 87274
21556 11838 11679 6 16995 16996 144361 144362 144757 144636
21557 11838 11738 5 16996 16997 125731 26946 26944
21558 29 11738 6 16997 16998 112069 125522 125523 125750
21559 29 11679 4 16998 16995 144478 112067
21560 29 11838 7 16995 16997 125749 144793 144702 144701 144635
21561 8222 8373 6 16999 17000 98887 98892 98864 86748
21562 8222 8143 5 17000 17001 86541 86544 98886
21563 8291 8143 5 17001 17002 19878 19880 86597
21564 8291 8373 4 17002 16999 86600 37236
21565 8291 8222 7 16999 17001 98578 98615 98555 98508 86749
21566 8143 8373 6 17000 17002 37237 86615 98652 98653
21567 8476 8339 7 17004 17005 20978 20004 20002 98680 47263
21568 8065 8339 9 17005 17006 37431 37432 93706 18788 18790 93114 20980
21569 8065 8314 6 17006 17003 93680 93681 98240 93815
21570 8339 8314 3 17004 17006 47264
21571 7852 7690 6 17007 17008 37182 37183 86716 35585
21572 7852 7993 10 17008 17009 35606 86512 86632 98314 97737 97738 98614 98166
21573 7684 7690 5 17010 17007 35587 86614 -1
21574 7684 7852 3 17007 17009 35586
21575 7993 7690 5 36920 36918 17008 17010 -1
21576 7574 7321 5 17011 17012 47350 18296 18295
21577 7574 7411 5 17012 17013 37000 36999 47351
21578 7613 7321 5 17014 17011 36958 47689 47691
21579 7613 7574 6 17011 17013 46521 52307 52561 36957
21580 6826 7108 4 17015 17016 17749 17750
21581 7183 6873 3 17017 17018 90348
21582 7183 7108 5 17018 17015 50670 50669 90346
21583 7218 6786 5 17019 17020 53992 52594 52596
21584 7218 7159 5 17020 17021 53929 54053 53993
21585 7181 6786 3 17022 17019 54004
21586 7181 7218 7 17019 17021 53930 53949 53943 53942 54052
21587 7159 6786 6 17020 17022 53914 53913 54007 53994
21588 6138 6341 3 17023 17024 18001
21589 6138 6168 7 17024 17025 70842 70843 88144 88263 18002
21590 6398 6168 4 17025 17026 72448 88371
21591 6398 6341 7 17026 17023 70939 89296 89297 92054 72447
21592 6398 6138 6 17023 17025 88370 88763 88624 70938
21593 6168 6341 8 17024 17026 55786 55787 91467 91466 88217 18003
21594 6889 6835 8 17027 17028 89608 89605 87028 18125 18124 86676
21595 6889 6738 3 17028 17029 87888
21596 6800 6738 5 17029 17030 88586 87897 87889
21597 6800 6835 5 17030 17027 87335 87333 88585
21598 6800 6889 7 17027 17029 17500 17502 89687 89589 89591
21599 6738 6835 7 17028 17030 35999 36000 89365 89259 89258
21600 6511 6690 5 17031 17032 51807 55660 56028
21601 6547 6690 4 17034 17031 56026 55243
21602 6547 6511 6 17031 17033 50660 53719 53718 55793
21603 6818 6690 6 17032 17034 55242 52062 52063 51808
21604 6125 6067 8 17035 17036 87526 85422 85423 87493 88786 88539
21605 6125 6115 3 17036 17037 88176
21606 6195 6115 8 17037 17038 70243 70245 71142 71141 87197 87571
21607 6195 6067 6 17038 17035 88541 72254 54925 54924
21608 6195 6125 6 17035 17037 88177 88501 88546 88540
21609 6115 6067 4 17036 17038 87705 87704
21610 6560 6708 7 17040 17041 85519 87589 87291 87290 86448
21611 6560 6955 3 17041 17039 56425
21612 6560 6737 8 17039 17040 86446 87343 87341 87673 87720 56424
21613 6634 6497 4 17042 17043 55648 55651
21614 6497 6754 4 17042 17044 56172 56374
21615 6545 6466 4 17045 17046 87614 87590
21616 6545 5936 5 17046 17047 56091 87611 87619
21617 6153 6466 6 17048 17045 86223 86222 85968 20299
21618 5936 6466 4 17046 17048 20300 86056
21619 7496 7202 3 17049 17050 17450
21620 7387 7279 3 17051 17052 86323
21621 7387 7202 7 17052 17049 56005 87709 87710 87917 86530
21622 7387 7496 8 17049 17051 37046 37045 99599 37101 37100 56004
21623 7279 7202 9 17050 17052 86529 87921 85559 85561 87204 86016 17452
21624 7742 7537 3 17054 17053 35559
21625 7528 7684 9 17055 17056 36360 36594 35607 35586 35587 35835 35833
21626 9202 9189 8 17057 17058 33371 39523 39446 39444 156780 39529
21627 9202 8881 8 17058 17059 39527 39525 156855 156853 157116 33372
21628 8935 8881 9 17059 17060 39412 39141 38726 38727 39187 39229 39518
21629 8935 9189 6 17060 17057 39531 40015 40014 153403
21630 8935 9202 3 17057 17059 39530
21631 8881 9189 3 17058 17060 33373
21632 6723 6730 6 17061 17062 53879 53090 51345 51344
21633 6723 7191 7 17062 17063 43869 53688 53687 53826 53828
21634 6834 7191 5 17063 17064 53023 43982 43870
21635 6834 6730 7 17064 17061 53071 53745 53838 55415 53820
21636 7191 6730 3 17062 17064 53821
21637 3968 3832 4 17068 17069 80500 61155
21638 3825 3971 3 17070 17067 71390
21639 3825 3968 6 17067 17069 79618 79617 82720 81312
21640 3832 3971 5 17068 17070 71391 70068 61156
21641 5588 5836 7 17072 17073 70103 87166 87349 87228 87227
21642 5529 5836 6 17073 17074 59597 59595 56138 56136
21643 5529 5588 3 17071 17073 70102
21644 5836 5500 4 17072 17074 70210 87317
21645 6141 5651 3 17075 17076 55223
21646 6220 5853 4 17077 17078 87052 56345
21647 6220 5651 6 17078 17075 55225 17149 17148 85870
21648 6220 6141 7 17075 17077 56276 55451 55453 56452 55224
21649 8823 8630 5 17079 17080 98737 21235 21233
21650 8823 8482 6 98915 98738 17080 17081 98740 -1
21651 8999 8482 4 17081 17082 37322 37321
21652 8999 8630 5 17082 17079 35301 37281 86522
21653 8482 8630 6 17080 17082 98643 98646 98534 98533
21654 6814 6973 6 17083 17084 86386 87130 89545 89600
21655 6814 6843 7 17084 17085 88769 89611 88755 86465 86387
21656 7024 6843 5 17085 17086 52548 53840 55552
21657 7024 6973 8 17086 17083 35550 35549 53345 53347 55575 52546
21658 7024 6814 6 17083 17085 88768 89635 87179 87180
21659 6843 6973 5 17084 17086 52547 55631 55632
21660 5646 5975 5 17087 17088 88815 70306 70304
21661 5646 5597 7 17088 17089 87435 87433 88455 88876 88821
21662 5441 5646 4 17087 17089 87482 87479
21663 5597 5975 4 17088 17090 70691 88819
21664 6473 6387 5 17091 17092 20600 20601 85015
21665 6473 6484 8 17092 17093 85707 20537 20538 86705 85639 20604
21666 6209 6484 5 17093 17094 87504 87168 85832
21667 6209 6387 6 17094 17091 85016 88195 87561 87503
21668 6209 6473 4 17091 17093 17370 17369
21669 6484 6387 4 17092 17094 87502 20605
21670 6208 6078 4 17095 17096 55887 56196
21671 6208 6151 6 17096 17097 89509 89182 89180 55888
21672 6318 6151 5 17097 17098 87148 88247 89553
21673 6318 6078 6 17098 17095 56197 56140 55974 55973
21674 6151 6078 5 17096 17098 87147 87256 55889
21675 5478 5474 7 17102 17099 71104 71210 71167 71166 71119
21676 5478 5656 5 17099 17101 74114 88202 71103
21677 5710 5474 3 17100 17102 71120
21678 8501 8488 7 17103 17104 86330 86331 21161 21162 98910
21679 8501 7731 5 98657 98655 17104 17105 -1
21680 8482 7731 4 17105 17106 98532 -1
21681 8482 8488 8 17106 17103 98738 98533 98535 98551 98513 98512
21682 8482 8501 4 98915 17103 17105 -1
21683 7731 8488 4 17104 17106 98531 98875
21684 3970 3870 5 17107 17108 18833 18831 80425
21685 4109 3870 5 17108 17109 74096 73447 73448
21686 3870 4133 5 17107 17109 73380 73379 80166
21687 7666 7772 4 17111 17112 99706 99707
21688 7847 7772 8 17112 17113 100275 98159 18507 18506 19557 19556
21689 7847 7427 4 17113 17110 100238 100280
21690 7847 7666 4 17110 17112 92799 92798
21691 7772 7427 7 17111 17113 100290 99710 93246 93245 93487
21692 6525 6690 6 17115 17116 54904 55055 53003 52946
21693 6525 6296 4 17116 17114 55933 54903
21694 6525 6253 4 17114 17115 52944 55987
21695 6772 6751 6 17117 17118 40648 55432 55929 56333
21696 6772 7280 5 17118 17119 17201 17202 40647
21697 6943 7280 7 17119 17120 52107 35846 35848 35852 56334
21698 6943 6751 7 17120 17117 55218 55220 54965 54967 52105
21699 6943 6772 5 17117 17119 35530 35532 56332
21700 7280 6751 4 17118 17120 52106 40649
21701 5891 5814 8 17122 17123 55460 89033 89104 88838 88603 55179
21702 5891 6074 5 17123 17124 87152 88774 55461
21703 6211 6074 5 17124 17125 88511 88823 87153
21704 6211 5814 4 17125 17122 55180 88403
21705 6211 5891 4 17122 17124 55602 55178
21706 6074 5814 6 17123 17125 17332 17331 87528 55462
21707 6111 6074 6 17126 17127 71268 71270 87152 87153
21708 6245 6074 4 17127 17128 70791 89109
21709 6913 6785 8 17129 17130 88926 75104 75105 89419 89416 89379
21710 6913 6812 3 17130 17131 56199
21711 6948 6812 6 17131 17132 90296 89915 86828 56200
21712 6948 6785 3 17132 17129 89381
21713 6948 6913 9 17129 17131 56198 86502 89490 89689 89690 89899 89380
21714 6812 6785 6 17130 17132 90435 89520 89518 88927
21715 7608 7830 6 17134 17135 50428 19352 19353 94002
21716 7608 7698 5 17135 17133 50145 50147 50426
21717 7608 7889 7 17133 17134 17557 17556 52231 97623 97629
21718 3769 3593 3 17137 17138 79868
21719 3757 3769 5 17136 17138 79150 73847 73844
21720 3593 3717 6 17137 17139 74687 75251 80448 80074
21721 6374 6160 5 17140 17141 52088 55947 55972
21722 6374 6075 5 17141 17142 55659 51193 51196
21723 6103 6374 6 17140 17142 55752 55911 55913 55969
21724 6984 6703 4 17143 17144 86070 86528
21725 6984 6804 6 17144 17145 87697 87698 17527 17528
21726 6759 6703 5 17146 17143 86538 18345 18346
21727 6759 6984 5 17143 17145 87714 87524 86537
21728 5651 6523 4 17149 17147 56362 56385
21729 5651 6405 6 56361 17147 17148 85868 87151 -1
21730 4893 5267 4 17150 17151 55890 55893
21731 5242 4949 5 17152 17153 70837 70468 70467
21732 4949 5267 5 17151 17153 17230 17228 70930
21733 5694 5873 5 17154 17155 70705 17339 17340
21734 5740 5847 6 17157 17158 20446 20445 17210 17209
21735 5847 5842 6 17156 17158 71323 20365 20366 85521
21736 8100 8000 6 17161 17162 38064 38063 45866 45865
21737 8100 8252 5 17162 17159 46772 37794 37796
21738 8100 7829 10 17159 17161 45710 45709 53325 53326 37016 37017 52376 52758
21739 8000 8252 5 17160 17162 46371 34010 34012
21740 8032 8178 6 17163 17164 37114 37080 37082 35292
21741 8032 8267 4 17164 17165 37035 37115
21742 8283 8267 6 17165 17166 37944 37155 37156 37036
21743 8283 8178 5 17166 17163 35293 37086 37951
21744 8267 8178 7 17164 17166 37949 37919 37916 35808 35807
21745 6823 6869 4 17167 17168 90678 18083
21746 6823 7004 7 17168 17169 74013 91969 91970 92650 90679
21747 6573 7004 3 17169 17170 74014
21748 6573 6869 6 17170 17167 18084 90780 61907 61908
21749 7004 6869 7 17168 17170 90556 90532 90531 90210 90209
21750 5161 5069 4 17172 17173 73287 73878
21751 5128 5069 8 17173 17174 18154 73602 73757 73682 73466 73288
21752 5128 5283 3 17174 17171 18153
21753 5128 5161 9 17171 17173 72787 72786 17741 17738 61454 61453 68841
21754 5069 5283 7 17172 17174 18047 18048 92361 74967 73879
21755 5377 5497 7 17175 17176 56250 70168 70171 72128 70771
21756 5519 5497 6 17176 17177 87370 70693 70696 56252
21757 5497 5526 6 17175 17177 70551 70552 71578 70772
21758 6801 6864 6 17179 17180 89693 89593 89594 89207
21759 6801 6926 6 17180 17178 86815 87011 89651 89692
21760 6801 7007 3 17178 17179 86814
21761 6093 5951 4 17181 17182 70750 92004
21762 6207 5951 9 17184 17181 92436 18200 18201 88330 88548 88267 17998
21763 6207 6093 5 17181 17183 73882 88274 92435
21764 6120 5951 5 17182 17184 17999 17761 17760
21765 5418 5466 5 17185 17186 18248 17423 17424
21766 5487 5466 4 17188 17185 70749 70748
21767 6919 6862 5 17190 17191 17735 92829 93236
21768 6792 6862 8 17191 17192 91292 86900 18136 18135 90442 17737
21769 6792 6996 3 17192 17189 90540
21770 6792 6919 5 17189 17191 17736 89977 90539
21771 6862 6996 7 17190 17192 90464 90465 93004 93212 93229
21772 5029 4788 6 17193 17194 71497 71499 71505 70359
21773 5282 5271 7 17195 17196 70555 70554 70606 70927 56234
21774 5597 5271 4 17197 17195 56236 70363
21775 5633 5271 5 17196 17197 70360 70362 70581
21776 5988 5898 6 17198 17199 51880 51879 51572 50823
21777 6772 6822 6 17200 17201 35530 35531 54955 54953
21778 6636 6822 6 17203 17200 56403 56402 87059 -1
21779 6636 6772 5 17200 17202 55430 55432 55930
21780 7280 6822 6 35839 35838 56334 17201 17203 -1
21781 7395 7871 4 17205 17206 47745 49408
21782 7583 7395 4 17204 17206 47746 49436
21783 5896 5747 4 17207 17208 85377 85060
21784 5896 5740 7 17208 17209 100534 100589 100588 84550 84548
21785 5847 5896 5 17207 17209 84193 84195 85061
21786 5740 5747 4 17208 17210 70769 85327
21787 7200 7184 3 17213 17214 87080
21788 7200 7127 8 17214 17215 86968 86985 86979 86793 55409 55410
21789 7304 7127 4 17215 17216 86668 86667
21790 7304 7184 8 17216 17213 87078 56401 56343 56342 86618 86959
21791 7304 7200 6 17213 17215 37210 37209 19986 19987
21792 5216 5257 6 17217 17218 85368 85369 85565 17295
21793 5281 5040 4 17219 17220 70715 70452
21794 5040 5257 5 17218 17220 71276 71280 85543
21795 4130 4302 4 17221 17222 81066 81080
21796 4130 4173 10 17222 17223 70562 71559 71717 71718 70850 70849 73104 81067
21797 4297 4130 3 17221 17223 70563
21798 5133 4949 5 17224 17225 70036 70043 70044
21799 5133 5040 4 17225 17226 70697 70035
21800 5040 4949 5 17225 17227 70426 70577 70037
21801 4949 5229 8 17229 17230 70837 70720 70576 70037 70036 70398
21802 4949 5151 4 17228 17229 70436 70435
21803 6161 6035 6 17231 17232 18980 91235 17944 17943
21804 5875 6035 6 17232 17233 50912 90777 32791 18981
21805 6035 6351 6 17231 17233 50910 90787 50774 49525
21806 5325 5552 5 17234 17235 69898 69189 54134
21807 5325 5452 4 17235 17236 69161 69200
21808 5346 5452 5 17236 17237 68262 69110 69109
21809 5346 5552 3 17237 17234 54136
21810 5346 5325 9 17234 17236 69160 69236 69280 69291 69225 55836 54135
21811 5452 5552 5 17235 17237 68119 68117 69899
21812 5779 5794 8 17238 17239 70681 88848 88850 87245 85683 55254
21813 5779 5823 6 17239 17240 88632 87417 87415 70682
21814 5726 5823 4 17240 17241 88460 88461
21815 5726 5794 6 17241 17238 53435 53434 87420 88709
21816 5726 5779 4 17238 17240 85512 55255
21817 5823 5794 6 17239 17241 73973 73282 73283 70683
21818 5374 5224 4 17242 17243 71008 72160
21819 5988 6063 7 17246 17247 55791 51936 51800 19151 19149
21820 5988 5878 8 17247 17245 51651 55805 36976 36975 55869 55798
21821 5988 5799 4 17245 17246 55657 51650
21822 7050 6867 8 17248 17249 88225 56346 56349 89626 87134 87135
21823 7050 7127 3 17249 17250 52052
21824 7266 7127 7 17250 17251 86984 86985 86657 86658 52053
21825 7266 6867 3 17251 17248 87307
21826 7266 7050 8 17248 17250 52051 86309 86308 87182 89629 87306
21827 7127 6867 8 17249 17251 86556 86555 87942 89096 89639 88226
21828 5662 5564 7 17253 17254 84871 84873 92552 70299 70298
21829 5292 5564 6 17254 17255 85038 18847 18849 92555
21830 5292 5700 7 17255 17252 100602 20819 20821 85743 85710
21831 5292 5662 3 17252 17254 92554
21832 5564 5700 4 17253 17255 85711 85709
21833 6467 6433 4 17257 17258 51802 17716
21834 6467 6415 4 17258 17256 51456 51453
21835 9228 9280 5 17261 17262 148337 148335 153152
21836 9004 9280 5 17264 17261 153154 38267 38266
21837 9004 9228 6 17261 17263 21599 21601 157616 153153
21838 9175 9280 5 17262 17264 157966 157955 157954
21839 6117 6131 5 17265 17266 86701 86700 70811
21840 6117 6271 4 17266 17267 69352 87464
21841 6259 6271 6 17267 17268 53194 53196 87178 69354
21842 6259 6131 5 17268 17265 70812 87242 87220
21843 6259 6117 5 17265 17267 69353 55766 55767
21844 6271 6131 5 17266 17268 87097 86872 86873
21845 6250 6345 8 17269 17270 70886 70887 86364 88069 88070 88684
21846 6250 6138 3 17270 17271 88647
21847 6102 6138 7 17271 17272 88370 70842 70841 88316 88433
21848 6102 6345 4 17272 17269 88750 88764
21849 6102 6250 5 17269 17271 88466 88464 88749
21850 6138 6345 5 17270 17272 88763 86660 86661
21851 6241 6594 5 17274 17275 89232 55774 55775
21852 6663 6594 9 17275 17276 55613 55614 55630 89418 89602 89231 89230
21853 6663 6454 8 17276 17273 89222 55765 55688 55689 55617 55616
21854 6663 6241 3 17273 17275 89221
21855 6594 6454 4 17274 17276 51489 51486
21856 5173 5185 3 17277 17278 68373
21857 5393 5185 6 17279 17277 68339 68338 68112 50793
21858 5061 5185 6 17278 17279 50792 68230 68560 68384
21859 6704 6565 5 17280 17281 50141 19142 19143
21860 6704 6370 7 17281 17282 50270 50759 17677 17680 50265
21861 6677 6370 5 17282 17283 19123 19124 49941
21862 6677 6565 5 17283 17280 48386 50250 50180
21863 6677 6704 6 17280 17282 50238 50236 19206 19208
21864 6370 6565 5 17281 17283 50131 48533 48535
21865 9269 9230 7 17284 17285 152508 47869 47870 151988 151992
21866 9060 9230 5 17287 17284 48228 48230 151627
21867 9060 9269 8 17284 17286 22070 97017 47087 47086 105540 151993
21868 9138 9230 10 17285 17287 151628 151692 148496 148498 150695 150696 147329 147328
21869 8336 8067 4 17288 17289 98525 98520
21870 8146 8336 5 17288 17290 37172 37169 86935
21871 4448 4593 5 17291 17292 71622 71775 71755
21872 4448 4463 6 17292 17293 71463 82694 71620 71619
21873 4621 4463 4 17293 17294 69461 71464
21874 4463 4593 6 17292 17294 61115 61112 59653 59655
21875 5483 5216 5 17295 17296 70222 70221 80772
21876 5360 5441 7 17297 17298 87482 87481 70224 70223 70558
21877 5360 5597 5 17298 17299 72108 72123 87435
21878 5282 5360 6 17297 17299 72107 69337 69339 70630
21879 5193 5165 6 70370 70368 70590 17300 17301 -1
21880 5193 5651 4 17301 17302 70545 -1
21881 5434 5651 7 17302 17303 56319 70190 55955 55958 70546
21882 5434 5165 6 17303 17300 70073 70072 70240 56317
21883 5434 5193 4 17300 17302 70538 70540
21884 5651 5165 5 17301 17303 56318 70150 -1
21885 6322 5992 6 17304 17305 92707 84754 84755 92673
21886 6093 5992 5 17307 17304 18268 18270 20104
21887 6093 6322 5 17304 17306 92599 92730 92674
21888 6036 5992 6 17305 17307 92392 92545 92543 92542
21889 5960 5918 6 17308 17309 17905 51885 17764 17765
21890 5960 6225 3 17309 17310 17906
21891 5875 5918 4 17311 17308 17848 50960
21892 5875 5960 4 17308 17310 17874 17847
21893 6225 5918 8 17309 17311 50961 50949 48972 48973 51928 17907
21894 5899 5651 4 17314 17312 17446 70051
21895 5659 5606 4 17315 17316 89069 56147
21896 5659 5628 8 17316 17317 88404 91095 72551 72552 88663 88661
21897 5304 5628 4 17317 17318 72629 72628
21898 5304 5659 5 17315 17317 72463 72465 56148
21899 5628 5606 9 17316 17318 72486 72485 72657 72554 72553 72782 72779
21900 6454 6164 6 17320 17321 17519 17518 89217 55763
21901 6286 6164 7 17321 17322 35742 55951 55794 51939 51937
21902 6286 6368 5 17322 17319 52127 51970 35740
21903 6164 6368 4 17320 17322 35741 55484
21904 7409 7667 5 17323 17324 47701 52825 47416
21905 7409 7521 4 17324 17325 52422 47702
21906 7358 7667 3 17326 17323 37012
21907 7521 7667 6 17324 17326 37013 52363 52026 47703
21908 6999 7071 5 17327 17328 55488 55537 55508
21909 7067 7071 8 17330 17327 54984 54982 55028 35814 35813 35677
21910 7067 6999 6 17327 17329 51915 52607 52609 55504
21911 7418 7071 6 17328 17330 35678 52938 52937 55316
21912 5814 6167 6 17332 17333 88390 87215 87213 88403
21913 6102 6167 6 17333 17334 88793 88464 86972 86970
21914 6102 5814 3 17331 17333 88422
21915 6167 6074 4 17332 17334 88822 88511
21916 7940 7739 3 17336 17337 87744
21917 7976 7739 7 17337 17338 86772 86771 98282 36928 36929
21918 7976 7715 4 17338 17335 87947 98851
21919 7976 7940 7 17335 17337 88423 93464 93465 99145 87945
21920 7739 7715 7 17336 17338 98962 35568 35567 98958 87745
21921 5694 5968 5 17340 17341 70644 70645 70884
21922 5682 5873 5 17342 17339 85719 85753 85717
21923 5682 5694 6 17339 17341 85506 85505 85522 85718
21924 6659 6739 6 17343 17344 88673 89322 89323 88222
21925 6659 6738 6 17344 17345 19962 35997 36000 88674
21926 6718 6738 6 17345 17346 87771 87772 87713 19964
21927 6718 6739 5 17346 17343 88224 90697 88676
21928 6718 6659 4 17343 17345 19963 88223
21929 6738 6739 5 17344 17346 88677 89091 88675
21930 7916 7833 7 17347 17348 90091 98407 21182 21183 93405
21931 7916 7826 6 17348 17349 52339 19851 19849 90092
21932 7465 7833 6 17350 17347 86481 19869 19870 89471
21933 7465 7916 4 17347 17349 20743 20740
21934 7826 7833 4 17348 17350 20395 20393
21935 7425 7397 4 17351 17352 35695 86408
21936 5268 5255 3 17355 17356 50892
21937 5542 5255 5 17356 17357 69154 68659 68658
21938 5542 5179 3 17357 17354 72420
21939 5542 5268 10 17354 17356 68727 88476 49456 49455 70965 70967 71919 71918
21940 5255 5179 7 17355 17357 72484 71061 71060 71953 50893
21941 5085 5196 6 17359 17360 61120 61121 72118 71756
21942 4948 5196 6 17360 17361 69396 70093 55570 55568
21943 4948 4920 6 17361 17358 71823 71674 71675 69395
21944 8321 8653 7 17362 17363 20492 20493 99766 20083 20084
21945 8321 8468 7 17363 17364 21220 85901 85902 84113 20541
21946 8852 8468 9 17364 17365 99579 99578 20745 20700 20701 22878 21222
21947 8852 8653 8 17365 17362 99713 22883 22882 22481 22483 99628
21948 8852 8321 6 17362 17364 21221 102434 102563 99712
21949 8468 8653 3 17363 17365 20542
21950 6374 6206 5 17367 17368 52088 51196 51194
21951 6465 6374 5 17366 17368 55947 55971 55949
21952 6290 6310 5 17371 17372 87149 87150 18016
21953 6290 6209 4 17372 17369 85016 88061
21954 6290 6473 4 17369 17371 18015 85015
21955 6310 6209 7 17370 17372 88048 88049 88251 87169 85832
21956 6298 6108 6 17373 17374 50956 50957 55172 85642
21957 6298 6037 8 17374 17375 19729 87267 87265 87842 87843 88238
21958 6135 6037 4 17375 17376 88995 19731
21959 6135 6108 5 17376 17373 85644 88803 88802
21960 6135 6298 5 17373 17375 19730 89307 85643
21961 6037 6108 3 17374 17376 88239
21962 5125 5203 6 17377 17378 85325 85413 71200 71198
21963 5125 5348 5 17378 17379 85037 85031 85033
21964 5292 5348 4 17379 17380 18848 18847
21965 5292 5203 6 17380 17377 84791 84611 84613 84891
21966 5292 5125 6 17377 17379 85038 85710 85111 85110
21967 5348 5203 5 17378 17380 84944 83450 83448
21968 7040 7323 5 17382 17383 53653 53654 52948
21969 7192 7287 6 17384 17381 40434 53604 39086 39085
21970 7192 7040 3 17381 17383 40432
21971 7323 7287 5 17382 17384 45277 53559 52949
21972 5758 5803 4 17385 17386 20515 92353
21973 5758 5553 6 17386 17387 73830 73828 18052 18050
21974 5583 5553 8 17387 17388 17863 73289 18035 18033 74954 74956
21975 5583 5803 5 17388 17385 92076 87828 17861
21976 5583 5758 5 17385 17387 92274 92368 92359
21977 5553 5803 6 17386 17388 17862 17592 17594 20516
21978 5106 4721 6 17390 17391 85301 83431 83432 85245
21979 4665 4721 8 17391 17392 17672 85086 85085 85315 85314 85313
21980 4665 4722 4 17392 17389 70762 17671
21981 4665 5106 5 17389 17391 83442 82662 82661
21982 4721 4722 5 17390 17392 17670 85294 85246
21983 5978 5825 4 17393 17394 51955 51690
21984 5964 6101 7 17395 17396 51952 50599 50598 55608 55861
21985 5604 5677 4 17397 17398 88366 88357
21986 5643 5677 5 17399 17397 88358 88711 88452
21987 5590 5677 6 17398 17399 87564 87563 88505 88477
21988 6599 6738 7 17400 17401 88586 35999 35997 87759 70352
21989 6599 6957 3 17401 17402 88538
21990 6575 6957 6 17402 17403 18497 85963 70731 70732
21991 6575 6738 4 17403 17400 18464 18463
21992 6575 6599 6 17400 17402 88537 87804 86862 70351
21993 6957 6738 5 17401 17403 18496 87896 87897
21994 5283 5516 5 17404 17405 92241 73827 73702
21995 5283 5508 4 17405 17406 18048 92277
21996 5320 5508 3 17406 17407 18049
21997 5320 5516 8 17407 17404 73704 73804 73641 73640 73601 71625
21998 5320 5283 7 17404 17406 18047 18153 68840 68991 73703
21999 5508 5516 10 17405 17407 71626 73604 73603 73661 91475 91570 91613 92278
22000 5305 5286 7 17408 17409 70657 70655 70763 72086 70828
22001 5305 5105 7 17409 17410 71826 72220 72219 70787 70788
22002 5220 5105 5 17410 17411 71854 71915 71828
22003 5220 5286 7 17411 17408 70405 70404 70528 70527 71853
22004 5220 5305 6 17408 17410 71827 71835 71969 70829
22005 5105 5286 3 17409 17411 70817
22006 6071 5650 4 17412 17413 87483 85950
22007 6071 5441 4 17413 17414 87566 87484
22008 5975 5650 4 17415 17412 70305 70304
22009 5975 6071 4 17412 17414 85607 85606
22010 5441 5650 7 17413 17415 87479 87481 87254 87253 87485
22011 5284 4925 8 17416 17417 72305 72303 72304 72301 72302 72270
22012 5284 4969 3 17417 17418 72285
22013 5068 4969 8 17418 17419 72054 72055 71908 71907 71799 71800
22014 5068 4925 5 17419 17416 72084 72083 72088
22015 5068 5284 8 17416 17418 72248 72246 72224 72223 72272 72271
22016 4969 4925 6 17417 17419 72072 71900 71898 72104
22017 4493 4464 4 17420 17422 70524 70488
22018 5418 5595 4 17424 17425 88227 70834
22019 5590 5418 5 17423 17425 88266 88240 70321
22020 5068 4989 9 17426 17427 67666 67667 72052 72054 72088 72058 71971
22021 5068 5070 4 17427 17428 72387 71819
22022 5158 5070 7 17428 17429 72597 72596 72201 72202 72403
22023 5158 4989 6 17429 17426 71891 71893 73385 73248
22024 5158 5068 6 17426 17428 72404 72407 72272 71972
22025 5070 4989 5 17427 17429 73203 68320 68319
22026 5151 5282 4 17430 17431 70323 70324
22027 5229 5282 4 17431 17432 69337 69340
22028 5282 5220 7 17430 17432 72107 72109 70928 70927 71964
22029 6177 6121 6 17433 17434 91488 88264 71909 71912
22030 6177 6012 4 17434 17435 91071 91487
22031 6097 6012 6 17435 17436 88147 88148 92095 91072
22032 6097 6121 5 17436 17433 88440 88300 88287
22033 6097 6177 5 17433 17435 86228 77860 77862
22034 6012 6121 4 17434 17436 88286 91489
22035 5139 5058 4 17437 17438 70403 70402
22036 5272 5058 6 17438 17439 70148 70120 70095 70096
22037 5058 5451 5 17437 17439 56177 56178 70162
22038 4818 4830 8 17440 17441 73679 73680 72538 72539 73549 72856
22039 4818 4875 7 17441 17442 77944 77965 77970 77964 77963
22040 5073 4875 6 17442 17443 77641 77642 77775 77914
22041 4875 4830 4 17441 17443 77772 77770
22042 5749 5899 6 17445 17446 70146 70147 55247 55249
22043 5749 5651 5 17446 17444 35534 70202 70149
22044 6641 6467 3 17448 17449 51719
22045 6641 6393 10 17449 17447 90775 90774 52285 52284 51926 51925 51984 51985
22046 6641 6712 7 17447 17448 51718 51033 51032 90788 90865
22047 7496 7357 4 17450 17451 56379 56004
22048 7279 7357 3 17451 17452 56380
22049 6522 6802 6 17453 17454 91653 91745 91857 23848
22050 6522 6811 6 17454 17455 95915 95895 95692 91654
22051 6981 6811 9 17455 17456 95624 95827 95874 95831 94871 73906 73907
22052 6981 6522 3 17453 17455 23849
22053 6811 6802 3 17454 17456 91655
22054 6978 7241 5 17457 17458 86794 87345 89855
22055 6944 7241 4 17458 17459 56365 56366
22056 7241 7195 6 17457 17459 18448 18445 86255 86256
22057 7752 7400 8 17460 17461 97233 46687 46688 90034 90028 90029
22058 7752 7397 4 17461 17462 89696 89695
22059 7714 7397 4 17462 17463 86718 86717
22060 7714 7400 4 17463 17460 89661 88707
22061 7714 7752 7 17460 17462 98490 98492 98495 89636 89638
22062 1675 2153 8 17464 17465 99861 99862 113463 101664 101662 113459
22063 1675 1635 7 17465 17466 113619 113559 84164 82520 82518
22064 2979 1635 5 17466 17467 113281 113282 113620
22065 2979 2153 4 17467 17464 113461 113783
22066 2979 1675 5 17464 17466 113558 113509 113460
22067 1635 2153 4 17465 17467 113779 113455
22068 6726 6966 7 17468 17469 92210 92155 17977 17975 92148
22069 6609 6966 8 17470 17468 92149 91956 91814 91815 90341 52447
22070 6556 6966 5 17469 17470 17697 17696 19546
22071 7526 7349 5 17471 17472 55555 89473 55661
22072 7881 7826 4 17475 17476 52339 52340
22073 7881 7872 6 17476 17474 87588 97858 93522 93026
22074 7881 7621 9 17474 17475 92778 92789 90068 90067 97486 97861 87587
22075 6674 6762 7 17477 17478 86190 86282 86286 86289 86077
22076 6758 6762 6 17479 17477 86079 86233 86235 86236
22077 7065 6762 7 17478 17479 86250 99753 86249 85879 85881
22078 6600 6837 6 17480 17481 89421 89422 87120 87121
22079 6600 6830 5 17481 17482 86850 86848 87115
22080 6841 6830 6 17482 17483 86509 86557 86554 89463
22081 6841 6837 7 17483 17480 89495 87101 87100 86999 86508
22082 6841 6600 5 17480 17482 89462 89597 89595
22083 6830 6837 5 17481 17483 56432 56431 87066
22084 3949 4204 5 17484 17485 75760 75853 78548
22085 6580 6672 4 17487 17488 89384 52243
22086 6580 6629 6 17488 17486 88899 90769 90317 90319
22087 6580 6774 5 17486 17487 52242 55553 88898
22088 6800 7119 4 17490 17491 86328 17502
22089 6800 6957 8 17491 17489 87897 88538 70732 70733 87064 86327
22090 6800 6985 4 17489 17490 17500 87889
22091 7993 7844 8 17493 17494 36038 36039 86514 86512 86633 98393
22092 8117 7844 4 17494 17495 98432 86037
22093 8117 8087 7 17495 17492 19854 32968 32967 90232 98436
22094 8117 7993 4 17492 17494 86036 19853
22095 7844 8087 3 17493 17495 98394
22096 6956 6835 7 17496 17497 87930 88715 18122 18125 87027
22097 6956 6859 6 17497 17498 86889 86888 89116 87931
22098 7100 6859 3 17498 17499 89511
22099 7100 6835 6 17499 17496 89607 89605 89512 89510
22100 7100 6956 6 17496 17498 18324 18323 56241 89641
22101 6859 6835 6 17497 17499 89492 89365 89364 87932
22102 6889 6985 5 17500 17501 89609 89608 87888
22103 6889 7119 9 17501 17502 86807 36710 36708 52624 52625 87028 89606
22104 8949 8467 5 17504 17505 19606 93852 93203
22105 8949 8427 4 17505 17503 93710 19605
22106 8949 8635 6 17503 17504 93202 93707 93788 93709
22107 7416 7632 4 17506 17507 90123 90120
22108 7621 7632 4 17507 17508 90397 90124
22109 7732 7647 9 17509 17510 86893 36574 36577 92940 37386 37387 98565
22110 7732 7573 3 17510 17511 20290
22111 7643 7647 3 17512 17509 98566
22112 7643 7732 7 17509 17511 20289 98978 98789 18526 18528
22113 7573 7647 7 17510 17512 98997 98390 98392 86498 86500
22114 8613 8755 8 17513 17514 47116 98028 93874 47232 47231 98009
22115 8613 8420 4 17514 17515 19742 47117
22116 8676 8420 5 17515 17516 18572 21559 19744
22117 8676 8755 6 17516 17513 98026 98080 47268 18571
22118 8676 8613 5 17513 17515 19743 98149 98025
22119 8420 8755 4 17514 17516 18570 47118
22120 6164 6336 5 17519 17517 55776 51938 51937
22121 6164 6241 6 17517 17518 89215 70826 53845 53844
22122 7495 7984 7 17520 17521 94258 94272 93824 22528 22529
22123 7495 7697 3 17521 17522 94257
22124 7414 7697 6 17522 17523 93286 93015 35738 35737
22125 7414 7984 3 17523 17520 93370
22126 7414 7495 8 17520 17522 94255 93144 93143 94321 101092 94176
22127 7697 7984 7 17521 17523 93369 93119 93120 93430 93431
22128 6473 6625 7 17524 17525 85692 88179 86706 86705 88198
22129 6459 6625 5 17525 17526 90640 18883 18885
22130 6625 6524 8 17524 17526 92762 87684 87683 92763 88076 88075
22131 6984 7017 7 17528 17529 85819 85817 18432 18430 86070
22132 7068 7017 5 17529 17530 85978 86196 86194
22133 7068 6804 7 17530 17527 87394 56211 56212 20346 20348
22134 7068 6984 6 17527 17529 87699 87736 87735 87734
22135 6058 6023 6 17531 17532 88190 88191 87529 87467
22136 6058 5936 8 17532 17533 87500 70225 70226 87575 87577 88250
22137 5724 5936 7 17533 17534 88020 87388 87389 87545 87501
22138 5724 6023 7 17534 17531 87469 87495 72028 72029 88249
22139 5724 6058 3 17531 17533 87468
22140 5936 6023 3 17532 17534 88248
22141 9647 9290 3 17535 17536 108032
22142 9647 9473 6 17536 17537 21823 21824 103344 103345
22143 9739 9473 6 17537 17538 102663 102741 20848 20849
22144 9739 9290 6 17538 17535 104356 104355 102820 102662
22145 9739 9647 9 17535 17537 23322 21286 21287 23166 93799 99559 103910
22146 9473 9290 8 17536 17538 98760 98758 99806 99805 108084 108033
22147 6357 6682 8 17539 17540 55380 55381 51699 51697 55728 55743
22148 6357 6288 8 17540 17541 53850 55465 50818 50819 55621 55589
22149 6415 6288 7 17541 17542 45244 51340 51343 51932 53851
22150 6415 6682 6 17542 17539 55745 51922 17691 17689
22151 6415 6357 3 17539 17541 53849
22152 6288 6682 3 17540 17542 45243
22153 6923 6868 6 17543 17544 55626 55624 55623 55260
22154 6817 6882 8 17545 17546 52186 47555 47554 52029 52030 55654
22155 6817 6868 8 17546 17543 55262 55320 52176 52175 52199 52185
22156 6817 6923 3 17543 17545 55261
22157 6882 6868 3 17544 17546 52184
22158 8180 8428 7 17547 17548 18898 18899 99260 98768 98752
22159 8180 8207 6 17548 17549 99044 98440 98441 98651
22160 8218 8428 7 17550 17547 98753 98922 98883 98882 98898
22161 8218 8180 4 17547 17549 86594 86595
22162 8207 8428 4 17548 17550 98928 98932
22163 3218 3206 7 17551 17552 75973 75972 107791 75959 75957
22164 3218 3645 5 17552 17553 23862 75948 84398
22165 3567 3645 4 17553 17554 74717 23863
22166 3567 3218 4 17551 17553 23861 75916
22167 3645 3206 6 17552 17554 74716 23978 23977 84409
22168 7889 7803 5 17555 17556 47482 47483 95782
22169 7938 7608 5 17557 17558 95745 94001 94002
22170 7938 7803 7 17558 17555 19252 19254 97465 97612 97482
22171 7938 7889 5 17555 17557 46761 46760 97570
22172 7608 7803 5 17556 17558 97483 97605 52232
22173 7344 7566 6 17559 17561 86375 86373 86758 19811
22174 6175 6208 4 17562 17563 55668 55669
22175 6111 6208 6 17564 17562 56163 56162 89238 87154
22176 6187 6080 6 17565 17566 74380 74381 92446 92068
22177 6187 5812 6 17566 17567 88107 92578 92617 91430
22178 6323 5812 4 17567 17568 18582 18584
22179 6323 6080 4 17568 17565 92069 94461
22180 6323 6187 4 17565 17567 88108 91607
22181 5812 6080 6 17566 17568 94460 92615 92289 91431
22182 10195 11600 4 17569 17570 23743 21117
22183 10195 10349 6 17570 17571 102149 102152 102459 23744
22184 10613 10349 5 17571 17572 102090 21361 21360
22185 10349 11600 4 17570 17572 102064 23745
22186 7266 7147 5 17573 17574 52051 52053 86337
22187 7266 7295 5 17574 17575 86620 86311 86309
22188 7347 7295 5 17575 17576 86414 86479 86622
22189 7347 7147 5 17576 17573 86339 53395 53397
22190 7347 7266 6 17573 17575 86621 86690 86689 86338
22191 7295 7147 5 17574 17576 86413 86572 89468
22192 7794 7697 5 17577 17578 93286 93369 92103
22193 7794 7377 9 17578 17579 92812 92813 85975 85976 100142 100504 93287
22194 7702 7377 7 17579 17580 90095 90094 93168 20244 20242
22195 7702 7697 6 17580 17577 18909 18908 35736 35738
22196 7702 7794 3 17577 17579 92102
22197 7377 7697 3 17578 17580 93015
22198 7234 7274 5 17581 17582 18519 18517 99098
22199 7234 7109 5 17582 17583 87987 18522 18521
22200 7327 7234 4 17581 17583 91456 99099
22201 5756 4898 5 17584 17585 21237 99830 85882
22202 5756 4944 5 17585 17586 100434 100491 21238
22203 5571 4944 7 17586 17587 83316 84185 83066 83068 85164
22204 5571 5756 7 17584 17586 18897 18894 101330 99637 85883
22205 7687 7793 5 17588 17589 89970 52512 52513
22206 7687 7812 6 17589 17590 52470 19898 19899 89971
22207 7618 7793 4 17591 17588 52518 52520
22208 7618 7687 5 17588 17590 19603 19600 89410
22209 7812 7793 5 17589 17591 90293 90173 89972
22210 5803 5609 3 17592 17593 18334
22211 5803 5785 5 17593 17594 87626 17928 17929
22212 5553 5785 5 17594 17595 92239 18052 18053
22213 5553 5609 5 17595 17592 55848 91730 91729
22214 5785 5609 8 17593 17595 74657 74656 92360 92258 92257 18335
22215 4091 4042 5 17596 17597 85239 83636 83635
22216 4042 3980 6 17596 17598 24023 18816 18817 83541
22217 6752 6978 7 17599 17600 88028 88047 87877 87878 87813
22218 6944 6906 6 17601 17602 56366 56363 87953 87882
22219 6944 6752 4 17599 17601 87825 87814
22220 6906 6978 4 17600 17602 86794 87344
22221 8235 8227 5 17604 17605 99141 99011 98945
22222 7937 8227 4 17605 17606 98420 98421
22223 7937 8145 5 17606 17603 20077 98850 99133
22224 7937 8235 5 17603 17605 99140 99144 20076
22225 8227 8145 6 17604 17606 37048 37050 86344 98946
22226 8199 8067 8 17607 17608 19834 19832 32991 21562 21564 98525
22227 8027 8188 5 17609 17610 98435 98433 19844
22228 8188 8067 4 17608 17610 86764 52032
22229 7710 7699 7 17611 17612 52201 86923 90030 19800 19799
22230 7712 7699 5 17613 17611 37022 37024 52581
22231 7475 7699 4 17612 17613 52154 52153
22232 8281 8093 7 17614 17615 93705 52454 52455 97832 97830
22233 8281 8083 6 17615 17616 93735 97523 97524 97835
22234 7997 8083 5 17616 17617 90281 97138 93736
22235 7997 8093 9 17617 17614 97831 97853 97848 97847 97862 97845 90279
22236 7997 8281 4 17614 17616 22681 22680
22237 8083 8093 6 17615 17617 90280 97856 97863 97836
22238 6918 7062 4 17620 17621 19814 19812
22239 6918 7310 6 17621 17618 19104 50509 50510 50521
22240 6918 7021 6 17618 17620 47779 47776 91033 19103
22241 7062 7310 5 17619 17621 50522 90911 90388
22242 8635 8961 6 17622 17623 92684 92687 93709 93584
22243 8635 8695 11 17623 17624 93751 93786 94046 94074 19516 19514 93666 93536 93534
22244 8523 8695 6 17624 17625 93167 93563 93561 93752
22245 8523 8961 7 17625 17622 93586 93899 93916 93917 93166
22246 8523 8635 3 17622 17624 93585
22247 8695 8961 3 17623 17625 93165
22248 8816 8635 6 17626 17627 22703 93690 93938 93666
22249 8816 8875 6 17627 17628 94059 108141 93732 22704
22250 8883 8875 6 17628 17629 93789 94015 93846 93845
22251 8883 8635 6 17629 17626 93536 92685 92687 93788
22252 8883 8816 7 17626 17628 94051 90711 90709 98831 93667
22253 8875 8635 7 17627 17629 93707 20097 19507 19509 22630
22254 7647 7527 5 17630 17631 98390 98391 93079
22255 7647 7792 5 17631 17632 98565 98566 98997
22256 7796 7792 7 17632 17633 20024 20023 36916 98856 98991
22257 7796 7527 4 17633 17630 86819 86820
22258 7796 7647 7 17630 17632 37387 37389 52279 52278 93080
22259 7792 7527 6 17631 17633 51989 51988 36904 36906
22260 8235 7927 3 17634 17635 21316
22261 8235 8131 8 17635 17636 20351 20349 99696 98263 94060 21317
22262 7976 8131 3 17636 17637 98282
22263 7976 7927 7 17637 17634 36283 36285 19775 19777 36928
22264 7976 8235 8 17634 17636 86771 20075 20076 99145 99142 98482
22265 8131 7927 7 17635 17637 19780 19779 99091 99090 21318
22266 6684 6415 7 17638 17639 49053 17690 17689 45244 51610
22267 6684 6423 3 17639 17640 49054
22268 6781 6423 5 17640 17641 51435 51437 50661
22269 6423 6415 8 17639 17641 51935 51934 51731 51733 51867 49055
22270 7517 7745 4 17642 17643 47749 97198
22271 7517 7668 9 17643 17644 17668 90452 90455 90222 50311 50312 47748
22272 7521 7517 6 17642 17644 17669 52055 90386 97697
22273 5882 5298 5 17645 17646 69046 76897 96595
22274 5572 5534 5 17647 17648 77672 96567 96009
22275 5572 5298 3 17648 17645 77671
22276 5572 5882 6 17645 17647 50226 50228 96525 96593
22277 5534 5298 9 17646 17648 77658 77536 77535 77725 73007 73006 69047
22278 7628 7928 7 17651 17649 94136 95191 95297 95301 95242
22279 7856 7928 4 17650 17651 94534 94533
22280 6479 6463 8 17652 17653 90937 90938 18336 18338 90578 90476
22281 6479 6297 7 17653 17654 90964 91782 91781 91349 91347
22282 6404 6479 3 17652 17654 90477
22283 6297 6463 3 17653 17655 91837
22284 5547 5327 5 17656 17657 72427 72455 87408
22285 5547 5515 9 17657 17658 88694 88955 88617 88618 72016 72018 72263
22286 5561 5515 7 17658 17659 51378 52712 88854 88818 88695
22287 5561 5327 5 17659 17656 87419 51516 51376
22288 5561 5547 3 17656 17658 88405
22289 5515 5327 4 17657 17659 51377 72428
22290 8131 8013 4 17660 17661 93419 93198
22291 8131 8008 7 17661 17662 20469 86629 99668 18964 18967
22292 7806 8008 6 17662 17663 99428 100299 20210 20208
22293 8008 8013 7 17661 17663 93849 93850 93530 93454 93420
22294 8616 8428 8 17664 17665 99234 99235 99248 99260 99241 99149
22295 8616 8552 5 17665 17666 98842 98841 99228
22296 8587 8552 6 17666 17667 98920 17777 17778 98790
22297 8587 8428 5 17667 17664 98930 98872 98874
22298 8587 8616 7 17664 17666 99118 99117 93600 93599 98104
22299 8552 8428 8 17665 17667 98881 98883 93141 93140 99120 99119
22300 7517 7626 4 17668 17669 52054 90453
22301 4533 4721 3 17672 17670 85312
22302 4533 4722 6 17670 17671 70567 70566 71207 85334
22303 5173 4955 7 17674 17675 69509 68654 63583 51899 51900
22304 5375 4955 5 17675 17676 50584 61505 69500
22305 5375 5351 12 17676 17673 69512 68702 56118 56119 65536 49088 49089 67942 67944 50583
22306 5375 5173 3 17673 17675 69508
22307 4955 5351 3 17674 17676 50582
22308 6385 6704 3 17677 17678 50751
22309 6385 6528 7 17678 17679 50747 49512 49510 50292 50290
22310 6370 6528 3 17679 17680 50267
22311 7469 7240 4 17682 17683 85732 85730
22312 7068 7240 9 17683 17684 20303 86195 86196 86197 99914 100133 86021
22313 7240 7357 3 17682 17684 20301
22314 7364 7028 6 17685 17686 92189 91706 91705 93190
22315 7364 7167 6 17686 17687 18825 94478 92691 92190
22316 7564 7167 5 17687 17688 22651 22650 18827
22317 7564 7028 3 17688 17685 93192
22318 7564 7364 5 17685 17687 18826 93289 93191
22319 7167 7028 6 17686 17688 93398 93397 93825 92191
22320 6415 6732 6 17690 17691 51923 51866 51867 51646
22321 6303 6159 6 17692 17693 72783 96571 96635 96634
22322 6303 5701 5 17693 17694 77451 91652 72784
22323 5976 5701 6 17694 17695 91220 95989 95993 77453
22324 5976 6159 7 17695 17692 96637 91228 91217 91218 91219
22325 5976 6303 3 17692 17694 77452
22326 5701 6159 4 17693 17695 91216 72785
22327 6966 6533 4 17697 17698 18668 52447
22328 6606 6533 4 17698 17699 91786 18669
22329 6606 6556 9 17699 17696 19547 46562 90365 91762 91882 91784 91783
22330 6606 6966 6 17696 17698 18667 91957 95765 19545
22331 7870 8063 7 17701 17702 97249 47303 47306 86903 98845
22332 7870 8027 3 17702 17700 97247
22333 7870 7640 6 17700 17701 98965 37227 37229 37611
22334 7233 7038 7 17703 17704 95779 95756 95754 95796 95194
22335 7233 7183 6 17704 17705 97591 95771 95770 95777
22336 7213 7183 10 17705 17706 90107 50670 50671 90137 90591 90592 97530 97566
22337 7213 7038 7 17706 17703 95195 90931 90763 17751 17748
22338 7213 7233 4 17703 17705 94012 94011
22339 7183 7038 3 17704 17706 91660
22340 7780 8041 5 17708 17709 99027 93466 93160
22341 7870 8041 3 17709 17710 92752
22342 7870 7850 6 17710 17707 86929 98965 98845 92751
22343 7870 7780 9 17707 17709 99048 99047 86868 86870 87021 98982 86928
22344 7606 7232 5 17712 17713 47617 77572 49912
22345 7412 7232 5 17713 17714 50360 50382 47618
22346 7412 7514 7 17714 17711 49516 48437 48436 50335 50337
22347 7412 7606 6 17711 17713 47616 50295 50297 50373
22348 7232 7514 4 17712 17714 50351 49913
22349 6467 6781 6 17715 17716 51978 49564 49565 50648
22350 6964 7019 8 17717 17718 86709 86707 89173 90012 87764 87765
22351 6964 7053 5 17718 17719 90624 89787 89788
22352 7328 7053 6 17719 17720 90052 90537 90628 90653
22353 7328 7019 7 17720 17717 90637 90676 90667 90665 90051
22354 7328 6964 3 17717 17719 90636
22355 7053 7019 5 17718 17720 90050 90211 89939
22356 7759 8037 5 17721 17722 90420 52355 52356
22357 8149 8037 4 17723 17721 95763 48101
22358 8264 8037 7 17722 17723 47165 47166 46756 46271 46273
22359 7190 7135 6 17724 17725 53109 51332 51333 43093
22360 7190 7269 6 17725 17726 52778 53965 45880 45879
22361 7485 7190 4 17724 17726 52777 43092
22362 5121 4981 4 17728 17729 72909 72696
22363 5121 5293 7 17729 17730 69005 72761 72695 72694 72908
22364 5104 5293 4 17730 17731 72565 69006
22365 5293 4981 6 17729 17731 72671 72765 68450 68449
22366 4607 4501 3 17732 17733 77923
22367 6919 6673 6 17735 17736 89978 90663 92709 92827
22368 6862 6673 5 17737 17735 92760 92747 92708
22369 6792 6673 6 17736 17737 18139 18138 86169 89979
22370 5095 5161 7 17738 17739 72443 72442 73942 73903 73708
22371 5095 4908 7 17739 17740 73236 73237 73891 73342 73343
22372 5128 4908 4 17740 17741 73624 73524
22373 5128 5095 4 17738 17740 17936 17935
22374 4908 5161 6 17739 17741 73489 68930 18229 18231
22375 4748 5187 10 17742 17743 77003 77148 76884 76654 65862 65860 77382 77256
22376 4748 4264 3 17743 17744 77004
22377 11917 4748 8 17742 17744 76913 76912 65672 65671 77244 77257
22378 5932 5937 3 17746 17747 85410
22379 6826 7038 6 17748 17749 91853 91935 95779 91660
22380 7213 7108 6 17750 17751 90764 18983 18982 50670
22381 7213 6826 3 17748 17750 90107
22382 6227 6349 6 17752 17753 87829 88641 89274 71053
22383 6227 6327 9 17753 17754 88773 88772 51711 51710 72603 72606 87830
22384 6398 6327 5 17754 17755 52083 88369 88777
22385 6398 6349 8 17755 17752 71055 88508 72448 72447 92055 52082
22386 6398 6227 5 17752 17754 88782 72612 71054
22387 6327 6349 3 17753 17755 52081
22388 6419 6611 6 17756 17757 85649 88846 74312 74313
22389 6419 6734 3 17757 17758 83399
22390 6700 6734 5 17758 17759 100516 100517 83400
22391 6700 6419 5 17756 17758 83398 91275 91274
22392 5951 5937 5 17761 17762 71121 71124 18428
22393 5710 5937 5 17762 17763 85624 85625 88071
22394 5937 6120 5 17761 17763 86218 20564 18429
22395 5960 5900 7 17765 17766 69024 73924 73925 17873 17847
22396 5574 5900 5 17766 17767 17877 17876 69025
22397 5900 5918 4 17765 17767 50780 17848
22398 4475 4673 4 17769 17770 83300 83301
22399 4581 4673 5 17770 17771 83290 83289 84734
22400 4581 4475 5 17768 17770 84733 84991 85168
22401 4673 4972 7 17769 17771 85218 85456 85227 85226 83303
22402 5296 5094 4 17773 17774 72452 72453
22403 5296 5132 9 17774 17772 73178 73177 73595 73594 73701 71750 71749
22404 5296 5107 5 17772 17773 72576 72578 73988
22405 8849 8854 7 17775 17776 20294 20292 102987 102843 37282
22406 8849 8552 4 17776 17777 98919 86299
22407 8587 8854 5 17778 17775 37284 20110 20109
22408 8587 8849 4 17775 17777 98908 37283
22409 8552 8854 5 17776 17778 93539 93473 86300
22410 6799 6612 5 17779 17780 94104 91683 91681
22411 6799 6756 10 17780 17781 92602 100900 94337 94340 94364 94365 94354 94252
22412 6991 6756 5 17781 17782 100184 101080 92603
22413 6991 6612 9 17782 17779 91878 91879 92267 92696 18041 18040 100183
22414 6991 6799 4 17779 17781 92601 92559
22415 6756 6612 5 17780 17782 100182 92771 92773
22416 6995 7141 8 17783 17784 51402 51400 52762 52764 52765 52817
22417 6995 7309 6 17784 17785 52722 51393 51391 52552
22418 7293 6995 4 17783 17785 52893 52894
22419 7309 7141 5 17784 17786 52498 51428 51429
22420 6306 6537 4 17787 17788 90318 90746
22421 6306 6580 3 17788 17789 90317
22422 6214 6580 6 17789 17790 52069 52114 52113 90769
22423 6214 6537 6 17790 17787 90797 69074 69075 52067
22424 6214 6306 7 17787 17789 89394 89396 90065 90869 90796
22425 6580 6537 8 17788 17790 52068 90569 90702 89385 89384 90319
22426 6519 6569 4 17791 17792 89526 91399
22427 6519 6285 6 17792 17793 92022 91835 91836 89527
22428 6517 6285 5 17793 17794 51209 88732 90785
22429 6517 6569 7 17794 17791 90819 90805 90804 90811 51208
22430 6517 6519 7 17791 17793 88644 88643 72496 72498 91979
22431 6285 6569 5 17792 17794 51207 89084 89083
22432 2374 2122 5 17795 17796 136626 118832 118833
22433 2374 2258 3 17796 17797 135073
22434 2291 2258 6 17797 17798 119472 119423 119425 135074
22435 2291 2122 6 17798 17795 135565 135564 134328 120028
22436 2291 2374 5 17795 17797 119050 116040 116042
22437 2258 2122 5 17796 17798 120027 136266 136627
22438 6504 6251 3 17800 17801 49592
22439 6390 6091 4 17802 17799 45864 49816
22440 6390 6504 6 17799 17801 46697 19324 19325 45863
22441 6774 6769 5 17803 17804 52242 52128 50771
22442 6672 6769 6 17804 17805 90765 52101 52099 52243
22443 6769 6791 4 17803 17805 90899 50772
22444 6240 6141 4 17806 17807 53836 55451
22445 7625 7520 5 17809 17810 95200 94558 94559
22446 7625 8060 4 17810 17811 95228 95199
22447 7820 8060 5 17811 17812 94233 94313 95028
22448 7820 7520 6 17812 17809 94228 22301 22300 93295
22449 7820 7625 8 17809 17811 95220 91167 91166 92975 92893 92895
22450 8060 7520 8 17810 17812 20726 20725 84467 84469 94564 94777
22451 6415 6246 8 17813 17814 51731 51732 53747 55984 55726 51932
22452 6415 6262 5 17814 17815 51653 51656 51934
22453 6350 6262 5 17815 17816 51843 51532 51531
22454 6350 6246 5 17816 17813 51805 51806 51841
22455 6350 6415 6 17813 17815 51454 51456 51341 51343
22456 6262 6246 5 17814 17816 51842 51948 51944
22457 7300 7542 4 17817 17818 35802 51657
22458 7300 7225 5 17818 17819 19889 36462 35803
22459 7475 7225 4 17819 17820 52674 19890
22460 7475 7542 6 17820 17817 52152 52154 52048 52046
22461 7225 7542 7 17818 17820 52673 46373 37001 37003 35804
22462 6979 7271 7 17823 17821 50632 50630 51461 50610 49570
22463 5856 5627 3 17826 17827 67404
22464 6916 7246 5 17828 17829 90875 90836 90837
22465 6870 7246 7 17831 17828 46264 46266 47329 47328 50585
22466 6870 6916 6 17828 17830 90916 90790 90789 90856
22467 7062 7246 8 17829 17831 47601 47600 90333 90469 90467 90471
22468 8580 8728 8 17832 17833 47888 47584 47582 19345 19295 19294
22469 8728 8804 5 17832 17834 21561 47062 48016
22470 7466 7173 4 17835 17836 90154 89949
22471 7466 7284 8 17836 17837 52351 52003 52002 90484 90479 90287
22472 7372 7284 5 17837 17838 52235 52233 52266
22473 7372 7173 6 17838 17835 89950 89351 89353 89508
22474 7372 7466 5 17835 17837 52353 52354 89948
22475 7284 7173 5 17836 17838 90205 90412 90288
22476 7722 7403 4 17839 17840 18985 18987
22477 7722 7445 7 17840 17841 45339 19728 19727 35718 35716
22478 7461 7445 7 17841 17842 52405 52406 45996 45995 51479
22479 7461 7403 6 17842 17839 36622 52752 52690 52689
22480 7461 7722 6 17839 17841 52536 52448 52287 36621
22481 7445 7403 8 17840 17842 52723 52725 36180 36181 47386 36255
22482 4702 4050 4 17844 17845 64801 44267
22483 4675 4050 5 17845 17846 64618 64148 64149
22484 4675 4702 6 17843 17845 64800 50066 50022 50024
22485 5514 5488 6 17849 17850 50810 50811 67357 68366
22486 5514 5791 6 17850 17851 65147 65145 68837 68838
22487 5393 5791 5 17851 17852 51191 51192 68062
22488 6004 5799 6 17853 17854 55859 55679 55680 55697
22489 6004 6063 7 17854 17855 51890 51891 53178 55690 55860
22490 5854 6063 4 17855 17856 19149 19150
22491 5854 5799 5 17856 17853 69191 55656 55657
22492 6418 6289 7 17857 17858 77861 77859 85866 85867 92977
22493 6418 6207 6 17858 17859 89263 19597 19598 90655
22494 6509 6207 5 17859 17860 88384 88556 88557
22495 6509 6289 7 17860 17857 92966 89475 88726 88723 88383
22496 6509 6418 5 17857 17859 92047 92044 92962
22497 6207 6289 6 17858 17860 20327 20329 87445 87444
22498 5803 5732 7 17861 17862 18334 17929 17930 88344 87827
22499 5583 5732 5 17863 17861 73883 73885 74944
22500 5553 5732 5 17862 17863 73864 73865 55848
22501 7454 7572 6 17865 17866 93055 95089 93994 91719
22502 7557 7572 5 17866 17867 92950 92949 92992
22503 7557 7907 9 17867 17864 90979 93818 93560 93559 93774 93777 93767
22504 7557 7454 7 17864 17866 93054 94674 94673 95087 90978
22505 7572 7907 4 17865 17867 93768 91720
22506 6673 6439 8 17868 17869 92719 92755 92750 92748 92708 18139
22507 6673 6418 5 17869 17870 20631 20632 92720
22508 6706 6418 7 17870 17871 88081 88083 92959 92044 92045
22509 6706 6439 5 17871 17868 18140 87793 87794
22510 6706 6673 5 17868 17870 86138 86136 18138
22511 6418 6439 5 17869 17871 88438 88343 88342
22512 6161 5900 4 17875 17873 91189 18980
22513 6161 5960 9 17873 17874 17906 17905 51476 50788 50787 18764 18763
22514 5173 5135 4 17878 17879 69097 68447
22515 5393 5001 3 17880 17881 68339
22516 5393 5135 7 17881 17878 68448 69002 68362 68364 68338
22517 5001 5135 5 17879 17881 59605 59602 68401
22518 4280 4477 3 17882 17883 75178
22519 4280 4350 10 17883 17884 71385 71386 80521 80519 78160 78139 75097 75095
22520 4429 4350 3 17884 17885 80697
22521 4429 4477 8 17885 17882 75179 74693 74100 74102 74592 80703
22522 8114 8138 7 17886 17887 95621 18725 18728 90282 90283
22523 8114 8481 6 17887 17888 97225 97226 95680 95620
22524 8812 8481 8 17888 17889 93293 93291 21807 21808 93964 97340
22525 8812 8138 5 17889 17886 97200 97501 97494
22526 8812 8114 3 17886 17888 97199
22527 8481 8138 6 17887 17889 95669 21769 21766 95622
22528 7201 7081 7 17892 17893 49505 49504 51316 46656 44571
22529 7201 6979 4 17893 17890 49570 49571
22530 7201 7149 4 17890 17892 44570 50611
22531 6085 6530 9 17894 17895 96688 96521 77438 77439 65418 65421 96427
22532 7123 6200 9 17896 17897 50157 50158 96333 96110 96035 90934 90935
22533 7123 6530 4 17897 17894 50276 50274
22534 7123 6085 4 17894 17896 96312 96311
22535 6200 6530 3 17895 17897 77454
22536 7212 6729 4 17899 17900 19010 19008
22537 7037 6729 7 17900 17901 96453 91054 91055 91546 91549
22538 7037 7314 4 17901 17898 19058 95701
22539 6729 7314 6 17899 17901 96786 96797 96454 96455
22540 6918 6934 6 17902 17903 89958 90961 89952 89953
22541 7173 6934 5 17904 17902 90570 90923 90933
22542 7069 6934 8 17903 17904 90859 90858 90927 47612 47614 89960
22543 6161 5918 3 17905 17907 51886
22544 7206 7085 5 17908 17909 89439 89440 89554
22545 7206 7257 7 17909 17910 89781 89801 90016 98472 89614
22546 7116 7257 7 17910 17911 47435 47434 87935 36952 36951
22547 7116 7085 5 17911 17908 52629 52626 55528
22548 7116 7206 5 17908 17910 89780 56243 56242
22549 7257 7085 5 17909 17911 86825 86525 86524
22550 7197 6935 7 17912 17913 86482 86484 20612 20613 92939
22551 7197 6940 3 17913 17914 88010
22552 6978 6935 5 17915 17912 88396 18511 18355
22553 6978 7197 8 17912 17914 92830 89733 89732 89855 89854 90654
22554 6940 6935 8 17913 17915 18356 92780 100071 93251 36608 36607
22555 7416 7276 6 17916 17917 90056 93025 92104 89513
22556 7416 7249 4 17917 17918 90445 90057
22557 7549 7249 5 17918 17919 18293 18291 88957
22558 7549 7276 4 17919 17916 89514 19906
22559 7249 7276 6 17917 17919 19907 52420 91966 90058
22560 5765 6152 5 17920 17921 92594 92381 88381
22561 5765 6003 3 17921 17922 92593
22562 5647 6003 8 17922 17923 92367 19523 19525 92244 92597 92618
22563 5647 6152 4 17923 17920 88382 92445
22564 5647 5765 9 17920 17922 92619 74907 74906 74377 74379 18196 18195
22565 6003 6152 6 17921 17923 92406 92177 92176 92595
22566 6188 5782 3 17924 17925 91763
22567 6188 5709 5 17925 17926 75048 91118 91540
22568 6046 5709 5 17926 17927 88221 55612 55609
22569 6046 5782 5 17927 17924 91768 91442 88220
22570 6046 6188 9 17924 17926 73193 73195 91348 91132 89118 89119 91525
22571 5709 5782 6 17925 17927 88219 90895 90568 90567
22572 5946 5732 8 17930 17931 91346 73755 73756 73789 73788 88346
22573 5946 5785 6 17931 17928 87627 91383 92259 92257
22574 5946 5803 6 17928 17930 88345 84817 84816 87625
22575 5732 5785 3 17929 17931 18335
22576 4063 4198 5 17932 17933 81313 81588 81571
22577 4063 3973 5 17933 17934 79656 81527 81314
22578 4077 4063 5 17932 17934 79657 78352 78353
22579 5095 4981 6 17936 17937 73340 73341 73238 73236
22580 5251 4981 5 17937 17938 73611 70861 70862
22581 5251 5128 5 17938 17935 61454 61456 73649
22582 5251 5095 6 17935 17937 73294 73292 73805 73708
22583 6120 5727 3 17939 17940 86218
22584 6219 5710 4 17941 17942 85804 85805
22585 6219 6120 8 17939 17941 88016 88171 88173 88192 20562 20564
22586 6035 6193 9 17944 17945 50774 73920 50904 50905 72722 91164 91236
22587 6035 6401 3 17945 17943 49525
22588 6780 7032 7 17948 17949 54008 54006 27468 27471 53950
22589 6780 7122 7 17949 17950 54016 54017 54022 54019 54018
22590 7015 7122 4 17950 17951 45954 45953
22591 7015 7032 7 17951 17948 53951 53049 52770 39306 39305
22592 7122 7032 5 17949 17951 53878 53952 54002
22593 5145 5147 3 17952 17953 72152
22594 5048 5145 7 17952 17954 69147 72494 72512 72529 72429
22595 6546 6556 6 17955 17956 95909 95149 92318 91828
22596 6546 6448 5 17956 17957 91635 91633 95911
22597 6307 6448 5 17957 17958 88922 88923 91158
22598 6307 6556 5 17958 17955 91829 92065 91776
22599 6307 6546 5 17955 17957 92333 92330 91827
22600 6448 6556 8 17956 17958 91696 91698 91784 91702 91664 91665
22601 6876 6683 5 17959 17960 95441 96667 73464
22602 6876 7021 6 17960 17961 77844 77842 49518 49520
22603 6528 6683 4 17962 17959 73465 91024
22604 6528 6876 9 17959 17961 96768 47495 47492 96773 91866 91865 73463
22605 7021 6683 6 17960 17962 91023 47777 47776 91032
22606 5545 5550 7 17963 17964 84897 100789 100790 100771 100768
22607 5545 5279 7 17964 17965 92502 100510 100979 18922 18923
22608 5332 5279 4 17965 17966 75243 92503
22609 5332 5550 8 17966 17963 100724 75411 75412 83948 84870 75241
22610 5332 5545 3 17963 17965 92501
22611 5279 5550 4 17964 17966 75242 84839
22612 7183 7539 5 17967 17968 90616 90617 90591
22613 7183 7249 6 17968 17969 52420 91914 90585 90583
22614 7596 7249 4 17969 17970 18293 19907
22615 7596 7539 8 17970 17967 90593 90491 90490 19398 19397 18292
22616 7596 7183 6 17967 17969 52421 97305 97304 90592
22617 7249 7539 5 17968 17970 18291 88958 90551
22618 5733 5922 4 17971 17972 77702 73261
22619 5733 5917 5 17972 17973 91052 96150 77875
22620 5807 5917 6 17973 17974 91084 91240 90863 90860
22621 5807 5922 3 17974 17971 73263
22622 5807 5733 6 17971 17973 90417 72732 72729 73262
22623 5917 5922 6 17972 17974 50843 50842 72624 72623
22624 6726 6952 4 17975 17976 92188 92187
22625 6726 6933 7 17976 17977 91597 91595 92219 92213 92214
22626 6959 6739 5 17978 17979 90014 52237 52238
22627 6959 7014 5 17979 17980 89453 90648 90013
22628 6859 7014 7 17980 17981 89347 89492 89511 86889 86890
22629 6859 6739 5 17981 17978 89409 88673 88675
22630 6859 6959 5 17978 17980 87936 87937 89541
22631 7014 6739 5 17979 17981 89091 89090 89716
22632 7391 7547 6 17982 17983 89795 87892 87891 87857
22633 7391 7241 5 17983 17984 88000 92955 89794
22634 7421 7241 4 17984 17985 87864 88002
22635 7421 7547 4 17985 17982 87043 87041
22636 7421 7391 5 17982 17984 88001 86159 86161
22637 7241 7547 6 17983 17985 87666 87665 92089 89796
22638 11006 10827 4 17986 17987 150134 109848
22639 11006 10892 5 17987 17988 109828 150130 150221
22640 10949 10892 7 17988 17989 150085 109840 109839 109948 109829
22641 10949 10827 3 17989 17986 109849
22642 10949 11006 5 17986 17988 105843 105845 109847
22643 10892 10827 9 17987 17989 149667 103808 103805 146455 146456 149561 150222
22644 7378 7557 9 17990 17991 93085 95007 94284 93445 90517 90518 93075
22645 7378 7124 5 17991 17992 93217 93104 93086
22646 7220 7124 9 17992 17993 47621 18127 18129 92810 91460 91461 93224
22647 7220 7557 4 17993 17990 92899 47620
22648 7220 7378 5 17990 17992 92842 92841 93074
22649 7124 7557 4 17991 17993 47619 92114
22650 9226 9326 7 17994 17995 98797 98821 98822 98772 98773
22651 9226 9473 9 17995 17996 98758 99817 102648 98803 98802 102687 98798
22652 9282 9473 5 17996 17997 102657 102663 98760
22653 9282 9326 6 17997 17994 102714 103281 103477 102656
22654 9282 9226 8 17994 17996 98759 99296 99298 98793 98795 98827
22655 9473 9326 6 17995 17997 21504 21502 98809 98799
22656 5951 6209 4 17998 17999 18428 88268
22657 6207 6209 4 18000 17998 88252 88049
22658 6120 6209 7 17999 18000 88048 88061 88195 20562 18429
22659 6138 6289 8 18001 18002 71910 71911 88495 88299 88297 70938
22660 6168 6289 3 18002 18003 88218
22661 6289 6341 7 18001 18003 52093 52090 88097 88098 70939
22662 9574 9741 5 18004 18005 151875 151927 151928
22663 9574 9824 5 18005 18006 31802 151619 151876
22664 9748 9741 4 18007 18004 151880 104590
22665 9748 9574 5 18004 18006 31801 151948 151947
22666 9824 9741 5 18005 18007 104591 110548 151861
22667 3116 2980 9 18009 18010 75958 79170 76241 76239 78957 120210 79096
22668 3116 3107 6 18010 18008 79101 79137 75313 75310
22669 3116 3095 3 18008 18009 79094
22670 9137 9294 6 18011 18012 149884 150888 150886 152632
22671 9137 8861 6 18012 18013 46146 150963 152385 149885
22672 8913 8861 8 18013 18014 150113 49057 46419 46418 48910 46147
22673 8913 9294 4 18014 18011 33109 33111
22674 8913 9137 3 18011 18013 46145
22675 8861 9294 4 18012 18014 151650 149886
22676 6290 6459 6 18015 18016 87365 88085 87977 87976
22677 5322 5323 4 18017 18018 20069 74049
22678 5265 5311 3 18019 18020 73801
22679 5265 5322 7 18017 18019 71183 71182 84001 71111 71109
22680 5311 5323 6 18018 18020 73799 73771 73770 20070
22681 1001 1382 8 18021 18022 122222 122334 122694 119358 119356 122212
22682 2079 1241 5 18023 18024 122561 122464 122463
22683 2079 1382 6 18024 18021 120231 113204 113201 122411
22684 2079 1001 4 18021 18023 122572 122686
22685 1241 1382 3 18022 18024 122223
22686 8095 8441 10 18025 18026 19468 95653 95647 95645 90284 90285 50344 50342
22687 8095 7683 5 18026 18027 96764 95112 19467
22688 8211 7683 7 18027 18028 95186 95402 90947 90948 96757
22689 8211 8095 5 18025 18027 96763 19697 19696
22690 7683 8441 3 18026 18028 19469
22691 3992 4305 4 18030 18031 74370 20599
22692 3992 3945 4 18031 18029 20708 74368
22693 5214 5583 6 18032 18033 74953 74064 73091 73092
22694 5214 5553 3 18033 18034 72949
22695 5283 5553 6 18034 18035 73290 73703 73702 72950
22696 6006 5724 5 18036 18037 87662 88249 88020
22697 5757 5724 5 18038 18036 87388 87236 87235
22698 6612 7114 3 18039 18040 100095
22699 6700 6991 3 18041 18042 92195
22700 6700 7114 7 18042 18039 100097 89791 89792 74306 74307
22701 6700 6612 7 18039 18041 92694 18359 18358 84558 100096
22702 6991 7114 9 18040 18042 86165 86162 91885 91886 94318 101083 100826
22703 8635 8395 6 18043 18044 93582 19515 19516 94076
22704 8635 8392 4 18044 18045 93749 93704
22705 8341 8392 3 18045 18046 93651
22706 8341 8395 4 18046 18043 93650 93649
22707 8341 8635 6 18043 18045 93750 94045 94046 94075
22708 5069 5508 9 18048 18049 71626 73757 73810 73798 73796 73795 92362
22709 5069 5320 4 18049 18047 18154 71625
22710 5758 5785 4 18051 18052 90706 90707
22711 5553 5837 3 18053 18050 20516
22712 5785 5837 8 18051 18053 87626 87627 91382 91644 74758 74757
22713 5768 5842 5 18054 18055 20365 85912 85285
22714 5859 5888 9 18056 18057 85021 85549 85503 85504 85384 85383 85284
22715 5859 5768 3 18054 18056 85282
22716 5888 5842 5 18055 18057 85020 85542 20366
22717 7140 7079 5 18058 18059 88005 88004 85940
22718 7140 6977 5 18059 18060 20101 20102 92836
22719 7017 6977 8 18060 18061 84143 86360 18432 18433 87601 100356
22720 7017 7079 3 18061 18058 84142
22721 6977 7079 10 18059 18061 84141 87974 87730 18329 18328 86119 87838 92821
22722 6985 6938 4 18062 18063 86175 86173
22723 6985 6738 8 18063 18064 89258 87888 87889 87896 87819 87768
22724 7014 6738 5 18064 18065 89091 89347 89259
22725 7014 6938 6 18065 18062 86912 18543 18542 89090
22726 7014 6985 5 18062 18064 89257 85970 85972
22727 6738 6938 5 18063 18065 88677 87771 87769
22728 6784 6910 9 18066 18067 99719 86404 86405 100695 88029 88030 100176
22729 6784 6630 5 18067 18068 74006 87604 100131
22730 6845 6630 5 18068 18069 100350 100395 74007
22731 6845 6784 7 18066 18068 74005 100689 85929 85928 100316
22732 6630 6910 7 18067 18069 86027 86026 100194 100361 100317
22733 11774 11573 6 18070 18071 31084 31085 144479 109537
22734 11774 43 6 18071 18072 31863 31861 110861 31831
22735 11724 43 8 18072 18073 31509 31510 144837 144784 144758 144759
22736 11724 11573 5 18073 18070 109539 111891 110636
22737 11724 11774 4 18070 18072 124794 109538
22738 43 11573 4 18071 18073 110637 31832
22739 9742 9502 3 18074 18075 108133
22740 9742 9503 6 18075 18076 21191 21193 107249 107251
22741 9759 9503 5 18076 18077 22713 22712 22229
22742 9759 9502 7 18077 18074 93616 93615 104787 104310 104309
22743 9759 9742 5 18074 18076 22228 108027 108073
22744 9503 9502 9 18075 18077 108137 108151 23109 22835 22837 21882 21883
22745 6624 6577 4 18078 18079 18312 91986
22746 6624 6726 6 18079 18080 91948 92187 92148 18313
22747 6795 6726 6 18080 18081 92220 92218 92213 91950
22748 6795 6577 6 18081 18078 91988 90543 90542 92234
22749 6795 6624 7 18078 18080 91949 90942 90941 91968 91987
22750 6726 6577 6 18079 18081 92138 50579 50578 18314
22751 6823 6803 6 18082 18083 52080 52078 89812 86787
22752 6573 6803 4 18084 18082 20608 20609
22753 6869 6803 5 18083 18084 90779 86708 86710
22754 8172 7782 5 18085 18086 96141 91559 21027
22755 8172 7995 7 18086 18087 76643 76645 95501 96106 96139
22756 7676 8172 5 18085 18087 94811 76299 21028
22757 5702 6082 7 18088 18089 88472 88949 88801 88799 18228
22758 5702 5739 6 18089 18090 92453 72438 72439 88467
22759 5874 5739 5 18090 18091 88379 86472 86471
22760 5874 5702 7 18088 18090 92027 92028 74932 71036 18227
22761 5739 6082 7 18089 18091 88378 88363 88362 88424 88471
22762 6803 6635 7 18092 18093 90627 89580 89579 90704 90705
22763 6803 6785 5 18093 18094 92038 90650 90626
22764 6578 6785 9 18094 18095 87940 89321 89505 89525 89542 89543 92035
22765 6578 6635 8 18095 18092 92042 89295 89294 89584 89540 87939
22766 6578 6803 3 18092 18094 92037
22767 6785 6635 4 18093 18095 52239 52236
22768 11433 11130 6 18096 18097 150516 150519 150530 150532
22769 11433 11272 5 18097 18098 150514 150515 150517
22770 11280 11272 5 18098 18099 134562 134563 150380
22771 11280 11130 4 18099 18096 150542 150231
22772 11272 11130 5 18097 18099 150230 151286 150518
22773 6837 7266 4 18100 18101 87100 87109
22774 6837 7157 7 18101 18102 87074 87111 87112 89494 87101
22775 7172 7266 4 18103 18100 86910 86801
22776 7172 6837 7 18100 18102 87057 56426 56428 35497 35499
22777 7908 7872 5 18104 18105 90193 90198 97855
22778 7908 7682 5 18105 18106 90146 52452 52453
22779 7828 7908 7 18104 18106 89815 89813 90545 97822 97846
22780 2227 2243 10 18107 18108 25050 25053 22345 22346 119806 119816 119814 119808
22781 2286 2243 4 18109 18107 119809 28404
22782 2189 2243 4 18108 18109 28403 120415
22783 4744 5006 7 18110 18111 73727 74749 74803 74789 74790
22784 4744 5042 5 18111 18112 74215 73734 73728
22785 4841 5042 5 18112 18113 73346 74047 74216
22786 4841 5006 6 18113 18110 74175 74174 71231 71232
22787 5042 5006 6 18111 18113 73345 74358 74410 73729
22788 6312 6148 6 18114 18115 77431 77432 50325 50324
22789 6312 6247 6 18115 18116 77532 77462 77463 77550
22790 6196 6247 6 18116 18117 96516 96548 96431 96432
22791 6196 6148 7 18117 18114 96247 77552 77554 96142 96515
22792 6196 6312 4 18114 18116 95466 95465
22793 6247 6148 4 18115 18117 76928 76927
22794 8399 8322 8 18118 18119 93589 93571 93569 98999 99137 99502
22795 8399 8341 3 18119 18120 93574
22796 8695 8341 5 18120 18121 93344 94046 93575
22797 8695 8322 5 18121 18118 99499 94134 93343
22798 8695 8399 6 18118 18120 93573 93491 93490 99123
22799 8341 8322 7 18119 18121 93342 93547 93541 93540 93587
22800 7007 6956 9 18122 18123 55036 52627 52628 52644 87746 87747 88353
22801 7007 6889 4 18123 18124 86674 86756
22802 6835 7007 4 18122 18124 86675 88714
22803 6889 6956 5 18123 18125 52625 52622 86757
22804 7063 7124 3 18126 18127 89921
22805 7063 7220 8 18127 18128 92814 88080 88078 90693 93008 93006
22806 6994 7220 3 18128 18129 93012
22807 6994 7124 7 18129 18126 89923 91989 87856 87853 93011
22808 6994 7063 8 18126 18128 93009 88033 88034 93047 93043 89922
22809 7105 7153 6 18130 18131 85612 99888 101433 100753
22810 7105 6836 6 18131 18132 20767 99936 22848 22851
22811 6715 6836 6 18132 18133 100831 100832 84937 20769
22812 6715 7153 5 18133 18130 84925 84924 93458
22813 6715 7105 7 18130 18132 20768 101031 101380 93072 93071
22814 6836 7153 4 18131 18133 100212 85613
22815 6862 6833 7 18134 18135 88090 88088 93214 93004 92981
22816 6795 6792 5 18136 18137 91471 91472 86901
22817 6795 6833 8 18137 18134 71153 71155 90928 92218 18784 18786
22818 6795 6862 3 18134 18136 86899
22819 6792 6833 3 18135 18137 90443
22820 6706 6792 7 18140 18138 86170 92372 92098 92099 91472
22821 6439 6792 5 18139 18140 91471 90443 90442
22822 8124 8444 6 18141 18142 96856 77664 50171 50173
22823 8124 8214 6 18142 18143 19340 19303 19301 48519
22824 8413 8214 7 18143 18144 47803 32012 32013 47569 19342
22825 8413 8444 4 18144 18141 48174 48138
22826 6506 7017 3 18146 18147 85677
22827 6695 7017 8 18147 18148 18299 87601 100357 85602 85072 85071
22828 6695 6703 3 18148 18145 18298
22829 6695 6506 8 18145 18147 85921 35539 35541 87439 87692 87685
22830 7258 7277 5 18149 18150 92908 92909 72591
22831 7419 7277 5 18152 18149 72593 92979 92731
22832 7419 7258 4 18149 18151 92924 72592
22833 7639 7277 5 18150 18152 20392 20389 92984
22834 5128 5320 5 18154 18153 68841 72587 73601
22835 4850 4989 4 18155 18156 73386 73387
22836 4964 4989 5 18156 18157 71893 71892 71917
22837 4989 4863 7 18155 18157 73385 73384 74105 74103 73993
22838 11646 11313 5 18158 18159 101129 101903 107834
22839 11646 208 5 18159 18160 95545 101951 101130
22840 11311 208 6 18160 18161 105922 99533 99531 95546
22841 11311 11646 6 18158 18160 95544 24565 24564 107482
22842 208 11313 6 18159 18161 107437 102091 102093 101131
22843 7063 7148 6 18162 18163 88033 18612 18613 92198
22844 7063 7115 4 18163 18164 92814 93009
22845 7258 7115 5 18164 18165 88551 89785 92815
22846 7258 7148 7 18165 18162 93016 72592 72591 92988 88549
22847 7258 7063 5 18162 18164 88080 88077 92157
22848 7115 7148 5 18163 18165 88550 93013 93010
22849 9636 8901 5 18167 18168 22043 22040 106041
22850 9636 8608 5 18168 18166 106238 96367 96352
22851 9636 9527 5 18166 18167 106040 106070 106237
22852 4588 4603 3 18169 18170 81422
22853 4653 4603 7 18171 18169 73043 73044 80481 80482 80744
22854 4671 4603 6 18170 18171 73530 73527 72528 72527
22855 5696 5992 4 18172 18173 84856 92556
22856 5811 6352 5 18174 18175 88315 92388 71088
22857 5811 5992 7 18175 18172 84878 20576 20575 92389 88313
22858 5811 5696 4 18172 18174 71087 74968
22859 6352 5992 4 18173 18175 88314 84857
22860 4812 4532 5 18178 18176 73067 73065 73063
22861 4740 4532 5 18177 18178 73064 72887 72885
22862 4981 4844 4 18180 18181 72778 72665
22863 5516 5343 8 18182 18183 73661 91182 90801 90799 73910 73574
22864 5516 5149 4 18183 18184 73199 73603
22865 5249 5149 4 18184 18185 73555 73201
22866 5249 5343 4 18185 18182 73575 73554
22867 5249 5516 5 18182 18184 73200 73640 73573
22868 6486 6343 7 18186 18187 87607 87669 87567 87568 87858
22869 6486 6540 5 18187 18188 70632 87805 87606
22870 6195 6540 4 18188 18189 85611 70633
22871 6195 6343 6 18189 18186 88501 87569 87197 85609
22872 6195 6486 4 18186 18188 70631 88546
22873 6540 6343 6 18187 18189 85610 87281 87282 87608
22874 7261 6932 4 18191 18192 50503 50504
22875 6729 6932 10 18192 18193 95613 95611 91684 91685 91548 91549 19010 19011
22876 6729 6970 7 18193 18190 96797 96777 77399 77398 91178
22877 6729 7261 4 18190 18192 96093 96454
22878 6932 6970 4 18191 18193 48464 48463
22879 5765 5811 8 18194 18195 88381 92382 71088 71087 71528 71531
22880 5569 5811 8 18197 18194 92464 92452 88293 88294 92430 92458
22881 5569 5765 4 18194 18196 88072 88074
22882 5647 5811 4 18195 18197 92463 88382
22883 6097 5951 5 18199 18200 92518 88347 88349
22884 6207 6082 4 18201 18198 87445 88161
22885 6207 6097 7 18198 18200 92517 92468 90656 90655 87444
22886 5951 6082 6 18199 18201 73961 73927 73929 88363
22887 5858 5933 6 18202 18203 88961 88640 87411 87412
22888 5858 6102 4 18203 18204 88611 88918
22889 6074 5933 3 18205 18202 87528
22890 6102 5933 7 18203 18205 88422 86970 86971 88316 88318
22891 7535 7836 8 18206 18207 100264 100265 99715 99716 100098 100297
22892 7535 7624 6 18207 18208 100302 74229 74227 93267
22893 7806 7624 7 18208 18209 93197 92865 20190 20189 92640
22894 7806 7836 6 18209 18206 99428 99427 99854 99853
22895 7806 7535 4 18206 18208 100301 100299
22896 7624 7836 3 18207 18209 100155
22897 6412 6316 5 18211 18212 91929 91008 91010
22898 6412 6426 4 18212 18210 74922 91315
22899 6412 6463 6 18210 18211 91521 91792 91791 74921
22900 5762 5952 7 18213 18214 91222 91221 50916 50917 73923
22901 5762 5886 4 18214 18215 91255 91225
22902 5900 5952 5 18216 18213 73925 91189 91238
22903 5900 5762 5 18213 18215 91254 91208 73924
22904 5886 5952 4 18214 18216 91239 91226
22905 7924 7805 6 18217 18218 35295 35296 35522 35523
22906 7892 7805 3 18218 18219 36925
22907 4192 3812 5 18221 18222 76215 23967 23965
22908 3812 3224 7 18220 18222 75289 75288 76384 79015 76420
22909 4370 4022 7 18223 18224 84382 84494 75138 75140 84622
22910 4370 3805 5 18224 18225 84595 84592 84383
22911 3883 4022 3 18226 18223 83619
22912 3805 4022 5 18224 18226 83620 83684 84384
22913 5702 5935 4 18227 18228 88807 71035
22914 5161 4921 7 18229 18230 18257 18256 72855 73707 68929
22915 5161 4968 4 18230 18231 72443 72444
22916 4908 4968 6 18231 18232 73305 72325 72328 73343
22917 4908 4921 3 18232 18229 68931
22918 6321 6543 6 18233 18234 73477 92134 87806 87809
22919 6321 6189 5 18234 18235 88151 88332 73476
22920 6573 6189 6 18235 18236 90117 90771 90772 88152
22921 6573 6321 4 18233 18235 86397 86399
22922 6189 6543 4 18234 18236 90115 73478
22923 6921 6994 5 18237 18238 92097 93014 93002
22924 6921 6706 5 18238 18239 89535 92371 92098
22925 6823 6706 5 18239 18240 90316 92011 89537
22926 6823 6994 5 18240 18237 88035 88034 90314
22927 6823 6921 6 18237 18239 89536 52078 52077 93000
22928 6706 6994 4 18238 18240 90315 92099
22929 5313 5315 5 18241 18242 18637 18636 83296
22930 5313 5188 4 18242 18243 83189 83191
22931 6238 5904 7 18244 18245 73249 73792 88291 88336 92107
22932 6238 5996 3 18245 18246 73250
22933 6307 5996 10 18246 18247 91825 84344 84346 92230 92232 84818 84815 90602
22934 6307 5904 3 18247 18244 92197
22935 6307 6238 6 18244 18246 85255 70980 70982 92242
22936 5996 5904 8 18245 18247 92196 71058 71056 92060 69030 69032
22937 5308 5369 5 18249 18250 85333 70971 70883
22938 5390 5369 6 18250 18251 70761 85738 84645 84642
22939 5269 5231 4 18252 18253 70852 70941
22940 5007 5132 4 18254 18255 74055 71869
22941 5007 5161 6 18255 18256 72853 20498 20499 73633
22942 4921 5132 6 18257 18254 71870 72331 72333 73556
22943 4921 5007 5 18254 18256 72854 73631 71868
22944 5161 5132 8 18255 18257 72444 72442 73943 73594 73593 74035
22945 5012 5014 7 18258 18259 71506 71532 74207 71238 71239
22946 5012 5029 5 18259 18260 70925 71240 71505
22947 5224 5012 5 18258 18260 70924 71220 71241
22948 7095 7263 6 18263 18264 89823 89879 52411 52410
22949 7095 7275 5 18264 18261 37142 90713 89822
22950 7095 7301 6 18261 18263 90651 90715 90714 37140
22951 7263 7275 5 18262 18264 89821 89762 20603
22952 5464 5519 5 18265 18266 56252 56251 69936
22953 5570 5519 4 18266 18267 70694 70696
22954 5992 6057 7 18268 18269 88313 88314 100612 92749 92673
22955 5992 5889 5 18269 18270 20103 92396 92389
22956 6093 5889 6 18270 18271 92429 92435 92004 20105
22957 6093 6057 5 18271 18268 92674 92508 92428
22958 5889 6057 4 18269 18271 88339 88338
22959 9557 9640 5 18272 18273 44612 150861 150860
22960 9557 9624 7 18273 18274 34967 33058 33056 147905 44613
22961 9442 9624 6 18274 18275 33288 152143 152082 151865
22962 9442 9640 7 18275 18272 152511 152162 152161 158202 33287
22963 9442 9557 5 18272 18274 49196 49194 152516
22964 9624 9640 4 18273 18275 33286 44614
22965 6819 6670 8 18276 18277 92470 100691 100708 92832 92833 100714
22966 6745 6669 8 18278 18279 100415 100677 100539 100368 100369 100593
22967 6745 6670 3 18279 18276 100414
22968 6745 6819 5 18276 18278 100662 100713 100716
22969 6669 6670 5 18277 18279 100209 100208 92471
22970 7754 7823 6 18280 18281 99911 93091 93092 100191
22971 7754 7816 3 18281 18282 93512
22972 8020 7816 8 18282 18283 99255 99572 99570 100076 20665 20664
22973 8020 7823 5 18283 18280 20625 20624 99254
22974 8020 7754 8 18280 18282 93513 100232 99870 99871 99722 99721
22975 7816 7823 7 18281 18283 99253 20485 20484 99714 100161
22976 7195 7327 4 18284 18285 18448 18446
22977 7129 6944 6 18286 18287 87036 87841 87904 87991
22978 7129 7327 7 18287 18284 87659 87661 86232 86229 87034
22979 7129 7195 4 18284 18286 87989 87948
22980 6944 7327 6 18285 18287 87035 87952 56363 56365
22981 7739 7721 7 18288 18289 36927 36929 87744 87745 87890
22982 7391 7721 6 18290 18288 87892 93159 92997 20394
22983 7833 7721 5 18289 18290 20393 90091 98270
22984 7549 7539 6 18291 18292 89688 90254 90252 88956
22985 7549 7596 6 18292 18293 19906 70686 52619 52620
22986 7451 7574 6 18294 18295 36957 89941 89940 89975
22987 7221 7574 4 18296 18294 89562 47611
22988 6789 6695 8 18298 18299 87600 87875 87519 87518 87522 87685
22989 7017 6789 4 18297 18299 18433 18430
22990 6515 6189 8 18300 18301 90622 90117 90115 91616 91617 91758
22991 6515 6341 3 18301 18302 90621
22992 6174 6341 4 18302 18303 91425 92033
22993 6174 6189 5 18303 18300 91464 72435 72437
22994 6174 6515 7 18300 18302 92032 92009 91333 91330 91757
22995 6341 6189 8 18301 18303 91424 89373 89372 89845 90772 90623
22996 9554 9488 5 18304 18305 96986 97041 97040
22997 9554 9312 5 18305 18306 104054 97070 96987
22998 9396 9488 6 18307 18304 97323 97390 103812 103295
22999 9312 9488 5 18305 18307 103296 104304 96988
23000 8530 8190 6 18308 18309 86753 86752 98291 99256
23001 8530 8253 6 18309 18310 93696 99230 99029 93424
23002 8230 8190 9 18311 18308 98246 98247 99115 86832 36284 36286 86626
23003 8230 8530 5 18308 18310 20408 20407 99112
23004 8253 8190 5 18309 18311 86625 97260 93425
23005 6624 6609 6 18312 18313 92149 92228 92217 92211
23006 6609 6577 5 18312 18314 52057 92415 92212
23007 3675 4085 5 18315 18316 76114 76041 75670
23008 3675 3851 4 18316 18317 25482 76074
23009 3645 3851 4 18317 18318 25928 25483
23010 3645 4085 5 18318 18315 75471 75472 75583
23011 3645 3675 8 18315 18317 25481 25830 74716 74717 75987 75671
23012 3851 4085 8 18316 18318 75839 75845 75822 75819 76199 76153
23013 5306 5302 6 18319 18320 73231 73947 64545 64543
23014 5384 5302 3 18320 18321 73232
23015 6956 7116 8 18322 18323 56242 52629 52628 52646 89642 86888
23016 7014 7100 8 18324 18325 18385 18384 18523 85970 89510 89511
23017 7014 7116 6 18325 18322 86890 89453 89853 86532
23018 7014 6956 3 18322 18324 86889
23019 7100 7116 4 18323 18325 86531 56243
23020 6978 6810 4 18326 18327 87813 87815
23021 6978 6977 6 18327 18328 86118 88056 87879 87878
23022 7079 6810 3 18329 18326 87729
23023 6977 6810 6 18327 18329 87728 87996 87824 87822
23024 6062 5846 4 18330 18331 88572 88574
23025 6062 5972 7 18331 18332 88669 88670 91479 91482 91469
23026 6123 5972 5 18332 18333 19942 19945 88679
23027 6123 5846 5 18333 18330 51586 51588 88391
23028 6123 6062 5 18330 18332 91316 91301 91300
23029 5972 5846 6 18331 18333 88392 88994 70779 70776
23030 5732 5609 6 18334 18335 91346 91345 91855 55848
23031 6315 6479 8 18336 18337 88410 91841 91843 73848 73849 91996
23032 6426 6479 4 18337 18338 90579 88412
23033 9492 10656 5 18339 18340 101650 101978 101583
23034 9492 9352 7 18340 18341 84315 100966 102555 102018 101651
23035 9238 9352 6 18341 18342 101451 101450 101299 84316
23036 9238 10656 8 18342 18339 20278 20277 101545 113157 101384 101383
23037 9238 9492 5 18339 18341 23890 23889 84019
23038 9352 10656 3 18340 18342 101568
23039 6759 6655 4 18346 18343 87161 86111
23040 6759 6603 6 18343 18345 87599 86259 86258 87160
23041 6703 6655 5 18344 18346 86110 86206 18473
23042 7129 7168 5 18347 18348 87763 87903 87873
23043 7156 7168 6 18348 18349 86362 86361 86377 86475
23044 6431 6506 7 18351 18350 87440 35541 35540 86263 86221
23045 5684 5613 8 18353 18354 92533 71529 71530 84877 92549 92550
23046 5323 5684 4 18352 18354 20070 20069
23047 6935 6816 8 18355 18356 92779 100312 88017 85758 85759 18510
23048 6978 6816 4 18357 18355 18512 92765
23049 6940 6816 5 18356 18357 92766 74877 74878
23050 6612 6352 8 18359 18360 100613 92605 18856 18854 92641 92695
23051 6414 6352 7 18360 18361 91276 92505 92506 100767 100614
23052 6414 6700 5 18361 18358 84560 100450 91275
23053 6414 6612 3 18358 18360 84559
23054 6352 6700 5 18359 18361 91274 92185 92186
23055 6831 6816 6 18362 18363 92432 100325 74876 74877
23056 6796 6816 6 18364 18362 92766 92765 92784 92764
23057 6625 6816 5 18363 18364 92763 92725 92434
23058 6653 6518 6 18365 18366 100904 100905 101017 84129
23059 6653 5665 6 18366 18367 84130 84251 84250 84273
23060 6233 5665 4 18367 18368 100436 84131
23061 6233 6518 5 18368 18365 73351 73350 84277
23062 6233 6653 4 18365 18367 83975 83977
23063 5665 6518 7 18366 18368 94148 92174 74550 74552 83994
23064 4864 5041 6 18369 18370 70992 73242 74109 74281
23065 5014 5041 4 18371 18369 74130 69409
23066 4964 5041 5 18370 18371 69410 71000 70993
23067 8370 8403 7 18373 18374 47526 47520 47521 47459 37518
23068 8168 8403 6 18374 18375 47797 47796 47445 47446
23069 8168 8408 6 18375 18372 47531 47441 47439 97059
23070 8168 8370 7 18372 18374 47523 38133 38131 47607 47530
23071 8403 8408 4 18373 18375 97055 37519
23072 6036 5662 6 18376 18377 85616 85003 85004 92543
23073 5589 6036 3 18376 18378 92545
23074 8786 9083 8 18379 18380 100057 99085 99084 22791 22792 99928
23075 8786 8833 3 18380 18381 100055
23076 8600 8786 6 18379 18381 100048 99308 99310 99929
23077 7234 7307 5 18382 18383 90119 90118 87981
23078 7234 7014 5 18383 18384 18522 87739 87740
23079 7100 7307 5 18385 18382 87982 89842 86531
23080 7100 7234 5 18382 18384 18521 18519 18518
23081 7014 7307 4 18383 18385 86532 89852
23082 6217 5968 4 18386 18387 85489 85548
23083 6217 5954 5 18387 18388 56240 56238 85488
23084 5888 5968 3 18389 18386 85503
23085 5888 6217 7 18386 18388 20589 20587 85542 85541 85549
23086 5609 5234 6 18390 18391 91604 74066 74067 92315
23087 5609 5189 3 18391 18392 92243
23088 5380 5189 7 18392 18393 74794 74795 74182 74183 92263
23089 5380 5234 5 18393 18390 74881 20378 20377
23090 5380 5609 9 18390 18392 92254 74658 74657 91729 91728 92240 92316
23091 5189 5234 8 18391 18393 75005 73820 73819 74927 74929 91477
23092 8085 7620 6 18394 18395 96850 96904 91893 48176
23093 7784 7698 4 18396 18397 94689 48180
23094 7784 7620 7 18397 18394 48177 96823 96837 96783 96782
23095 7784 8085 4 18394 18396 48179 48175
23096 7698 7620 4 18395 18397 96832 96831
23097 7818 8142 6 18398 18399 91678 75019 75020 93062
23098 7818 8441 3 18399 18400 95654
23099 8534 8441 11 18400 18401 95185 48507 48508 97341 97227 97224 95646 95647 95655
23100 8534 8142 4 18401 18398 47967 47969
23101 8534 7818 4 18398 18400 95656 95561
23102 8441 8142 8 18399 18401 91905 91904 94987 19469 19468 95651
23103 6560 6343 6 18402 18403 87669 87634 87282 87280
23104 6468 6343 4 18404 18402 70200 70201
23105 6186 6343 6 18403 18404 87159 86381 86380 87567
23106 9926 10156 5 18405 18406 103033 111929 86635
23107 10095 10069 4 18407 18408 101495 23629
23108 10095 10156 5 18408 18405 86636 103368 103031
23109 10095 9926 9 18405 18407 20025 20027 21429 21426 103058 103168 86634
23110 10069 10156 8 18406 18408 103032 111098 112509 111968 102879 102878
23111 8513 8390 5 18409 18410 86316 93903 93544
23112 8466 8577 4 18411 18412 93428 93426
23113 8466 8390 10 18412 18409 93546 93851 99136 99135 99289 99505 86563 86565
23114 8466 8513 8 18409 18411 99021 100062 100063 100067 100229 93545
23115 8577 8390 4 18410 18412 99157 86318
23116 6775 6654 5 18413 18414 88278 92276 20307
23117 6775 6833 8 18414 18415 18784 92221 92203 92201 93103 88277
23118 6439 6833 5 18415 18416 88090 90443 18786
23119 6439 6654 7 18416 18413 20309 88319 88321 92748 88089
23120 6439 6775 5 18413 18415 18785 91809 20308
23121 6833 6654 5 18414 18416 88088 93215 88279
23122 6945 6933 5 18418 18419 92214 90930 90929
23123 6945 6952 6 18419 18417 93052 92154 92153 92188
23124 6945 7049 6 18417 18418 92140 91990 91991 93044
23125 6559 6603 7 18422 18423 87516 88256 87602 87505 18451
23126 6559 6571 8 18423 18420 86215 88026 87671 86109 86108 87191
23127 6559 6789 5 18420 18422 18450 87023 86214
23128 6603 6571 3 18421 18423 87515
23129 6229 6596 6 18424 18425 87398 88728 70897 70900
23130 6229 6486 7 18425 18426 88523 88454 88044 56150 56153
23131 6571 6486 5 18426 18427 87670 86109 86107
23132 6571 6596 5 18427 18424 85763 85764 87859
23133 6571 6229 5 18424 18426 88214 88216 86082
23134 6486 6596 5 18425 18427 86863 86861 87399
23135 5937 6209 5 18428 18429 20563 86106 86105
23136 6984 6789 7 18430 18431 87913 87707 87523 86537 86528
23137 6984 6977 3 18431 18432 87912
23138 6977 6789 6 18431 18433 87600 87823 87824 87914
23139 8331 8200 5 18436 18434 22535 22537 93905
23140 8469 8200 3 18435 18436 93623
23141 9196 9157 7 18437 18438 99493 102764 100039 100040 99513
23142 9196 8786 7 18438 18439 99978 106347 93082 93083 99084
23143 8810 8786 6 18439 18440 99620 99552 99551 99979
23144 8810 9157 5 18440 18437 99199 99201 100043
23145 8810 9196 3 18437 18439 99514
23146 8786 9157 6 18438 18440 104283 104282 22789 22791
23147 8414 6967 4 18441 18442 101413 99934
23148 8414 7957 8 18442 18443 101476 94311 94310 102419 100759 100758
23149 6650 7957 4 18443 18444 101232 101231
23150 6650 6967 7 18444 18441 84160 84162 100482 101388 101360
23151 6650 8414 6 18441 18443 101477 101475 101473 99935
23152 7957 6967 4 18442 18444 101361 101414
23153 7375 7195 6 18445 18446 87948 87950 87951 100284
23154 7375 7327 5 18446 18447 20466 20468 87659
23155 7241 7327 9 18447 18448 56365 56364 87719 87718 90001 92089 87983
23156 6789 6560 4 18449 18450 87720 87206
23157 6559 6560 7 18450 18451 87507 87650 86395 86394 87673
23158 6560 6603 5 18449 18451 87506 86258 86257
23159 6929 6656 5 18452 18453 90361 90359 91550
23160 6826 6656 5 18454 18452 91830 91834 91384
23161 6873 6656 6 18453 18454 91370 91372 89270 89272
23162 7368 7176 6 18455 18456 94718 94717 91846 91844
23163 7368 7097 4 18456 18457 95174 95140
23164 7070 7176 6 18458 18455 95001 93551 93550 94200
23165 7070 7368 6 18455 18457 94330 93778 93780 95011
23166 7097 7176 5 18456 18458 93088 93090 95041
23167 7872 7804 3 18459 18460 90138
23168 7617 7804 6 18461 18459 19808 19809 89871 86678
23169 7682 7804 5 18460 18461 86677 52337 52338
23170 6752 6575 6 18462 18463 18497 87874 88024 87880
23171 6575 6596 5 18462 18464 70351 86863 87859
23172 3268 3518 8 18465 18466 84385 75966 75967 84412 84414 118624
23173 3268 3489 5 18466 18467 75574 75575 83859
23174 3178 3518 5 18468 18465 118537 84391 76137
23175 3178 3268 5 18465 18467 84410 84411 118625
23176 7946 7812 6 18469 18470 36970 36968 89972 89971
23177 7946 7972 5 18470 18471 97734 47627 47628
23178 7921 7812 4 18472 18469 19899 19901
23179 7921 7946 5 18469 18471 97656 90251 90250
23180 7937 7792 4 18475 18476 18527 98384
23181 7643 7792 7 18476 18477 98281 36904 36907 98566 18528
23182 7643 8076 5 18477 18474 92125 99002 99040
23183 7643 7937 5 18474 18476 18526 98326 92124
23184 7792 8076 5 18475 18477 99038 98917 98385
23185 7002 6874 6 18478 18479 93437 94319 100179 94295
23186 7002 7029 4 18479 18480 100153 93438
23187 6539 7029 4 18480 18481 100600 100599
23188 6539 6874 7 18481 18478 94296 100883 100877 100640 100639
23189 7029 6874 7 18479 18481 92637 92635 100912 100909 93439
23190 8429 7980 6 18482 18483 99775 100114 93416 93417
23191 8429 8600 7 18483 18484 72186 72184 100104 99991 99776
23192 8604 8600 6 18484 18485 93485 101055 93352 93354
23193 8604 7980 4 18485 18482 20568 20570
23194 8604 8429 3 18482 18484 99435
23195 8265 8411 5 18486 18487 37244 37232 37233
23196 8265 8249 4 18487 18488 36780 36781
23197 8118 8249 6 18488 18489 36649 36294 36296 37652
23198 8118 8411 6 18489 18486 19391 19388 45981 36647
23199 8249 8411 4 18487 18489 36648 37245
23200 7885 7964 6 18491 18490 35778 36078 36081 36609
23201 9795 9711 6 18492 18493 104244 105058 104117 104115
23202 9795 9778 7 18493 18494 105190 105298 105299 105597 104245
23203 9637 9778 6 18494 18495 104867 97230 97231 105191
23204 9637 9711 4 18495 18492 104995 104866
23205 9637 9795 4 18492 18494 105189 105102
23206 9778 9711 6 18493 18495 22091 22090 93992 93991
23207 6957 6752 6 18496 18497 87826 87825 87881 88023
23208 8945 8993 4 18498 18499 35481 35484
23209 8945 8927 4 18499 18500 38685 35895
23210 8647 8945 6 18498 18500 34657 34659 39460 39280
23211 8927 8993 6 18499 18501 38040 35981 35983 35896
23212 10129 10336 4 18503 18504 153021 153020
23213 10256 10336 9 18504 18505 147568 147895 147894 148133 146723 146720 153022
23214 10256 10211 4 18505 18502 147008 147009
23215 10256 10129 4 18502 18504 153011 148095
23216 10336 10211 6 18503 18505 32454 32451 147948 148434
23217 7772 7715 6 18507 18508 20248 20246 92920 92921
23218 8030 7715 4 18508 18509 99111 92904
23219 8030 7847 7 18509 18506 99529 99731 92788 92787 93282
23220 8030 7772 3 18506 18508 92903
23221 7715 7847 4 18507 18509 99717 98160
23222 6963 6978 8 18511 18512 88045 88028 87344 87345 89854 88397
23223 6963 6816 4 18512 18510 89355 92784
23224 6963 6935 6 18510 18511 88395 92078 92079 89354
23225 4820 4428 5 18513 18514 71253 71254 70951
23226 4455 4756 5 18515 18516 71217 71215 84721
23227 4455 4428 9 18516 18513 70953 83126 83102 83103 24009 24008 83223
23228 4455 4820 4 18513 18515 84720 70952
23229 7234 7369 5 18517 18518 87981 89551 89549
23230 7274 7100 6 18519 18520 87893 86047 86045 87081
23231 7274 7369 6 18520 18517 99104 89451 89450 90026
23232 7100 7369 5 18518 18520 90027 90017 87982
23233 7109 7014 5 18522 18523 85972 86912 87988
23234 7109 7100 4 18523 18521 87081 85971
23235 3736 3605 4 18524 18525 76027 22305
23236 7732 7937 6 18526 18527 98726 93297 92876 92878
23237 7732 7792 5 18527 18528 98565 98991 98996
23238 7255 7185 4 18529 18530 90553 93069
23239 7084 7185 5 18531 18529 93233 93228 92161
23240 7142 7185 8 18530 18531 20477 20476 86134 92732 93142 90554
23241 6953 6702 7 18532 18533 100479 100480 100467 100468 100466
23242 6953 7645 6 18533 18534 100454 100469 101440 100487
23243 6980 7645 6 100373 100372 18534 18535 99828 -1
23244 6980 6702 7 18535 18532 85269 85268 99125 100393 99827
23245 6980 6953 4 18532 18534 100198 100197
23246 7820 7843 5 18536 18537 91166 77675 77676
23247 7820 7413 5 18537 18538 20959 20958 92975
23248 7564 7413 6 18538 18539 22652 22651 93192 93191
23249 7564 7843 6 18539 18536 93337 20882 20881 94280
23250 7564 7820 4 18536 18538 93289 93290
23251 7413 7843 7 18537 18539 94279 93059 93058 94950 92976
23252 6990 7165 7 18540 18541 90002 90003 92954 92952 92927
23253 6990 7014 5 18541 18542 89716 90013 92122
23254 6938 6990 4 18540 18542 89717 92928
23255 7014 7165 5 18541 18543 87988 87739 87741
23256 6170 6438 4 18544 18545 89061 90876
23257 6170 6393 5 18545 18546 48476 48477 89060
23258 6299 6393 6 18546 18547 52568 50666 50667 50285
23259 6299 6438 6 18547 18544 72144 72143 90768 89251
23260 6299 6170 9 18544 18546 50284 91113 91174 91403 91076 91060 90877
23261 6393 6438 6 18545 18547 89250 90743 52285 52283
23262 9314 9076 4 18549 18550 152065 105477
23263 9049 9076 5 18550 18551 47009 47010 47054
23264 9049 9286 5 18551 18548 148602 47249 47251
23265 9049 9314 5 18548 18550 151720 151719 152046
23266 9076 9286 4 18549 18551 151960 105479
23267 9402 9312 8 18552 18553 19684 104156 104305 96988 96987 97071
23268 9402 9274 5 18553 18554 104155 21688 19685
23269 9386 9274 4 18554 18555 104148 104150
23270 9386 9312 5 18555 18552 103952 104197 104190
23271 9386 9402 5 18552 18554 104225 104441 103951
23272 9274 9312 6 18553 18555 97919 97920 103749 19686
23273 11276 11174 6 18556 18557 101376 101378 108585 101915
23274 11276 10965 6 18557 18558 108563 108083 23742 23741
23275 10974 10965 6 18558 18559 22892 101831 102344 108561
23276 10974 11174 7 18559 18556 101917 102140 102138 21294 21292
23277 10974 11276 3 18556 18558 101916
23278 10965 11174 6 18557 18559 21148 21150 102037 102210
23279 8773 8925 4 18560 18561 97346 97367
23280 8773 9019 4 18561 18562 19002 19003
23281 8844 9019 7 18562 18563 97311 97359 97360 97446 97401
23282 8844 8925 6 18563 18560 97422 97186 97188 97308
23283 8844 8773 7 18560 18562 97400 93292 93294 94604 94601
23284 9019 8925 6 18561 18563 97310 97348 21860 21857
23285 8395 8345 7 18564 18565 93603 94076 93650 18578 18579
23286 8395 8399 4 18565 18566 93489 93491
23287 8351 8399 7 18566 18567 93570 93569 98998 99292 93524
23288 8351 8345 5 18567 18564 93389 93391 93591
23289 8351 8395 5 18564 18566 21307 19534 19536
23290 8399 8345 6 18565 18567 93590 93589 93574 93573
23291 7572 7449 5 18568 18569 92790 92949 92105
23292 8499 8420 10 18572 18570 90218 47522 47519 37599 37350 37349 46757 21558
23293 8499 8755 6 18570 18571 47267 98001 98000 98035
23294 8814 9067 5 18573 18574 100028 102737 102738
23295 8814 8810 6 18574 18575 98934 92675 92676 99551
23296 9089 8810 5 18575 18576 99462 99217 98936
23297 9089 9067 5 18576 18573 102733 21152 21153
23298 9089 8814 6 18573 18575 98935 99218 102647 102646
23299 8810 9067 7 18574 18576 99461 99202 99199 99514 99979
23300 8395 8347 5 18577 18578 93649 93634 93633
23301 7948 8345 6 18579 18580 93301 20411 20412 93389
23302 7948 8347 8 18580 18577 93638 93773 93648 93076 93039 93038
23303 7948 8395 5 18577 18579 19536 19533 93637
23304 8345 8347 3 18578 18580 93300
23305 6165 5812 5 18581 18582 94460 94324 94322
23306 6165 6323 8 18582 18583 75779 88122 88121 94190 94191 94461
23307 6277 6323 6 18583 18584 88108 91608 95035 75780
23308 6277 6165 4 18581 18583 75778 77379
23309 7907 8050 6 18585 18586 97550 93185 93186 93769
23310 7907 7775 6 18586 18587 91720 91718 95132 97552
23311 7881 7775 5 18587 18588 97061 90067 90069
23312 7881 8050 5 18588 18585 93771 97849 97060
23313 7775 8050 5 18586 18588 52565 52567 97509
23314 6775 6847 6 18589 18590 92227 20229 20227 74318
23315 6775 6898 5 18590 18591 92204 91598 91596
23316 7070 6898 3 18591 18592 91940
23317 7070 6847 7 18592 18589 74320 91870 91869 93550 91938
23318 7070 6775 5 18589 18591 92205 93098 74319
23319 7035 6910 4 18593 18594 85702 100331
23320 7035 6845 5 18594 18595 86123 86121 85703
23321 7093 6845 5 18595 18596 100350 100288 99751
23322 7093 7035 5 18593 18595 99750 100187 100189
23323 4696 4635 5 18598 18599 18837 75152 74266
23324 4635 4887 6 18597 18599 18836 19082 73497 75100
23325 8931 8811 5 18600 18601 18953 18954 21773
23326 8931 9096 4 18601 18602 97180 97192
23327 9059 9096 5 18602 18603 94805 108103 97181
23328 9059 8811 3 18603 18600 21775
23329 9059 8931 5 18600 18602 93959 93958 21774
23330 9096 8811 9 18601 18603 76469 76468 104853 94587 94588 106555 97193
23331 9599 9657 6 18604 18605 22382 19503 19504 103322
23332 9599 9865 7 18605 18606 103502 103503 108253 47100 22383
23333 9899 9865 5 18606 18607 103691 103688 103653
23334 9899 9657 4 18607 18604 31792 31794
23335 9899 9599 5 18604 18606 103635 31410 31408
23336 9865 9657 5 18605 18607 103923 103917 22384
23337 384 646 4 18608 18609 129024 30824
23338 277 653 4 18610 18611 134278 129086
23339 277 646 8 18611 18608 30825 128552 128550 123891 25307 25308
23340 277 384 8 18608 18610 124006 124005 149718 28394 28393 30823
23341 653 646 6 18609 18611 134448 129156 129064 129025
23342 7063 7019 4 18613 18614 92622 92199
23343 6823 7019 6 18614 18615 52077 52080 90678 90679
23344 6823 7148 4 18615 18612 88035 93000
23345 6823 7063 5 18612 18614 92650 93046 88034
23346 7019 7148 6 18613 18615 93001 90006 90008 92200
23347 7539 7466 3 18616 18617 19630
23348 7539 7431 9 18617 18618 19401 90617 90618 47355 47354 97634 90499
23349 7254 7466 6 18619 18616 19631 89957 90481 90335
23350 7431 7466 7 18617 18619 86823 86821 97084 97713 90500
23351 7365 7633 8 18620 18621 77655 96787 51407 25310 25311 91012
23352 7365 7784 5 18621 18622 96714 96837 77656
23353 7785 7784 4 18622 18623 47829 94596
23354 7785 7633 8 18623 18620 50269 19429 19431 47780 50314 47828
23355 7785 7365 5 18620 18622 96704 50551 50550
23356 6769 6651 7 18625 18626 89965 52269 52267 52101 52100
23357 6769 6489 5 18626 18627 90100 90101 89966
23358 6526 6489 9 18627 18628 89327 89443 89160 89161 89266 90701 90323
23359 6526 6651 8 18628 18625 89946 89178 89177 87313 87312 89059
23360 6526 6769 4 18625 18627 90322 89945
23361 6489 6651 3 18626 18628 89326
23362 8427 7932 3 18629 18630 93645
23363 7941 7932 8 18630 18631 93758 94997 94285 93782 89438 89437
23364 4085 5247 4 18633 18634 18650 75841
23365 4086 3964 4 18635 18632 75473 75945
23366 4086 4085 6 18632 18634 18649 75782 75582 75472
23367 5247 3964 4 18633 18635 75974 75842
23368 9599 9564 6 18638 18639 103091 103094 23381 23380
23369 9599 9506 5 18639 18640 18679 21026 21024
23370 9789 9506 7 18640 18641 104528 100011 37422 37423 18680
23371 9789 9564 4 18641 18638 97927 97926
23372 9789 9599 5 18638 18640 18678 31410 103634
23373 9506 9564 4 18639 18641 104529 103984
23374 5864 5401 9 18642 18643 96036 95935 95852 94914 77302 77300 77904
23375 5376 5401 4 18644 18642 73318 73317
23376 5256 5401 7 18643 18644 75256 75142 75144 77597 94840
23377 633 588 10 18645 18646 122268 106663 106664 121278 121279 122265 122126 114316
23378 633 11623 5 18646 18647 121275 122533 122269
23379 11657 11623 6 18647 18648 107454 106662 106661 107898
23380 11657 588 7 18648 18645 114318 121088 121142 122705 122736
23381 11657 633 4 18645 18647 121276 114317
23382 11623 588 3 18646 18648 122270
23383 4808 4085 5 18649 18650 75781 22676 22675
23384 9781 9548 4 18651 18652 93349 93351
23385 9781 9426 5 18652 18653 94160 101805 102415
23386 10061 9426 3 18653 18654 94162
23387 10061 9548 6 18654 18651 22584 22581 107244 100621
23388 9426 9548 6 18652 18654 100622 101768 107686 102416
23389 8646 8748 5 18655 18656 18722 22838 93523
23390 8646 8864 7 18656 18657 99646 99647 99665 90106 18723
23391 8577 8748 7 18658 18655 86155 21173 21172 99586 99592
23392 8577 8646 3 18655 18657 99669
23393 8864 8748 6 18656 18658 99590 99589 99186 18724
23394 10789 10665 6 18659 18660 99396 101934 101933 22887
23395 10789 10253 5 18660 18661 21455 102371 99395
23396 10917 10253 5 18661 18662 101164 101163 21456
23397 10917 10665 5 18662 18659 20215 20216 23078
23398 10917 10789 8 18659 18661 21454 22894 20752 20754 22722 22888
23399 8905 8630 8 18663 18664 98598 98706 37279 35301 21233 21236
23400 8905 8636 4 18664 18665 98684 98599
23401 8778 8636 8 18665 18666 98537 37176 37175 98184 37194 37193
23402 8778 8630 5 18666 18663 86605 89460 98526
23403 8778 8905 8 18663 18665 35351 35350 98654 22822 22821 37355
23404 8636 8630 3 18664 18666 98536
23405 6688 6533 6 18668 18669 90582 90581 91831 90342
23406 6688 6606 8 18669 18667 91958 95801 91918 91821 91314 91313
23407 6688 6966 4 18667 18668 90341 91933
23408 6315 5946 3 18670 18671 90129
23409 6315 6045 8 18671 18672 91997 72262 72260 88335 90313 90130
23410 5883 6045 5 18672 18673 88930 88924 88925
23411 5883 5946 6 18673 18670 91756 91119 73791 73788
23412 5883 6315 8 18670 18672 91874 91875 92015 92013 90559 90558
23413 6045 5946 8 18671 18673 88346 88345 77473 68820 50784 50785
23414 9118 9013 7 18674 18675 99226 93497 93495 32740 32738
23415 9118 8816 6 18675 18676 108135 108141 108125 99227
23416 9073 8816 4 18676 18677 90711 94050
23417 9073 9013 5 18677 18674 102781 98430 90710
23418 9073 9118 7 18674 18676 98050 98048 104207 102753 102752
23419 8816 9013 8 18675 18677 90709 98829 99358 99357 98232 98234
23420 9687 9599 5 18678 18679 97869 103322 31408
23421 9687 9506 4 18679 18680 102813 97870
23422 9789 9687 5 18678 18680 102774 102773 31409
23423 9579 9478 5 18681 18682 99976 99974 102335
23424 10002 10023 7 18683 18684 101267 102356 102370 102377 102333
23425 10002 9478 6 18684 18681 102552 102441 101920 101266
23426 10002 9579 7 18681 18683 102332 102438 102440 102457 102458
23427 10023 9478 4 18682 18684 101265 101572
23428 4952 4611 6 18685 18686 58821 41244 41242 54733
23429 4891 4729 5 18687 18688 59294 57545 57546
23430 4891 4611 8 18688 18685 54735 58003 58004 59198 59200 59293
23431 4891 4952 6 18685 18687 41153 41151 54750 54734
23432 4729 4611 4 18686 18688 59276 58851
23433 3034 2804 5 18691 18692 106628 122358 107654
23434 3034 2611 5 18692 18689 76712 79404 79405
23435 3034 2442 6 18689 18691 107653 120348 76687 76689
23436 2804 2611 6 18690 18692 77446 77445 122052 106610
23437 6598 5480 6 18693 18694 74751 74752 76451 74508
23438 6598 4589 3 18694 18695 74841
23439 6373 4589 7 18695 18696 18699 18698 75775 94826 74843
23440 6373 5480 3 18696 18693 74510
23441 6373 6598 10 18693 18695 74842 94829 77825 77826 94648 107755 74864 74509
23442 4589 5480 8 18694 18696 76480 76475 75871 75870 76381 76426
23443 5603 4589 3 18697 18699 76480
23444 1117 880 4 18700 18701 102296 113581
23445 1117 589 7 18701 18702 113506 83782 83783 113518 102295
23446 331 589 4 18702 18703 101405 102062
23447 331 880 6 18703 18700 113573 113183 84426 84428
23448 331 1117 6 18700 18702 20789 20788 84640 113546
23449 589 880 7 18701 18703 84261 20795 20797 113548 102297
23450 8796 9054 7 18704 18705 94114 93888 21356 21357 21838
23451 8914 9054 5 18707 18704 22828 108116 107105
23452 8914 8796 3 18704 18706 22827
23453 8561 9054 4 18705 18707 102498 94115
23454 10619 10232 7 18708 18709 150311 150877 154467 154447 152880
23455 10619 10474 5 18709 18710 150554 150744 150312
23456 10578 10474 4 18710 18711 150714 150555
23457 10578 10232 8 18711 18708 152881 154414 150790 150600 146441 146440
23458 10578 10619 4 18708 18710 149348 149345
23459 10474 10232 8 18709 18711 149998 105039 105041 46155 46157 149407
23460 11400 11261 5 18713 18714 26233 26234 108735
23461 11400 11454 5 18714 18712 108510 111434 111433
23462 11400 11416 8 18712 18713 23230 23232 112017 20792 20794 108509
23463 9519 10246 5 18715 18716 99998 99673 99674
23464 9519 9492 3 18716 18717 99999
23465 9348 10246 4 18718 18715 101630 75912
23466 9348 9519 10 18715 18717 101727 102422 102345 21245 21244 101728 107494 102319
23467 9492 10246 8 18716 18718 75913 101616 23726 22727 22726 100000
23468 9988 10362 5 18720 18721 101638 22854 22852
23469 9988 10552 5 18721 18719 101969 101205 101206
23470 9988 10253 6 18719 18720 99419 99420 102019 101968
23471 8646 8744 5 18722 18723 86355 86353 22839
23472 8864 8744 4 18723 18724 20174 20176
23473 8002 8114 4 18725 18726 97133 97072
23474 8002 7860 7 18726 18727 93805 93760 19495 19496 97561
23475 8138 7860 6 18727 18728 95758 95757 97082 94978
23476 8138 8002 5 18725 18727 94977 97557 97073
23477 7860 8114 5 18726 18728 97276 97275 97563
23478 10014 10335 8 18729 18730 107376 107411 102279 102277 108191 102153
23479 10014 10101 4 18730 18731 23007 23005
23480 9953 10101 6 18731 18732 106486 106485 107037 102082
23481 9953 10014 6 18729 18731 102081 104849 104846 102154
23482 10101 10335 5 18730 18732 107209 105516 105515
23483 4104 4628 9 18733 18734 76530 76656 76392 76391 76622 76650 76523
23484 4104 4203 5 18734 18735 75851 76411 76459
23485 3613 4203 6 18735 18736 76507 76086 75355 75354
23486 3613 4628 6 18736 18733 75263 75260 96092 76574
23487 4203 4628 5 18734 18736 76564 76566 76531
23488 8342 8189 8 18737 18738 96719 97142 97154 95505 95503 97137
23489 8342 8263 4 18738 18739 47844 47843
23490 8211 8263 7 18739 18740 96752 96753 96862 96888 89951
23491 8211 8189 4 18740 18737 95729 95728
23492 8263 8189 7 18738 18740 96902 97025 97134 97266 96720
23493 574 9857 3 18741 18742 121157
23494 574 3690 6 18742 18743 122175 106618 106572 106574
23495 11486 3690 5 18743 18744 23054 122214 122188
23496 11486 9857 8 18744 18741 107656 107655 107813 107814 101869 23053
23497 11486 574 5 18741 18743 121863 121865 122161
23498 5959 5806 6 18745 18746 95889 77831 77832 96052
23499 5959 5459 5 18746 18747 96054 96030 96028
23500 5027 5806 8 18748 18745 76495 76497 94656 91450 91449 95848
23501 5027 5959 5 18745 18747 96055 96089 96053
23502 9100 9080 6 18749 18750 96370 96368 105054 21449
23503 9100 8972 5 18750 18751 50405 96723 96724
23504 9165 8972 6 18751 18752 105031 105185 96923 50406
23505 9165 9080 4 18752 18749 21450 104901
23506 8972 9080 5 18750 18752 105030 96937 96925
23507 6839 6717 4 18753 18754 20495 95094
23508 6839 6561 8 18754 18755 91117 92275 92472 92266 20620 20494
23509 6847 6561 7 18755 18756 71030 92592 92401 20228 20227
23510 6847 6717 5 18756 18753 94836 94211 71029
23511 6847 6839 6 18753 18755 74318 74320 92357 95095
23512 9135 9537 4 18757 18758 104812 107066
23513 9135 8934 6 18758 18759 22573 22574 22639 22637
23514 9096 8934 5 18759 18760 97287 97192 97193
23515 9096 9537 5 18760 18757 107360 90688 90690
23516 9096 9135 9 18757 18759 106555 106556 107174 95063 95060 95380 107359
23517 8934 9537 10 18758 18760 107146 107167 106518 106517 105346 104740 104742 104813
23518 5952 6299 5 18761 18762 91113 91173 68919
23519 5952 6161 6 18762 18763 91189 91235 68759 68757
23520 5960 6299 3 18764 18761 68921
23521 5960 5952 6 18761 18763 73925 73923 91130 68920
23522 6161 6299 5 18762 18764 89930 50285 50284
23523 6811 6392 3 18765 18766 94328
23524 6639 6392 8 18766 18767 94896 77662 74989 74991 92663 92662
23525 6392 6475 4 18765 18767 92166 92164
23526 8767 8728 9 18768 18769 47096 47097 47944 19343 19345 47948 46322
23527 8579 8819 8 18770 18771 46183 46234 46370 46314 46198 33114
23528 8579 8728 4 18771 18768 46323 46182
23529 8579 8767 5 18768 18770 33112 46132 46131
23530 8819 8728 4 18769 18771 46181 46185
23531 10919 11037 6 18772 18773 108904 109995 109996 110536
23532 10919 11238 6 18773 18774 110480 109778 106944 106947
23533 10961 11238 7 18774 18775 108484 24209 24207 108981 110483
23534 10961 11037 7 18775 18772 110535 109177 109176 109077 108817
23535 10961 10919 5 18772 18774 110477 109678 109676
23536 11238 11037 4 18773 18775 108818 108905
23537 6981 7430 6 18776 18777 76361 94470 94472 95862
23538 6981 7042 4 18777 18778 95776 76360
23539 7420 7042 4 18778 18779 95625 95626
23540 7420 7430 4 18779 18776 94959 94958
23541 7420 6981 9 18776 18778 95826 95827 95876 95875 95880 95861 95860
23542 7042 7430 8 18777 18779 95630 95705 90536 90534 95707 76362
23543 3869 3218 7 18780 18781 23861 23862 75947 101155 73470
23544 3869 3376 4 18781 18782 75891 75897
23545 3089 3376 8 18782 18783 75960 122512 122189 75049 75052 75595
23546 3089 3218 8 18783 18780 73472 102205 102206 113237 113238 75959
23547 3089 3869 3 18780 18782 73471
23548 3376 3218 4 18781 18783 75957 75916
23549 6775 6795 4 18784 18785 92234 92220
23550 6439 6795 6 18785 18786 91471 87793 87792 90542
23551 8056 8339 6 18787 18788 97824 93626 93627 93564
23552 8056 8065 3 18788 18789 97852
23553 7916 8065 10 18789 18790 93115 98844 98523 92073 89998 18940 18941 97864
23554 7916 8339 4 18790 18787 22484 22485
23555 7916 8056 6 18787 18789 97865 93521 93520 93565
23556 5421 5186 8 18791 18792 72767 72766 50076 50074 65705 65704
23557 5421 4890 5 18792 18793 77538 72535 72536
23558 4932 5186 3 18794 18791 65388
23559 4932 5421 4 18791 18793 77537 73009
23560 4890 5186 9 18792 18794 64271 64272 69000 68999 69001 69014 69016
23561 7238 6863 6 18795 18796 93766 93764 94943 94944
23562 7401 6942 7 18797 18798 92194 95036 88153 88154 91936
23563 7401 6863 4 18798 18795 94947 92192
23564 7401 7238 6 18795 18797 94945 93953 93954 94946
23565 6942 6863 7 18796 18798 92193 94274 94999 94998 95010
23566 9455 9851 9 18799 18800 99416 101734 101803 101895 113343 101021 101022
23567 9455 10656 4 18800 18801 25894 25895
23568 7506 10656 8 18801 18802 84648 83883 83884 101687 101545 94178
23569 7506 9851 3 18802 18799 101373
23570 7506 9455 6 18799 18801 94177 101268 101577 101582
23571 10656 9851 6 18800 18802 101372 113327 84124 84126
23572 7059 7049 7 18803 18804 92158 94675 92115 92116 92128
23573 5682 5372 4 18805 18806 18824 85522
23574 5682 5531 8 18806 18807 70713 85627 85510 85508 85751 18823
23575 5493 5531 3 18807 18808 70714
23576 5493 5682 6 18805 18807 70712 85637 85507 85505
23577 7212 7204 4 18809 18810 91045 19057
23578 7212 7483 5 18810 18811 95556 96808 91046
23579 7314 7483 4 18811 18812 96779 95557
23580 7314 7204 8 18812 18809 19058 95699 96701 96556 96555 96700
23581 6612 6243 7 18813 18814 92604 92605 92770 92773 94104
23582 6561 6243 4 18814 18815 75055 88600
23583 6243 6717 4 18813 18815 75054 94105
23584 4042 3884 4 18817 18818 81015 81014
23585 8716 8479 4 18819 18820 97267 97257
23586 8716 8844 7 18820 18821 95438 97092 96953 48167 48165
23587 8879 8844 6 18821 18822 97187 97188 97309 95440
23588 8879 8479 5 18822 18819 96998 18979 18976
23589 8844 8479 5 18820 18822 97182 97090 97089
23590 5727 5682 5 18823 18824 85718 85719 85770
23591 7364 7686 7 18825 18826 93288 21219 21217 84609 101072
23592 7564 7686 6 18826 18827 93823 93339 93337 93290
23593 7686 7167 4 18825 18827 94281 101073
23594 6910 7494 7 18828 18829 100331 100362 100379 85797 85622
23595 7088 7494 3 18830 18828 85623
23596 7026 7494 5 18829 18830 100123 92539 92538
23597 3970 3927 6 18831 18832 80765 80825 80875 80424
23598 3970 3855 5 18832 18833 80462 80633 80632
23599 3870 3927 6 18834 18831 74739 74741 80768 80783
23600 3855 3927 6 18832 18834 80785 80771 80640 80638
23601 4887 5037 7 18835 18836 19081 75184 77602 75012 75011
23602 4635 5037 5 18836 18837 74937 74590 19083
23603 5037 4696 4 18835 18837 75166 75061
23604 6509 6963 4 18838 18839 92929 88272
23605 6509 6906 3 18839 18840 88592
23606 6596 6963 4 18841 18838 88039 88040
23607 6596 6509 8 18838 18840 88591 88730 88727 70897 70899 88271
23608 6906 6963 10 18839 18841 88062 88027 87344 87346 87800 92923 89664 89665
23609 7673 7343 5 18842 18843 99596 99650 100127
23610 7673 7611 8 18843 18844 85980 20333 20331 99013 99658 99597
23611 7387 7611 4 18844 18845 37102 37101
23612 7387 7343 8 18845 18842 88009 88008 87803 87802 86086 86083
23613 7387 7673 6 18842 18844 99599 20239 20238 100128
23614 7611 7343 3 18843 18845 86213
23615 5348 5564 7 18846 18847 85037 85445 84938 84766 70959
23616 5481 5292 5 18848 18849 100310 84892 84891
23617 5481 5564 7 18849 18846 70961 74427 74428 85006 85005
23618 4696 4900 5 18850 18851 75164 75640 75145
23619 4696 4957 6 18851 18852 19091 75152 75166 75165
23620 4379 4957 3 18852 18853 19093
23621 4379 4900 9 18853 18850 75147 75566 75467 75118 75117 75133 73658
23622 4379 4696 6 18850 18852 19092 75209 75237 75146
23623 6612 6080 3 18855 18856 92604
23624 6352 6561 5 18857 18854 92472 92474 92575
23625 6080 6561 5 18855 18857 92446 88601 88600
23626 8224 9603 5 18859 18860 101426 101517 101541
23627 8224 9190 7 18858 18859 102318 22877 22876 101224 22875
23628 4386 4366 5 18861 18862 71331 71332 71450
23629 6230 5873 4 18864 18865 71179 85799
23630 6230 5954 5 18865 18866 85814 85748 71180
23631 6219 5954 5 18866 18867 85672 86068 85815
23632 6219 6230 10 18864 18866 85323 85322 88186 88174 88171 85802 85804 85800
23633 5549 5472 6 18869 18870 85434 85192 85190 92831
23634 9233 9246 8 18871 18872 99561 108098 108097 99497 99496 99553
23635 9233 9086 4 18872 18873 21151 99555
23636 9089 9086 9 18873 18874 99985 37188 37187 98300 98302 99462 21153
23637 9089 9246 4 18874 18871 98258 98257
23638 9089 9233 4 18871 18873 21152 99554
23639 9086 9246 6 18872 18874 101561 101560 99807 99562
23640 10596 10460 4 18875 18876 148262 31865
23641 10596 10449 5 18876 18877 21102 21105 148263
23642 10797 10449 4 18877 18878 30866 146744
23643 10797 10460 5 18878 18875 31658 31660 30865
23644 10797 10596 6 18875 18877 143856 143857 148993 31866
23645 10449 10460 6 18876 18878 30864 35328 35327 148264
23646 8947 8538 5 18879 18880 101178 94548 94205
23647 8561 8538 4 18881 18879 94206 21165
23648 8914 8538 5 18880 18881 20674 20673 94336
23649 6689 6625 7 18882 18883 90639 92067 92726 92434 92433
23650 6689 6459 3 18883 18884 90638
23651 6646 6459 7 18884 18885 85693 20092 20091 87977 92118
23652 6646 6689 5 18882 18884 92117 88119 88116
23653 7823 7836 7 18886 18887 20483 20484 99715 93502 93503
23654 7823 8013 5 18887 18888 100173 100252 100249
23655 7649 8013 7 18888 18889 19926 19924 92826 100164 100166
23656 7649 7836 4 18889 18886 99852 99854
23657 7649 7823 6 18886 18888 70548 36640 36642 100175
23658 8013 7836 5 18887 18889 99427 93849 93848
23659 5640 4877 3 18890 18891 84693
23660 5640 5665 8 18891 18892 84130 84131 94498 94500 100834 94384
23661 6144 5665 3 18892 18893 84251
23662 6144 4877 11 18893 18890 84355 84352 84267 84047 84044 99148 84967 82819 82818
23663 6144 5640 6 18890 18892 101344 80791 80790 84694
23664 5665 4877 9 18891 18893 84250 84275 83151 83153 83326 75211 75212
23665 6631 5756 4 18894 18895 99874 99872
23666 6631 5943 7 18895 18896 94414 100974 101331 71439 71440
23667 5571 5943 6 18896 18897 85164 85165 100930 94415
23668 5571 6631 5 18894 18896 94413 100569 100566
23669 5943 5756 7 18895 18897 100434 100484 85156 85153 100456
23670 8373 8393 6 18900 18901 97813 21158 21160 86615
23671 8373 8428 6 18901 18898 98932 98929 98930 99149
23672 8373 8180 4 18898 18900 98652 98651
23673 8393 8428 3 18899 18901 99241
23674 725 1111 4 18902 18903 121324 121297
23675 725 723 5 18903 18904 134449 134487 124016
23676 859 723 3 18904 18905 124034
23677 859 1111 5 18905 18902 121299 133458 124033
23678 859 725 8 18902 18904 123152 123153 133942 129955 123779 121298
23679 7884 7853 3 18906 18907 93106
23680 7884 7702 6 18907 18908 93306 93392 93323 93324
23681 7697 7853 5 18909 18906 93108 93119 92103
23682 7697 7884 5 18906 18908 93305 93430 93107
23683 7702 7853 8 18907 18909 92102 20242 20241 93415 93605 93606
23684 10665 10349 7 18911 18912 21254 21531 21358 21361 102312
23685 11046 10349 6 18912 18913 102311 101681 101640 21255
23686 11046 11365 7 18913 18910 20095 101704 101706 102066 102316
23687 11046 10665 5 18910 18912 21253 23819 20094
23688 10349 11365 3 18911 18913 102314
23689 10779 10887 6 18914 18915 107310 107309 107282 104883
23690 10779 11145 3 18915 18916 107320
23691 10562 11145 11 18916 18917 104689 25808 25809 106554 122141 75762 75764 107615 107321
23692 10562 10887 4 18917 18914 104885 104688
23693 10562 10779 8 18914 18916 107319 107607 107080 107081 107260 104884
23694 7818 7628 7 18918 18919 95878 95658 95262 95263 94658
23695 7818 7193 5 18919 18920 76854 76853 95877
23696 7679 7628 5 18921 18918 94659 95191 94671
23697 7679 7818 6 18918 18920 94492 91944 91941 94657
23698 7193 7628 6 18919 18921 94630 94631 94746 95879
23699 5545 5194 4 18923 18924 84781 84897
23700 5391 5194 6 18924 18925 84056 100833 84909 84782
23701 5391 5279 5 18925 18922 100836 84555 84054
23702 5391 5545 5 18922 18924 84780 94497 100961
23703 5194 5279 6 18923 18925 84055 84813 84821 84839
23704 3410 3891 6 18926 18927 76651 76549 76551 76882
23705 8487 8214 5 18931 18928 33127 48220 48221
23706 8487 8444 4 18928 18930 21914 21913
23707 8648 8214 5 18929 18931 48191 47805 47803
23708 4807 5073 5 18932 18933 74965 77775 73741
23709 4807 5180 5 18933 18934 77733 73558 73559
23710 5000 5180 6 18934 18935 76586 73319 73320 77812
23711 8300 8139 6 18937 18938 46832 46833 47572 46375
23712 8186 8139 4 18938 18939 46723 46829
23713 8186 7950 4 18939 18936 44498 44497
23714 8186 8300 8 18936 18938 46834 46964 46409 44374 44375 46333
23715 7916 8083 3 18941 18942 97863
23716 7872 8083 6 18942 18943 90196 90194 90198 97856
23717 7872 7916 7 18940 18942 97866 93521 93026 19851 19850
23718 8083 8065 7 18941 18943 93138 98240 97854 97835 97836
23719 8421 8254 8 18944 18945 47550 47882 47883 97647 97615 47872
23720 8421 8479 3 18945 18946 47551
23721 8472 8479 8 18946 18947 90426 97145 97088 97090 97123 97125
23722 8472 8254 5 18947 18944 19251 19253 90424
23723 8472 8421 7 18944 18946 97631 97673 97685 97660 47873
23724 8479 8254 5 18945 18947 90425 19235 19237
23725 7821 7558 8 18948 18949 75694 75695 92323 95079 95229 95053
23726 7821 7884 4 18949 18950 93033 89062
23727 7932 7821 5 18948 18950 94664 94665 94997
23728 7884 7558 5 18949 18951 94283 94268 89063
23729 8931 8934 7 18952 18953 97192 97286 107167 97410 97337
23730 8698 8811 5 18954 18955 95078 94683 94685
23731 8698 8934 5 18955 18952 22705 22706 95635
23732 8698 8931 8 18952 18954 97075 93858 93857 97342 95429 95431
23733 8811 8934 6 18953 18955 95642 22576 22573 97193
23734 11270 11405 6 18956 18957 21847 105640 105805 105806
23735 11270 11368 4 18957 18958 25487 21848
23736 11224 11405 8 18959 18956 32558 32557 106863 106810 32827 21910
23737 11224 11270 4 18956 18958 25258 25257
23738 11368 11405 4 18957 18959 21911 21849
23739 7507 7439 5 18960 18961 72712 76846 22258
23740 7507 5959 4 18961 18962 76595 72713
23741 7681 5959 7 18962 18963 76708 77832 96073 107613 76597
23742 7681 7439 5 18963 18960 22259 94294 76707
23743 7681 7507 5 18960 18962 76596 106450 22257
23744 5959 7439 4 18961 18963 76556 72714
23745 8390 8131 7 18964 18965 20342 97922 97914 97916 99692
23746 8390 8184 5 18965 18966 93851 99134 20343
23747 8008 8184 4 18966 18967 93420 93455
23748 8008 8390 5 18964 18966 93546 93544 99683
23749 8184 8131 5 18965 18967 93419 93410 20344
23750 7883 8182 6 18970 18971 48564 95964 22251 22250
23751 7883 7052 6 18971 18968 32625 32711 32712 48563
23752 7883 7325 4 18968 18970 22252 32624
23753 8182 7052 6 18969 18971 48379 48325 48326 48475
23754 7310 7410 7 18972 18973 90987 90427 50377 48576 48578
23755 7310 7326 4 18973 18974 19316 19314
23756 7194 7326 6 18974 18975 51994 89934 89835 52500
23757 7194 7410 5 18975 18972 50545 89875 51992
23758 7194 7310 6 18972 18974 52499 50510 50495 50496
23759 7326 7410 5 18973 18975 51993 86822 89968
23760 8836 8479 4 18976 18977 97123 97182
23761 8836 8521 7 18977 18978 20749 97785 97786 97525 97124
23762 8879 8521 4 18978 18979 96999 20751
23763 8879 8836 6 18976 18978 20750 97330 97185 97187
23764 8521 8479 6 18977 18979 19238 19237 47551 97125
23765 5900 6035 4 18980 18981 32790 91238
23766 7431 7213 8 18983 18984 90137 90618 90498 90497 89876 89877
23767 7213 7175 3 18982 18984 50671
23768 7696 7722 6 18985 18986 36529 19739 19740 35716
23769 7641 7722 6 18986 18987 36621 52286 45748 45747
23770 8183 8486 4 18988 18989 93639 94014
23771 8183 8392 4 18989 18990 93533 93531
23772 8347 8392 5 18990 18991 93749 93651 93634
23773 8347 8486 5 18991 18988 19705 19699 19698
23774 8347 8183 7 18988 18990 93633 93638 93468 89840 89839
23775 9736 9481 7 18992 18993 102550 22690 22502 22503 98514
23776 9736 9550 3 18993 18994 102853
23777 10021 9550 7 18994 18995 102330 102331 102408 94802 94801
23778 10021 9481 4 18995 18992 21169 21168
23779 10021 9736 9 18992 18994 93862 93860 101985 93922 93923 108284 108087
23780 9550 9481 8 18993 18995 101175 101174 102504 102497 75638 75639
23781 9170 9205 5 18996 18997 152529 28902 28905
23782 9170 9417 4 18997 18998 28049 152579
23783 8944 9417 6 18998 18999 46447 46449 48974 28051
23784 8944 9170 5 18996 18998 28050 48350 48352
23785 9417 9205 6 18997 18999 48152 30987 30986 152544
23786 8946 8882 6 19000 19001 21772 21770 97343 97399
23787 8946 9019 8 19001 19002 97401 97445 97435 97423 97413 97391
23788 8773 8882 7 19003 19000 97381 97378 97377 97366 97346
23789 8773 8946 5 19000 19002 97400 97392 97393
23790 9019 8882 5 19001 19003 21857 21859 97190
23791 5175 4589 6 19004 19005 76496 94524 94827 76489
23792 5175 5027 5 19005 19006 76565 96053 76495
23793 4203 5027 4 19006 19007 19064 76566
23794 4203 5175 8 19004 19006 76564 76507 76506 76515 20184 20186
23795 5027 4589 5 19005 19007 19063 94207 76497
23796 7212 6932 5 19009 19010 96799 19260 19259
23797 6729 7289 4 19011 19008 96455 96093
23798 6932 7289 6 19009 19011 50503 50505 90922 91039
23799 7595 7623 6 19012 19013 96916 50046 50044 77035
23800 7595 7561 7 19013 19014 50461 50462 76888 96741 96915
23801 7078 7623 4 19015 19012 96669 96438
23802 7078 7595 4 19012 19014 96715 96668
23803 7561 7623 4 19013 19015 96437 96917
23804 2357 2598 5 19017 19018 120825 120711 79368
23805 2443 2598 3 19018 19019 120826
23806 2443 2346 6 19019 19016 120824 120836 120837 120839
23807 2443 2357 5 19016 19018 25677 25674 120454
23808 2598 2346 5 19017 19019 120842 78731 78730
23809 1162 1114 5 19020 19021 26116 117642 117645
23810 1162 1376 5 19021 19022 123411 123412 26117
23811 1368 1376 5 19022 19023 123819 123818 123749
23812 1368 1114 4 19023 19020 123221 123679
23813 1368 1162 7 19020 19022 123109 123111 123792 123313 123220
23814 1376 1114 6 19021 19023 123886 123883 123882 26118
23815 11734 11401 6 19025 19026 106053 48750 48753 105990
23816 11358 11401 4 19026 19027 106113 106114
23817 11358 11678 5 19027 19024 95835 106208 106155
23818 11358 11734 6 19024 19026 65876 28273 28274 95834
23819 5107 4811 4 19028 19029 73260 74042
23820 6778 8078 3 19030 19031 96527
23821 6778 7910 7 19031 19032 96508 75867 75868 96407 96528
23822 7351 7910 5 19032 19033 96408 32781 32779
23823 7351 8078 7 19033 19030 96435 96436 96465 96457 96456
23824 7351 6778 6 19030 19032 96509 96517 96536 96526
23825 7910 8078 7 19031 19033 96404 96381 19458 19455 77166
23826 9080 8155 6 19034 19035 96295 19363 19361 21950
23827 9080 8654 3 19035 19036 91004
23828 8655 8155 3 19037 19034 96721
23829 8655 9080 6 19034 19036 91003 96731 105144 96822
23830 8654 8155 9 19035 19037 96722 96728 50418 48712 48714 50172 96296
23831 7834 7912 4 19038 19039 43013 49316
23832 7467 7912 6 19039 19040 49425 49361 49360 43015
23833 7912 7983 8 19038 19040 49426 44532 43193 43194 48916 48917
23834 7520 7061 8 19041 19042 74666 84127 94480 94560 94559 94228
23835 7520 7460 7 19042 19043 22300 20724 20725 84170 74667
23836 7364 7460 9 19043 19044 94405 100931 100881 100525 94397 92654 22302
23837 7364 7061 7 19044 19041 94229 91704 91706 74394 74391
23838 7364 7520 3 19041 19043 22301
23839 7460 7061 5 19042 19044 74495 74494 74668
23840 2202 3674 4 19045 19046 106622 121972
23841 3410 3033 6 19047 19048 76551 76550 120512 122065
23842 3410 3674 5 19048 19045 76859 76858 76882
23843 3410 2202 4 19045 19047 122064 121975
23844 3033 3674 5 19046 19048 76930 76936 76950
23845 7312 6725 8 19049 19050 50281 47736 47737 50138 49341 49342
23846 7312 7426 4 19050 19051 48791 48789
23847 7316 7426 6 19051 19052 49399 49600 49500 49498
23848 7426 6725 4 19050 19052 49398 49893
23849 8174 8260 8 19053 19054 95540 76876 76874 94846 96202 106109
23850 8174 7439 6 19054 19055 95481 95482 48551 48549
23851 8012 7439 7 19055 19056 32747 76935 76846 76847 96067
23852 8012 8260 3 19056 19053 32746
23853 8012 8174 7 19053 19055 96066 19250 19249 22580 22579
23854 7439 8260 6 19054 19056 32745 94860 94859 95884
23855 7037 7204 6 19058 19057 91657 48141 48140 95700
23856 9778 9920 8 19059 19060 97093 97094 105600 104245 93991 93993
23857 9778 9948 3 19060 19061 95487
23858 9797 9948 5 19061 19062 104247 93987 93989
23859 9797 9920 3 19062 19059 95574
23860 9797 9778 8 19059 19061 95488 47920 47919 22093 22090 95573
23861 9948 9920 6 19060 19062 104751 104508 19646 19648
23862 4870 5027 5 19064 19063 94208 76562 76559
23863 9167 9330 4 19065 19066 104991 21607
23864 9167 9371 6 19066 19067 104897 104808 104809 104999
23865 9142 9371 5 19067 19068 105088 105089 104898
23866 9142 9330 4 19068 19065 21608 105095
23867 9142 9167 5 19065 19067 104616 104618 21606
23868 9371 9330 6 19066 19068 105094 25346 25343 105000
23869 9394 9378 5 19069 19070 106382 106477 106131
23870 9394 8859 6 19070 19071 107193 107196 106188 106186
23871 9391 9378 9 19072 19069 22784 22783 107034 107192 22083 21893 21892
23872 9391 9394 4 19069 19071 107194 106132
23873 8859 9378 5 19070 19072 95411 107184 106383
23874 1436 1538 7 19073 19074 76222 76223 79090 79093 107295
23875 1436 1932 10 19074 19075 107572 24792 24790 76162 76211 76214 115827 118514
23876 1453 1932 8 19075 19076 118708 122107 22587 22585 122091 107574
23877 1453 1538 5 19076 19073 76058 76055 118707
23878 1453 1436 4 19073 19075 107573 107802
23879 1932 1538 3 19074 19076 118515
23880 3949 3873 8 19077 19078 74538 76183 75193 74617 73995 73996
23881 3949 3999 5 19078 19079 74684 75800 74539
23882 3899 3999 6 19079 19080 75915 75464 75324 74686
23883 3899 3873 4 19080 19077 76152 75914
23884 3899 3949 5 19077 19079 74685 75492 76186
23885 3999 3873 4 19078 19080 75494 74540
23886 4887 4947 7 19081 19082 73498 74375 75176 75177 75185
23887 4635 4947 5 19082 19083 74591 74478 73499
23888 4947 5037 5 19081 19083 74589 74770 75004
23889 5090 5364 6 19085 19086 92246 74349 74352 74696
23890 5181 5090 10 19084 19086 92245 92352 74097 74099 75390 75389 75624 75641
23891 5364 4900 5 19085 19087 75009 75029 75028
23892 4749 4830 6 19088 19089 77953 73681 73679 77770
23893 4749 4959 4 19089 19090 77942 77958
23894 4907 4749 6 19088 19090 73500 20513 20512 77771
23895 4696 4429 4 19091 19092 74264 74266
23896 4429 4957 6 19091 19093 73657 74101 74100 74692
23897 5480 4825 4 19094 19095 76475 75053
23898 5480 5603 7 19095 19096 74726 74727 74508 74510 76480
23899 4599 5603 4 19096 19097 25941 94459
23900 4599 5480 4 19094 19096 22613 22615
23901 10301 10482 4 19098 19099 94820 22396
23902 10301 9979 6 19099 19100 106960 106961 104888 104887
23903 10051 9979 6 19100 19101 107028 104658 22221 22222
23904 10051 10482 9 19101 19098 22397 106906 106905 104832 104834 106301 106302
23905 10051 10301 5 19098 19100 107012 106972 22395
23906 9979 10482 4 19099 19101 106560 106561
23907 7037 6918 4 19103 19104 48197 48195
23908 7037 7310 5 19104 19102 91657 91656 90571
23909 7037 7021 4 19102 19103 48142 48141
23910 3493 3258 7 19108 19109 78561 78562 76567 76568 78980
23911 3956 3258 5 19109 19110 75264 65411 65412
23912 3258 3679 4 19108 19110 25271 25268
23913 6861 6236 6 19111 19112 50156 96690 50165 50166
23914 6861 7123 6 19112 19113 76624 50275 50274 50157
23915 7078 6236 8 19114 19111 50417 96649 96577 96579 77606 77605
23916 7078 6861 4 19111 19113 76623 50416
23917 7123 6236 3 19112 19114 50158
23918 4174 4610 8 19115 19116 76534 25667 25664 76282 76280 77887
23919 4782 4774 8 19117 19118 76952 65853 65854 76659 48344 48343
23920 4741 4774 7 19119 19117 76776 76751 76750 77344 77345
23921 11926 8182 5 19120 19121 22143 19447 19444
23922 6370 6366 4 19122 19124 49899 19137
23923 4941 11921 3 19125 19126 65370
23924 11921 4821 7 19125 19127 25583 25582 76955 91674 77326
23925 7232 11924 4 19128 19129 49535 50347
23926 7134 11924 5 19130 19128 50349 91019 48370
23927 7053 7199 4 19131 19132 90433 90434
23928 7053 7270 6 19132 19133 90472 90537 90629 90716
23929 7175 7199 5 19134 19131 90441 89392 89393
23930 7175 7053 6 19131 19133 52347 52349 91793 90440
23931 7270 7199 6 19132 19134 89401 89403 88977 88978
23932 6059 5942 9 19135 19136 19148 19146 65708 65709 44292 19139 19140
23933 6370 5942 5 19136 19137 49901 50951 50109
23934 6330 6320 6 19141 19138 19230 49831 50089 33420
23935 6330 6059 4 19138 19140 50161 19229
23936 5942 6320 3 19139 19141 33421
23937 6704 6710 5 19143 19144 96665 19205 19208
23938 6550 6704 4 19142 19144 95869 50142
23939 5679 5942 5 19146 19147 43068 50049 65782
23940 6001 6063 6 19150 19151 51608 51606 51822 51890
23941 5298 5079 8 19152 19153 65678 77391 77727 73007 73005 72775
23942 5298 4741 3 19153 19154 65679
23943 5289 4741 6 19154 19155 65746 65745 77264 77265
23944 5289 5079 3 19155 19152 72777
23945 5289 5298 9 19152 19154 77295 77658 77671 96595 64785 64787 72776
23946 4741 5079 6 19153 19155 76525 76973 72685 65680
23947 6455 6191 7 19156 19157 94712 94713 96144 76923 76924
23948 6455 6878 5 19157 19158 94761 76922 76921
23949 5806 6878 8 19158 19159 77831 77833 94482 94481 94600 94597
23950 5806 6455 5 19156 19158 94830 76542 76541
23951 6878 6191 5 19157 19159 76558 76557 96145
23952 7409 6902 4 19160 19161 36996 36995
23953 7409 7309 6 19161 19162 52823 52365 52327 47686
23954 7291 7309 5 19162 19163 50478 51374 52822
23955 7291 6902 6 19163 19160 47679 50587 50577 50477
23956 7212 6939 3 19164 19165 95667
23957 7037 6939 8 19165 19166 90990 91777 91051 48194 48197 90571
23958 6939 7371 4 19164 19166 25734 25733
23959 3742 4474 5 19167 19168 48654 48655 48688
23960 3742 4702 5 19168 19169 48684 48685 48691
23961 11919 4474 5 19170 19167 48689 65921 65922
23962 11919 3742 6 19167 19169 65526 65525 48059 48061
23963 4702 4474 4 19168 19170 65937 48692
23964 7679 7222 7 19172 19173 94215 94951 94663 74714 74713
23965 7679 7676 4 19173 19171 94705 94213
23966 7679 7782 4 19171 19172 76416 76415
23967 5870 6017 7 19174 19175 91073 96607 90988 90776 77863
23968 5870 5784 7 19175 19176 46227 50805 50645 50643 91057
23969 5827 6017 5 19177 19174 50913 50915 50920
23970 5827 5870 3 19174 19176 46228
23971 5784 6017 4 19175 19177 50921 68909
23972 4672 4660 4 19178 19179 50106 72771
23973 4672 4890 6 19179 19180 68953 64269 64272 50107
23974 4578 4890 5 19180 19181 65517 64775 64773
23975 4578 4660 6 19181 19178 72772 64835 64834 65590
23976 4578 4672 6 19178 19180 64499 64500 57983 57982
23977 4890 4660 5 19179 19181 64870 64869 50108
23978 10470 10225 6 19182 19183 23301 23302 151092 105369
23979 10470 10527 6 19183 19184 150070 150089 151499 150052
23980 10296 10527 5 19184 19185 32844 32884 150071
23981 10296 10225 6 19185 19182 105371 150654 149673 32843
23982 10296 10470 4 19182 19184 149947 105370
23983 11796 11766 6 19186 19187 105745 105746 134068 134071
23984 11796 415 4 19187 19188 150276 134591
23985 56 415 6 19188 19189 133640 27266 27265 134245
23986 56 11766 5 19189 19186 133680 133682 149354
23987 56 11796 7 19186 19188 150277 150500 150253 27814 27813
23988 415 11766 5 19187 19189 149355 134647 134592
23989 10378 10638 5 19190 19191 153684 33297 33298
23990 10378 10542 8 19191 19192 156479 156933 154626 154625 153781 153685
23991 10553 10542 4 19192 19193 147447 156436
23992 10553 10638 7 19193 19190 147578 147577 147580 34553 34555
23993 10553 10378 5 19190 19192 31513 31515 153609
23994 10542 10638 6 19191 19193 144188 144187 147376 147377
23995 8931 8923 7 19195 19196 93957 93958 97074 93858 21771
23996 9204 8923 10 19196 19197 97191 97189 97209 97208 97981 47863 47865 95452
23997 9204 8946 3 19197 19194 97413
23998 9204 8931 5 19194 19196 95451 97440 97424
23999 8923 8946 4 19195 19197 97391 21772
24000 3444 3433 5 19198 19200 25126 79224 79308
24001 683 200 8 19202 19203 25746 25749 120430 25755 25753 106262
24002 11734 200 7 19203 19204 120880 121098 121629 121383 121381
24003 11734 892 6 19204 19201 121569 121859 121838 120879
24004 11734 683 3 19201 19203 121568
24005 200 892 3 19202 19204 120779
24006 7134 6704 7 19205 19206 48401 48371 48370 49523 49524
24007 7134 6677 5 19206 19207 50328 50259 50260
24008 6710 7134 5 19205 19207 49938 49937 96664
24009 9105 9303 7 19209 19210 96258 96259 105135 105134 151479
24010 9093 9303 6 19211 19209 97244 97242 23133 23135
24011 9198 9303 4 19210 19211 104952 151715
24012 4157 4382 4 19212 19213 48417 72837
24013 4157 4337 6 19213 19214 78005 78374 73539 48416
24014 4183 4382 8 19215 19212 72839 63394 63396 78265 78382 77285
24015 4183 4157 5 19212 19214 77759 77757 72838
24016 4337 4382 7 19213 19215 77284 78410 64507 64504 48418
24017 8554 8219 4 19216 19217 36628 37278
24018 8482 8219 6 19217 19218 37163 86588 86589 36630
24019 4078 3995 5 19219 19220 65838 65843 49904
24020 4078 4675 6 19220 19221 65755 64617 64148 64146
24021 3904 4675 6 19221 19222 65599 64644 64646 65364
24022 3904 4078 5 19219 19221 65810 64722 49903
24023 4675 3995 3 19220 19222 65598
24024 452 24 4 19225 19226 65310 65311
24025 452 942 8 19226 19227 65812 77147 77145 121830 50205 50203
24026 9969 942 6 19227 19228 19374 19372 22295 65813
24027 9969 24 4 19228 19225 106269 78461
24028 9969 452 4 19225 19227 65811 77141
24029 942 24 9 19226 19228 78462 106176 106173 79361 79360 106134 65863
24030 6472 6330 5 19229 19230 49832 49979 49981
24031 8343 8142 5 19231 19232 47967 93062 93060
24032 8343 8731 4 19232 19233 93552 47968
24033 8492 8731 5 19233 19234 95398 95399 95432
24034 8492 8142 5 19234 19231 21795 21797 76894
24035 8492 8343 6 19231 19233 95210 94983 94677 94676
24036 8731 8142 7 19232 19234 95821 95490 91906 91905 47969
24037 8254 8357 6 19235 19236 47882 47885 93808 93806
24038 8254 8521 3 19236 19237 47550
24039 8479 8357 7 19238 19235 95731 97152 97153 97257 96998
24040 8521 8357 6 19236 19238 96999 95617 95616 97183
24041 8512 8367 6 19239 19240 36636 36634 37263 19988
24042 8512 8237 4 19240 19241 35308 37231
24043 8391 8237 6 19241 19242 98377 97809 36687 35309
24044 8391 8367 3 19242 19239 19990
24045 8391 8512 6 19239 19241 35307 37257 37256 19989
24046 8237 8367 7 19240 19242 98378 98349 98341 37020 37019
24047 7969 7758 6 19243 19244 49539 49540 96400 96402
24048 7969 7926 5 19244 19245 96155 50257 50255
24049 7325 7969 6 19243 19245 32624 32623 77761 77762
24050 7926 7758 6 19244 19246 77069 48109 48108 90953
24051 8684 8278 6 19247 19248 96126 95496 95497 94700
24052 8684 8012 3 19248 19249 95446
24053 8174 8278 5 19250 19247 94701 96350 96193
24054 8174 8684 8 19247 19249 95445 106108 96202 96062 31628 31627
24055 8012 8278 7 19248 19250 96194 77322 77323 22227 22226
24056 8254 7803 6 19251 19252 95782 95783 97282 47872
24057 8254 7938 4 19252 19253 97572 97570
24058 8472 7938 7 19253 19254 91872 91873 95627 95502 95504
24059 8472 7803 4 19254 19251 47873 97464
24060 6549 6508 4 19255 19256 73904 73905
24061 6549 6802 4 19256 19257 94867 94838
24062 5884 6802 3 19257 19258 94869
24063 5884 6508 8 19258 19255 94865 95916 95639 95637 95955 94989
24064 5884 6549 6 19255 19257 94868 96039 96021 94864
24065 6802 6508 6 19256 19258 73779 73778 23848 23850
24066 6932 6844 9 19260 19261 95014 95015 91849 89244 89246 91548 91547
24067 6932 7371 5 19261 19259 91039 91041 96800
24068 721 505 6 19262 19263 101634 84374 84373 84317
24069 721 11513 5 19263 19264 25880 111953 101635
24070 11703 11513 6 19264 19265 102031 101973 101974 25882
24071 11703 505 6 19265 19262 84319 102176 102178 113097
24072 11703 721 5 19262 19264 25881 113519 84318
24073 11513 505 3 19263 19265 101636
24074 6741 6515 4 19266 19267 91375 91376
24075 6741 6609 4 19267 19268 86845 86843
24076 6543 6609 6 19268 19269 74962 92212 92211 91980
24077 6543 6515 6 19269 19266 91755 90116 90115 74961
24078 6543 6741 8 19266 19268 91305 90555 61906 61905 88606 88608
24079 7204 7362 9 19273 19274 96335 96555 95742 95743 96702 50330 50331
24080 7204 7106 4 19274 19275 96681 96336
24081 11924 7106 5 19275 19276 50347 50349 91037
24082 11924 7362 4 19276 19273 49536 49535
24083 11924 7204 4 19273 19275 50149 50151
24084 7106 7362 5 19274 19276 50501 96709 96337
24085 7473 8214 4 19278 19279 47821 47822
24086 7764 8214 6 19279 19280 48203 19302 19303 50400
24087 7764 8074 5 19280 19277 96603 96158 48202
24088 7764 7473 4 19277 19279 50399 96602
24089 7338 7312 6 19281 19282 50261 49192 48125 48126
24090 7338 7143 4 19282 19283 50263 50264
24091 7215 7143 4 19283 19284 48130 48128
24092 7215 7312 5 19284 19281 48790 48789 50281
24093 7143 7312 8 19282 19284 47736 47735 48201 48198 49477 49476
24094 7958 8155 4 19285 19286 96864 96858
24095 8124 7893 6 19287 19288 77664 48517 19301 19300
24096 8124 8155 6 19288 19285 96246 96245 50172 50171
24097 8124 7958 8 19285 19287 50480 50479 96735 96734 96993 96859
24098 7893 8155 7 19286 19288 77663 96561 96729 96573 96572
24099 8074 8101 7 19289 19290 48253 28156 28158 48052 48051
24100 8214 8101 6 19290 19291 33127 46343 46342 47632
24101 8101 8444 5 19289 19291 21913 21912 48219
24102 8997 8868 9 19292 19293 47143 151751 47992 47991 151690 46357 46358
24103 8997 8580 5 19293 19294 48020 47862 47142
24104 8728 8868 3 19295 19292 19343
24105 8728 8997 6 19292 19294 48016 48018 47958 47944
24106 8580 8868 5 19293 19295 19344 47146 47144
24107 6303 6399 8 19296 19297 77684 77685 96585 96571 95996 95997
24108 6303 6776 4 19297 19298 77487 91180
24109 6729 6776 6 19298 19299 95613 91178 77742 77489
24110 6729 6399 5 19299 19296 95896 95837 95611
24111 6729 6303 6 19296 19298 77488 91172 77608 77610
24112 6776 6399 4 19297 19299 95612 95858
24113 7893 8214 3 19301 19302 48518
24114 7764 8124 6 19303 19300 50480 50481 96001 96841
24115 7764 7893 7 19300 19302 48530 96158 48469 48466 96309
24116 8402 8454 5 19306 19307 46116 45950 19309
24117 8402 8120 7 19308 19309 32218 32220 44386 44384 45946
24118 6552 6488 3 19311 19312 46529
24119 6474 6618 3 19313 19310 50576
24120 6474 6552 10 19310 19312 51273 46558 46560 50696 50554 44432 44431 45246
24121 7310 7517 6 19314 19315 90911 90912 97578 90987
24122 7310 7173 5 19315 19316 52499 50521 50522
24123 7326 7173 6 19316 19317 90154 90288 89834 52500
24124 7326 7517 4 19317 19314 89968 89969
24125 7173 7517 6 19315 19317 89949 89950 90450 90470
24126 7261 7570 4 19318 19319 96718 96775
24127 7261 7353 6 19319 19320 50453 50504 50502 95787
24128 7458 7353 6 19320 19321 95234 96855 50037 50036
24129 7458 7570 7 19321 19318 96821 96703 47985 47983 95233
24130 7353 7570 5 19319 19321 48516 48513 96470
24131 6552 6840 4 19322 19323 46385 46386
24132 6390 6552 9 19322 19324 46158 44430 44432 50553 51351 51510 51303
24133 8667 8858 8 19326 19327 99355 98248 98249 94048 86702 86703
24134 8667 8816 6 19327 19328 98927 92796 92795 99357
24135 8971 8816 6 19328 19329 98234 99227 97979 97980
24136 8971 8858 10 19329 19326 19784 19783 31561 93775 97770 103992 99130 98233
24137 8971 8667 3 19326 19328 90096
24138 8816 8858 3 19327 19329 98232
24139 8504 8645 6 19331 19332 37732 46742 46035 46034
24140 8645 8687 4 19330 19332 37731 47149
24141 7871 7911 7 19333 19334 47401 47631 52377 47542 47543
24142 7871 8312 9 19334 19335 36819 36817 46590 47577 32750 32751 47402
24143 8346 8312 10 19335 19336 47405 47532 37576 37575 19423 19422 47515 37642
24144 8346 7911 7 19336 19333 47596 47595 47604 47606 47403
24145 8346 7871 3 19333 19335 37641
24146 8312 7911 5 19334 19336 47404 45802 45799
24147 8758 8580 7 19337 19338 36810 47765 47145 47144 47142
24148 8758 8408 6 19338 19339 28375 47716 47076 36811
24149 8837 8758 4 19337 19339 28376 47127
24150 8124 7989 4 19340 19341 96868 96841
24151 8413 7989 6 19341 19342 47851 47850 50283 96713
24152 8868 8767 9 19343 19344 47925 47964 47986 47980 47978 46360 46358
24153 8580 8767 3 19344 19345 47926
24154 2153 2994 4 19346 19347 84115 83878
24155 2153 3072 4 19347 19348 113411 84116
24156 2340 3072 6 19348 19349 101865 84449 84451 101427
24157 2340 2994 7 19349 19346 83879 113297 84395 84394 101875
24158 3072 2994 5 19347 19349 101876 102039 84117
24159 9049 8793 5 19350 19351 37443 37442 37495
24160 7608 7860 4 19353 19354 95746 94001
24161 7631 7860 6 19354 19355 19476 95590 95591 96812
24162 7631 7830 4 19355 19352 95019 19474
24163 7860 7830 4 19353 19355 19475 93128
24164 7834 7952 6 19356 19357 50486 49544 49542 44084
24165 7834 8221 6 19357 19358 48222 22018 22019 50487
24166 8045 8221 5 19358 19359 32472 49332 48224
24167 8880 9080 5 19360 19361 21948 96377 96368
24168 8880 8155 6 19361 19362 47816 47817 47997 21949
24169 8209 8155 6 19362 19363 96243 96246 96858 96863
24170 8209 9080 5 19363 19360 96370 96925 96936
24171 6778 7361 4 19364 19365 96529 96407
24172 6778 6340 7 19365 19366 77518 96531 96533 96538 96530
24173 6420 6340 5 19366 19367 48430 48431 77163
24174 6420 7361 7 19367 19364 96384 96386 151419 48603 48600
24175 6420 6778 6 19364 19366 76992 48403 48402 75868
24176 6340 7361 4 19365 19367 96357 96356
24177 8496 8700 4 19368 19369 47557 19452
24178 8496 8785 4 19369 19370 30914 47558
24179 8497 8700 5 19371 19368 19454 48039 48034
24180 8497 8496 5 19368 19370 21707 21709 19453
24181 8785 8700 5 19369 19371 48026 21702 21700
24182 9969 10309 7 19372 19373 105801 106124 151333 48290 22294
24183 9969 11358 5 19373 19374 78461 105249 105248
24184 942 11358 3 19374 19375 78462
24185 942 10309 6 19375 19372 22296 151198 106175 106176
24186 11358 10309 6 19373 19375 106194 106193 134044 105802
24187 8893 8948 7 19376 19377 98162 98163 103763 103762 98666
24188 8893 8753 4 19377 19378 37374 37375
24189 8798 8753 8 19378 19379 31389 37650 37862 37489 37488 97489
24190 8798 8948 6 19379 19376 98667 112355 37793 31388
24191 8798 8893 4 19376 19378 97488 98665
24192 8753 8948 7 19377 19379 31387 37779 19762 19760 37398
24193 8654 8648 5 19382 19383 48236 22016 22017
24194 8654 8444 7 19380 19382 48174 50173 48714 48357 48356
24195 6134 5821 5 19384 19385 91725 91062 90566
24196 6134 5946 7 19385 19386 91539 91679 91749 91197 91198
24197 5709 5946 5 19386 19387 73789 73791 91118
24198 5709 5821 5 19387 19384 90568 91571 88664
24199 5709 6134 4 19384 19386 91540 90567
24200 5946 5821 6 19385 19387 73756 73753 77838 89023
24201 8386 8411 5 19388 19389 46670 46718 45980
24202 8386 8405 5 19389 19390 19635 37250 46671
24203 8118 8386 4 19388 19390 19636 19668
24204 8405 8411 5 19389 19391 37233 37235 37798
24205 8365 8656 5 19392 19393 90104 90103 47265
24206 8365 8403 10 19393 19394 93470 90217 37261 36890 36891 47445 90216 90212
24207 8749 8403 7 19394 19395 96935 37519 37518 47461 93471
24208 8749 8656 6 19395 19392 37585 37587 97019 96934
24209 8749 8365 3 19392 19394 47266
24210 8403 8656 3 19393 19395 90213
24211 7539 7819 7 19396 19397 89688 19539 19537 97582 75749
24212 7982 7596 7 19398 19399 97214 90513 50544 50542 90461
24213 7982 7819 7 19399 19396 75751 95761 37492 21805 21804
24214 7982 7539 3 19396 19398 75750
24215 7596 7819 5 19397 19399 95698 52621 52620
24216 7175 7539 5 19400 19401 90616 90551 52633
24217 7365 7424 6 19402 19403 96705 96587 96586 96839
24218 7365 7473 6 19403 19404 50551 50552 77573 96654
24219 7989 7473 8 19404 19405 96699 50399 47821 47820 50361 50451
24220 7989 7424 4 19405 19402 95672 95673
24221 7989 7365 5 19402 19404 96704 96714 96846
24222 7473 7424 7 19403 19405 96698 50907 50906 49936 49935
24223 7075 7524 5 19406 19407 95849 95850 95129
24224 7075 7430 6 19407 19408 94470 95706 95707 95751
24225 7818 7430 5 19408 19409 90409 90408 94472
24226 7818 7524 6 19409 19406 91553 75017 75019 91677
24227 7818 7075 4 19406 19408 94471 95130
24228 7430 7524 6 19407 19409 95703 95702 96762 95872
24229 7970 7633 5 19410 19411 47827 47828 76810
24230 7970 7914 5 19411 19412 47564 47565 49793
24231 8037 7914 5 19412 19413 52356 95763 49886
24232 8037 7633 5 19413 19410 50387 50388 52355
24233 8037 7970 6 19410 19412 48075 48076 95785 76811
24234 10535 157 7 19414 19415 134051 134151 134150 134198 49187
24235 10535 6568 4 19415 19416 131864 131863
24236 6384 10535 6 19414 19416 134206 134208 151082 49186
24237 8165 7239 3 19418 19419 48248
24238 11926 8165 7 19417 19419 48565 48449 48451 48670 48770
24239 8566 8580 9 19420 19421 37768 38243 38244 47582 47926 47146 47145
24240 8566 8346 3 19421 19422 37769
24241 8312 8580 3 19423 19420 47765
24242 8346 8580 8 19421 19423 36810 19736 19735 47571 47451 37770
24243 9938 10120 6 19424 19425 107859 107858 102951 102950
24244 9938 10041 5 19425 19426 101618 106887 108189
24245 10431 10041 4 19426 19427 108175 101620
24246 10431 10120 6 19427 19424 104329 104331 108170 108168
24247 10431 9938 4 19424 19426 101619 108298
24248 10041 10120 6 19425 19427 108129 108131 107343 107342
24249 7487 7633 5 19428 19429 50268 25311 25312
24250 7523 7633 5 19431 19428 50515 46932 46931
24251 11932 9140 6 19432 19433 151343 48385 48384 48080
24252 11932 9482 4 19433 19434 96286 96287
24253 8976 9482 4 19434 19435 46352 46353
24254 8976 9140 5 19435 19432 48081 104624 104623
24255 9482 9140 6 19433 19435 105554 96929 96928 151407
24256 6085 5331 9 19436 19437 96433 96510 72753 22263 22261 48506 96563
24257 5572 5187 5 19438 19439 77153 96525 96412
24258 5572 5331 5 19439 19436 96564 96015 77152
24259 5572 6085 4 19436 19438 96262 96260
24260 6912 6808 8 19440 19441 49604 49658 49691 49632 49633 49696
24261 6912 6648 7 19441 19442 43344 39841 39840 49705 49605
24262 6905 6648 7 19442 19443 49642 49657 49662 49588 43346
24263 6905 6808 6 19443 19440 44421 32692 32691 49555
24264 6905 6912 6 19440 19442 43345 49391 49693 49695
24265 6648 6808 3 19441 19443 49606
24266 8226 8182 9 19444 19445 48760 48389 48387 48341 48339 48666 48628
24267 8226 11929 6 19445 19446 48766 48754 48755 48761
24268 11926 11929 7 19446 19447 48147 27067 27069 32348 48449
24269 11926 8226 4 19444 19446 48565 48566
24270 11929 8182 3 19445 19447 48435
24271 8661 8976 5 19449 19450 48058 151505 150873
24272 8785 9173 6 19451 19448 21702 48027 105120 151680
24273 8785 8661 6 19448 19450 48057 48083 47558 21700
24274 8976 9173 3 19449 19451 150875
24275 8505 8497 4 19453 19454 46576 46575
24276 8505 8700 5 19454 19452 47952 46894 46893
24277 8505 8496 8 19452 19453 48145 48172 50448 47570 46786 46787
24278 7361 8078 3 19455 19456 77164
24279 7361 8995 8 19456 19457 95553 95551 65930 65928 77174 77173
24280 7910 8995 4 19457 19458 48244 48246
24281 7910 7361 6 19455 19457 96385 96384 96407 77165
24282 8995 8078 5 19456 19458 77254 77144 77142
24283 9400 10091 7 19459 19460 48289 151535 129887 105178 105179
24284 9400 9969 6 19460 19461 48242 48241 151342 48290
24285 8995 10091 6 19462 19459 150001 150000 151467 151457
24286 8995 9400 3 19459 19461 149687
24287 9969 10091 4 19460 19462 22295 22294
24288 7771 7693 6 19463 19464 19574 95017 90520 90521
24289 7771 7363 4 19464 19465 94450 19575
24290 7420 7693 5 19466 19463 91891 91892 95052
24291 7363 7693 7 19464 19466 93716 93718 95065 95144 19576
24292 8142 8095 4 19467 19468 95652 95110
24293 7683 8142 7 19467 19469 95186 95400 95883 95269 95111
24294 8357 8879 6 19470 19471 96903 96998 96999 90165
24295 8357 8638 6 19471 19472 96442 96443 48184 48183
24296 8475 8638 7 19472 19473 21524 21523 96971 96978 96948
24297 8475 8879 3 19473 19470 90167
24298 8475 8357 7 19470 19472 21855 21854 95541 97140 90166
24299 8638 8879 7 19471 19473 47666 47665 50272 49528 49526
24300 7830 7898 6 19474 19475 21573 21574 96792 96307
24301 7631 7898 6 19476 19474 96308 94980 36944 36943
24302 7860 7898 6 19475 19476 19593 19592 95757 93129
24303 7430 7236 4 19477 19478 95042 95705
24304 7430 7631 6 19478 19479 96761 95702 95704 95043
24305 7251 7236 6 19480 19477 95138 95139 94629 94394
24306 7251 7430 5 19477 19479 96760 90535 90536
24307 9131 8916 5 19481 19482 104916 104919 21777
24308 9131 8666 5 19482 19483 104878 97409 97407
24309 8844 8666 7 19483 19484 48167 48168 97210 97491 97502
24310 8844 8916 4 19484 19481 21778 96953
24311 8844 9131 6 19481 19483 31567 31569 97359 21776
24312 8666 8916 4 19482 19484 96952 97312
24313 9958 9826 5 19485 19486 21577 21355 21354
24314 9958 9872 7 19486 19487 104259 104386 104397 104396 104408
24315 9825 9872 7 19487 19488 97321 97170 22566 22569 35342
24316 9825 9958 3 19485 19487 21500
24317 9872 9826 4 19486 19488 103746 103743
24318 6749 6420 4 19489 19490 48680 48663
24319 2442 1620 5 19492 19493 106607 76627 76625
24320 2477 1620 7 19494 19492 106576 121362 121361 121953 107652
24321 2307 1620 4 19493 19494 107651 106609
24322 8002 7800 3 19496 19497 95682
24323 7658 7800 6 19497 19498 91910 91909 95601 95683
24324 7658 7860 4 19498 19495 93762 95591
24325 7658 8002 6 19495 19497 95681 95687 95747 93761
24326 7800 7860 7 19496 19498 95590 19593 19595 97275 97562
24327 7463 7046 7 19499 19500 76403 48552 48550 22645 22646
24328 7463 7045 5 19500 19501 95470 76920 76404
24329 7890 7045 4 19501 19502 95671 95472
24330 7890 7046 7 19502 19499 95570 95569 96196 95583 95585
24331 7890 7463 4 19499 19501 95471 96046
24332 7045 7046 7 19500 19502 76852 76851 91931 94880 76405
24333 9599 9563 7 19504 19505 21516 22593 21023 21026 97869
24334 9588 9563 4 19505 19506 30961 21517
24335 9588 9657 5 19506 19503 22685 22684 102743
24336 9588 9599 8 19503 19505 21515 103508 103507 108263 47100 47099
24337 9563 9657 5 19504 19506 20533 20535 103336
24338 8635 8516 4 19507 19508 19611 20096
24339 8635 8486 9 19508 19509 22629 93690 93581 93582 93704 19698 19612
24340 8875 8486 3 19509 19510 22631
24341 8875 8516 5 19510 19507 20098 94096 94003
24342 8486 8516 7 19508 19510 93877 93876 94014 19705 19613
24343 7408 7332 5 19511 19512 90343 90344 90396
24344 7328 7332 5 19512 19513 90052 90051 90587
24345 8635 8576 4 19514 19515 93581 93938
24346 8695 8395 4 19516 19517 93491 93603
24347 8695 8576 5 19517 19514 93939 99122 93490
24348 8395 8576 7 19515 19517 93489 21307 21305 22679 92956
24349 7827 7948 7 19518 19519 93772 93648 93367 93366 21179
24350 7827 7557 7 19519 19520 90516 90517 84471 84474 93559
24351 7449 7557 10 19520 19521 93777 92948 92949 92990 92898 92899 93075 93311
24352 7449 7948 6 19521 19518 20427 20429 89255 93309
24353 7449 7827 4 19518 19520 20029 20031
24354 7557 7948 3 19519 19521 93774
24355 5837 5647 4 19523 19524 74757 92061
24356 5706 5647 7 19524 19525 91880 91881 92256 92255 74759
24357 5706 6003 5 19525 19522 73807 73809 92229
24358 5706 5837 3 19522 19524 74758
24359 7371 7038 7 19526 19527 25734 25732 48577 95794 95796
24360 7037 7038 3 19527 19528 90990
24361 7038 6844 5 19526 19528 90976 90975 95754
24362 8047 8215 5 19529 19530 94058 97968 89802
24363 8047 8297 6 19530 19531 98237 47304 47305 90230
24364 8247 8297 5 19531 19532 19983 98953 98239
24365 8247 8215 3 19532 19529 19981
24366 8247 8047 6 19529 19531 98238 93664 93663 89803
24367 8297 8215 6 19530 19532 19982 20010 93174 93173
24368 8339 8351 6 19534 19535 22485 93114 85777 21306
24369 7948 8351 7 19535 19536 93389 93390 93609 93610 22486
24370 7948 8339 5 19533 19535 22484 93564 93715
24371 7539 7632 5 19538 19539 90254 90253 90383
24372 7819 7707 4 19540 19537 47587 47588
24373 7632 7707 6 19538 19540 47175 47176 50531 50533
24374 7857 7862 4 19541 19542 97217 97215
24375 7857 7867 4 19542 19543 93949 93947
24376 7642 7867 8 19543 19544 97195 96815 96814 47510 47512 95792
24377 7642 7862 4 19544 19541 90421 90423
24378 7642 7857 7 19541 19543 95791 97698 97715 97374 97373
24379 7867 7862 6 19542 19544 97194 97690 97538 97539
24380 6606 7058 3 19547 19545 46561
24381 6556 7058 6 19546 19547 22031 22032 92209 92206
24382 8325 8475 7 19548 19549 47766 21856 21854 47444 46577
24383 8325 8539 3 19549 19550 47876
24384 8385 8539 8 19550 19551 19666 47886 47810 47455 46567 46564
24385 8385 8475 3 19551 19548 19665
24386 8385 8325 6 19548 19550 46315 46317 47164 46578
24387 8539 8475 8 19549 19551 19664 47694 97034 97035 96997 47877
24388 8127 8244 5 19552 19553 95712 95713 91871
24389 8127 8138 3 19553 19554 95595
24390 7938 8138 8 19554 19555 95627 96991 47922 47921 97082 95596
24391 7938 8244 3 19555 19552 91873
24392 7938 8127 5 19552 19554 95594 97465 91872
24393 8138 8244 7 19553 19555 21767 21766 97559 97557 97463
24394 7772 8145 5 19557 19558 20245 20248 92903
24395 8148 8145 8 19558 19559 99155 99156 90071 20117 20116 20127
24396 8148 7847 5 19559 19556 92799 92800 99731
24397 8148 7772 5 19556 19558 99010 99709 99706
24398 8145 7847 3 19557 19559 99529
24399 9961 9831 5 19560 19561 23163 23161 102618
24400 9961 9743 5 19561 19562 102904 99797 99795
24401 10057 9743 6 19562 19563 21211 100125 100126 101601
24402 10057 9961 6 19560 19562 99179 99178 102252 102249
24403 9743 9831 6 19561 19563 21209 93739 21825 21822
24404 7316 7509 7 19564 19565 49625 49702 49460 49451 47761
24405 7316 7381 4 19565 19566 49614 49617
24406 7467 7381 6 19566 19567 49360 49352 44443 44440
24407 7467 7509 4 19567 19564 43014 43015
24408 7381 7509 5 19565 19567 44617 44616 49626
24409 7385 7613 5 19568 19569 90207 47689 47690
24410 7358 7613 3 19570 19568 52228
24411 7521 7613 7 19569 19570 52422 36862 36864 90332 90351
24412 7098 7395 4 19571 19572 50622 50262
24413 7143 7395 6 19573 19571 50264 49476 47695 47697
24414 6881 7395 6 19572 19573 50241 50512 50539 50623
24415 7771 7658 5 19574 19575 94451 95601 95016
24416 7693 7658 4 19576 19574 95018 95593
24417 7363 7658 5 19575 19576 21430 21432 94452
24418 7663 7784 6 19578 19579 89399 89400 96785 96825
24419 7663 7633 4 19579 19577 96780 91000
24420 7663 7759 6 19577 19578 97480 97263 97265 97484
24421 8755 8889 10 19580 19581 19767 19770 97766 97765 98009 98026 98079 98077
24422 8755 9018 4 19581 19582 97549 93980
24423 8841 9018 7 19582 19583 104088 96872 96873 97085 97096
24424 8841 8889 7 19583 19580 98045 98042 97933 97932 104086
24425 8841 8755 7 19580 19582 43788 37584 37586 98082 98078
24426 9018 8889 4 19581 19583 21637 21638
24427 7045 6877 5 19584 19585 94668 91931 91932
24428 7045 6304 5 19585 19586 94760 94759 94669
24429 7490 6304 5 19586 19587 77800 94839 94844
24430 7490 7045 8 19584 19586 96105 95470 95472 94491 94493 95513
24431 6304 6877 7 19585 19587 77798 94900 94686 94687 94670
24432 7246 7583 3 19588 19589 49496
24433 7246 7291 9 19589 19590 46593 46594 50586 50587 47329 47327 47756
24434 7626 7291 3 19590 19591 47598
24435 7626 7583 8 19591 19588 50443 50442 50499 47536 47533 50664
24436 7626 7246 8 19588 19590 47597 47727 50507 90453 51410 51297
24437 7898 7800 3 19593 19594 36943
24438 8095 7800 6 19594 19595 97277 95106 95108 36945
24439 8095 7860 4 19595 19592 95758 97276
24440 8095 7898 9 19592 19594 36944 94979 96765 19697 19694 47924 47923
24441 6418 6234 5 19596 19597 20634 20632 92490
24442 5961 6207 6 19598 19599 88274 73954 73955 90656
24443 5961 6234 4 19599 19596 92492 88273
24444 7481 7687 4 19600 19601 89937 89924
24445 7481 7574 4 19601 19602 89974 89940
24446 7618 7481 6 19600 19602 86548 47271 47270 89925
24447 7574 7687 6 19601 19603 52470 52471 52561 89941
24448 8523 8949 5 19605 19606 93620 93618 93899
24449 8523 8467 3 19606 19604 20267
24450 8523 8427 9 19604 19605 93586 93585 93752 93900 92868 92867 20266
24451 8957 9073 6 19607 19608 94008 108113 37416 37418
24452 8957 9032 4 19608 19609 93668 93925
24453 8883 9032 5 19609 19610 94051 93845 93669
24454 8883 9073 5 19610 19607 94017 90710 90711
24455 8883 8957 7 19607 19609 93542 92686 92685 93535 94016
24456 9032 9073 8 19608 19610 94050 98050 97948 97949 94024 94009
24457 8486 8467 3 19612 19613 19699
24458 8467 8516 6 19611 19613 19704 20019 20018 22748
24459 7704 7905 6 19614 19615 23435 23434 98485 89829
24460 7704 7812 4 19615 19616 90149 90293
24461 7929 7812 5 19616 19617 47700 47347 47348
24462 7929 7905 7 19617 19614 89831 90224 37627 37628 47699
24463 7929 7704 4 19614 19616 89881 89830
24464 7812 7905 5 19615 19617 36969 36968 90173
24465 7244 7411 5 19620 19618 47351 37002 37004
24466 7244 7321 6 19618 19619 52342 46490 46492 47350
24467 8023 8286 5 19622 19623 46850 46868 47378
24468 8135 8286 6 19623 19624 36899 37162 47341 46851
24469 8135 8162 7 19624 19621 36955 36956 97284 47279 36898
24470 8286 8162 5 19622 19624 36897 47431 47412
24471 7332 7004 5 19625 19626 90320 90446 90594
24472 7332 7036 4 19626 19627 52350 52348
24473 7249 7036 5 19627 19628 91797 90585 87961
24474 7249 7004 5 19628 19625 90057 90058 91796
24475 7249 7332 6 19625 19627 87960 88958 88957 90445
24476 7036 7004 5 19626 19628 91795 91945 90321
24477 11370 11119 6 19637 19638 112434 111987 111601 111602
24478 11370 10945 4 19638 19639 111946 112438
24479 11019 10945 8 19639 19640 112487 110771 23505 23503 23647 23646
24480 11019 11119 7 19640 19637 111721 111723 23601 23600 112486
24481 11019 11370 5 19637 19639 24639 24640 111724
24482 10945 11119 3 19638 19640 112460
24483 8613 8722 6 19641 19642 98095 98140 98008 47231
24484 8613 8438 7 19642 19643 97338 97774 94073 94071 98094
24485 8547 8438 6 19643 19644 97521 93687 93688 97339
24486 8547 8722 6 19644 19641 47233 98063 98065 98024
24487 8547 8613 4 19641 19643 93875 47232
24488 8438 8722 4 19642 19644 98023 98055
24489 9979 9920 5 19645 19646 104506 104659 22221
24490 9979 9948 9 19646 19647 106961 104838 104839 95695 95694 107041 104507
24491 10166 9948 7 19647 19648 95487 93989 93988 103949 104465
24492 10166 9920 5 19648 19645 22223 97095 97093
24493 10166 9979 4 19645 19647 106960 22222
24494 8088 8433 7 19649 19650 93737 89995 19681 19682 90265
24495 8088 8458 6 19650 19651 47365 88114 88113 92109
24496 8456 8458 5 19651 19652 97834 97684 47366
24497 8456 8433 5 19652 19649 90267 97755 97820
24498 8456 8088 4 19649 19651 47364 90266
24499 8458 8433 4 19650 19652 97888 93738
24500 8575 8737 4 19653 19654 98115 98359
24501 8575 8892 6 19654 19655 97954 21541 21542 37395
24502 8610 8892 6 19655 19656 21570 93675 97843 98199
24503 8610 8737 5 19656 19653 98276 98220 21569
24504 8610 8575 6 19653 19655 98324 37376 37378 98358
24505 8892 8737 6 19654 19656 21568 94005 98010 98056
24506 7237 7306 7 19657 19658 99748 20528 20529 92858 92856
24507 7237 7421 7 19658 19659 92728 93243 92668 74228 74226
24508 7247 7421 6 19659 19660 87986 87978 87980 92729
24509 7247 7306 6 19660 19657 85813 85812 99727 99891
24510 7247 7237 3 19657 19659 92727
24511 7421 7306 4 19658 19660 99892 100190
24512 8407 8504 7 19662 19663 47417 37347 37348 47172 47095
24513 8423 8475 8 19664 19665 46577 47443 97140 97049 96893 47692
24514 8423 8385 6 19665 19666 21538 21536 96932 46578
24515 8539 8423 3 19664 19666 47693
24516 8386 8340 7 19667 19668 45980 21496 21494 46889 46852
24517 8118 8340 8 19668 19669 46775 46871 46882 46875 46836 45981
24518 7834 8073 8 19670 19671 48222 48223 49450 49316 49315 47759
24519 7869 7842 6 19672 19673 90303 90304 96807 96806
24520 7869 7466 5 19673 19674 47368 97149 97150
24521 7707 7842 5 19675 19672 95732 47649 47648
24522 7707 7869 6 19672 19674 47367 97686 97687 97694
24523 7466 7842 4 19673 19675 96810 97693
24524 8320 8088 8 19676 19677 92109 93737 90174 90177 97875 97886
24525 8320 8216 6 19677 19678 97884 97842 97778 92110
24526 7982 8216 6 19678 19679 88115 97674 97547 97546
24527 7982 8088 7 19679 19676 21803 21805 37491 93962 88114
24528 7982 8320 5 19676 19678 97885 20950 20949
24529 8216 8088 3 19677 19679 88113
24530 8088 8304 5 19680 19681 89996 22682 22683
24531 7906 8433 5 19682 19683 21812 21811 97719
24532 7906 8088 7 19680 19682 97754 90073 90075 97614 93193
24533 8433 8304 5 19681 19683 97749 97748 89997
24534 9402 9243 4 19684 19685 21687 104157
24535 9274 9243 7 19685 19686 103986 103467 35571 35573 21689
24536 9243 9312 4 19684 19686 104137 104158
24537 7797 7636 6 19687 19688 36855 36854 86367 71018
24538 7797 7650 7 19688 19689 86376 20000 19999 98987 86558
24539 7496 7650 8 19689 19690 86182 37043 37045 85979 20362 20361
24540 7496 7797 3 19687 19689 71019
24541 7650 7636 5 19688 19690 86523 37129 37126
24542 8485 8427 6 19691 19692 93900 93787 93785 94018
24543 8285 8427 3 19693 19691 93726
24544 8342 7898 4 19694 19695 97137 97457
24545 8095 8342 6 19694 19696 50342 50341 97222 97223
24546 8211 7898 4 19695 19697 95730 95729
24547 9938 9742 6 19700 19701 108027 107857 107859 108189
24548 9938 9677 4 19701 19702 93613 93614
24549 9936 9677 7 19702 19703 93898 108204 107408 107409 104845
24550 9936 9742 3 19703 19700 93897
24551 9936 9938 7 19700 19702 104844 106403 107385 106888 106887
24552 9677 9742 11 19701 19703 93896 108211 108071 104932 104931 107250 107251 108133 108073
24553 8347 8516 4 19704 19705 89839 89838
24554 9466 9532 6 19706 19707 103860 103898 103895 103885
24555 9288 9532 7 19707 19708 86624 98702 98703 98685 98686
24556 9532 9397 4 19706 19708 36936 36935
24557 8310 8376 6 19709 19710 45620 45184 45182 45625
24558 7880 7967 5 19711 19712 36578 36580 37047
24559 7880 7714 6 19712 19713 36914 37083 37084 37116
24560 7920 7967 5 19714 19711 36692 36368 36370
24561 7920 7880 7 19711 19713 36912 36911 37081 35578 35580
24562 7714 7967 5 19712 19714 37053 98495 37117
24563 8215 8314 7 19715 19716 89802 19981 19982 20009 20015
24564 8215 8021 7 19716 19717 37534 37535 20036 20034 97968
24565 8304 8314 5 19718 19715 20017 98289 98235
24566 8304 8215 4 19715 19717 22275 20016
24567 8021 8314 6 19716 19718 98203 98205 98297 98298
24568 7643 7636 8 19719 19720 86936 36852 36855 37126 37127 86324
24569 8048 8150 3 19721 19722 27133
24570 7964 8387 3 19723 19724 -1
24571 7964 8048 9 35440 35439 36086 36188 35785 27134 19721 19723 -1
24572 8387 8150 7 38621 37224 36036 35919 19722 19724 -1
24573 7622 7778 4 19725 19726 36789 53357
24574 7622 7722 4 19726 19727 45202 36790
24575 7445 7778 5 19728 19725 52880 36382 36384
24576 7445 7622 7 19725 19727 53361 36181 36178 53402 53358
24577 7722 7778 5 19726 19728 45338 52683 36791
24578 6298 6105 5 19729 19730 89306 89308 89249
24579 6105 6037 5 19729 19731 88680 72233 72232
24580 7640 7369 4 19732 19733 98503 98408
24581 7640 7336 4 19733 19734 37402 37400
24582 7402 7640 5 19732 19734 37621 37620 86580
24583 8408 8346 6 19736 19737 47531 47532 47077 36811
24584 7696 7799 5 19738 19739 36528 52699 52591
24585 7765 7722 7 19740 19741 37450 37449 45203 45202 35718
24586 7765 7799 5 19741 19738 52593 52676 52675
24587 7765 7696 6 19738 19740 35717 47385 52749 52592
24588 8613 8327 8 19742 19743 98151 98137 94072 94073 97773 97918
24589 8420 8327 7 19744 19742 97803 90168 90170 97799 90214
24590 8676 8327 4 19743 19744 90215 98036
24591 9094 8873 9 19745 19746 21748 21746 158098 35319 35320 35348 35349
24592 9094 8975 5 19746 19747 103266 103104 103106
24593 8845 8975 7 19747 19748 37511 37513 93493 98529 103267
24594 8845 8873 5 19748 19745 37192 37191 98172
24595 9721 9973 7 19749 19750 158272 158273 148616 103625 35384
24596 9721 9628 5 19750 19751 103655 103654 158280
24597 10010 9628 6 19751 19752 103394 103304 103305 103753
24598 10010 9973 5 19752 19749 35385 103535 103393
24599 10010 9721 5 19749 19751 102858 102860 35383
24600 9628 9973 5 19750 19752 98736 98735 158281
24601 8422 8720 3 19753 19754 26725
24602 8422 8436 8 19754 19755 36470 38394 38392 38400 38391 36160
24603 8683 8436 5 19755 19756 36779 45524 36472
24604 8683 8720 8 19756 19753 26727 37971 37972 38198 38317 36778
24605 8683 8422 6 19753 19755 36471 38068 38019 26726
24606 8356 8225 4 19757 19758 37067 97528
24607 8169 8225 6 19758 19759 97197 21813 21810 37069
24608 8225 8327 6 19757 19759 97196 47672 47674 50558
24609 8982 8948 6 19760 19761 158249 158286 152126 37397
24610 9010 8948 5 19761 19762 37681 37680 103716
24611 8615 8547 5 19763 19764 98196 98024 97521
24612 8615 8550 7 19764 19765 90161 90159 98093 46702 46703
24613 8381 8547 4 19766 19763 93687 93686
24614 8381 8615 4 19763 19765 93727 97522
24615 8550 8547 5 19764 19766 97534 90302 90299
24616 9061 8755 4 19767 19768 90180 93980
24617 9061 9047 8 19768 19769 104183 97974 37526 37529 97710 90181
24618 8889 9047 5 19769 19770 46224 46223 104181
24619 8889 9061 6 19767 19769 104152 103980 21636 21638
24620 9047 8755 5 19768 19770 98038 97775 90182
24621 10030 10012 8 19771 19772 21376 152360 152311 152312 151722 151723
24622 10030 10122 4 19772 19773 151910 21377
24623 9852 10012 8 19774 19771 148543 147993 104080 104079 148516 148070
24624 9852 10030 4 19771 19773 148442 148441
24625 10122 10012 6 19772 19774 148071 147860 147859 21378
24626 7927 7780 5 19775 19776 52583 86550 86551
24627 7927 7721 6 19776 19777 36927 98270 98406 52584
24628 7976 7721 4 19777 19778 88423 36929
24629 7976 7780 5 19778 19775 98564 93466 93464
24630 7927 7739 4 19780 19781 36927 36928
24631 7833 7927 5 19779 19781 98270 98407 99159
24632 7739 8131 7 19780 19782 20470 20469 20352 20351 98282
24633 8858 8685 3 19784 19785 86703
24634 8637 8685 6 19785 19786 20995 90550 97879 86704
24635 8637 8971 3 19786 19783 20993
24636 8637 8858 5 19783 19785 86702 94049 31562
24637 8685 8971 6 19784 19786 20994 93889 97980 90096
24638 8407 8289 4 19787 19788 37348 37346
24639 8407 8377 4 19788 19789 47173 47172
24640 8286 8289 8 19790 19787 47011 47341 47361 47397 46692 46691
24641 8286 8407 7 19787 19789 47345 47344 36897 36899 37161
24642 8377 8289 4 19788 19790 46785 46884
24643 9199 9367 8 19791 19792 37758 158059 158022 152121 103982 37608
24644 9199 9081 8 19792 19793 46793 21583 21581 152117 110411 37759
24645 9010 9081 7 19793 19794 158109 37673 37670 35775 35774
24646 9010 9367 6 19794 19791 37609 47195 152015 158085
24647 9010 9199 4 19791 19793 103294 37607
24648 9081 9367 4 19792 19794 158108 37760
24649 10090 10022 8 19796 19797 98170 98168 107215 102851 102691 102692
24650 10090 10106 7 19797 19795 94151 102936 102615 102614 102935
24651 10090 9976 3 19795 19796 94150
24652 7699 7986 5 19800 19798 19806 90223 98410
24653 7699 7945 4 19798 19799 37022 19805
24654 7945 7933 3 19801 19802 37137
24655 8178 7933 6 19802 19803 35806 35807 37114 37138
24656 7933 7896 8 19801 19803 36522 36796 36760 36758 36762 37136
24657 7929 7699 8 19805 19806 89831 89830 52428 52427 52589 37024
24658 7929 7945 6 19804 19805 37023 52754 37059 37054
24659 7959 7804 7 19807 19808 90138 52338 52336 97851 92985
24660 7826 7804 4 19809 19807 92987 89872
24661 7266 7566 4 19810 19811 86994 86690
24662 6918 6857 6 19812 19813 89953 52012 47778 47779
24663 7581 7488 4 19817 19818 52829 52222
24664 7581 7409 6 19818 19815 52419 47702 47701 52833
24665 7488 7409 5 19816 19818 52824 52365 52219
24666 7895 7925 5 19820 19821 35445 36333 36446
24667 5703 5556 6 85604 70586 70588 19822 19823 -1
24668 5188 5556 6 19823 19824 84009 72960 72958 -1
24669 5556 5315 5 19822 19824 84008 85237 85250
24670 8387 8404 4 19827 19825 35919 35936
24671 9627 9748 6 19828 19829 151947 151880 151730 22164
24672 9627 9419 3 19829 19830 104008
24673 9324 9748 3 19831 19828 22165
24674 9324 9627 6 19828 19830 104007 104964 104963 22163
24675 8199 7996 5 19832 19833 98549 98587 98584
24676 8199 7967 4 19833 19834 52031 98550
24677 8067 7967 6 19834 19835 86744 86742 86762 52032
24678 7967 7996 5 19833 19835 89487 89489 98509
24679 8269 8409 7 19836 19837 98545 98416 98414 88758 88756
24680 8269 8563 4 19837 19838 90059 98544
24681 8610 8563 7 19838 19839 37542 37544 98288 99012 90061
24682 8610 8409 6 19839 19836 93413 37379 37376 97788
24683 8610 8269 4 19836 19838 90060 97825
24684 8563 8409 4 19837 19839 86747 86746
24685 7711 7039 5 19840 19841 100385 100416 100475
24686 7711 7055 3 19841 19842 100143
24687 7661 7055 8 19842 19843 93177 101334 100917 100872 100261 100144
24688 7661 7039 3 19843 19840 93176
24689 7661 7711 7 19840 19842 99537 99538 100439 100440 100476
24690 7055 7039 9 19841 19843 93175 100087 100303 100672 100719 85893 85894
24691 10433 10435 5 19845 19846 112298 110682 110685
24692 10433 10373 5 19846 19847 35387 102898 112288
24693 10387 10373 8 19847 19848 112399 112340 112330 112328 112334 35388
24694 10387 10435 7 19848 19845 112308 112344 111695 111694 112400
24695 10387 10433 6 19845 19847 35386 112282 112272 112271
24696 10373 10435 6 19846 19848 112395 112315 103615 103614
24697 7916 7913 5 19849 19850 89998 92074 93005
24698 7864 7921 7 19855 19856 90155 90156 97794 19894 19892
24699 7864 7757 7 19856 19857 90327 90330 97627 90261 90262
24700 7613 7757 8 19857 19858 52380 52433 52431 36863 36864 90328
24701 7613 7921 4 19858 19855 52474 52379
24702 7613 7864 3 19855 19857 89423
24703 7757 7921 4 19856 19858 52378 52436
24704 8317 8277 7 19859 19860 93139 86805 86803 36654 36655
24705 8317 8218 5 19860 19861 86592 86595 98753
24706 8227 8218 4 19861 19862 98611 98610
24707 8227 8277 6 19862 19859 98945 98946 98975 98974
24708 8227 8317 5 19859 19861 98832 99046 99011
24709 8218 8277 6 19860 19862 98973 98947 98923 98922
24710 515 967 6 19863 19864 113524 113525 113530 112767
24711 515 11518 5 19864 19865 102294 102218 102219
24712 10847 11518 8 19865 19866 99918 99919 101695 101555 84954 84952
24713 10847 967 9 19866 19863 101694 101693 113425 113449 112968 112967 101514
24714 10847 515 4 19863 19865 102276 102275
24715 11518 967 4 19864 19866 101515 113482
24716 7702 7648 8 19867 19868 93326 93357 20241 20244 93169 93126
24717 7702 7833 3 19868 19869 86480
24718 7465 7648 5 19870 19867 93127 92896 92864
24719 7465 7702 5 19867 19869 20428 20430 92791
24720 7992 8024 9 19871 19872 19902 19903 93661 97080 97081 98344 95717
24721 7992 8237 3 19872 19873 90227
24722 7986 8237 5 19873 19874 37020 37021 37062
24723 7986 8024 6 19874 19871 95719 98434 36961 36960
24724 8237 8024 5 19872 19874 98341 98335 98336
24725 8047 8065 5 19875 19876 87688 87686 93664
24726 8047 7913 4 19876 19877 89798 89799
24727 7959 8047 6 19875 19877 97851 97850 98279 93663
24728 8143 8173 5 19879 19880 86598 98316 98560
24729 8143 8477 4 19878 19879 86616 37237
24730 7263 7497 5 19882 19883 89496 89762 89538
24731 7263 7355 4 19883 19884 86924 87755
24732 7094 7355 6 19884 19885 87635 86817 86818 86925
24733 7094 7497 5 19885 19882 89539 89846 89820
24734 7094 7263 4 19882 19884 52415 52412
24735 7355 7497 7 19883 19885 52557 52559 52572 52571 89497
24736 8696 9010 6 19887 19888 37865 37905 37780 37681
24737 9010 8761 6 19886 19888 37864 153190 37975 37331
24738 7211 7225 8 19889 19890 52686 52698 36837 36836 52197 55529
24739 7687 7864 6 19891 19892 89423 90327 90278 90277
24740 7687 7921 6 19892 19893 90250 19899 19900 52474
24741 7810 7921 4 19893 19894 97655 90251
24742 7810 7864 4 19894 19891 97702 97795
24743 7810 7687 7 19891 19893 90249 52512 52514 90286 97701
24744 8204 7867 5 19895 19896 97540 97539 93947
24745 8204 8149 5 19896 19897 97281 97204 97203
24746 7803 8204 5 19895 19897 97282 97569 93948
24747 7685 7921 7 19900 19901 51990 46238 46239 52378 52379
24748 7685 7812 5 19901 19898 52472 52528 52328
24749 7685 7687 4 19898 19900 52473 52471
24750 7992 8169 4 19903 19904 37613 93662
24751 8061 8169 5 19904 19905 90241 97753 37615
24752 8061 8024 4 19905 19902 98336 90239
24753 8169 8024 6 19903 19905 90240 38410 38411 89707
24754 7276 7596 5 19906 19907 52421 97588 90538
24755 10202 10048 6 19908 19909 110707 108361 104320 103329
24756 10202 10145 3 19909 19910 110706
24757 10165 10145 8 19910 19911 21630 22667 22668 22768 108454 110711
24758 10165 10048 4 19911 19908 102934 21629
24759 10165 10202 7 19908 19910 110705 20909 20911 104260 103330
24760 10145 10048 8 19909 19911 21628 108301 106570 23312 23309 110708
24761 10498 10704 5 19912 19913 156541 156544 143754
24762 10498 10720 6 19913 19914 147682 156614 156988 156542
24763 10678 10720 6 19914 19915 112103 144600 144599 147684
24764 10678 10704 6 19915 19912 143756 147721 34648 34645
24765 10678 10498 5 19912 19914 147683 156595 143755
24766 10720 10704 6 19913 19915 112102 143983 23615 23616
24767 6545 6560 6 19916 19917 87589 87609 87507 87506
24768 6545 6988 3 19917 19918 87584
24769 6759 6988 7 19918 19919 86259 87525 87524 87620 87585
24770 6759 6560 3 19919 19916 86258
24771 6988 6560 7 19917 19919 86257 87206 56424 56425 85519
24772 9062 8890 3 19920 19921 86347
24773 8842 8890 9 19921 19922 35589 98591 98543 98542 98580 98579 99574
24774 8890 8937 4 19920 19922 35588 86349
24775 7464 7649 8 19923 19924 85973 85974 99767 99770 100175 99852
24776 7464 8013 4 19924 19925 99965 92825
24777 7806 7649 3 19926 19923 99854
24778 7806 7464 5 19923 19925 93195 93197 99853
24779 3161 3090 7 19927 19928 28676 60365 60508 60507 28705
24780 3161 3279 7 19928 19929 28702 63134 60758 23489 23490
24781 3313 3161 4 19927 19929 28701 28704
24782 7084 7378 6 19930 19931 87743 92842 93217 93218
24783 7084 6991 5 19931 19932 86164 86162 87742
24784 6839 6991 7 19932 19933 86132 20618 20620 92267 92706
24785 6839 7378 5 19933 19930 93102 93101 86131
24786 6839 7084 4 19930 19932 93216 93222
24787 6991 7378 7 19931 19933 70979 70976 88415 86142 86141
24788 7850 7640 4 19934 19935 88011 98965
24789 7850 7796 6 19935 19936 98980 37388 37389 86546
24790 8063 7796 7 19936 19937 86648 87959 89547 86686 86685
24791 8063 7850 6 19934 19936 86476 86477 92679 98845
24792 7796 7640 4 19935 19937 20419 20421
24793 4117 4195 8 19938 19939 83623 83667 83165 75447 75446 84655
24794 4117 4295 6 19939 19940 83677 83662 83629 83624
24795 4153 4195 4 19941 19938 74512 74514
24796 4153 4117 7 19938 19940 83522 83521 83935 84145 84144
24797 4295 4195 5 19939 19941 83640 74433 74435
24798 6105 6123 7 19942 19943 87436 89249 72232 72235 88391
24799 5972 6168 9 19944 19945 88672 88670 91480 88933 88934 68985 68983
24800 5972 6105 5 19942 19944 88656 88653 88392
24801 6168 6123 3 19943 19945 87438
24802 5035 5264 6 19946 19947 100772 84713 84682 84681
24803 9190 9531 5 19948 19949 102348 102512 99441
24804 9352 9531 9 19950 19948 99443 102466 102518 102555 102517 99885 94446
24805 9545 9633 8 19951 19952 21206 99392 99391 102690 102769 20669
24806 10057 9992 7 19953 19954 99543 99545 101587 99783 99516
24807 10057 9633 6 19954 19951 20671 100125 102640 102283
24808 10057 9545 3 19951 19953 20670
24809 9992 9633 3 19952 19954 21208
24810 3129 3120 6 19956 19957 83974 83814 83750 83749
24811 3129 3051 6 19955 19956 24029 24030 83105 83968
24812 7237 7435 6 19959 19960 20530 20528 99747 100078
24813 7064 7435 5 19960 19961 85809 85810 100170
24814 7064 7331 4 19961 19958 84719 94298
24815 7064 7237 5 19958 19960 100314 20638 20635
24816 7435 7331 7 19959 19961 98604 20574 20573 99769 99768
24817 6659 6597 5 19962 19963 89454 87019 87017
24818 6738 6597 4 19964 19962 87759 87711
24819 6718 6597 5 19963 19964 87712 92967 89455
24820 7763 6681 4 19966 19967 101444 20888
24821 6631 6681 8 19967 19968 99970 101113 100974 99429 99431 101012
24822 6631 7665 4 19968 19965 84580 84582
24823 6631 7763 3 19965 19967 101003
24824 6681 7665 5 19966 19968 99969 20839 20841
24825 4596 4582 3 19970 19971 75556
24826 4581 4582 8 19971 19972 20443 20444 83290 85217 85455 75557
24827 4581 4412 4 19972 19969 83280 83181
24828 8862 8730 5 19973 19974 47072 47070 98091
24829 8862 9043 4 19974 19975 103922 97961
24830 8987 9043 8 19975 19976 93678 98011 103723 98211 98212 103929
24831 8987 8730 3 19976 19973 93676
24832 8987 8862 7 19973 19975 103995 93693 93692 97872 97939
24833 9043 8730 6 19974 19976 93677 94004 93684 93683
24834 8768 8845 5 19977 19978 98754 98191 98183
24835 8768 8765 4 19978 19979 89901 89902
24836 8636 8765 5 19979 19980 97807 97808 99015
24837 8636 8845 5 19980 19977 37194 37191 98173
24838 8636 8768 5 19977 19979 99014 98271 98184
24839 8765 8845 7 19978 19980 36618 36620 98192 21585 21586
24840 8297 8314 4 19982 19983 99004 20011
24841 6746 7200 7 56179 56180 86488 19985 19986 87422 -1
24842 7304 6757 4 19987 19984 87079 87078
24843 7304 6746 5 19984 19986 87423 87455 87624
24844 7200 6757 5 19985 19987 87080 55410 55407
24845 8575 8391 7 19989 19990 98377 98375 98373 98370 98355
24846 8367 8575 9 19988 19990 98378 98225 98224 98367 37371 37370 98161
24847 8789 8893 4 19991 19992 98195 90203
24848 8610 9007 4 19993 19994 93675 93673
24849 8610 8893 4 19994 19991 90204 97843
24850 8610 8789 6 19991 19993 98197 98261 37544 37543
24851 9007 8893 5 19992 19994 47211 37714 37711
24852 8789 8962 6 19995 19996 94053 92915 92917 93492
24853 9007 8962 6 19996 19997 103288 98178 22758 22757
24854 8962 8975 5 19995 19997 103277 98530 93493
24855 7611 7797 3 20000 19998 32976
24856 8667 8476 5 20001 20002 99165 99108 99109
24857 8667 8339 4 20002 20003 99152 99166
24858 8576 8339 6 20003 20004 85778 21306 21305 22677
24859 8576 8476 5 20004 20001 98059 20808 20810
24860 8576 8667 7 20001 20003 99153 92796 90081 90083 99183
24861 9267 9479 5 20005 20006 153092 158255 158254
24862 9267 9517 6 20006 20007 104024 104025 153094 153093
24863 9386 9517 5 20007 20008 104096 147766 147765
24864 9386 9479 5 20008 20005 149296 149295 104094
24865 9386 9267 4 20005 20007 158056 158186
24866 9517 9479 5 20006 20008 104095 134725 134723
24867 8215 8610 6 20009 20010 97825 93413 93414 92871
24868 8297 8610 5 20010 20011 99063 90061 90060
24869 8610 8314 4 20009 20011 99062 92872
24870 8536 8367 9 20013 20014 98367 37420 37419 36570 36567 37525 37524
24871 8536 8409 5 20014 20012 37482 98321 98366
24872 8536 8199 6 20012 20013 86519 86518 47221 37481
24873 8548 8304 5 20016 20017 98217 98213 22276
24874 8548 8314 7 20017 20015 92872 99303 98304 98268 98267
24875 8548 8215 4 20015 20016 22274 92871
24876 8516 8103 6 20019 20020 97023 22823 22824 89838
24877 8152 8516 5 20018 20020 93812 93814 22749
24878 7849 7578 8 20021 20022 86769 36875 36876 37096 37215 37213
24879 7849 7796 5 20022 20023 36915 98628 89914
24880 7792 7578 3 20024 20021 51989
24881 7792 7849 8 20021 20023 35957 35954 99023 99038 98281 51988
24882 9926 10056 3 20026 20027 98769
24883 10095 10056 8 20027 20028 103026 102982 102981 103175 98682 98683
24884 10095 9760 4 20028 20025 23629 101493
24885 10056 9760 6 20026 20028 102831 102829 102800 99610
24886 7827 7695 5 20029 20030 93312 90515 90516
24887 7827 7702 4 20030 20031 21179 93392
24888 7449 7702 5 20031 20032 92792 20430 20427
24889 7449 7695 5 20032 20029 93311 93308 93307
24890 7702 7695 6 20030 20032 93272 35739 35736 93306
24891 8036 8215 5 20033 20034 94058 93173 93171
24892 8036 8021 5 20034 20035 37625 37623 97816
24893 8024 8021 6 20035 20036 38411 89706 89697 89698
24894 8024 8215 6 20036 20033 88757 88759 97829 38410
24895 8024 8036 7 20033 20035 98418 98334 98331 98417 98264
24896 11373 11370 7 20037 20038 112072 112066 111945 111944 111973
24897 11373 11394 5 20038 20039 25964 112070 112071
24898 11195 11394 5 20039 20040 111897 111980 25966
24899 11195 11370 5 20040 20037 111975 111601 111600
24900 11195 11373 5 20037 20039 25965 111874 111974
24901 11394 11370 6 20038 20040 104360 104357 21719 21721
24902 8908 8912 4 20042 20043 99274 20175
24903 9024 8912 9 20043 20044 94125 21044 21047 20836 20837 94000 93998
24904 9024 8744 4 20044 20041 102710 99426
24905 9024 8908 4 20041 20043 99329 99330
24906 8912 8744 6 20042 20044 20081 20080 86355 20176
24907 1522 1408 9 20045 20046 83988 84201 102011 113503 113492 113493 113567
24908 1522 1487 4 20046 20047 112027 83987
24909 939 1487 7 113611 112028 20047 20048 21131 102045 -1
24910 939 1408 4 20048 20045 102048 21129
24911 939 1522 5 20045 20047 112026 113572 113568
24912 1487 1408 6 20046 20048 21130 82007 82006 83989
24913 6630 6442 8 20049 20050 100131 100317 85822 85787 85790 86054
24914 6630 6199 3 20050 20051 87604
24915 6326 6199 8 20051 20052 85663 85661 85662 85775 92902 87605
24916 6326 6442 3 20052 20049 85853
24917 6326 6630 7 20049 20051 74006 74007 100423 86061 86062
24918 6199 6442 7 20050 20052 56237 56239 71040 86672 86673
24919 6980 7580 5 20053 20054 100198 100372 100374
24920 6980 6783 7 20054 20055 86030 99617 85270 85269 100197
24921 7034 6783 4 20055 20056 87972 86031
24922 7034 7580 5 20056 20053 100407 100398 87970
24923 7034 6980 6 20053 20055 86029 100392 100383 100382
24924 6783 7580 4 20054 20056 87971 99771
24925 8710 8398 3 20057 20058 86350
24926 8750 8744 3 20059 20060 99252
24927 8750 8398 7 99576 20060 20057 99594 99519 99518 -1
24928 8750 8710 6 20057 20059 99132 99131 99584 99611
24929 8744 8398 7 20058 20060 99447 21199 21201 99660 86352
24930 9238 8414 6 20061 20062 83062 83063 101299 101609
24931 9238 7875 5 20062 20063 101642 101686 101124
24932 8562 7875 6 20063 20064 101324 101393 100956 100957
24933 8562 8414 5 20064 20061 101610 101528 101323
24934 8562 9238 5 20061 20063 101643 113456 101608
24935 7875 8414 8 20062 20064 23807 23808 101420 99934 99935 101125
24936 535 434 8 20065 20066 24547 112753 112752 122916 124562 111671
24937 586 434 5 20067 20065 111673 114474 124998
24938 278 434 7 20066 20067 118125 108673 108672 27011 24548
24939 5311 5684 6 20068 20070 92533 92269 92268 92394
24940 8646 8526 4 20071 20072 99647 92851
24941 8646 8662 5 20072 20073 86353 86354 99665
24942 8473 8662 5 20073 20074 99006 99661 99612
24943 8473 8646 5 20071 20073 22839 22838 92850
24944 8662 8526 6 20072 20074 98539 98538 100021 99670
24945 7976 7937 4 20076 20077 87947 87945
24946 7976 8145 4 20077 20075 86772 98851
24947 8662 8742 6 20078 20079 100001 99475 99474 99664
24948 8662 8912 5 20079 20080 86354 99666 100018
24949 8744 8742 6 20081 20078 21201 21200 102745 99426
24950 8744 8662 5 20078 20080 86353 99612 99660
24951 8912 8742 4 20079 20081 94125 94123
24952 8321 8106 8 20082 20083 99634 93423 93421 100411 100425 21088
24953 8275 8321 6 20082 20084 99712 102562 102544 21087
24954 5863 5771 6 20085 20086 88648 88791 88789 88885
24955 5863 5702 6 20086 20087 88799 88807 73968 73969
24956 6000 5702 4 20087 20088 88943 88801
24957 6000 5771 6 20088 20085 88776 88131 88132 88942
24958 6000 5863 6 20085 20087 88800 88583 88400 88399
24959 5702 5771 6 20086 20088 88940 88855 73957 73958
24960 6387 6695 7 20089 20090 85615 70775 70773 20605 20600
24961 6387 6646 5 20090 20091 87975 88184 87082
24962 6459 6695 3 20092 20089 20602
24963 6459 6387 4 20089 20091 87976 20601
24964 10980 11046 6 20094 20095 101914 23883 21258 21256
24965 10980 11365 4 20095 20093 20217 101570
24966 10980 10665 4 20093 20094 23077 20216
24967 8733 8875 7 20097 20098 94097 97679 97363 93747 93708
24968 8733 8516 8 20098 20096 22748 22749 93940 95456 93743 93744
24969 8733 8635 4 20096 20097 93202 93201
24970 6910 6977 4 20100 20101 100356 85782
24971 7140 6896 4 20102 20099 100119 92891
24972 7140 6910 7 20099 20101 20518 20517 93248 99725 99726
24973 6977 6896 6 20100 20102 92820 87838 87837 85783
24974 5992 5710 5 20103 20104 92392 92547 92548
24975 8990 8909 6 20106 20107 21418 21419 98800 98186
24976 8990 8765 3 20107 20108 21585
24977 8962 8990 8 20106 20108 98528 98530 103252 102847 99315 98185
24978 8854 8842 3 20110 20111 35589
24979 8937 8854 9 20109 20111 35588 103109 103123 103193 99277 93537 93539
24980 7742 7885 5 20113 20114 35901 35900 35524
24981 8145 8161 6 20115 20116 20128 91888 37049 37050
24982 8315 8148 3 20117 20118 90072
24983 8315 8161 6 20118 20115 86345 98971 90078 90077
24984 7329 7151 4 20119 20120 85952 85953
24985 7329 7156 6 20120 20121 86490 86533 86059 86060
24986 7455 7156 4 20121 20122 86942 86491
24987 7455 7151 6 20122 20119 86695 86694 86897 86951
24988 7455 7329 9 20119 20121 55548 55547 87554 89368 89369 85872 85874
24989 7156 7151 5 20120 20122 86952 86953 86487
24990 10680 10516 5 20123 20124 107438 107448 107446
24991 10680 10604 5 20124 20125 26256 26257 106710
24992 10674 10516 8 20126 20123 108810 109036 103609 103607 21652 21278
24993 10674 10680 3 20123 20125 107949
24994 10604 10516 4 20124 20126 21279 84287
24995 7673 8145 4 20127 20128 20247 20245
24996 7673 8161 5 20128 20129 20331 20332 92905
24997 8148 7673 5 20127 20129 99013 99728 99010
24998 4346 3715 4 20130 20131 84363 23958
24999 4128 3715 7 20132 20130 23960 75001 75002 83354 83353
25000 4093 3715 5 20131 20132 83722 83723 84844
25001 3001 3589 6 113689 20133 20134 113679 113678 -1
25002 3001 3239 7 20134 20135 23868 23871 113711 113714 113700
25003 3255 3239 5 20135 20136 82526 82525 113741
25004 3255 3589 4 20136 20133 23829 23831
25005 3255 3001 6 113690 20133 20135 113740 114093 -1
25006 3239 3589 7 20134 20136 83765 80995 80997 20801 20800
25007 10847 10218 5 20137 20138 101699 101696 101695
25008 10847 8562 5 20138 20139 112968 101608 101610
25009 10054 8562 7 20139 20140 101323 101324 101392 101453 112969
25010 10054 10218 7 20140 20137 21484 21483 83116 84231 101367
25011 10054 10847 5 20137 20139 112967 99917 99919
25012 8562 10218 3 20138 20140 101528
25013 6322 6524 5 20141 20142 92756 92757 92762
25014 6322 6234 6 20142 20143 88084 92730 92411 92409
25015 6459 6234 5 20143 20144 87753 87364 87365
25016 6459 6322 6 20141 20143 88085 92118 90638 90640
25017 6234 6524 5 20142 20144 87751 20634 20633
25018 2097 1809 8 20145 20146 119451 115974 115975 119115 138840 139211
25019 2097 2082 6 20146 20147 115968 117340 117343 117342
25020 2107 2082 11 20147 20148 117304 139018 138683 117167 117138 117139 116007 115940 115941
25021 2107 1809 4 20148 20145 139076 117303
25022 2082 1809 6 20146 20148 24593 24594 117127 117710
25023 8205 8474 6 20150 20151 98127 99694 99693 93904
25024 8502 8474 8 20151 20152 99016 99017 99019 98912 98778 98128
25025 8502 8513 5 20152 20149 93096 86154 86156
25026 8502 8205 5 20149 20151 98126 99689 99671
25027 8474 8513 4 20150 20152 86317 86316
25028 5880 5804 5 20153 20154 100560 75771 75772
25029 5880 6263 5 20154 20155 100587 85189 85188
25030 5740 6263 5 20155 20156 99573 100445 100589
25031 5740 5804 4 20156 20153 85646 85645
25032 5740 5880 4 20153 20155 100588 85884
25033 6263 5804 7 20154 20156 85792 85791 86032 100779 100561
25034 8485 8523 5 20157 20158 93561 93900 93901
25035 8485 8561 7 20158 20159 93655 94128 99937 94127 93562
25036 8171 8561 7 20159 20160 92860 95344 94142 93385 93386
25037 8171 8523 6 20160 20157 22660 22661 95339 92859
25038 2771 2838 6 20161 20162 48560 48561 48928 48929
25039 2771 1448 7 20162 20163 48716 134028 134143 134031 134030
25040 11898 1448 5 20163 20164 48821 32196 32199
25041 11898 2838 7 20164 20161 64799 65369 134197 27366 27363
25042 11898 2771 3 20161 20163 48715
25043 1448 2838 3 20162 20164 48820
25044 4091 4345 4 20168 20165 81018 83463
25045 4091 4099 5 20165 20167 83656 83635 81017
25046 4039 4345 4 20166 20168 83417 83418
25047 8326 8917 4 20170 20171 99925 99840
25048 8326 8526 8 20171 20172 99851 99850 100068 99943 99942 99926
25049 8653 8526 4 20172 20173 98538 98540
25050 8653 8917 8 20173 20170 99842 102516 100035 100034 100003 100002
25051 8653 8326 6 20170 20172 94088 94086 99508 99841
25052 8526 8917 5 20171 20173 100021 100020 99927
25053 8908 8864 5 20174 20175 98893 98896 99186
25054 8912 8864 10 20175 20176 90106 99666 99963 99964 100066 99569 94000 93999
25055 3254 3211 8 20178 20179 82971 82671 82672 82944 83246 24055
25056 3254 3340 3 20179 20177 80930
25057 3254 3420 8 20177 20178 24054 76207 76206 80908 83014 80929
25058 9942 9866 5 20180 20181 104392 23440 23441
25059 9942 9825 6 20181 20182 35341 35342 21500 21501
25060 10001 9825 4 20182 20183 104256 104257
25061 10001 9866 5 20183 20180 103945 102921 102920
25062 10001 9942 7 20180 20182 104334 104333 104700 104390 104391
25063 9825 9866 7 20181 20183 104254 94091 90504 90501 104385
25064 5175 3399 5 20184 20185 76172 76508 76512
25065 5175 4351 5 20185 20186 76489 22663 22666
25066 4203 4351 5 20186 20187 25663 74849 74848
25067 4203 3399 3 20187 20184 25662
25068 4351 3399 6 20185 20187 25459 25458 75776 75777
25069 7739 7806 5 20188 20189 20207 20208 20470
25070 9997 10253 7 20191 20192 102580 99949 99947 99418 99419
25071 9997 10349 8 20192 20193 102347 102324 102323 102459 102579 102577
25072 10362 10349 5 20193 20194 21254 21255 101641
25073 10362 9997 4 20191 20193 22853 22852
25074 10349 10253 4 20192 20194 21531 21530
25075 4785 4571 5 20195 20196 80164 75478 75479
25076 4785 5026 8 20196 20197 74344 85144 80249 20473 20474 75551
25077 4859 5026 5 20197 20198 83436 84652 74345
25078 5026 4571 6 20196 20198 83434 84820 84819 80165
25079 7754 7980 6 20199 20200 99722 99723 100233 100498
25080 7754 8018 6 20200 20201 100262 100263 99869 99871
25081 7661 7980 5 20202 20199 100781 101316 20532
25082 7661 7754 5 20199 20201 100260 100261 100780
25083 8018 7980 4 20200 20202 20527 20524
25084 9190 7665 5 20203 20204 22875 22874 100007
25085 9190 8151 6 20204 20205 102435 102436 102017 101224
25086 8275 8151 5 20205 20206 92265 21089 21087
25087 8275 7665 5 20206 20203 99860 99858 92264
25088 8275 9190 6 20203 20205 102544 101591 101593 100008
25089 8151 7665 5 20204 20206 84084 84081 101225
25090 7739 8008 5 20208 20209 35568 86630 20469
25091 7499 8008 5 20209 20210 100300 99718 35569
25092 7499 7806 4 20210 20207 92640 100301
25093 7499 7739 5 20207 20209 35567 20416 20415
25094 6737 6810 6 20211 20212 87721 85964 85962 87022
25095 6737 6988 5 20212 20213 56424 56423 87722
25096 6789 6988 7 20213 20214 87702 87523 87525 87205 87206
25097 6789 6737 4 20211 20213 87720 87023
25098 6988 6810 3 20212 20214 87700
25099 10917 10980 5 20216 20217 101192 101191 23079
25100 10917 11365 6 20217 20215 22888 20681 20678 101569
25101 9647 9502 5 20218 20219 22509 22510 102499
25102 9647 9512 5 20219 20220 103344 108093 94026
25103 9370 9512 7 20220 20221 98783 98782 108095 108092 103346
25104 9370 9502 5 20221 20218 108155 104209 104211
25105 9370 9647 6 20218 20220 103345 108032 103910 103909
25106 9512 9502 4 20219 20221 108132 94027
25107 3257 3292 4 20222 20223 82361 81871
25108 3366 3091 5 20224 20225 81958 82470 82471
25109 3366 3292 7 20225 20222 81872 82022 82076 82013 81957
25110 3366 3257 8 20222 20224 82985 24349 24351 82019 79832 79834
25111 3091 3292 7 20223 20225 24216 24214 82139 82035 82034
25112 6561 6775 4 20226 20227 91117 92276
25113 6307 6847 4 20228 20229 72583 72582
25114 6307 6775 6 20229 20226 20307 20308 91808 92139
25115 6307 6561 6 20226 20228 92402 92646 92598 92515
25116 7506 4194 3 20230 20231 101661
25117 7506 5915 5 20231 20232 20960 23939 101660
25118 6144 5915 7 20232 20233 84267 84353 84357 100852 20961
25119 6144 4194 4 20233 20230 84046 84047
25120 7693 8152 5 20234 20235 97541 95634 95121
25121 7693 8103 5 20235 20236 91736 92341 92339
25122 7673 7505 5 20237 20238 93244 93247 99307
25123 7650 7387 4 20239 20240 37044 37045
25124 7650 7505 4 20240 20237 92861 86322
25125 7650 7673 6 20237 20239 85979 20333 20332 92906
25126 7853 7377 3 20242 20243 92812
25127 7648 7377 5 20243 20244 93170 99734 92813
25128 7648 7853 4 20241 20243 92811 93133
25129 7673 7772 6 20245 20246 93247 93245 93488 99010
25130 7673 7715 5 20246 20247 92905 92906 99307
25131 8145 7715 9 20247 20248 92904 98961 98962 98851 98850 91887 91888
25132 6518 8064 5 20249 20250 94513 94514 94543
25133 6915 5974 5 20251 20252 101233 101033 100997
25134 6915 8064 5 20252 20249 94185 85162 85163
25135 6915 6518 8 20249 20251 84289 84276 73350 73349 101017 101068
25136 5974 8064 4 20250 20252 101211 99843
25137 8662 8366 4 20253 20254 99663 99474
25138 8662 8239 5 20254 20255 98539 99006 99662
25139 8653 8239 6 20255 20256 20493 94087 94088 98540
25140 8653 8366 6 20256 20253 99476 99628 20542 20492
25141 8653 8662 5 20253 20255 98538 100002 99475
25142 8239 8366 5 20254 20256 20491 21363 21364
25143 2209 2086 4 20257 20258 79919 118527
25144 2209 2537 8 20258 20259 118629 118590 118392 118391 24760 24761
25145 2129 2537 5 20259 20260 118451 118874 118630
25146 2129 2086 6 20260 20257 23755 23757 118473 118450
25147 2129 2209 6 20257 20259 118628 118548 118466 118465
25148 2537 2086 5 20258 20260 118449 118445 79920
25149 7987 8184 7 20261 20262 93130 93410 93411 93479 21330
25150 7987 7853 7 20262 20263 93607 93415 93133 21019 21017
25151 8160 7853 7 20263 20264 93118 93108 93106 93606 93604
25152 8160 7987 5 20261 20263 20413 20414 21331
25153 8609 8523 5 20266 20267 93620 93617 93713
25154 8609 8467 8 20267 20265 22355 21900 21899 93884 93882 93852
25155 8609 8427 3 20265 20266 22354
25156 5250 5051 8 20269 20270 85026 85025 85027 85198 85408 85249
25157 4911 5051 8 20270 20271 85248 71370 71368 83373 85405 85076
25158 4911 5250 4 20268 20270 85075 85447
25159 5051 5125 3 20269 20271 85247
25160 3066 3992 4 20274 20275 25195 25196
25161 3992 4012 4 20273 20275 84530 20708
25162 10656 10219 8 20278 20279 25895 84126 84125 101533 101979 101583
25163 8483 10219 3 20279 20280 25896
25164 8483 9238 9 20280 20277 101061 101062 101124 83062 83064 84204 84202
25165 8483 10656 4 20277 20279 25894 94178
25166 10219 9238 5 20278 20280 25898 25900 84019
25167 7962 8326 5 20281 20282 99616 20627 20626
25168 7962 8600 7 20282 20283 99992 100101 101045 99777 99776
25169 8231 8600 9 20283 20284 93207 99310 99941 99940 99932 99931 99958
25170 8231 8326 7 20284 20281 100251 100244 99904 99903 93205
25171 8231 7962 6 20281 20283 99993 100167 100168 100250
25172 8600 8326 5 20282 20284 93206 99439 99991
25173 6631 6846 7 20285 20286 101387 101114 99970 84582 84581
25174 6631 6501 6 20286 20287 94352 99874 71440 71438
25175 6702 6501 9 20287 20288 85441 100448 100447 100405 83971 83969 94353
25176 6702 6846 6 20288 20285 20963 20965 100479 85439
25177 6702 6631 3 20285 20287 94351
25178 6501 6846 3 20286 20288 85440
25179 7443 7573 8 20290 20291 86492 86494 55549 55550 86501 86500
25180 7443 7643 3 20291 20289 86517
25181 7443 7732 5 20289 20290 86893 98963 98995
25182 8938 8854 5 20292 20293 99530 99656 102631
25183 8578 8854 4 20293 20294 86300 93472
25184 8009 8030 6 20295 20296 92670 92787 93281 92629
25185 8009 8239 5 20296 20297 92589 92587 92671
25186 8526 8239 8 20297 20298 99687 99582 99005 98539 98540 99851
25187 8526 8030 3 20298 20295 92630
25188 8239 8030 5 20296 20298 99638 99639 92672
25189 6466 5968 5 20299 20300 85955 85958 85967
25190 7343 7357 6 20301 20302 87737 87920 86086 86084
25191 7343 7068 4 20302 20303 86303 87736
25192 7240 7343 7 20301 20303 85990 85989 99613 85733 85730
25193 7059 6898 8 20304 20305 92204 91940 91939 92666 94716 94715
25194 6933 6898 5 20305 20306 91727 91597 91598
25195 6898 7058 6 20304 20306 91726 92207 92209 95116
25196 6307 6439 4 20308 20309 70803 70804
25197 6307 6654 5 20309 20307 92515 92376 90533
25198 9196 8964 6 20310 20311 93556 93557 93083 93081
25199 9055 8964 8 20312 20310 94607 99833 99619 21335 20668 20667
25200 9237 8964 4 20311 20312 99283 99284
25201 9372 9104 5 20313 20314 103225 37159 34974
25202 9369 9336 6 20315 20316 102928 102827 99820 99819
25203 9369 9104 8 20316 20313 34976 103137 103116 31366 31365 102845
25204 9369 9372 4 20313 20315 102539 34975
25205 9336 9104 4 20314 20316 34381 34380
25206 6067 5865 6 20317 20318 85425 85423 87494 88797
25207 6067 5646 6 20318 20319 88874 88821 88815 88814
25208 5643 5646 7 20319 20320 88450 88448 88449 88455 88875
25209 5643 5865 6 20320 20317 88710 88358 88305 88307
25210 5643 6067 4 20317 20319 88720 88721
25211 5646 5865 5 20318 20320 88500 88520 88529
25212 6132 6381 6 20321 20322 88065 88068 94430 93872
25213 6132 7061 6 20322 20323 77856 22658 22657 94469
25214 6579 7061 5 20323 20324 92516 84127 77858
25215 6579 6381 4 20324 20321 77854 77853
25216 6579 6132 4 20321 20323 77857 93873
25217 7061 6381 6 20322 20324 91820 91817 91533 91530
25218 6289 6229 4 20327 20328 88722 88383
25219 6289 6137 5 20328 20329 88160 88299 88298
25220 6207 6137 4 20329 20330 88330 88161
25221 6207 6229 6 20330 20327 88384 85586 85585 88548
25222 6137 6229 7 20328 20330 88547 88531 88443 88312 88309
25223 7356 7427 9 20334 20335 88006 88007 100129 100130 87044 87045 87985
25224 7356 7128 5 20335 20336 20405 20403 85986
25225 7140 7128 6 20336 20337 85988 85991 85939 85940
25226 7140 7427 7 20337 20334 100282 100291 86732 86734 92854
25227 7140 7356 5 20334 20336 88004 86043 86042
25228 7128 7427 3 20335 20337 89841
25229 11515 11400 7 20338 20339 30507 23493 23491 111425 111889
25230 11515 11380 4 20339 20340 20777 30642
25231 11563 11380 3 20340 20341 20778
25232 11563 11400 6 20341 20338 111262 108509 108510 111427
25233 11563 11515 4 20338 20340 20776 111421
25234 11380 11400 8 20339 20341 111428 111433 26233 26053 26051 111756
25235 8390 8351 6 20342 20343 99000 98998 99210 97921
25236 8184 8351 6 20343 20344 93411 93591 93570 93572
25237 8351 8131 6 20342 20344 93409 93609 93611 97923
25238 6622 7068 4 20346 20347 85880 86281
25239 7065 6804 3 20348 20345 85977
25240 7065 6622 4 20345 20347 85879 86191
25241 8235 7739 3 20350 20351 86771
25242 8131 8145 4 20352 20349 99667 86629
25243 7739 8145 5 20350 20352 86630 98962 86772
25244 10423 9650 4 20353 20354 101287 102281
25245 10423 9603 5 20354 20355 101336 22984 22985
25246 10199 9603 6 20355 20356 101531 101273 101272 101298
25247 10199 9650 5 20356 20353 23921 23920 101542
25248 10199 10423 7 20353 20355 101483 101543 101556 101656 102282
25249 9603 9650 8 20354 20356 101540 101541 101536 84230 84229 101288
25250 6386 6500 7 20357 20358 92768 100217 100218 100632 100680
25251 6386 6709 6 20358 20359 86313 86314 100817 92769
25252 6734 6709 5 20359 20360 100692 100709 100563
25253 6734 6500 5 20360 20357 100693 86274 86273
25254 6734 6386 7 20357 20359 100562 83400 83399 85650 100554
25255 7469 7650 3 20361 20363 86376
25256 7611 7496 4 20362 20364 37101 85980
25257 6761 6758 5 20367 20368 100399 100412 85993
25258 6761 6529 4 20368 20369 100387 100400
25259 6441 6758 5 20370 20367 85994 99601 86004
25260 6441 6761 6 20367 20369 100100 21391 21393 85992
25261 6529 6758 8 86078 86079 85938 85936 20368 20370 86005 -1
25262 6622 6531 4 20371 20372 85070 86204
25263 6586 7017 5 20373 20374 85602 100355 86252
25264 6586 6531 8 20374 20371 85998 85997 85821 85820 100359 85601
25265 6586 6622 7 20371 20373 86251 86287 85877 85878 86212
25266 7017 6531 3 20372 20374 85072
25267 5234 4947 6 20378 20379 75004 75185 74775 74773
25268 5134 4947 5 20379 20380 74061 74768 74770
25269 5134 5234 4 20377 20379 75003 75005
25270 4947 5380 4 20378 20380 74060 74882
25271 4376 4438 6 20381 20383 73437 80641 73180 73182
25272 4338 4509 6 20382 20384 74026 75383 73078 73080
25273 7255 7449 6 20385 20386 92805 93276 93307 92792
25274 7465 7142 7 20387 20388 74273 74271 74974 74975 92896
25275 7465 7255 4 20385 20387 93127 92791
25276 7142 7449 3 20386 20388 92806
25277 7721 7277 5 20389 20390 93155 93157 93159
25278 7721 7396 5 20390 20391 90152 98993 93156
25279 7396 7277 4 20390 20392 92731 92980
25280 7826 7391 5 20394 20395 89472 92144 92983
25281 10978 10477 4 20396 20397 25887 95376
25282 10978 10762 7 20397 20398 107540 95897 22497 22495 25888
25283 11409 10762 4 20398 20399 107529 107531
25284 11409 10477 6 20399 20396 106266 106268 107693 107691
25285 11409 10978 5 20396 20398 107453 107452 107525
25286 10762 10477 5 20397 20399 107590 107589 25889
25287 8231 7794 6 20400 20401 93381 100165 99993 99958
25288 7984 7794 10 20402 20400 99959 100102 101041 101088 22530 22529 93370 93369
25289 7853 7794 8 20401 20402 92103 92102 92812 92811 21019 21018
25290 7356 7195 7 20403 20404 86254 86255 100284 99688 85985
25291 7356 7079 5 20404 20405 88004 88003 92875
25292 7128 7079 5 20405 20406 84141 84142 85940
25293 7128 7195 5 20406 20403 85987 86305 86307
25294 8297 8563 6 20409 20410 98548 90059 90061 99304
25295 8297 8230 9 20410 20407 98952 98239 98237 86902 86904 36965 36966
25296 8297 8530 3 20407 20409 99113
25297 8563 8230 4 20408 20410 98547 93697
25298 7948 7987 8 20412 20413 93607 93355 93356 93469 93612 93390
25299 8160 8345 3 20414 20411 92883
25300 8160 7948 9 20411 20413 93604 93325 93322 93367 93076 93078 93635
25301 7987 8345 5 20412 20414 92882 93479 93391
25302 7739 7547 5 20416 20417 87891 87890 98958
25303 7624 7547 4 20417 20418 87043 87857
25304 7624 7499 5 20418 20415 92640 100302 87042
25305 7547 7499 6 20416 20418 87041 87666 87664 92113
25306 7640 7530 8 20420 20421 88011 37227 37228 86580 98408 98165
25307 7796 7530 4 20421 20422 52279 86546
25308 7530 7635 5 20420 20422 52277 89727 89725
25309 4305 3978 3 20423 20425 74558
25310 7948 7702 9 20427 20428 86480 93326 93355 93605 93325 93323 21179
25311 7948 7465 5 20428 20429 20742 20740 86481
25312 7580 7711 10 20431 20432 85896 85897 100416 100477 100440 100438 100410 100408
25313 7580 7773 3 20432 20433 86149
25314 8119 7711 5 20434 20431 86051 21126 21125
25315 8119 7580 5 20431 20433 99755 99756 100409
25316 7773 7711 7 20432 20434 85259 85258 93451 93450 86150
25317 11618 11412 8 20435 20436 101722 101721 101904 101905 102095 101942
25318 11355 11412 5 20437 20435 101943 101967 22376
25319 11004 11412 4 20436 20437 22375 101689
25320 3876 3585 7 20438 20439 84012 84071 83705 83308 83311
25321 3876 3884 6 20439 20440 75460 83996 84034 84013
25322 3894 3876 3 20438 20440 75459
25323 3884 3585 5 20439 20441 83717 23800 23797
25324 4581 4295 5 20444 20442 84991 84992 83289
25325 5847 5475 5 20446 20447 74252 74250 71323
25326 5847 5688 4 20447 20445 20591 20593
25327 6230 6036 7 20448 20449 87925 88170 85802 85803 85794
25328 6230 6100 7 20449 20450 85907 99492 100295 92776 87924
25329 5700 6100 5 20450 20451 85617 84886 84887
25330 5700 6036 5 20451 20448 85417 85416 85616
25331 5700 6230 6 20448 20450 85749 71180 71179 85795
25332 7711 7398 9 20452 20453 99743 99742 85899 85897 100385 100143 99537
25333 7711 7504 5 20453 20454 100386 100370 100366
25334 8018 7504 3 20454 20455 100263
25335 8018 7398 4 20455 20452 99539 100262
25336 8018 7711 11 20452 20454 99869 99823 99072 21127 21126 86052 93422 100442 99538
25337 7504 7398 8 20453 20455 100258 99765 99763 92847 92846 100145
25338 3987 4972 6 20457 20458 84205 84677 84676 -1
25339 5556 5549 10 20460 20461 84008 84009 84805 84804 85292 85793 83475 83476
25340 5556 5475 3 20461 20459 85237
25341 5556 5842 5 20459 20460 70587 70588 85250
25342 9553 9220 5 20462 20463 102601 102599 102610
25343 9553 9650 8 99878 99876 102384 102607 20463 20464 20744 -1
25344 8852 9650 5 20464 20465 102437 20698 20700
25345 8852 9220 6 20465 20462 84978 22882 22881 102584
25346 8852 9553 6 20462 20464 20745 99812 99810 102682
25347 9650 9220 5 20463 20465 102585 102587 102589
25348 7327 7459 5 20467 20468 87661 87887 99100
25349 7327 7505 5 20466 20467 99075 92918 87983
25350 5018 5026 4 20472 20473 73732 73733
25351 4785 4446 5 20474 20471 74468 84403 75550
25352 4785 5018 4 20471 20473 22476 22475
25353 5026 4446 4 20472 20474 75549 84788
25354 7185 6919 7 20475 20476 86133 84107 84108 93234 93236
25355 6996 7185 4 20475 20477 92161 93229
25356 7142 6919 4 20476 20478 91973 86135
25357 4651 4459 8 20479 20480 74434 74432 74209 74208 83282 85295
25358 4651 4345 4 20480 20481 85036 83445
25359 4412 4345 8 20481 20482 80097 83464 81018 81016 83315 83384
25360 4412 4459 4 20482 20479 83383 80096
25361 4412 4651 4 20479 20481 83457 83454
25362 8009 7816 6 20485 20486 92786 92670 92671 93283
25363 8009 7836 5 20486 20483 93848 21077 21076
25364 8009 7823 6 20483 20485 100246 100248 100253 100249
25365 7816 7836 4 20484 20486 93302 99716
25366 11313 11281 5 20487 20488 107834 101950 96266
25367 11313 11412 6 20488 20489 25878 25876 101905 101903
25368 10510 11281 7 20490 20487 84949 84951 94644 94643 106590
25369 10510 11313 4 20487 20489 101808 96267
25370 11412 11281 4 20488 20490 101647 101644
25371 8321 8366 4 20491 20492 20541 84112
25372 6908 6839 6 20494 20495 95096 92357 92358 20618
25373 5031 5134 7 20496 20497 74669 74768 74769 74950 72345
25374 5031 5161 6 20497 20498 74444 74754 74755 74670
25375 5007 5134 5 20499 20496 72347 74680 73632
25376 5747 5598 6 20500 20501 85885 84947 20592 20590
25377 5747 5531 5 20501 20502 85286 85913 85914
25378 5472 5531 5 20502 20503 74498 85435 85287
25379 5472 5598 5 20503 20500 85831 85427 74497
25380 6057 5914 5 20504 20505 74009 74010 92385
25381 6057 5905 6 20505 20506 92532 92528 92529 88275
25382 6152 5905 3 20506 20507 92183
25383 6152 5914 6 20507 20504 92413 91636 84875 84874
25384 6152 6057 6 20504 20506 92530 70678 70677 92412
25385 5905 5914 7 20505 20507 91600 91599 91994 92520 88276
25386 5901 6132 3 20508 20509 94488
25387 5901 6005 8 20509 20510 94474 76453 76452 76488 94563 94489
25388 5247 6005 3 20510 20511 94479
25389 5247 6132 6 20511 20508 94386 94387 94412 94428
25390 5247 5901 7 20508 20510 94507 75882 75879 94571 94494
25391 6005 6132 8 20509 20511 94439 93872 93873 94426 94579 94490
25392 4749 4844 6 20513 20514 77477 77895 77893 73501
25393 4860 4749 3 20512 20514 77478
25394 5837 5803 6 20515 20516 87626 87625 90683 92179
25395 6910 7017 6 20518 20519 99752 100355 100357 100356
25396 3776 3406 6 20520 20521 24846 76198 76010 75824
25397 3315 3526 5 20522 20523 22467 22466 75038
25398 3315 3776 6 20520 20522 80168 75728 75729 75823
25399 3526 3406 5 20521 20523 75734 75733 24847
25400 8020 7980 5 20524 20525 100114 99724 99722
25401 8020 8275 5 20525 20526 99684 99686 99831
25402 8018 8020 5 20524 20526 99824 99823 99871
25403 8275 7980 7 20525 20527 20532 101445 93383 93382 93416
25404 7237 7088 4 20529 20530 100314 100296
25405 7435 7088 5 20530 20531 100026 100027 100170
25406 7435 7306 4 20531 20528 99749 100285
25407 7088 7306 7 20529 20531 86466 85905 20553 20554 100116
25408 9657 9466 3 20533 20534 102743
25409 9657 9694 6 20534 20535 103380 103382 22686 22684
25410 9563 9694 4 20535 20536 22802 22801
25411 9694 9466 9 20534 20536 103886 103898 103897 103887 103889 103683 103297
25412 6473 6596 3 20538 20539 88198
25413 6524 6596 6 20539 20540 88271 88039 88037 88075
25414 6524 6484 4 20540 20537 85708 88509
25415 8468 8366 5 20541 20542 99579 98251 84114
25416 6260 6386 7 20543 20544 100403 85933 84037 84038 92236
25417 6260 6419 6 20544 20545 84753 92282 92283 100606
25418 6322 6419 5 20545 20546 88846 88845 84755
25419 6322 6386 6 20546 20543 100681 100680 100554 99923
25420 6322 6260 5 20543 20545 84754 100610 100609
25421 6419 6386 6 20544 20546 85649 83399 83398 100449
25422 5711 6080 5 20547 20548 92615 94448 75168
25423 5711 5689 6 20548 20549 91602 84851 84852 92616
25424 6243 5689 4 20549 20550 74073 74072
25425 6243 6080 11 20550 20547 75169 88602 88600 92604 92606 100822 84969 84970 84615
25426 5689 6080 6 20548 20550 84614 92280 92290 92289
25427 6910 7072 8 20551 20552 85811 85839 100697 88029 88032 100377
25428 6910 7306 7 20552 20553 85796 85797 100380 99725 85812
25429 7088 7072 3 20554 20551 100115
25430 7306 7072 5 20552 20554 92857 92856 85813
25431 5208 5006 5 20555 20556 74031 74032 74358
25432 5208 5388 4 20556 20557 74015 74360
25433 7594 7101 3 20558 20559 100077
25434 7594 7435 7 20559 20560 20573 36643 36641 93093 99849
25435 7462 7435 4 20560 20561 100802 20574
25436 7462 7101 6 20561 20558 100231 100236 100814 100801
25437 7435 7101 6 20559 20561 85808 85810 100027 100024
25438 5937 6219 5 20563 20564 85409 85410 87536
25439 6150 6486 6 20565 20566 85722 87387 88523 86107
25440 6150 6052 7 20566 20567 87832 88258 88259 88488 85721
25441 6559 6150 6 20565 20567 87831 88256 87189 86108
25442 7980 8522 4 20568 20569 93382 93417
25443 8604 8439 9 20570 20571 93151 93149 99425 75956 75894 75895 93485
25444 8604 8522 10 20571 20568 99435 93354 93353 99968 102470 102467 101243 99901
25445 7331 7594 3 20572 20573 99625
25446 7462 7331 5 20572 20574 93628 93629 99626
25447 5992 5613 3 20576 20577 84877
25448 5656 5811 3 20578 20575 92397
25449 5656 5992 7 20575 20577 84863 84865 92540 92548 92396
25450 5613 5811 8 20576 20578 92527 74455 74457 92464 71531 71530
25451 9391 8818 6 20580 20581 21893 22085 107094 22638
25452 8632 8818 6 20581 20582 95511 76521 76519 21894
25453 8632 9135 4 20582 20579 95205 105244
25454 8632 9391 4 20579 20581 21892 95204
25455 8818 9135 4 20580 20582 104558 22639
25456 7432 7105 8 20583 20584 101433 101434 101436 101446 101447 101442
25457 7432 7980 6 20584 20585 20629 101445 101316 101314
25458 7659 7980 3 20585 20586 20630
25459 7659 7105 7 20586 20583 100954 100953 99907 99905 100926
25460 7659 7432 6 20583 20585 20628 84482 101415 101441
25461 7980 7105 7 20584 20586 100620 83360 83361 99889 99888
25462 5888 6199 5 20588 20589 85713 85712 85665
25463 5598 5688 4 20593 20590 85831 85197
25464 10453 10730 4 20594 20595 147696 156470
25465 10453 10808 7 20595 20596 147785 35376 35377 34672 34670
25466 10628 10808 5 20596 20597 143925 34413 34412
25467 10628 10730 5 20597 20594 147723 31536 31538
25468 10628 10453 5 20594 20596 156533 157713 156567
25469 10808 10730 8 20595 20597 144580 144581 145490 145509 35374 35373
25470 4305 4370 10 20599 20598 20711 81052 84628 74546 74543 75140 84620 84596
25471 6695 6473 6 20600 20602 88178 88179 85640 20604
25472 6585 6615 4 20606 20607 90703 90680
25473 6585 6803 5 20607 20608 86787 92946 90704
25474 6573 6615 9 20609 20606 90681 90771 89858 89857 92020 92021 90780
25475 6573 6585 8 20606 20608 86788 88376 88377 86399 86398 88103
25476 6803 6615 7 20607 20609 90779 92040 92038 92037 90705
25477 7185 7391 9 20610 20611 93225 88303 88301 93142 85849 85852 86159
25478 7185 6935 9 20611 20612 93057 93251 100070 84106 84107 93094 93226
25479 7197 7391 5 20613 20610 88001 88000 92938
25480 7197 7185 3 20610 20612 93056
25481 6935 7391 3 20611 20613 92937
25482 7294 7716 7 20614 20615 94344 94345 100886 92611 84888
25483 7294 7980 6 20615 20616 94301 94299 84535 84533
25484 6976 7980 4 20616 20617 83361 100804
25485 6976 7716 7 20617 20614 84890 76424 76423 94182 83359
25486 6976 7294 7 20614 20616 100803 94078 94077 94360 84889
25487 7980 7716 5 20615 20617 83360 94404 94401
25488 6991 6561 3 20619 20620 91879
25489 6991 6908 6 20618 20619 91878 92559 94292 92507
25490 5064 4847 6 20621 20622 74411 75721 73767 73765
25491 5064 5009 4 20622 20623 83875 74412
25492 5059 5064 4 20621 20623 70878 70879
25493 7823 7962 7 20625 20626 100250 100173 70548 70547 100191
25494 8326 8020 5 20627 20624 99685 99686 99614
25495 8326 7823 5 20624 20626 100251 100248 100247
25496 7962 8020 5 20625 20627 99615 99724 99721
25497 8439 7659 5 20630 20628 84484 94573 100926
25498 8439 7432 4 20628 20629 101443 84483
25499 6673 6234 4 20632 20633 92409 92410
25500 6524 6418 5 20634 20631 92045 92047 89263
25501 6524 6673 8 20631 20633 92756 87681 87683 85761 85760 86138
25502 6951 7092 6 20636 20637 99825 93477 93475 100523
25503 7064 7092 8 20637 20638 100315 100375 100378 100701 88112 88109
25504 7064 6951 5 20635 20637 99826 94297 84719
25505 7092 7237 6 20636 20638 100296 92858 92855 99032
25506 7645 7580 8 20639 20640 100372 100454 100437 100438 100427 85900
25507 7645 7567 4 100373 20640 20641 -1
25508 8468 7567 4 20641 20642 99757 -1
25509 8468 7580 4 20642 20639 85902 99756
25510 8468 7645 6 100353 100352 85901 20639 20641 -1
25511 7567 7580 8 20640 20642 99755 86149 85896 85898 100407 100374
25512 11373 11764 6 112085 24749 20643 20644 103089 -1
25513 11373 11662 4 20644 20645 23714 103088
25514 11527 11662 6 20645 20646 111977 111567 23675 23674
25515 11527 11764 4 20646 20643 24751 112056
25516 11527 11373 5 20643 20645 23715 112070 24750
25517 11662 11764 6 20644 20646 112046 112044 112043 103090
25518 10904 10937 7 20648 20649 144369 144875 144876 144587 144586
25519 10904 10773 4 20649 20647 157555 144368
25520 10904 10849 6 20647 20648 31957 31956 110621 156540
25521 11416 11266 9 20650 20651 23229 23232 112018 111357 24116 24115 110936
25522 11165 11261 4 20652 20653 107987 108267
25523 11165 11266 7 20653 20650 110938 111733 111778 111870 107986
25524 11165 11416 4 20650 20652 108266 110937
25525 7335 7334 7 20654 20655 101006 101084 100984 100800 84573
25526 7335 7029 6 20655 20656 85132 85135 92635 101007
25527 7154 7029 6 20656 20657 84757 100318 100629 99890
25528 7154 7334 4 20657 20654 70635 70634
25529 7154 7335 5 20654 20656 94300 94302 84574
25530 7029 7334 5 20655 20657 84756 100909 100911
25531 6793 7105 9 20658 20659 101004 100953 100952 101447 101402 101379 101380
25532 6793 6233 4 20659 20660 20861 101005
25533 5845 6233 7 20660 20661 100618 100617 100501 100499 20863
25534 5845 7105 4 20661 20658 101031 101030
25535 5845 6793 5 20658 20660 20862 101369 101435
25536 6233 7105 6 20659 20661 100072 99936 94276 94278
25537 7586 7504 7 20662 20663 100147 100149 100235 86468 86467
25538 7586 8020 3 20663 20664 93513
25539 7816 7504 5 20665 20662 87967 85947 85949
25540 7816 7586 6 20662 20664 93512 100161 100268 87966
25541 8020 7504 5 20663 20665 100075 100370 100232
25542 8964 8917 4 20668 20666 99208 21333
25543 8964 9404 5 20666 20667 99283 99282 99206
25544 9552 10057 10 20670 20671 100126 101602 102453 102477 102472 102473 99781 99516
25545 9552 9633 5 20671 20669 99336 99337 100124
25546 9552 9545 7 20669 20670 99515 102590 102302 102301 102409
25547 8538 8833 3 20672 20673 76472
25548 4944 5195 5 20676 20677 84735 84736 21238
25549 137 11365 6 20678 20679 101834 101832 99844 99847
25550 137 11192 5 20679 20680 101509 99527 99525
25551 10917 11192 6 20680 20681 22722 22723 107906 101511
25552 10917 137 4 20678 20680 101510 101547
25553 11192 11365 5 20679 20681 101576 101994 102058
25554 7294 7786 7 20682 20683 100868 94345 84534 84535 100570
25555 7294 7348 7 20683 20684 94338 94339 92609 92611 100869
25556 7364 7348 7 20684 20685 100880 100881 22643 22644 94406
25557 7364 7786 6 20685 20682 100571 84609 84607 93264
25558 7364 7294 5 20682 20684 92692 92691 94477
25559 7348 7786 3 20683 20685 100870
25560 6827 6799 3 20687 20688 94364
25561 7348 6799 5 20688 20689 94406 94338 94340
25562 7348 6675 3 20689 20686 22644
25563 7348 6827 8 20686 20688 100783 92609 92610 92651 92652 22643
25564 6799 6675 6 20687 20689 74393 74392 94410 94365
25565 1979 967 6 20690 20691 84296 113425 101274 101275
25566 1979 5915 4 20691 20692 101660 84297
25567 4194 967 6 20693 20690 101386 82864 82863 101121
25568 4194 1979 7 20690 20692 101661 84046 84045 101285 101284
25569 5915 967 4 20691 20693 113298 84298
25570 4656 4015 4 20695 20696 84245 74445
25571 4344 4015 5 20696 20697 84134 84133 84234
25572 4344 4656 6 20694 20696 84606 85103 85102 85166
25573 4015 3926 8 20695 20697 84660 113626 113383 84339 84338 74446
25574 9650 8224 7 101520 101519 101541 102318 20698 20699 -1
25575 9650 8468 4 20699 20700 20744 -1
25576 8852 8224 3 20701 20698 22877
25577 8468 8224 6 20699 20701 22876 100354 100353 -1
25578 5793 6204 6 20702 20703 100623 100792 100874 100725
25579 5793 5631 5 20703 20704 100603 100513 100511
25580 5876 5631 6 20704 20705 100463 85919 85429 85428
25581 5876 6204 7 20705 20702 81781 81780 83208 83210 100584
25582 4015 4012 5 20706 20707 84338 83204 83203
25583 4795 4305 4 20710 20711 81053 83478
25584 4795 4370 6 20711 20709 84497 73720 73721 81051
25585 4273 5665 3 20712 20713 75211
25586 4795 3871 4 20714 20715 84500 84497
25587 4795 5665 7 20715 20712 75212 94384 84625 73721 73722
25588 10763 10744 5 20716 20717 110768 111706 111707
25589 10763 10635 6 20717 20718 23404 108351 108349 110769
25590 10491 10635 8 20718 20719 21399 103324 103326 109125 111506 23406
25591 10491 10744 5 20719 20716 111791 111972 21398
25592 10491 10763 4 20716 20718 23405 109122
25593 10635 10744 5 20717 20719 21397 112319 110770
25594 3245 3042 4 20721 20722 82563 82502
25595 3104 3042 7 20722 20723 82602 115175 114325 82426 82427
25596 3104 3331 5 20723 20720 82598 82599 82600
25597 3104 3245 4 20720 20722 81737 81736
25598 3042 3331 8 20721 20723 82601 60029 60030 57449 57450 82503
25599 8034 8060 7 20726 20727 84254 84255 95278 94315 94233
25600 8034 7460 7 20727 20724 92655 92654 94396 101047 101049
25601 8034 7520 3 20724 20726 93295
25602 8060 7460 3 20725 20727 84948
25603 7786 7686 5 20728 20729 101074 84609 84608
25604 7786 7984 7 20729 20730 86144 86143 101040 101041 101087
25605 8268 7984 6 20730 20731 93346 93384 99952 99954
25606 8268 7786 4 20728 20730 101008 100983
25607 7984 7686 8 20729 20731 93345 93338 93339 22528 22530 101089
25608 706 453 3 20732 20733 112711
25609 271 432 4 20734 20735 101466 101465
25610 271 453 5 20735 20732 112705 24611 24612
25611 271 706 8 20732 20734 112404 112524 112779 112778 102231 102230
25612 432 453 8 20733 20735 102268 102146 102145 102253 102255 112618
25613 9492 8848 5 20736 20737 84315 23890 21080
25614 9492 9307 8 20737 20738 84834 101553 101552 102442 102554 100966
25615 8986 9307 5 20738 20739 99836 100010 84835
25616 8986 8848 7 20739 20736 21082 101301 101300 101303 99835
25617 8986 9492 4 20736 20738 74297 21081
25618 9307 8848 5 20737 20739 99834 101279 100967
25619 7948 7916 6 20740 20741 93565 22484 22486 93405
25620 7465 7881 5 20742 20743 52340 92778 89256
25621 7881 7916 5 20741 20743 52339 93026 93520
25622 9553 8468 4 20744 20745 102317 -1
25623 4636 4426 7 20746 20747 85293 85392 85147 85146 85364
25624 4471 4426 6 20747 20748 79862 80815 80813 80814
25625 8836 8763 4 20749 20750 21801 21799
25626 8879 8763 9 20750 20751 90165 90167 47666 47664 97086 96974 96975
25627 8763 8521 7 20749 20751 95617 95619 97671 21342 21343
25628 10789 10637 8 20752 20753 22879 23031 102073 102445 101746 22893
25629 10789 11051 4 20753 20754 22721 22855
25630 10917 11051 5 20754 20755 21477 107905 22723
25631 10917 10637 3 20755 20752 21476
25632 9216 9425 6 20756 20757 108038 108009 94066 94065
25633 9216 9376 5 20757 20758 105334 105335 107867
25634 9096 9376 4 20758 20759 95060 95062
25635 9096 9425 5 20759 20756 108094 107361 95380
25636 9096 9216 7 20756 20758 22075 22077 104853 102510 102508
25637 9376 9425 9 20757 20759 95379 104491 107364 106870 106871 108017 108040
25638 8906 9266 4 20760 20761 107278 108013
25639 8914 9266 10 20761 20762 101106 101107 107457 108115 22828 22827 22829 101000
25640 9266 8947 3 20760 20762 107947
25641 10752 11010 5 20763 20764 149286 149639 149814
25642 10752 10907 5 20764 20765 149231 149153 149151
25643 10856 10907 6 20765 20766 149243 32326 32328 149233
25644 10856 11010 5 20766 20763 148242 148241 149740
25645 10856 10752 7 20763 20765 149232 148945 147138 147137 149075
25646 10907 11010 6 20764 20766 149575 149574 149277 149276
25647 7105 6261 4 20767 20768 101030 100072
25648 6836 6261 7 20769 20767 99839 84718 84717 100255 84936
25649 6715 6261 6 20768 20769 84935 85150 100330 100328
25650 1359 1216 5 20770 20771 59750 59751 115443
25651 1359 1169 5 20771 20772 127882 141038 139739
25652 1013 1169 5 20772 20773 29528 29527 127419
25653 1013 1216 5 20773 20770 30628 30627 127519
25654 1013 1359 6 143154 115444 20770 20772 127883 -1
25655 1169 1216 7 20771 20773 127518 127538 127539 127277 127276
25656 5716 4876 5 20774 20775 101394 84218 83952
25657 11444 11563 9 20778 20776 111044 110870 24455 24454 111196 111437 111427
25658 11444 11515 5 20776 20777 30641 112222 111422
25659 10931 11136 5 20779 20780 22902 30324 30325
25660 10931 11093 6 20780 20781 30962 108436 108434 22903
25661 10884 11093 4 20781 20782 108580 30963
25662 10884 11136 5 20782 20779 103043 111569 108578
25663 11093 11136 7 20780 20782 108579 111985 111941 111940 22904
25664 9328 9063 5 20783 20784 108110 81976 81979
25665 9059 9204 4 20785 20786 47865 21699
25666 9059 9063 8 20786 20783 103636 108163 93986 93981 93983 47864
25667 9059 9328 3 20783 20785 21698
25668 9204 9063 5 20784 20786 47863 97982 108111
25669 11703 515 6 20790 20787 113507 113519 84067 84066
25670 11703 1117 3 20787 20789 113506
25671 331 515 5 20788 20790 112035 102218 84641
25672 11711 11416 6 20791 20792 112020 111549 111372 108622
25673 11711 11400 4 20792 20793 111425 111426
25674 11604 11400 4 20793 20794 111262 111889
25675 11604 11416 4 20794 20791 23856 23855
25676 880 770 4 20795 20796 113136 84262
25677 880 1550 4 20796 20797 84328 84327
25678 589 1550 4 20797 20798 113143 113549
25679 589 770 5 20798 20795 84263 112643 112642
25680 1550 770 6 20796 20798 113142 113077 113078 113370
25681 3589 3347 7 20799 20800 113679 113598 83035 83033 83741
25682 3336 3347 5 20802 20799 84022 84024 113713
25683 3336 3589 5 20799 20801 83702 81011 81008
25684 3239 3347 3 20800 20802 113700
25685 9808 9503 6 20803 20804 21192 21191 22229 99082
25686 9808 9426 3 20804 20805 95280
25687 9765 9426 6 20805 20806 95367 101741 101805 95281
25688 9765 9503 6 20806 20803 102549 102551 108067 95365
25689 9765 9808 8 20803 20805 95279 101236 102386 20905 20904 93861
25690 9426 9503 5 20804 20806 95366 102487 104213
25691 8541 8476 3 20807 20808 98057
25692 8541 8576 8 20808 20809 52389 93660 93658 90084 90083 98058
25693 8382 8576 4 20809 20810 85778 52390
25694 8382 8476 6 20810 20807 93360 93358 20979 20978
25695 8382 8541 9 20807 20809 52388 90201 90200 99482 99458 93162 93163
25696 1979 1423 6 20811 20812 101282 101280 101276 101274
25697 1979 10656 4 20812 20813 113157 101687
25698 10847 1979 4 20811 20813 113395 113425
25699 346 32 7 20814 20815 143589 143195 143196 143705 144412
25700 112 145 6 20816 20817 126326 26807 23619 23620
25701 112 32 4 20817 20814 30621 30620
25702 112 346 5 20814 20816 35203 34180 34178
25703 145 32 10 20815 20817 126325 125304 125306 23634 23633 126729 143725 143616
25704 5698 5700 6 20818 20819 92735 92734 100586 100585
25705 5698 5292 6 20819 20820 85002 85887 100243 100242
25706 5178 5292 8 20820 20821 85112 85110 84791 84790 84942 84943
25707 5178 5700 3 20821 20818 85744
25708 5178 5698 4 20818 20820 85001 100388
25709 4384 4377 5 20822 20823 84546 84547 84683
25710 4384 4510 4 20823 20824 85052 84578
25711 4583 4510 6 20824 20825 80751 81071 81073 85050
25712 4583 4377 5 20825 20822 80881 80713 80712
25713 4583 4384 5 20822 20824 84571 84499 84498
25714 4510 4377 6 20823 20825 71535 71533 83198 83199
25715 5666 5233 3 20826 20827 100778
25716 5666 5592 8 20827 20828 94264 94262 93974 93976 94486 100731
25717 5059 5592 3 20828 20829 84675
25718 5059 5233 7 20829 20826 70876 70878 83467 83469 84674
25719 5059 5666 7 20826 20828 93408 93407 100595 100729 100728
25720 10415 10043 4 20830 20831 23387 102912
25721 10415 10450 6 20831 20832 23320 23319 108338 23386
25722 10165 10450 4 20832 20833 20911 20910
25723 10165 10043 7 20833 20830 102913 102133 102131 104262 104260
25724 10165 10415 6 20830 20832 108471 108294 102501 102503
25725 10450 10043 4 20831 20833 104284 23388
25726 8964 8814 4 20834 20835 100053 102513
25727 8964 8912 5 20835 20836 99619 99618 100051
25728 9024 8814 6 20837 20834 102514 102647 99197 99198
25729 9024 8964 4 20834 20836 99833 102308
25730 8912 8814 4 20835 20837 99569 100054
25731 7510 7665 10 20838 20839 101354 101503 101461 84081 84082 99858 99859 100488
25732 7510 6681 5 20839 20840 99855 101416 101355
25733 6967 6681 8 20840 20841 20888 101505 84688 84685 101404 99857
25734 6967 7665 4 20841 20838 101460 20887
25735 6967 7510 4 20838 20840 99856 101459
25736 174 11799 6 20842 20843 23809 23810 25836 118127
25737 174 11620 5 20843 20844 23548 108773 109046
25738 11687 11620 4 20844 20845 108624 23549
25739 11687 11799 4 20845 20842 108849 108851
25740 11620 11799 9 20843 20845 108858 108847 107571 107568 122822 101527 101524
25741 9739 9831 4 20849 20846 23321 23322
25742 9739 9776 5 20846 20848 102797 102998 23385
25743 9473 9831 4 20847 20849 21823 21825
25744 2846 2892 7 20850 20851 115818 114103 114104 114115 114116
25745 2846 3077 6 20851 20852 113904 114156 115380 115815
25746 3134 3077 7 20852 20853 116116 82921 82916 82914 82973
25747 3134 2846 3 20850 20852 113905
25748 3077 2892 3 20851 20853 116093
25749 10656 11387 3 20854 20855 20898
25750 11046 11387 7 20855 20856 101659 102310 102066 101975 20899
25751 11387 10847 7 20854 20856 84953 84952 102276 102027 102025
25752 11281 11311 6 20857 20858 107482 101950 101949 107909
25753 11281 11398 5 20858 20859 106445 94790 94789
25754 11056 11398 6 20859 20860 25903 25902 25914 106446
25755 11056 11311 5 20860 20857 107911 107910 107805
25756 11056 11281 7 20857 20859 101801 101800 107940 107933 107932
25757 11398 11311 7 20858 20860 102949 102947 25478 24567 24564
25758 6793 6242 7 20861 20862 101362 101117 101116 101014 101015
25759 6233 6242 4 20863 20861 100989 100987
25760 5845 6242 6 20862 20863 100986 100541 100540 101370
25761 1601 1402 5 20864 20865 117762 24536 24539
25762 1290 1485 6 20866 20867 117788 117786 26252 26251
25763 1290 1402 6 20867 20864 117212 116160 24935 24937
25764 1290 1601 4 20864 20866 116237 117211
25765 1485 1402 5 20865 20867 117794 116944 116946
25766 11173 10869 5 103790 20868 20869 112456 -1
25767 11173 11083 4 20869 20870 21685 21683
25768 10626 11083 5 20870 20871 112452 112410 112409
25769 10626 10869 7 103035 103034 111307 20871 20868 103792 -1
25770 10626 11173 4 20868 20870 111310 103791
25771 11083 10869 7 20869 20871 112451 112472 112436 112435 112457
25772 3705 4344 4 20873 20874 84133 84014
25773 3201 4344 8 20874 20875 84154 84152 84049 84048 84661 84134
25774 3201 4725 7 20875 20872 23098 23097 113640 84177 84176
25775 3201 3705 6 20872 20874 84132 113502 83921 83245
25776 9369 9643 5 103124 102624 20876 20877 -1
25777 9369 9030 5 20877 20878 99187 102674 -1
25778 9432 9643 5 20879 20876 102626 102676 102605
25779 9432 9369 5 20876 20878 99188 102827 102625
25780 9030 9643 4 20877 20879 102606 -1
25781 7843 7884 7 20880 20881 94282 93034 93033 93459 93335
25782 7984 7564 4 20882 20883 93824 93339
25783 7984 7884 7 20883 20880 93336 93784 93430 93429 94272
25784 7984 7843 5 20880 20882 93338 22617 22616
25785 7564 7884 3 20881 20883 94271
25786 4039 3814 5 20886 20884 83130 83131 82997
25787 4023 3814 4 20885 20886 82996 83284
25788 7763 6967 9 20887 20888 101504 101469 101468 101456 101413 101414 101471
25789 7506 6541 4 20889 20890 101293 21227
25790 7506 4848 5 20890 20891 99915 101577 101305
25791 4877 4848 7 20891 20892 83151 76034 76031 102038 99916
25792 4877 6541 5 20892 20889 21229 84274 84275
25793 4877 7506 5 20889 20891 99146 84967 21228
25794 4848 6541 8 20890 20892 84272 84271 101070 112698 101902 101306
25795 11285 11435 7 20893 20894 108488 108489 102952 102953 103527
25796 11285 11323 8 20894 20895 108440 31880 31879 102865 108927 109053
25797 11594 11435 6 20896 20893 103528 108613 26013 25920
25798 11594 11285 4 20893 20895 23425 23427
25799 11323 11435 5 20894 20896 25921 26015 76692
25800 11513 10656 10 20897 20898 102028 83600 83599 83983 113164 99438 99436 23884
25801 11513 11387 5 20898 20899 101974 102024 102025
25802 11046 11513 5 20897 20899 101973 102030 23883
25803 6510 4748 4 20900 20901 96283 96330
25804 6510 4821 5 20901 20902 91674 64781 64782
25805 5396 4821 5 20902 20903 76655 76881 77326
25806 5396 4748 4 20903 20900 76883 76654
25807 5396 6510 5 20900 20902 48522 48521 96329
25808 4821 4748 8 20901 20903 65862 65859 77243 65671 65670 76848
25809 9808 10340 6 20905 20906 102016 108146 93209 93210
25810 10021 10340 5 20906 20907 103972 101984 101985
25811 10021 9765 6 20907 20904 93862 94801 94800 101792
25812 10021 9808 3 20904 20906 93860
25813 10340 9765 6 20905 20907 95031 94371 94372 102387
25814 10519 10202 4 20908 20909 102404 99367
25815 10450 10202 6 20911 20908 99368 104327 104326 104284
25816 803 927 5 20912 20913 22190 121506 121505
25817 803 828 4 20913 20914 27313 22191
25818 718 828 5 20914 20915 130130 129061 129063
25819 718 927 5 20915 20912 129263 129915 130129
25820 718 803 6 20912 20914 129133 129215 128931 128930
25821 828 927 7 20913 20915 130128 134687 120979 120980 22192
25822 10152 10023 5 20916 20917 102377 102378 101918
25823 10152 9629 8 20917 20918 21248 22884 102478 102455 102454 102380
25824 10021 9629 6 20918 20919 21170 21169 108087 21249
25825 10021 10023 6 20919 20916 20975 20974 102331 101455
25826 10021 10152 5 20916 20918 21247 102003 101919
25827 9629 10023 5 20917 20919 101454 101733 102333
25828 8714 8525 4 20920 20921 93804 22633
25829 8714 8609 5 20921 20922 93913 93619 93617
25830 8622 8609 4 20922 20923 74987 93946
25831 8622 8525 6 20923 20920 22634 93944 95203 74986
25832 8622 8714 4 20920 20922 93945 22632
25833 8609 8525 7 20921 20923 74985 93711 22355 22354 93713
25834 9879 10025 7 20924 20925 107091 107104 95310 95309 107096
25835 9879 10562 6 20925 20926 107642 106474 21834 21837
25836 9671 10562 7 20926 20927 94359 94358 76570 21786 21784
25837 9671 10025 3 20927 20924 107035
25838 9671 9879 4 20924 20926 95498 95500
25839 10562 10025 7 20925 20927 105254 104600 104602 105632 107059
25840 9468 9551 5 20928 20929 101563 102683 94143
25841 9468 9732 5 20929 20930 102381 102394 101562
25842 9633 9732 6 20930 20931 102639 102283 21208 21206
25843 9633 9551 5 20931 20928 94145 99238 99240
25844 9633 9468 4 20928 20930 99392 94144
25845 9732 9551 5 20929 20931 102658 102664 101564
25846 1817 1669 10 20932 20933 115396 115395 118085 116462 26458 26459 116492 116459
25847 1817 1935 7 20933 20934 82081 112760 118256 118053 116166
25848 1808 1935 8 20934 20935 112602 112603 113615 82935 82934 82083
25849 1808 1669 6 20935 20932 114414 114387 113593 112616
25850 1808 1817 5 20932 20934 82082 101613 116460
25851 1935 1669 3 20933 20935 112617
25852 11043 11282 4 20936 20937 111875 111572
25853 11043 11266 8 20937 20938 21671 21674 108439 108438 110125 111870
25854 11512 11266 7 20938 20939 111733 111734 24115 24113 111508
25855 11512 11282 7 20939 20936 111542 110878 110880 111773 111772
25856 11512 11043 6 20936 20938 111767 111768 111993 111571
25857 11266 11282 3 20937 20939 111778
25858 10850 10763 7 20940 20941 108348 108349 110701 104237 104238
25859 10850 10728 4 20941 20942 103532 111854
25860 10855 10728 8 20942 20943 111784 111786 111831 111828 110783 103533
25861 10855 10763 5 20943 20940 110693 110692 111789
25862 10855 10850 4 20940 20942 31587 31586
25863 10728 10763 6 20941 20943 109121 23405 23404 111837
25864 9894 10056 8 20944 20945 103086 103148 34627 34626 103613 103391
25865 9894 9752 4 20945 20946 103139 103087
25866 9873 9752 5 20946 20947 101730 21403 21404
25867 9873 10056 4 20947 20944 103063 103062
25868 9873 9894 5 20944 20946 103223 103441 103392
25869 9752 10056 6 20945 20947 103061 103060 102800 102799
25870 8320 7997 4 20948 20949 97886 97853
25871 8050 7982 4 20950 20951 52567 97510
25872 8050 7997 5 20951 20948 97848 97060 52565
25873 8050 8320 10 20948 20950 97883 97842 97826 95525 95527 90145 90144 97833
25874 7982 7997 7 20949 20951 52566 97739 97214 21804 21803
25875 11041 10975 6 20952 20953 143788 30736 30734 141633
25876 11041 11129 5 20953 20954 30238 30239 143508
25877 10891 11129 4 20954 20955 143959 143586
25878 10891 10975 6 20955 20952 141635 143817 143816 143958
25879 10891 11041 6 20952 20954 143585 143845 143394 141634
25880 11129 10975 7 20953 20955 143957 126418 126417 144066 144014
25881 7231 7364 4 20956 20957 91704 91705
25882 7231 7820 4 20957 20958 92893 92894
25883 7413 7364 4 20959 20956 93190 93191
25884 7413 7231 6 20956 20958 94756 94758 95081 94967
25885 7820 7364 8 20957 20959 93289 93288 92656 22302 22301 94229
25886 6650 5915 6 20960 20961 100851 101048 101326 23940
25887 6998 6846 5 20962 20963 84581 84579 101501
25888 6998 6702 6 20963 20964 92152 92150 94353 94351
25889 7645 6846 4 20965 20962 101458 100487
25890 7645 6998 4 20962 20964 101359 101500
25891 7412 7476 7 20966 20967 49864 50390 49027 48439 48437
25892 7412 7559 8 20967 20968 47669 49897 50459 50397 50385 49865
25893 7963 7559 3 20968 20969 47671
25894 7963 7412 6 20966 20968 47670 50246 50373 49516
25895 7559 7476 6 20967 20969 50380 50381 49495 49494
25896 619 346 4 20970 20971 26607 26608
25897 619 616 7 20971 20972 143801 143309 143310 143343 143494
25898 447 616 4 20972 20973 126005 126004
25899 447 619 8 20970 20972 143805 143803 143540 143542 143707 112172
25900 616 346 4 20971 20973 126449 143543
25901 10023 10637 4 20975 20976 101746 101918
25902 10471 10637 7 20976 20977 104721 102008 21475 21476 22893
25903 10471 10021 6 20977 20974 102408 108024 23147 23144
25904 10471 10023 8 20974 20976 101747 102360 99675 99672 99983 99982
25905 10637 10021 5 20975 20977 104720 102004 101919
25906 8339 8382 4 20980 20978 85778 85777
25907 8065 8382 5 20979 20980 98311 98844 98937
25908 548 391 6 20981 20982 111171 124290 124285 124283
25909 548 623 7 20982 20983 122766 124647 124701 124629 111172
25910 512 623 7 20983 20984 27258 27257 126489 124639 122768
25911 512 391 5 20984 20981 124490 124252 124233
25912 512 548 3 20981 20983 122767
25913 623 391 6 20982 20984 112850 112847 124798 111173
25914 11789 11581 6 20985 20986 111604 102267 102266 102260
25915 11789 11778 8 20986 20987 111949 124538 124537 112561 111619 111605
25916 11704 11778 4 20987 20988 23522 111758
25917 11704 11789 7 20985 20987 111948 112533 112557 112554 102259
25918 11778 11581 5 20986 20988 21728 21729 111305
25919 1232 1583 5 20989 20990 125109 123062 123061
25920 1232 1464 7 20990 20991 26418 118166 124922 124921 125099
25921 1316 1464 6 26420 20991 20992 112871 112868 -1
25922 1316 1583 6 20992 20989 124939 23686 23688 112769
25923 1316 1232 8 20989 20991 26419 122969 116963 116965 114180 114181
25924 1464 1583 7 20990 20992 112876 114375 114499 114588 125098
25925 8685 8735 5 20994 20995 22754 22751 93891
25926 8735 8637 8 20993 20995 90549 97957 97956 86854 86855 31562
25927 10726 10673 6 20996 20997 148768 148767 110389 110390
25928 10726 10784 4 20997 20998 30863 30861
25929 10702 10784 6 20998 20999 148643 148644 149755 148354
25930 10702 10673 5 20999 20996 148698 148704 148706
25931 10702 10726 5 20996 20998 32837 32836 148697
25932 10784 10673 5 20997 20999 148707 149145 148824
25933 9579 9552 5 21000 21001 99882 99883 102413
25934 9579 10239 5 21001 21002 102439 102440 99886
25935 9629 10239 3 21002 21003 102455
25936 9629 9552 7 21003 21000 102414 21065 21067 102453 102478
25937 9629 9579 7 21000 21002 102454 102332 101733 23846 23845
25938 10239 9552 7 21001 21003 102479 102474 102473 23767 23766
25939 10563 10613 8 21004 21005 21513 102096 102097 102157 21468 21471
25940 10563 10397 3 21005 21006 21512
25941 10409 10397 7 21006 21007 93483 93484 26513 23452 23451
25942 10409 10613 3 21007 21004 102015
25943 10409 10563 6 21004 21006 112039 111947 102390 102155
25944 9645 9585 6 21008 21009 38217 34923 34926 157998
25945 9645 9734 7 21009 21010 35083 31740 31739 46912 38218
25946 9801 9734 4 21010 21011 157762 35084
25947 9801 9585 5 21011 21008 157794 157793 157892
25948 9801 9645 4 21008 21010 35082 158061
25949 9734 9585 5 21009 21011 157893 157897 38219
25950 10149 10106 7 21012 21013 108347 102705 102706 102943 103070
25951 10149 9880 5 21013 21014 99361 102811 102810
25952 10005 9880 6 21014 21015 99371 99372 102833 99362
25953 10005 10106 6 21015 21012 103069 21423 21425 102936
25954 10005 10149 5 21012 21014 23246 23247 103066
25955 9880 10106 4 21013 21015 94151 94149
25956 8013 7853 4 21017 21018 93199 93131
25957 7794 7987 3 21019 21016 93132
25958 7794 8013 6 21016 21018 93381 92826 92825 93494
25959 10372 10268 8 21022 21020 34934 34931 147691 147693 156335 147697
25960 10372 10135 3 21020 21021 156554
25961 9439 9599 5 21023 21024 103091 103092 103985
25962 9439 9506 6 21024 21025 98007 98005 104530 103984
25963 9563 9506 7 21025 21026 97870 36902 36900 103333 103338
25964 9563 9439 3 21023 21025 103935
25965 7519 8172 6 21027 21028 74760 74762 95393 91558
25966 9580 9702 7 21029 21030 156687 157149 157093 34759 34760
25967 9580 9968 4 21030 21031 34905 34903
25968 9939 9968 6 21031 21032 157469 39297 39296 34919
25969 9939 9702 4 21032 21029 35115 147369
25970 9939 9580 6 21029 21031 34918 158611 38466 35114
25971 9968 9702 6 21030 21032 147639 147640 156552 156549
25972 10820 11188 5 21033 21034 107738 108615 108999
25973 10820 11002 4 21034 21035 106729 106730
25974 10880 11002 8 21035 21036 107315 22778 22779 108547 101766 101765
25975 10880 11188 5 21036 21033 108620 108619 107313
25976 10880 10820 9 21033 21035 107508 107510 108909 108911 108918 108783 108782
25977 11002 11188 6 21034 21036 107314 102653 102655 107739
25978 8798 8941 4 21037 21038 21434 37363
25979 8798 9027 7 21038 21039 37353 37560 37793 112356 21435
25980 8704 9027 4 21039 21040 35305 35304
25981 8704 8941 6 21040 21037 37365 98619 98618 37184
25982 8704 8798 8 21037 21039 37354 37685 37421 37373 37372 37364
25983 9027 8941 4 21038 21040 31555 21436
25984 292 77 6 21041 21042 113717 26806 26805 30573
25985 363 77 3 21042 21043 113718
25986 77 295 5 21041 21043 126106 144169 30574
25987 8917 9024 3 21044 21045 94124
25988 8912 9055 4 21046 21047 99619 99422
25989 8912 8917 6 21044 21046 99421 99963 100018 94123
25990 9055 9024 7 21045 21047 99833 21123 21124 102747 99997
25991 10679 10379 4 21048 21049 104771 22368
25992 10679 10291 7 21049 21050 107984 94166 94167 102363 102364
25993 10748 10291 3 21050 21051 107978
25994 10748 10379 6 21051 21048 22370 107682 107684 107975
25995 10748 10679 6 21048 21050 107983 107441 107348 22369
25996 10291 10379 10 21049 21051 107977 23291 23290 21283 21282 107331 106911 106912
25997 8823 8780 7 21053 21054 21234 21235 98739 98871 98602
25998 8778 8780 8 21054 21055 84809 84808 98583 89461 86605 37355
25999 8778 9000 6 21055 21052 22822 21546 21548 36938
26000 8778 8823 3 21052 21054 22821
26001 8780 9000 4 21053 21055 98323 98581
26002 2416 2269 4 21056 21057 28539 28540
26003 2416 2286 6 21057 21058 25286 119669 78833 59137
26004 2316 2286 3 21058 21059 25287
26005 2316 2269 6 21059 21056 119294 119549 119835 117317
26006 9225 9348 6 21060 21061 101255 101521 107334 101846
26007 9225 8752 7 21061 21062 101749 102493 101883 101751 101256
26008 8417 8752 10 21062 21063 100474 100815 76369 76370 94572 101248 107869 101750
26009 8417 9348 4 21063 21060 101791 100473
26010 8417 9225 4 21060 21062 101748 101836
26011 8752 9348 5 21061 21063 22213 22215 92839
26012 9493 9552 5 21064 21065 102535 102596 102597
26013 9493 9629 6 21065 21066 98515 83979 83981 102534
26014 9658 9629 6 21066 21067 22886 21248 21249 108283
26015 9658 9552 5 21067 21064 102594 101600 101602
26016 9658 9493 7 21064 21066 108282 108082 108081 102629 102627
26017 11640 11690 7 21068 21069 106587 109249 117698 105810 105811
26018 11640 10966 5 21069 21070 108988 109346 106588
26019 11253 10966 8 21070 21071 106714 105704 105703 21390 21389 108990
26020 11253 11690 6 21071 21068 108891 106564 106565 108153
26021 11253 11640 5 21068 21070 108989 109337 108890
26022 10966 11690 3 21069 21071 106589
26023 9932 9796 5 21072 21073 22454 105230 105229
26024 9932 9600 4 21073 21074 21991 22455
26025 9390 9600 8 21074 21075 106244 105302 22272 21919 21917 21992
26026 9390 9796 4 21075 21072 105435 105917
26027 9390 9932 6 21072 21074 21990 105215 106447 105434
26028 9600 9796 6 21073 21075 105271 103799 103800 22456
26029 7836 8008 5 21077 21078 100297 99428 93849
26030 7847 8008 6 21078 21079 93282 99717 99718 100298
26031 7847 8009 4 21079 21076 92786 92787
26032 7847 7836 4 21076 21078 100098 93302
26033 8008 8009 8 21077 21079 93281 93178 93179 100230 100239 93850
26034 9022 8986 3 21081 21082 74298
26035 9022 8848 6 21082 21080 23891 100734 94083 94085
26036 9022 9492 7 21080 21081 74296 25857 25856 84020 23889
26037 9119 9160 5 21083 21084 102766 93929 93927
26038 9119 9024 8 21084 21085 99197 93997 93998 99329 99328 102790
26039 9089 9024 3 21085 21086 102647
26040 9089 9160 6 21086 21083 98258 99554 102733 102646
26041 9089 9119 8 21083 21085 99218 99220 102739 99986 99985 98257
26042 9024 9160 6 21084 21086 102514 102308 21123 21122
26043 8321 8151 6 21087 21088 100381 21220 21221 102435
26044 8106 8151 4 21088 21089 99745 100426
26045 10871 10898 3 21090 21091 143863
26046 10871 10829 6 21091 21092 34674 145539 145533 143864
26047 10774 10829 4 21092 21093 143975 34676
26048 10774 10898 6 21093 21090 145630 145809 145426 144119
26049 10774 10871 6 21090 21092 34675 145645 145871 145629
26050 10829 10898 8 21091 21093 144118 145198 158944 144592 144060 143865
26051 9157 9099 6 21094 21095 22789 22790 99473 21136
26052 9157 8835 6 21095 21096 37417 102696 102694 104282
26053 8957 8835 6 21096 21097 22744 94043 94016 37418
26054 8957 9099 5 21097 21094 21138 102376 22743
26055 8957 9157 4 21094 21096 37416 21137
26056 8835 9099 6 21095 21097 21509 21508 93447 104943
26057 47 11664 4 21098 21099 26090 112523
26058 47 11789 4 21099 21100 112525 26091
26059 11751 11789 5 21100 21101 112557 111370 111371
26060 11751 11664 7 21101 21098 112854 24098 24100 108749 112556
26061 11751 47 6 21098 21100 22656 22653 112844 112845
26062 11789 11664 7 21099 21101 112554 112542 102266 102265 26092
26063 10624 10596 6 21102 21103 148257 147163 143855 143856
26064 10624 10339 4 21103 21104 148615 148258
26065 10449 10339 5 21104 21105 109971 103498 103500
26066 10449 10624 6 21102 21104 148172 148171 146745 146744
26067 10339 10596 7 21103 21105 148260 148259 148655 23140 23142
26068 6980 7065 4 21106 21107 99359 99913
26069 6980 7093 7 21107 21108 100422 100392 99622 99055 99056
26070 6758 7093 5 21108 21109 86236 86237 100412
26071 6758 6980 9 100413 100234 21106 21108 85993 85994 100393 100394 -1
26072 9161 9201 7 21110 21111 21505 103188 103189 103194 103099
26073 9178 9201 5 21112 21110 102815 99345 99344
26074 9432 9201 5 21111 21112 99273 99271 21507
26075 10400 10550 7 21113 21114 26064 103493 103643 99034 99035
26076 10400 10585 5 21114 21115 110717 110714 26065
26077 10283 10585 6 21115 21116 110630 104400 104398 110662
26078 10283 10550 7 21116 21113 103649 103648 103693 23259 23258
26079 10283 10400 5 21113 21115 110715 110653 108194
26080 10585 10550 4 21114 21116 103695 26066
26081 10397 11600 6 23364 23366 21118 21117 102020 -1
26082 10306 10441 10 21119 21120 105300 22366 22364 25694 106831 106789 106788 106307
26083 9835 10441 5 21121 21119 105620 105619 104199
26084 9932 10441 4 21120 21121 104198 105301
26085 9237 9024 4 21124 21122 102790 102748
26086 8239 7711 6 21125 21127 99073 99571 85257 85259
26087 8018 8119 3 21126 21128 86053
26088 1408 331 6 21129 21130 113469 113546 113573 102047
26089 1487 331 6 21130 21131 102046 23038 23037 113397
26090 331 939 6 21129 21131 102044 84429 84426 102049
26091 2562 2569 5 21132 21133 116187 115307 115284
26092 2562 2376 3 21133 21134 116089
26093 2521 2376 5 21134 21135 115101 29058 29056
26094 2521 2569 8 21135 21132 115267 115129 115130 115356 114754 114753
26095 2521 2562 7 21132 21134 116088 24765 24764 115319 115285
26096 2376 2569 5 21133 21135 115306 114162 114159
26097 9115 9157 5 21136 21137 102760 102759 99471
26098 9115 8957 4 21137 21138 102375 108113
26099 9099 9115 6 21136 21138 102374 104273 104272 99472
26100 2341 2452 4 21139 21140 139136 116698
26101 2341 2223 9 21140 21141 140438 115478 82242 82243 116038 116036 140353
26102 2330 2223 6 21141 21142 136401 136795 138704 140439
26103 2330 2452 6 21142 21139 116700 136970 136723 136400
26104 2330 2341 4 21139 21141 140428 116699
26105 2223 2452 4 21140 21142 136208 136209
26106 8525 8523 8 21143 21144 92867 93713 93804 93839 93944 95341
26107 8089 8523 4 21146 21143 95342 22661
26108 8089 8525 4 21143 21145 93863 95333
26109 8274 8523 5 21144 21146 22660 93901 92868
26110 10789 11174 3 21147 21148 21292
26111 10789 10965 7 21148 21149 23949 101934 101714 101713 22892
26112 11192 10965 3 21149 21150 23951
26113 11192 11174 8 21150 21147 21294 102137 102110 101254 101253 102036
26114 11192 10789 8 21147 21149 23950 101576 22722 22721 22856 21293
26115 9233 9067 7 21151 21152 102732 102526 102527 102524 99556
26116 9067 9086 5 21151 21153 99461 99467 99557
26117 10897 10823 6 21154 21155 144096 147199 147424 30404
26118 10897 10840 6 21155 21156 31126 31124 148181 144097
26119 10819 10840 6 21156 21157 147097 110987 30884 30882
26120 10819 10823 7 21157 21154 30406 145722 148204 148203 148214
26121 10819 10897 4 21154 21156 147337 30405
26122 10840 10823 4 21155 21157 148208 144098
26123 8560 8373 4 21158 21159 98105 97811
26124 8477 8373 10 21159 21160 37237 37236 86599 86729 86731 98582 98649 98848
26125 8501 8780 6 21162 21163 84808 84806 98863 98871
26126 8373 8780 5 21163 21164 86728 86731 98583
26127 8373 8488 6 21164 21161 86748 86600 86599 98221
26128 8373 8501 7 21161 21163 98761 98885 98869 98868 98864
26129 8780 8488 4 21162 21164 98597 98739
26130 8600 8561 8 21165 21166 100004 99939 99937 99932 99933 99951
26131 9481 9530 6 21167 21168 101175 99971 99972 99564
26132 9629 9530 6 21170 21167 99565 23847 23846 101454
26133 9629 9481 5 21167 21169 98514 83979 83980
26134 10021 9530 4 21168 21170 101455 102330
26135 8748 8682 9 21171 21172 99585 99587 74129 74128 99608 86356 86359
26136 8502 8577 6 21173 21174 98781 98857 99016 86156
26137 8502 8682 5 21174 21171 99184 99173 98779
26138 8502 8748 4 21171 21173 86154 93097
26139 8577 8682 5 21172 21174 98780 99171 99477
26140 2825 3399 4 21175 21176 120166 120165
26141 2825 3419 5 21176 21177 122078 76128 76126
26142 3690 3399 7 21178 21175 121086 120284 76510 76172 75777
26143 3690 2825 6 21175 21177 122214 122200 107637 107635
26144 3419 3399 6 21176 21178 75776 24584 24583 122243
26145 8382 8351 8 21180 21181 97923 97921 52388 52390 85777 98311
26146 8382 7833 4 21181 21182 99159 99160
26147 7916 8351 5 21183 21180 93115 22485 22486
26148 7916 8382 5 21180 21182 99209 98938 98844
26149 7833 8351 4 21181 21183 93610 93611
26150 8580 8416 7 21184 21185 47798 47809 47571 37601 37602
26151 8645 8416 3 21186 21184 37474
26152 8632 8492 6 21187 21188 76517 76521 22284 22160
26153 8632 8137 3 21188 21189 76516
26154 7995 8492 3 21190 21187 22162
26155 7995 8632 5 21187 21189 94897 95417 22161
26156 8137 8492 8 21188 21190 95464 92644 21796 21797 76599 76518
26157 9503 9438 5 21192 21193 108187 108028 104213
26158 9178 8938 5 21195 21196 102704 102815 103100
26159 8908 8938 6 21196 21197 99003 99703 99779 99778
26160 8908 9178 6 21194 21196 99294 23882 23879 102471
26161 8938 9030 6 21195 21197 92885 92886 86741 86738
26162 9224 8398 5 21198 21199 99445 102382 102519
26163 9224 8744 4 21199 21200 102602 99446
26164 8742 8398 5 21201 21198 99655 99654 99664
26165 8742 9224 6 21198 21200 102746 101484 22480 22482
26166 9548 10128 5 21202 21203 95236 102426 107925
26167 9548 9989 4 21203 21204 108016 95235
26168 9425 9989 6 21204 21205 107248 107336 106869 106871
26169 9425 10128 4 21205 21202 107760 107247
26170 9425 9548 8 21202 21204 108017 108037 108009 107428 94159 94156
26171 9545 9732 4 21206 21207 102548 102381
26172 9992 9732 7 21207 21208 99543 99544 102287 99803 99802
26173 9717 10057 5 21210 21211 102640 102641 102914
26174 9717 9743 6 21211 21209 99790 102651 102652 102645
26175 9717 9831 3 21209 21210 99789
26176 10476 10356 5 21212 21213 158218 158216 112411
26177 10476 10247 8 21213 21214 102163 148595 148596 158835 158502 158282
26178 10393 10247 5 21214 21215 158504 158865 102164
26179 10393 10356 7 21215 21212 112413 145336 158837 112367 112366
26180 10393 10476 5 21212 21214 102162 158894 112412
26181 10247 10356 3 21213 21215 158283
26182 7894 7364 5 21216 21217 84607 93263 94397
26183 7894 7686 4 21217 21218 94395 84608
26184 8034 7364 4 21219 21216 92654 92656
26185 8468 8151 5 21222 21220 100352 100354 102017
26186 8852 8151 3 21221 21222 102436
26187 8001 7550 5 21224 21225 101295 101260 21739
26188 7716 7550 4 21225 21226 84120 84118
26189 7716 8417 7 21226 21223 92633 92634 76369 76371 92567
26190 7716 8001 7 21223 21225 101294 99921 99920 101261 94502
26191 7550 8417 5 21224 21226 94184 94183 21740
26192 7550 4877 4 21228 21229 82816 82819
26193 7550 6541 5 21229 21227 94545 94544 100906
26194 7550 7506 5 21227 21228 84966 101304 101292
26195 8001 9022 5 21230 21231 21739 100735 94083
26196 8919 9022 6 21232 21230 94085 74298 74296 22610
26197 8417 9022 5 21231 21232 22609 101286 21740
26198 8630 8780 6 21235 21236 86605 86730 86728 98597
26199 8780 8905 3 21234 21236 37355
26200 5756 5195 4 21237 21238 83929 83927
26201 9457 9305 5 21239 21240 39298 157329 39281
26202 9457 9447 7 21240 21241 27494 157563 157305 157307 39299
26203 9069 9447 3 21241 21242 27495
26204 9069 9305 7 21242 21239 39283 157085 31030 31029 39181
26205 9069 9457 7 21239 21241 27493 39485 39057 39059 39282
26206 8914 9348 5 21245 21246 99973 94180 94179
26207 8914 9530 6 21246 21243 99433 23814 23813 99972
26208 8914 9519 4 21243 21245 102346 102468
26209 9348 9530 4 21244 21246 99971 101176
26210 9658 10021 4 21249 21247 102362 108284
26211 9658 10152 4 21247 21248 22885 102361
26212 9808 10291 5 21250 21251 102386 93210 93208
26213 10029 10291 13 21251 21252 108197 107378 107379 107350 94167 94168 107221 101257 101259 108020 104212
26214 10291 9742 3 21250 21252 107255
26215 10362 11046 5 21255 21253 23820 101638 101637
26216 10980 10552 5 21256 21257 101990 23079 23077
26217 10980 10656 4 21257 21258 23884 102029
26218 11046 10552 5 21259 21256 23819 23820 101206
26219 10656 10552 6 21257 21259 101205 101978 101979 102051
26220 10491 10140 4 21260 21261 102642 111866
26221 9576 9843 5 21262 21263 94032 22501 21665
26222 9576 9488 8 21263 21264 97038 97041 104271 104304 104306 94031
26223 9825 9488 3 21264 21265 103814
26224 9825 9843 8 21265 21262 21667 104254 104256 22572 22570 97394
26225 10798 10586 7 21266 21267 21731 112414 112415 112459 -1
26226 10798 10397 4 21730 21267 21268 -1
26227 9643 10397 6 21268 21269 102396 102397 102451 -1
26228 9643 10586 5 110655 110654 21269 21266 -1
26229 9643 10798 3 21266 21268 -1
26230 10397 10586 5 21267 21269 26511 23452 21732
26231 11356 11458 5 21270 21271 107954 108660 108747
26232 11356 11261 6 21271 21272 23184 108267 109028 107955
26233 11549 11458 7 21273 21270 111291 111323 110815 110320 110319
26234 11549 11356 7 21270 21272 23183 111476 111539 111686 111290
26235 11261 11458 5 21271 21273 111255 110883 107956
26236 9540 9453 11 21274 21275 155718 157423 35140 35142 157552 157557 157562 157228 38672
26237 9540 9035 5 156548 155717 21275 21276 -1
26238 8978 9453 5 21277 21274 38674 39182 147925
26239 8978 9540 4 38673 21274 21276 -1
26240 9035 9453 3 21275 21277 155719
26241 10516 10415 7 21278 21279 84286 104651 108294 108265 21651
26242 9765 9781 10 21280 21281 108010 101804 101805 107265 94799 94800 95030 94371
26243 9765 10291 5 21281 21282 102387 102386 104212
26244 10379 9781 5 21283 21280 94373 108015 94605
26245 10379 9765 3 21280 21282 94372
26246 10291 9781 4 21281 21283 94606 108020
26247 9960 9895 6 21284 21285 23075 23073 108237 108376
26248 9960 9647 4 21285 21286 23162 23160
26249 9739 9895 4 21287 21284 108378 23165
26250 9647 9895 6 21285 21287 23164 95313 102322 102320
26251 9475 9406 6 21289 21290 157660 157661 39438 39439
26252 9544 9406 6 21290 21291 34921 34922 157638 157657
26253 9544 9443 4 21291 21288 103403 38498
26254 9544 9475 4 21288 21290 157579 103402
26255 9406 9443 6 21289 21291 35330 35332 157272 157239
26256 10974 11192 3 21293 21294 101479
26257 10974 10789 6 21292 21293 23032 23031 101830 22892
26258 10563 11149 6 21295 21296 102096 112416 107804 107345
26259 10512 11149 3 21297 21295 21374
26260 10965 11149 7 21296 21297 21373 23742 23739 23185 23187
26261 169 184 5 21298 21299 111383 108671 25226
26262 169 11846 5 21299 21300 125281 31589 31590
26263 134 11846 6 21300 21301 26331 24244 24246 110890
26264 134 184 6 21301 21298 25228 125137 115852 26445
26265 11846 184 4 21299 21301 26444 117740
26266 11153 11428 6 21302 21303 109514 30662 25240 25242
26267 11217 11428 5 21303 21304 145217 110924 109515
26268 11428 11452 7 21302 21304 145215 23526 23523 31974 111059
26269 8351 8576 5 21306 21307 93524 52389 52390
26270 8792 8541 9 21308 21309 99451 99458 99405 99406 99488 99412 99278
26271 8792 8611 7 21309 21310 98816 98815 99176 99455 99452
26272 8639 8611 5 21310 21311 37199 37198 92914
26273 8639 8541 7 21311 21308 99182 98058 98057 93163 86640
26274 8639 8792 5 21308 21310 89533 89532 93932
26275 8611 8541 3 21309 21311 86641
26276 938 808 6 21312 21313 26942 24930 24933 102237
26277 938 955 6 21313 21314 125828 125829 24671 24674
26278 957 955 6 21314 21315 115692 115690 128096 126035
26279 957 808 5 21315 21312 125388 125342 125190
26280 957 938 5 21312 21314 126008 125462 125460
26281 955 808 3 21313 21315 26943
26282 8235 8190 7 21316 21317 94061 97258 97260 99025 98482
26283 8131 8190 3 21317 21318 94062
26284 8190 7927 6 21316 21318 99114 86831 36284 36283
26285 10130 10066 8 21320 21321 21488 37297 110945 110946 112428 112402
26286 10066 9894 6 21319 21321 21486 36909 103474 34627
26287 10057 10294 7 21322 21323 102032 102251 102252 102449 102448
26288 10057 10563 6 21323 21324 102388 102390 103011 102033
26289 10395 10563 6 21324 21325 93402 93401 23876 23878
26290 10395 10057 5 21322 21324 102389 102472 102450
26291 10563 10294 4 21323 21325 22867 22866
26292 10978 10044 5 21326 21327 95377 25887 25888
26293 10978 11075 6 21327 21328 107845 105307 96099 96100
26294 10131 11075 3 21328 21329 107846
26295 10131 10044 8 21329 21326 95369 22516 22518 107153 107769 107854
26296 10131 10978 5 21326 21328 107816 22496 22495
26297 11075 10044 6 21327 21329 107853 107716 107717 96131
26298 8341 8184 4 21332 21330 93480 93540
26299 8341 7987 3 21330 21331 92882
26300 8917 8867 9 21333 21334 99421 99962 99927 99925 100089 100090 102531
26301 9055 8867 3 21334 21335 99422
26302 8867 8964 6 21333 21335 99618 100046 100047 102530
26303 6133 7630 8 21336 21337 94537 101027 94511 94199 76511 76454
26304 6133 5039 5 21337 21338 84747 84745 94536
26305 5603 7630 3 21339 21336 76455
26306 5603 6133 6 21336 21338 94459 74726 74725 75257
26307 5039 7630 5 21337 21339 22541 22540 25457
26308 8755 8904 7 21340 21341 21736 47255 96981 96982 97775
26309 8755 8521 4 21341 21342 98037 21737
26310 8763 8904 5 21343 21340 97776 21800 21799
26311 8763 8755 9 21340 21342 97732 97725 43789 43788 97549 90180 90182
26312 8521 8904 6 21341 21343 97785 97784 97782 21738
26313 9197 9324 3 21344 21345 96885
26314 9197 9273 8 21345 21346 103383 47485 47486 152010 152011 152055
26315 9198 9273 4 21346 21347 47237 47236
26316 9198 9324 7 21347 21344 96887 104952 93731 93729 97729
26317 9198 9197 7 21344 21346 103752 21844 21845 22393 96886
26318 9273 9324 6 21345 21347 97728 104089 151866 152054
26319 8342 8463 8 21348 21349 97050 97051 97144 97141 96719 47843
26320 8342 8666 6 21349 21350 50343 50341 97272 97210
26321 8460 8666 6 21350 21351 96881 96874 96876 96882
26322 8460 8463 5 21351 21348 47845 95663 95661
26323 8666 8463 4 21349 21351 48166 48168
26324 9942 9963 6 21352 21353 104698 104390 23439 23440
26325 9942 9958 7 21353 21354 21500 104259 104332 104333 104697
26326 9826 9963 5 21355 21352 94095 94093 21576
26327 9826 9942 4 21352 21354 21501 104392
26328 9958 9963 5 21353 21355 21575 104711 104699
26329 10462 10665 5 21358 21359 102379 99396 21529
26330 10462 10613 7 21359 21360 102148 21470 21468 102118 102120
26331 10349 10462 6 21358 21360 102149 102151 102577 21530
26332 8119 8366 4 21362 21363 84112 84114
26333 8366 8398 6 21362 21364 99663 99654 99577 98251
26334 10592 10230 4 21365 21366 108522 101133
26335 10592 10415 7 21366 21367 23795 21653 21651 23318 23319
26336 10294 10415 5 21367 21368 108273 108272 23796
26337 10294 10230 7 21368 21365 101134 103081 102251 102250 108341
26338 10294 10592 4 21365 21367 23794 101132
26339 10415 10230 6 21366 21368 108339 108337 108336 108338
26340 11381 10968 5 21369 21370 108557 108598 108573
26341 11381 10905 4 21370 21371 23071 108558
26342 11051 10968 5 21372 21369 108574 103662 23671
26343 11051 11381 7 21369 21371 23072 101197 101199 107945 108572
26344 10905 10968 5 21370 21372 23670 107374 107372
26345 10832 11149 6 21373 21374 107345 86726 86727 107660
26346 10832 10512 7 21374 21375 104929 104930 108531 108427 107346
26347 10965 10832 4 21373 21375 108562 108083
26348 10030 10211 5 21376 21377 147128 147126 152359
26349 10122 10211 6 21377 21378 26595 26598 148533 148532
26350 10211 10012 4 21376 21378 148439 152187
26351 9976 9865 5 21379 21380 108384 108370 22714
26352 9700 9739 7 21381 21382 102702 102703 102783 102784 102900
26353 9700 9865 9 21382 21379 22716 102823 102822 22384 22383 47101 108244
26354 9700 9976 4 21379 21381 107996 22715
26355 9739 9865 3 21380 21382 108243
26356 9660 9276 3 21384 21385 104347
26357 9576 9445 4 21386 21383 94032 94031
26358 9576 9660 6 21383 21385 104354 108251 22499 22501
26359 9276 9445 6 21384 21386 104927 104926 108106 104348
26360 11005 10830 7 21387 21388 109991 109858 109144 109085 109086
26361 11005 11253 4 21388 21389 109220 109911
26362 10966 10830 5 21390 21387 105368 76545 76547
26363 10966 11005 9 21387 21389 109215 108461 108460 108943 108920 108922 109131
26364 11253 10830 4 21388 21390 106938 108447
26365 6513 6441 7 21391 21392 99126 99124 85275 85274 85281
26366 6783 6441 3 21392 21393 99617
26367 8239 7773 5 21395 21394 85259 85260 85843
26368 10488 10744 6 21397 21398 112499 112448 112447 112446
26369 10488 10491 7 21398 21399 110727 111904 111866 111867 112498
26370 10635 10488 3 21397 21399 110728
26371 8777 8748 5 21400 21401 74127 74128 99659
26372 9873 9700 5 21402 21403 101729 102822 103901
26373 9694 9752 5 21404 21405 103889 103140 103139
26374 9694 9700 5 21405 21402 22686 22687 103683
26375 9694 9873 6 21402 21404 103223 103103 103102 103382
26376 9752 9700 6 21403 21405 103892 102782 102784 101731
26377 8157 8412 5 21406 21407 37103 98181 37242
26378 8157 8500 6 37104 21407 21408 98941 98942 -1
26379 8218 8500 4 21408 21409 98882 98884
26380 8218 8412 4 21409 21406 37243 98898
26381 8500 8412 6 21407 21409 98873 98867 98656 37105
26382 10150 10544 4 21410 21411 108275 103971
26383 10150 10212 7 21411 21412 93921 102902 102136 102014 102013
26384 10021 10212 6 21412 21413 102004 102003 102362 93923
26385 10021 10544 8 21413 21410 103972 101792 101793 23145 23144 104720
26386 10021 10150 4 21410 21412 93922 101984
26387 10212 10544 4 21411 21413 107957 108276
26388 10610 10230 3 21414 21415 112502
26389 10610 10631 7 21415 21416 103012 110347 103046 103044 112503
26390 10057 10631 4 21416 21417 102032 102033
26391 10057 10230 6 21417 21414 102956 102619 102249 102251
26392 10057 10610 7 21414 21416 103011 22911 22910 102667 112504
26393 10631 10230 7 21415 21417 103081 108532 22515 22514 104350
26394 8990 9087 4 21419 21420 103111 98801
26395 8845 8909 4 21421 21418 21586 98754
26396 8845 8990 6 21418 21420 103278 98529 98528 21585
26397 10265 10106 5 21422 21423 103068 102943 102942
26398 10265 10005 4 21423 21424 103585 103067
26399 10105 10005 5 21424 21425 102937 103227 103455
26400 10105 10106 4 21425 21422 102616 102615
26401 9856 9926 3 21426 21427 98402
26402 9856 9699 7 21427 21428 98681 103149 103174 98756 98403
26403 10095 9699 3 21428 21429 98683
26404 10095 9856 5 21426 21428 98682 103171 103057
26405 9699 9926 7 21427 21429 98769 99609 99794 99791 98404
26406 7658 7454 8 21430 21431 97481 95578 95580 95687 95686 95593
26407 7658 7180 5 21431 21432 95224 95737 97565
26408 7363 7180 10 21432 21433 95124 93763 93765 95163 95165 95912 95160 95161
26409 7363 7454 4 21433 21430 95144 95123
26410 7180 7454 6 21431 21433 95122 92320 92319 97583
26411 8798 9077 4 21434 21435 151856 98672
26412 9027 9077 8 21435 21436 31556 37058 158368 157569 37307 37308
26413 2872 2809 7 21437 21438 120300 118454 118455 122297 122454
26414 2872 3178 7 21438 21439 76089 76090 76309 122478 122440
26415 3069 2809 7 21440 21437 122420 122313 122312 122296 118595
26416 3069 2872 3 21437 21439 122426
26417 3178 2809 4 21438 21440 76160 76159
26418 9041 8920 6 21441 21442 33002 33003 33700 33698
26419 9041 8967 4 21442 21443 133971 47047
26420 9141 8967 9 21443 21444 46039 46040 46951 46959 158244 151633 133972
26421 9141 8920 7 21444 21441 152557 152085 46926 46907 46906
26422 9141 9041 5 21441 21443 47080 47079 152565
26423 8967 8920 4 21442 21444 46751 46750
26424 8700 9060 4 21445 21446 47899 32881
26425 8700 9003 5 21446 21447 47075 47933 47932
26426 9173 9060 5 21448 21445 32883 97017 151651
26427 9173 8700 5 21445 21447 21701 21702 32882
26428 9080 9261 6 21449 21450 104899 105182 105181 105252
26429 8312 8584 6 21451 21453 47861 46606 46608 37669
26430 10023 10789 6 21454 21455 102370 102378 101746 101747
26431 10023 10253 4 21455 21456 102357 102356
26432 10917 10023 4 21454 21456 102372 102360
26433 10228 10126 7 21457 21458 31868 110450 110648 110650 103700
26434 10136 10126 7 21458 21459 104298 151853 21676 21675 31869
26435 10126 10388 5 21457 21459 104296 109160 103701
26436 8325 7970 4 21461 21462 48075 47564
26437 8413 7970 5 21462 21463 96869 96713 48076
26438 8413 8085 6 21463 21460 47767 21938 21939 96359
26439 8413 8325 6 21460 21462 46316 46315 47876 47766
26440 7970 8085 6 21461 21463 91894 48176 48175 47565
26441 10031 9754 4 21464 21465 23252 47955
26442 10031 10033 5 21465 21466 108198 22589 22590
26443 9953 10033 6 21466 21467 95524 104837 104077 104075
26444 9953 9754 9 21467 21464 105636 104856 104854 107048 107093 95693 95523
26445 10033 9754 5 21465 21467 94243 94245 23253
26446 10462 10563 4 21468 21469 23876 102156
26447 10462 10239 10 21469 21470 102150 102151 102578 102560 102000 101624 101623 23877
26448 10239 10563 5 21469 21471 102155 102388 23878
26449 11402 11419 5 21472 21473 111117 111152 110182
26450 11402 11606 7 21473 21474 111971 30909 30908 112255 111116
26451 11532 11402 4 21472 21474 110892 110183
26452 10471 10917 9 21476 21477 107917 101797 101309 101307 102050 102360 22894
26453 10471 11051 5 21477 21475 102009 107696 107711
26454 8451 8631 8 21478 21479 92295 92296 107177 107202 94798 94608
26455 8451 8329 3 21479 21480 95071
26456 8154 8631 6 21481 21478 94610 94762 94697 94696
26457 8154 8451 4 21478 21480 95070 94609
26458 10218 11737 4 21482 21483 83115 101709
26459 11518 10054 3 21484 21485 99919
26460 11518 11737 5 21485 21482 113139 101515 99918
26461 11518 10218 7 21482 21484 101695 101697 102284 22493 22494
26462 10054 11737 6 21483 21485 99917 113450 100829 83117
26463 9945 9894 6 21486 21487 103433 23328 23279 23280
26464 10066 9945 3 21486 21488 36908
26465 1057 907 6 21489 21490 127489 127837 127436 127434
26466 1057 888 4 21490 21491 24675 24676
26467 955 888 6 21491 21492 127570 127249 127248 126124
26468 955 907 5 21492 21489 128142 127563 127562
26469 955 1057 6 21489 21491 126123 127460 125313 125312
26470 888 907 4 21490 21492 127569 127490
26471 8507 8386 4 21493 21494 46747 46748
26472 8507 8340 6 21494 21495 47294 47299 37592 37595
26473 8691 8340 4 21495 21496 46719 46819
26474 8691 8386 5 21496 21493 46310 46311 46718
26475 8691 8507 8 21493 21495 47292 47038 47037 45746 45744 47061
26476 10906 11167 6 21497 21498 147074 147370 41069 41072
26477 11038 11167 4 21498 21499 147273 147075
26478 9752 9326 5 21503 21504 102656 103890 102896
26479 9161 9326 6 21505 21506 102612 31434 31435 103186
26480 9201 9326 4 21507 21505 98823 98821
26481 9099 8561 4 21509 21510 102498 22743
26482 8914 8835 3 21511 21508 93448
26483 8914 9099 6 21508 21510 107105 104273 104275 93446
26484 8561 8835 7 21509 21511 99960 99939 94127 94117 22744
26485 10805 10563 6 21512 21513 112416 112041 112042 112039
26486 10805 10613 4 21513 21514 112302 112417
26487 10397 10805 8 21730 21732 23451 21512 21514 23365 23364 -1
26488 9446 9588 6 21517 21515 102727 102726 103302 30960
26489 9446 9599 3 21515 21516 22592
26490 10150 9759 5 21518 21519 108070 98749 98750
26491 10150 9749 6 21519 21520 102882 108293 102902 102901
26492 9887 9749 5 21520 21521 22512 22511 102883
26493 9887 9759 4 21521 21518 104786 104787
26494 9887 10150 5 21518 21520 23283 23285 104761
26495 9749 9759 5 21519 21521 104310 104311 108268
26496 8638 8763 3 21524 21522 47666
26497 8638 8802 4 21522 21523 50273 47665
26498 9051 8716 3 21525 21526 97092
26499 9051 9072 9 21526 21527 104905 97324 97325 47121 47122 97307 97318
26500 8916 8716 10 21528 21525 96953 96952 97246 97245 97314 97313 21749 21750
26501 8916 9051 4 21525 21527 21777 21778
26502 9072 8716 4 21526 21528 95439 95438
26503 10253 10462 7 21529 21530 102580 102560 102559 102424 99395
26504 9249 9061 5 21532 21533 98157 98156 104143
26505 9068 9093 4 21534 21535 97175 47954
26506 9068 9061 5 21535 21532 37527 37529 97609
26507 9068 9249 5 21532 21534 47108 47109 103967
26508 9093 9061 4 21533 21535 97610 97661
26509 8423 8455 7 21536 21537 90269 90495 90494 97079 96931
26510 8423 8641 5 21537 21538 47693 47692 90268
26511 8385 8641 4 21538 21539 47887 47886
26512 8385 8455 4 21539 21536 96933 97057
26513 8641 8455 5 21537 21539 97056 97020 90270
26514 8575 8893 6 21540 21541 97953 98663 97488 37374
26515 8787 8892 5 21542 21543 98164 102837 37396
26516 8787 8893 4 21543 21540 37375 98162
26517 8892 8893 9 21541 21543 98163 152119 103638 47210 47211 97843 97955
26518 9601 9699 9 21544 21545 103284 103174 103173 103222 103896 103340 103310
26519 9000 9087 8 21546 21547 36651 37178 36704 36703 37238 37239
26520 9000 8768 3 21547 21548 36650
26521 8778 8768 9 21548 21549 98183 98184 86421 86422 98650 86302 36939
26522 9538 9446 3 21550 21551 102726
26523 9538 9384 7 21551 21552 98209 103073 103072 103509 102725
26524 9282 9384 3 21552 21553 23631
26525 9282 9446 7 21553 21550 103302 103462 103334 21627 21624
26526 9282 9538 9 21550 21552 98208 103908 108127 102819 102821 102824 103301
26527 9384 9446 8 21551 21553 23630 103673 103337 22594 22592 102727
26528 9663 9785 5 21554 21555 147953 152924 153130
26529 9663 9668 4 21555 21556 153101 147954
26530 9646 9668 6 21556 21557 153098 33170 33169 153355
26531 9646 9785 4 21557 21554 153095 153096
26532 9646 9663 6 21554 21556 153187 34594 34593 152151
26533 9668 9785 6 21555 21557 153097 47031 47030 147955
26534 8420 8642 4 21558 21559 90214 47312
26535 8804 8855 7 21560 21561 47063 48024 104069 37734 32421
26536 8477 8199 6 21562 21563 98596 37549 37552 32990
26537 8173 8199 3 21563 21564 98524
26538 8940 8771 5 21565 21566 38385 38355 33333
26539 8730 8737 7 21568 21569 97668 97667 98091 93676 93677
26540 8730 8610 7 21569 21570 93673 98197 98259 93136 93137
26541 8892 8730 4 21568 21570 93674 94004
26542 7938 8189 6 21571 21572 95503 95504 97572 46760
26543 7938 7898 6 21572 21573 93129 47921 47924 97457
26544 7830 7938 5 21571 21573 93128 94002 46761
26545 7898 8189 6 21572 21574 97021 95727 95729 97137
26546 9777 9963 8 21575 21576 103874 104512 103526 103524 104717 104715
26547 9777 9826 6 21576 21577 103743 103744 104097 103875
26548 9958 9777 4 21575 21577 104408 104489
26549 7724 7682 7 21578 21579 37206 86679 86677 89747 98382
26550 7502 7682 6 21580 21578 89723 52043 52045 90088
26551 7489 7682 3 21579 21580 37208
26552 9199 8922 7 21581 21582 35147 103219 103217 157833 157832
26553 9199 8807 4 21582 21583 46794 35148
26554 9081 8922 3 21584 21581 152114
26555 8807 8922 8 21582 21584 152112 37506 37507 37639 37640 35149
26556 8536 8197 6 21587 21588 36696 36114 36112 86518
26557 8188 8197 5 21590 21587 86520 36693 36694
26558 8188 8536 5 21587 21589 32965 37524 86519
26559 8178 8197 5 21588 21590 36926 35292 35293
26560 9729 9573 6 21591 21592 38641 158291 158292 158145
26561 9729 9476 4 21592 21593 34980 38640
26562 9367 9476 6 21593 21594 103989 158285 157588 34981
26563 9367 9573 5 21594 21591 158146 158277 103988
26564 9367 9729 7 21591 21593 34979 158233 158298 158261 158144
26565 9476 9573 4 21592 21594 103987 38642
26566 8128 8094 5 21597 21598 52458 36667 36664
26567 8128 8271 4 21598 21595 47317 52544
26568 8128 8241 5 21595 21597 37725 46883 47316
26569 8094 8271 5 21596 21598 52542 36727 36726
26570 9228 8936 4 21600 21601 157615 152234
26571 9004 8936 5 21601 21602 37805 37510 37509
26572 9004 9185 5 21602 21599 46902 46901 153102
26573 9539 9285 5 21605 21603 107130 94106 94108
26574 9539 9673 7 21603 21604 97425 32810 32808 104994 107129
26575 9167 9392 5 21606 21607 104990 105183 105184
26576 9142 9392 5 21608 21606 105297 105323 105322
26577 9330 9392 6 21607 21608 105306 25344 25343 104992
26578 10650 10531 5 21609 21610 105652 106903 105502
26579 10650 10846 4 21610 21611 97112 105653
26580 10966 10846 4 21611 21612 106499 97113
26581 10966 10531 5 21612 21609 104802 95382 95384
26582 10966 10650 11 21609 21611 76546 76545 105367 108922 108923 108958 108955 107231 105503
26583 10310 10484 5 21613 21614 94192 94821 22960
26584 10310 10424 5 21614 21615 106749 106750 94193
26585 10650 10424 6 21615 21616 106529 104746 104747 106899
26586 10650 10484 4 21616 21613 22962 105587
26587 10650 10310 7 21613 21615 106898 106940 106903 106808 22961
26588 10424 10484 7 21614 21616 106528 104730 104732 106928 94194
26589 2370 2064 5 21617 21618 119760 48084 48085
26590 3100 2064 5 21618 21619 78850 78852 119761
26591 2064 2202 4 21617 21619 122015 76533
26592 1958 2477 6 21620 21621 120183 121953 120359 120337
26593 1958 2335 9 21621 21622 25593 25594 74898 74897 118162 120025 120182
26594 2456 2335 4 21622 21623 76713 76714
26595 2456 2477 6 21623 21620 118699 118700 120341 120333
26596 2456 1958 5 21620 21622 118724 120302 120304
26597 2335 2477 6 21621 21623 120328 78510 78508 120184
26598 9114 9446 4 21624 21625 103259 23630
26599 9114 9007 6 21625 21626 97663 98207 104033 103260
26600 9282 9007 5 21626 21627 103289 98178 97665
26601 9282 9114 7 21624 21626 97664 103993 103906 98208 23631
26602 9007 9446 5 21625 21627 103335 104013 103261
26603 10045 10048 4 21628 21629 102932 102995
26604 10045 10165 5 21629 21630 22688 102131 102933
26605 11007 10795 4 21631 21632 148738 148187
26606 11007 11080 6 21632 21633 109982 109976 109975 147178
26607 10862 11080 6 21633 21634 109576 109574 110270 110216
26608 10862 10795 9 21634 21631 110391 103726 103728 105109 109699 109698 109648
26609 10862 11007 4 21631 21633 26024 26021
26610 11080 10795 5 21632 21634 109649 110040 148814
26611 9197 9061 6 21635 21636 47484 47485 103384 21844
26612 9197 8889 4 21636 21637 104086 103979
26613 9018 9061 8 21638 21635 21846 97610 97609 97710 97548 93980
26614 9018 9197 5 21635 21637 104088 22394 21845
26615 10960 11063 9 21639 21640 147158 147159 149637 149291 149292 149836 149850
26616 10960 11267 4 21640 21641 148918 148919
26617 11086 11267 3 21641 21642 149800
26618 11086 11063 5 21642 21639 149851 149811 149813
26619 11086 10960 6 21639 21641 149799 149633 149278 149275
26620 11267 11063 9 21640 21642 149774 149217 149219 149699 149342 32330 32332
26621 9976 10043 8 21644 21645 108372 108374 108369 108368 108380 108377
26622 10149 10043 4 21645 21646 31797 104303
26623 10149 9960 7 21646 21643 102811 108330 103083 103085 31796
26624 10149 9976 5 21643 21645 108371 108347 102810
26625 10043 9960 6 21644 21646 31795 23388 23387 108237
26626 10400 10493 7 21647 21648 110644 110718 108302 108303 103643
26627 10400 10274 7 21648 21649 102405 102406 104338 107407 109969
26628 10625 10493 6 21650 21647 103644 111856 111818 111817
26629 10625 10400 5 21647 21649 21703 21705 103493
26630 10274 10493 5 21648 21650 111825 110700 110645
26631 10592 10516 3 21651 21652 108264
26632 10592 10674 5 21652 21653 108467 107009 107010
26633 71 11256 7 21654 21655 106395 121984 121340 25276 25277
26634 71 11694 7 21655 21656 106317 121843 121533 121536 106394
26635 11937 11694 6 21656 21657 106536 91120 91122 106319
26636 11937 11256 6 21657 21654 106391 106393 106398 106544
26637 11937 71 5 21654 21656 106318 121848 121350
26638 11694 11256 6 21655 21657 106540 96278 96280 106396
26639 9561 9613 6 21658 21659 104752 107097 105010 105011
26640 9561 9626 5 21659 21660 105264 105263 104753
26641 9900 9626 6 21660 21661 107047 22408 22406 105496
26642 9900 9613 3 21661 21658 106494
26643 9626 9613 7 21659 21661 96943 96945 107121 106738 104754
26644 9119 9092 6 21663 21664 99190 99191 99986 99984
26645 9119 9130 6 21664 21662 98804 102184 102183 102794
26646 9119 9226 5 21662 21663 101559 101558 98803
26647 9861 9576 6 21665 21666 94092 104251 104253 22499
26648 9861 9825 3 21666 21667 94091
26649 9843 9861 7 21665 21667 102922 102923 103133 108124 22500
26650 7928 8331 4 21668 21669 93905 93906
26651 7809 8331 6 21669 21670 95193 94582 22536 22537
26652 8331 8015 8 21668 21670 95270 95286 95222 95221 95463 95225
26653 11257 11043 8 21671 21672 23690 111986 111547 111546 111766 111767
26654 11257 11122 5 21672 21673 104335 111037 23689
26655 11266 11122 5 21673 21674 111527 108996 104337
26656 11266 11257 8 21671 21673 104336 112000 111963 111401 111403 111508
26657 10126 9898 7 21676 21677 23264 23262 104456 104457 151852
26658 9884 9898 5 21677 21678 110557 110549 32463
26659 9884 10136 5 21678 21675 110651 110652 149900
26660 9884 10126 5 21675 21677 32462 22490 22487
26661 9898 10136 3 21676 21678 149899
26662 9180 8663 4 21679 21680 101009 99280
26663 9180 8649 6 21680 21681 102444 102443 102469 101970
26664 8986 8649 4 21681 21682 22426 101057
26665 8986 8663 5 21682 21679 75955 75954 22424
26666 8986 9180 7 21679 21681 100009 99836 99835 101371 99281
26667 8649 8663 8 21680 21682 22425 92632 92631 75893 75892 93835
26668 11173 11373 7 112456 21683 21684 110675 103088 103089 -1
26669 11173 11136 7 21684 21685 111310 111309 22902 22904 112303
26670 11083 11136 6 21685 21686 111894 111570 111569 112409
26671 11083 11373 5 21686 21683 112457 111973 111974
26672 11136 11373 4 21684 21686 111874 111873
26673 9402 9439 6 21687 21688 104154 104534 104220 104218
26674 9243 9439 5 21689 21687 104178 103071 98222
26675 9274 9439 4 21688 21689 98223 103801
26676 9897 9706 8 21690 21691 35176 35414 35412 158433 158434 158306
26677 9897 9967 8 21691 21692 153422 104431 104432 148614 148612 35177
26678 9819 9967 7 21692 21693 104609 104610 28367 28368 151944
26679 9819 9706 6 21693 21690 152099 27692 27694 151920
26680 9819 9897 6 21690 21692 153421 158352 158354 158305
26681 9967 9706 3 21691 21693 35178
26682 2411 1518 4 21695 21696 32622 25721
26683 2411 2612 4 21696 21694 121711 32620
26684 2411 2611 6 21694 21695 25720 122057 78208 78205
26685 9328 9337 9 21697 21698 81979 81977 107338 106189 98189 98188 104922
26686 9204 9337 5 21699 21697 97441 95451 95452
26687 9059 9337 8 21698 21699 93960 93959 97181 93756 93755 103636
26688 8661 8700 6 21700 21701 47075 47951 47952 47557
26689 10400 10519 5 21703 21704 21759 102404 102405
26690 10400 10632 7 21704 21705 26064 26065 110712 110710 21760
26691 10625 10632 6 21705 21706 108496 108431 108429 103494
26692 10632 10519 6 21704 21706 108490 106981 106980 21761
26693 8496 8487 7 21707 21708 46268 48221 48163 48082 30914
26694 8496 8159 5 21708 21709 48145 48170 46269
26695 10747 11271 4 21710 21711 46461 46462
26696 10747 10765 7 21711 21712 151509 151508 48834 46474 46475
26697 11507 10765 4 21712 21713 149678 151477
26698 11507 11271 8 21713 21710 25383 25382 149656 26088 26087 109834
26699 11507 10747 5 21710 21712 151519 151335 151066
26700 10765 11271 6 21711 21713 128924 103846 31201 31203
26701 9285 9026 5 21715 21716 97431 104215 94089
26702 9494 9026 4 21716 21717 104460 97432
26703 9494 9328 5 21717 21714 46218 46217 98188
26704 9494 9285 8 21714 21716 97430 104868 106701 107122 103940 94007
26705 9026 9328 5 21715 21717 104922 104921 94090
26706 11515 11370 4 21718 21719 111382 26227
26707 11515 11394 6 21719 21720 30612 23491 23492 111500
26708 11699 11394 6 21720 21721 112071 112014 112013 30613
26709 11699 11370 5 21721 21718 26229 112008 112072
26710 11699 11515 6 21718 21720 26518 26519 112029 26228
26711 10691 10452 5 21722 21723 99566 23785 23783
26712 10691 10544 5 21723 21724 98812 98813 99567
26713 10604 10544 8 21724 21725 108227 108275 108276 23382 23316 23314
26714 10604 10452 7 21725 21722 106710 84287 84288 101126 108226
26715 10604 10691 7 21722 21724 108534 108517 108516 26255 26257
26716 10544 10452 3 21723 21725 99568
26717 11512 11496 11 21726 21727 112497 111991 111990 111768 111507 24113 24114 111747 111538
26718 11778 11496 4 21729 21726 31913 31910
26719 11778 11512 7 21726 21728 23522 111757 111749 111491 111493
26720 11581 11496 4 21727 21729 111304 112491
26721 10805 10798 6 21730 21731 112468 111709 111710 -1
26722 10805 10586 4 21731 21732 23450 112515
26723 9612 9689 7 21734 21735 47871 33084 33085 35244 35242
26724 9612 9269 6 21735 21733 151624 49280 49281 47869
26725 8521 8456 5 21737 21738 97783 97684 97683
26726 8456 8904 3 21736 21738 47257
26727 7550 9022 4 21739 21740 84689 84691
26728 9922 9900 3 21741 21742 97395
26729 10482 9761 5 21743 21744 106924 104833 104834
26730 10482 9900 7 21744 21741 107029 107087 107086 104674 104673
26731 10482 9922 4 21741 21743 106301 106300
26732 9208 9094 7 21745 21746 38341 38344 98101 104002 103104
26733 9208 8873 5 21746 21747 97880 104011 104012
26734 8988 9094 3 21748 21745 103106
26735 8988 9208 7 21745 21747 97881 103802 103900 103997 103105
26736 2536 2398 4 21751 21752 115807 24261
26737 2536 2378 6 21752 21753 115680 115744 115276 115277
26738 2657 2378 3 21753 21754 115682
26739 2657 2398 8 21754 21751 24263 140369 136948 116837 115952 115951
26740 2378 2398 8 21752 21754 115949 115945 115743 24911 24910 115765
26741 1149 1107 6 21755 21756 138387 138388 138252 138253
26742 1149 1110 5 21756 21757 130956 130957 138356
26743 854 1110 7 21757 21758 126814 126812 127109 27030 27028
26744 854 1107 3 21758 21755 131090
26745 854 1149 8 21755 21757 138396 138397 138452 109869 109868 126150
26746 1110 1107 7 21756 21758 130627 130628 129855 129856 138142
26747 10400 10165 4 21759 21760 110711 110705
26748 10632 10165 4 21760 21761 108357 108454
26749 1630 1561 3 21762 21763 117842
26750 1630 1274 8 21763 21764 25997 116887 118320 122621 123461 117843
26751 1651 1274 3 21764 21765 25998
26752 1651 1630 9 21762 21764 25996 117619 117621 117941 117940 119280 117922
26753 1274 1561 5 21763 21765 26003 123249 117844
26754 8244 8472 7 21767 21768 95714 97167 97166 91871 91873
26755 8481 8472 5 21768 21769 95670 97372 95716
26756 8481 8244 6 21766 21768 95715 97005 95678 95677
26757 8472 8138 5 21767 21769 95668 96992 95627
26758 8931 8882 3 21770 21771 93857
26759 8923 8882 9 21771 21772 97190 97189 97420 97377 97379 97387 93859
26760 8801 9059 9 21774 21775 94805 94101 93978 93918 93919 93966 97331
26761 8801 8811 9 21775 21773 94685 94682 95306 95243 95245 76467 76469
26762 8801 8931 4 21773 21774 97074 97075
26763 9131 9051 6 21776 21777 104905 94109 94107 104216
26764 8844 9051 7 21778 21776 97311 97308 97309 97318 97092
26765 8915 8413 5 21780 21781 96960 97010 97014
26766 8648 8413 6 21781 21782 22017 48138 47803 47804
26767 8648 8612 3 21782 21779 22016
26768 9526 9671 5 21783 21784 95498 95499 106615
26769 9526 10562 3 21784 21785 107642
26770 9914 10562 8 21785 21786 76571 107626 107667 107673 106473 106474
26771 9914 9671 6 21786 21783 106122 106119 28097 28096
26772 9914 9526 7 21783 21785 106612 106611 107628 107602 106619
26773 9019 9411 4 21788 21789 97348 97349
26774 9411 9204 6 21787 21789 97350 103934 104049 104052
26775 8429 8326 8 21790 21791 99840 99841 99832 99614 99616 99991
26776 8429 8867 3 21791 21792 100089
26777 8829 8867 7 21792 21793 99440 100044 100047 102529 100090
26778 8829 8326 3 21793 21790 99439
26779 8829 8429 6 21790 21792 100088 100091 100094 100104
26780 8867 8326 7 21791 21793 93206 93205 99994 99926 99925
26781 7890 8142 9 21794 21795 93060 75020 75018 95269 95882 96175 95274
26782 7890 8492 5 21795 21796 92642 94678 94676
26783 8137 8142 3 21797 21794 76895
26784 8137 7890 8 21794 21796 92643 95188 95437 96046 95570 95275
26785 8904 8836 5 21798 21799 97785 94099 22268
26786 9068 8763 6 21800 21801 96975 96973 97173 97917
26787 9068 8836 4 21801 21798 22270 97330
26788 9068 8904 5 21798 21800 97065 97064 22269
26789 7997 8088 7 21802 21803 97886 97831 22680 22683 93193
26790 7819 8088 4 21805 21802 97614 37490
26791 7819 7997 6 21802 21804 95698 95697 97514 97613
26792 8812 8946 8 21806 21807 97392 97414 97445 97439 97437 97436
26793 8698 8946 4 21809 21806 97342 97343
26794 8698 8812 5 21806 21808 93965 95430 95429
26795 8481 8946 4 21807 21809 97399 97393
26796 8433 8225 4 21810 21811 97718 97787
26797 8169 8433 4 21810 21812 97749 97750
26798 7906 8225 8 21811 21813 97716 97706 97708 90076 90073 97720
26799 9360 9075 7 21815 21816 21975 104826 104107 32122 32125
26800 9279 9075 4 21816 21817 47110 21977
26801 9279 9249 6 21817 21814 104144 103918 103920 47109
26802 9279 9360 9 21814 21816 21976 32653 22049 22048 104794 104795 104828
26803 9075 9249 4 21815 21817 47108 47953
26804 10773 10860 6 21819 21820 144518 144638 157554 144368
26805 10967 10860 8 21820 21821 145227 110810 110763 23346 22942 22940
26806 10967 10937 8 21821 21818 112224 145297 112377 112375 144698 144875
26807 10967 10773 4 21818 21820 110793 110792
26808 10860 10937 3 21819 21821 144369
26809 9647 9831 5 21822 21823 23322 23162 23163
26810 9743 9473 6 21824 21825 93740 102651 95357 95354
26811 9743 9647 5 21822 21824 108093 99798 99795
26812 10120 9742 6 21826 21827 107342 107859 107254 107255
26813 10120 10014 7 21827 21828 108195 108190 108191 108192 107343
26814 10029 10014 8 21828 21829 106740 106741 107412 102279 102278 107378
26815 10029 10120 3 21826 21828 108197
26816 10014 9742 8 21827 21829 106897 106896 107224 108071 108210 107344
26817 9659 9554 7 21831 21832 97039 97040 97322 104729 47813
26818 9782 9554 8 21832 21833 104365 104316 104317 104547 104313 97148
26819 9782 9822 4 21833 21830 97320 104364
26820 9782 9659 6 21830 21832 97147 22004 22005 97319
26821 9554 9822 4 21831 21833 97295 47814
26822 9921 10092 5 21835 21836 107301 107148 21842
26823 10562 10092 7 21836 21837 107059 107046 104689 104688 107259
26824 10562 9921 7 21834 21836 107300 107260 105034 105032 106473
26825 10092 9879 4 21835 21837 107091 21843
26826 8796 9266 5 21838 21839 22094 22097 22827
26827 9177 9266 6 21839 21840 99470 102486 93331 93329
26828 9266 9054 4 21838 21840 99468 22828
26829 9921 9893 6 21841 21842 107147 107358 104656 95359
26830 9879 9893 6 21843 21841 95360 107054 107055 107104
26831 10092 9893 5 21842 21843 107071 106915 106914
26832 9198 9061 5 21846 21844 98158 98157 97661
26833 11270 11467 7 21847 21848 25740 49170 77038 106025 105639
26834 11405 11467 6 21849 21847 105641 105830 121554 24987
26835 11368 11467 9 21848 21849 24988 25751 25708 25710 150053 151237 25741
26836 8880 8608 4 21851 21852 95563 106116
26837 11928 8608 5 21852 21853 32696 32697 95564
26838 11928 8769 4 21853 21850 47928 47930
26839 11928 8880 5 21850 21852 46285 46284 48171
26840 8085 8475 4 21855 21856 47767 96948
26841 8882 8925 4 21857 21858 97365 97346
26842 8882 9204 4 21858 21859 97189 97459
26843 9204 8925 8 21858 21860 97350 103258 97913 97643 97240 97241
26844 10658 10807 4 21861 21862 33786 39867
26845 10658 10962 6 21862 21863 33806 155518 42688 33787
26846 10511 10962 4 21863 21864 153719 33807
26847 10511 10807 5 21864 21861 155619 156157 153718
26848 10511 10658 5 21861 21863 33805 154150 154152
26849 10962 10807 6 21862 21864 153717 155561 153829 33788
26850 9681 9777 6 21865 21866 104343 104545 104546 104097
26851 9681 9774 6 21866 21867 104206 104418 104419 104344
26852 9829 9774 5 21867 21868 47243 47242 103687
26853 9829 9777 4 21868 21865 103875 103874
26854 9829 9681 5 21865 21867 97925 97924 104098
26855 9774 9777 6 21866 21868 104512 104539 104319 104318
26856 10260 10181 8 21869 21870 148307 152364 151913 33208 33209 152188
26857 10260 10364 5 21870 21871 33009 152211 148308
26858 10211 10364 8 21871 21872 110289 147853 32452 32451 31778 31777
26859 10211 10181 5 21872 21869 148439 26595 26597
26860 10211 10260 6 21869 21871 33010 146789 152359 152187
26861 10364 10181 5 21870 21872 110288 152172 148309
26862 6200 5401 5 21873 21874 22240 95531 95532
26863 5396 5401 4 21874 21875 77633 22241
26864 11657 11101 8 21876 21877 107606 107617 107240 107239 107466 107478
26865 11657 10779 4 21877 21878 106876 107607
26866 11056 10779 6 21878 21879 107415 107463 94652 94650
26867 11056 11101 5 21879 21876 25914 25915 107064
26868 11056 11657 6 21876 21878 106875 101802 101801 106446
26869 10779 11101 8 21877 21879 107414 107298 107299 107310 107320 107319
26870 9293 9677 7 21880 21881 108180 108179 108157 108158 107250
26871 9293 9502 5 21881 21882 108173 108172 108181
26872 9503 9677 3 21883 21880 107251
26873 9503 9293 5 21880 21882 108178 108187 107249
26874 9502 9677 7 21881 21883 108133 93616 93613 104845 108156
26875 8441 8666 9 21884 21885 22033 48508 97402 97495 50344 50343 96882
26876 8441 8461 5 21885 21886 91904 91907 22034
26877 8211 8461 6 21886 21887 94970 91145 91146 94988
26878 8211 8666 4 21887 21884 96876 96875
26879 8461 8666 4 21885 21887 48031 22035
26880 11559 11746 6 21888 21889 145050 145049 145043 128486
26881 11559 11517 6 21889 21890 128679 31735 31736 145051
26882 11448 11517 7 21890 21891 30918 30919 149125 30625 30623
26883 11448 11746 5 21891 21888 128488 144507 32038
26884 11448 11559 6 21888 21890 126355 126357 145035 128487
26885 11517 11746 5 21889 21891 32037 32072 145052
26886 9378 8818 6 21893 21894 95293 95291 95408 22084
26887 8632 9378 4 21892 21894 107181 95411
26888 10048 9941 6 21895 21896 108313 108342 109494 102993
26889 10048 9865 7 21896 21897 22696 23389 107214 108344 108314
26890 9946 9865 8 21897 21898 103689 103691 103923 103913 103912 22698
26891 9946 9941 6 21898 21895 102994 104323 103798 103797
26892 9946 10048 3 21895 21897 22697
26893 9865 9941 3 21896 21898 104258
26894 8152 8609 5 21901 21899 92087 92084 93973
26895 7941 8609 4 21900 21901 94253 93711
26896 10711 10306 7 21902 21903 106723 23062 23061 104675 107045
26897 10711 10551 4 21903 21904 106769 106752
26898 10143 10551 6 21904 21905 96240 96230 96229 106506
26899 10143 10711 5 21902 21904 22418 22417 105631
26900 10551 10306 7 21903 21905 96107 22365 22364 25695 106753
26901 995 900 5 21906 21907 135187 135165 129283
26902 995 1074 5 21907 21908 129013 134508 135186
26903 809 1074 7 21908 21909 129172 129229 129230 134047 129014
26904 809 900 7 21909 21906 129285 129314 129244 129093 129095
26905 809 995 10 21906 21908 129012 134336 134333 134989 129018 129017 129315 129284
26906 1074 900 4 21907 21909 129171 134350
26907 11405 11684 6 21910 21911 24987 121542 106023 32826
26908 8601 8101 6 21915 21912 48053 48052 47775 47772
26909 9171 9390 7 21916 21917 22014 22012 96954 22264 22265
26910 9261 9600 7 21918 21919 22273 95255 22036 22037 95448
26911 9261 9390 5 21919 21916 96686 105228 22271
26912 9261 9171 6 21916 21918 105081 105082 105252 96685
26913 947 842 7 21921 21922 105926 121291 121547 121577 121600
26914 947 1205 5 21922 21920 121540 117254 105924
26915 947 1035 7 21920 21921 121647 123907 121653 121588 121590
26916 10367 10311 6 21923 21924 32564 151582 150644 150103
26917 10367 10377 7 21924 21925 109614 22736 22739 32930 32565
26918 10571 10377 5 21925 21926 110068 105375 105373
26919 10571 10311 7 21926 21923 34086 32926 32928 146910 110066
26920 10571 10367 3 21923 21925 109613
26921 10377 10311 6 21924 21926 110067 145059 145056 32566
26922 10934 10907 5 21928 21929 148298 148299 145047
26923 10934 10688 6 21929 21927 148326 149299 32504 32506
26924 10934 10802 4 21927 21928 145045 148325
26925 9343 9255 5 21930 21931 158091 36056 36057
26926 9343 9454 5 21931 21932 157680 157933 158185
26927 9421 9343 5 21930 21932 38496 38497 147768
26928 719 257 5 21933 21934 123299 123426 123429
26929 719 456 7 21934 21935 123128 123210 123296 109332 109330
26930 176 257 4 21936 21933 122741 122740
26931 176 719 4 21933 21935 123129 123424
26932 456 257 5 21934 21936 123354 123305 123300
26933 11865 90 7 21940 21941 142452 146518 146517 154593 142766
26934 11865 422 4 21941 21942 42090 42089
26935 175 422 6 21942 21943 58763 27448 27449 27477
26936 175 90 4 21943 21940 142767 58762
26937 175 11865 5 21940 21942 142278 143000 142765
26938 422 90 6 21941 21943 39948 39949 142601 142453
26939 6536 6555 3 21945 21946 49610
26940 6583 6555 5 21946 21947 49876 49480 49481
26941 6583 6009 4 21947 21944 49671 49874
26942 6583 6536 6 21944 21946 49079 49078 49473 49472
26943 8880 9140 6 21948 21949 96354 96840 96185 96184
26944 8155 9140 5 21949 21950 96721 96722 96355
26945 9140 9080 7 21948 21950 96822 105143 48458 48457 96378
26946 10296 10525 6 21951 21952 23372 151846 27823 27821
26947 10296 10509 7 21952 21953 149944 32884 23484 23485 23371
26948 10612 10509 9 21953 21954 110114 147129 147130 149856 149822 105744 105742
26949 10612 10525 6 21954 21951 32516 32158 32159 110112
26950 10612 10296 3 21951 21953 149943
26951 10509 10525 5 21952 21954 110113 151847 23373
26952 7730 7507 5 21955 21956 91588 96047 95575
26953 7730 11921 5 21956 21957 93204 96304 91587
26954 5523 11921 4 21957 21958 76946 76945
26955 5523 7507 8 21958 21955 95577 106451 76596 76595 76932 96189
26956 11921 7507 6 21956 21958 96255 32681 25638 25635
26957 5920 4425 5 21959 21960 96288 96466 96467
26958 1 5520 4 21961 21962 76999 65873
26959 1 4425 6 21962 21959 121898 77214 77211 76997
26960 1 5920 6 21959 21961 65872 65933 65931 78726
26961 5520 4425 6 21960 21962 76998 65417 65416 77105
26962 9955 10162 7 21963 21964 32840 37571 151819 151961 151578
26963 9955 10182 6 21964 21965 103738 103736 148622 32841
26964 10003 10182 5 21965 21966 151795 150014 150015
26965 10003 10162 4 21966 21963 151579 151791
26966 10003 9955 6 21963 21965 151946 151926 103631 103633
26967 10182 10162 5 21964 21966 105049 105048 32842
26968 316 256 5 21967 21968 146182 131667 131666
26969 316 423 6 21968 21969 27816 28179 28180 131815
26970 595 316 8 21967 21969 26151 26150 28296 26623 26624 131790
26971 423 256 6 21968 21970 131675 131072 131071 131809
26972 8386 8711 3 21972 21973 45904
26973 8586 8504 4 21974 21971 46312 46389
26974 8711 8504 4 21972 21974 38290 38292
26975 9360 9156 3 21975 21976 104800
26976 9075 9156 5 21977 21975 103694 97043 97044
26977 9279 9156 8 21976 21977 103968 103920 103921 97479 47225 47226
26978 10040 9712 3 21978 21979 106105
26979 10040 9794 6 21979 21980 106097 96423 96421 106100
26980 9726 9794 4 21980 21981 27835 97294
26981 9726 9712 5 21981 21978 106136 106095 27833
26982 9726 10040 6 21978 21980 106098 105444 105443 106135
26983 9794 9712 7 21979 21981 27834 105871 106255 95427 95426
26984 10899 11098 6 21982 21983 27183 130152 149784 151498
26985 10899 11070 6 21983 21984 105622 105825 105823 27184
26986 11050 11070 5 21984 21985 105419 23051 23049
26987 11050 11098 7 21985 21982 151496 151497 148711 105833 105418
26988 11050 10899 4 21982 21984 105621 151493
26989 11070 11098 4 21983 21985 105045 27185
26990 3508 3606 5 21986 21987 78271 78269 77079
26991 3508 3791 6 21987 21988 63990 63991 76813 76815
26992 3576 3791 6 21988 21989 78309 78312 79458 78389
26993 3576 3606 6 21989 21986 77081 78908 78019 78016
26994 3576 3508 6 21986 21988 64602 64603 78355 77080
26995 3791 3606 3 21987 21989 78308
26996 9685 9390 5 21992 21990 105217 22013 22014
26997 9685 9932 5 21990 21991 105365 105363 105216
26998 7867 7755 5 21993 21994 97606 97638 97637
26999 8264 7755 5 21994 21995 46273 46274 47719
27000 7755 7759 5 21993 21995 90420 52329 52331
27001 9558 9472 7 21996 21997 105357 105312 105313 105398 104583
27002 9806 9292 4 21998 21999 105493 103734
27003 9806 9472 4 21999 21996 104585 105492
27004 9806 9558 4 21996 21998 103733 104584
27005 9292 9472 8 21997 21999 105491 151762 95100 95097 22061 22058
27006 8084 8002 7 22000 22001 93270 93268 97072 97073 97492
27007 8084 8152 6 22001 22002 95633 95631 95207 95008
27008 8419 8152 6 22002 22003 97130 97024 93812 93813
27009 8419 8002 4 22003 22000 97493 97269
27010 8419 8084 4 22000 22002 95676 95675
27011 8152 8002 4 22001 22003 97270 95009
27012 9782 9825 3 22005 22006 97321
27013 9782 9826 7 22006 22004 97449 104313 104548 103744 103746
27014 9659 9754 3 22007 22008 97097
27015 9411 9725 3 22009 22010 97417
27016 9411 9754 8 22010 22007 97453 104890 104691 95418 95420 97416
27017 9725 9754 7 22008 22010 97415 47957 23252 23253 97099
27018 9219 9171 4 22011 22012 106234 22237
27019 9219 9390 6 22012 22013 25080 25078 105098 106273
27020 9685 9219 5 22011 22013 105305 105304 22238
27021 8654 8413 4 22017 22015 96696 48174
27022 8654 8612 7 22015 22016 48235 91005 91004 96296 96424
27023 8029 8221 4 22020 22018 44383 44382
27024 9192 9270 7 22021 22022 104175 104138 35261 35262 104136
27025 9192 8987 3 22022 22023 104174
27026 8996 8987 9 22023 22024 46754 98135 98131 98021 46222 46221 104186
27027 8996 9270 6 22024 22021 103873 103872 103928 46753
27028 8996 9192 5 22021 22023 104184 103759 103758
27029 8987 9270 5 22022 22024 46752 97353 97354
27030 5864 5884 7 22026 22027 95823 91562 91563 77794 77795
27031 5180 5884 5 22027 22028 77810 91415 91414
27032 5180 5376 5 22028 22025 73318 73320 77809
27033 5180 5864 4 22025 22027 96026 77904
27034 5884 5376 6 22026 22028 77805 77807 95931 95903
27035 7233 7058 6 22030 22031 46561 95764 95769 97584
27036 6556 7180 6 22032 22029 91798 95908 95149 95151
27037 6556 7233 4 22029 22031 46562 90363
27038 7058 7180 6 22030 22032 95116 92322 92319 97585
27039 8441 8963 4 22033 22034 95485 48507
27040 8666 8963 6 22035 22033 48509 97332 97409 48030
27041 8461 8963 6 22034 22035 48029 48499 107165 95486
27042 9724 9572 7 22038 22039 104120 105348 104498 104500 104661
27043 9724 9600 5 22039 22036 95257 103800 104119
27044 9724 9261 4 22036 22038 95535 95256
27045 9572 9600 4 22037 22039 96478 95449
27046 10148 8901 7 22040 22041 105354 105038 105036 106001 106297
27047 10148 8960 5 22041 22042 25657 105291 105293
27048 8960 8901 5 22041 22043 76993 76671 76670
27049 8906 8053 4 22044 22045 94730 94729
27050 8906 8034 7 22045 22046 22640 84470 84252 84255 95277
27051 8171 8906 5 22044 22046 22641 94142 95039
27052 9360 9396 3 22047 22048 22052
27053 9539 9279 4 22049 22050 46180 32655
27054 9539 9396 4 22050 22047 22053 103944
27055 9539 9360 8 22047 22049 32654 96949 47935 47936 105022 22051
27056 9539 9554 6 22053 22051 97297 47814 47813 103943
27057 9821 9896 4 22054 22055 48288 48286
27058 9821 9472 8 22055 22056 27792 151764 105491 105492 106033 150041
27059 9482 9472 8 22056 22057 105221 105099 95098 95100 151761 27793
27060 9482 9896 7 22057 22054 105552 105475 105476 105404 105403
27061 9482 9821 4 22054 22056 27791 105565
27062 9472 9896 4 22055 22057 105157 105155
27063 9359 9472 3 22058 22059 105357
27064 9359 9371 6 22059 22060 105088 105094 105101 105362
27065 9292 9371 5 22060 22061 104985 105091 105089
27066 9292 9359 6 22058 22060 105028 104862 104861 105068
27067 9371 9472 7 22059 22061 104984 105099 104660 104662 105312
27068 10527 10601 7 22062 22063 105483 23052 23050 105752 105791
27069 10527 10509 6 22063 22064 32884 150088 105749 105484
27070 10271 10509 8 22064 22065 105497 105044 104090 104092 23487 23484
27071 10271 10601 3 22065 22062 105713
27072 10509 10601 7 22063 22065 105712 105766 105765 110059 105485
27073 64 838 7 22066 22067 122208 122707 122710 122773 122677
27074 64 805 3 22067 22068 118691
27075 82 805 6 22068 22069 25209 25210 109287 118692
27076 82 838 3 22069 22066 122664
27077 82 64 8 22066 22068 108879 108881 122275 122274 122791 122678
27078 805 838 8 22067 22069 122665 122787 122666 75577 25135 25134
27079 10845 11678 6 22072 22073 106226 106225 106537 96227
27080 11405 11469 3 22074 22071 105468
27081 11405 10845 5 22071 22073 106500 106854 105467
27082 11678 11469 4 22072 22074 106310 96228
27083 9216 8631 7 22075 22076 95361 95362 107928 105336 105334
27084 9216 8442 6 22076 22077 95259 95260 105555 106579
27085 9096 8442 5 22077 22078 107174 94589 94587
27086 9096 8631 4 22078 22075 95062 95063
27087 3646 3154 5 22079 22080 66101 66141 66107
27088 3646 3710 5 22080 22081 49400 49401 64727
27089 3196 3710 5 22081 22082 65454 64135 64136
27090 3196 3646 4 22079 22081 66004 66108
27091 3710 3154 5 22080 22082 66177 66172 66102
27092 9378 9561 6 22083 22084 95133 95134 95308 107053
27093 8818 9561 5 22084 22085 104741 104743 107082
27094 9561 9391 4 22083 22085 107185 107186
27095 9558 9795 5 22086 22087 104680 104683 105395
27096 9558 9577 7 22087 22088 48471 104671 104522 96911 96909
27097 9392 9577 5 22088 22089 107078 105327 48472
27098 9392 9795 4 22089 22086 105397 106878
27099 9392 9558 5 22086 22088 48470 105001 105396
27100 9577 9795 7 22087 22089 107102 104116 104115 105102 105420
27101 9711 9539 5 22091 22092 32808 104993 104866
27102 9797 9539 7 22092 22093 104957 105022 97297 97296 32810
27103 9797 9711 3 22090 22092 32809
27104 9539 9778 4 22091 22093 104956 104867
27105 9053 8796 7 22094 22095 95323 93843 93841 108063 93368
27106 9053 8561 5 22095 22096 101745 95351 95350
27107 9266 8561 4 22096 22097 22829 101001
27108 9266 9053 5 22094 22096 107256 93330 93329
27109 6653 6915 4 22098 22099 101017 84119
27110 6653 6638 8 22099 22100 101340 101346 101348 83976 83977 84129
27111 7716 6638 5 22100 22101 94182 99922 99921
27112 7716 6915 9 22101 22098 84120 92567 84279 75910 73220 73219 76423
27113 7716 6653 4 22098 22100 101294 84118
27114 6638 6915 6 22099 22101 93942 93941 73352 73349
27115 9319 9449 5 22102 22103 107133 107067 106699
27116 9319 9066 5 22103 22104 107163 106885 106883
27117 8963 9066 5 22104 22105 96924 48497 48499
27118 8963 9449 6 22105 22102 104840 104842 105274 107039
27119 8963 9319 7 22102 22104 107165 105332 105331 107161 106700
27120 9066 9449 4 22103 22105 104520 104519
27121 11658 11695 9 22107 22108 105887 106552 108772 113055 107524 106335 106334
27122 11658 11482 6 22108 22106 106676 106758 106660 105886
27123 11658 11473 3 22106 22107 106675
27124 1306 1243 8 22109 22110 132187 132185 132059 132058 132241 134254
27125 1306 736 5 22110 22111 132161 132159 132370
27126 1134 736 6 22111 22112 132112 132111 132101 132098
27127 1134 1243 6 22112 22109 129935 129934 131813 132010
27128 1134 1306 7 22109 22111 132204 132006 131418 131417 134330
27129 736 1243 4 22110 22112 132182 132408
27130 8534 8840 5 22114 22115 22707 97146 94779
27131 8534 8934 5 22115 22113 95219 95604 22706
27132 8534 8731 7 22113 22114 94778 95185 47969 47968 93554
27133 10383 10352 5 22116 22117 110484 148344 105047
27134 10383 10344 8 22117 22118 32838 104629 110598 148649 148694 110485
27135 10182 10344 6 22118 22119 23239 148266 31489 31488
27136 10182 10352 5 22119 22116 105049 151795 23238
27137 10182 10383 4 22116 22118 32839 105048
27138 10344 10352 6 22117 22119 23237 109998 110353 110355
27139 10601 10189 7 22120 22121 105766 105767 105777 107026 22521
27140 10223 10189 6 22121 22122 105132 103852 103855 105498
27141 10189 10051 9 22120 22122 105131 105599 105340 23086 23083 107024 22522
27142 9015 8961 5 22123 22124 22606 93543 93273
27143 8949 8961 9 22124 22125 22695 22694 93899 93710 93709 93793 22608
27144 8961 9054 4 22123 22125 93888 93275
27145 1537 1524 9 22126 22127 122586 24570 24571 117863 122879 118289 81858
27146 1537 1484 5 22127 22128 118041 118530 122585
27147 1299 1484 10 22128 22129 122543 113243 113180 113181 113274 23721 23720 113876
27148 1299 1524 4 22129 22126 81860 122583
27149 1484 1524 3 22127 22129 122584
27150 11608 11491 6 22130 22131 105730 105899 110100 117517
27151 11608 11710 5 22131 22132 123977 109487 105731
27152 11868 11710 6 22132 22133 109434 123672 124131 124135
27153 11868 11491 6 22133 22130 31984 31983 109603 109433
27154 11868 11608 6 22130 22132 124162 148953 148923 117518
27155 11710 11491 4 22131 22133 109422 105732
27156 9309 9781 6 22134 22135 107266 107265 102415 93349
27157 9465 9781 5 22136 22134 93351 102475 108029
27158 9401 9781 4 22135 22136 108026 108018
27159 9171 9605 4 22138 22139 27661 106055
27160 9340 9605 8 22139 22140 105214 151541 105137 105136 105148 27663
27161 9340 9543 4 22140 22137 105083 105213
27162 9340 9171 6 22137 22139 27662 96183 105243 105082
27163 7926 8527 6 22141 22142 22249 50257 50256 48146
27164 11926 8527 3 22143 22141 48147
27165 1187 1226 8 22144 22145 23680 23678 25944 118133 117334 117332
27166 1187 1400 5 22145 22146 28745 29351 29349
27167 1194 1400 7 22146 22147 23513 117606 139002 117133 28747
27168 1194 1226 8 22147 22144 117336 117279 29330 29332 29353 23511
27169 1194 1187 3 22144 22146 28746
27170 1400 1226 5 22145 22147 23512 26379 26377
27171 9835 9796 6 22148 22149 104776 105435 105229 105231
27172 9724 9761 7 22150 22151 50437 105394 96963 96965 105208
27173 9724 9796 6 22151 22148 105345 105296 103800 50436
27174 9724 9835 4 22148 22150 105591 105344
27175 9761 9796 4 22149 22151 50435 104777
27176 11721 11597 5 22152 22153 148817 129037 129040
27177 11721 11773 5 22153 22154 149651 109419 109418
27178 11792 11773 6 22154 22155 108800 123351 121464 121463
27179 11792 11597 5 22155 22152 109594 109593 108799
27180 11792 11721 6 22152 22154 32174 32176 105219 105220
27181 11773 11597 4 22153 22155 108798 148818
27182 11595 11730 4 22156 22157 28248 128789
27183 11595 11439 5 22157 22158 109870 109871 28249
27184 11462 11439 6 22158 22159 124009 31979 26143 26142
27185 11462 11730 6 22159 22156 130308 149619 129060 124008
27186 11462 11595 4 22156 22158 149515 130307
27187 11439 11730 7 22157 22159 124007 25074 25076 149079 28250
27188 8331 7995 6 22161 22162 95223 95222 95171 95169
27189 8331 8492 5 22162 22160 22285 95463 95464
27190 9627 9753 9 22163 22164 151729 151932 151955 151956 151940 151941 152060
27191 9324 9753 6 22165 22163 152063 104976 104416 104417
27192 9748 9753 6 22164 22165 104615 104634 104527 104526
27193 1221 1300 7 22166 22167 132443 132437 29002 29003 132380
27194 1221 1513 6 22167 22168 24737 24738 132326 132445
27195 1238 1513 5 22168 22169 131898 131819 131519
27196 1238 1300 5 22169 22166 131682 33623 33622
27197 1238 1221 5 22166 22168 66276 66275 132381
27198 1513 1300 3 22167 22169 132124
27199 223 11824 4 22170 22171 111010 124508
27200 223 65 5 22171 22172 30720 112144 111011
27201 27 65 5 22172 22173 30652 110868 30721
27202 27 11824 7 22173 22170 124509 124310 111076 26232 26230
27203 27 223 4 22170 22172 23423 23420
27204 65 11824 5 22171 22173 30651 111632 111012
27205 3106 3267 4 22174 22175 63415 63418
27206 3106 3179 5 22175 22176 62821 64054 63808
27207 3432 3179 5 22176 22177 63237 63235 62822
27208 3179 3267 6 22175 22177 64197 64196 64198 63809
27209 166 72 7 22178 22179 134714 134722 33033 33036 28279
27210 166 238 5 22179 22180 134271 134272 134713
27211 365 238 9 22180 22181 150263 27984 27986 25620 25619 28495 134264
27212 365 72 3 22181 22178 28281
27213 365 166 6 22178 22180 133884 133885 133964 28280
27214 238 72 8 22179 22181 150262 151130 134203 134204 133864 133865
27215 11120 11279 5 22183 22184 106548 105662 104537
27216 11207 11279 7 22184 22185 106953 30831 30829 30895 109604
27217 11207 10987 5 22185 22182 103122 110000 106952
27218 11207 11120 5 22182 22184 103824 31227 31226
27219 11279 10987 3 22183 22185 104538
27220 3276 3396 7 22186 22187 60692 60564 60565 59154 59155
27221 3276 3285 6 22187 22188 29059 29060 60780 60725
27222 3302 3396 7 22189 22186 60532 58993 58990 59247 60801
27223 3285 3396 3 22187 22189 60726
27224 803 809 5 22190 22191 27312 129093 129096
27225 828 809 5 22191 22192 129230 23376 23377
27226 809 927 4 22190 22192 129229 129221
27227 9319 10143 8 22193 22194 107090 107134 107140 107156 107068 107067
27228 9319 9480 6 22194 22195 107155 107113 105005 105006
27229 9390 9480 5 22195 22196 25079 25078 105097
27230 9390 10143 6 22196 22193 107099 106448 106447 106509
27231 9390 9319 5 22193 22195 106884 106883 107133
27232 9480 10143 4 22194 22196 106524 106525
27233 430 11895 6 22197 22198 42965 42966 120607 120605
27234 430 11840 11 22198 22199 106167 134067 134128 134376 134375 134380 134436 134386 134224
27235 11785 11840 11 22199 22200 121312 121311 25358 25361 25750 105985 105991 120897 106168
27236 11785 11895 10 22200 22197 134466 134467 151484 133946 133947 134422 134219 134096
27237 11785 430 3 22197 22199 106166
27238 11840 11895 3 22198 22200 134097
27239 11599 11827 5 22201 22202 108669 108670 24920
27240 11599 11872 3 22202 22203 31670
27241 11870 11872 8 22203 22204 109450 108764 108765 109454 23236 23235
27242 11870 11827 4 22204 22201 24922 122699
27243 11870 11599 5 22201 22203 31669 109351 24921
27244 11872 11827 9 22202 22204 122698 106986 106985 109583 109356 105779 105778
27245 7893 7926 5 22205 22206 48107 48108 96729
27246 7893 8074 4 22206 22207 96158 96449
27247 8257 7926 5 22208 22205 96473 27066 27068
27248 8257 7893 7 22205 22207 48530 48518 48517 96562 96561
27249 11847 11657 9 22209 22210 112665 121142 122263 107630 107238 107239 107460
27250 11847 11652 5 22210 22211 107449 122777 112664
27251 11520 11652 7 22211 22212 107582 107950 25423 25422 107450
27252 11520 11657 4 22212 22209 107461 107581
27253 11652 11657 4 22210 22212 107580 112666
27254 9348 8649 7 22214 22215 92838 94179 102345 102444 101057
27255 8752 8649 7 22215 22216 100815 100816 101043 101177 92840
27256 8752 8919 3 22216 22213 100474
27257 8649 8919 5 22214 22216 100985 22425 22426
27258 265 8 6 22217 22218 102633 24614 24615 24083
27259 265 11683 4 22218 22219 112975 102634
27260 454 11683 8 22219 22220 23763 112651 112652 112926 112927 112976
27261 454 8 6 22220 22217 24085 112671 112659 23762
27262 454 265 5 22217 22219 112974 102242 24084
27263 11683 8 4 22218 22220 23027 23029
27264 10051 10166 5 22222 22223 23086 23084 107012
27265 9920 10051 6 22221 22223 105340 105600 96072 96069
27266 9638 8960 9 22224 22225 106456 106454 105818 96235 96234 96238 96125
27267 9638 8012 7 22225 22226 95446 22580 22578 96209 106457
27268 8278 8960 8 22227 22224 95496 95495 95857 95856 72678 72679
27269 8278 9638 3 22224 22226 96126
27270 9759 9808 5 22228 22229 99083 98749 98751
27271 7507 6191 7 22230 22231 72712 72713 76932 96188 32681
27272 7507 8012 9 22231 22232 96328 96047 96048 96209 96208 76934 76846
27273 6355 8012 6 22232 22233 96067 96066 96194 96327
27274 6355 6191 9 22233 22230 32682 93869 76926 76923 95493 95483 95484
27275 6355 7507 4 22230 22232 25636 25638
27276 8012 6191 3 22231 22233 76847
27277 4522 11917 4 22234 22235 76465 76912
27278 4522 11918 6 22235 22236 72791 50053 50051 50132
27279 3935 4522 7 22234 22236 50009 28276 28275 76850 76849
27280 9543 9219 7 22237 22238 106199 106197 96392 96394 106196
27281 5882 6200 7 22239 22240 96553 96545 50227 50228 96524
27282 5882 5401 4 22240 22241 91387 95946
27283 5396 5882 5 22239 22241 91388 96549 96558
27284 9124 9128 6 22242 22243 48210 48209 105147 105093
27285 9124 9292 4 22243 22244 47945 47947
27286 9112 9292 6 22244 22245 47838 104122 104121 49066
27287 9112 9128 3 22245 22242 47837
27288 9112 9124 7 22242 22244 49065 47902 47901 47501 47500
27289 9292 9128 6 22243 22245 47836 104985 95097 95099
27290 8071 7969 8 22246 22247 48486 96379 96406 48095 48096 96400
27291 8071 7669 5 22247 22248 50192 95518 48487
27292 7351 8071 5 22246 22248 50191 96481 96401
27293 7926 7883 4 22249 22250 22252 96155
27294 7883 8527 4 22249 22251 96173 96156
27295 452 615 10 22253 22254 65310 50203 50204 134169 77055 25736 25737 65948
27296 452 10037 5 22254 22255 77140 77141 65311
27297 9712 615 4 22256 22253 28400 25605
27298 9712 452 3 22253 22255 65980
27299 10037 615 5 22254 22256 25604 28135 28134
27300 7507 9008 5 22257 22258 76934 105286 106449
27301 7681 9008 8 22259 22257 106423 76428 76429 74851 74853 94861
27302 7439 9008 6 22258 22259 94858 94860 105294 76935
27303 6403 6085 5 22260 22261 48505 77438 72547
27304 6403 5331 4 22261 22262 96469 48504
27305 11922 5331 4 22262 22263 72755 77527
27306 11922 6085 5 22263 22260 32352 32349 72754
27307 11922 6403 4 22260 22262 96511 72548
27308 9171 9100 5 22265 22266 28169 105054 96685
27309 9066 9390 8 22267 22264 96955 105277 106883 104519 104521 105228
27310 9066 9171 3 22264 22266 28170
27311 9100 9390 3 22265 22267 96686
27312 8925 9068 6 22269 22270 97285 97045 46542 46543
27313 8925 8836 6 22270 22268 94100 95478 97186 97185
27314 8925 8904 4 22268 22269 97428 94098
27315 9390 9165 5 22271 22272 105303 104518 104521
27316 9600 9165 3 22272 22273 105255
27317 8354 8304 6 22275 22276 97760 97759 97752 97751
27318 8354 8548 5 22276 22274 98027 98277 98214
27319 8354 8215 7 22274 22275 37534 37533 97829 93412 93414
27320 7644 6420 5 22277 22278 48661 48663 48394
27321 8279 5471 3 22279 22280 151417
27322 8279 6420 6 22280 22277 48395 48423 48422 151206
27323 8279 7644 5 22277 22279 151463 32715 32714
27324 5471 6420 7 22278 22280 151416 77170 77169 77209 48662
27325 9302 9851 5 22281 22282 107946 101896 101803
27326 9492 9851 5 22283 22281 101734 101735 75913
27327 9348 9851 5 22282 22283 75912 101631 101930
27328 8469 8492 6 22285 22284 95512 95432 95210 95211
27329 7900 7842 5 22286 22287 95732 96806 96804
27330 7900 7745 4 22287 22288 90276 95733
27331 7864 7745 4 22288 22289 90330 90278
27332 7864 7842 5 22289 22286 97252 97253 97627
27333 7864 7900 8 22286 22288 90277 97702 97255 97256 46348 46347
27334 7745 7842 10 22287 22289 97640 52272 52271 47808 47807 97198 47650 47649
27335 11644 11435 4 22290 22291 101667 101668
27336 11644 11776 5 22291 22292 108944 108998 109166
27337 11569 11776 5 22292 22293 23228 23226 108945
27338 11569 11435 5 22293 22290 26014 25921 25920
27339 11569 11644 5 22290 22292 108714 108713 109165
27340 11776 11435 6 22291 22293 26013 23092 23094 109167
27341 10091 942 7 22295 22296 151422 151423 151431 151465 151457
27342 10309 10091 4 22294 22296 151432 48289
27343 3567 4257 5 22298 22299 75878 75977 75847
27344 7820 7460 3 22300 22302 92655
27345 3367 3315 5 22303 22304 76003 76004 76350
27346 3736 3315 6 22304 22305 75726 75729 76060 76019
27347 3315 3605 7 22303 22305 76026 80111 80169 76327 76328
27348 2658 2598 7 22306 22307 120138 120139 119631 119629 120147
27349 2658 2601 6 22307 22308 25434 25435 25572 120079
27350 2600 2601 4 22308 22309 28288 28287
27351 2600 2598 5 22309 22306 120148 78731 78732
27352 2600 2658 6 22306 22308 120491 79365 76792 76791
27353 2601 2598 3 22307 22309 120130
27354 3547 3377 5 22310 22311 76640 76642 78789
27355 3547 3942 8 22311 22312 75086 25466 25467 79006 65413 65414
27356 384 16 5 22313 22314 124005 149719 27278
27357 31 360 5 22315 22316 124058 31657 28317
27358 31 16 5 22316 22313 27280 28382 124004
27359 31 384 3 22313 22315 27279
27360 360 16 5 22314 22316 128974 120976 120978
27361 2346 2034 6 22317 22318 63971 79060 79061 120072
27362 2346 1891 3 22318 22319 63970
27363 1869 1891 9 22319 22320 25596 25599 25811 78870 121757 120811 120275
27364 1869 2034 4 22320 22317 119427 119426
27365 1891 2034 7 22318 22320 120294 25253 25250 120766 63972
27366 10929 10660 7 22321 22322 110954 110802 110803 110933 110859
27367 10929 10768 9 22322 22323 110931 110912 110808 30653 30656 111804 110955
27368 10614 10768 4 22323 22324 31313 31312
27369 10614 10660 9 22324 22321 110405 110407 104193 104192 110435 23261 23260
27370 10614 10929 4 22321 22323 110929 110860
27371 10768 10660 3 22322 22324 103702
27372 11293 11494 7 22325 22326 107533 107534 108776 108418 108419
27373 11293 11520 5 22326 22327 23011 23009 107950
27374 11297 11494 4 22328 22325 24437 24434
27375 11297 11293 4 22325 22327 107286 107285
27376 11520 11494 5 22326 22328 108893 25421 25423
27377 1005 1278 7 22329 22330 117677 124905 123030 112829 112830
27378 1005 993 10 22330 22331 123069 111314 111312 112817 112862 112863 123071 117678
27379 1403 993 5 22331 22332 124994 114367 114365
27380 1403 1278 8 22332 22329 124912 23477 23476 24938 29204 29203
27381 1403 1005 4 22329 22331 123070 124911
27382 993 1278 6 22330 22332 117014 117013 124885 117679
27383 2343 2487 7 22333 22334 114508 116324 115870 115417 115420
27384 2343 2321 5 22334 22335 116313 116199 114509
27385 2580 2321 5 22335 22336 116078 115275 115272
27386 2580 2487 6 22336 22333 114212 114214 115121 115120
27387 2580 2343 7 22333 22335 116312 116526 113885 113887 116122
27388 2533 2814 5 22337 22338 122477 122462 122314
27389 2533 3135 7 22338 22339 79136 79134 118824 122300 122475
27390 2646 3135 3 22339 22340 118637
27391 2646 2814 9 22340 22337 76333 76334 113409 72796 72795 118718 118695
27392 2646 2533 7 22337 22339 112856 81615 80239 80238 122315
27393 3135 2814 7 22338 22340 118687 75450 75449 118575 118573
27394 2640 3547 4 22341 22342 122338 122339
27395 2640 3613 4 22342 22343 122272 122273
27396 3034 3613 8 22343 22344 25704 25705 76537 76538 120386 121100
27397 3034 3547 3 22344 22341 78994
27398 3034 2640 7 22341 22343 76064 76063 122199 122363 122340
27399 3613 3547 8 22342 22344 76746 76748 78581 79007 79016 79017
27400 2227 2191 3 22346 22347 119805
27401 2067 2191 8 22347 22348 78645 78646 119102 117969 117968 119754
27402 2067 2243 4 22348 22345 119700 119511
27403 2067 2227 6 22345 22347 119778 119776 119795 119699
27404 2191 2243 5 22346 22348 119510 119165 119164
27405 2456 2898 5 22349 22350 79912 23730 23729
27406 3047 2888 6 22351 22352 119758 78934 78936 120242
27407 3047 2898 6 22352 22349 23953 120314 120313 120324
27408 3047 2456 4 22349 22351 120290 23952
27409 2888 2898 5 22350 22352 120323 120201 120200
27410 8525 8467 3 22355 22353 22636
27411 10944 10838 5 22356 22357 149631 148797 23287
27412 10944 10876 6 22357 22358 149282 110612 110613 148345
27413 10766 10876 5 22358 22359 108667 108668 149290
27414 10766 10838 8 22359 22356 22420 22422 23308 23305 109701 109700
27415 10766 10944 4 22356 22358 149289 23288
27416 10876 10838 6 22357 22359 110187 110192 110116 110117
27417 2750 2859 7 22360 22361 25573 25574 95559 121798 121866
27418 2750 2370 5 22361 22362 106006 77050 77051
27419 2411 2370 7 22362 22363 48084 48086 121739 32622 32620
27420 2411 2859 4 22363 22360 121956 122061
27421 2411 2750 7 22360 22362 121711 78205 78207 120211 120213
27422 2370 2859 4 22361 22363 119760 119759
27423 10306 10558 3 22365 22366 96108
27424 10441 10551 3 22367 22364 25696
27425 10558 10551 4 22365 22367 22462 22464
27426 11078 10679 6 22368 22369 107347 107469 107514 104770
27427 11078 10748 4 22369 22370 101938 101941
27428 10379 11078 4 22368 22370 25348 25350
27429 10456 10618 8 22371 22372 102788 102787 108804 104769 104768 106993
27430 10456 10431 4 22372 22373 102234 108280
27431 10468 10618 6 22374 22371 106995 110532 105581 105582
27432 10468 10456 4 22371 22373 102233 106994
27433 10431 10618 4 22372 22374 108635 108281
27434 10780 11412 5 22375 22376 101690 101691 101688
27435 10780 11355 6 22376 22377 101532 99437 24874 24872
27436 11004 10780 5 22375 22377 101492 101491 101513
27437 11597 11626 5 22378 22379 109592 109593 109686
27438 11597 11538 6 22379 22380 109888 109485 109486 109688
27439 11667 11538 4 22380 22381 109581 109890
27440 11667 11626 7 22381 22378 109687 123943 28373 28374 109580
27441 11667 11597 6 22378 22380 109821 109728 109440 109441
27442 11538 11626 7 22379 22381 109579 109918 109659 109234 109236
27443 9599 9700 3 22382 22383 47099
27444 9700 9657 5 22382 22384 103901 22686 22685
27445 11062 11091 6 22385 22386 103521 103522 110766 103517
27446 11062 11184 4 22386 22387 110900 110839
27447 11040 11184 6 22387 22388 110339 110340 112354 110990
27448 11040 11091 5 22388 22385 103519 109230 110756
27449 11184 11091 5 22386 22388 110171 110169 110840
27450 9997 10305 4 22389 22390 102347 22853
27451 9988 9603 5 22391 22392 101336 101298 101297
27452 9988 10305 5 22392 22389 22854 101639 101335
27453 9988 9997 6 22389 22391 99884 99417 99419 22852
27454 9603 10305 4 22390 22392 22984 22986
27455 9105 9197 6 22393 22394 149955 151697 151907 149929
27456 10301 10484 5 22395 22396 94192 94194 106927
27457 10051 10484 5 22397 22395 106973 107024 107003
27458 10482 10484 4 22396 22397 104871 94821
27459 10400 10202 7 22398 22399 102406 102404 110705 110706 110707
27460 10400 10168 3 22399 22400 104338
27461 10164 10168 6 22400 22401 107222 98169 98167 102894
27462 10164 10202 3 22401 22398 108361
27463 10164 10400 8 22398 22400 107407 109968 110546 110653 110716 110709
27464 10168 10202 8 22399 22401 104320 104321 108375 104302 22870 22872
27465 9719 9626 7 22402 22403 95240 95241 25317 25318 107036
27466 9719 9494 4 22403 22404 32287 32285
27467 9754 9494 5 22404 22405 104690 95418 95419
27468 9754 9626 5 22405 22402 107048 107077 107001
27469 9754 9719 4 22402 22404 104449 104854
27470 9494 9626 7 22403 22405 107002 107121 106701 106703 96170
27471 10065 9626 4 22406 22407 25317 107074
27472 10101 9626 5 22407 22408 107084 107037 25318
27473 10031 9725 5 22409 22410 47956 23252 22590
27474 10031 9936 6 22410 22411 97940 102340 108204 106627
27475 10049 9936 4 22411 22412 103849 97942
27476 10049 9725 6 22412 22409 22591 22568 22567 22571
27477 10049 10031 5 22409 22411 97941 107416 22589
27478 9936 9725 5 22410 22412 104266 94155 94154
27479 10440 10684 4 22413 22414 154801 150552
27480 10178 10684 6 22415 22413 150553 150596 146917 31707
27481 10436 10684 5 22414 22415 31706 154789 154788
27482 10711 10562 5 22416 22417 105632 107046 25808
27483 10954 10143 6 22418 22419 106461 24839 24838 106506
27484 10954 10562 5 22419 22416 25809 106438 106439
27485 10143 10562 4 22417 22419 104603 104602
27486 10838 10911 5 22420 22421 23480 23481 23287
27487 10838 10782 6 22421 22422 105645 110147 28359 28360
27488 10766 10782 3 22422 22423 105646
27489 10766 10911 5 22423 22420 23288 148708 110091
27490 10782 10911 7 22421 22423 110088 110072 110069 109892 105674
27491 8986 8919 9 22426 22424 100764 100761 101301 74298 74297 84835 101056
27492 11201 11183 8 22427 22428 145714 144917 31683 31686 144193 144194
27493 11201 11193 4 22428 22429 144146 144551
27494 10985 11193 7 22429 22430 143886 143885 143870 143872 144136
27495 10985 11183 5 22430 22427 143889 143890 143932
27496 10985 11201 5 22427 22429 144147 145783 145782
27497 11193 11183 5 22428 22430 143972 145632 145912
27498 7231 7625 7 22431 22432 94752 92892 92893 94756 94757
27499 7231 7478 4 22432 22433 92348 94754
27500 7245 7478 7 22433 22434 95295 94662 91975 91976 92350
27501 7245 7625 4 22434 22431 95048 95298
27502 7245 7231 4 22431 22433 92349 95037
27503 7478 7625 8 22432 22434 95254 95253 95261 94558 94557 95047
27504 11285 11147 7 22435 22436 102938 102939 102952 109209 105055
27505 11285 11102 5 22436 22437 31880 111494 108947
27506 11139 11102 6 22437 22438 108474 108473 108485 31881
27507 11139 11147 5 22438 22435 105057 109076 108934
27508 11139 11285 8 22435 22437 31879 23256 23255 106780 105424 105056
27509 11102 11147 4 22436 22438 108807 108809
27510 10779 10421 7 22439 22440 104884 104883 104733 102353 102351
27511 10779 9921 3 22440 22441 107260
27512 10368 9921 7 22441 22442 106276 106275 107226 105033 105034
27513 10368 10421 4 22442 22439 107422 107353
27514 10368 10779 6 22439 22441 107081 94651 94652 107423
27515 9921 10421 6 22440 22442 107351 107326 107301 107300
27516 9849 10089 4 22443 22444 151962 151821
27517 9849 10162 5 22444 22445 151781 151779 151961
27518 10067 10162 5 22445 22446 151776 151777 151802
27519 10067 10089 11 22446 22443 151823 151911 110008 110007 152403 110150 110149 151792 151862
27520 10067 9849 7 22443 22445 151653 151652 151901 151902 151822
27521 10162 10089 6 22444 22446 151788 144665 144662 151819
27522 10301 10554 5 22447 22448 23120 23123 104470
27523 10301 10325 9 22448 22449 104886 104888 96133 96134 104718 107387 107388
27524 10424 10325 5 22449 22450 104774 106751 106750
27525 10424 10554 6 22450 22447 104533 104732 104731 104772
27526 10424 10301 5 22447 22449 94193 94194 104532
27527 10325 10554 4 22448 22450 104773 108643
27528 10637 10512 4 22452 22453 102336 102339
27529 10512 10212 5 22451 22453 107075 108274 100032
27530 9600 9913 6 22455 22456 104119 96478 95774 95775
27531 9913 9796 4 22454 22456 105296 105401
27532 10143 9915 8 22457 22458 106468 106525 107090 107044 106923 106569
27533 10143 9820 6 22458 22459 106177 106467 106523 106469
27534 10100 9820 8 22459 22460 96233 96217 96216 106489 96219 96221
27535 10100 9915 4 22460 22457 106551 106185
27536 10100 10143 5 22457 22459 24840 24839 106460
27537 9820 9915 5 22458 22460 106184 96204 96203
27538 10845 10551 6 22461 22462 25696 25695 106774 25615
27539 10845 10558 6 22462 22463 96112 47477 47478 105382
27540 10300 10558 8 22463 22464 96108 105501 105794 105793 104972 104973
27541 10300 10551 6 22464 22461 25617 105486 96240 96107
27542 10300 10845 4 22461 22463 106533 25616
27543 3526 3185 5 22465 22466 75039 80181 84390
27544 3178 3315 4 22467 22468 76309 76087
27545 3178 3185 5 22468 22465 84391 76091 76090
27546 3178 3526 5 22465 22467 75734 75736 76137
27547 3315 3185 5 22466 22468 76308 80068 75040
27548 1339 860 6 22469 22470 23016 23014 101147 118658
27549 1339 370 5 22470 22471 113278 113083 102220
27550 778 370 4 22471 22472 112669 112670
27551 778 860 6 22472 22469 122187 113198 113200 113250
27552 778 1339 7 22469 22471 113279 113276 113230 113231 122471
27553 370 860 6 22470 22472 113249 113134 113135 102221
27554 4937 5332 4 22473 22474 85141 74248
27555 4937 4785 7 22474 22475 74468 85047 85046 85055 85054
27556 5018 5332 9 22476 22473 74249 84927 100798 83947 83948 73730 73732
27557 4785 5332 4 22474 22476 80249 85142
27558 7171 7042 6 22477 22478 90534 94957 94956 95021
27559 6932 7042 6 22479 22477 91688 91687 94935 94932
27560 7251 7042 4 22478 22479 95138 90536
27561 9224 8653 4 22480 22481 84977 100034
27562 9224 8852 6 22481 22482 102519 102681 102682 84978
27563 8742 8852 4 22482 22483 99629 99655
27564 8742 8653 5 22483 22480 100003 99475 99476
27565 10193 10126 5 22487 22488 110449 31868 31869
27566 10193 9777 3 22488 22489 103524
27567 9884 9777 5 22489 22490 32652 104539 103526
27568 9884 10193 8 22487 22489 103525 109058 144981 110452 110451 110651
27569 9777 10126 6 22488 22490 23263 23262 104709 104717
27570 331 743 6 22491 22492 113397 113469 84640 84641
27571 331 10218 4 22492 22493 23039 23037
27572 11518 743 5 22494 22491 102219 113482 113139
27573 11518 331 5 22491 22493 83689 83690 102218
27574 10218 743 5 22492 22494 101709 101708 113398
27575 10978 10272 6 22496 22497 95898 107939 107828 107815
27576 10762 10272 5 22497 22498 106397 106577 95899
27577 10762 10131 4 22498 22495 95369 95370
27578 9660 9861 7 22499 22500 103964 103965 108252 108248 108249
27579 9660 9843 5 22500 22501 22708 22709 108101
27580 9736 9493 5 22503 22504 108285 108282 98515
27581 9251 9493 5 22504 22505 22891 102671 102672
27582 9251 9481 6 22505 22502 22691 102779 107860 22890
27583 9251 9736 4 22502 22504 108286 22689
27584 9493 9481 4 22503 22505 22889 83979
27585 9421 9607 5 22506 22507 157524 34965 34963
27586 9454 9607 4 22508 22506 157526 158576
27587 9515 9607 7 22507 22508 158575 158718 158418 158417 157525
27588 9647 9887 5 22510 22511 95313 95314 102500
27589 9749 9502 5 22512 22509 94027 104308 104310
27590 9749 9647 6 22509 22511 102322 99796 99798 94026
27591 10230 10491 3 22513 22514 104349
27592 10450 10230 8 22513 22515 108533 108522 108338 103082 103084 108279
27593 10044 10084 4 22516 22517 106314 95368
27594 10044 9394 6 22517 22518 95373 95374 107458 106315
27595 10131 9394 4 22518 22519 107674 107154
27596 9394 10084 5 22517 22519 107183 107182 106316
27597 10189 10557 3 22521 22522 107025
27598 10557 10051 4 22520 22522 107003 106906
27599 11735 11651 6 22523 22524 30741 123649 110972 110973
27600 11735 11540 5 22524 22525 148571 124105 30742
27601 11490 11540 6 22525 22526 110858 111175 148892 149021
27602 11490 11735 5 22523 22525 149019 145144 124553
27603 11540 11651 4 22524 22526 110857 30743
27604 7495 7686 5 22527 22528 93823 94281 101076
27605 7794 7686 3 22530 22527 101090
27606 7794 7495 4 22527 22529 94176 101091
27607 8331 8004 6 22532 22533 95171 95286 95192 94582
27608 8451 8200 6 22534 22535 92297 92295 95071 95070
27609 7809 8200 5 22537 22534 95198 94615 94614
27610 9275 6598 5 22538 22539 107755 107757 107763
27611 9275 5039 5 22539 22540 25456 113329 107756
27612 7630 6598 9 22541 22538 93955 75855 75857 75074 75073 76454 76455
27613 7630 9275 5 22538 22540 25455 75753 75755
27614 5039 6598 4 22539 22541 74863 74864
27615 9221 10044 5 22542 22543 107668 107856 107769
27616 9221 9005 6 22543 22544 73782 101807 76367 76366
27617 9333 9005 4 22544 22545 95375 73783
27618 9333 10044 4 22545 22542 107153 95373
27619 9333 9221 8 22542 22544 73781 107679 101891 101892 107847 107770
27620 9005 10044 6 22543 22545 95374 106481 106479 107669
27621 8154 7433 3 22546 22547 95317
27622 8154 7478 7 22547 22548 93723 95197 95261 94734 94735
27623 8246 7478 3 22548 22549 93725
27624 8246 7433 9 22549 22546 92056 77824 77823 94732 94818 84436 84437
27625 8246 8154 6 22546 22548 93724 95145 94697 94699
27626 11274 11362 9 22550 22551 111490 111488 26366 26367 111610 111645 111512
27627 11274 11399 5 22551 22552 102006 110459 110462
27628 11596 11399 6 22552 22553 111447 111540 101956 101957
27629 11596 11362 4 22553 22550 111483 111446
27630 11596 11274 4 22550 22552 102005 111513
27631 11399 11362 3 22551 22553 111445
27632 793 2363 6 22554 22555 121996 122079 106617 106616
27633 793 1360 6 22555 22556 104876 122227 122172 121997
27634 986 2363 5 22557 22554 102117 102116 76703
27635 986 793 4 22554 22556 104877 122056
27636 1360 2363 5 22555 22557 76702 122135 121998
27637 1041 1340 6 22558 22559 122877 122904 122906 122875
27638 1352 1357 6 22560 22561 107481 122574 121230 118273
27639 1352 1340 4 22561 22558 108838 107480
27640 1352 1041 8 22558 22560 109347 109349 122917 122685 118296 118295
27641 1357 1340 6 22559 22561 107479 122608 113269 113268
27642 357 320 5 22562 22563 123542 124304 26032
27643 357 321 8 22563 22564 112167 26827 26828 124557 111346 111345
27644 246 321 5 22564 22565 123008 123007 123140
27645 246 320 6 22565 22562 26034 26211 26372 26370
27646 246 357 4 22562 22564 111194 26033
27647 321 320 5 22563 22565 124268 124399 123543
27648 9725 9825 4 22566 22567 22570 97168
27649 9872 10049 6 22568 22569 35343 104386 104535 103948
27650 9872 9725 4 22566 22568 97448 97169
27651 10049 9825 5 22567 22569 35341 104257 22572
27652 10049 9843 6 22571 22572 104255 103298 103300 103849
27653 9135 8469 8 22574 22575 106556 107173 106965 106743 105244 104558
27654 8811 8469 6 22575 22576 95636 93855 93853 94588
27655 8811 9135 3 22573 22575 106555
27656 8469 8934 6 22574 22576 95605 95219 95218 95414
27657 9374 9638 9 22577 22578 96207 106482 106557 106872 106221 106222 106153
27658 9374 8012 6 22578 22579 32746 32747 105287 96208
27659 8174 9638 3 22580 22577 95445
27660 8174 9374 4 22577 22579 106109 106108
27661 9996 9548 6 22581 22582 107831 102425 102426 107985
27662 9996 9465 4 22582 22583 107171 107169
27663 10061 9465 4 22583 22584 102475 107840
27664 10061 9996 6 22581 22583 101480 101482 107676 107741
27665 9465 9548 5 22582 22584 93351 93350 107980
27666 1453 1610 6 22586 22587 120181 120180 122281 121973
27667 1932 1181 3 22588 22585 120908
27668 1610 1181 7 22586 22588 120907 106428 106427 122034 121974
27669 10049 10033 7 22591 22589 108199 104377 104243 104242 103948
27670 9725 10033 6 22590 22591 97448 97447 97452 23253
27671 9384 9563 4 22593 22594 103338 103935
27672 9384 9599 5 22592 22593 103985 103509 103508
27673 10310 10531 5 22595 22596 106903 106904 106942
27674 10310 10489 5 22596 22597 107368 106939 106940
27675 10407 10489 5 22597 22598 107205 107262 107369
27676 10407 10531 6 22598 22595 106943 106997 106998 107204
27677 10407 10310 4 22595 22597 107354 106941
27678 10489 10531 6 22596 22598 107203 104801 104802 105502
27679 11761 11738 5 22600 22601 125652 30602 30603
27680 11761 11889 4 22601 22599 125592 125591
27681 11761 11701 6 22599 22600 144785 26707 26706 144814
27682 6928 6377 6 22602 22603 88120 74982 74983 92564
27683 6928 6323 6 22603 22604 95035 92091 92090 88121
27684 6317 6323 4 22604 22605 75779 75780
27685 6317 6928 4 22602 22604 93583 92565
27686 6323 6377 3 22603 22605 88122
27687 9015 8875 5 22606 22607 22702 22701 93846
27688 8949 8875 6 22607 22608 93789 93707 93708 93341
27689 8875 8961 3 22606 22608 94015
27690 9302 9022 5 22609 22610 25857 25855 101594
27691 8417 9302 6 22609 22611 101791 101836 101487 101486
27692 6133 5480 4 22612 22613 74726 74724
27693 6133 4599 7 22613 22614 93278 93279 84744 84747 94459
27694 4257 6133 4 22612 22614 75881 75880
27695 7843 8171 4 22617 22618 92132 92131
27696 8089 8171 8 22618 22619 93065 93304 22662 22661 92302 92303
27697 8089 7984 4 22619 22616 93336 93064
27698 8089 7843 8 22616 22618 93436 95346 76376 76377 93460 93335
27699 8171 7984 7 22617 22619 93063 93656 93386 93346 93345
27700 8268 8561 6 22621 22622 94206 99951 93384 93385
27701 8268 8947 5 22622 22620 84270 84268 94205
27702 8268 8906 4 22620 22621 22641 22640
27703 8329 8053 8 22623 22624 94730 95312 95029 95027 94681 87637
27704 6304 7519 4 22625 22626 94839 94843
27705 6304 7222 5 22626 22627 94837 77798 77800
27706 5851 7519 4 22628 22625 94857 94538
27707 5851 6304 9 22625 22627 84974 84971 94383 94866 94878 94599 94598
27708 8635 8685 3 22629 22630 22703
27709 8875 8685 6 22630 22631 94003 96819 93734 22704
27710 8685 8486 7 22629 22631 93877 93400 92958 92957 93691
27711 8714 8796 7 22632 22633 93838 22692 22693 93924 93977
27712 8525 8796 3 22633 22634 93839
27713 9391 8934 3 22637 22638 104813
27714 8818 8934 8 22638 22639 95414 95412 95529 107160 104743 104742
27715 7364 6675 5 22644 22642 94405 74391 74393
27716 7364 6827 3 22642 22643 100931
27717 8260 8137 7 22647 22648 95275 76895 76599 32659 32658
27718 8260 7046 5 22648 22645 76876 76877 95569
27719 8260 7463 5 22645 22647 95865 95884 95540
27720 8137 7046 3 22646 22648 95570
27721 7413 7495 5 22652 22649 91622 95175 94279
27722 7413 7167 4 22649 22651 93398 91621
27723 7564 7495 6 22650 22652 94280 94271 93824 93823
27724 30 47 3 22653 22654 112916
27725 30 111 5 22654 22655 26249 111650 112921
27726 11751 111 4 22655 22656 111371 26250
27727 11751 30 9 22653 22655 26248 108681 112048 112047 111340 111339 112917
27728 111 47 6 22654 22656 112525 101467 101464 112923
27729 7061 6482 5 22659 22657 74870 74872 94442
27730 6499 5175 8 22663 22664 122046 94772 94483 77801 77804 94827
27731 6499 3690 6 22664 22665 94612 104723 107432 122045
27732 4351 3690 5 22665 22666 75777 75077 75078
27733 4351 6499 4 22663 22665 94611 94825
27734 3690 5175 5 22664 22666 76172 76509 122047
27735 10165 10141 3 22668 22669 22767
27736 9944 10141 6 22669 22670 86418 86419 108232 108300
27737 9944 10165 7 22667 22669 108299 97992 97993 102133 22688
27738 10141 10145 6 22668 22670 23419 23418 103602 22769
27739 3489 3805 6 22672 22673 75701 83811 84136 84376
27740 4085 4564 5 22674 22675 75782 75806 75699
27741 4655 4085 5 22674 22676 75377 75379 75698
27742 8685 8395 3 22678 22679 92958
27743 8685 8576 5 22679 22677 99153 94038 92957
27744 8685 8339 6 22677 22678 93400 93878 97879 99152
27745 8281 8304 4 22681 22682 97042 93735
27746 8088 8281 5 22680 22682 90176 90177 97830
27747 8304 7997 5 22681 22683 93194 96479 93736
27748 9694 9588 3 22687 22684 103297
27749 9700 9588 8 22685 22687 99317 99319 103830 108261 47101 47099
27750 9736 9503 6 22689 22690 102549 99082 22712 22710
27751 9251 9503 5 22691 22689 108152 108151 102778
27752 9481 9503 7 22690 22691 102777 107456 107455 108066 102551
27753 8714 8949 6 22693 22694 93618 93619 93914 93920
27754 8961 8796 5 22695 22692 93917 94118 93888
27755 8961 8714 3 22692 22694 93916
27756 10048 10164 9 22696 22697 102993 109495 110709 108361 107222 107223 23390
27757 9946 10164 9 22697 22698 102929 23248 23249 110297 110415 104325 102994
27758 10164 9865 3 22696 22698 23391
27759 9032 9063 4 22699 22700 97996 99343
27760 9032 9015 7 22700 22701 93669 93668 93926 94024 97995
27761 8875 9063 7 22702 22699 108149 97892 97362 93747 93341
27762 8875 9032 7 22699 22701 93845 94059 108142 108143 108148
27763 9015 9063 5 22700 22702 93340 108079 97997
27764 8816 8685 7 22703 22704 93733 97980 98927 94038 93691
27765 8698 8534 6 22706 22707 93965 92288 92287 94784
27766 8698 8840 4 22707 22705 95431 95430
27767 9736 9422 6 22710 22711 108287 108290 108285 108286
27768 9736 9759 5 22711 22712 99083 108070 108268
27769 9503 9422 4 22713 22710 108152 108137
27770 9759 9422 4 22711 22713 104309 104311
27771 10022 9700 3 22715 22716 102861
27772 10022 9865 7 22716 22714 108345 107214 102851 102791 102793
27773 9965 9774 5 22717 22718 110550 103684 103478
27774 9965 9884 6 22718 22719 109058 28370 28369 104074
27775 9963 9884 4 22719 22720 103526 103525
27776 9963 9774 5 22720 22717 47244 47243 104512
27777 9963 9965 4 22717 22719 104370 103479
27778 9884 9774 4 22718 22720 104539 104540
27779 11192 11051 7 22721 22723 107904 101981 101982 102110 22857
27780 10002 10253 7 22724 22725 102558 102561 102424 102371 102356
27781 10002 9492 5 22725 22726 101920 102442 102556
27782 10246 10253 5 22727 22724 102357 101163 23724
27783 10246 10002 4 22724 22726 101266 101267
27784 9492 10253 6 22725 22727 23725 101968 102018 102557
27785 11022 11219 5 22728 22729 110922 144671 31969
27786 11022 11175 4 22729 22730 144622 110921
27787 11163 11175 6 22730 22731 144997 144974 144975 144623
27788 11163 11219 3 22731 22728 31971
27789 11163 11022 5 22728 22730 144621 144352 31970
27790 11175 11219 7 22729 22731 145009 144839 103665 103663 110923
27791 11263 11340 7 22732 22733 104755 106603 26010 26011 108967
27792 11263 11008 5 22733 22734 108423 108422 104756
27793 11002 11008 8 22734 22735 108653 22933 22932 108515 108789 108790
27794 11002 11340 5 22735 22732 108970 102655 102654
27795 11002 11263 3 22732 22734 108929
27796 11008 11340 5 22733 22735 108652 102126 102125
27797 10765 10367 5 22736 22737 31844 106163 106165
27798 10377 10470 8 22738 22739 149913 151093 105369 105370 148676 148677
27799 10377 10765 3 22736 22738 148882
27800 10470 10367 3 22737 22739 31845
27801 10544 10340 9 22740 22741 99567 99568 108227 103971 103972 95031 95032
27802 10442 10340 3 22742 22740 101795
27803 10379 10340 7 22741 22742 94373 94372 107331 107330 108606
27804 8561 8957 6 22743 22744 94116 94120 94113 94115
27805 1923 2033 6 22745 22746 25338 119547 120737 120731
27806 1923 1949 3 22746 22747 25337
27807 2021 1923 6 22745 22747 72563 119727 119728 120732
27808 8733 8152 3 22749 22750 93887
27809 8733 8467 6 22750 22748 93201 93203 93882 93885
27810 8830 8735 5 22751 22752 93670 97950 97977
27811 8830 8516 7 22752 22753 94096 93744 93742 97328 93671
27812 8685 8516 6 22753 22754 90550 93878 93877 94003
27813 8685 8830 4 22751 22753 96819 96817
27814 8516 8735 5 22752 22754 90549 97908 93672
27815 8709 8858 7 22755 22756 98219 98255 98062 97898 97897
27816 8709 9007 4 22756 22757 94052 98218
27817 8962 8858 4 22758 22755 99312 98177
27818 8962 8709 7 22755 22757 94053 99268 99269 99327 99311
27819 9007 8858 6 22756 22758 97665 97663 93685 93682
27820 10572 11027 4 22759 22760 107778 107824
27821 10748 11311 4 22761 22762 107911 107909
27822 10748 11027 6 22762 22759 107683 107682 101938 101940
27823 10748 10572 9 22759 22761 23080 22774 22776 107983 107978 107975 107825
27824 11311 11027 6 22760 22762 107910 107914 107305 107306
27825 991 1453 6 22763 22764 120929 120928 121273 118704
27826 991 1181 5 22764 22765 122531 122679 122193
27827 1097 1181 7 22765 22766 120516 122034 75934 75933 120425
27828 1097 1453 3 22766 22763 118705
27829 1097 991 5 22763 22765 25136 25133 107794
27830 10456 10145 4 22768 22769 107401 108452
27831 10141 10456 8 22767 22769 107004 102233 102234 108317 108319 108300
27832 9678 9921 7 22770 22771 22841 22842 107339 107358 107335
27833 9678 9910 5 22771 22772 107362 107341 107187
27834 9391 9910 5 22772 22773 22784 106132 107245
27835 9391 9921 6 22773 22770 104655 95359 95358 22783
27836 9391 9678 6 22770 22772 107363 106907 106909 107065
27837 10572 10363 8 22774 22775 108004 107971 107490 107491 84950 23081
27838 10572 10272 6 22775 22776 107982 107967 107865 107863
27839 10748 10272 4 22776 22777 107440 107441
27840 10748 10363 4 22777 22774 23082 107718
27841 10272 10363 9 22775 22777 107719 107938 107828 107826 75905 75907 107930
27842 10880 10905 5 22779 22780 107952 23315 23313
27843 11051 11002 4 22781 22778 108551 23072
27844 11051 10880 3 22778 22780 107953
27845 10905 11002 5 22779 22781 23071 22933 22935
27846 9378 9910 5 22784 22782 95353 106476 106131
27847 9378 9921 3 22782 22783 95352
27848 9227 9297 7 22785 22786 104059 103293 103291 103721 103722
27849 9227 9114 6 22786 22787 98108 98106 104019 104060
27850 9274 9114 6 22787 22788 35572 35571 103466 103489
27851 9274 9297 9 22788 22785 98210 97033 97030 104150 104155 103801 103328
27852 9274 9227 3 22785 22787 103488
27853 9114 9297 3 22786 22788 103327
27854 9157 9083 4 22790 22791 99493 102765
27855 8786 9099 3 22792 22789 104943
27856 9083 9099 6 22790 22792 93447 93446 107685 103831
27857 9732 10027 5 22793 22794 99803 99801 102395
27858 9732 10103 4 22794 22795 102288 102287
27859 10397 9732 5 22793 22795 26513 26511 102396
27860 10478 10587 4 22796 22797 157133 157134
27861 10478 10485 7 22797 22798 145344 147934 158614 31571 31572
27862 10671 10485 4 22798 22799 143862 143859
27863 10671 10587 5 22799 22796 145570 145569 147801
27864 10485 10587 8 22797 22799 147802 147730 31767 31768 158538 158539
27865 9687 9563 6 22800 22801 103336 97869 97870 102812
27866 11547 11333 7 22803 22804 154756 155018 155017 34105 34106
27867 11547 11854 3 22804 22805 132509
27868 11788 11547 7 22803 22805 132510 132522 31197 31199 32194
27869 9309 9550 5 22806 22807 75638 75636 107266
27870 9309 8947 6 22807 22808 108014 107947 107234 102496
27871 9401 8947 6 22808 22809 102505 101523 101522 101770
27872 9401 9550 6 22809 22806 108018 107923 102507 102504
27873 8947 9550 3 22807 22809 102497
27874 4887 4670 8 22810 22811 72789 77648 76818 74375 74374 75100
27875 11747 10805 4 22812 22813 23780 102213
27876 11747 11149 5 22813 22814 25845 25843 23781
27877 11616 11149 5 22814 22815 101674 101675 102054
27878 11616 10805 6 22815 22812 111391 23363 23365 112302
27879 11149 10805 6 22813 22815 112417 112416 112488 23782
27880 472 476 4 22817 22818 126680 127103
27881 349 542 6 22819 22816 124766 124765 127724 127723
27882 349 472 5 22816 22818 126679 126798 125817
27883 476 542 5 22817 22819 117023 26080 26079
27884 8905 9000 4 22822 22820 37240 37239
27885 8516 8183 6 22824 22825 95526 94013 94014 89839
27886 8050 8183 6 22825 22826 93186 93624 93625 95527
27887 8050 8103 5 22826 22823 97468 97469 93185
27888 8050 8516 4 22823 22825 95525 97490
27889 8183 8103 4 22824 22826 93184 89840
27890 9413 9157 5 22830 22831 102759 94067 94068
27891 9413 9251 4 22831 22832 108088 106207
27892 9422 9251 7 22832 22833 102669 102672 108286 108152 108089
27893 9422 9157 5 22833 22830 101732 100041 100039
27894 9422 9413 4 22830 22832 104208 104210
27895 9251 9157 6 22831 22833 102764 102765 99473 99471
27896 9413 9502 9 22834 22835 23107 108088 104208 104209 108241 108184 108172
27897 9413 9503 3 22835 22836 23108
27898 9177 9503 7 22836 22837 108178 108028 102487 102486 108109
27899 9177 9502 3 22837 22834 108173
27900 9177 9413 6 22834 22836 102761 102763 104951 108166
27901 8744 8473 5 22839 22840 86351 86352 99612
27902 8473 8748 6 22838 22840 86357 86359 93097 93095
27903 9678 10029 6 22842 22843 107337 108075 106740 106742
27904 9989 10029 5 22843 22844 106277 107246 107248
27905 9989 9921 4 22844 22841 107188 106275
27906 9989 9678 4 22841 22843 107336 107187
27907 10029 9921 5 22842 22844 106276 107351 107340
27908 912 1016 6 22845 22846 123348 123468 123655 22917
27909 1088 1016 4 22847 22845 22919 26402
27910 1267 1016 6 22846 22847 26403 117132 117519 123349
27911 6976 7105 6 22848 22849 83361 83359 94275 94276
27912 6976 7154 5 22849 22850 100629 100803 100804
27913 6836 7154 6 22850 22851 85613 100213 100319 100318
27914 6836 6976 8 22848 22850 71106 71105 93332 84716 84718 99838
27915 7154 7105 4 22849 22851 85612 99889
27916 10305 10362 4 22853 22854 101637 101641
27917 10789 10905 4 22855 22856 23032 22879
27918 11192 10905 4 22856 22857 102137 101479
27919 9468 9553 8 102392 102394 102547 102583 99810 22858 22859 -1
27920 9468 9030 8 22859 22860 102383 99349 99350 102598 102606 -1
27921 8398 9030 6 99576 99447 99445 22860 22861 -1
27922 8398 9553 5 22861 22858 99812 102317 -1
27923 8398 9468 4 22858 22860 102382 99811
27924 9030 9553 3 22859 22861 -1
27925 10715 10714 6 22862 22863 108444 109413 109411 109878
27926 10715 10403 6 22863 22864 104422 110046 104693 104694
27927 10690 10403 4 22864 22865 110186 104423
27928 10690 10714 5 22865 22862 109643 109642 110119
27929 10690 10715 7 22862 22864 104421 105110 105111 110188 110181
27930 10403 10714 6 22863 22865 110185 110403 104799 104798
27931 10631 10512 3 22868 22869 108427
27932 10631 10563 6 22869 22866 102033 103012 110348 108426
27933 10631 10294 5 22866 22868 108530 103081 102032
27934 10202 10149 5 22870 22871 104327 31796 31797
27935 10202 10274 5 22871 22872 102406 99367 99368
27936 10168 10274 6 22872 22873 102707 102895 102894 104338
27937 10168 10149 5 22873 22870 104303 108371 102705
27938 9190 8852 7 22877 22878 102436 102434 102566 102584 102437
27939 8468 9190 3 22876 22878 102017
27940 9220 9229 8 22880 22881 102586 102587 102588 102604 102731 102515
27941 8653 9229 5 22883 22880 102516 102574 102567
27942 8653 9220 4 22880 22882 84977 100035
27943 8852 9229 5 22881 22883 102564 102563 102566
27944 10152 10057 6 22884 22885 102373 102448 102450 102477
27945 9629 10057 3 22886 22884 102453
27946 9658 10057 6 22885 22886 101602 101601 99179 99181
27947 11365 10789 4 22887 22888 101576 101993
27948 9083 9251 5 22890 22891 102686 102765 103831
27949 9083 9493 6 22891 22889 83981 102546 93558 93555
27950 9083 9481 6 22889 22890 107685 102385 99564 83980
27951 10471 10789 3 22893 22894 101747
27952 11101 11695 4 22896 22897 107191 105760
27953 11473 11101 5 22895 22897 25884 25886 102112
27954 11631 11733 6 22898 22899 30806 31003 27138 27136
27955 11631 39 5 22899 22900 31508 31511 30807
27956 11712 39 7 22900 22901 126766 145943 126689 126690 128553
27957 11712 11733 3 22901 22898 126765
27958 11712 11631 5 22898 22900 26712 26711 144787
27959 39 11733 7 22899 22901 126764 145955 125774 125734 30808
27960 10931 11173 4 22902 22903 109470 109472
27961 11093 11173 8 22903 22904 112304 112490 112493 112492 111885 111883
27962 9427 9268 8 22905 22906 93790 102689 102661 102417 102418 102802
27963 9427 9432 4 22906 22907 102713 93791
27964 9194 9432 6 22907 22908 102711 99273 99272 102688
27965 9194 9268 5 22908 22905 37381 23881 23880
27966 9194 9427 4 22905 22907 102712 102803
27967 9432 9268 5 22906 22908 99813 99814 93792
27968 10610 9732 4 22909 22910 102666 31395
27969 10409 10057 5 22911 22912 99545 102391 102390
27970 10409 9732 6 22912 22909 26512 26513 102288 99544
27971 10409 10610 5 22909 22911 111947 112223 31394
27972 10057 9732 7 22910 22912 99543 102283 102641 102915 102668
27973 4289 4158 8 22913 22914 80715 80466 80464 80836 80862 83611
27974 4289 4093 6 22914 22915 80864 84842 84801 80797
27975 3908 4093 5 22915 22916 74195 74194 80387
27976 3908 4158 9 22916 22913 83609 80780 80777 71127 71129 80686 80672
27977 3908 4289 4 22913 22915 80865 83539
27978 992 1088 7 22918 22919 28697 138643 27105 27104 128941
27979 992 1016 6 22919 22917 117456 117159 117150 28696
27980 992 912 6 22917 22918 129470 124349 124342 123702
27981 387 271 7 22921 22922 125206 125148 112706 24611 24613
27982 11789 271 9 22922 22923 112526 26091 26092 26452 26451 112819 125202
27983 11789 73 6 22923 22920 109113 112533 111370 111369
27984 11789 387 4 22920 22922 125205 109112
27985 271 73 3 22921 22923 112636
27986 10452 10456 6 22924 22925 108317 108280 102788 102786
27987 10452 9938 5 22925 22926 102950 108298 108318
27988 10150 9938 7 22926 22927 104760 104761 98750 98748 102951
27989 10150 10456 5 22927 22924 108320 108321 108412
27990 9938 10456 4 22925 22927 108413 108319
27991 116 42 6 22928 22929 148949 124134 124078 124079
27992 116 305 6 22929 22930 123877 123971 123973 148948
27993 450 305 5 22930 22931 110877 121390 123697
27994 450 42 5 22931 22928 123639 123638 110876
27995 450 116 4 22928 22930 123878 124096
27996 305 42 7 22929 22931 110875 124076 124075 105509 105510
27997 11008 10905 4 22933 22934 107372 108558
27998 10604 10905 7 22934 22935 23313 23316 23383 108309 107374
27999 10604 11002 4 22935 22932 108517 108547
28000 10604 11008 6 22932 22934 107373 108542 108640 108516
28001 607 566 8 22936 22937 129089 129090 27261 27262 124158 129157
28002 607 282 3 22937 22938 129110
28003 274 282 5 22938 22939 128793 128794 129125
28004 274 566 4 22939 22936 128811 128810
28005 282 566 4 22937 22939 128950 129111
28006 10967 10651 4 22940 22941 110794 110793
28007 10860 10768 3 22942 22943 23347
28008 10860 10651 7 22943 22940 144518 111793 111794 110774 26973
28009 11356 11165 6 22944 22945 109027 108267 108266 108985
28010 11356 11082 6 22945 22946 111499 111497 111528 109119
28011 11220 11082 4 22946 22947 108329 108924
28012 11220 11356 4 22944 22946 111529 108986
28013 11082 11165 5 22945 22947 108328 109126 109120
28014 10685 10879 4 22948 22949 104437 104435
28015 10685 10787 7 22949 22950 108392 108647 104744 104745 109140
28016 10750 10787 4 22950 22951 109008 108393
28017 10750 10879 6 22951 22948 110499 110516 110115 109992
28018 10750 10685 6 22948 22950 106967 106966 109105 109106
28019 10787 10879 7 22949 22951 109929 109135 109137 109157 109156
28020 11677 11530 7 22952 22953 32731 150166 31930 31931 32473
28021 11677 11368 6 22953 22954 32280 28197 28198 32730
28022 11423 11530 5 22955 22952 23115 23112 31945
28023 11423 11677 5 22952 22954 105725 123145 32474
28024 11368 11530 5 22953 22955 31944 109841 32732
28025 257 276 5 22956 22957 123305 122578 26127
28026 257 179 8 22957 22958 121386 23900 23901 121988 122740 123354
28027 18 179 4 22958 22959 107551 107550
28028 18 276 7 22959 22956 26129 102123 102122 123331 111496
28029 18 257 7 22956 22958 121387 121405 121404 122662 26128
28030 179 276 6 22957 22959 111495 111334 111333 119405
28031 10557 10650 6 22961 22962 105589 104509 104510 104707
28032 10557 10484 8 22962 22960 104871 107003 107025 107019 105633 105588
28033 10557 10310 3 22960 22961 104870
28034 10957 10908 4 22963 22964 154943 131439
28035 10957 11090 8 22964 22965 154925 150488 131884 131885 146299 146297
28036 10732 11090 5 22965 22966 154478 154313 154314
28037 10732 10908 7 22966 22963 131441 147001 147000 154496 154477
28038 10732 10957 4 22963 22965 154950 131440
28039 11090 10908 6 22964 22966 57843 57842 146343 146340
28040 10946 11345 7 22967 22968 111306 110336 110249 110155 110156
28041 11296 11298 5 22969 22970 109462 109461 109094
28042 11296 10946 4 22967 22969 106946 106945
28043 11298 11345 4 22968 22970 109607 111409
28044 887 580 5 22971 22972 122424 122422 122852
28045 887 1190 9 22972 22973 122896 108545 108543 121092 108939 108937 122521
28046 961 1190 7 22973 22974 118531 118533 25326 25328 109271
28047 961 580 6 22974 22971 122653 122654 122727 122550
28048 961 887 6 22971 22973 122889 118310 102161 102158
28049 1190 580 4 22972 22974 82609 82608
28050 10661 11225 4 22975 22976 106406 96269
28051 10661 11415 4 22976 22977 121986 106405
28052 11256 11415 4 22977 22978 121203 121204
28053 11256 11225 7 22978 22975 25757 25756 25760 121365 121364
28054 11256 10661 7 22975 22977 121985 105257 105256 106465 96270
28055 11415 11225 6 22976 22978 121331 106585 106424 106407
28056 3008 3119 7 22979 22980 136829 135986 135548 79386 79310
28057 3008 3049 6 22980 22981 78532 79477 135950 135951
28058 3200 3049 8 22981 22982 136785 119196 29822 29823 28668 28671
28059 3200 3008 3 22979 22981 78531
28060 3049 3119 3 22980 22982 136784
28061 10423 10305 4 22983 22984 101335 101680
28062 10349 9603 4 22985 22986 102324 101288
28063 10349 10305 5 22986 22983 101640 101641 102347
28064 10349 10423 5 22983 22985 101287 102286 101681
28065 3118 3129 5 22987 22988 83749 24029 24031
28066 3316 3129 7 22989 22987 82719 79653 79652 84249 83736
28067 2886 3129 4 22988 22989 83735 83750
28068 11640 11757 6 22990 22991 109355 117697 109249 109250
28069 11640 11498 7 22991 22992 109139 109569 124074 109357 109354
28070 11524 11498 7 22992 22993 26020 26019 102327 106249 106369
28071 11524 11757 7 22993 22990 107271 107270 107366 107891 107892
28072 11524 11640 5 22990 22992 108715 25800 25802
28073 11498 11757 3 22991 22993 108964
28074 441 80 4 22994 22995 124355 124354
28075 80 375 4 22994 22996 125120 125129
28076 10881 11008 10 22997 22998 108862 108865 108422 108421 108789 108805 108640 108415
28077 10881 10776 5 22998 22999 108946 107397 107395
28078 10844 10776 4 22999 23000 108550 108549
28079 10844 11008 6 23000 22997 108417 108552 108632 108642
28080 10844 10881 3 22997 22999 108416
28081 10776 11008 4 22998 23000 105921 105918
28082 407 521 6 23001 23002 118329 106671 106672 121087
28083 407 11857 5 23002 23003 108873 108872 122675
28084 11398 11857 6 23003 23004 107935 24566 24567 25480
28085 11398 521 4 23004 23001 76634 76633
28086 11398 407 4 23001 23003 122453 122257
28087 11857 521 5 23002 23004 122743 122604 122603
28088 10014 10065 6 23005 23006 106566 106741 107410 107376
28089 10014 9719 6 23006 23007 102081 107225 106896 106567
28090 10101 9719 4 23007 23008 25318 102082
28091 9719 10065 5 23006 23008 25317 107073 106568
28092 11293 11398 4 23009 23010 102947 107951
28093 11293 11078 7 23010 23011 107286 107287 107997 104264 102948
28094 11520 11078 3 23011 23012 105500
28095 11520 11398 5 23012 23009 107582 107581 105499
28096 11078 11398 5 23010 23012 25901 25903 102949
28097 1562 1339 5 23013 23014 101146 113400 113413
28098 1562 860 5 23014 23015 101771 106422 101145
28099 935 860 5 23015 23016 102221 113251 101772
28100 935 1339 8 23016 23013 99863 82519 82521 83849 113082 102220
28101 935 1562 5 23013 23015 84454 84452 113414
28102 10767 10858 4 23017 23018 108475 108548
28103 10767 10832 6 23018 23019 102186 104930 108546 108476
28104 10844 10832 4 23019 23020 101972 102187
28105 10844 10858 5 23020 23017 108550 108642 101971
28106 10844 10767 6 23017 23019 102185 108417 108416 108549
28107 331 454 6 23021 23022 101405 84428 84429 101986
28108 11503 454 4 23023 23021 101988 112652
28109 11703 454 4 23022 23023 112926 102063
28110 11076 11101 4 23024 23025 107299 105613
28111 11076 10887 6 23025 23026 102199 104226 104227 107309
28112 11162 11076 4 23024 23026 102200 104579
28113 8 11365 5 23028 23029 102633 112789 26455
28114 11683 11365 7 23029 23030 101823 102072 102179 102177 102634
28115 11683 11616 4 23030 23027 23763 101822
28116 11365 11616 5 23028 23030 101821 102274 26456
28117 10905 10974 7 23032 23033 108309 23670 23672 102138 101479
28118 10974 10637 5 23031 23033 102337 102339 102074
28119 3003 3066 5 23036 23034 113390 113781 84350
28120 10218 11503 5 23039 23040 99955 99957 102284
28121 10218 1487 6 23040 23037 113398 113495 113496 113499
28122 11503 1487 3 23038 23040 113475
28123 1241 1407 7 23041 23042 122499 122500 101858 101860 118666
28124 1241 2743 4 23042 23043 118725 118726
28125 3218 2743 9 23043 23044 79923 101227 101755 101754 113367 102205 102204
28126 3218 1407 6 23044 23041 118668 122506 118659 79922
28127 3218 1241 6 23041 23043 122190 113237 113236 118667
28128 2743 1407 4 23042 23044 79921 122282
28129 3416 4086 4 23046 23047 84433 84375
28130 3353 4086 4 23047 23048 75866 75920
28131 3353 3489 5 23048 23045 75575 75515 75517
28132 3353 3416 7 23045 23047 84434 84504 84423 84281 83858
28133 4086 3489 5 23046 23048 25712 25711 84376
28134 11050 10527 7 23049 23050 28254 28252 105790 149436 105621
28135 11050 10601 5 23050 23051 104289 104290 105519
28136 11070 10601 7 23051 23052 105788 109777 23138 23139 105740
28137 11070 10527 4 23052 23049 105622 105787
28138 3419 11486 5 23053 23054 122078 113273 101870
28139 11107 10929 6 23055 23056 108931 108932 108529 108527
28140 11107 11082 7 23056 23057 111849 109127 109120 109119 109025
28141 10896 11082 6 23057 23058 110410 109835 109837 111850
28142 10896 10929 4 23058 23055 110899 110939
28143 10896 11107 3 23055 23057 110898
28144 11082 10929 5 23056 23058 110834 110836 109026
28145 10482 10846 8 23059 23060 105654 105653 106917 23275 23276 106787
28146 10482 10711 5 23060 23061 104674 106990 106183
28147 10306 10846 4 23062 23059 106789 106722
28148 10306 10482 5 23059 23061 104673 106924 106788
28149 350 798 5 23063 23064 122745 122746 121427
28150 350 856 3 23064 23065 123344
28151 733 798 4 23066 23063 121408 121270
28152 733 350 10 23063 23065 123357 123406 121459 121461 123205 123201 123200 121426
28153 856 798 6 23064 23066 121269 121226 121194 121192
28154 11010 11180 7 23067 23068 149852 149853 123642 110083 110084
28155 11010 11086 5 23068 23069 149277 149275 149851
28156 11170 11086 10 23069 23070 27630 109596 109599 149548 148894 147012 23358 23357
28157 11170 11180 5 23070 23067 149274 148746 27628
28158 11170 11010 6 23067 23069 149574 148831 128936 128935
28159 11086 11180 5 23068 23070 27629 149812 149811
28160 11381 11002 6 23071 23072 107768 102653 102654 108653
28161 9960 10415 5 23073 23074 108336 23386 23387
28162 9960 9961 5 23074 23075 23160 23161 108278
28163 9895 9961 5 23075 23076 108229 102321 102320
28164 9895 10415 5 23076 23073 102912 102503 102502
28165 9961 10415 5 23074 23076 102134 102135 108337
28166 10917 10552 5 23078 23079 101550 101165 101164
28167 10572 11281 5 23080 23081 84949 96266 101949
28168 10748 11281 4 23082 23080 107909 107932
28169 10363 11281 6 23081 23082 107933 107938 107895 84951
28170 10385 10051 4 23083 23084 106972 106973
28171 10385 10166 4 23084 23085 104726 105412
28172 10189 10385 5 23083 23085 104727 106963 107023
28173 10606 10710 6 23087 23088 109031 104559 104561 108445
28174 10606 10879 3 23088 23089 107006
28175 10961 10879 4 23089 23090 109177 107007
28176 10961 10710 4 23090 23087 109179 109176
28177 10961 10606 5 23087 23089 103603 103605 110444
28178 10879 10710 9 23088 23090 109016 109015 108899 108898 109071 109182 110436
28179 11437 11435 7 23091 23092 108613 108614 108399 108400 23596
28180 11437 11776 3 23092 23093 104851
28181 11755 11776 8 23093 23094 109369 109300 24205 24203 108699 104852
28182 11755 11435 5 23094 23091 23598 109170 109345
28183 11755 11437 8 23091 23093 104850 108638 108593 108592 26048 23597
28184 3560 4417 7 23095 23096 84059 100830 75864 75865 83155
28185 3560 3201 5 23096 23097 113661 113584 84058
28186 4725 3560 7 84956 83156 23095 23097 113642 113643 -1
28187 3201 4417 4 23096 23098 83245 83922
28188 1884 1738 6 23099 23100 64630 64631 135007 121572
28189 1884 2205 6 23100 23101 121375 121373 121706 121707
28190 1949 2205 7 23101 23102 121430 121431 106239 106242 120708
28191 1949 1738 3 23102 23099 121574
28192 1949 1884 6 23099 23101 135412 135411 135410 121573
28193 2205 1738 6 23100 23102 135267 120006 78770 78772
28194 10832 10735 6 23103 23104 111647 110952 110951 108424
28195 10450 10855 4 23105 23106 111786 23408
28196 10450 10832 5 23103 23105 23407 108533 108425
28197 10855 10735 5 23104 23106 111784 111789 111648
28198 9413 9115 7 23107 23108 102761 102762 102758 102759 106207
28199 9503 9115 7 23108 23109 102778 102777 108114 108112 108109
28200 9115 9502 3 23107 23109 108107
28201 11676 11802 7 23111 23110 124312 111324 109261 109263 109423
28202 11366 11530 4 23112 23113 109190 109191
28203 11366 11758 6 23113 23114 108739 109726 109727 109202
28204 11423 11758 6 23114 23115 32474 121113 109313 108741
28205 11423 11366 4 23112 23114 108740 109207
28206 11758 11530 7 23113 23115 32473 149697 109217 109007 109004
28207 910 1115 8 23116 23117 129468 123745 123746 135161 28213 28211
28208 910 1317 3 23117 23118 129465
28209 1096 1317 8 23118 23119 123884 123881 117496 117497 117910 129466
28210 1096 1115 7 23119 23116 129116 129260 129271 129175 128945
28211 1096 910 5 23116 23118 129463 129262 129115
28212 1317 1115 7 23117 23119 120970 120967 128961 129337 129469
28213 10480 10301 5 23120 23121 108432 107386 107388
28214 10480 10479 6 23121 23122 104299 105643 108216 108433
28215 10554 10479 6 23122 23123 104472 106643 107000 104301
28216 10554 10480 8 23120 23122 104300 110026 107393 107392 108219 108643
28217 10479 10301 4 23121 23123 104471 105413
28218 524 361 6 23124 23125 23167 23170 123131 123132
28219 524 526 4 23125 23126 123448 123182
28220 229 526 6 23126 23127 123207 123135 123137 123449
28221 229 524 4 23124 23126 123447 123191
28222 526 361 6 23125 23127 122760 122759 123181 123180
28223 840 841 4 23129 23130 33950 132277
28224 1109 841 5 23130 23131 126589 134848 33951
28225 1109 840 4 23128 23130 33949 129977
28226 841 757 8 23129 23131 126588 129968 129967 131093 134878 132278
28227 9431 9303 10 23132 23133 96891 96892 105133 151767 151643 26217 26220 151702
28228 9431 9093 5 23133 23134 32123 32124 104108
28229 9324 9303 4 23135 23132 151704 104952
28230 9324 9431 5 23132 23134 104975 104976 151703
28231 11253 10601 3 23137 23138 109900
28232 11070 10973 3 23139 23136 106715
28233 11070 11253 5 23136 23138 109794 105892 105894
28234 10601 10973 9 23137 23139 106716 106836 106760 106759 106815 106937 109903
28235 10596 10549 5 23140 23141 149175 148691 148654
28236 10596 10577 4 23141 23142 148257 148808
28237 10339 10577 6 23142 23143 110599 110600 148512 148258
28238 10339 10549 3 23143 23140 148217
28239 10577 10549 7 23141 23143 148218 148458 148456 148185 148184
28240 10471 10442 8 23146 23147 108025 105284 105285 107597 102009 102008
28241 10471 10544 3 23144 23146 104721
28242 10442 10021 3 23145 23147 108012
28243 10887 10092 5 23148 23149 107233 107258 104688
28244 10887 10711 4 23149 23150 106353 106352
28245 11145 10092 3 23151 23148 104689
28246 10711 10092 7 23149 23151 107046 107052 107051 106990 106992
28247 1092 978 10 23152 23153 123495 123487 122922 122923 111682 111683 117883 117884
28248 1092 1446 3 23153 23154 123503
28249 1399 1446 6 23154 23155 122328 122329 122595 123506
28250 1399 978 3 23155 23152 123234
28251 1399 1092 7 23152 23154 123507 121030 121029 122535 123355
28252 1446 978 7 23153 23155 123235 123380 117915 117914 123502
28253 11057 10921 4 23156 23157 31581 31582
28254 11057 11026 11 23157 23158 148850 109978 109979 110176 110175 148758 148864 148884 148828
28255 11007 11026 3 23158 23159 104448
28256 11007 10921 5 23159 23156 109820 148774 104447
28257 11007 11057 10 23156 23158 148851 148700 147177 109975 109974 147946 148753 109819
28258 11026 10921 9 23157 23159 104339 104341 110230 110232 110786 110788 148714
28259 9960 9831 6 23161 23162 23321 23384 108315 108277
28260 9647 9961 5 23163 23160 102320 99796 99795
28261 9944 9739 4 23165 23166 93800 108364
28262 9944 9647 5 23166 23164 95314 104345 93798
28263 9944 9895 7 23164 23165 108379 108259 97993 23284 23286
28264 551 524 6 23167 23168 107470 123459 123570 123182
28265 551 496 5 23168 23169 123074 23640 23643
28266 361 496 6 23169 23170 123171 123528 123397 123124
28267 361 551 6 23167 23169 122722 122719 122871 123180
28268 496 524 6 23168 23170 123170 123695 123175 107471
28269 11867 11805 6 23171 23172 148979 128821 109943 109944
28270 11867 167 5 23172 23173 109960 109961 128923
28271 274 167 5 23173 23174 124122 123894 123895
28272 274 11805 5 23174 23171 148912 145112 145113
28273 274 11867 6 23171 23173 148855 32078 32077 148921
28274 167 11805 4 23172 23174 124199 124197
28275 11580 11855 6 23175 23176 109954 126699 126700 128658
28276 20 11571 5 23177 23178 31960 27440 27443
28277 20 11855 7 23178 23175 128659 112208 112210 128807 31958
28278 20 11580 3 23175 23177 111145
28279 11571 11855 4 23176 23178 31959 108599
28280 2346 2572 7 23179 23180 25432 25433 25781 25779 78733
28281 2346 2477 5 23180 23181 78508 78499 78497
28282 2115 2477 9 23181 23182 25648 120444 120326 120327 121361 120183 120184
28283 2115 2572 3 23182 23179 25646
28284 2477 2572 5 23180 23182 25647 120525 119431
28285 11416 11356 5 23183 23184 108266 111525 111475
28286 11149 11164 4 23185 23186 101675 101922
28287 11149 10613 5 23186 23187 102096 112417 101674
28288 10965 10613 6 23187 23188 101375 102120 102119 102097
28289 10965 11164 7 23188 23185 101923 102037 23951 23949 101374
28290 1298 1092 7 23189 23190 123507 123503 123495 123368 123369
28291 1298 1501 9 23190 23191 123443 123444 123353 120192 117870 117869 123505
28292 1240 1501 5 23191 23192 113155 113154 122605
28293 1240 1092 7 23192 23189 120938 120937 123265 122534 121029
28294 1240 1298 5 23189 23191 123500 123501 123504
28295 1501 1092 3 23190 23192 121030
28296 2634 2694 4 23193 23194 135480 135458
28297 2634 2635 5 23194 23195 64075 64073 135216
28298 2551 2635 4 23195 23196 64001 64361
28299 2551 2634 8 23193 23195 63936 63933 135221 135530 120753 120754
28300 2635 2694 10 23194 23196 63999 64011 64010 119711 135477 135880 136140 135490
28301 925 797 9 23197 23198 109716 109714 26878 26881 124627 116987 116990
28302 925 1099 4 23198 23199 123534 123188
28303 1203 1099 6 23199 23200 117925 123464 117588 117586
28304 1203 797 4 23200 23197 111576 111575
28305 1203 925 5 23197 23199 120989 120990 123549
28306 1099 797 4 23198 23200 117924 123168
28307 35 133 6 23201 23202 130237 150377 130233 129236
28308 35 203 5 23202 23203 130245 149155 130238
28309 242 203 6 23203 23204 129703 129080 129078 130246
28310 242 133 4 23204 23201 28149 28151
28311 242 35 3 23201 23203 129237
28312 203 133 4 23202 23204 130208 130214
28313 11069 11142 3 23205 23206 145134
28314 11069 11113 7 23206 23207 31846 31847 110234 109986 109987
28315 11212 11113 4 23207 23208 148715 128636
28316 11212 11142 7 23208 23205 145135 148792 143622 143621 148739
28317 11212 11069 5 23205 23207 110241 109063 109065
28318 11113 11142 9 23206 23208 130585 130582 144832 144831 149205 27647 27646
28319 9640 9314 6 23209 23210 147975 150711 152162 147771
28320 9640 9738 9 23210 23211 35252 35250 49163 49162 148537 147973 147971
28321 9441 9738 6 23211 23212 151868 151952 151951 103748
28322 9441 9640 3 23209 23211 103747
28323 9738 9314 3 23210 23212 147976
28324 10731 10714 7 23213 23214 108444 104798 104796 110513 110517
28325 10731 10919 9 23214 23215 110536 109676 109677 110243 110244 110434 110178
28326 10879 10919 5 23215 23216 109647 109993 109996
28327 10879 10714 4 23216 23213 110115 109646
28328 10879 10731 9 23213 23215 110534 107007 107006 110436 110487 110489 110516
28329 10919 10714 6 23214 23216 108778 108780 109412 109413
28330 11403 11550 5 23217 23218 108678 24641 24642
28331 11403 11051 7 23218 23219 101980 101981 24404 24402 107945
28332 11174 11051 7 23219 23220 103662 102140 102139 102110 102109
28333 11174 11550 5 23220 23217 107744 108590 108575
28334 11174 11403 3 23217 23219 107743
28335 11051 11550 4 23218 23220 108574 108572
28336 189 11779 4 23221 23222 112775 125332
28337 189 11816 8 23222 23223 111732 111730 125330 114493 26515 26516
28338 11699 11816 6 23223 23224 111994 111860 111859 112055
28339 11699 11779 7 23224 23221 112152 112104 112029 112031 112097
28340 11699 189 4 23221 23223 118151 125333
28341 11816 11779 6 23222 23224 112140 111935 111932 112776
28342 11856 11569 8 23225 23226 111201 111589 111347 111350 111675 111659
28343 11856 11776 5 23226 23227 111522 111622 111202
28344 11594 11776 7 23227 23228 26013 104851 104852 108784 111523
28345 11594 11569 5 23228 23225 111511 25922 25920
28346 11594 11856 6 23225 23227 111521 116497 125173 111658
28347 11206 11416 3 23229 23230 102749
28348 11206 11400 5 23230 23231 110910 110694 108735
28349 11266 11400 4 23231 23232 111999 110911
28350 11536 11498 7 23233 23234 109172 109430 102325 26019 26017
28351 11536 11870 7 23234 23235 31669 105815 105813 109398 109171
28352 11872 11498 6 23236 23233 105779 109357 124000 109568
28353 11872 11536 4 23233 23235 31670 105778
28354 11870 11498 4 23234 23236 109546 109173
28355 10136 10182 6 23238 23239 110456 110455 110652 150014
28356 10136 10344 4 23239 23237 109999 147837
28357 10136 10352 6 23237 23238 151850 148530 106736 106737
28358 11701 11733 6 23240 23241 126304 31003 31005 109497
28359 11701 11508 6 23241 23242 125767 125768 111501 111504
28360 11736 11508 5 23242 23243 144810 26945 26947
28361 11736 11733 5 23243 23240 109498 125660 141627
28362 11508 11733 4 23241 23243 128534 126305
28363 9908 10096 8 23244 23245 102905 99338 99339 103021 102830 31027
28364 9908 10149 5 23245 23246 99361 108330 104935
28365 10005 10096 3 23247 23244 31028
28366 10005 9908 4 23244 23246 99362 31026
28367 10149 10096 7 23245 23247 103064 102954 102955 102971 104936
28368 9946 9957 5 23249 23250 98690 103379 106976
28369 9873 9957 6 23250 23251 103442 103441 103103 98691
28370 9873 10164 4 23251 23248 102931 103656
28371 9873 9946 6 23248 23250 98689 103924 103913 102930
28372 9957 10164 5 23249 23251 103657 103658 110298
28373 11285 11296 6 23254 23255 108984 108983 109052 108927
28374 11238 11139 6 23256 23257 108818 108484 108485 102866
28375 11238 11296 9 23257 23254 108928 109431 109474 109094 106946 106947 108905
28376 11238 11285 3 23254 23256 102865
28377 11139 11296 3 23255 23257 108942
28378 10550 10614 4 23259 23260 31313 31311
28379 10660 10283 3 23261 23258 110630
28380 10660 10550 8 23258 23260 103702 110954 110567 110019 103696 103695
28381 10614 10283 5 23259 23261 104400 104399 110325
28382 10126 9824 3 23263 23264 32462
28383 10480 10714 6 23265 23266 110513 110500 110403 110299
28384 10480 10750 6 23266 23267 110026 109105 109104 110531
28385 10591 10750 6 23267 23268 109989 110135 110136 110138
28386 10591 10714 5 23268 23265 110120 109642 109644
28387 10591 10480 6 23265 23267 104300 104299 105642 109817
28388 10750 10714 6 23266 23268 109083 109082 110115 110517
28389 9938 9502 5 23269 23270 93615 93613 104844
28390 9753 10086 6 23271 23272 30924 30926 47918 32811
28391 9753 10127 3 23272 23273 28202
28392 9898 10127 7 23273 23274 32807 104457 151855 151893 28203
28393 9898 10086 4 23274 23271 32813 32806
28394 9898 9753 8 23271 23273 28201 151742 151801 151729 104526 32812
28395 10127 10086 6 23272 23274 32805 104458 151812 104505
28396 10482 10601 4 23276 23277 106905 106916
28397 10557 10846 3 23278 23275 106814
28398 10557 10482 7 23275 23277 106906 104871 104870 104707 104708
28399 10601 10846 5 23276 23278 106759 106434 106436
28400 9628 9894 6 23282 23279 23329 103388 103469 103145
28401 9628 9945 7 23279 23281 158406 98735 98734 103304 23327
28402 9815 9894 6 23280 23282 103146 103215 103313 36909
28403 10150 9895 6 23283 23284 97991 102502 108229 102882
28404 10150 9944 5 23284 23285 104760 108412 97992
28405 9887 9944 7 23285 23286 95314 104293 94855 94856 104762
28406 9887 9895 4 23286 23283 102883 95313
28407 10911 10944 7 23287 23288 149847 149635 31833 31835 148798
28408 10379 10061 3 23289 23290 94605
28409 10442 10291 4 23291 23292 94164 107528
28410 10291 10061 5 23290 23292 94163 101259 94606
28411 10527 10441 5 23293 23294 105752 28254 28253
28412 10527 10223 4 23294 23295 105751 105791
28413 10304 10223 5 23295 23296 31425 105594 105593
28414 10304 10441 4 23296 23293 32283 31424
28415 440 311 7 23297 23298 117572 110398 110399 125291 125149
28416 440 556 4 23298 23299 125429 125310
28417 437 556 5 23299 23300 26620 26619 125230
28418 437 311 8 23300 23297 124617 112093 112092 125596 125489 125491
28419 437 440 6 23297 23299 125347 125346 125264 125150
28420 556 311 6 23298 23300 125507 114690 114689 114814
28421 10337 10264 5 23303 23304 46444 46446 105315
28422 10337 10225 9 23304 23301 32562 32561 151500 150067 150021 150018 48833
28423 10337 10470 4 23301 23303 151452 150052
28424 10264 10225 3 23302 23304 48832
28425 10690 10838 6 23305 23306 110106 110126 110188 110204
28426 10690 10598 5 23306 23307 108682 109585 109588
28427 10766 10598 6 23307 23308 105646 110091 148709 108684
28428 10766 10690 6 23305 23307 108683 104478 104479 109899
28429 10598 10838 4 23306 23308 105645 110107
28430 10307 10048 5 23309 23310 109494 109495 110723
28431 10307 10001 7 23310 23311 110221 110222 108411 102106 102107
28432 10145 10001 3 23311 23312 106571
28433 10145 10307 6 23309 23311 23416 23418 103601 110724
28434 10001 10048 5 23310 23312 102884 102886 108342
28435 10880 10604 4 23313 23314 108534 108547
28436 10880 10544 5 23314 23315 108539 98814 98812
28437 10592 10519 6 23317 23318 108264 107010 107008 111829
28438 10450 10592 6 23317 23319 108522 23407 23408 111830
28439 10415 10519 4 23318 23320 108471 108265
28440 174 464 4 23323 23324 23809 109046
28441 469 672 4 23325 23326 122613 113039
28442 469 464 6 23326 23323 118298 118297 122948 122966
28443 469 174 7 23323 23325 111556 108565 108564 108774 108773
28444 672 464 5 23324 23326 122955 106504 23811
28445 9945 9957 3 23327 23328 103303
28446 9628 9957 5 23329 23327 103305 103741 103387
28447 9909 9912 7 23331 23332 103624 103040 103039 110667 104410
28448 9909 9789 6 23332 23330 103686 103685 148474 103724
28449 9909 9829 4 23330 23331 47245 47242
28450 9608 9731 3 23333 23334 32977
28451 9608 9722 7 23334 23335 152212 158042 157523 157522 32978
28452 9568 9722 6 23335 23336 148556 152033 153137 152214
28453 9568 9731 5 23336 23333 103468 152020 148555
28454 9568 9608 5 23333 23335 152213 38486 38485
28455 10950 11132 7 23337 23338 32212 108443 147071 146718 146229
28456 10950 11049 3 23338 23339 32211
28457 10865 11049 7 23339 23340 31215 31217 144710 148312 148735
28458 10865 11132 4 23340 23337 146230 146569
28459 10865 10950 6 23337 23339 148734 144986 103565 103567
28460 11049 11132 9 23338 23340 146568 33616 32083 32081 144847 144849 32213
28461 11892 79 5 23341 23342 125692 125693 125590
28462 11892 11850 6 23342 23343 112151 112149 112060 112061
28463 11761 11850 4 23343 23344 26612 110943
28464 11761 79 7 23344 23341 125592 144814 125575 125546 26610
28465 11761 11892 5 23341 23343 125353 125652 125591
28466 11850 79 4 23342 23344 26611 125477
28467 10967 10886 3 23345 23346 110764
28468 10768 10886 8 23347 23345 104713 104712 110504 110762 110781 26972
28469 10860 10886 6 23346 23347 26973 110351 110350 110765
28470 11809 20 6 23348 23349 128808 31958 31960 144844
28471 11809 113 5 23349 23350 109952 109950 145010
28472 11839 113 6 23350 23351 128675 146173 149014 130508
28473 11839 20 7 23351 23348 144998 26698 26700 128514 128547
28474 11839 11809 5 23348 23350 130507 27705 27707
28475 113 20 5 23349 23351 128674 128721 128722
28476 10376 10383 5 23352 23353 146178 148344 149871
28477 10428 10383 5 23353 23354 149894 148648 146180
28478 10383 10330 7 23352 23354 148684 148685 149857 110104 110102
28479 10907 10901 8 23355 23356 125900 32326 32327 149246 149353 148298
28480 10907 11170 4 23356 23357 149574 125901
28481 11086 10901 4 23358 23355 147148 147010
28482 11086 10907 5 23355 23357 149277 149278 148299
28483 11170 10901 5 23356 23358 147011 149203 125902
28484 11664 11173 7 112553 112551 112540 23359 23360 111615 -1
28485 11664 11752 7 23360 23361 102265 112560 112580 125265 111616
28486 11581 11752 4 23361 23362 99606 102267
28487 11581 11173 6 23362 23359 112495 112496 112491 99604
28488 11581 11664 4 23359 23361 102266 112541
28489 11752 11173 4 23360 23362 99605 111617
28490 10805 11600 4 112407 23363 23364 -1
28491 11616 10397 3 23365 23366 101508
28492 11616 11600 7 23366 23363 112408 112855 101822 101821 101507
28493 9169 9388 4 23367 23368 152096 148418
28494 9169 9250 5 23368 23369 104953 152045 152048
28495 9176 9250 6 23369 23370 47209 93832 93831 104955
28496 9176 9388 6 23370 23367 148420 152072 151991 47208
28497 9176 9169 5 23367 23369 104954 149881 148419
28498 9250 9388 7 23368 23370 47207 152059 148601 148598 152069
28499 10076 10296 7 23371 23372 110594 110597 151717 151685 151686
28500 10076 10525 3 23372 23373 151845
28501 10509 10076 7 23371 23373 151834 151803 151805 151794 151708
28502 863 646 3 23374 23375 128943
28503 863 809 5 23375 23376 134047 134046 128942
28504 828 646 6 23377 23374 129864 129062 129063 27313
28505 809 646 8 23375 23377 27312 129244 129154 129156 129174 128944
28506 9829 9599 5 23379 23380 103634 103635 103502
28507 9564 9861 5 23381 23378 104253 108249 104353
28508 9564 9829 7 23378 23380 97927 97924 104393 104394 104252
28509 9599 9861 5 23379 23381 104352 108252 103503
28510 10637 10604 5 23382 23383 102337 102336 107076
28511 9960 9776 3 23384 23385 108316
28512 10450 9960 5 23386 23388 104326 103085 103082
28513 10048 10090 3 23389 23390 107215
28514 10164 10090 9 23390 23391 102929 102931 103226 102708 102709 98167 98168
28515 10090 9865 5 23389 23391 103912 102852 102851
28516 28 11772 6 23392 23393 112605 124403 102196 102197
28517 28 160 5 23393 23394 103245 125136 112606
28518 65 160 6 23394 23395 111226 125632 123034 103246
28519 65 11772 7 23395 23392 111279 111281 112578 112577 111224
28520 65 28 5 23392 23394 103244 111632 111693
28521 160 11772 3 23393 23395 111225
28522 11132 11140 5 23396 23397 146273 145677 145678
28523 11132 10990 4 23397 23398 33616 33617
28524 10873 10990 10 23398 23399 32913 146965 146776 146777 149375 32253 31218 31216
28525 10873 11140 9 23399 23396 146831 32336 31121 31122 146986 146850 32911
28526 10873 11132 5 23396 23398 146568 146569 146821
28527 10990 11140 3 23397 23399 32912
28528 11081 11217 3 23400 23401 110971
28529 11081 11187 6 23401 23402 109527 30999 30997 110970
28530 10903 11187 5 23402 23403 148779 31850 31851
28531 10903 11217 4 23403 23400 111060 145160
28532 10903 11081 6 23400 23402 110686 31024 31023 32088
28533 11187 11217 7 23401 23403 148777 104164 104163 109515 109513
28534 10635 10728 4 23406 23404 111816 111814
28535 10491 10728 6 23405 23406 111815 111813 111801 109123
28536 9776 9551 6 23409 23410 102917 102664 93829 93827
28537 9776 9675 7 23410 23411 102897 103003 103000 102919 102918
28538 9432 9551 7 23412 23409 102021 93791 93792 102683 102676
28539 9432 9776 5 23409 23411 99809 98808 98810
28540 9675 9551 3 23410 23412 102675
28541 11416 11563 4 23413 23414 23855 108509
28542 11549 11563 5 23414 23415 111253 111595 23857
28543 11563 11454 6 23413 23415 111252 111390 111437 108510
28544 10307 10070 4 23416 23417 104294 110221
28545 10307 10141 5 23417 23418 103600 104382 104295
28546 10145 10070 6 23419 23416 106571 106570 108167 104287
28547 10141 10070 6 23417 23419 86418 86417 103299 104235
28548 202 223 10 23420 23421 27118 128573 124551 26825 26826 124533 124529 124508
28549 202 11848 4 23421 23422 30670 27119
28550 27 11848 6 23422 23423 30721 110867 111217 124341
28551 27 202 5 23420 23422 124525 124530 124509
28552 11848 223 5 23421 23423 30720 111055 27120
28553 11220 11285 4 23424 23425 108440 111494
28554 11275 11285 6 23427 23424 108947 102938 102940 103527
28555 11275 11220 7 23424 23426 25860 26025 111646 109043 109044
28556 1794 2067 5 23429 23430 119449 119444 119445
28557 1837 2208 6 23431 23428 25090 25089 119107 119106
28558 2067 2208 8 23429 23431 119665 119662 119794 119755 117968 117970
28559 7992 7793 5 23432 23433 98399 97081 33100
28560 7992 7704 5 23433 23434 98484 90236 90237
28561 7905 7793 5 23435 23432 33102 50567 90173
28562 7704 7793 7 23433 23435 90293 52520 52519 52526 90308
28563 10958 10873 4 23436 23437 149372 32253
28564 10958 10703 4 23437 23438 148398 148397
28565 10865 10958 5 23436 23438 148310 144710 32254
28566 9941 9866 5 23441 23442 47198 103946 103945
28567 9941 9963 9 23442 23439 102108 102105 110669 104324 104323 103593 47197
28568 9941 9942 3 23439 23441 104391
28569 9866 9963 4 23440 23442 47196 94095
28570 10013 10035 6 23443 23444 103652 103650 151922 152256
28571 10013 10206 4 23444 23445 151828 105079
28572 10122 10206 4 23445 23446 148455 148453
28573 10122 10035 6 23446 23443 152222 152223 158460 151733
28574 10122 10013 8 23443 23445 144690 144689 148071 148072 148581 152257
28575 10206 10035 4 23444 23446 151734 105080
28576 11025 11233 5 23447 23448 111477 110311 110312
28577 10858 11233 7 23449 23447 111410 111715 108973 108641 101971
28578 10832 11233 6 23448 23449 101972 108333 31407 31404
28579 10805 10409 4 23450 23451 112039 112223
28580 10409 10586 4 23450 23452 26512 31394
28581 11383 11560 5 23453 23454 149104 149034 149033
28582 11383 11466 6 23454 23455 144823 147069 147070 149122
28583 11571 11466 8 23455 23456 145108 145165 145146 145147 145183 144825
28584 11571 11560 6 23456 23453 146223 146222 148801 145107
28585 11571 11383 5 23453 23455 144824 149142 149115
28586 550 620 7 23457 23458 125555 125433 118131 118132 124522
28587 550 625 3 23458 23459 125558
28588 586 625 9 23459 23460 124973 112587 112586 114475 111673 111672 125559
28589 586 620 3 23460 23457 125335
28590 586 550 5 23457 23459 125557 125621 125334
28591 625 620 8 23458 23460 125435 125434 125436 125428 125427 125565
28592 11604 11444 5 23461 23462 111970 111422 111044
28593 11604 11606 4 23462 23463 30910 30909
28594 11753 11606 7 23463 23464 111097 144505 112099 112100 112101
28595 11753 11444 4 23464 23461 110870 110871
28596 11753 11604 7 23461 23463 27797 27796 111864 111392 111045
28597 11606 11444 4 23462 23464 111096 111971
28598 11659 11169 5 23465 23466 126743 146594 146602
28599 11659 11443 3 23466 23467 126744
28600 11865 11443 6 23467 23468 142536 143000 146527 146525
28601 11865 11169 6 23468 23465 146603 131241 131240 142534
28602 11865 11659 6 23465 23467 156147 146517 146516 146601
28603 11443 11169 9 23466 23468 142535 146183 142474 142476 156287 156189 126745
28604 11372 10989 8 23470 23471 106549 110036 110039 109898 105706 32834
28605 11372 11120 7 23471 23469 105651 109706 103825 103824 106548
28606 11372 10943 3 23469 23470 32833
28607 11555 11775 3 23472 23473 144091
28608 11555 4 7 23473 23474 26687 26685 123966 123967 144090
28609 11636 4 3 23474 23475 126565
28610 11636 11775 7 23475 23472 144979 144909 144894 144893 144585
28611 11636 11555 7 23472 23474 126564 144948 126447 126446 126848
28612 4 11775 8 23473 23475 144584 145961 128328 128329 126847 126846
28613 1278 1365 7 23477 23478 118006 124930 123031 112829 112832
28614 1265 1365 8 23478 23479 117817 117818 118099 118101 118129 118007
28615 1265 1403 4 23479 23476 24940 123045
28616 1265 1278 5 23476 23478 114261 114263 24939
28617 1365 1403 5 23477 23479 123044 124695 124697
28618 10838 11120 5 23481 23482 105611 105612 148797
28619 10916 11120 5 23482 23483 105657 105615 105617
28620 10916 10911 6 23483 23480 105674 109893 110029 109228
28621 10916 10838 4 23480 23482 28361 28360
28622 11120 10911 4 23481 23483 109227 148798
28623 10296 10059 5 23485 23486 46355 151376 151686
28624 10271 10059 6 23486 23487 97986 97985 104494 46356
28625 10271 10296 5 23484 23486 46354 32843 32844
28626 10059 10509 4 23485 23487 105199 151708
28627 3029 3161 4 23488 23490 28676 28662
28628 11515 11251 3 23492 23493 30508
28629 11400 11251 7 23493 23494 110911 110910 26052 26051 30509
28630 11400 11394 5 23494 23491 111426 112017 111999
28631 11251 11394 7 23492 23494 111998 111983 111897 104360 104359
28632 10739 10526 3 23495 23496 36572
28633 10739 10573 7 23496 23497 148254 148256 110438 104502 104503
28634 10657 10573 5 23497 23498 147083 148432 148503
28635 10657 10526 7 23498 23495 35200 35199 110561 32857 32859
28636 10657 10739 7 23495 23497 148665 148272 148269 148784 36573
28637 10573 10526 7 23496 23498 147082 158160 103768 103770 147455
28638 10405 10507 8 23499 23500 112161 112442 110872 103242 103240 34943
28639 10405 10390 4 23500 23501 30803 30804
28640 10282 10390 6 23501 23502 35352 35355 111888 111886
28641 10282 10507 4 23502 23499 34944 99394
28642 10282 10405 4 23499 23501 103028 34942
28643 10390 10507 6 23500 23502 99393 110430 112420 112162
28644 11019 11040 5 23503 23504 110838 110837 112057
28645 11019 10860 5 23504 23505 110772 110349 110350
28646 10945 10860 7 23505 23506 110810 145296 145316 110745 110744
28647 10945 11040 7 23506 23503 112058 111712 110827 110829 110809
28648 10860 11040 4 23504 23506 110763 110765
28649 1902 1558 7 23507 23508 114121 112768 112770 112904 114114
28650 1902 2147 5 23508 23509 24769 113959 113960
28651 2036 2147 6 23509 23510 114042 114043 114148 24770
28652 2036 1558 9 23510 23507 59718 59720 82974 82976 100895 112737 112735
28653 2036 1902 3 23507 23509 24768
28654 2147 1558 3 23508 23510 114251
28655 1226 1542 4 23511 23512 117392 29354
28656 1400 1542 6 23512 23513 117491 117489 24091 24092
28657 1542 1194 3 23511 23513 29355
28658 435 395 3 23514 23515 123556
28659 435 470 10 23515 23516 124276 124294 123653 123652 124503 124662 121130 121131
28660 328 470 6 23516 23517 29429 29432 124046 124047
28661 328 435 4 23514 23516 124178 123557
28662 470 395 6 23515 23517 124273 124289 111050 111052
28663 11629 16 4 23518 23519 106348 149111
28664 11629 11677 6 23519 23520 109415 134220 31930 31928
28665 11760 11677 5 23520 23521 119350 109791 109417
28666 11760 16 6 23521 23518 149447 134453 121338 121339
28667 11760 11629 5 23518 23520 109416 109822 148914
28668 11677 16 4 23519 23521 128906 106349
28669 11464 11452 6 23523 23524 109780 109781 128650 31973
28670 11464 11352 6 23524 23525 111230 123166 145153 145180
28671 11428 11352 8 23525 23526 145216 110924 110925 111075 110757 110758
28672 11428 11464 4 23523 23525 111203 31972
28673 11352 11452 3 23524 23526 145212
28674 11332 11411 6 23527 23528 31856 31857 117897 117900
28675 11332 11580 4 23528 23529 26224 26222
28676 11464 11580 8 23529 23530 128900 124092 124091 126839 128650 117535
28677 11464 11411 5 23530 23527 123166 30905 30904
28678 11464 11332 5 23527 23529 117534 145150 145153
28679 11580 11411 4 23528 23530 110220 110217
28680 1366 1093 4 23531 23532 30045 138560
28681 1331 1268 7 23533 23534 128841 128840 136680 131474 130358
28682 1331 1093 7 23534 23531 138508 138509 138901 130842 130805
28683 1331 1366 5 23531 23533 130357 138198 138197
28684 11632 11537 5 23535 23536 104167 109633 109631
28685 11632 11505 6 23536 23537 111459 111210 111207 104168
28686 11502 11505 5 23537 23538 30640 111129 111467
28687 11502 11537 5 23538 23535 110906 110905 30638
28688 11502 11632 5 23535 23537 111472 34654 34655
28689 11505 11537 6 23536 23538 30639 30680 30679 104169
28690 11292 11454 5 23539 23540 108728 111389 111254
28691 11292 11380 7 23540 23541 111450 24198 24199 111468 108729
28692 11261 11380 4 23541 23542 26233 26235
28693 11261 11292 6 23539 23541 108709 108708 110882 110883
28694 11380 11454 5 23540 23542 111433 111435 108730
28695 11603 11596 9 23543 23544 26175 111513 111483 111482 116900 116901 108766
28696 11687 11275 6 23545 23546 101910 101908 108617 23595
28697 11687 11596 7 23546 23543 108768 26309 26310 101956 101955
28698 11687 11603 6 23543 23545 23594 108654 111515 108767
28699 11275 11596 3 23544 23546 26177
28700 11550 11620 6 23548 23549 108625 107960 107962 108775
28701 11550 11687 8 23549 23547 108591 108590 108696 101909 101908 108618
28702 11550 174 4 23547 23548 108774 112915
28703 95 147 7 23550 23551 117789 122782 122783 124297 109542
28704 11826 147 6 23553 23550 109544 124367 124366 124369
28705 11826 95 6 23550 23552 111599 26242 26241 109543
28706 173 147 5 23551 23553 124365 124364 117790
28707 11864 215 7 23554 23555 145239 145237 149305 149306 130020
28708 11864 155 5 23555 23556 149475 149476 149390
28709 35 155 4 23556 23557 130157 130290
28710 35 215 3 23557 23554 130022
28711 35 11864 9 23554 23556 149614 149518 146454 146452 149156 149155 130021
28712 155 215 8 23555 23557 130156 130253 121124 121123 130269 130270
28713 1493 1292 5 23558 23559 27012 134210 134919
28714 1493 1282 6 23559 23560 134933 134931 134957 27013
28715 1328 1282 4 23560 23561 29047 29049
28716 1328 1292 7 23561 23558 135006 134618 129225 129227 134520
28717 1328 1493 4 23558 23560 129885 129884
28718 1282 1292 5 23559 23561 24699 24698 27014
28719 11655 11479 6 23562 23563 144853 31695 31698 145900
28720 11655 11278 6 23563 23564 145773 145774 145780 144854
28721 11539 11278 7 23564 23565 144559 144280 144279 144524 144746
28722 11539 11479 5 23565 23562 145895 143335 143336
28723 11539 11655 5 23562 23564 145874 145875 145899
28724 11278 11479 5 23563 23565 143613 143615 144855
28725 11843 11875 6 23566 23567 144182 144180 125746 125704
28726 11843 26 4 23567 23568 24185 125197
28727 81 26 5 23568 23569 125779 125777 24186
28728 81 11875 5 23569 23566 125706 111752 111754
28729 81 11843 6 23566 23568 24184 111579 126359 125705
28730 26 11875 5 23567 23569 144727 23737 23736
28731 1298 1142 4 23571 23572 122805 116297
28732 1052 1142 5 23572 23573 121420 121097 121095
28733 1052 1237 5 23573 23570 119465 25386 25388
28734 1052 1298 8 23570 23572 122806 123368 119482 106658 106655 107539
28735 1142 1237 6 23571 23573 123118 123117 122636 116298
28736 1515 1591 9 23574 23575 117481 123782 138975 123625 123358 29374 26058
28737 1515 1500 5 23575 23576 116998 117252 117480
28738 1727 1591 6 23577 23574 25088 25085 25491 117403
28739 1727 1515 4 23574 23576 116999 26059
28740 1500 1591 5 23575 23577 117018 26122 26121
28741 2652 2739 7 23578 23579 115598 114880 114878 140728 135618
28742 2652 2866 4 23579 23580 137411 116507
28743 2736 2739 5 23581 23578 115593 115492 115459
28744 2736 2652 5 23578 23580 140535 140495 135619
28745 2866 2739 7 23579 23581 115446 115447 58100 58099 60035
28746 1050 928 5 23582 23583 125256 125225 125224
28747 1050 1232 8 23583 23584 112807 116963 124418 124419 125268 125257
28748 940 1232 6 23584 23585 118164 114179 114180 112808
28749 940 928 5 23585 23582 125354 112851 112853
28750 940 1050 4 23582 23584 112806 125378
28751 1232 928 3 23583 23585 125258
28752 257 294 3 23587 23588 122713
28753 325 294 7 23588 23589 31998 123218 123400 123389 123286
28754 325 101 6 23589 23586 122663 122809 121453 31996
28755 325 257 6 23586 23588 123285 109297 109296 122662
28756 294 101 6 23587 23589 31997 122801 122800 122714
28757 935 11624 6 23590 23591 113225 113251 113147 113129
28758 935 11355 7 23591 23592 113165 113436 84442 84440 101806
28759 11513 11355 4 23592 23593 24874 99438
28760 11513 11624 8 23593 23590 101635 101636 102031 102030 101913 24873
28761 11513 935 6 23590 23592 113164 101653 101655 111953
28762 11355 11624 6 23591 23593 24872 101967 101966 113226
28763 11687 11437 4 23594 23595 108594 108593
28764 11754 11437 5 23596 23597 26047 108848 108940
28765 11754 11755 6 23597 23598 109169 109308 122744 26046
28766 11435 11754 4 23596 23598 109168 108941
28767 11119 10883 6 23599 23600 112473 110852 110855 111916
28768 11031 11019 7 23601 23602 111297 30738 30739 111742 111743
28769 11031 10883 6 23602 23599 111907 111906 111912 111903
28770 11019 10883 5 23600 23602 108236 108233 112485
28771 11329 11561 7 23603 23604 143821 144718 124838 124840 30471
28772 11329 11382 5 23604 23605 144732 144454 143822
28773 11419 11382 6 23605 23606 111118 111117 112111 144715
28774 11419 11561 3 23606 23603 30473
28775 11419 11329 6 23603 23605 125898 125897 125899 30472
28776 11382 11561 5 23604 23606 112254 112195 112194
28777 10243 10121 6 23607 23608 34977 110469 110470 97355
28778 10243 10265 4 23608 23609 110545 34978
28779 10426 10265 6 23609 23610 30828 111544 110720 110719
28780 10426 10121 6 23610 23607 97357 112331 103586 30826
28781 10426 10243 5 23607 23609 110721 110697 97356
28782 10319 9951 4 23611 23612 157431 147686
28783 10891 10705 5 23613 23614 143817 34438 34439
28784 10891 10704 3 23614 23615 143816
28785 10720 10705 6 23616 23613 35378 35375 156082 156542
28786 10704 10705 6 23614 23616 156541 156482 143948 143818
28787 292 261 7 23617 23618 126284 143440 125814 30572 30573
28788 112 261 7 23620 23617 126239 144496 144456 35204 35203
28789 112 292 3 23617 23619 26805
28790 145 261 4 23618 23620 143433 126285
28791 11860 11632 5 23621 23622 109394 26097 26100
28792 11860 27 6 23622 23623 124379 26216 26215 111076
28793 11744 11632 8 23624 23621 110257 111206 104168 104167 110920 26226
28794 11744 11860 5 23621 23623 124377 110315 110256
28795 27 11632 4 23622 23624 26225 26232
28796 482 104 6 23625 23626 130389 129739 126923 33858
28797 482 210 5 23626 23627 126882 131076 130505
28798 204 210 7 23627 23628 126890 131210 130635 130634 126883
28799 204 104 7 23628 23625 33859 130971 32070 32069 126889
28800 210 104 6 23626 23628 126888 30443 30444 130506
28801 9384 9114 8 23630 23631 98209 35570 35572 103327 104060 103672
28802 32 270 7 23632 23633 126728 143197 143196 126250 126251
28803 309 145 5 23634 23635 126476 126475 126521
28804 309 270 7 23635 23632 143198 143583 143582 143722 138296
28805 309 32 5 23632 23634 142918 131030 131032
28806 145 270 3 23633 23635 126730
28807 30 11149 4 23636 23637 25843 25844
28808 30 11465 4 23637 23638 111340 111341
28809 11276 11465 4 23638 23639 111303 112539
28810 11276 11149 8 23639 23636 23740 23742 107660 107659 108537 108538
28811 11276 30 8 23636 23638 112047 112049 112650 113024 101929 101928
28812 11465 11149 6 23637 23639 111302 112440 23782 23781
28813 664 551 8 23640 23641 123459 123569 123446 122869 122719 122720
28814 664 522 6 23641 23642 122400 122399 124115 123460
28815 496 522 8 23642 23643 107471 123176 117727 108856 108857 122848
28816 496 664 3 23640 23642 122847
28817 522 551 3 23641 23643 107470
28818 11330 11395 8 23644 23645 24638 111274 111275 111922 110893 110894
28819 11330 11019 3 23645 23646 24639
28820 10945 11395 3 23647 23644 112058
28821 10945 11330 9 23644 23646 111946 112437 144751 30546 30548 111713 111712
28822 11019 11395 6 23645 23647 112057 112117 112109 24640
28823 441 782 4 23649 23650 108704 108705
28824 674 782 7 23650 23651 123000 111029 111027 111123 118198
28825 674 375 5 23651 23648 111009 111555 114423
28826 674 441 5 23648 23650 125066 125161 111008
28827 782 375 6 23649 23651 122042 122041 123004 124741
28828 11551 11532 4 23652 23653 144863 144826
28829 11551 11452 7 23653 23654 31974 31973 128651 124683 124682
28830 11505 11532 9 23655 23652 144828 111164 30679 30681 111147 112202 128700
28831 11505 11551 8 23652 23654 111090 111299 111211 111207 111208 144827
28832 11452 11532 5 23653 23655 142899 142900 144895
28833 105 11644 5 23656 23657 111336 123103 123009
28834 229 11644 4 23658 23656 109278 109279
28835 11870 11644 7 23657 23658 109352 109351 105815 105816 109456
28836 541 1040 4 23659 23660 125358 122984
28837 541 1006 7 26388 26389 125368 125405 23660 23661 -1
28838 1316 1006 5 23661 23662 26419 26420 -1
28839 1316 1040 4 23662 23659 122985 122969
28840 1316 541 6 125418 125415 122983 23659 23661 -1
28841 1006 1040 8 23660 23662 118165 118167 123610 125255 125280 125400
28842 11544 11687 6 23663 23664 112649 112518 26307 26310
28843 11399 11544 5 23663 23665 111300 111301 111540
28844 3220 3069 5 23666 23667 122296 84408 84397
28845 3353 3030 4 23668 23669 83861 84281
28846 3353 3069 5 23669 23666 75516 75515 75573
28847 3353 3220 6 23666 23668 84423 84505 83839 83841
28848 3030 3069 7 23667 23669 83860 84332 76155 76157 122312
28849 10974 11051 3 23671 23672 102140
28850 10974 10968 7 23670 23671 101917 101916 108561 103819 103818
28851 11662 11328 4 23673 23674 23714 102960
28852 11496 11527 6 23675 23676 111355 111356 111747 111568
28853 11496 11328 8 23676 23673 102962 111988 111990 111927 111400 111402
28854 11496 11662 6 23673 23675 31911 31910 111304 102961
28855 11527 11328 6 23674 23676 111962 111961 111981 23715
28856 1290 1187 6 23677 23678 25942 124736 117720 117521
28857 1290 1226 4 23678 23679 26252 25943
28858 1330 1226 4 23679 23680 26377 26253
28859 1330 1187 7 23680 23677 117522 123480 123798 29350 29349
28860 1330 1290 6 23677 23679 26251 116237 117604 117520
28861 3046 3149 6 23681 23682 79424 82201 82202 63297
28862 3049 3192 5 23683 23684 28670 28671 78532
28863 3049 3149 5 23684 23681 63299 63358 63459
28864 3049 3046 4 23681 23683 79477 63298
28865 3192 3149 6 23682 23684 63460 79851 79337 79334
28866 1725 1583 6 23685 23686 125111 118103 112835 112836
28867 1725 1316 3 23686 23687 125110
28868 1558 1316 9 23687 23688 112770 112905 113927 113937 113658 113657 124852
28869 1558 1583 3 23688 23685 112768
28870 1558 1725 9 23685 23687 124928 118112 117954 112736 112735 114251 114121
28871 11119 11257 4 23689 23690 111978 111035
28872 10488 10405 5 23691 23692 112419 112443 112444
28873 10488 10626 7 23692 23693 111871 112448 112501 30671 30674
28874 10529 10626 3 23693 23694 110791
28875 10529 10405 8 23694 23691 30802 30804 112161 103018 103017 110790
28876 10529 10488 7 23691 23693 111872 112446 110728 110727 111905
28877 10626 10405 6 23692 23694 103241 103240 111797 111796
28878 11359 11160 8 144769 144488 144489 23696 23697 125793 144425 -1
28879 11577 11160 3 23697 23698 125794
28880 11577 11290 5 23698 23695 144509 127049 127048
28881 11577 11359 7 26737 26736 144537 23695 23697 125792 -1
28882 11160 11290 6 23696 23698 144452 144448 144447 145524
28883 9935 10076 8 23699 23700 151796 151891 151894 151899 151814 151813
28884 9935 9907 8 23700 23701 48399 151827 151864 151740 151741 151797
28885 9854 9907 5 23701 23702 105052 105050 48400
28886 9854 10076 6 23702 23699 148641 105542 105543 151785
28887 9854 9935 3 23699 23701 48398
28888 9907 10076 7 23700 23702 151769 151705 151707 151809 151798
28889 243 562 6 23704 23705 129843 131550 131624 132655
28890 243 256 6 23705 23703 27784 27786 127637 127639
28891 243 559 5 23703 23704 132662 132504 58513
28892 516 230 5 23706 23707 125236 125237 125073
28893 516 674 5 23707 23708 109328 109326 125239
28894 387 674 7 23708 23709 111677 114423 123000 26425 26427
28895 387 230 4 23709 23706 125074 111676
28896 387 516 6 23706 23708 125063 125062 125148 125072
28897 674 230 7 23707 23709 111554 111009 111008 125162 125234
28898 11402 11586 5 23710 23711 26273 112244 30908
28899 11402 11515 4 23711 23712 112222 26274
28900 11604 11586 7 23713 23710 30910 27797 27794 125294 103667
28901 11604 11402 4 23710 23712 111970 30909
28902 11515 11586 7 23711 23713 103666 112105 26228 26227 26275
28903 11373 11328 6 23714 23715 25964 25965 111873 110675
28904 10852 10931 7 23716 23717 100105 108434 109470 32162 32160
28905 10852 11043 3 23717 23718 100106
28906 10735 11043 6 23718 23719 111419 111418 111877 111879
28907 10735 10931 4 23719 23716 104550 104552
28908 10735 10852 6 23716 23718 110950 110951 111795 108331
28909 1484 1058 3 23721 23722 112610
28910 1603 1058 6 23722 23723 25969 84063 112744 112611
28911 1603 1299 5 23723 23720 113877 117961 25967
28912 1603 1484 5 23720 23722 24028 24027 113875
28913 1058 1299 5 23721 23723 25968 113079 113275
28914 9492 10552 5 23725 23726 101617 101978 101969
28915 10552 10246 5 23724 23726 101615 101549 101165
28916 2515 2310 6 23727 23728 122367 122388 122392 122287
28917 2515 2456 6 23728 23729 23952 122343 121178 121177
28918 2898 2310 6 23730 23727 122288 120330 120241 79911
28919 2898 2515 5 23727 23729 23953 122254 122286
28920 2456 2310 6 23728 23730 79910 118699 120304 120303
28921 346 431 6 23732 23733 143195 143588 143341 143342
28922 270 431 7 23733 23734 143606 143605 143722 143720 143197
28923 270 100 4 23734 23731 126283 143800
28924 270 346 4 23731 23733 143196 126282
28925 431 100 4 23732 23734 143797 143772
28926 11875 11697 5 23735 23736 144182 144181 144458
28927 11817 26 5 23737 23738 126643 144762 144728
28928 11817 11697 8 23738 23735 144460 144531 110688 110687 143708 126642
28929 11817 11875 7 144459 23735 23737 144726 125551 125550 -1
28930 26 11697 4 23736 23738 125198 125197
28931 11317 11149 6 23739 23740 25844 25845 102054 101922
28932 11317 11276 5 23740 23741 101376 101377 101928
28933 10965 11317 4 23739 23741 102210 101923
28934 10195 9650 7 23743 23744 102460 99633 99632 99682 101665
28935 10349 9650 6 23744 23745 102065 101287 101288 102323
28936 9650 11600 8 102020 23743 23745 23918 23920 101658 113498 -1
28937 1150 989 8 23746 23747 113819 113821 118013 113950 113949 125124
28938 1150 1143 6 23747 23748 113001 80224 80225 113934
28939 1053 1143 4 23748 23749 25955 112708
28940 1053 989 8 23749 23746 124992 117868 26441 26440 112800 25953
28941 1053 1150 4 23746 23748 113822 125115
28942 1143 989 4 23747 23749 25954 113946
28943 4336 3926 6 23750 23751 80358 80356 82548 85200
28944 4336 4344 4 23751 23752 84540 85166
28945 4274 4344 8 23752 23753 84148 84149 84154 84191 84209 84210
28946 4274 3926 3 23753 23750 84633
28947 4274 4336 6 23750 23752 83322 83318 83320 85202
28948 1974 2086 6 23754 23755 118527 118528 24478 24479
28949 1974 2129 5 23755 23756 113787 113785 118465
28950 1877 2129 5 23756 23757 118321 80245 80244
28951 1877 2086 3 23757 23754 118475
28952 1877 1974 6 23754 23756 24059 24061 113239 113836
28953 10454 10731 8 23758 23759 104652 104654 104692 110558 109032 104191
28954 10454 10799 4 23759 23760 110514 110576
28955 10614 10799 6 23760 23761 110407 103789 103788 104570
28956 10614 10731 3 23761 23758 104193
28957 10614 10454 7 23758 23760 110428 110427 104399 104401 104192
28958 10799 10731 6 23759 23761 110528 110527 32192 32189
28959 11616 454 4 23762 23763 112855 112660
28960 9770 9970 5 23764 23765 101338 98862 98861
28961 9770 10239 9 23765 23766 99886 101999 102000 99950 99948 102488 101337
28962 9552 9970 5 23767 23764 102590 99782 99781
28963 9552 9770 6 23764 23766 99882 99881 102303 102302
28964 10239 9970 7 23765 23767 101585 101586 101589 92571 92568
28965 1808 1589 5 23768 23769 113593 114388 114099
28966 1808 1510 5 23769 23770 111558 112602 112616
28967 1929 1510 3 23770 23771 111560
28968 1929 1589 5 23771 23768 113940 113941 114041
28969 1929 1808 5 23768 23770 111559 113615 113685
28970 1510 1589 7 23769 23771 114039 114035 114023 114022 113594
28971 2794 1973 3 23772 23773 113671
28972 2794 2724 5 23773 23774 83862 83863 113670
28973 2450 2724 5 23774 23775 83898 113634 113648
28974 2450 1973 8 23775 23772 83919 83700 83699 113489 113488 83896
28975 2450 2794 7 23772 23774 23931 23930 24016 24018 113618
28976 2724 1973 7 23773 23775 83897 84200 84005 84004 113672
28977 2593 2738 7 23776 23777 113311 84309 84307 102035 25204
28978 2593 2874 8 23777 23778 83738 114123 114140 114230 118606 113418
28979 3023 2874 9 23778 23779 113669 102299 102298 113564 113681 113789 83739
28980 3023 2738 4 23779 23776 25206 113765
28981 3023 2593 3 23776 23778 25205
28982 2874 2738 4 23777 23779 83791 83790
28983 11747 11465 6 23780 23781 111341 111342 112559 102214
28984 11465 10805 6 102215 23780 23782 111708 111710 -1
28985 10691 10680 7 23783 23784 108761 108760 108470 26254 26257
28986 10691 10416 7 23784 23785 107472 108478 108477 108910 108914
28987 10452 10416 6 23785 23786 107381 104330 104328 107473
28988 10452 10680 6 23786 23783 106710 107438 101962 101959
28989 10416 10680 3 23784 23786 108874
28990 10592 10858 3 23787 23788 108475
28991 10776 10858 7 23788 23789 108535 105920 105921 108550 108548
28992 3274 3479 4 23790 23791 81757 81682
28993 3274 3437 4 23791 23792 61225 81797
28994 3350 3437 4 23792 23793 82257 61227
28995 3350 3479 9 23793 23790 81683 81735 81733 82363 80959 80960 82332
28996 3437 3479 8 23791 23793 82331 71400 71399 82341 82339 81798
28997 10767 10592 6 23794 23795 108467 108468 108475 108476
28998 10294 10767 4 23794 23796 108495 108546
28999 3589 3585 5 23797 23798 81011 81009 84012
29000 3589 3454 5 23798 23799 80996 80997 83702
29001 3884 3589 4 23797 23799 83279 84013
29002 3454 3585 6 23798 23800 83719 83341 83340 83796
29003 2457 1973 5 23801 23802 83697 83700 83918
29004 2457 1261 3 23802 23803 114055
29005 1550 1261 7 23803 23804 84102 113429 113078 113076 114068
29006 1550 1973 6 23804 23801 113695 113603 84097 84099
29007 1550 2457 7 23801 23803 114067 83909 83853 83854 113300
29008 1261 1973 4 23802 23804 84101 114053
29009 10054 7380 6 23805 23806 84231 75862 75863 101392
29010 10054 8414 4 23806 23807 101323 101367
29011 7875 7380 5 23808 23805 101393 84222 84221
29012 7875 10054 3 23805 23807 101324
29013 8414 7380 6 23806 23808 85695 85694 101425 101368
29014 11799 464 5 23809 23811 106505 101525 101524
29015 9530 9083 7 23812 23813 99564 99565 102542 101329 101328
29016 8833 9530 3 23812 23814 99432
29017 8743 9215 3 23816 23817 44641
29018 8565 9215 7 23817 23818 32228 32226 43109 43108 44670
29019 8565 9020 4 23818 23815 43036 43035
29020 8565 8743 7 23815 23817 42841 42840 44739 44777 44780
29021 9215 9020 7 23816 23818 43418 154022 154273 44797 44642
29022 2237 2355 6 23821 23822 118440 115149 115147 119270
29023 2237 2352 8 23822 23823 117382 82226 82227 116023 117384 118713
29024 2556 2352 4 23823 23824 118632 117383
29025 2556 2355 8 23824 23821 119272 60375 60374 116845 78963 78962
29026 2556 2237 6 23821 23823 114636 114635 119268 119271
29027 2352 2355 5 23822 23824 118492 28712 28713
29028 676 558 3 23825 23826 125227
29029 676 662 5 23826 23827 112608 123035 125226
29030 434 662 4 23827 23828 124562 112609
29031 434 558 8 23828 23825 111376 111375 124329 112575 112574 122916
29032 434 676 7 23825 23827 112607 114474 125047 125176 125231
29033 662 558 6 23826 23828 124561 111363 111362 112795
29034 3589 3849 10 113689 23829 23830 80995 80996 83279 84033 83357 83358 -1
29035 3589 3431 3 23830 23831 83765
29036 3255 3849 5 83148 23832 23829 113690 -1
29037 709 747 6 23834 23835 28699 127759 128459 128318
29038 643 747 4 23835 23836 128327 28700
29039 643 857 6 23836 23833 127505 128469 128297 128295
29040 747 857 8 23834 23836 123660 123662 124358 29187 29186 128099
29041 1844 1739 8 23838 23839 114639 139527 116949 116942 116941 116631
29042 1844 1785 6 23839 23837 116986 116983 114585 114582
29043 1844 1708 4 23837 23838 116630 116924
29044 10685 10484 4 23840 23841 104730 25319
29045 10685 10554 7 23841 23842 106966 107393 102806 102809 104731
29046 10751 10554 5 23842 23843 107000 110137 106968
29047 10751 10484 7 23843 23840 25321 105633 107017 107016 106999
29048 10751 10685 5 23840 23842 106967 108392 25320
29049 10554 10484 5 23841 23843 106643 106642 104732
29050 9579 9437 6 23844 23845 102413 102334 99974 99975
29051 9530 9437 4 23847 23844 102412 102542
29052 9629 9437 5 23845 23847 102543 102534 102414
29053 6508 6522 7 23848 23849 95915 95918 95115 95113 95690
29054 6508 6981 4 23849 23850 73904 73907
29055 1035 1174 6 23851 23852 121648 121651 121588 121589
29056 1035 1206 6 23852 23853 121537 121616 121645 121649
29057 1236 1206 6 23853 23854 121622 121623 102248 102246
29058 1236 1174 5 23854 23851 121617 121618 121642
29059 1236 1035 5 23851 23853 25410 25409 121602
29060 1206 1174 5 23852 23854 121643 109617 109616
29061 11549 11604 3 23856 23857 108623
29062 11604 11563 9 23855 23857 111598 110974 110976 111045 111044 111421 111262
29063 3526 3489 5 23858 23859 75733 75736 76138
29064 3643 3489 3 23860 23858 83857
29065 3851 3489 8 23859 23860 83870 83079 25927 25483 25482 76073
29066 3869 3645 6 23862 23863 75987 75946 25266 25264
29067 3567 3869 7 23861 23863 75985 75978 75977 75896 75897
29068 6915 6827 6 23864 23865 75949 75909 73220 73218
29069 6915 6829 6 23865 23866 75135 94520 75423 75426
29070 6162 6829 5 23866 23867 84784 91981 75137
29071 6162 6827 5 23867 23864 93018 84785 84783
29072 6162 6915 5 23864 23866 75136 101169 101166
29073 2912 3001 7 23868 23869 113682 114305 114095 114092 113740
29074 2912 3023 4 23869 23870 113704 113683
29075 3239 2912 4 23868 23870 114276 113741
29076 3023 3001 6 23869 23871 113712 113702 113701 113684
29077 441 230 7 23872 23873 125156 125169 117995 117994 111008
29078 441 217 5 23873 23874 124354 112529 112527
29079 375 217 7 23874 23875 111555 114422 122980 124497 125129
29080 375 230 3 23875 23872 111009
29081 217 230 7 23873 23875 111554 111676 125211 125144 125143
29082 10462 10395 4 23876 23877 102359 102202
29083 10239 10395 5 23877 23878 102389 102474 102432
29084 9268 9178 6 23879 23880 99813 99347 99348 102401
29085 8908 9194 5 23881 23882 99295 99908 37382
29086 8908 9268 5 23879 23881 37380 99330 102520
29087 9194 9178 5 23880 23882 99293 99344 102711
29088 11513 10980 4 23883 23884 101912 101913
29089 11283 11234 4 23885 23886 106791 25484
29090 11283 11482 6 23886 23887 121444 106697 106695 106792
29091 11548 11482 5 23887 23888 106758 108611 121445
29092 11548 11234 7 23888 23885 25486 25801 25803 108576 106757
29093 11548 11283 6 23885 23887 121434 108154 106713 25485
29094 11482 11234 4 23886 23888 106660 106659
29095 9022 9238 5 23891 23889 25900 25897 84204
29096 8848 9238 5 23890 23891 83064 83063 84316
29097 1954 1597 4 23892 23893 115661 116544
29098 1954 1773 4 23893 23894 139321 115662
29099 1736 1773 5 23894 23895 116727 116729 138700
29100 1736 1597 4 23895 23892 116546 117092
29101 1736 1954 6 23892 23894 139294 116606 116608 116545
29102 1773 1597 5 23893 23895 138661 138864 115663
29103 1918 1985 6 23896 23897 25302 25303 119259 119354
29104 1918 2097 5 23897 23898 117342 119451 119476
29105 2126 2097 4 23898 23899 119214 117343
29106 2126 1985 5 23899 23896 119083 119081 119467
29107 2126 1918 6 23896 23898 117341 117416 117415 117478
29108 2097 1985 7 23897 23899 119254 119253 136244 24150 24149
29109 11879 179 5 23902 23900 109335 109334 122797
29110 76 179 4 23901 23902 109566 109565
29111 4440 4431 6 23903 23904 74420 74421 74452 74450
29112 4128 4431 4 23904 23905 75601 75603
29113 2304 2012 7 23906 23907 75889 75887 83721 120419 122402
29114 2304 1827 3 23907 23908 80170
29115 2396 1827 4 23908 23909 118278 118096
29116 2396 2012 6 23909 23906 122376 122375 114512 114513
29117 2396 2304 6 23906 23908 118095 119947 119944 122403
29118 1827 2012 6 23907 23909 24462 24218 24220 80171
29119 6793 8001 4 23910 23911 101014 100922
29120 6793 6638 5 23911 23912 101004 101005 101015
29121 7659 6638 3 23912 23913 99907
29122 7659 8001 7 23913 23910 100923 101230 94574 94573 99905
29123 7659 6793 4 23910 23912 100953 100921
29124 6638 8001 7 23911 23913 99906 99921 101340 101311 101016
29125 1407 1824 8 23914 23915 118524 118522 118660 79922 79921 122283
29126 1407 929 5 23915 23916 122452 118613 118614
29127 298 929 5 23916 23917 107698 107697 107766
29128 298 1824 3 23917 23914 113264
29129 298 1407 7 23914 23916 122186 122185 122519 122500 122469
29130 929 1824 5 23915 23917 101813 101812 101838
29131 11600 10199 3 23919 23920 99956
29132 9650 11503 4 23921 23918 102065 102281
29133 10199 11503 6 23919 23921 102282 102211 102212 99957
29134 1673 1594 7 23922 23923 117091 117090 139175 138043 138046
29135 1673 1416 5 23923 23924 26130 117245 128023
29136 1567 1416 5 23924 23925 116673 129456 26132
29137 1567 1594 5 23925 23922 115630 115629 116671
29138 1567 1673 7 23922 23924 26131 139229 139202 138632 138631
29139 1416 1594 5 23923 23925 116672 138729 139273
29140 2454 2511 7 23927 23928 83961 101877 84417 84418 116171
29141 2593 2511 4 23928 23929 112822 83962
29142 2593 2920 7 23929 23926 84416 118368 118606 114231 114233
29143 2511 2920 8 23927 23929 118525 118387 113303 113301 118083 116172
29144 2794 3387 6 23931 23932 113122 113125 83864 83862
29145 3347 3387 7 23932 23933 83034 83033 83740 84060 113538
29146 3347 2450 6 23933 23930 101223 101222 113598 113600
29147 3347 2794 3 23930 23932 101489
29148 3387 2450 5 23931 23933 113636 113638 113648
29149 2504 2581 8 23934 23935 140185 137417 137418 139932 140179 139723
29150 2504 2229 7 23935 23936 139866 139867 140148 139586 139588
29151 2528 2229 5 23936 23937 30206 57925 140169
29152 2528 2581 8 23937 23934 63261 63263 29917 29914 137466 30205
29153 2528 2504 3 23934 23936 139724
29154 2229 2581 4 23935 23937 30204 140186
29155 9238 7506 5 23938 23939 113158 101545 101061
29156 9238 5915 6 23939 23940 101642 101643 84298 84297
29157 6650 9238 4 23938 23940 101686 101062
29158 6335 5997 6 23941 23942 99430 84686 84687 84695
29159 6335 5571 5 23942 23943 84491 94415 94413
29160 5540 5571 7 23943 23944 100994 84186 83066 83069 84493
29161 5540 5997 4 23944 23941 84697 101396
29162 5540 6335 5 23941 23943 84492 100749 84696
29163 5571 5997 6 23942 23944 101406 101358 100568 100569
29164 2743 2139 6 23945 23946 101135 101871 101872 113361
29165 2743 590 6 23946 23947 113347 101787 101788 101136
29166 5345 590 4 23947 23948 83364 113323
29167 5345 2139 3 23948 23945 83363
29168 5345 2743 7 23945 23947 113344 113346 113362 113360 113359
29169 590 2139 7 23946 23948 25975 25974 101702 101701 101137
29170 10789 11164 4 23949 23950 101993 101933
29171 11192 11164 5 23950 23951 102036 102057 101994
29172 2515 3047 5 23952 23953 120289 118315 118318
29173 581 288 4 23955 23956 112938 112935
29174 432 288 6 23956 23957 112648 112818 94506 94505
29175 432 281 5 23957 23954 102145 102147 102889
29176 432 581 5 23954 23956 112939 102254 102253
29177 288 281 4 23955 23957 112647 112936
29178 3978 4346 5 23958 23959 75490 75489 83649
29179 3978 4128 4 23959 23960 75498 75716
29180 3408 3406 7 23961 23962 75660 76112 76113 75961 75962
29181 3675 3206 5 23963 23964 75746 74716 74715
29182 3675 3406 6 23964 23961 76114 76074 76061 75744
29183 3675 3408 5 23961 23963 75475 75474 76041
29184 3206 3406 4 23962 23964 75745 75661
29185 4203 3812 6 23966 23967 75352 75354 75851 25871
29186 2311 2840 9 23968 23969 25815 75442 75440 120307 122007 122038 122039
29187 2311 2996 9 23969 23970 101059 101060 122406 122487 120609 76359 25816
29188 3376 2996 5 23970 23971 74710 74711 112645
29189 3376 2840 6 23971 23968 121922 121923 122264 122306
29190 3376 2311 4 23968 23970 112644 122207
29191 2996 2840 4 23969 23971 122307 25817
29192 2809 2547 4 23972 23973 25818 25819
29193 2809 3218 7 23973 23974 75972 107790 118667 118668 122450
29194 3220 2809 5 23972 23974 75971 122296 122318
29195 3218 2547 5 23973 23975 84489 118659 122451
29196 3206 3178 6 23978 23976 76160 76076 75745 75746
29197 3206 3069 4 23976 23977 84408 118595
29198 9352 8848 6 23979 23980 94309 84316 84315 100967
29199 9352 7957 5 23980 23981 101242 101776 94310
29200 8604 7957 4 23981 23982 93151 99901
29201 8604 8848 5 23982 23979 101279 99424 93149
29202 8604 9352 5 23979 23981 101243 102466 101278
29203 7957 8848 5 23980 23982 93150 101318 94311
29204 1102 1057 6 23983 23984 127837 127838 125842 26886
29205 1102 884 5 23984 23985 127893 127894 127895
29206 1095 884 4 23985 23986 127211 127523
29207 1095 1057 4 23986 23983 26888 126261
29208 1095 1102 7 23983 23985 127609 127575 127576 127948 26887
29209 884 1057 5 23984 23986 24677 24676 127489
29210 1296 1409 6 23987 23988 117907 115587 115588 117774
29211 1296 1203 5 23988 23989 117728 117730 117881
29212 1290 1203 6 23989 23990 117520 117521 117719 117836
29213 1290 1409 5 23990 23987 117212 117211 117604
29214 1290 1296 7 23987 23989 117837 125034 117059 116159 116160
29215 1203 1409 4 23988 23990 117605 117878
29216 3336 3454 7 23992 23993 83692 83796 83702 80227 80228
29217 3273 3023 6 23994 23991 83512 83511 113564 83910
29218 3273 3336 3 23991 23993 83693
29219 3454 3023 3 23992 23994 82026
29220 3472 3421 8 23996 23997 83109 74190 74191 75898 76029 83956
29221 3472 3118 5 23997 23995 24031 82718 83107
29222 3472 3051 5 23995 23996 83954 83104 24030
29223 3533 3441 5 23998 23999 83778 84664 84078
29224 3533 3421 6 23999 24000 83873 83956 83880 83779
29225 3385 3441 6 24001 23998 84080 83939 83893 83843
29226 3385 3533 5 23998 24000 83874 113372 84079
29227 3421 3441 4 23999 24001 83844 83780
29228 3828 4128 4 24002 24003 75000 75002
29229 3828 4210 5 24003 24004 83078 84135 80729
29230 3851 3828 6 24002 24004 83079 83867 83869 84334
29231 4186 4455 3 24009 24010 83147
29232 4186 4369 6 24010 24007 74653 74333 74335 83146
29233 4455 4369 6 24008 24010 83145 80833 80732 80731
29234 3387 3473 7 24011 24012 83277 83740 84027 84028 84104
29235 3387 3987 7 24012 24013 84151 84153 113636 83034 83032
29236 3638 3987 5 24013 24014 83800 83799 84146
29237 3638 3473 5 24014 24011 84093 84070 84057
29238 3638 3387 5 24011 24013 84050 84051 84103
29239 3987 3473 4 24012 24014 84025 83278
29240 2916 2794 6 24015 24016 101489 113122 113123 113483
29241 2916 2450 4 24016 24017 101220 101223
29242 2457 2450 7 24017 24018 83917 83700 83698 114138 113680
29243 2457 2794 3 24018 24015 113485
29244 2457 2916 5 24015 24017 102292 102293 113484
29245 2787 2947 8 24019 24020 113846 114149 114150 118518 113302 80047
29246 2787 2669 8 24020 24021 82936 84981 84979 80133 80134 113847
29247 2698 2947 5 24022 24019 80048 118388 112743
29248 2698 2787 3 24019 24021 80046
29249 2669 2947 5 24020 24022 112742 115696 113848
29250 3814 4042 6 24023 24024 81911 83298 83297 83284
29251 2062 1339 4 24025 24026 101290 71313
29252 2062 1603 6 24026 24027 113874 113766 113759 112718
29253 1484 1339 6 24028 24025 71315 113230 113274 112610
29254 1484 2062 6 24025 24027 113873 118540 112879 71314
29255 1603 1339 5 24026 24028 112611 113179 112719
29256 3129 3472 4 24030 24031 82719 83106
29257 3595 3880 8 24032 24033 84515 83871 75939 75940 84455 84379
29258 3595 3220 5 24033 24034 84283 84304 84516
29259 3416 3220 5 24034 24035 84423 83793 83794
29260 3416 3595 4 24032 24034 84282 84380
29261 3220 3880 4 24033 24035 84505 84507
29262 2692 2592 8 24036 24037 116153 116152 115399 115400 81989 81988
29263 2692 2571 3 24037 24038 116102
29264 2668 2571 7 24038 24039 113709 114077 114218 116091 116103
29265 2668 2592 5 24039 24036 112750 113674 113676
29266 2668 2692 6 24036 24038 82130 82132 114038 112749
29267 2571 2592 5 24037 24039 113708 116276 116226
29268 3305 3273 9 24041 24042 83344 83323 83324 83329 82079 82080 81991
29269 3273 3619 3 24040 24042 83342
29270 1686 1665 5 24043 24044 118043 112864 112867
29271 1686 1758 5 24044 24045 117106 117107 118044
29272 1848 1758 4 24045 24046 115995 116884
29273 1848 1665 5 24046 24043 116956 116951 115994
29274 1848 1686 6 24043 24045 118062 118073 118061 117739
29275 1758 1665 5 24044 24046 101947 101944 117031
29276 436 537 3 24047 24048 126506
29277 6056 6204 5 24049 24050 85289 74425 74423
29278 6056 5792 5 24050 24051 84758 84760 85903
29279 5631 5792 7 24051 24052 100463 100462 100611 84800 84799
29280 5631 6056 6 24049 24051 85700 85701 92514 85010
29281 5792 6204 4 24050 24052 100584 85904
29282 3420 3563 7 24053 24054 81968 83006 83047 81855 81854
29283 3254 3563 4 24054 24055 83247 81969
29284 3563 3211 4 24053 24055 83179 83010
29285 3056 3091 5 24056 24057 115343 75616 24225
29286 2932 3091 7 24057 24058 60901 60900 24355 24354 116119
29287 3091 3226 8 24056 24058 82125 24214 24215 82579 82565 24227
29288 1974 1859 4 24059 24060 113786 113787
29289 1877 1631 6 24061 24062 24535 81996 118493 113241
29290 1877 1859 5 24062 24059 80244 80243 24534
29291 1631 1859 6 24060 24062 24533 107442 107444 117926
29292 2259 2237 3 24063 24064 118948
29293 2259 2181 5 24064 24065 115653 79305 79303
29294 2461 2181 7 24065 24066 82228 116669 82155 82154 116229
29295 2461 2237 6 24066 24063 116251 116252 119058 82226
29296 2461 2259 5 24063 24065 119295 115966 115965
29297 2181 2237 7 24064 24066 82227 116024 115842 115844 118949
29298 881 804 5 24067 24068 117562 117563 124881
29299 881 815 5 24068 24069 117571 117570 124397
29300 729 815 5 24069 24070 123583 26554 26553
29301 729 804 4 24070 24067 124731 123955
29302 729 881 5 24067 24069 114765 114767 124880
29303 815 804 6 24068 24070 123622 116981 116344 116341
29304 641 670 9 24071 24072 24572 26918 125196 125195 125537 125597 124658
29305 641 819 5 24072 24073 26501 26499 24573
29306 808 819 6 24073 24074 102237 125388 117686 26890
29307 808 670 5 24074 24071 124659 24932 24933
29308 808 641 4 24071 24073 26889 124480
29309 819 670 5 24072 24074 102236 125309 24574
29310 2149 2168 8 24075 24076 113664 24752 24755 101565 75999 76000
29311 2149 2457 6 24076 24077 102216 83854 83852 113653
29312 2622 2457 5 24077 24078 113217 83018 83016
29313 2622 2168 6 24078 24075 112052 113878 113891 113907
29314 2622 2149 4 24075 24077 102217 112051
29315 2457 2168 3 24076 24078 113906
29316 2062 1624 4 24079 24080 118539 112879
29317 2062 2510 5 24080 24081 113172 113178 118541
29318 1639 2510 5 24081 24082 122439 113221 113173
29319 1639 2062 5 24079 24081 101289 71313 71314
29320 2510 1624 4 24080 24082 120281 118542
29321 288 8 7 24085 24083 102207 102208 102257 112674 112676
29322 288 265 4 24083 24084 102243 112489
29323 2119 2213 6 24086 24087 136033 136222 119832 119215
29324 2119 2463 4 24087 24088 136278 136034
29325 2190 2463 6 24088 24089 120594 119672 119033 119032
29326 2190 2213 5 24089 24086 119217 120749 120750
29327 2190 2119 6 24086 24088 136282 136260 136261 119216
29328 2463 2213 7 24087 24089 121465 119136 119138 136186 136035
29329 1400 1658 8 24090 24091 117488 117492 139004 117494 117495 118014
29330 1485 1400 6 24090 24092 26379 26378 117193 117194
29331 1658 1780 7 24093 24094 114132 117219 116799 116800 117811
29332 1658 1588 7 24094 24095 117488 117493 138996 26324 26322
29333 1542 1588 7 24095 24096 115785 117183 117111 117109 117489
29334 1542 1780 4 24096 24093 116948 115783
29335 1588 1780 4 24094 24096 115784 114133
29336 182 11664 6 24097 24098 112859 111967 111965 -1
29337 182 11751 6 24098 24099 112558 112917 112844 112843
29338 11465 11751 6 24099 24100 108751 112539 111340 111342
29339 11465 11664 6 112553 112552 108750 24100 24097 -1
29340 11465 182 5 24097 24099 112559 112842 -1
29341 3226 3292 4 24101 24102 82126 24214
29342 3226 3304 4 24102 24103 79467 82123
29343 3335 3304 5 24103 24104 82014 80157 79469
29344 3335 3292 4 24104 24101 24216 81957
29345 3335 3226 6 24101 24103 79468 81940 82261 24215
29346 1013 977 8 127883 127419 24105 24106 126025 126139 126138 -1
29347 1013 975 6 24106 24107 29528 127519 126036 126026
29348 1010 975 5 24107 24108 124465 124462 29529
29349 1010 977 9 24108 24105 127420 140852 126073 126072 126152 126151 126175
29350 1010 1013 3 24105 24107 29527
29351 975 977 3 24106 24108 126027
29352 1697 1682 5 24109 24110 118434 118192 118193
29353 1697 1913 3 24110 24111 119485
29354 1869 1913 5 24111 24112 120339 120338 121145
29355 1869 1682 4 24112 24109 121138 121140
29356 1869 1697 11 24109 24111 121054 120413 120412 121106 121672 78869 25811 25810 119857
29357 11512 11416 7 24114 24115 111737 111366 111367 111573 111744
29358 11266 11496 5 24116 24113 111403 111402 111355
29359 11416 11496 3 24114 24116 111356
29360 2586 2867 4 24117 24118 120614 120637
29361 2586 2836 7 24118 24119 119854 119855 120133 120577 120578
29362 2802 2836 5 24119 24120 65306 65309 120057
29363 2802 2867 5 24120 24117 120520 120522 78472
29364 2802 2586 6 24117 24119 25352 25354 120569 120568
29365 2836 2867 9 24118 24120 78471 120468 120470 120058 28529 28528 119630
29366 183 105 8 24121 24122 111282 122750 124142 124215 123089 123087
29367 183 229 3 24122 24123 77019
29368 406 229 7 24123 24124 109397 111018 111019 123191 77020
29369 406 105 3 24124 24121 109395
29370 406 183 7 24121 24123 77018 117748 117747 124160 123088
29371 3083 3139 5 24125 24126 24426 24425 28722
29372 3076 3160 6 24127 24128 80950 80949 81715 82467
29373 3076 3083 4 24125 24127 82465 28723
29374 3160 3139 5 24126 24128 82044 81802 81799
29375 3039 3122 6 24129 24130 79840 118341 118342 24146
29376 2875 3048 6 24131 24132 24421 24422 113735 115348
29377 3048 2784 4 24131 24133 114260 115334
29378 2559 1982 6 24134 24135 114101 113806 113807 83030
29379 2559 2298 6 24135 24136 114027 24312 24290 24291
29380 2319 2298 5 24136 24137 82501 24732 24731
29381 2319 1982 4 24137 24134 82543 82499
29382 2298 1982 4 24135 24137 82500 114086
29383 2453 2512 6 24138 24139 116581 60203 26683 26681
29384 2453 2418 4 24139 24140 28675 28673
29385 2621 2418 4 24140 24141 115476 114927
29386 2621 2512 5 24141 24138 24505 24507 115694
29387 2621 2453 4 24138 24140 114926 114967
29388 2418 2512 7 24139 24141 115695 140090 116833 115022 115023
29389 2436 2563 7 24142 24143 116428 115713 115714 115924 115812
29390 2436 2348 4 24143 24144 116221 116220
29391 2302 2563 4 24145 24142 115814 115917
29392 2302 2436 7 24142 24144 114165 114166 116398 116325 115813
29393 2348 2563 9 24143 24145 113687 113686 116181 116223 116225 116334 116333
29394 3241 3122 5 24148 24146 118567 50185 50184
29395 3241 3039 8 24146 24147 76772 83762 118696 118627 118605 118566
29396 1985 1753 4 24150 24151 119526 136194
29397 1779 1753 5 24151 24152 117422 117421 119527
29398 1779 2097 5 24152 24149 119476 115974 115973
29399 1779 1985 5 24149 24151 119497 25305 25302
29400 1753 2097 6 24150 24152 119116 119115 138669 136354
29401 1071 1083 8 24153 24154 128252 128149 128104 128105 126601 126602
29402 1071 1063 4 24154 24155 128146 128270
29403 1227 1063 8 24155 24156 128275 124770 124772 125945 125663 125665
29404 1227 1083 4 24156 24153 26977 26974
29405 1227 1071 5 24153 24155 27100 27099 128141
29406 1063 1083 7 24154 24156 29116 27467 27223 27225 128061
29407 3297 3412 4 24159 24157 77120 79507
29408 3535 3309 4 24161 24162 79162 79163
29409 3463 3309 7 24162 24163 79925 80159 80158 82087 82089
29410 3463 3250 4 24163 24160 80944 79924
29411 3463 3535 5 24160 24162 81924 81923 80943
29412 3309 3250 9 24161 24163 79240 79239 82124 82166 82211 82121 81918
29413 596 529 8 24164 24165 128468 126148 126146 127626 128513 128481
29414 596 857 5 24165 24166 128466 128467 128469
29415 623 857 5 24166 24167 125019 123717 123718
29416 623 529 4 24167 24164 128482 128441
29417 623 596 6 24164 24166 29171 29170 126457 126458
29418 624 543 6 24168 24169 126703 129643 129713 129714
29419 624 513 5 24169 24170 130485 129680 126704
29420 555 513 3 24170 24171 127549
29421 513 543 5 24169 24171 127547 130486 126705
29422 3183 3358 6 24172 24173 83019 80884 80885 81522
29423 3183 3141 6 24173 24174 80820 82274 79379 79378
29424 3320 3358 6 24175 24172 81523 75581 75579 80303
29425 3141 3358 4 24173 24175 82042 82063
29426 3535 3637 6 24176 24177 79164 79162 81924 81549
29427 3535 3815 6 24177 24178 82351 82349 82348 80899
29428 3810 3637 4 24179 24176 81550 71510
29429 3810 3535 5 24176 24178 82343 79916 79918
29430 3815 3637 6 24177 24179 71511 61169 60874 60873
29431 295 195 5 24180 24181 126099 126098 126266
29432 295 11800 5 24181 24182 144127 144397 126114
29433 11859 11800 7 24182 24183 124410 112184 27439 27438 144128
29434 11859 195 3 24183 24180 124409
29435 11859 295 6 24180 24182 144126 126106 126105 126265
29436 11800 195 4 24181 24183 124408 125803
29437 11891 26 5 24185 24186 125778 126643 125198
29438 11891 81 4 24186 24184 111580 112171
29439 11891 11843 5 24184 24185 30565 30567 111578
29440 4558 4579 9 24187 24188 78214 78215 78291 77457 71785 71786 78249
29441 4201 4579 6 24189 24187 78211 78213 78261 78277
29442 4284 4579 4 24188 24189 78285 78246
29443 3077 3145 6 24190 24191 82916 82915 82587 24304
29444 3077 3091 5 24191 24192 75616 115342 82921
29445 3113 3091 4 24192 24193 24227 24225
29446 3113 3145 4 24193 24190 24306 82564
29447 3113 3077 7 24190 24192 75615 114555 82597 82594 24305
29448 3091 3145 7 24191 24193 82565 82469 82471 80946 80947
29449 2970 2929 4 24194 24195 115442 115301
29450 2970 2925 6 24195 24196 82177 82175 82264 82448
29451 3076 2925 5 24196 24197 79883 79881 82322
29452 3076 2929 6 24197 24194 115303 115646 115624 115465
29453 3076 2970 8 24194 24196 114951 113911 113912 82465 82467 115302
29454 2925 2929 6 24195 24197 115466 115892 115891 115578
29455 11292 11085 5 24199 24200 111431 26239 26237
29456 11091 11085 6 24200 24201 110840 103521 103523 108646
29457 11091 11380 5 24201 24198 30713 30712 110169
29458 11091 11292 3 24198 24200 111432
29459 11085 11380 5 24199 24201 111111 111125 111469
29460 165 11755 7 24202 24203 108697 25994 25993 118126 25059
29461 165 11776 5 24203 24204 111522 111523 108698
29462 229 11776 5 24204 24205 108408 108407 111622
29463 229 11755 4 24205 24202 25060 109301
29464 229 165 6 24202 24204 112634 112631 122920 25058
29465 11082 10961 3 24206 24207 108450
29466 11082 11238 6 24207 24208 111071 108677 108675 108980
29467 11102 11238 5 24208 24209 108485 108971 111072
29468 11102 10961 6 24209 24206 30615 30617 106988 108473
29469 11102 11082 7 24206 24208 111070 111499 108924 28196 28193
29470 2982 2775 5 24210 24211 119155 119129 118996
29471 2982 3024 7 24211 24212 119117 119076 82245 79196 79194
29472 2729 3024 4 24212 24213 79894 79895
29473 2729 2775 7 24213 24210 115736 115738 25477 25474 79100
29474 2729 2982 5 24210 24212 119128 119156 118997
29475 3024 2775 3 24211 24213 115972
29476 3091 3335 4 24215 24216 81958 82544
29477 2043 2012 6 24217 24218 24460 114512 122374 122626
29478 2043 1827 4 24218 24219 122623 24461
29479 1676 1827 8 24219 24220 122415 122564 122524 118308 118307 122551
29480 1676 2012 7 24220 24217 122625 107544 107541 122560 122414
29481 1676 2043 3 24217 24219 122622
29482 2016 2080 8 24221 24222 80673 80674 116936 117310 116703 116702
29483 2016 2142 4 24222 24223 115246 116764
29484 2200 2142 8 24223 24224 29689 29690 116717 26414 26416 115248
29485 2200 2080 4 24224 24221 116735 116004
29486 2200 2016 5 24221 24223 115247 116730 139313
29487 2142 2080 6 24222 24224 116003 116762 116763 116765
29488 3113 3056 8 24225 24226 82623 82434 82431 82429 115381 75615
29489 3113 3226 5 24226 24227 82564 82552 82551
29490 1477 1287 6 24228 24229 140949 140882 127493 127495
29491 1477 1354 4 24229 24230 114936 114937
29492 1173 1354 7 24230 24231 27252 27254 25114 25115 140681
29493 1173 1287 4 24231 24228 126184 125931
29494 1173 1477 6 125879 125878 24228 24230 140680 -1
29495 1354 1287 6 24229 24231 29870 29869 128190 128191
29496 2174 2130 8 24232 24233 117980 116358 116357 116576 114939 114942
29497 2174 2181 6 24233 24234 82154 26314 26312 117974
29498 2321 2181 6 24234 24235 117939 115654 115653 116229
29499 2321 2130 5 24235 24232 116199 116201 117982
29500 2321 2174 5 24232 24234 115273 115272 116313
29501 2181 2130 3 24233 24235 117981
29502 675 801 7 24236 24237 129672 124705 124704 129618 129829
29503 675 951 3 24237 24238 129683
29504 903 801 3 24239 24236 129970
29505 903 675 8 24236 24238 129523 129524 129001 128998 129974 129972
29506 951 801 8 24237 24239 29233 29234 127757 129697 129696 129684
29507 3953 3810 5 24241 24242 82689 81770 81769
29508 3953 3963 7 24242 24240 81744 81336 81335 82777 82688
29509 3953 3708 5 24240 24241 81814 82693 81778
29510 11722 134 3 24244 24245 26330
29511 11711 134 5 24245 24246 108742 108745 109129
29512 11711 11846 4 24246 24243 26406 110891
29513 11711 11722 6 24243 24245 111283 111285 111372 26405
29514 3476 3517 6 24247 24248 81829 81887 79580 79578
29515 3537 3517 5 24250 24247 81269 61073 61075
29516 3537 3476 5 24247 24249 81554 81556 82613
29517 3529 3517 6 24248 24250 61090 61072 61034 61033
29518 433 363 7 24251 24252 125325 126333 126255 114832 114833
29519 433 195 4 24252 24253 128436 125326
29520 517 195 6 24253 24254 29932 30787 125568 126717
29521 517 363 3 24254 24251 29930
29522 517 433 5 24251 24253 128211 126076 126078
29523 195 363 7 24252 24254 29931 126100 126098 126253 125327
29524 4095 3903 3 24256 24257 81641
29525 3903 4108 6 24259 24260 81097 81096 81238 81412
29526 2567 2536 5 24261 24262 118795 114032 114033
29527 2567 2657 6 24262 24263 139462 129610 113668 113667
29528 2398 2567 6 24261 24263 59468 59467 115181 115825
29529 2231 2249 4 24264 24265 140473 116746
29530 2231 2164 5 24265 24266 116752 139176 140015
29531 2159 2164 5 24266 24267 81945 114438 116663
29532 2159 2249 5 24267 24264 114725 82477 81943
29533 2159 2231 7 24264 24266 115018 26506 26503 29369 114980
29534 2164 2249 5 24265 24267 81944 140665 140474
29535 1935 2183 6 24268 24269 113861 26350 26349 113980
29536 1935 2319 7 24269 24270 24795 24796 82499 82501 112466
29537 2222 2319 9 24270 24271 102273 24632 24633 112878 113889 113963 112639
29538 2222 2183 9 24271 24268 118223 118224 101878 101879 114131 114130 113314
29539 2222 1935 5 24268 24270 112638 112615 112612
29540 2319 2183 3 24269 24271 113315
29541 2988 2972 3 24272 24273 83176
29542 3083 2972 6 24273 24274 114428 59723 59721 82482
29543 2972 2806 6 24272 24274 114563 115473 115474 83177
29544 265 1138 5 24275 24276 113106 102182 102180
29545 265 341 9 24276 24277 112489 24615 24616 25812 113101 113102 113104
29546 770 341 3 24277 24278 112999
29547 770 1138 10 24278 24275 113117 113153 113077 113043 112682 112681 112685 113091
29548 770 265 5 24275 24277 102243 102242 113116
29549 341 1138 4 24276 24278 113092 113093
29550 3413 3427 4 24279 24280 80026 80025
29551 3571 3427 5 24280 24281 75346 78106 78107
29552 3901 3733 5 24282 24283 83701 80386 80273
29553 3901 3694 7 24283 24284 75558 75559 80335 74650 74651
29554 3634 3901 4 24282 24284 24848 24850
29555 618 833 5 24285 24286 130922 143345 127383
29556 618 854 6 24286 24287 130905 130906 127414 127412
29557 788 854 7 24287 24288 29772 126150 131090 126814 126813
29558 788 833 5 24288 24285 127384 132570 29771
29559 854 833 7 24286 24288 29770 109869 130903 130896 130895
29560 2559 2476 8 24289 24290 24311 113810 113809 114320 113805 113806
29561 2195 2298 6 24291 24292 112902 112901 114087 114086
29562 2195 2476 6 24292 24289 81843 81842 114129 116150
29563 2195 2559 3 24289 24291 114101
29564 2298 2476 4 24290 24292 113176 24313
29565 1623 1890 3 24293 24294 24339
29566 1623 1859 5 24294 24295 107442 122497 24338
29567 1524 1859 4 24295 24296 117927 107444
29568 1524 1890 5 24296 24293 122063 24570 24569
29569 1524 1623 6 24293 24295 107443 122865 122903 122062
29570 1859 1890 8 24294 24296 25846 25848 118594 83805 83807 24340
29571 644 363 5 24298 24299 34694 34693 114832
29572 644 295 4 24299 24297 30459 125786
29573 1283 1375 4 24300 24301 118048 118049
29574 1283 1534 7 24301 24302 114441 124917 124915 124910 124436
29575 1386 1534 4 24302 24303 117575 114442
29576 1386 1375 9 24303 24300 114671 114673 128204 24958 24957 124818 124820
29577 1386 1283 7 24300 24302 114440 124827 128045 128292 118120
29578 1534 1375 4 24301 24303 124821 124437
29579 3344 3077 3 24304 24305 82585
29580 3344 3113 5 24305 24306 82552 82550 82588
29581 3145 3344 9 24304 24306 82580 82469 82468 82930 82615 82614 82586
29582 3437 3401 6 24307 24308 79885 24323 24326 81705
29583 3437 3212 6 24308 24309 61227 61225 81913 81914
29584 3234 3212 6 24309 24310 82284 82140 81938 81939
29585 3234 3401 4 24310 24307 79739 79741
29586 3234 3437 5 24307 24309 82257 82331 81706
29587 3212 3401 5 24308 24310 60137 60136 81660
29588 2559 2571 5 24311 24312 114080 114217 114077
29589 2476 2571 5 24313 24311 113709 113708 113175
29590 2298 2571 6 24312 24313 113174 116377 118377 114081
29591 2060 1807 5 24315 24316 118913 119188 119250
29592 1936 1807 8 24316 24317 29362 117820 117281 117283 119203 118914
29593 1936 2126 9 24317 24314 118426 118937 118417 116592 116591 117416 29360
29594 1936 2060 5 24314 24316 116015 116014 118425
29595 1807 2126 3 24315 24317 29361
29596 2154 2459 5 24319 24320 115203 115202 115404
29597 2154 2320 7 24320 24321 116230 82437 82436 115278 115280
29598 2376 2320 9 24321 24322 116139 115538 115204 29131 29132 114340 116415
29599 2376 2459 9 24322 24319 115406 29057 29056 116089 114159 114161 116134
29600 2376 2154 3 24319 24321 115405
29601 2320 2459 4 24320 24322 26361 26359
29602 3535 3437 7 24323 24324 82340 81798 81797 81913 79884
29603 3535 3468 6 24324 24325 78322 82346 82349 82350
29604 3401 3535 3 24323 24325 78323
29605 3468 3437 6 24324 24326 61000 60999 82341 82342
29606 3322 3164 6 24327 24328 82224 118890 78036 78037
29607 3322 3295 4 24328 24329 25220 82223
29608 3414 3295 5 24329 24330 63181 63182 25221
29609 3414 3322 7 24327 24329 25219 79191 79317 80559 79958
29610 3295 3164 9 24328 24330 79763 79182 79181 119018 118951 115251 82225
29611 2703 2847 8 24331 24332 118739 118740 118921 114407 114405 118973
29612 2703 2927 3 24332 24333 118693
29613 2762 2927 5 24333 24334 25984 114240 118694
29614 2762 2847 4 24334 24331 118978 25983
29615 2762 2703 7 24331 24333 115872 115871 118229 118647 118977
29616 2927 2847 7 24332 24334 25982 115391 24776 24778 118905
29617 3083 3133 9 24335 24336 61321 82424 82423 82428 59721 59722 24425
29618 3172 3133 6 24337 24335 24427 82432 82545 82023
29619 3168 3133 3 24336 24337 61322
29620 1704 1623 6 24338 24339 122062 122902 118510 118511
29621 1704 1890 7 24339 24340 119077 122520 122549 122587 122063
29622 1859 1704 4 24338 24340 119078 122509
29623 2910 2717 7 24341 24342 140512 140516 140407 139461 139458
29624 2910 2924 5 24342 24343 139450 140373 140505
29625 3029 2924 7 24343 24344 63292 63158 63160 139994 139452
29626 3029 2717 5 24344 24341 139460 136977 63291
29627 3029 2910 6 24341 24343 139451 136382 136381 139459
29628 2924 2717 6 24342 24344 63290 136874 140372 140511
29629 3166 3424 6 24345 24346 61576 82048 82157 82210
29630 3501 3215 4 24347 24348 79385 80531
29631 3501 3424 8 24348 24345 82122 82099 82098 80961 80572 79384
29632 3501 3166 5 24345 24347 82180 82179 82209
29633 3257 3134 7 24349 24350 81784 81786 80214 80215 80945
29634 3257 3344 3 24350 24351 82020
29635 3366 3344 9 24351 24352 82468 82470 82480 82479 82555 83100 82021
29636 3366 3134 3 24352 24349 82931
29637 3344 3134 6 24350 24352 82930 82943 83043 83044
29638 2902 2932 4 24353 24354 116118 116109
29639 3078 2932 4 24355 24353 115701 82036
29640 2248 2045 6 24356 24357 116816 116815 127906 135933
29641 2248 2231 6 24357 24358 139176 139356 139358 139415
29642 2018 2231 5 24358 24359 115019 115018 116752
29643 2018 2045 6 24359 24356 135935 116929 116928 116858
29644 2018 2248 5 24356 24358 139177 139405 135934
29645 2231 2045 4 24357 24359 114358 114356
29646 2410 2279 6 24360 24361 136915 136414 136413 135823
29647 2236 2279 7 24362 24360 135028 135025 135291 135290 136493
29648 2387 2279 5 24361 24362 136494 136662 136916
29649 109 410 5 24363 24364 123741 123743 123984
29650 109 92 11 24364 24365 124170 124216 124214 26200 26198 124370 124266 124264 124059
29651 366 92 3 24365 24366 124171
29652 366 410 6 24366 24363 123725 121513 121512 124177
29653 366 109 5 24363 24365 123657 111024 111023
29654 92 410 5 24364 24366 124189 123538 123536
29655 3756 3842 10 24367 24368 64017 65111 65112 66462 64937 64938 64939 64268
29656 3756 4080 5 24368 24369 61888 65094 64018
29657 4080 3842 3 24368 24370 63593
29658 2782 2603 5 24371 24372 119612 79293 79294
29659 2782 2638 7 24372 24373 120584 120585 28290 25353 25351
29660 11912 2638 4 24373 24374 25342 28209
29661 11912 2603 6 24374 24371 120622 121947 121686 25341
29662 11912 2782 4 24371 24373 120617 120621
29663 2638 2603 7 24372 24374 25340 25613 25614 120460 119613
29664 2155 2263 4 24375 24376 116429 116405
29665 2155 2175 6 24376 24377 115894 115895 116241 116242
29666 2154 2175 5 24377 24378 116400 116406 116176
29667 2154 2263 5 24378 24375 115202 115201 116227
29668 2154 2155 9 24375 24377 116175 81730 81732 116231 116230 115405 115404
29669 2175 2263 8 24376 24378 116399 116458 116427 114333 114335 116404
29670 1992 2051 4 24379 24380 116484 115017
29671 1992 1864 4 24380 24381 26917 26916
29672 1830 1864 7 24381 24382 114898 114775 114776 114838 116517
29673 1830 2051 4 24382 24379 114894 114896
29674 1830 1992 7 24379 24381 116580 115071 115070 115044 115016
29675 1864 2051 7 24380 24382 114950 29706 29703 116190 116191
29676 569 630 4 24384 24385 128591 126720
29677 660 630 8 24385 24386 119518 119517 129507 129534 26558 26557
29678 660 709 4 24386 24383 129620 128306
29679 660 569 5 24383 24385 128590 129571 129572
29680 630 709 6 24384 24386 124665 124191 124193 126721
29681 2537 2163 7 24387 24388 116465 116464 24760 24763 115354
29682 2302 2163 6 24389 24387 115355 116403 113213 113215
29683 2348 2163 6 24388 24389 116248 25442 25439 113318
29684 2970 2826 6 24390 24391 79905 63683 63686 115397
29685 2970 3168 5 24391 24392 115302 115301 115331
29686 3160 2826 3 24393 24390 79573
29687 3160 2970 4 24390 24392 82467 82466
29688 1864 1632 7 24394 24395 114506 114615 114616 114617 24428
29689 1864 1702 5 24395 24396 83985 114733 114507
29690 1656 1702 7 24396 24397 29526 114496 114495 116503 83986
29691 1656 1864 5 24394 24396 83984 114838 24429
29692 1702 1632 4 24395 24397 26157 26156
29693 1136 1012 9 24398 24399 27769 27770 138448 142618 142830 142829 142865
29694 1136 1064 4 24399 24400 27871 27869
29695 807 1064 8 24400 24401 131114 131269 27473 27475 27024 27026
29696 807 1012 5 24401 24398 142866 130999 130997
29697 807 1136 4 24398 24400 130359 142864
29698 1064 1012 5 24399 24401 131113 131478 30124
29699 11403 11313 4 24402 24403 102091 107436
29700 11403 11334 5 24403 24404 24941 24942 102092
29701 11051 11334 5 24404 24405 107711 107905 107904
29702 11051 11313 6 24405 24402 101199 101200 107485 107696
29703 11334 11313 7 24403 24405 107216 25877 25876 102094 102093
29704 1561 1400 6 24407 24408 117816 117815 118004 123415
29705 1500 1561 6 24406 24408 118016 117950 117952 117953
29706 1656 1641 3 24409 24410 114496
29707 1656 1703 7 24410 24411 27310 114594 114651 116502 114495
29708 1486 1703 4 24411 24412 124484 27311
29709 1486 1641 7 24412 24409 114455 82576 82578 124892 124483
29710 1703 1641 7 24410 24412 124482 26317 26318 24432 24433
29711 2706 2592 7 24413 24414 81990 81989 115345 115239 82967
29712 2706 2846 5 24414 24415 114141 115364 115706
29713 2654 2846 6 114142 24415 24416 114157 114158 -1
29714 2654 2592 6 24416 24413 82969 112764 112763 114128
29715 2654 2706 3 24413 24415 82968
29716 2846 2592 4 24414 24416 80575 80573
29717 10203 9818 9 24417 24418 102991 112242 112243 30606 30604 158444 158377
29718 10203 9499 3 24418 24419 102992
29719 9403 9818 6 24420 24417 158378 158424 36922 36924
29720 9403 10203 7 158390 158359 158360 24417 24419 103315 -1
29721 2875 3134 5 24422 24423 114266 114363 113736
29722 3148 3048 4 24424 24421 83003 83023
29723 3148 2875 5 24421 24423 114265 114291 83002
29724 3134 3048 4 24422 24424 80214 80216
29725 3139 3172 4 24426 24427 81800 81799
29726 3139 3133 5 24427 24425 81954 81953 82433
29727 1650 1864 4 24428 24429 114776 114618
29728 1861 1702 6 24430 24431 24503 115782 116605 116503
29729 1861 1641 3 24431 24432 24502
29730 1703 1702 3 24433 24430 114495
29731 1703 1861 9 24430 24432 116437 117781 24710 24712 116259 116258 116502
29732 1641 1702 6 24431 24433 114496 114455 114454 24504
29733 11590 11494 7 24434 24435 106281 106280 108919 122723 108893
29734 11590 11076 4 24435 24436 24520 108832
29735 11297 11076 8 24436 24437 107285 107288 107297 105613 104579 24521
29736 11297 11590 6 24434 24436 24519 108570 107136 107135
29737 11076 11494 4 24435 24437 108419 108420
29738 2906 2470 7 24438 24439 118505 82151 82150 118253 118885
29739 2906 2588 3 24439 24440 115914
29740 2772 2588 10 24440 24441 118370 118869 118685 118684 118631 75886 75883 81616
29741 2772 2470 4 24441 24438 118887 118369
29742 2772 2906 5 24438 24440 115619 115620 118882
29743 2852 2874 8 24442 24443 113107 113170 118617 112654 112655 113811
29744 2852 3203 5 24443 24444 114183 114147 113108
29745 3075 2874 8 24445 24442 114154 82367 82366 113919 113681 83925
29746 3075 2852 3 24442 24444 114153
29747 3203 2874 4 24443 24445 83926 113109
29748 1259 1151 6 24446 24447 127304 59769 59767 127424
29749 1259 1023 4 24447 24448 127530 127408
29750 1131 1023 7 24448 24449 114807 126141 126140 127403 127541
29751 1131 1151 6 24449 24446 29975 29974 139478 114806
29752 1131 1259 5 24446 24448 127542 127543 127917
29753 1023 1151 5 24447 24449 114805 30178 30175
29754 1650 1595 5 24450 24451 114110 114646 28633
29755 1656 1595 6 24452 24450 28635 114650 114594 114589
29756 1486 1595 6 24451 24452 114587 114586 114562 114112
29757 11563 11537 5 24453 24454 110905 110903 111292
29758 11532 11563 3 24453 24455 110869
29759 2482 2332 5 24456 24457 119597 116441 28597
29760 2482 2334 4 24457 24458 119792 119598
29761 2333 2334 6 24458 24459 118779 24951 24952 119524
29762 2333 2332 5 24459 24456 28599 119739 118777
29763 2333 2482 6 24456 24458 119786 119783 119736 28598
29764 2334 2332 5 24457 24459 118778 79280 79279
29765 2043 2054 5 24460 24461 120196 120199 114511
29766 2012 2054 3 24462 24460 114513
29767 1827 2054 7 24461 24462 118278 118235 118234 122555 122556
29768 2314 2424 7 24463 24464 138004 138003 139987 135893 135894
29769 2314 2267 5 24464 24465 140034 140007 139977
29770 2467 2267 7 24465 24466 136973 136975 139969 139968 140032
29771 2467 2424 7 24466 24463 140008 137510 137511 138331 140398
29772 2467 2314 3 24463 24465 140023
29773 2267 2424 5 24464 24466 137538 117215 117216
29774 1997 1610 4 24467 24468 122201 120180
29775 1997 2310 4 24468 24469 122388 122202
29776 2307 1997 7 24467 24469 122390 120331 120332 122180 120179
29777 1322 1332 6 24470 24471 138087 138014 138015 138357
29778 1322 1530 6 24471 24472 127339 130929 27886 27889
29779 1504 1530 7 24472 24473 138123 26246 26244 127213 127340
29780 1504 1332 7 24473 24470 130276 130277 138250 138220 138122
29781 1504 1322 4 24470 24472 127338 131405
29782 1530 1332 7 24471 24473 137434 137436 138232 138226 138106
29783 1627 1543 9 24474 24475 117221 117528 117717 116481 116482 115878 115879
29784 1627 1927 7 24475 24476 115108 114344 114345 115197 115198
29785 1686 1543 6 24477 24474 117931 125092 113442 113444
29786 1686 1627 4 24474 24476 24788 24787
29787 1927 1543 3 24475 24477 117222
29788 1974 2061 3 24479 24480 113836
29789 1924 2061 7 24480 24481 118353 116436 25101 24994 24995
29790 1924 2086 5 24481 24478 118448 118447 118472
29791 1924 1974 7 24478 24480 113239 113240 118480 118285 118287
29792 2061 2086 5 24479 24481 118474 118473 118475
29793 797 664 4 24482 24483 123125 123307
29794 797 791 10 24483 24484 123133 124281 124569 124343 111574 111575 117924 123126
29795 524 791 4 24484 24485 123458 123134
29796 524 664 6 24485 24482 123308 123460 123459 123457
29797 524 797 4 24482 24484 121521 121519
29798 2856 3000 5 24486 24487 140918 141305 141090
29799 2856 3022 8 24487 24488 141290 116778 116776 140122 141386 140919
29800 3137 3022 5 24488 24489 58706 59473 59671
29801 3137 3000 5 24489 24486 141092 59756 58704
29802 3137 2856 7 24486 24488 139835 60550 58859 58861 141091
29803 3022 3000 4 24487 24489 58705 59782
29804 1000 937 7 24490 24491 125743 30190 26592 26593 26809
29805 1000 975 5 24491 24492 126036 127300 125744
29806 866 975 7 24492 24493 127217 124463 124465 126027 126026
29807 866 937 6 24493 24490 126161 127218 127586 127216
29808 866 1000 4 24490 24492 125997 125996
29809 975 937 3 24491 24493 125745
29810 1481 1306 8 24494 24495 131098 133645 132158 132159 132186 132185
29811 1481 1621 4 24495 24496 132245 131099
29812 1513 1306 3 24497 24494 132059
29813 1513 1481 6 24494 24496 132377 131897 131819 131821
29814 1621 1306 5 24495 24497 132058 132240 131100
29815 2422 2558 5 24498 24499 24669 139584 138262
29816 2422 2568 6 24499 24500 140655 140677 140697 24668
29817 2681 2568 5 24500 24501 140534 140536 140537
29818 2681 2558 9 24501 24498 138264 140073 140074 115506 115505 115560 140533
29819 2681 2422 5 24498 24500 140626 140600 138263
29820 2568 2558 4 24499 24501 115607 24670
29821 1812 1861 9 24502 24503 115369 115367 116239 29738 29736 117761 116437
29822 1812 1702 4 24503 24504 115039 115040
29823 1641 1812 7 24502 24504 116182 82450 82449 26316 26318
29824 2594 2621 7 24505 24506 115790 115159 115158 115146 114967
29825 2744 2621 4 24506 24507 115679 115678
29826 2691 2732 7 24508 24509 114315 114313 116197 115888 115889
29827 2691 2851 5 24509 24510 29746 29744 116108
29828 2932 2851 5 24510 24511 114206 115867 115866
29829 2932 2732 6 24511 24508 116115 116114 116132 114204
29830 2932 2691 5 24508 24510 115887 82989 82991
29831 2851 2732 3 24509 24511 114205
29832 3192 3200 5 24513 24514 28669 28671 78531
29833 879 883 6 24515 24516 143307 127143 127141 126575
29834 879 952 4 24516 24517 132573 132574
29835 1054 952 7 24517 24518 127104 126416 126415 131351 131352
29836 1054 883 3 24518 24515 126577
29837 11234 11076 6 24520 24521 102200 102199 106794 108827
29838 11234 11297 4 24521 24519 101671 101670
29839 11234 11590 6 24519 24520 108908 108577 108576 108571
29840 4184 4260 4 24522 24523 81091 79773
29841 4184 4267 5 24523 24524 81382 80601 80602
29842 4231 4267 3 24524 24525 81383
29843 4231 4184 7 24522 24524 73055 73056 81301 81300 79774
29844 5256 5459 6 24527 24528 48511 96032 74901 74902
29845 5067 5459 4 24528 24529 75528 48512
29846 5067 4922 8 24529 24526 77585 77724 76676 76365 73785 73784
29847 5067 5256 4 24526 24528 48510 75676
29848 1760 1859 7 24533 24534 113750 122513 122510 122509 122497
29849 1760 1877 6 24534 24535 81994 122527 122309 113751
29850 1631 1760 5 24533 24535 81995 122575 122498
29851 1489 1601 8 24536 24537 118021 118008 118009 117859 117858 117949
29852 1489 1409 5 24537 24538 115588 115586 118022
29853 1402 1409 4 24538 24539 117212 117774
29854 1402 1489 6 24536 24538 116558 116560 25979 25981
29855 1409 1601 5 24537 24539 117211 24651 24650
29856 361 11780 4 24540 24541 100993 100992
29857 11870 11780 6 24542 24540 122799 24922 24921 109352
29858 229 11780 8 24541 24542 109279 108406 108408 109301 121161 123198
29859 1428 1049 8 24543 24544 117236 114514 114515 118283 122953 24798
29860 1428 1334 4 24544 24545 118227 118195
29861 1440 1049 3 24546 24543 24800
29862 1440 1428 7 24543 24545 118228 118261 114010 113294 24799
29863 1334 1049 9 24544 24546 116456 116455 118036 109468 109469 118012 118011
29864 310 434 4 24547 24548 27009 114490
29865 664 547 7 24549 24550 122963 122964 122870 122869 117692
29866 664 901 4 24550 24551 123076 123075
29867 895 901 10 24551 24552 113032 110334 110331 122639 122640 123465 123267 123268
29868 895 547 3 24552 24549 117694
29869 901 547 4 24550 24552 123127 123158
29870 2688 2715 10 24553 24554 119303 119306 136012 136105 136111 24656 24657 119743
29871 2688 2570 7 24554 24555 119957 63953 63954 118902 119732
29872 2375 2570 6 24555 24556 26071 24981 24979 119958
29873 2375 2715 6 24556 24553 28741 28743 119936 119621
29874 2375 2688 3 24553 24555 119899
29875 2570 2715 5 24554 24556 79375 79374 119955
29876 141 304 4 24557 24558 34481 143619
29877 85 304 4 24559 24557 143620 143670
29878 1870 1754 4 24560 24561 117051 117052
29879 1848 1710 8 24562 24563 116970 116955 116956 117739 117996 25297
29880 1848 1754 5 24563 24560 117852 139386 116969
29881 1848 1870 4 24560 24562 24720 24719
29882 1710 1754 6 24561 24563 116713 116715 116690 116691
29883 11646 11857 4 24565 24566 107934 113284
29884 11398 11646 4 24564 24566 94787 94789
29885 11857 11311 8 24565 24567 25479 102188 108559 99532 99531 118686
29886 1890 1940 7 24568 24569 25846 25847 84421 84422 118395
29887 1537 1940 5 24571 24568 118246 113830 113829
29888 1537 1890 5 24568 24570 122587 118530 118396
29889 1524 1940 5 24569 24571 117079 117078 117927
29890 641 578 4 24572 24573 26616 26614
29891 819 578 7 24573 24574 116383 116381 124592 124390 124388
29892 578 670 5 24572 24574 111288 111287 26919
29893 2322 2459 3 24575 24576 82820
29894 2322 2592 7 24576 24577 116276 114465 114466 116340 113724
29895 2563 2592 4 24577 24578 116153 116226
29896 2563 2459 7 24578 24575 82822 115713 115299 115298 115809
29897 2563 2322 6 24575 24577 116336 116335 116334 82821
29898 2592 2459 6 24576 24578 116152 115304 113881 113725
29899 1855 1758 6 24579 24580 117106 116884 112714 112713
29900 1816 1812 8 24581 24582 82451 82450 115041 115040 115369 115366
29901 1816 1758 5 24582 24579 114435 26343 26345
29902 1816 1855 5 24579 24581 114413 114412 115151
29903 1812 1758 4 24580 24582 116296 117107
29904 3399 4192 4 24584 24585 25460 25458
29905 3224 3419 4 24586 24583 122244 76485
29906 3224 3399 4 24583 24585 74361 107433
29907 4192 3419 6 24584 24586 76486 76504 76494 76393
29908 1817 1991 8 24587 24588 115188 118143 118255 112760 112761 116326
29909 1817 1835 4 24588 24589 114100 115189
29910 2109 1835 5 24589 24590 116412 112909 112908
29911 2109 1991 4 24590 24587 116328 116448
29912 2109 1817 7 24587 24589 26457 26459 116493 116491 116327
29913 1835 1991 6 24588 24590 116303 115372 115374 115190
29914 1735 1780 7 24591 24592 114132 114133 116688 116689 117311
29915 1735 1809 6 24592 24593 117303 117265 117131 117129
29916 2082 1780 5 24594 24591 116882 116879 117125
29917 2082 1735 6 24591 24593 117304 114904 114906 117313
29918 1809 1780 4 24592 24594 117126 117219
29919 417 353 5 24596 24597 126248 125810 30527
29920 382 471 7 24598 24595 126430 126429 126553 126478 126477
29921 382 417 3 24595 24597 126487
29922 353 471 4 24596 24598 126242 30528
29923 1627 1762 5 24599 24600 116481 117506 115833
29924 1627 1440 4 24600 24601 117864 116482
29925 1379 1440 7 24601 24602 113295 24799 24800 111536 111535
29926 1379 1627 7 24599 24601 116477 113967 113966 114047 115834
29927 1440 1762 6 24600 24602 114012 114010 118197 116483
29928 2284 2465 5 24603 24604 115170 115168 116449
29929 2284 2298 5 24604 24605 118378 118379 118377
29930 2251 2298 5 24605 24606 24732 112467 116320
29931 2251 2465 8 24606 24603 116450 118461 113925 113924 102272 24730
29932 2251 2284 7 24603 24605 25972 25971 24728 24727 29802
29933 2298 2465 5 24604 24606 24731 114027 114081
29934 2277 2329 8 24607 24608 29513 29514 139919 116707 116706 116741
29935 2277 2419 3 24608 24609 29517
29936 2142 2419 5 24609 24610 116717 116679 115824
29937 2142 2329 4 24610 24607 29688 29690
29938 2142 2277 9 24607 24609 115823 115370 115260 115259 115931 116762 116742
29939 2419 2329 8 24608 24610 116817 116848 116841 116840 116839 29518
29940 271 111 6 24612 24613 112636 112526 101467 101466
29941 11317 341 4 24616 24617 26328 25814
29942 11317 8 7 24617 24614 112789 112788 102223 102222 26327
29943 11317 265 5 24614 24616 25813 101833 101835
29944 341 8 4 24615 24617 26326 102207
29945 887 1041 7 24618 24619 122735 122904 122899 122897 122901
29946 887 1240 5 24619 24620 123265 108543 108544
29947 890 1240 4 24620 24621 120940 120937
29948 890 1041 4 24621 24618 118064 118063
29949 890 887 7 24618 24620 121093 108939 108936 112911 112910
29950 2730 2579 6 24622 24623 24815 24813 64190 64189
29951 2730 2848 8 24623 24624 63012 136582 64473 64472 135520 119130
29952 2780 2848 8 24624 24625 136004 63994 63993 136077 136858 63013
29953 2780 2579 7 24625 24622 136587 134867 134866 135383 136003
29954 2780 2730 3 24622 24624 63011
29955 2848 2579 4 24623 24625 136002 119131
29956 3716 3776 6 24626 24627 76107 75727 75728 80152
29957 3716 3944 4 24627 24628 75357 76108
29958 3707 3944 7 24628 24629 80154 80483 80490 76189 75358
29959 3707 3716 6 24626 24628 75356 76231 76251 80107
29960 2465 2540 8 24630 24631 114126 114167 114194 118460 113925 113923
29961 2222 2540 5 24633 24630 114131 112823 112824
29962 2222 2465 4 24630 24632 102272 114130
29963 2319 2540 4 24631 24633 112877 114127
29964 2461 2649 4 24634 24635 115964 113427
29965 2461 2535 6 24635 24636 24905 114888 115746 115745
29966 2580 2535 5 24636 24637 115689 115603 24907
29967 2580 2649 7 24637 24634 113428 115637 115822 115551 115550
29968 2580 2461 8 24634 24636 24906 116571 115274 115275 82017 82018
29969 2535 2649 5 24635 24637 115632 115634 115962
29970 11330 11370 7 24638 24639 111946 111942 111945 108503 108502
29971 11370 11395 7 24638 24640 104358 104357 111382 111381 112193
29972 11403 11660 6 24642 24643 24942 24943 101980 107743
29973 208 11660 6 24643 24644 122958 112646 101241 101238
29974 208 11550 5 24644 24641 107961 107962 122947
29975 208 11403 5 24641 24643 102092 102091 107435
29976 11660 11550 6 24642 24644 122959 112915 108591 107744
29977 1918 1779 5 24645 24646 25304 25302 119476
29978 1809 1787 7 24647 24648 24885 117346 117220 117126 117127
29979 1809 1779 4 24648 24645 115974 24884
29980 1809 1918 4 24645 24647 117710 119451
29981 1787 1779 4 24646 24648 24883 116346
29982 1601 1438 5 24649 24650 118021 117176 117177
29983 1330 1409 4 24651 24652 117605 117604
29984 1330 1438 5 24652 24649 105736 105733 117879
29985 1330 1601 6 24649 24651 116237 116238 118003 117921
29986 1409 1438 6 24650 24652 117878 117907 118020 118022
29987 2039 1852 3 24653 24654 26332
29988 2039 1927 5 24654 24655 118359 114013 26333
29989 2032 2039 7 24653 24655 118360 119240 118159 118084 118072
29990 2688 2463 4 24657 24658 136053 119744
29991 2555 2463 8 24658 24659 120663 120692 119136 119139 135981 135980
29992 2555 2715 5 24659 24656 135910 120632 120631
29993 2555 2688 5 24656 24658 136052 136072 136073
29994 2463 2715 6 24657 24659 120662 119935 28743 28742
29995 858 735 7 24660 24661 26408 128432 127707 126572 126574
29996 858 934 6 24661 24662 126115 126071 126069 26407
29997 751 934 3 24662 24663 126116
29998 751 735 8 24663 24660 29264 29200 29201 126558 127244 126803
29999 751 858 4 24660 24662 27095 27097
30000 934 735 5 24661 24663 126802 127247 26409
30001 1950 1786 7 24664 24665 132306 132309 139105 131651 131652
30002 1950 1888 8 24665 24666 65061 134505 136286 29380 29381 136526
30003 1460 1888 5 24666 24667 135080 135047 65063
30004 1460 1786 7 24667 24664 135082 138760 137814 137811 136371
30005 1460 1950 3 24664 24666 65062
30006 2381 2422 8 24668 24669 114876 114875 139345 139346 140479 140478
30007 2381 2558 7 24669 24670 115606 140735 140768 114720 114721
30008 2568 2381 4 24668 24670 115494 115495
30009 776 938 7 24671 24672 24930 24931 124795 117597 117600
30010 955 762 6 24673 24674 26943 115692 115693 124596
30011 955 776 4 24671 24673 125876 125927
30012 762 938 3 24672 24674 26942
30013 1056 884 4 24677 24678 127522 127211
30014 1056 888 7 24678 24675 126124 127833 126012 126014 127834
30015 1056 1057 5 24675 24677 126261 126259 126123
30016 884 888 6 24676 24678 26963 26960 127260 127490
30017 279 214 4 24679 24680 131564 32026
30018 279 146 5 24680 24681 146457 131741 131563
30019 119 146 4 24681 24682 126365 126364
30020 119 214 5 24682 24679 32028 131616 129088
30021 119 279 8 24679 24681 146135 131725 131722 131674 130677 32027
30022 146 214 8 24680 24682 129087 29181 29180 129984 131385 131413
30023 2355 2291 8 24685 24686 119176 119175 119423 119052 117744 117742
30024 2355 2097 5 24686 24683 117340 119214 119254
30025 2355 2198 6 24683 24685 28711 28713 118440 117339
30026 2291 2097 6 24684 24686 119253 135564 119213 119212
30027 2044 2260 5 24687 24688 136441 136500 136545
30028 2044 2160 5 24688 24689 135782 135026 135027
30029 2069 2160 7 24689 24690 136803 136760 136757 129441 129442
30030 2069 2260 8 24690 24687 135217 135063 135064 27226 27228 136802
30031 2069 2044 6 24687 24689 136625 138849 132308 132307
30032 2160 2260 6 24688 24690 136801 29037 29038 136442
30033 2656 3447 5 24692 24693 58833 58834 142024
30034 2656 3233 5 24693 24691 137402 58503 58502
30035 10900 10833 6 24694 24695 142052 39097 39098 142225
30036 10900 696 4 24695 24696 155877 155876
30037 846 696 7 24696 24697 126037 126040 142210 142208 142206
30038 846 10833 6 24697 24694 142227 155748 155809 155810
30039 846 10900 4 24694 24696 155924 142226
30040 696 10833 4 24695 24697 155992 155989
30041 1292 1147 6 24699 24700 134669 134670 134916 134520
30042 944 1147 5 24700 24701 128980 134629 134627
30043 944 1282 5 24701 24698 129298 123917 123918
30044 944 1292 6 24698 24700 129960 129959 132273 129297
30045 1147 1282 8 24699 24701 128979 129925 32765 32764 29048 29047
30046 1782 1919 8 24702 24703 140998 140896 140867 129069 129070 126134
30047 1782 1820 5 24703 24704 126159 140961 141001
30048 1791 1820 8 24704 24705 127462 127461 140812 140937 139580 126160
30049 1791 1919 3 24705 24702 126136
30050 1791 1782 6 24702 24704 126158 140709 140908 126135
30051 1820 1919 9 24703 24705 140805 140804 140806 140815 141016 141003 141002
30052 1291 1506 3 24706 24707 123283
30053 1291 1346 6 24707 24708 123516 123821 25394 25393
30054 1678 1346 6 24708 24709 25313 25314 120733 120899
30055 1678 1506 6 24709 24706 28342 25828 25826 120411
30056 1678 1291 6 24706 24708 123515 121009 121008 121011
30057 1346 1506 7 24707 24709 121080 121079 121078 123466 123284
30058 1861 2042 5 24710 24711 115252 116235 118054
30059 1861 1835 8 24711 24712 116511 116510 116509 114106 114105 115253
30060 1703 2042 3 24713 24710 118055
30061 1835 2042 9 24711 24713 118056 116329 115374 115375 116407 115266 115254
30062 2500 2670 5 24714 24715 119230 115780 115778
30063 2500 2639 6 24715 24716 118963 114018 114019 119245
30064 2664 2639 4 24716 24717 116070 116071
30065 2664 2670 5 24717 24714 118364 118850 118852
30066 2664 2500 5 24714 24716 116322 116321 118363
30067 2639 2670 5 24715 24717 119056 119068 119069
30068 1870 2010 6 24718 24719 117052 117050 116147 116148
30069 1942 1848 7 24720 24721 116766 116768 118073 117997 25297
30070 1942 2010 6 24721 24718 117819 117168 117170 117172
30071 1942 1870 5 24718 24720 25296 114296 114297
30072 1848 2010 5 24719 24721 117186 139385 117852
30073 2742 2485 5 24722 24723 113739 113737 113817
30074 2742 2622 5 24723 24724 114168 113790 113788
30075 2591 2622 7 24724 24725 112972 113218 83018 83015 113438
30076 2591 2485 5 24725 24722 113818 82524 82523
30077 2591 2742 4 24722 24724 24758 24757
30078 2622 2485 7 24723 24725 112971 114136 114125 114122 113986
30079 2284 2367 6 24726 24727 29801 84982 84980 112532
30080 2209 2251 3 24728 24729 113841
30081 2209 2367 7 24729 24726 118392 118589 118553 118552 118557
30082 2209 2284 6 24726 24728 113840 118403 118526 118391
30083 2251 2367 7 24727 24729 118555 118554 118462 118461 29803
30084 2319 2251 5 24730 24732 112466 113315 102273
30085 928 676 3 24733 24734 125154
30086 928 682 6 24734 24735 111407 111405 112756 112754
30087 993 682 4 24735 24736 124941 124940
30088 993 676 7 24736 24733 125096 112862 112861 117792 117829
30089 993 928 9 24733 24735 125228 125322 125256 125258 112853 112852 123039
30090 682 676 7 24734 24736 112723 112722 123036 123035 125155
30091 1221 1327 6 24738 24739 131347 132385 132383 132327
30092 1243 1513 7 24740 24737 131519 131821 132059 131693 66454
30093 1243 1221 5 24737 24739 131348 66277 66276
30094 1327 1513 4 24738 24740 66453 131540
30095 3268 3037 6 24741 24742 75875 84413 75967 75965
30096 3268 3030 8 24742 24743 84280 83861 83860 84411 122448 75876
30097 3005 3268 4 24741 24743 83786 80539
30098 1875 1895 5 24745 24746 120706 120870 120853
30099 1875 2022 9 24746 24747 120843 120615 120616 120856 120857 120486 120484
30100 1851 2022 4 24747 24748 119724 119723
30101 1851 1895 7 24748 24745 120680 119737 25252 25251 120848
30102 1851 1875 4 24745 24747 80141 80143
30103 2022 1895 4 24746 24748 120849 120707
30104 11699 11527 5 24750 24751 111859 111861 112014
30105 11699 11764 5 24751 24749 112087 118151 112055
30106 11699 11373 5 24749 24750 112071 112072 112086
30107 1763 2149 6 24752 24753 113917 83851 83852 113652
30108 1763 1603 8 24753 24754 113223 113909 113999 113853 113854 113916
30109 2168 1603 4 24754 24755 113766 113224
30110 2168 1763 4 24752 24754 113222 113663
30111 1603 2149 5 24753 24755 113759 113760 113761
30112 2742 2820 6 24756 24757 113817 114236 114238 114322
30113 2686 2591 5 24758 24759 113691 113437 113438
30114 2686 2820 5 24759 24756 114319 112944 112946
30115 2686 2742 6 24756 24758 114168 114169 114275 114304
30116 2591 2820 7 24757 24759 113733 113732 114282 114308 113818
30117 2209 1988 7 24761 24762 118403 113792 113195 113193 79919
30118 2163 1988 9 24762 24763 118401 118136 118086 113802 113801 118142 118538
30119 2163 2209 3 24760 24762 118526
30120 1988 2537 4 24761 24763 118409 79920
30121 2562 2384 3 24765 24766 115305
30122 2592 2384 7 24766 24767 113863 113862 116340 113880 113881
30123 2592 2521 3 24767 24764 115193
30124 2592 2562 7 24764 24766 115304 115399 115344 115239 115241
30125 2384 2521 7 24765 24767 115031 115030 115102 29058 29055
30126 2384 1902 5 24768 24769 114969 114113 114114
30127 2384 2147 8 24769 24770 114627 116275 116274 116244 116243 114971
30128 2036 2384 6 24768 24770 114628 114955 59719 59718
30129 2683 2766 7 24771 24772 115900 112966 112964 118922 115903
30130 2683 2536 5 24772 24773 116085 119189 116080
30131 2461 2536 8 24773 24774 115964 115745 115744 115768 119058 116086
30132 2461 2766 7 24774 24771 115905 113965 82016 82018 113427
30133 2461 2683 4 24771 24773 115989 115904
30134 2536 2766 4 24772 24774 115762 115761
30135 2999 2847 5 24775 24776 115390 115984 118982
30136 2999 2927 5 24776 24777 79890 24803 24801
30137 2929 2927 4 24777 24778 118863 79892
30138 2929 2847 5 24778 24775 112963 112965 118906
30139 2929 2999 6 24775 24777 79891 115929 116082 116360
30140 11911 2636 4 24779 24780 121885 121904
30141 11911 11909 7 24780 24781 76752 77312 120068 120066 120215
30142 11912 11909 4 24781 24782 121042 76754
30143 11912 2636 6 24782 24779 104468 104467 121820 121821
30144 11912 11911 9 24779 24781 76753 121947 121951 121959 121937 121833 121832
30145 11909 2636 7 24780 24782 121817 121816 134172 77045 77042
30146 4568 5059 6 24783 24784 75711 75709 84531 84630
30147 1627 1365 6 24786 24787 115879 115880 113967 113968
30148 1489 1686 8 24788 24789 116952 25979 25978 117858 117857 117876
30149 1489 1365 5 24789 24786 117880 118098 117818
30150 1489 1627 5 24786 24788 115108 115107 117866
30151 1686 1365 5 24787 24789 117817 123044 117931
30152 1436 1526 8 24790 24791 113289 113287 121368 121366 122170 76161
30153 1436 986 3 24791 24792 122089
30154 1932 986 6 24792 24793 76703 76704 107706 107703
30155 1932 1526 4 24793 24790 76163 122085
30156 986 1526 6 24791 24793 102116 102115 106414 106413
30157 1935 1905 6 24794 24795 112638 113799 112604 112603
30158 1929 2319 5 24796 24797 83833 83031 82543
30159 1929 1935 4 24794 24796 82542 113615
30160 2319 1905 5 24795 24797 113961 113962 112639
30161 1379 1049 6 24800 24798 122952 25863 25865 116456
30162 1379 1428 5 24798 24799 113293 118262 122839
30163 2999 2833 6 24801 24802 118992 79425 79428 115390
30164 2999 3164 5 24802 24803 115250 115251 118950
30165 2927 3164 7 24803 24804 113210 118894 118891 118890 116911
30166 2927 2833 4 24804 24801 115391 113209
30167 3164 2833 7 24802 24804 79234 79231 115412 115409 117201
30168 987 697 7 24805 24806 131712 131510 26864 26865 129808
30169 987 598 5 24806 24807 130662 130660 131711
30170 897 598 6 24807 24808 130454 28922 28925 29410
30171 897 697 3 24808 24805 129809
30172 897 987 8 24805 24807 28227 28226 66440 66437 29155 29154
30173 598 697 6 24806 24808 130610 130609 131414 131701
30174 1329 1047 7 24809 24810 121188 121633 121634 121621 25331
30175 1329 1369 5 24810 24811 106375 78875 78876
30176 1414 1369 3 24811 24812 108727
30177 1414 1047 6 24812 24809 25332 121319 121321 121343
30178 1414 1329 6 24809 24811 108726 121778 96253 25330
30179 1369 1047 7 24810 24812 121344 121348 25806 25807 121189
30180 2730 2380 4 24813 24814 82136 118970
30181 2730 2462 8 24814 24815 119130 135519 136010 135794 135793 82137
30182 2579 2462 4 24815 24816 136712 119131
30183 2579 2380 5 24816 24813 118971 136113 136811
30184 2462 2380 7 24814 24816 136810 136812 136809 136792 82138
30185 744 923 10 24817 24818 128774 129476 26834 26832 123048 129481 128530 128350
30186 744 691 8 24818 24819 128337 125604 125602 129486 129480 128775
30187 693 691 8 24819 24820 117595 117593 123691 124202 123686 123689
30188 693 923 5 24820 24817 123650 117020 117022
30189 693 744 3 24817 24819 128351
30190 691 923 3 24818 24820 123663
30191 3046 3177 7 24821 24822 79429 118941 82247 82246 79424
30192 3227 3177 4 24822 24823 79906 79431
30193 1099 1231 8 24824 24825 117769 117812 117362 117363 117588 117587
30194 1099 1304 6 24825 24826 117442 109457 107537 107538
30195 1239 1231 8 24827 24824 117583 117373 117372 119255 121472 123472
30196 1239 1099 3 24824 24826 117441
30197 1304 1231 6 24825 24827 123473 123421 123420 117770
30198 1723 1802 6 24828 24829 25100 117205 117203 122614
30199 1723 2061 4 24829 24830 24993 24994
30200 2116 2061 6 24830 24831 112888 24878 24875 25005
30201 2116 1802 7 24831 24828 122615 119314 116468 116469 117923
30202 2116 1723 4 24828 24830 25004 119874
30203 2061 1802 4 24829 24831 116435 25101
30204 1802 2041 6 24832 24833 117780 117778 117923 116435
30205 1802 1630 8 24833 24834 117205 117204 118251 118250 119279 117940
30206 1924 1630 5 24834 24835 117621 117618 118441
30207 1924 1802 4 24832 24834 25100 25101
30208 1630 2041 3 24833 24835 117941
30209 3713 2964 6 24836 24837 58551 141965 132689 132688
30210 10689 10100 5 24840 24841 106388 96222 96221
30211 10689 10954 6 24841 24838 106507 106833 106543 106387
30212 10689 10143 5 24838 24840 106177 96232 96229
30213 10100 10954 5 24839 24841 25759 25758 106331
30214 2442 3033 6 24843 24844 76699 76688 76689 76711
30215 2202 2612 4 24845 24842 121982 122050
30216 2202 2442 4 24842 24844 105952 121253
30217 3033 2612 5 24843 24845 121688 74616 74613
30218 3851 3406 5 24846 24847 76073 76074 76153
30219 3901 3673 3 24848 24849 75558
30220 3901 3908 9 24849 24850 80273 80387 80865 83519 83453 80900 75559
30221 3634 3908 3 24850 24851 80274
30222 3367 3102 8 24853 24854 76446 79073 79118 75993 75995 76004
30223 3240 3102 5 24854 24855 73519 120206 76447
30224 3240 3235 4 24855 24852 76096 73518
30225 3102 3235 7 24853 24855 73517 96061 96060 122481 76005
30226 5428 5059 3 24857 24858 83469
30227 1492 1555 5 24859 24860 122569 122326 122111
30228 1492 1634 3 24860 24861 122607
30229 1676 1634 5 24861 24862 119387 119386 121103
30230 1676 1555 4 24862 24859 118386 118385
30231 1676 1492 8 24859 24861 118430 118432 122321 122320 107541 107543
30232 1634 1555 6 24860 24862 118546 118547 122292 122611
30233 3571 3428 3 24864 24865 77975
30234 3571 3721 8 24865 24863 80506 79715 79714 79609 75346 75347
30235 3571 3515 6 24863 24864 75834 75832 80444 80443
30236 2906 2889 9 24866 24867 118520 114210 79135 79133 115620 118753 80009
30237 2906 3270 4 24867 24868 82221 118521
30238 3032 3270 6 24868 24869 82160 81607 79973 79975
30239 3032 2889 5 24869 24866 80010 118645 118644
30240 3032 2906 4 24866 24868 82222 80008
30241 3270 2889 5 24867 24869 118643 118121 118123
30242 2804 2898 7 24870 24871 25730 107886 107888 120241 119682
30243 10780 11624 5 24872 24873 101189 101190 101690
30244 10780 11513 4 24873 24874 99436 101912
30245 2318 2061 4 24875 24876 118243 116131
30246 2318 2176 4 24876 24877 118819 118244
30247 2116 2176 5 24877 24878 112889 118479 118820
30248 2176 2061 6 24876 24878 112887 118353 118474 118245
30249 4264 4131 9 24879 24880 77189 77182 77125 77124 77094 77095 77159
30250 4264 4930 6 24880 24881 77090 77342 77266 77268
30251 5232 4930 6 24881 24882 65923 65776 65686 65685
30252 5232 4131 5 24882 24879 77238 64582 64580
30253 4930 4131 5 24880 24882 65920 65888 65889
30254 1727 1779 8 24883 24884 115973 117422 25087 25088 26059 116345
30255 4538 4275 5 24886 24887 58214 67062 34149
30256 4538 4334 3 24887 24888 58215
30257 4810 4275 4 24889 24886 34151 58086
30258 4810 4538 8 24886 24888 62292 67477 67061 66964 58270 34150
30259 4334 4275 6 24887 24889 27891 27890 66955 58216
30260 1594 1736 7 24890 24891 117305 117306 127955 116728 116729
30261 1594 1587 8 24891 24892 117181 139178 116671 116672 117299 117300
30262 1856 1587 6 24892 24893 138381 139209 117189 117182
30263 1856 1736 6 24893 24890 138700 139294 128156 128157
30264 1856 1594 5 24890 24892 117180 139258 138699
30265 1587 1736 5 24891 24893 138380 124584 124583
30266 3210 3430 5 24894 24895 62723 62581 62582
30267 3210 3253 4 24895 24896 29648 61379
30268 3329 3210 6 24894 24896 29647 63115 62808 62585
30269 850 1034 4 24897 24898 26531 26534
30270 850 1088 8 24898 24899 129274 128941 26778 26776 129399 128028
30271 834 1088 3 24899 24900 123700
30272 834 1034 5 24900 24897 121511 123664 123699
30273 834 850 6 24897 24899 117227 117229 129477 121510
30274 2339 2642 5 24901 24902 27230 114173 114171
30275 2339 2397 7 24902 24903 119057 118138 118141 118485 27231
30276 2427 2397 4 24903 24904 78951 78954
30277 2427 2642 10 24904 24901 115831 115832 118789 118790 119626 79962 79964 114202
30278 2427 2339 4 24901 24903 118415 118413
30279 2397 2642 5 24902 24904 118967 115773 27232
30280 2461 2419 5 24905 24906 116572 116535 114887
30281 2535 2419 6 24907 24905 114889 115720 29211 29210
30282 2580 2419 5 24906 24907 60204 60202 116439
30283 2308 2272 4 24908 24909 114665 79842
30284 2308 2378 5 24909 24910 82171 82169 115028
30285 2398 2272 5 24911 24908 79844 116849 115741
30286 2398 2308 6 24908 24910 115764 116755 129408 79843
30287 2378 2272 6 24909 24911 115742 115828 115611 115608
30288 2166 2148 6 24912 24913 119207 116027 116026 117174
30289 2166 2050 4 24913 24914 119238 119208
30290 2039 2050 5 24914 24915 118358 118359 118360
30291 2039 2148 3 24915 24912 118416
30292 2039 2166 7 24912 24914 119240 119239 119367 29356 29358
30293 2050 2148 9 24913 24915 79928 79930 115858 115155 113189 113188 118412
30294 2828 2880 7 24916 24917 59021 59019 30233 30231 59015
30295 2828 2967 3 24917 24918 60636
30296 3126 2967 7 24918 24919 137318 60439 60438 137371 60638
30297 3126 2880 3 24919 24916 59017
30298 3126 2828 6 24916 24918 60637 137376 136740 59016
30299 2967 2880 8 24917 24919 137359 137361 137360 140224 60647 60646
30300 11780 11827 6 24922 24920 108802 123232 109739 109738
30301 11780 11599 8 24920 24921 109246 109247 109344 109343 109374 108801
30302 2154 2360 8 24923 24924 115201 115203 115280 114978 114979 115740
30303 2154 2087 4 24924 24925 116400 116227
30304 2042 2087 10 24925 24926 116390 116362 116307 116306 116489 115373 115375 116408
30305 2042 2360 4 24926 24923 114934 114931
30306 2042 2154 5 24923 24925 116406 115266 115265
30307 2087 2360 6 24924 24926 116391 114164 114163 116228
30308 2369 2141 5 24927 24928 114727 114728 115075
30309 2220 2141 5 24929 24927 115076 116627 114952
30310 2249 2141 4 24928 24929 114953 115001
30311 808 776 3 24930 24932 114682
30312 670 938 5 24931 24933 102236 26953 26952
30313 1344 1402 8 24934 24935 26304 26305 26983 75462 75463 116944
30314 1344 1290 3 24935 24936 116159
30315 1319 1290 7 24936 24937 117788 117787 124802 125032 117059
30316 1319 1402 3 24937 24934 117794
30317 1319 1344 9 24934 24936 117058 125028 124951 124925 124924 112791 112790
30318 1457 1265 6 24939 24940 124845 26984 26982 124540
30319 1457 1403 5 24940 24938 124577 124975 124974
30320 1457 1278 4 24938 24939 124539 124576
30321 11192 11660 7 24943 24944 101862 99527 99528 101254 101982
30322 11192 11334 5 24944 24941 107904 107906 101861
30323 11192 11403 3 24941 24943 101981
30324 11660 11334 4 24942 24944 101239 101238
30325 2064 2324 5 24945 24946 63960 121735 76812
30326 2064 2144 5 24946 24947 120903 120902 63961
30327 1618 2144 6 24947 24948 25579 25577 120740 121713
30328 1618 2324 4 24948 24945 64519 64518
30329 1618 2064 9 24945 24947 120427 106357 106354 121728 76533 48085 48087
30330 2144 2324 7 24946 24948 78890 68814 68815 119841 63962
30331 2271 2276 6 24949 24950 26319 25013 25012 119283
30332 2333 2276 7 24952 24949 25402 25403 118712 118709 119523
30333 2333 2271 3 24949 24951 119773
30334 2334 2276 3 24950 24952 26321
30335 3665 3492 6 24953 24954 79662 75361 75359 80061
30336 3665 3522 7 24954 24955 80592 80568 80419 80381 79663
30337 3413 3522 5 24955 24956 79055 79056 80595
30338 3413 3492 7 24956 24953 79927 62811 62812 74139 74138
30339 3413 3665 6 24953 24955 80600 80051 78032 78031
30340 3522 3492 4 24954 24956 80069 79664
30341 1375 1415 6 24958 24959 124640 124678 124677 128203
30342 1507 1415 7 24959 24960 140553 114757 29541 29540 29554
30343 1507 1386 4 24960 24957 114742 114739
30344 1507 1375 6 24957 24959 124641 124444 124443 124819
30345 1415 1386 4 24958 24960 140893 128205
30346 1533 1611 5 24961 24962 137857 137856 117197
30347 1533 1685 4 24962 24963 116002 116000
30348 1590 1685 4 24963 24964 138671 131522
30349 1590 1611 5 24964 24961 117198 138801 138670
30350 1590 1533 7 24961 24963 120085 120082 127903 116891 116893
30351 1685 1611 6 24962 24964 127775 29504 29503 138562
30352 2527 2653 6 24965 24966 118965 118786 118784 118788
30353 2527 2667 5 24966 24967 114268 25065 25063
30354 2642 2667 8 24967 24968 120252 118760 79382 79381 115830 115832
30355 2642 2653 4 24968 24965 118790 119625
30356 2642 2527 3 24965 24967 118789
30357 2667 2653 6 24966 24968 120253 119399 119401 118966
30358 2140 11907 9 24969 24970 120269 105964 105965 121840 121856 121949 121963
30359 2123 11911 3 24971 24972 120068
30360 2123 11907 5 24972 24969 121861 121844 120432
30361 2123 2140 6 24969 24971 120067 120383 121813 121814
30362 11911 11907 8 24970 24972 77312 77311 106322 121601 120583 120270
30363 2687 2442 5 24973 24974 122036 120347 120348
30364 2687 1932 5 24974 24975 122237 122181 122035
30365 2524 1932 6 24975 24976 94728 94727 76214 76213
30366 2524 2442 5 24976 24973 107653 76741 76742
30367 2524 2687 4 24973 24975 122198 120550
30368 1932 2442 7 24974 24976 106608 106607 76830 76828 122037
30369 2148 2537 9 24977 24978 118865 116470 116472 118445 118409 115354 82133
30370 2375 2441 5 24979 24980 119435 119436 120012
30371 2375 2532 3 24980 24981 26072
30372 2570 2532 7 24981 24982 117423 117426 120143 119956 26073
30373 2570 2441 8 24982 24979 120013 63953 63955 119049 79399 79400
30374 2532 2441 4 24980 24982 119477 119651
30375 1752 1634 4 24983 24984 79966 122220
30376 1752 1501 7 24984 24985 117928 122628 102369 102367 79965
30377 1843 1501 4 24985 24986 118324 117930
30378 1843 1634 7 24986 24983 122221 122302 121183 121184 118323
30379 1843 1752 7 24983 24985 117929 122646 122618 115927 115926
30380 1501 1634 5 24984 24986 118322 122596 79967
30381 11467 11684 4 24987 24988 105439 109737
30382 8977 8514 6 24989 24990 33266 33267 155933 41995
30383 8977 8553 5 24990 24991 40125 41709 155744
30384 8243 8977 6 24989 24991 39212 39210 142204 41996
30385 1723 1877 6 24992 24993 25004 118653 118496 118493
30386 1924 1877 4 24995 24992 113241 113239
30387 1924 1723 7 24992 24994 25100 118441 118498 118500 118494
30388 2061 1877 7 24993 24995 113836 118475 118321 116131 25005
30389 1843 1986 10 24998 24999 120325 116066 116068 117929 117930 121237 120405 25595
30390 1843 2513 3 24999 24996 76715
30391 1843 2335 4 24996 24998 25593 76714
30392 1986 2513 4 24997 24999 120319 120202
30393 2269 2309 3 25000 25001 117317
30394 2269 2221 5 25001 25002 119837 119836 119835
30395 2286 2309 8 25003 25000 25287 25286 119670 119886 119809 119807
30396 2116 1877 4 25004 25005 116130 119875
30397 1118 944 6 25006 25007 134290 123915 123918 128980
30398 1118 617 4 25007 25008 134892 134291
30399 713 617 6 25008 25009 134841 66473 66475 121596
30400 713 944 5 25009 25006 134629 134628 134864
30401 713 1118 6 25006 25008 134686 134685 134853 134881
30402 617 944 8 25007 25009 134865 134874 134875 134856 28070 28069
30403 2234 2227 5 25010 25011 119409 119823 119776
30404 2234 2271 5 25011 25012 118854 118857 119410
30405 2276 2227 6 25013 25010 119778 119805 119806 119817
30406 2276 2234 6 25010 25012 25401 25403 119793 119777
30407 2271 2227 6 25011 25013 119815 119814 119813 119411
30408 1492 1382 6 25014 25015 113201 113202 122326 121057
30409 1492 1523 7 25015 25016 122319 122320 122559 122602 122410
30410 961 1523 8 25016 25017 80005 80007 107496 108896 102173 102175
30411 961 1382 6 25017 25014 118533 118532 122695 122334
30412 961 1492 5 25014 25016 122421 25329 25326
30413 1523 1382 5 25015 25017 122222 122223 122411
30414 1217 1709 4 25019 25020 135109 135110
30415 1217 1309 7 25020 25021 129254 129255 134484 123142 123143
30416 1418 1309 3 25021 25022 134959
30417 1418 1709 7 25022 25019 134517 134514 136355 135106 135105
30418 1418 1217 6 25019 25021 134958 129375 129355 129357
30419 1309 1709 6 25020 25022 135107 136427 135203 135157
30420 2105 2133 6 25023 25024 137327 137850 137881 137898
30421 2105 2120 5 25024 25025 62945 137817 137328
30422 2289 2120 6 25025 25026 63213 130825 130665 62947
30423 2289 2133 6 25026 25023 137912 136583 136585 63211
30424 2289 2105 6 25023 25025 62946 136617 137701 137911
30425 2120 2133 6 25024 25026 63212 135582 130882 130881
30426 2425 2904 4 25027 25028 133826 64430
30427 3154 2904 6 25029 25027 64432 133895 133892 66161
30428 3196 2904 4 25028 25029 66162 66183
30429 3823 3797 6 25030 25031 60906 60897 29941 29944
30430 3823 3633 4 25031 25032 60895 60902
30431 3841 3633 5 25032 25033 60103 29020 29017
30432 3841 3797 7 25033 25030 60761 60979 60984 60980 60982
30433 3841 3823 5 25030 25032 60194 60196 60198
30434 3633 3797 5 25031 25033 60983 60596 60597
30435 2347 2393 5 25034 25035 30043 63153 62805
30436 2347 2464 6 25035 25036 137802 29725 29026 29025
30437 2426 2464 6 25036 25037 137081 137332 137375 137818
30438 2426 2393 5 25037 25034 62807 137314 137080
30439 2426 2347 5 25034 25036 137206 137207 62806
30440 3575 3528 7 25038 25039 79103 79102 79563 79298 79299
30441 3575 3456 5 25039 25040 79028 25160 25161
30442 3400 3456 3 25040 25041 79029
30443 3400 3528 6 25041 25038 79535 76249 25463 25465
30444 3456 3528 7 25039 25041 79230 79311 79312 79460 79125
30445 3186 3368 6 25044 25045 62031 62033 62671 39928
30446 3186 3259 5 25045 25042 62518 62745 62507
30447 3186 3382 5 25042 25044 39927 62669 62517
30448 285 499 6 25046 25047 106764 106763 109282 107561
30449 285 733 5 25047 25048 121450 111663 109280
30450 886 499 4 25049 25046 107563 121296
30451 886 285 4 25046 25048 122696 107562
30452 733 499 6 25047 25049 121325 121398 123200 109281
30453 2232 2227 4 25050 25051 28545 28546
30454 2232 2022 7 25051 25052 120530 120707 120484 65906 65905
30455 2243 2022 3 25052 25053 119700
30456 2243 2232 7 25050 25052 119511 119510 119646 119645 120415
30457 2022 2227 4 25051 25053 119699 78313
30458 103 132 8 25054 25055 123925 123317 29363 29364 105721 105722
30459 103 11667 5 25055 25056 120954 28373 28371
30460 11834 11667 8 25056 25057 109690 105973 105974 109268 109266 120956
30461 11834 132 4 25057 25054 109717 109719
30462 11834 103 4 25054 25056 120955 122835
30463 11667 132 4 25055 25057 123275 123926
30464 165 176 4 25058 25059 117771 117772
30465 229 176 6 25060 25058 122921 123135 123199 121161
30466 11755 176 6 25059 25060 117855 117856 122744 118128
30467 3508 3556 3 25061 25062 78048
30468 2527 2338 5 25063 25064 118942 118998 118965
30469 2527 2266 4 25064 25065 114267 118943
30470 2667 2266 6 25065 25066 119261 115886 115830 114269
30471 2667 2338 5 25066 25063 118966 119422 119407
30472 2266 2338 5 25064 25066 119406 119415 118944
30473 2432 2693 7 25067 25068 137653 137654 139961 139960 137870
30474 2432 2331 5 25068 25069 29125 136368 137819
30475 2349 2432 4 25067 25069 29124 137869
30476 3386 11914 5 25072 25070 65960 78736 78670
30477 3386 3111 4 25070 25071 119961 65959
30478 11535 11730 3 25073 25074 149685
30479 11535 11439 4 25074 25075 148942 149684
30480 11771 11439 5 25075 25076 30811 30810 148944
30481 11771 11730 5 25076 25073 149757 149627 149626
30482 11771 11535 7 25073 25075 148943 129033 128951 128953 149756
30483 9480 9219 6 25077 25078 105096 96127 96128 96136
30484 9634 9390 5 25079 25080 105217 105215 106509
30485 9634 9219 4 25080 25077 96138 105305
30486 9634 9480 6 25077 25079 106524 96205 96206 96137
30487 3224 3128 12 25081 25082 76358 121351 122349 122108 76385 76386 79014 76420 76418 76395
30488 3224 2996 4 25082 25083 25817 25816
30489 3408 2996 7 25083 25084 76318 75660 74709 74710 122307
30490 3408 3128 3 25084 25081 76317
30491 2996 3128 4 25082 25084 76316 76359
30492 1711 1591 7 25085 25086 29374 123360 26108 26107 25489
30493 1711 1779 6 25086 25087 117421 27212 27213 29373
30494 1727 1711 3 25085 25087 25490
30495 1779 1591 3 25086 25088 26058
30496 2092 1837 4 25091 25089 119591 119340
30497 1962 1837 5 25090 25091 119339 25728 25726
30498 1923 2270 7 25092 25093 120860 120768 120767 120864 120778
30499 1923 2394 5 25093 25094 120737 120738 120858
30500 2186 2394 5 25094 25095 78529 78528 119697
30501 2186 2270 6 25095 25092 120603 120602 120452 120451
30502 2186 1923 7 25092 25094 120731 120732 120763 78620 78622
30503 2394 2270 6 25093 25095 120831 120818 120817 120841
30504 3362 3469 5 25099 25096 58982 58983 62578
30505 3362 3199 3 25096 25098 62053
30506 3132 3469 4 25097 25099 62646 60586
30507 1788 2379 9 25103 25104 64157 64159 135489 133522 133520 133020 119876
30508 1397 2379 4 25104 25105 121893 135303
30509 1397 1706 8 25105 25102 28215 134266 65348 65347 131091 121891
30510 1397 1788 5 25102 25104 135285 135284 28214
30511 3343 3234 10 25106 25107 82333 81706 79739 79742 79470 79471 82294 82299
30512 3343 3350 4 25107 25108 79208 80960
30513 3184 3350 6 25108 25109 81653 81652 82363 79209
30514 3184 3234 7 25109 25106 82297 82119 82117 82141 81938
30515 3184 3343 3 25106 25108 79207
30516 3350 3234 5 25107 25109 81939 82257 82332
30517 2463 2408 3 25110 25111 79391
30518 2463 2372 6 25111 25112 28595 119671 119033 79392
30519 2506 2372 5 25112 25113 25512 120141 28596
30520 2506 2408 6 25113 25110 119934 119819 119820 25511
30521 2506 2463 5 25110 25112 28594 119935 119933
30522 2372 2408 7 25111 25113 25299 25301 25180 25179 79393
30523 1173 1607 5 140832 25115 25116 114677 -1
30524 1564 1607 5 25116 25117 114640 114642 114661
30525 1564 1354 4 25117 25114 114826 114816
30526 1564 1173 7 112797 112796 114854 25114 25116 114678 -1
30527 1607 1354 5 25115 25117 114817 114819 140829
30528 2733 2576 6 25118 25119 120233 118787 118785 120229
30529 2733 3011 6 25119 25120 119906 119907 120245 120234
30530 2666 3011 9 25120 25121 120225 120175 120174 120125 120126 119045 119046
30531 2666 2576 6 25121 25118 78521 78523 78880 120243
30532 3011 2576 3 25119 25121 120235
30533 2520 2881 9 25122 25123 120541 120402 120401 121698 63958 63956 76726
30534 2520 3108 4 25123 25124 120379 120542
30535 2754 3108 10 25124 25125 119681 119683 120267 78858 78857 119011 76941 76944
30536 2754 2881 3 25125 25122 76728
30537 2754 2520 5 25122 25124 120372 120344 76727
30538 3108 2881 7 25123 25125 25449 25451 119228 119227 120523
30539 3297 3497 6 25127 25128 79508 79507 79519 79215
30540 3297 3444 4 25128 25126 79225 79529
30541 3297 3433 5 25126 25127 79213 79210 79211
30542 3665 3819 4 25129 25130 79755 80411
30543 3665 3571 7 25130 25131 78031 80061 80060 63785 63783
30544 3604 3571 4 25131 25132 79720 78033
30545 3604 3665 6 25129 25131 78032 80052 80176 80178
30546 3571 3819 8 25130 25132 79719 79722 79714 79713 79245 79244
30547 838 991 7 25133 25134 122208 120188 113056 113057 107792
30548 1097 805 7 25135 25136 120425 120426 120185 120186 75578
30549 1097 838 4 25133 25135 75576 107793
30550 805 991 7 25134 25136 122531 122680 122682 118692 118691
30551 3907 3955 4 25137 25138 75332 75335
30552 3907 4191 6 25138 25139 76449 78888 78118 78117
30553 4244 3907 6 25137 25139 76450 78837 76236 76235
30554 3401 3322 6 25140 25141 60138 60136 81661 79825
30555 3452 3466 8 25142 25143 82235 76637 76639 79799 79814 78515
30556 3452 3322 6 25143 25140 79192 25219 25220 82234
30557 3452 3401 4 25140 25142 78514 79826
30558 3466 3322 3 25141 25143 82233
30559 3011 3095 8 25144 25145 79228 79159 79126 79127 120245 118993
30560 3011 3043 5 25145 25146 120125 78615 78616
30561 3026 3043 8 25146 25147 63869 63868 78916 120473 120173 120172
30562 3026 3095 5 25147 25144 118995 118861 78958
30563 3026 3011 5 25144 25146 120174 119309 118994
30564 1116 1216 7 25148 25149 127540 127528 29557 29558 127538
30565 1116 1023 8 25149 25150 127553 127158 127156 127532 127530 127541
30566 975 1023 6 25150 25151 125744 125745 127217 127550
30567 975 1216 5 25151 25148 127518 127519 127300
30568 975 1116 5 25148 25150 127552 127536 127535
30569 1023 1216 4 25149 25151 127301 127403
30570 2317 2489 8 25152 25153 136262 136769 136305 136094 119535 119533
30571 2317 2264 7 25153 25154 119575 119573 120047 120048 136263
30572 2375 2264 5 25154 25155 119436 79287 79285
30573 2375 2489 8 25155 25152 135229 28744 28741 119899 119958 120012
30574 2375 2317 4 25152 25154 136135 135228
30575 2264 2489 3 25153 25155 120054
30576 10954 10845 5 25158 25156 106543 106542 95514
30577 10954 10913 6 25156 25157 106755 106841 106832 106833
30578 3575 3617 8 25159 25160 79084 77911 77912 79616 79637 79102
30579 3554 3456 8 25161 25162 78941 78942 79219 79223 79461 79125
30580 3554 3617 5 25162 25159 76287 76284 79216
30581 3554 3575 3 25159 25161 79103
30582 3456 3617 5 25160 25162 79217 79262 79085
30583 3557 3504 7 25165 25166 79445 79442 79443 79449 79564
30584 3557 3443 4 25166 25163 79343 79342
30585 3557 3433 5 25163 25165 79454 79301 79302
30586 3504 3443 4 25164 25166 79340 64214
30587 2288 2208 4 25167 25168 119433 79142
30588 2288 2333 7 25168 25169 118777 118779 119773 25402 25400
30589 2264 2333 4 25169 25170 119715 119739
30590 2264 2208 5 25170 25167 79143 119716 119713
30591 2264 2288 5 25167 25169 118372 118374 79141
30592 2333 2208 6 25168 25170 119714 118711 118712 119804
30593 2572 2643 8 25171 25172 25570 25571 25781 25780 79235 79236
30594 2572 3223 5 25172 25173 25784 25782 120282
30595 2836 3223 8 25173 25174 119624 120060 120058 120552 120544 78865
30596 2836 2643 6 25174 25171 120118 120577 120439 119622
30597 2836 2572 5 25171 25173 78864 120494 120117
30598 3223 2643 3 25172 25174 119623
30599 3338 3337 5 25175 25176 60674 59094 59092
30600 3338 3383 7 25176 25177 29970 29968 62753 62561 60675
30601 3216 3383 5 25177 25178 62456 28653 28652
30602 3216 3338 6 25175 25177 59640 62389 62390 62506
30603 3383 3337 3 25176 25178 60676
30604 2408 2286 4 25180 25181 120011 119745
30605 2190 2372 7 25182 25179 119034 119033 119673 120604 119220
30606 2190 2408 3 25179 25181 120003
30607 2286 2372 5 25180 25182 77054 28525 28527
30608 11912 11914 5 25183 25184 76738 76739 78565
30609 3175 3375 4 25185 25186 65955 78799
30610 3175 11914 5 25186 25183 78567 78623 65954
30611 3175 11912 7 25183 25185 78796 78798 121832 104468 78566
30612 3375 11914 7 25184 25186 65953 78803 78763 78759 78392
30613 597 878 6 25187 25188 28339 123097 108793 108794
30614 597 813 3 25188 25189 28338
30615 634 813 8 25189 25190 121599 121033 121031 121146 121027 121028
30616 634 878 5 25190 25187 106102 106104 123905
30617 634 597 5 25187 25189 123346 109311 109312
30618 813 878 9 25188 25190 123906 123902 123826 26194 26196 121497 28340
30619 1166 1273 5 25191 25192 129279 121494 120974
30620 1166 1326 5 25192 25193 123678 123804 129272
30621 1368 1326 6 25193 25194 117487 120952 123819 123679
30622 1368 1273 5 25194 25191 117232 117234 117475
30623 1368 1166 6 25191 25193 123221 123220 120722 120724
30624 1326 1273 6 25192 25194 117486 117264 117262 121486
30625 1655 2379 4 25197 25198 64157 135303
30626 1655 1945 6 25198 25199 135394 134196 134195 64158
30627 1277 1945 4 25199 25200 135496 135397
30628 1277 2379 6 25200 25197 121893 121892 133987 135497
30629 1277 1655 7 25197 25199 135396 135307 64175 64172 134995
30630 1945 2379 5 25198 25200 134950 134949 64159
30631 3448 3456 3 25202 25203 79312
30632 3448 3095 6 25203 25201 78895 79532 76248 76247
30633 2622 3023 6 25205 25206 101411 101410 113790 83739
30634 2622 2738 6 25206 25204 112052 112051 113762 113764
30635 2622 2593 6 25204 25205 83738 114122 113892 113878
30636 285 519 4 25207 25208 109282 105982
30637 285 805 6 25208 25209 122665 122789 107562 107561
30638 82 519 6 25210 25207 105984 108664 122158 109285
30639 82 285 7 25207 25209 122664 122678 122792 108754 105983
30640 805 519 8 25208 25210 109286 122680 120424 120426 105666 105664
30641 1322 1125 6 25211 25212 129892 138016 138014 27302
30642 1322 1132 7 25212 25213 138019 131355 131356 138386 129893
30643 1064 1132 6 25213 25214 27023 27026 27871 27870
30644 1064 1125 5 25214 25211 27304 130963 27851
30645 1064 1322 4 25211 25213 138293 27303
30646 1132 1125 3 25212 25214 27852
30647 3695 3753 6 25216 25217 83590 83592 83753 83520
30648 3568 3656 5 25218 25215 82939 83668 83675
30649 3568 3695 4 25215 25217 83742 82938
30650 3753 3656 4 25216 25218 83346 83345
30651 3452 3295 6 25220 25221 79698 76303 76302 82238
30652 3452 3414 5 25221 25219 79193 60290 60289
30653 1614 1599 6 25222 25223 134098 28492 28490 129010
30654 1614 2021 8 25223 25224 135145 135146 129290 129288 134102 134156
30655 1307 2021 7 25224 25225 48619 121675 121566 121564 135235
30656 1307 1599 7 25225 25222 129011 27045 27044 135008 48618
30657 1307 1614 3 25222 25224 129009
30658 2021 1599 3 25223 25225 48617
30659 278 134 4 25227 25228 112132 112130
30660 278 184 7 25228 25226 108673 118124 114482 114483 125104
30661 278 169 4 25226 25227 125285 108672
30662 9149 8165 5 25229 25230 133852 151336 151303
30663 9012 8165 7 25231 25229 48673 32642 32641 48305 48304
30664 8601 8165 6 25230 25231 48651 48451 48450 48767
30665 4020 4174 7 25232 25233 76281 76280 76357 76343 76346
30666 4020 3886 5 25233 25234 76184 25280 25281
30667 3864 3886 5 25234 25235 76522 25468 25469
30668 3864 4174 9 25235 25232 76602 28573 28574 78460 76535 25667 25666
30669 3864 4020 3 25232 25234 76185
30670 2765 2812 5 25236 25237 113542 113541 113582
30671 2765 3066 4 25237 25238 113510 113508
30672 4015 3066 8 25238 25239 84166 84018 84016 83203 83205 113379
30673 4015 2765 6 25236 25238 113625 113626 113501 113500
30674 3066 2812 6 25237 25239 84313 84312 113401 113462
30675 11428 11505 4 25241 25242 111059 111090
30676 11428 11300 4 25240 25241 26044 26043
30677 2306 2309 5 25243 25244 119886 27660 27658
30678 2306 2243 5 25244 25245 119645 28403 28404
30679 2356 2243 7 25245 25246 119803 119816 119166 119165 119646
30680 2356 2309 5 25246 25243 119705 119706 119802
30681 2356 2306 4 25243 25245 119644 119710
30682 2243 2309 5 25244 25246 119801 119808 119809
30683 3715 3316 5 25248 25249 75804 74485 74484
30684 1895 2034 6 25250 25251 120847 120845 120769 120764
30685 1891 1851 4 25252 25253 120295 119738
30686 1891 1895 6 25250 25252 78843 78840 120906 120765
30687 1851 2034 5 25251 25253 25723 25725 120638
30688 1851 1837 4 25255 25256 119450 120410
30689 1851 2067 7 25256 25254 119724 120848 120638 120639 119449
30690 1851 1828 6 25254 25255 119447 80142 80141 119723
30691 11270 11050 5 25258 25259 49169 25740 25487
30692 10863 11050 8 25259 25260 104290 28251 28252 105789 150333 150389
30693 10863 11224 6 25260 25257 32558 32560 106835 104288
30694 10863 11270 7 25257 25259 151506 105792 104083 104085 105806
30695 11050 11224 6 25258 25260 104289 105419 105418 25488
30696 11684 11568 9 25261 25262 32099 105878 109763 123253 124072 106024 32826
30697 11224 11568 6 25263 25261 32827 106712 106206 105866
30698 11423 11568 3 25262 25263 32100
30699 3869 3868 4 25264 25265 101154 75947
30700 3869 4086 6 25265 25266 75945 75975 75984 101160
30701 3645 4086 7 25266 25267 75866 25712 25714 75472 75473
30702 3645 3868 5 25267 25264 75948 83840 75921
30703 4086 3868 8 25265 25267 75920 84433 75725 75436 75438 101162
30704 3287 3679 4 25268 25269 76768 76771
30705 3287 3367 4 25269 25270 79073 79117
30706 3258 3367 6 25270 25271 75264 75266 76445 76446
30707 3258 3287 6 25268 25270 79072 76269 76270 78980
30708 3367 3679 7 25269 25271 79026 79070 79071 79180 79120
30709 2835 2867 7 25272 25273 117370 78471 78472 120222 78076
30710 2835 3055 7 25273 25274 60501 60499 119005 50056 50059
30711 3231 3055 6 25274 25275 120487 62508 62509 78712
30712 3231 2867 7 25275 25272 78078 120570 120619 120470 120469
30713 3231 2835 4 25272 25274 119333 78077
30714 3055 2867 3 25273 25275 117371
30715 71 10148 5 25277 25278 121862 121847 121350
30716 11546 10148 8 25278 25279 105258 105291 105292 105474 121860 121876
30717 11546 11256 5 25279 25276 121341 121990 105257
30718 11546 71 5 25276 25278 121877 65401 65400
30719 10148 11256 7 25277 25279 105256 106466 106402 106392 106391
30720 3886 3847 5 25280 25282 76580 78580 76373
30721 2726 3027 3 25283 25284 135345
30722 2726 2379 12 25284 25285 134113 135440 134948 134950 135497 135494 63798 63799 77270 77271
30723 3153 2726 4 25283 25285 77234 77236
30724 2468 2212 7 25288 25289 78740 65897 65895 135328 119984
30725 2468 2586 8 25289 25290 120376 120374 120690 120458 120459 78741
30726 2555 2586 5 25290 25291 120548 120455 120456
30727 2555 2212 7 25291 25288 119986 120705 120703 120692 120691
30728 2555 2468 4 25288 25290 120478 119985
30729 2586 2212 5 25289 25291 119696 119675 78742
30730 781 1094 4 25292 25293 121543 121544
30731 781 848 7 25293 25294 134532 123602 123603 134123 129016
30732 1075 848 6 25294 25295 25824 25825 123920 134531
30733 1075 1094 7 25295 25292 121571 121531 28143 28128 28127
30734 1075 781 7 25292 25294 134486 119689 119688 134353 121878
30735 848 1094 4 25293 25295 32734 32735
30736 1942 1710 3 25296 25297 117821
30737 2443 2408 3 25298 25299 25511
30738 2377 2372 4 25300 25301 28527 28524
30739 2377 2408 6 25301 25298 119820 119818 120022 119745
30740 2377 2443 6 25298 25300 27657 27659 119388 119564
30741 1918 1712 4 25303 25304 119054 119055
30742 1779 1712 7 25304 25305 119498 119457 117398 116345 116346
30743 1712 1985 5 25303 25305 119496 119492 119260
30744 640 646 6 25306 25307 123889 129864 128943 128944
30745 646 582 4 25306 25308 134448 129174
30746 7365 7362 5 25309 25310 51406 96709 96708
30747 7487 7365 4 25309 25311 96512 96707
30748 7633 7362 7 25310 25312 50515 50514 95742 96660 51408
30749 1678 1701 4 25314 25315 119446 120734
30750 1851 1701 6 25315 25316 120681 120680 80143 80142
30751 1851 1346 4 25316 25313 121080 120961
30752 1851 1678 6 25313 25315 119447 120410 120409 120411
30753 1701 1346 6 25314 25316 120890 120889 120854 120735
30754 10761 10751 5 25320 25321 105634 106415 108736
30755 10761 10484 5 25321 25319 106528 105587 105588
30756 10761 10685 5 25319 25320 108647 108648 108926
30757 745 742 6 25322 25323 109751 121518 129169 122755
30758 745 878 6 25323 25324 106101 106102 108794 108792
30759 1114 878 6 25324 25325 123770 120982 117642 117644
30760 1114 742 5 25325 25322 122756 117297 117296
30761 1114 745 5 25322 25324 123979 105431 105430
30762 878 742 6 25323 25325 123512 123511 123295 109752
30763 1190 1492 6 25326 25327 118430 122607 122569 121057
30764 1190 1532 4 25327 25328 109272 118431
30765 961 1532 6 25328 25329 102174 102173 108894 109273
30766 1532 1492 4 25327 25329 122514 118432
30767 1329 1236 7 25330 25331 25411 25409 121593 119553 96252
30768 1414 1236 5 25332 25330 96254 121623 121619
30769 1047 1236 4 25331 25332 120933 120932
30770 2919 2934 6 25333 25334 134630 134632 135354 135456
30771 2919 2741 6 25334 25335 133534 133532 136157 135941
30772 2779 2741 4 25335 25336 28446 135467
30773 2779 2934 6 25336 25333 135457 135335 78773 28444
30774 2779 2919 5 25333 25335 120752 120751 135455
30775 2741 2934 4 25334 25336 28445 135942
30776 1613 1923 8 25337 25338 119545 120905 120820 120819 119878 72563
30777 1613 2033 5 25338 25339 119928 119929 119546
30778 1949 1613 5 25337 25339 120573 120476 72564
30779 2205 11912 6 25341 25342 25531 25529 106747 106746
30780 2205 2638 7 25342 25340 120708 121375 120629 78071 28208
30781 2205 2603 4 25340 25341 106241 106242
30782 9392 9724 8 25344 25345 95256 95257 50436 50437 105001 105003
30783 9371 9724 7 25345 25346 105101 105314 104662 104661 95535
30784 9371 9392 3 25343 25345 95534
30785 9724 9330 3 25344 25346 105100
30786 11027 11078 7 25347 25348 101938 101939 107914 108621 104757
30787 11027 10379 6 25348 25349 108311 107948 107681 107682
30788 10541 10379 6 25349 25350 104771 106912 106910 108312
30789 10541 11078 6 25350 25347 104759 108206 107516 104770
30790 10541 11027 3 25347 25349 104758
30791 2782 2586 4 25351 25352 119854 119612
30792 2782 2802 5 25352 25353 28289 78576 120057
30793 2638 2802 3 25353 25354 28291
30794 2638 2586 6 25354 25351 119613 120458 120648 120646
30795 4606 3759 3 25355 25356 77127
30796 11918 3759 7 25357 25355 76802 76801 77058 77057 77063
30797 11941 11785 5 25358 25359 105989 134422 121342
30798 11941 11467 6 25359 25360 32273 105830 105831 105988
30799 11840 11467 5 25360 25361 25751 105439 32274
30800 11840 11941 3 25358 25360 32272
30801 11467 11785 6 25359 25361 25708 25707 77022 77023
30802 11934 11932 9 25362 25363 48065 149809 149810 106083 96284 96287 151343
30803 11934 8866 4 25363 25364 151514 48066
30804 8788 11932 8 25365 25362 48385 32706 32708 48413 48526 48668
30805 8788 11934 3 25362 25364 151344
30806 8866 11932 4 25363 25365 151364 48067
30807 2241 2266 6 25366 25367 119430 119416 118944 118943
30808 2241 2245 6 25367 25368 119429 119408 117702 117700
30809 2427 2245 9 25368 25369 118415 78954 78952 118343 118794 118752 118750
30810 2427 2266 6 25369 25366 114267 114269 115831 118413
30811 2427 2241 4 25366 25368 80117 80115
30812 2245 2266 4 25367 25369 118414 119330
30813 9857 8634 5 25370 25371 106336 107587 107576
30814 9005 9857 4 25370 25372 107800 107575
30815 1962 2241 4 25373 25374 118990 118880
30816 1962 2135 6 25374 25375 118839 118840 119441 119281
30817 2102 2135 6 25375 25376 118380 118381 118910 119231
30818 2102 2241 7 25376 25373 116065 116067 117701 117700 119430
30819 2102 1962 4 25373 25375 119359 118881
30820 2135 2241 4 25374 25376 119416 119282
30821 93 728 7 25377 25378 121148 121358 107709 107710 78844
30822 93 11469 3 25378 25379 121149
30823 11305 728 4 25380 25377 78846 107729
30824 11305 93 5 25377 25379 121690 121691 78845
30825 11469 728 6 25378 25380 122026 122025 122030 121150
30826 11271 11377 10 25381 25382 106169 106170 134125 131390 131388 31200 31203 46461
30827 11226 11507 6 25383 25384 31499 31497 150040 151066
30828 11226 11377 6 25384 25381 46463 148860 148862 149918
30829 11226 11271 3 25381 25383 46462
30830 11507 11377 3 25382 25384 149957
30831 1291 1237 8 25385 25386 119463 119438 119439 121011 123283 25393
30832 1291 1052 4 25386 25387 120984 119464
30833 984 1052 6 25387 25388 121420 121421 120526 120527
30834 984 1237 4 25388 25385 25395 123118
30835 984 1291 6 25385 25387 117407 117404 123822 25394
30836 1294 792 7 25389 25390 112924 113985 116283 114516 80207
30837 1294 575 3 25390 25391 83004
30838 730 575 7 25391 25392 108868 112746 112748 25924 25926
30839 730 792 4 25392 25389 80209 108867
30840 730 1294 5 25389 25391 83005 112898 80208
30841 575 792 7 25390 25392 108866 112513 112512 112721 112925
30842 1346 984 7 25394 25395 121059 112786 112785 123321 123322
30843 1346 1237 4 25395 25393 123284 123117
30844 2626 2862 3 25396 25397 120574
30845 2626 2585 9 25397 25398 119063 119062 119752 119753 119538 118909 118908
30846 2822 2585 4 25398 25399 115811 119161
30847 2822 2862 8 25399 25396 120576 115987 79350 79352 75543 75542
30848 2822 2626 6 25396 25398 119209 118986 118988 120575
30849 2585 2862 4 25397 25399 115810 135866
30850 2288 2234 6 25400 25401 118854 118855 119432 119433
30851 2288 2276 3 25401 25402 119283
30852 2333 2234 3 25403 25400 119804
30853 3641 3623 7 25405 25406 79651 73999 74000 84562 83990
30854 3129 3623 6 25406 25407 80264 83105 83106 79653
30855 3129 3641 3 25404 25406 79652
30856 1035 1329 4 25408 25409 121583 121043
30857 891 1236 5 25410 25411 120932 102245 102246
30858 891 1329 6 25411 25408 121044 121635 121637 121621
30859 1667 1717 7 25412 25413 117470 117468 116783 116781 120943
30860 1667 1881 4 25413 25414 117540 117775
30861 1746 1881 8 25414 25415 117691 119297 119298 119040 116422 116424
30862 1746 1717 7 25415 25412 120945 123418 121049 119061 117689
30863 1746 1667 4 25412 25414 117541 120944
30864 1881 1717 4 25413 25415 117690 119448
30865 806 835 5 25416 25417 27638 27639 132413
30866 1106 1009 5 25418 25419 132398 132400 132733
30867 1106 835 5 25419 25416 132343 132342 132386
30868 1106 806 4 25416 25418 132702 132414
30869 1009 835 4 25417 25419 132401 28147
30870 118 11494 8 25420 25421 122723 122724 122807 122811 122821 108859
30871 118 11520 4 25421 25422 108870 122761
30872 11652 11494 5 25423 25420 108861 107536 107533
30873 11652 118 6 25420 25422 108869 107638 107640 108860
30874 2635 2312 9 25424 25425 28756 64011 135347 64361 64075 64074 135010
30875 2635 2364 5 25425 25426 135422 119711 28757
30876 2386 2364 7 25426 25427 135306 135174 134331 134332 135170
30877 2386 2312 4 25427 25424 121401 121403
30878 2386 2635 5 25424 25426 135423 135525 135024
30879 2364 2312 4 25425 25427 135421 28758
30880 1142 984 6 25428 25429 121058 121059 123118 121420
30881 1142 856 5 25429 25430 117913 117916 121168
30882 843 856 6 25430 25431 123276 123310 123311 123475
30883 843 984 6 25431 25428 121421 123172 26195 26197
30884 843 1142 4 25428 25430 121096 121097
30885 856 984 4 25429 25431 122837 121169
30886 2346 2601 6 25433 25434 28287 28285 120397 120399
30887 2658 2572 7 25435 25432 119431 120266 120265 120282 25570
30888 2658 2346 5 25432 25434 120491 78498 78497
30889 2601 2572 3 25433 25435 25571
30890 4244 4610 6 25436 25437 76534 76604 76603 76797
30891 4407 4610 7 25438 25436 76798 76823 76615 74788 74786
30892 3864 4610 4 25437 25438 25665 25667
30893 2284 2163 9 25439 25440 117444 113898 113896 118538 118526 116464 113316
30894 2284 2362 6 25440 25441 118389 118390 118379 117445
30895 2348 2362 7 25441 25442 115711 115712 116225 116095 116094
30896 2348 2284 3 25439 25441 113317
30897 2362 2163 3 25440 25442 116249
30898 10055 9794 4 25443 25444 106255 106257
30899 9543 9794 6 25444 25445 105962 96845 96842 105871
30900 9794 11936 4 25443 25445 106212 106211
30901 3935 3594 6 25446 25447 78711 78710 76969 25787
30902 3833 3594 7 25447 25448 64163 64164 78724 78723 78838
30903 3594 11918 4 25446 25448 77057 25788
30904 2881 2804 7 25449 25450 77447 77445 78785 76726 76728
30905 2881 3377 6 25450 25451 78860 78861 120276 120277
30906 2241 2513 5 25453 25454 120202 120293 119898
30907 2241 2335 5 25454 25452 116044 119863 120080
30908 2241 2576 5 25452 25453 119896 25472 25471
30909 9257 9275 6 25455 25456 106644 106647 106882 106881
30910 9257 5039 7 25456 25457 94536 101217 101185 101188 113085
30911 7630 9257 6 25455 25457 94537 107284 107833 107747
30912 3399 3555 8 25459 25460 74361 107434 122102 76514 76512 25662
30913 4192 3555 5 25460 25461 75789 76215 74362
30914 3555 4351 3 25459 25461 25663
30915 3095 3528 4 25462 25463 76247 79311
30916 3095 3400 7 25463 25464 63340 63338 79183 79395 76248
30917 3286 3528 3 25465 25462 79230
30918 3286 3095 9 25462 25464 78112 79094 79095 79126 79161 79307 79313
30919 3547 3886 6 25467 25468 76786 76747 76748 78580
30920 3864 3942 5 25469 25466 75087 76602 76185
30921 3886 3942 4 25467 25469 76184 76373
30922 2338 2241 8 25472 25473 119863 118991 118990 119282 118944 118942
30923 2338 2429 6 25473 25470 119953 119917 119916 119862
30924 2338 2576 6 25470 25472 118998 118999 28058 28057
30925 2241 2429 3 25471 25473 116044
30926 2774 2775 4 25474 25475 118651 79098
30927 2774 2697 8 25475 25476 119400 119276 119277 119459 119030 119031
30928 2729 2697 5 25476 25477 119042 119289 119292
30929 2729 2774 5 25474 25476 118634 118633 79099
30930 2697 2775 9 25475 25477 119041 60377 60376 79284 79283 63365 63366
30931 11311 11652 3 25478 25479 102189
30932 11398 11652 6 25480 25478 107951 107582 107580 122453
30933 11857 11652 7 25479 25480 108873 108860 108861 108409 102190
30934 3489 3675 4 25481 25482 76061 25829
30935 10966 11548 5 25485 25486 106588 106589 106714
30936 10966 11234 9 25486 25484 106793 106795 106794 108829 108831 109248 109346
30937 10966 11283 6 25484 25485 105704 105705 106718 106720
30938 11050 11368 6 25487 25488 105833 32611 32610 25741
30939 1753 1591 4 25491 25489 137209 117402
30940 1753 1711 8 25489 25490 117421 119528 120050 135753 138972 138638
30941 3724 4309 5 25493 25494 64450 75115 78092
30942 4123 4309 7 25494 25495 74838 74840 65698 65697 64452
30943 4123 3895 7 25495 25492 72890 78455 78396 76845 76844
30944 4123 3724 4 25492 25494 64451 72888
30945 4309 3895 4 25493 25495 77871 78093
30946 3433 3576 4 25496 25497 78447 79302
30947 3576 3443 6 25496 25498 79455 79315 79316 79343
30948 2867 2658 5 25499 25500 28528 119629 120474
30949 2867 3043 6 25500 25501 120473 120467 120059 28529
30950 2816 3043 4 25501 25502 120170 120173
30951 2816 2658 5 25502 25499 120063 120064 120128
30952 3043 2658 7 25500 25502 120463 78132 78131 120445 28530
30953 492 499 6 25503 25504 107632 109259 109257 121398
30954 492 519 4 25504 25505 107564 107633
30955 651 519 6 25505 25506 105666 121285 121356 107566
30956 651 499 5 25506 25503 121325 121296 105665
30957 651 492 5 25503 25505 107565 109318 121399
30958 519 499 5 25504 25506 105664 109282 107634
30959 9814 10465 5 25507 25508 133617 155013 155113
30960 9814 10692 5 25508 25509 43083 155054 133618
30961 10020 10692 5 25509 25510 151260 150264 43085
30962 10020 10465 7 25510 25507 150492 150489 155025 150782 150780
30963 10020 9814 6 25507 25509 43084 155084 155148 155155
30964 10692 10465 7 25508 25510 151259 151329 154980 154982 133619
30965 2443 2506 7 25511 25512 120140 78820 78821 119124 119564
30966 2859 11911 6 25513 25514 120270 120268 122017 106620
30967 2859 3035 6 25514 25515 78135 120400 122049 120582
30968 3181 3035 7 25515 25516 78577 78578 78911 78914 78137
30969 3181 11911 6 25516 25513 106621 121939 121960 121935
30970 3181 2859 7 25513 25515 78136 120490 122002 76939 76938
30971 3035 11911 7 25514 25516 121936 121952 120804 120806 120583
30972 10976 11125 4 25517 25518 151486 151510
30973 10976 11939 6 25518 25519 148930 148929 150049 150157
30974 11507 11939 4 25519 25520 150040 151335
30975 11507 11125 5 25520 25517 31635 31498 31497
30976 11507 10976 7 25517 25519 151519 151477 151476 151475 151512
30977 11939 11125 7 25518 25520 150039 106037 48546 48545 134356
30978 991 1384 4 25521 25522 122121 120928
30979 991 1235 6 25522 25523 122133 80247 25771 25772
30980 893 1235 4 25523 25524 106272 122134
30981 893 1384 4 25524 25521 120930 106271
30982 893 991 8 25521 25523 122132 122407 122409 122683 122193 120929
30983 1235 1384 5 25522 25524 106270 107296 122122
30984 997 1138 3 25525 25526 113952
30985 997 1200 7 25526 25527 76136 102192 102193 113120 113118
30986 754 997 5 25525 25527 76135 113208 113207
30987 11908 2205 5 25528 25529 121875 135502 135444
30988 11908 11912 5 25529 25530 121710 121820 121822
30989 3071 2205 5 25531 25528 28415 28416 28208
30990 3071 11908 5 25528 25530 75513 75512 135329
30991 656 606 4 25533 25534 128300 128725
30992 656 555 5 25534 25532 128627 130475 128299
30993 656 525 7 25532 25533 127671 127673 27109 27108 128626
30994 1230 1060 6 25535 25536 26193 26192 127501 126471
30995 1281 1060 5 25536 25537 127592 127480 34445
30996 2260 2015 4 25538 25539 135218 135063
30997 2260 1888 5 25539 25540 135923 29379 29380
30998 2327 1888 5 25540 25541 136150 135204 135205
30999 2327 2015 9 25541 25538 134559 134556 120037 120038 135918 135917 136148
31000 2327 2260 7 25538 25540 28012 28011 136055 136054 135064
31001 1888 2015 6 25539 25541 136149 136175 136217 136286
31002 510 891 5 25542 25543 121627 121333 121336
31003 510 842 6 25543 25544 121291 121292 121551 121673
31004 614 842 6 25544 25545 121198 121034 121032 121547
31005 614 891 3 25545 25542 121196
31006 614 510 9 25542 25544 121545 121546 32613 32615 106017 121282 121607
31007 1697 1613 5 25546 25547 117722 121758 78869
31008 1697 1559 7 25547 25548 25810 119856 121143 121144 117723
31009 1891 1559 7 25548 25549 78842 78843 119738 25598 25599
31010 1891 1613 8 25549 25546 78870 121754 119546 119545 120906 120867
31011 1891 1697 3 25546 25548 25811
31012 1559 1613 6 25547 25549 120868 120447 120448 117724
31013 969 1100 7 25550 25551 132168 134541 134694 134696 120972
31014 969 1078 3 25551 25552 123856
31015 1176 1078 7 25552 25553 134688 133555 133556 133932 123857
31016 1176 1100 6 25553 25550 120973 134960 134460 134457
31017 1176 969 8 25550 25552 123855 134834 129937 129936 134589 120971
31018 1078 1100 5 25551 25553 134920 134813 132169
31019 3181 3556 8 25554 25555 78709 78713 120490 120274 78914 78912
31020 3502 3594 4 25556 25557 78723 48529
31021 3502 3181 7 25554 25556 48527 78489 78579 78578 78910
31022 3594 3556 4 25555 25557 78838 78711
31023 5228 5532 5 25558 25559 77356 96014 95977
31024 5440 5114 3 25560 25561 77722
31025 5440 5228 7 25558 25560 77755 77505 77507 77919 95971
31026 5114 5532 4 25559 25561 77548 77358
31027 2600 2335 3 25562 25563 120543
31028 2600 2666 4 25563 25564 79365 120492
31029 2564 2666 6 25564 25565 78524 78523 78882 79366
31030 2564 2335 7 25565 25562 120650 119895 79157 79156 114353
31031 2564 2600 5 25562 25564 76792 76794 120649
31032 2666 2335 5 25563 25565 114354 78510 78509
31033 1760 2396 3 25566 25567 102052
31034 1760 2533 5 25567 25568 122513 76698 76696
31035 1968 2533 5 25568 25569 122417 83804 83806
31036 1968 2396 6 25569 25566 118279 118096 118095 122299
31037 1968 1760 7 25566 25568 122510 76116 76117 106782 118233
31038 2533 2396 9 25567 25569 122416 122461 122472 76608 76610 118509 102053
31039 2658 2643 6 25572 25570 119623 119622 120139 120078
31040 2601 2643 5 25571 25572 120077 120398 120399
31041 2750 3036 6 25574 25575 77050 105770 105768 95560
31042 3100 3036 6 25575 25576 68612 68611 76951 77052
31043 3100 2859 6 25576 25573 119759 119761 121134 118482
31044 3100 2750 3 25573 25575 77051
31045 3036 2859 4 25574 25576 75815 75814
31046 1618 1369 3 25577 25578 120739
31047 1618 1648 7 25578 25579 64518 64521 121696 121697 121714
31048 2144 1648 4 25579 25580 106426 78890
31049 2144 1369 7 25580 25577 120741 106693 106694 121107 122024
31050 1648 1369 5 25578 25580 106865 105970 105971
31051 4821 3674 5 25581 25582 76954 77191 77192
31052 4312 11921 4 25583 25584 76590 76589
31053 4312 3674 5 25584 25581 76553 76552 76673
31054 4312 4821 7 25581 25583 77008 77009 77132 77134 77340
31055 11921 3674 7 25582 25584 76893 76945 93204 77107 76956
31056 4148 4236 4 25586 25587 76614 75244
31057 4330 4236 5 25587 25588 77582 67739 67740
31058 4330 4142 5 25588 25585 74942 74941 75665
31059 4330 4148 5 25585 25587 75370 75372 76816
31060 4236 4142 7 25586 25588 74837 74839 76843 78483 75246
31061 2859 2431 5 25589 25590 121734 122048 122049
31062 2859 2324 5 25590 25591 121866 121956 121735
31063 2520 2859 5 25589 25591 121798 120401 120400
31064 2324 2431 5 25590 25592 119840 63962 63960
31065 1958 1986 3 25594 25595 118775
31066 1691 1869 7 25596 25597 119857 121138 118160 118161 119426
31067 1891 1691 4 25596 25598 120295 120294
31068 1559 1869 3 25597 25599 25810
31069 10856 10630 6 25600 25601 146752 146753 148947 148945
31070 10856 10574 5 25601 25602 32328 32329 149162
31071 10634 10574 6 25602 25603 146328 145471 33656 33655
31072 10634 10630 6 25603 25600 149007 148690 104738 104739
31073 10634 10856 4 25600 25602 149233 149232
31074 10574 10630 5 25601 25603 147132 148387 148389
31075 8901 9712 6 25605 25606 106297 106041 96957 28402
31076 8901 10037 3 25606 25604 106001
31077 8901 615 7 25604 25605 28401 25737 25739 105037 105036
31078 824 769 3 25607 25608 132720
31079 824 1157 10 25608 25609 132787 132553 132554 132831 132832 132911 132926 132763
31080 1020 1157 4 25609 25610 132389 132388
31081 1020 769 7 25610 25607 34117 34119 132576 132734 132675
31082 1020 824 6 25607 25609 132786 26901 26902 132719
31083 1157 769 5 25608 25610 30369 30368 34140
31084 2638 2021 4 25614 25611 134155 120760
31085 2638 1949 4 25611 25613 120708 135412
31086 2603 2021 5 25612 25614 65894 65896 119456
31087 10689 10300 4 25616 25617 106181 106182
31088 10689 10551 6 25617 25615 106776 106507 96229 96231
31089 10689 10845 6 25615 25616 106534 106541 106543 106775
31090 238 1799 4 25618 25619 28494 134745
31091 875 365 4 25620 25621 133492 133493
31092 875 1799 8 25621 25618 134747 134314 134313 134791 135681 133773
31093 875 238 4 25618 25620 133838 134740
31094 365 1799 8 25619 25621 27808 27810 134621 134263 134262 28496
31095 372 430 9 25622 25623 48952 48953 120605 106166 106167 134066 134490
31096 372 848 3 25623 25624 121308
31097 723 848 7 25624 25625 134430 124016 121786 28324 28325
31098 723 430 3 25625 25622 134429
31099 723 372 8 25622 25624 134432 134425 134427 121829 121828 134488
31100 848 430 5 25623 25625 134122 134123 121309
31101 979 1111 5 25626 25627 134822 105896 105897
31102 979 1277 7 25627 25628 114016 129053 129054 135139 134821
31103 723 1277 5 25628 25629 134185 134192 114017
31104 723 979 8 25626 25628 114015 134416 134418 134425 28322 28324
31105 1277 1111 6 25627 25629 134184 64174 64175 134823
31106 342 572 5 25630 25631 30486 130832 130833
31107 342 562 4 25631 25632 31105 30487
31108 697 562 7 25632 25633 130435 130126 130125 129790 31107
31109 697 572 7 25633 25630 131704 131702 131701 131712 131609
31110 697 342 7 25630 25632 31106 131542 130908 130907 131143
31111 562 572 7 25631 25633 131608 131225 131224 131729 30488
31112 6510 7507 4 25635 25636 96328 91588
31113 6510 6355 5 25636 25637 96024 96167 96327
31114 11921 6510 8 25635 25637 48520 48522 91674 91675 96318 91587
31115 2760 3028 6 25639 25640 63914 135487 135297 135288
31116 3027 3028 6 25641 25639 134756 133505 66049 65840
31117 3153 3028 8 25640 25641 65839 66130 64335 64333 64332 63916
31118 11680 239 5 25642 25643 146446 146445 150343
31119 11680 171 6 25643 25644 149861 32490 32488 105747
31120 322 171 7 25644 25645 134504 134765 134343 134341 150307
31121 322 239 7 25645 25642 133863 133862 134444 134445 134502
31122 322 11680 5 25642 25644 150306 150365 150344
31123 171 239 4 25643 25645 134503 150272
31124 2477 2517 5 25647 25648 118337 118338 120373
31125 2517 2115 5 25646 25648 120443 120774 78734
31126 1610 1620 10 25649 25650 107651 107652 121377 120361 120362 106430 106428 120345
31127 1648 1620 10 25651 25649 120346 121993 106864 106865 106426 106425 76628 76627
31128 1932 1620 4 25650 25651 106607 106609
31129 793 3409 4 25652 25653 121669 106149
31130 793 3217 5 25653 25654 122080 122079 121670
31131 5175 3217 7 25654 25655 76505 76506 76513 76508 76509
31132 5175 3409 4 25655 25652 96087 76652
31133 5175 793 6 25652 25654 122047 122046 107614 106148
31134 3217 3409 6 25653 25655 76653 121955 122082 121671
31135 10661 10148 5 25656 25657 105258 105256 106416
31136 10661 8960 9 25657 25658 96215 96218 105818 106376 25661 25659 106228
31137 9636 10661 3 25656 25658 96236
31138 10661 7730 3 25659 25660 105944
31139 10661 8353 5 25660 25661 106377 122010 105945
31140 3555 4203 7 25662 25663 75789 75352 75355 76085 76515
31141 3891 4610 5 25664 25665 74786 74787 76425
31142 3891 3864 8 25665 25666 76522 76787 76721 76719 76878 76460
31143 2888 2752 4 25668 25669 120178 120242
31144 6878 6499 7 25670 25671 94172 94173 94483 94481 94863
31145 6878 7519 9 25671 25672 94857 94843 76629 76300 74760 74763 94635
31146 7433 7519 7 25672 25673 94218 94817 94767 94539 94538
31147 7433 6499 6 25673 25670 94834 94828 94807 94216
31148 7433 6878 3 25670 25672 94862
31149 7519 6499 3 25671 25673 94217
31150 2270 2357 8 25674 25675 120711 120712 120841 120860 120121 120122
31151 2270 2599 8 25675 25676 119767 120380 120640 120818 120776 120777
31152 2443 2599 8 25676 25677 120826 120839 120137 120136 120140 119768
31153 2443 2270 4 25674 25676 79373 79372
31154 2599 2357 3 25675 25677 120825
31155 11935 9862 6 25678 25679 106200 106144 106147 106245
31156 11935 11936 3 25679 25680 105288
31157 9634 11936 7 25680 25681 90973 90970 106512 106156 105290
31158 9634 9862 4 25681 25678 105025 105026
31159 9634 11935 6 25678 25680 105289 96138 96137 96282
31160 11936 9862 5 25679 25681 106213 106291 106201
31161 492 11883 5 25682 25683 106653 106654 123298
31162 492 226 7 25683 25684 121288 107632 107633 121332 121477
31163 11884 226 6 25684 25685 96315 121271 120892 120891
31164 11884 11883 7 25685 25682 123306 121436 121435 121442 96314
31165 11884 492 4 25682 25684 121289 123202
31166 226 11883 6 25683 25685 96313 121425 121424 121475
31167 10317 10863 6 25686 25687 150194 105417 105415 105451
31168 10317 10304 4 25687 25688 105948 151251
31169 10217 10304 6 25688 25689 31424 31425 105531 105532
31170 10217 10863 4 25689 25686 105342 105343
31171 10217 10317 6 25686 25688 105511 105513 106178 105986
31172 10304 10863 6 25687 25689 32283 32282 105789 150332
31173 5718 6089 6 25690 25691 77360 77361 96640 65340
31174 5718 5634 3 25691 25692 77533
31175 5534 5634 5 25692 25693 96600 95983 77534
31176 5534 6089 4 25693 25690 65342 96588
31177 5534 5718 7 25690 25692 77219 77221 96569 96567 65341
31178 5634 6089 6 25691 25693 96599 91176 77332 77331
31179 10306 10845 3 25694 25695 106842
31180 10441 10845 5 25696 25694 106845 106478 105382
31181 7046 6549 5 25697 25698 94880 95845 95846
31182 7046 6877 4 25698 25699 76900 91931
31183 6981 6877 4 25699 25700 94871 76901
31184 6981 6549 6 25700 25697 94876 94838 73904 73906
31185 6981 7046 6 25697 25699 76899 96109 96037 95886
31186 6877 6549 5 25698 25700 94870 94670 94668
31187 5326 4610 6 25702 25703 76617 76823 76822 76764
31188 5326 5256 7 25703 25701 75181 77597 94842 74901 74900
31189 5326 4712 3 25701 25702 75180
31190 3886 3613 8 25705 25706 76748 76580 76524 75263 75262 76636
31191 3613 3308 3 25704 25706 76746
31192 11507 11368 3 25709 25710 149762
31193 11507 11467 4 25710 25707 106049 150054
31194 11507 11785 9 25707 25709 149761 105995 105994 105659 105660 96363 96362
31195 4210 3645 4 25713 25714 75583 25928
31196 4210 4086 5 25714 25711 83837 75807 75582
31197 4210 3489 5 25711 25713 25927 83078 84136
31198 372 180 7 25715 25716 121827 121828 134489 134066 121890
31199 372 185 5 25716 25717 134438 134399 134400
31200 11785 185 6 25717 25718 105660 150105 151474 134467
31201 11785 180 5 25718 25715 120897 120896 105659
31202 11785 372 5 25715 25717 134466 106166 106168
31203 185 180 6 25716 25718 105658 134295 120801 120800
31204 2611 1648 5 25719 25720 122059 76628 76626
31205 2411 1648 5 25720 25721 121739 64521 64520
31206 1648 1518 8 25719 25721 121695 121697 119104 107726 76958 76959
31207 1691 2034 4 25722 25723 120294 119426
31208 2335 1851 4 25724 25725 120639 29138
31209 2335 2034 6 25725 25722 119427 120072 119101 119100
31210 2335 1691 5 25722 25724 29137 74897 118161
31211 1962 1717 6 25727 25728 119452 117690 117689 119060
31212 2758 2898 4 25730 25731 107593 120278
31213 3258 2758 4 25729 25731 107594 122352
31214 7371 7310 5 25732 25733 95666 50375 48576
31215 7038 7310 4 25735 25732 48578 50496
31216 6939 7310 6 25733 25735 50495 50509 90571 95667
31217 452 8901 4 25737 25738 65891 65925
31218 4007 8901 5 25738 25739 96500 76986 65893
31219 4007 615 4 25739 25736 77056 106139
31220 11050 11467 3 25740 25741 49171
31221 11714 10640 8 25742 25743 106442 106441 107601 107721 121109 122231
31222 11714 10399 6 25743 25744 121980 120074 75930 75928
31223 5523 10399 6 25744 25745 96050 106451 106453 106629
31224 5523 10640 4 25745 25742 122226 96049
31225 5523 11714 6 25742 25744 121981 94622 94623 122232
31226 1123 738 7 25747 25748 121382 27290 27293 121677 121787
31227 200 738 6 25748 25749 120431 119846 119849 121383
31228 200 1123 3 25746 25748 121381
31229 738 683 3 25747 25749 120429
31230 11368 11840 5 25750 25751 32281 28197 28200
31231 11869 683 7 25752 25753 106214 106215 106329 96339 95904
31232 11869 200 4 25753 25754 105872 105873
31233 763 200 7 25754 25755 28172 28175 121528 121529 121662
31234 763 11869 4 25752 25754 121689 95905
31235 11225 10100 5 25757 25758 25776 25777 96269
31236 10954 11225 6 25756 25758 106330 106433 122160 25761
31237 10100 11256 6 25757 25759 106388 106390 106489 96270
31238 11305 11225 5 25760 25761 122144 121691 121692
31239 794 11716 4 25762 25763 105939 76164
31240 794 11623 7 25763 25764 107913 122250 122246 122247 122533
31241 11442 11623 4 25764 25765 102083 102086
31242 11442 11716 7 25765 25762 76166 75025 75027 95442 107712
31243 11442 794 4 25762 25764 107912 76165
31244 11623 11716 5 25763 25765 107896 107898 121275
31245 4284 3991 7 25767 25768 63779 72893 72891 73139 81372
31246 4074 4313 4 25769 25766 78192 79660
31247 4074 4284 4 25766 25768 63780 68243
31248 3991 4313 3 25767 25769 81367
31249 991 1190 5 25770 25771 80246 113057 119398
31250 1555 1235 5 25772 25773 101573 101575 122122
31251 1555 1190 7 25773 25770 122612 122611 122569 121397 121395
31252 1555 991 5 25770 25772 122121 121273 121272
31253 1235 1190 4 25771 25773 80256 80248
31254 10382 10100 6 25775 25776 106331 106460 106551 94333
31255 11225 10399 4 25777 25774 106407 106406
31256 11225 10382 5 25774 25776 106330 106431 106424
31257 10100 10399 4 25775 25777 106313 94334
31258 2357 2572 4 25779 25780 117195 120450
31259 2643 2346 3 25781 25778 120399
31260 2643 2357 5 25778 25780 117196 120830 120398
31261 2572 3108 7 25782 25783 120523 120542 76943 76941 120265
31262 2572 3035 6 25783 25784 78864 120367 120365 120524
31263 3223 3108 7 25785 25782 120378 79260 78702 78704 78923
31264 3035 3108 4 25783 25785 78924 119227
31265 3935 3490 7 25786 25787 76968 77013 77005 50011 50009
31266 11918 3490 7 25788 25786 72791 72792 65595 65596 77063
31267 3364 3754 6 25789 25791 78397 78507 77061 64668
31268 3773 3541 4 25794 25795 28221 78686
31269 3773 3618 7 25795 25792 79353 73004 73003 79441 28219
31270 3773 3499 4 25792 25794 78495 78494
31271 3541 3618 3 25793 25795 28220
31272 1691 1645 6 25796 25797 78470 78468 118194 78944
31273 1308 1506 6 25798 25799 121073 123324 121078 120957
31274 1308 1645 7 25799 25796 78946 119286 119287 121071 121070
31275 1308 1691 3 25796 25798 78945
31276 1506 1645 4 25797 25799 121072 120358
31277 11640 11234 4 25800 25801 109346 108716
31278 11640 11548 5 25801 25802 109250 106587 106588
31279 11524 11548 4 25802 25803 107272 107271
31280 11524 11234 6 25803 25800 108717 108831 108830 108577
31281 1620 728 4 25804 25805 121992 106864
31282 1620 1047 5 25805 25806 120699 120700 122118
31283 1369 728 4 25807 25804 105970 105969
31284 1369 1620 6 25804 25806 121693 122023 122024 106865
31285 1047 728 7 25805 25807 106252 96297 96298 120391 122119
31286 265 11660 4 25812 25813 113047 113049
31287 11317 11660 7 25813 25814 101927 101377 101252 99528 99526
31288 11660 341 5 25812 25814 112962 113008 113053
31289 2311 3224 3 25815 25816 76358
31290 3224 2840 12 25815 25817 122308 122264 122244 107433 76071 76070 107798 107797 122347 121351
31291 2809 3030 4 25819 25820 122312 122318
31292 2542 3030 4 25820 25821 76156 76157
31293 2542 2547 7 25821 25818 122451 122504 79011 79008 83966
31294 2542 2809 10 25818 25820 122313 122419 122297 76102 76099 113096 122508 122450
31295 1242 1111 5 25822 25823 105896 135295 130070
31296 1242 848 5 25823 25824 32734 32733 105895
31297 1075 1111 4 25825 25822 130071 123919
31298 1075 1242 5 25822 25824 28127 27046 27043
31299 848 1111 6 25823 25825 121323 121324 121786 105897
31300 1794 1506 8 25826 25827 120191 119475 119474 120358 119460 119461
31301 1717 1506 4 25827 25828 28341 123474
31302 3675 3178 4 25829 25830 75746 75744
31303 11165 10970 4 25831 25832 108327 108328
31304 10826 10855 7 25833 25834 108499 108500 103533 31587 30848
31305 10826 10970 7 25834 25831 110279 109508 101849 101848 108246
31306 10826 11165 4 25831 25833 30847 109126
31307 10855 10970 5 25832 25834 108819 108961 108508
31308 165 11799 4 25836 25837 117771 118126
31309 672 165 5 25835 25837 117772 122920 125068
31310 10444 10644 6 25838 25839 35370 144738 158794 158795
31311 10444 10584 4 25839 25840 145363 35369
31312 10593 10584 5 25840 25841 145588 145587 157491
31313 10593 10644 7 25841 25838 157475 147929 147928 35401 35400
31314 10593 10444 6 25838 25840 158051 38669 38670 158414
31315 10584 10644 7 25839 25841 34477 34479 158622 158671 35371
31316 30 11747 7 25842 25843 111341 111339 112918 102258 102256
31317 11317 11747 4 25845 25842 102222 102224
31318 11317 30 6 25842 25844 101928 101927 26328 26327
31319 1890 2129 4 25847 25848 118544 118534
31320 1859 2129 7 25848 25849 113787 80244 80242 114221 114222
31321 1859 1940 5 25849 25846 117927 117926 113786
31322 2129 1940 5 25847 25849 113785 118466 118535
31323 11339 11668 3 25850 25851 145139
31324 11339 11573 5 25851 25852 142898 144897 145137
31325 11452 11573 3 25852 25853 142900
31326 11452 11668 7 25853 25850 110225 110226 124680 124682 144895
31327 11452 11339 9 25850 25852 142899 145028 32076 32073 109781 110174 110172
31328 11573 11668 7 25851 25853 144900 109537 109539 111890 145166
31329 9455 9302 5 25854 25855 101893 101894 101803
31330 9455 9022 6 25855 25856 25899 25897 84203 101485
31331 9492 9455 4 25854 25856 101611 101734
31332 11275 11343 3 25860 25861 26027
31333 945 1049 6 25862 25863 122951 122242 117984 117985
31334 945 1379 3 25863 25864 122911
31335 1029 1379 7 25864 25865 116457 25986 25985 118274 122876
31336 1029 1049 6 25865 25862 109152 109149 114598 116455
31337 1029 945 6 25862 25864 118029 118031 122516 121120
31338 3937 3936 5 25866 25867 73040 73039 78067
31339 3937 4220 5 25867 25868 79020 76767 76766
31340 4142 4220 4 25868 25869 77909 77910
31341 4142 3937 7 25866 25868 79018 76331 76330 79022 78884
31342 4220 3936 7 25867 25869 77774 76778 76779 78074 78102
31343 4203 4306 4 25870 25871 76411 74964
31344 4313 4688 3 25872 25873 78087
31345 4313 4755 10 25873 25874 67458 67457 78191 78288 78178 78176 75329 75330
31346 4532 4755 4 25874 25875 73067 73076
31347 4532 4313 9 25872 25874 77896 72980 72981 73148 73149 79097 78164
31348 4755 4688 7 25873 25875 69429 69428 73207 72955 72954
31349 11313 10668 6 25877 25878 101808 107972 107596 107217
31350 11412 11334 6 25879 25876 102095 107900 107908 107918
31351 10668 11334 3 25877 25879 107218
31352 721 527 5 25880 25881 113520 113421 111954
31353 11703 527 4 25881 25882 84069 84067
31354 527 11513 8 25880 25882 102024 102026 83600 83598 101654 101655
31355 11847 11101 5 25883 25884 107191 107190 107239
31356 11847 11473 3 25884 25885 107462
31357 11732 11473 6 25885 25886 102113 106498 106677 107468
31358 11732 11101 4 25886 25883 107240 102111
31359 11732 11847 7 25883 25885 107467 76218 76219 107631 107238
31360 10762 10044 5 25888 25889 106514 95368 95369
31361 10044 10477 8 25887 25889 95303 95302 106479 107715 107717 95378
31362 10913 10846 6 25890 25891 105428 106721 106722 106830
31363 10913 10973 5 25891 25892 106861 106843 105429
31364 10764 10973 5 25892 25893 106760 106837 106838
31365 10764 10846 4 25893 25890 106435 106434
31366 10764 10913 6 25890 25892 106862 106855 106853 106852
31367 10973 10846 9 25891 25893 106759 106814 106917 97112 97113 96116 96118
31368 9455 10219 6 25895 25896 25898 25899 101611 99416
31369 8483 9455 6 25894 25896 84202 84203 101269 94177
31370 9455 9238 3 25897 25898 84202
31371 9022 10219 3 25899 25900 84020
31372 11398 11297 5 25901 25902 25913 107618 105499
31373 11078 11056 8 25903 25904 107064 107415 107347 101941 101939 107805
31374 11078 11297 7 25904 25901 105500 107286 107288 107370 107063
31375 11056 11297 3 25902 25904 25915
31376 184 443 6 25905 25906 125140 112596 112597 114482
31377 184 28 6 25906 25907 125136 115852 112592 112593
31378 240 28 6 25907 25908 26494 111631 103244 103245
31379 240 443 7 25908 25905 26423 26422 124299 26911 26492
31380 240 184 4 25905 25907 125103 114483
31381 28 443 4 25906 25908 26493 124622
31382 11351 11187 6 25909 25910 110330 110329 30997 30998
31383 11351 11352 4 25910 25911 111256 111075
31384 11345 11352 5 25911 25912 110101 109905 109904
31385 11345 11187 4 25912 25909 110336 110307
31386 11345 11351 8 25909 25911 111451 111458 111452 111454 111409 111306
31387 11352 11187 6 25910 25912 110306 104166 104163 110925
31388 11398 11101 3 25913 25914 107478
31389 11101 11297 9 25913 25915 107063 107298 105613 105614 105760 107190 107466
31390 310 206 6 25916 25917 27009 27010 26365 26364
31391 310 296 7 25917 25918 125188 112078 112079 124607 114490
31392 136 296 7 25918 25919 125077 112635 111698 111697 124382
31393 136 206 5 25919 25916 111121 125302 125301
31394 136 310 5 25916 25918 112005 112002 111120
31395 296 206 4 25917 25919 125308 114491
31396 11323 11569 8 25921 25922 111509 111510 111532 111474 75520 26016
31397 581 575 6 25923 25924 112970 112546 112547 112661
31398 754 730 6 25925 25926 83005 113208 112983 112940
31399 754 575 5 25926 25923 112663 112925 83004
31400 754 581 7 25923 25925 112939 112938 112839 112838 112662
31401 3853 4143 4 25930 25931 80664 80376
31402 4062 4018 3 25932 25929 80990
31403 4062 3853 7 25929 25931 80663 74643 74640 80383 80384
31404 4143 4018 6 25930 25932 83526 83534 83631 80377
31405 3812 3235 4 25933 25934 76140 75374
31406 3949 3235 4 25934 25935 74617 75191
31407 11874 409 5 25936 25937 121108 122129 122260
31408 11874 11714 3 25937 25938 107721
31409 10991 11714 5 25938 25939 78587 107600 107601
31410 10991 409 4 25939 25936 122261 78585
31411 11714 409 9 25937 25939 78586 122084 122123 94621 94623 122233 121109
31412 5039 4599 8 25940 25941 84747 84746 113369 75596 75597 76490
31413 1290 1183 6 25942 25943 117786 117787 124803 125003
31414 1187 1183 3 25944 25942 125004
31415 1226 1183 6 25943 25944 117712 117714 117524 117523
31416 719 355 6 25945 25946 123425 123426 123223 123224
31417 719 526 7 25946 25947 123371 123209 123128 123129 123423
31418 547 526 7 25947 25948 123181 123179 117692 117694 123127
31419 547 355 5 25948 25945 123204 123203 123233
31420 547 719 6 25945 25947 123158 122963 122965 123403
31421 526 355 4 25946 25948 122759 122758
31422 19 46 5 25949 25950 116899 125147 118171
31423 19 11603 9 25950 25951 125164 125166 125175 125167 125058 123005 116900
31424 80 11603 5 25951 25952 108766 108767 111514
31425 80 46 6 25952 25949 118172 124620 123066 122961
31426 80 19 4 25949 25951 125152 118170
31427 11603 46 3 25950 25952 116901
31428 989 1077 4 25953 25954 83835 83836
31429 1143 1077 6 25954 25955 112709 112727 102194 102191
31430 1077 1053 5 25953 25955 112707 114432 112801
31431 818 899 7 25956 25957 29467 29468 128851 129533 129598
31432 818 775 3 25957 25958 129386
31433 732 775 6 25958 25959 128690 128689 128384 128385
31434 732 899 4 25959 25956 129512 129505
31435 732 818 7 25956 25958 129387 129383 128303 120995 120997
31436 775 899 9 25957 25959 119521 119520 129474 123723 123722 29475 29476
31437 1520 1765 5 25960 25961 138093 136456 136454
31438 1520 1660 6 25961 25962 136644 137189 136750 136751
31439 1900 1660 6 25962 25963 129604 138757 29385 29383
31440 1900 1765 5 25963 25960 129565 129567 129602
31441 1900 1520 5 25960 25962 136645 138778 138774
31442 11195 11328 4 25965 25966 111398 111397
31443 11328 11394 4 25964 25966 111979 111981
31444 1299 1028 6 25967 25968 113080 113191 113192 117960
31445 1058 1028 4 25968 25969 84065 113081
31446 1028 1603 6 25967 25969 84064 113206 113978 117962
31447 2284 2020 6 25970 25971 113840 118404 113896 113897
31448 2185 2251 4 25972 25973 116319 116320
31449 2185 2020 4 25973 25970 114196 117988
31450 2185 2284 6 25970 25972 118378 117445 117444 114195
31451 2251 2020 6 25971 25973 118102 118148 118555 113841
31452 2139 3402 6 25975 25976 113126 113127 113361 83363
31453 2340 3402 5 25976 25977 101826 84394 84396
31454 2340 590 7 25977 25974 84400 84399 84450 84449 101824
31455 2340 2139 5 25974 25976 101829 101828 113322
31456 3402 590 5 25975 25977 101825 112699 83364
31457 1686 1402 5 25979 25980 75462 124635 116953
31458 1710 1402 5 25980 25981 117762 116946 75463
31459 1710 1489 3 25981 25978 117949
31460 1710 1686 8 25978 25980 75461 112865 112867 117739 116433 116432
31461 2956 2762 6 25983 25984 114242 78694 78693 118975
31462 2956 2927 7 25984 25982 113209 113210 118892 117872 114241
31463 2956 2847 5 25982 25983 79990 79989 117841
31464 1379 1191 4 25986 25987 118080 118114
31465 1389 1191 5 25987 25988 108659 117435 118081
31466 1389 1029 6 25988 25985 118275 122918 116126 108657
31467 1389 1379 6 25985 25987 113969 113966 114048 118089
31468 1191 1029 7 25986 25988 108658 122467 122468 125133 118116
31469 2039 1784 4 25989 25990 118084 114283
31470 2039 2110 5 25990 25991 118838 119239 118159
31471 1936 2110 7 25991 25992 116234 116593 116592 118347 118346
31472 1936 1784 7 25992 25989 114285 117281 112564 112563 116232
31473 1936 2039 4 25989 25991 118837 114284
31474 2110 1784 4 25990 25992 116233 117785
31475 11755 11687 6 25994 25995 108849 108595 108593 108654
31476 11755 174 3 25995 25993 118127
31477 1438 1630 3 25996 25997 116886
31478 1438 1274 7 25997 25998 26003 117458 117461 117708 116885
31479 1651 1438 6 25996 25998 26004 117875 117784 117716
31480 1543 1495 9 25999 26000 112890 124696 113442 113443 116260 116378 116379
31481 1543 1429 6 26000 26001 118158 117963 115878 112891
31482 1388 1429 4 26001 26002 118109 118110
31483 1388 1495 6 26002 25999 118074 125107 113144 113146
31484 1388 1543 5 25999 26001 28683 28682 115352
31485 1429 1495 3 26000 26002 112892
31486 1438 1561 6 26003 26004 117179 117177 105736 105734
31487 11147 11263 7 26005 26006 101884 105472 108963 102941 102939
31488 11147 11436 5 26006 26007 109211 109078 101885
31489 11435 11436 9 26007 26008 108400 108941 109341 109373 31943 31940 108637
31490 11435 11263 5 26008 26005 102953 103610 108399
31491 11435 11147 4 26005 26007 109210 102952
31492 11436 11263 6 26006 26008 108398 26010 26009 101886
31493 11293 11340 5 26011 26012 108404 108403 108968
31494 11293 11436 5 26012 26009 107567 108776 108612
31495 11293 11263 4 26009 26011 102099 102101
31496 11340 11436 4 26010 26012 106727 106726
31497 11435 11484 5 26014 26015 76693 101669 101668
31498 11323 11484 5 26015 26016 75521 109118 76694
31499 11484 11569 4 26014 26016 75519 109165
31500 11536 11827 4 26017 26018 108669 105778
31501 11536 11524 5 26018 26019 102326 31937 31938
31502 11498 11827 5 26020 26017 105779 109354 108964
31503 11524 11827 6 26018 26020 107892 107889 108802 108670
31504 10726 11007 7 26021 26022 148774 148776 148700 148701 148187
31505 10726 10982 5 26022 26023 110622 148762 148773
31506 10862 10982 7 26023 26024 110216 110271 110049 103647 103646
31507 10862 10726 6 26021 26023 110623 110356 110358 110391
31508 10982 11007 7 26022 26024 109982 109928 109927 109819 109820
31509 11362 11220 3 26025 26026 111610
31510 11362 11343 9 26026 26027 111484 111485 125139 111783 111782 26369 26367
31511 11275 11362 5 26025 26027 111480 111479 111645
31512 677 276 6 26028 26029 108991 122578 123304 109710
31513 677 886 5 26029 26030 121128 123173 108992
31514 334 886 7 26030 26031 122697 122696 122788 122786 121129
31515 334 276 10 26031 26028 109712 109735 109734 123329 123330 102122 102121 121449
31516 334 677 4 26028 26030 121127 109711
31517 886 276 3 26029 26031 108993
31518 328 246 6 26033 26034 26212 123888 111553 111195
31519 328 320 3 26034 26032 26210
31520 328 357 7 26032 26033 111193 124337 128764 123560 123561
31521 173 11676 5 26035 26036 123587 123080 123078
31522 11812 11676 4 26037 26035 123107 110379
31523 11826 11676 5 26036 26037 110380 111178 111599
31524 102 11834 4 26038 26039 106684 123392
31525 102 11568 5 26039 26040 123301 124072 106685
31526 11705 11568 6 26040 26041 105975 109024 109022 121228
31527 11705 11834 4 26041 26038 109689 105973
31528 11705 102 5 26038 26040 96096 96095 123244
31529 11568 11834 7 26039 26041 105974 106979 106977 109763 106686
31530 11300 11351 8 26042 26043 30661 109381 109379 108723 108724 109390
31531 11551 11428 9 26044 26045 111200 110283 110281 111177 31972 31974 111090
31532 11551 11351 3 26045 26042 111429
31533 11551 11300 4 26042 26044 111299 111471
31534 11428 11351 8 26043 26045 109629 109375 109377 111075 110330 30662
31535 11799 11754 7 26046 26047 107571 107569 108569 122670 122671
31536 11799 11437 4 26047 26048 108871 108847
31537 11755 11799 7 26046 26048 108850 108849 118127 118126 118128
31538 9181 9446 6 26049 26050 103719 104014 103335 103334
31539 11135 11400 4 26052 26053 26234 110694
31540 645 435 4 26054 26055 26160 123652
31541 645 410 4 26055 26056 26270 26161
31542 797 410 4 26056 26057 123940 26272
31543 797 435 6 26057 26054 124503 124631 124281 123939
31544 797 645 7 26054 26056 26271 26878 26880 117366 117368
31545 410 435 7 26055 26057 123122 123121 123729 124288 26162
31546 1779 1515 5 26058 26059 117398 117796 29373
31547 11832 21 5 26060 26061 32150 32149 148961
31548 11832 123 4 26061 26062 128962 109816
31549 11792 123 7 26062 26063 123350 123351 123896 123898 123960
31550 11792 21 5 26063 26060 32176 32177 121191
31551 11792 11832 5 26060 26062 35392 35394 105219
31552 10585 10632 7 26065 26066 103697 32276 32277 110446 110447
31553 10632 10550 5 26064 26066 103696 110020 103494
31554 127 193 7 26067 26068 128584 128585 128637 126350 126351
31555 127 50 3 26068 26069 32009
31556 11893 50 7 26069 26070 124022 32063 32062 32066 32011
31557 11893 193 4 26070 26067 128549 124021
31558 11893 127 8 26067 26069 32010 105774 105773 128330 128522 128544
31559 50 193 9 26068 26070 124020 130500 130489 128515 127655 126693 126694
31560 2416 2532 6 26072 26073 119443 119419 119418 119651
31561 2416 2570 4 26073 26071 79375 79377
31562 2416 2375 10 26071 26072 119435 79287 78832 78833 120021 119983 119954 119621
31563 910 810 4 26074 26075 119576 123921
31564 739 607 6 26076 26077 27001 124709 129126 129210
31565 739 810 5 26077 26074 123923 123727 27000
31566 739 910 6 26074 26076 129261 129262 129439 123922
31567 607 810 8 26075 26077 26999 128409 124156 27262 27259 119577
31568 542 529 3 26078 26079 127102
31569 643 476 5 26080 26081 128331 128423 117025
31570 476 529 9 26079 26081 128269 124642 124644 128578 128601 128597 127103
31571 2665 2907 4 26082 26083 136176 136170
31572 2665 2968 3 26083 26084 135971
31573 2688 2968 6 26084 26085 136012 136011 136121 135972
31574 2688 2907 5 26085 26082 135474 135476 136105
31575 2968 2907 8 26083 26085 136104 136122 27204 27203 135907 135908
31576 11271 11346 6 26086 26087 109833 106161 106159 150093
31577 11574 11507 6 26088 26089 109564 105995 105996 149416
31578 11574 11346 4 26089 26086 148883 109562
31579 11574 11271 6 26086 26088 106171 106170 128988 128990
31580 11507 11346 3 26087 26089 109563
31581 47 271 5 26090 26091 101467 101465 112404
31582 11664 271 5 26092 26090 112524 112579 112560
31583 11588 11566 4 26093 26094 143884 143882
31584 11588 11589 6 26094 26095 143783 143784 144177 144179
31585 11516 11589 4 26095 26096 143564 143563
31586 11516 11566 6 26096 26093 144103 144104 144258 144240
31587 11516 11588 5 26093 26095 31110 31109 143002
31588 11589 11566 7 26094 26096 144110 144020 34725 34722 144223
31589 11802 11614 4 26098 26099 109424 109423
31590 11632 11614 9 26099 26100 110257 111209 111210 109391 109392 111261 111162
31591 11632 11802 7 26097 26099 111161 110816 110817 111358 109393
31592 11614 11860 7 26098 26100 110256 110316 30533 30534 110268
31593 1043 768 7 26101 26102 134951 134944 129307 129305 134849
31594 1043 746 4 26102 26103 134945 135120
31595 863 746 4 26103 26104 132138 134509
31596 863 768 5 26104 26101 128975 28066 28065
31597 746 768 9 26102 26104 132137 132036 131984 131983 129097 129099 135126
31598 1425 1317 8 26105 26106 139044 139043 139088 138957 138958 138974
31599 1425 1711 6 26106 26107 138638 138935 129527 129530
31600 1591 1317 4 26108 26105 123625 123624
31601 1591 1425 6 26105 26107 137209 137208 138952 138975
31602 1711 1317 3 26106 26108 123820
31603 1123 1604 7 26109 26110 120786 118791 118792 120809 28282
31604 892 1604 6 26111 26109 28284 76916 121806 121749
31605 1062 1604 5 26110 26111 121748 121428 120788
31606 602 11660 9 26112 26113 112646 108567 108566 113022 113053 113049 113048
31607 602 11587 4 26113 26114 26171 26172
31608 573 11587 5 26114 26115 81898 81897 112668
31609 573 11660 3 26115 26112 102130
31610 11587 11660 6 26113 26115 102129 101862 101239 101241
31611 1162 1158 5 26116 26117 121466 121467 120981
31612 1376 1158 5 26117 26118 123865 123843 123790
31613 1158 1114 7 26116 26118 123885 123325 117297 117298 120982
31614 1413 1267 8 26119 26120 117393 120653 119649 119648 123263 123264
31615 1591 1267 4 26122 26119 123709 117016
31616 1591 1413 4 26119 26121 117481 123780
31617 1500 1267 4 26120 26122 117017 117394
31618 2103 1916 4 26123 26124 119619 119633
31619 1985 1732 4 26125 26126 119328 117428
31620 1985 1916 8 26126 26123 119634 136193 119526 119497 119496 119550
31621 1985 2103 4 26123 26125 117427 119632
31622 1732 1916 8 26124 26126 119551 119499 27211 27210 117537 119605
31623 733 18 6 26128 26129 109280 109281 123201 123108
31624 733 276 6 26129 26127 108991 108993 121449 111663
31625 733 257 5 26127 26128 109296 109298 122579
31626 1673 1378 4 26130 26131 139114 117246
31627 1567 1378 4 26131 26132 129457 138942
31628 1378 1416 11 26130 26132 117627 117629 138971 138950 138949 139241 139275 126898 117247
31629 11303 11237 3 26133 26134 34514
31630 11222 11232 4 26135 26136 144185 126999
31631 11222 11237 7 26136 26133 34516 145519 110396 110397 144184
31632 11222 11303 7 26133 26135 126998 31131 31130 34541 34515
31633 11232 11237 7 26134 26136 144183 144081 143851 143848 143984
31634 2055 1849 3 26137 26138 141365
31635 2055 1514 5 26138 26139 138064 138062 140750
31636 1959 1514 3 26139 26140 131325
31637 1959 1849 8 26140 26137 141786 60661 60660 141751 141453 131324
31638 1959 2055 8 26137 26139 130970 130969 138205 141740 137257 137258
31639 1514 1849 8 26138 26140 131323 137742 137940 141470 30351 30348
31640 11439 11483 5 26141 26142 109870 109873 149630
31641 11376 11462 7 26143 26144 124104 149659 150074 149745 31980
31642 11376 11483 6 26144 26141 110824 110826 130311 124103
31643 11376 11439 4 26141 26143 31978 149632
31644 11462 11483 4 26142 26144 124102 149515
31645 490 509 5 26145 26146 31351 29150 29151
31646 490 698 5 26146 26147 30513 30512 126979
31647 446 698 5 26147 26148 126468 143483 127233
31648 446 490 9 26145 26147 127232 143664 143737 143218 126539 126541 127039
31649 698 509 8 26146 26148 126467 26785 26784 127130 127124 126980
31650 316 757 5 26149 26150 28297 130892 29398
31651 631 757 6 26152 26149 29400 129966 129968 33511
31652 631 316 5 26149 26151 27816 33011 29399
31653 595 757 5 26150 26152 33510 27703 27702
31654 706 896 7 26154 26155 112730 112781 112773 112774 112637
31655 706 1215 3 26155 26153 101783
31656 1700 1486 6 26158 26159 82576 82577 124842 114752
31657 1700 1702 8 26159 26156 114507 114176 114177 115042 115039 114454
31658 1700 1632 7 26156 26158 114749 114751 116294 116295 114506
31659 1486 1702 4 26157 26159 114455 29526
31660 645 752 9 26160 26161 111041 112163 123177 124348 128362 117602 117601
31661 410 752 4 26161 26162 109765 109768
31662 752 435 6 26160 26162 124293 124292 124296 123653
31663 414 303 7 26163 26164 125589 125599 125598 124727 124616
31664 414 310 5 26164 26165 26432 26433 125588
31665 311 310 5 26165 26166 125563 125329 125291
31666 311 303 5 26166 26163 112093 112091 125299
31667 311 414 4 26163 26165 125149 124617
31668 310 303 4 26164 26166 124187 124188
31669 11564 11815 6 26167 26168 149495 130234 130236 146458
31670 11564 110 6 26168 26169 153973 154785 33007 33008
31671 11674 110 4 26169 26170 146467 146514
31672 11674 11815 6 26170 26167 28085 28086 33658 33657
31673 11674 11564 6 26167 26169 153972 127065 127064 146306
31674 110 11815 6 26168 26170 146466 146460 146461 149496
31675 602 208 5 26172 26173 122885 122957 112646
31676 778 208 5 26173 26174 101937 122241 122886
31677 778 11587 6 26174 26171 112668 112669 113250 101936
31678 778 602 6 26171 26173 122857 102043 102042 112667
31679 208 11587 5 26172 26174 101935 101240 101241
31680 11603 11233 3 26175 26176 111738
31681 11275 11233 8 26176 26177 101910 101911 108402 108630 108974 111739
31682 11233 11596 5 26175 26177 101955 101957 102005
31683 95 332 3 26179 26180 122782
31684 246 332 6 26180 26181 26372 111119 123888 122784
31685 246 248 4 26181 26178 123008 26370
31686 246 95 5 26178 26180 122783 123138 123007
31687 332 248 7 26179 26181 26371 124541 109359 109358 123593
31688 391 260 8 26182 26183 30769 30767 124252 124253 124805 124517
31689 391 223 5 26183 26184 123544 124555 124554
31690 240 223 6 26184 26185 111011 111010 124529 123546
31691 240 260 4 26185 26182 124407 124336
31692 240 391 5 26182 26184 123545 124570 124518
31693 223 260 8 26183 26185 112144 111055 111054 128571 113014 113016
31694 9206 9217 9 26186 26187 156517 155893 155894 156890 157019 157059 156895
31695 9206 9491 3 26187 26188 156510
31696 9546 9491 8 26188 26189 44959 44957 39468 39467 156872 156511
31697 9546 9217 3 26189 26186 153241
31698 9546 9206 6 26186 26188 34630 34629 157057 156896
31699 9491 9217 7 26187 26189 39465 39462 153389 153480 153890
31700 976 980 8 26190 26191 130696 123876 123875 127722 127721 127666
31701 976 1230 5 26191 26192 127740 138572 130695
31702 1060 980 6 26193 26190 124711 27052 27051 34445
31703 1060 976 4 26190 26192 127741 127667
31704 1230 980 6 26191 26193 34444 127458 127459 130697
31705 878 984 7 26194 26195 123892 117406 117404 123320 123321
31706 878 843 4 26195 26196 123880 123899
31707 813 843 4 26196 26197 123276 123370
31708 813 984 5 26197 26194 112785 112784 122837
31709 109 11821 9 26198 26199 124081 124220 124222 124223 128891 124374 124372
31710 109 11826 4 26199 26200 124213 124082
31711 92 11821 3 26201 26198 124368
31712 11826 11821 6 26199 26201 124366 111083 111084 111247
31713 739 1027 7 26202 26203 123376 129432 117911 117912 116908
31714 739 923 5 26203 26204 128530 129151 123377
31715 689 923 4 26204 26205 123650 128350
31716 689 739 6 26202 26204 128407 123958 123959 116909
31717 923 1027 5 26203 26205 117020 117019 117758
31718 1351 1661 7 26206 26207 138861 117607 117610 138989 139001
31719 1351 1705 8 26207 26208 138998 138999 124585 124586 136103 139028
31720 1658 1705 5 26208 26209 117269 26323 26324
31721 1658 1661 7 26209 26206 117494 117276 117275 117344 117268
31722 1658 1351 5 26206 26208 138996 138995 139004
31723 1705 1661 7 26207 26209 116992 116991 129810 129537 129538
31724 320 395 6 26210 26211 111049 111050 124548 124304
31725 246 395 3 26211 26212 111119
31726 219 11860 5 26214 26215 108525 108524 109552
31727 27 97 6 26216 26213 124525 124341 124340 124378
31728 27 219 4 26213 26215 124310 124530
31729 11860 97 3 26214 26216 109554
31730 9783 9431 5 26217 26218 32443 105129 151642
31731 9783 9753 8 26218 26219 151611 151956 151882 104959 104960 32444
31732 9303 9753 5 26219 26220 152061 151941 151612
31733 9303 9783 3 26217 26219 151610
31734 11466 11332 4 26221 26222 31856 31854
31735 11466 11580 7 26222 26223 110173 110224 145146 110219 110217
31736 11339 11580 4 26223 26224 117535 110174
31737 11339 11332 6 26224 26221 145167 110203 110202 117534
31738 11339 11466 8 26221 26223 110172 145139 145137 145136 145141 145143
31739 11691 11632 9 26225 26226 109630 109631 34655 34653 110797 111358 26231
31740 11586 11699 4 26228 26229 112007 112104
31741 11370 11586 5 26227 26229 112006 112235 111381
31742 11691 11824 5 26230 26231 111364 123028 30651
31743 11632 11824 4 26231 26232 109394 109393
31744 11135 11261 6 26234 26235 108709 108710 110941 110695
31745 11300 11292 7 26236 26237 111468 111461 111389 111295 111293
31746 11300 11085 5 26237 26238 106526 106527 111469
31747 10929 11085 8 26238 26239 108645 103523 103520 110808 110338 110337
31748 10929 11292 5 26239 26236 111438 108708 108707
31749 10929 11300 5 26236 26238 111263 111463 111464
31750 95 11614 3 26240 26241 30533
31751 11543 11826 4 26242 26243 111043 111178
31752 11543 11614 9 26243 26240 30534 109425 109424 111162 111322 111258 111042
31753 11826 11614 8 26241 26243 32007 32006 110287 110284 110317 110316
31754 1504 1741 5 26244 26245 138111 138364 127212
31755 1504 1719 3 26245 26246 138112
31756 1530 1719 8 26246 26247 131458 138075 138077 63103 63102 138238
31757 1530 1741 4 26247 26244 127214 131316
31758 1719 1741 6 26245 26247 131457 138182 132302 132303
31759 73 30 7 26248 26249 102890 102888 113028 111020 108679
31760 11751 73 4 26248 26250 111370 108680
31761 1485 1226 7 26252 26253 26379 117392 117075 117074 117523
31762 1485 1330 4 26253 26251 116238 26378
31763 10881 10691 5 26254 26255 108805 101763 101764
31764 10881 10604 5 26255 26256 101539 101537 108640
31765 10680 10881 7 26254 26256 107949 107446 107445 107509 107511
31766 11570 11670 5 26258 26259 145885 145704 30702
31767 11570 11820 6 26259 26260 30445 31092 34363 145884
31768 11675 11670 7 26261 26258 30703 144933 144427 144426 144482
31769 11675 11570 4 26258 26260 26733 26734
31770 11820 11670 5 26259 26261 144481 144490 144571
31771 269 11889 5 26262 26263 125450 112809 112810
31772 29 11889 7 26265 26262 125770 125872 125749 125750 125887
31773 29 269 3 26262 26264 125684
31774 170 11889 4 26263 26265 125888 125865
31775 1101 1208 7 26266 26267 138943 127257 123969 29114 29115
31776 1101 1285 7 26267 26268 128245 128287 128282 128280 139184
31777 1067 1285 6 26268 26269 117636 126119 126117 128112
31778 1067 1208 5 26269 26266 124740 127736 117635
31779 1067 1101 6 26266 26268 128244 26971 26968 124733
31780 1285 1208 5 26267 26269 117634 138877 139185
31781 645 518 5 26270 26271 29419 29420 111041
31782 797 518 7 26271 26272 121520 121519 123307 109715 109714
31783 518 410 6 26270 26272 121514 121513 109766 109768
31784 11586 11395 4 26275 26273 112236 111381
31785 11515 11395 8 26274 26275 111382 111500 30508 30507 30642 30641
31786 3080 3583 7 59776 59072 59073 26276 26277 82457 -1
31787 3080 3582 5 26277 26278 60258 61088 61089
31788 3529 3583 4 26279 26276 60217 61072
31789 3529 3080 6 26276 26278 60257 81830 61033 60216
31790 3582 3583 9 82458 26277 26279 61076 60127 60128 60151 71461 -1
31791 1050 1040 7 26280 26281 124418 122985 122984 125318 125286
31792 1050 1302 3 26281 26282 124419
31793 1177 1040 3 26283 26280 125287
31794 1177 1050 5 26280 26282 125268 114370 114368
31795 1302 1040 7 26281 26283 125260 125254 123610 123609 124420
31796 3 95 5 26284 26285 124260 124330 124331
31797 3 248 5 26285 26286 123589 123590 124261
31798 11709 3 5 26284 26286 124274 123584 123586
31799 151 706 4 26287 26288 112141 112142
31800 151 224 7 26288 26289 112064 111834 111835 125244 112154
31801 765 224 5 26289 26290 112780 124375 112084
31802 765 706 6 26290 26287 112793 112781 112782 112778
31803 765 151 6 26287 26289 112083 125413 112136 112138
31804 224 706 4 26288 26290 112779 112155
31805 11655 11675 6 26292 26293 145875 144933 144934 145962
31806 11424 11675 6 26293 26294 112261 112259 144611 144651
31807 11424 11654 7 26294 26291 144868 144512 144513 126311 114808
31808 11424 11655 5 26291 26293 145874 145773 145746
31809 11675 11654 4 26292 26294 114809 145964
31810 450 627 7 26295 26296 123929 123527 27155 27153 123481
31811 450 294 7 26296 26297 123927 123928 123935 123932 123930
31812 460 294 6 26297 26298 122833 123400 123395 123396
31813 294 627 4 26296 26298 122832 123269
31814 4659 4325 5 26300 26301 65586 65639 64815
31815 4674 4325 7 26301 26302 65235 65234 50216 50219 65249
31816 4674 4675 3 26302 26299 65313
31817 4674 4659 5 26299 26301 65511 65509 65312
31818 4325 4675 8 26300 26302 49806 49805 65756 65755 65364 64816
31819 1344 1296 5 26303 26304 116159 117058 125036
31820 1265 1402 5 26305 26306 116560 116953 26984
31821 1265 1296 7 26306 26303 125037 117797 117799 118099 116559
31822 1265 1344 5 26303 26305 26982 124937 125029
31823 1402 1296 5 26304 26306 116558 117774 116160
31824 46 11544 6 26307 26308 125121 124619 118208 112517
31825 46 11596 6 26308 26309 122961 116901 116899 125122
31826 11687 46 4 26307 26309 123066 112516
31827 11596 11544 5 26308 26310 111540 111352 111354
31828 2010 2174 5 26311 26312 117973 117168 117169
31829 2010 2181 6 26312 26313 116745 116692 116694 117453
31830 2272 2181 4 26313 26314 82155 116668
31831 2272 2174 6 26314 26311 116570 116569 116534 82153
31832 2272 2010 4 26311 26313 117199 117173
31833 1686 1812 7 26315 26316 117908 117107 115544 115542 117761
31834 1686 1641 5 26316 26317 125097 124913 117909
31835 1703 1812 3 26318 26315 116437
31836 1703 1686 7 26315 26317 125088 118113 118057 118055 117781
31837 2271 2356 5 26319 26320 119802 119803 119815
31838 2334 2356 7 26320 26321 119524 119792 119595 119596 119706
31839 2356 2276 8 26319 26321 119523 118458 118459 119167 119166 119817
31840 1658 1735 5 26322 26323 117128 117129 114132
31841 1588 1705 5 26324 26325 29696 29698 138998
31842 1588 1735 6 26325 26322 114133 116913 117274 127743
31843 1705 1735 4 26323 26325 127742 117277
31844 30 341 6 26328 26326 102209 112937 112942 112962
31845 30 8 4 26326 26327 102256 102208
31846 11722 11845 7 26329 26330 111283 111284 110956 110957 124411
31847 134 11845 6 26330 26331 26445 115853 109130 109129
31848 11845 11846 6 26329 26331 26444 109245 26393 26394
31849 2039 1683 9 26332 26333 26352 26353 114029 119374 114284 114283 118072
31850 1927 1683 5 26333 26334 117999 118010 114014
31851 1683 1852 6 26332 26334 117323 117324 117418 117420
31852 87 43 6 26335 26336 30017 30015 128517 144837
31853 87 198 4 26336 26337 128579 128529
31854 39 198 6 26337 26338 125871 125844 125845 128429
31855 39 43 5 26338 26335 31510 31511 110992
31856 198 43 5 26336 26338 126639 27048 27047
31857 1861 2155 4 26339 26340 81730 116509
31858 1861 2121 8 26340 26341 116161 116542 116543 116076 114105 81731
31859 2063 2121 3 26341 26342 116163
31860 2063 2155 10 26342 26339 115115 115114 116376 116205 116207 116367 116193 116195
31861 2063 1861 6 26339 26341 116162 116185 116279 116510
31862 2121 2155 4 26340 26342 116440 81732
31863 1758 1700 3 26343 26344 114434
31864 1758 1619 7 26344 26345 116296 118044 117031 117029 116512
31865 1816 1619 4 26345 26346 82452 82451
31866 1816 1700 8 26346 26343 114436 29826 29827 115042 115041 114468
31867 1619 1700 10 26344 26346 82575 82577 124445 114762 114763 115839 117035 116513
31868 1898 2020 6 26347 26348 82957 113407 113793 113791
31869 1898 1935 3 26348 26349 82958
31870 2183 2020 5 26350 26347 118351 118556 118148
31871 2183 1898 6 26347 26349 113970 113972 118241 118350
31872 1935 2020 7 26348 26350 118102 117988 117987 118226 82959
31873 2039 2007 7 26351 26352 114013 118358 118416 29358 29359
31874 1651 1683 8 26353 26354 101889 117875 117764 117765 119363 114030
31875 1651 2039 3 26351 26353 114028
31876 1683 2007 4 26352 26354 101888 114014
31877 2360 2459 5 26355 26356 113797 115203 26359
31878 2360 2436 7 26356 26357 115234 114164 114165 116221 113796
31879 2484 2436 5 26357 26358 115714 116219 115235
31880 2484 2360 4 26355 26357 115233 26360
31881 2436 2459 4 26356 26358 115713 113798
31882 2320 2484 7 26360 26361 116139 116138 116165 116164 116330
31883 2320 2360 4 26359 26360 115279 115280
31884 114 251 7 26362 26363 125634 125672 125626 125627 125633
31885 114 310 4 26363 26364 111120 125536
31886 206 251 4 26365 26362 111634 111633
31887 206 114 5 26362 26364 111121 125624 125630
31888 310 251 8 26363 26365 124472 125620 125594 125588 124188 124185
31889 11274 11343 3 26367 26368 111611
31890 11165 11343 8 26368 26369 111774 111735 110938 110937 108985 108987
31891 11165 11362 3 26369 26366 111771
31892 248 320 5 26370 26371 124473 124474 124268
31893 332 320 6 26371 26372 111049 111051 27248 27245
31894 1104 1099 7 26373 26374 123534 117586 117587 117441 117442
31895 1104 836 4 26374 26375 123470 123535
31896 825 836 5 26375 26376 119491 123083 123471
31897 825 1099 4 26376 26373 109457 109458
31898 825 1104 6 26373 26375 123469 123335 123336 121002
31899 836 1099 8 26374 26376 119490 119488 119487 123169 123168 123188
31900 1400 1330 8 26377 26378 118003 118004 119256 119257 29352 29349
31901 386 197 4 26381 26382 128577 128668
31902 386 390 5 26382 26380 126361 126508 126507
31903 386 349 7 26380 26381 128669 128477 125817 124766 124768
31904 10772 11011 5 26383 26384 145191 145190 105690
31905 10772 10840 8 26384 26385 148223 148233 148221 148167 148166 148179
31906 10834 10840 4 26385 26386 145288 145332
31907 10834 11011 9 26386 26383 105691 145888 110236 110235 145448 145445 145287
31908 10834 10772 5 26383 26385 145376 104504 104501
31909 10840 11011 5 26384 26386 144835 144833 147116
31910 541 1173 3 26387 26388 -1
31911 556 1006 5 26389 26390 26954 26955 111289
31912 556 541 7 26387 26389 114815 114689 114486 114484 -1
31913 1006 1173 8 26388 26390 124971 114803 114658 112798 112797 -1
31914 230 19 7 26391 26392 122942 125143 125156 125172 125123
31915 230 11846 4 26392 26393 109244 112621
31916 11845 19 8 26394 26391 124775 124774 124440 124442 124439 124411
31917 11845 230 5 26391 26393 109243 111702 124415
31918 11846 19 4 26392 26394 114487 114489
31919 516 657 6 26395 26396 109326 109327 123567 125204
31920 516 635 5 26396 26397 111374 125236 125239
31921 558 635 7 26397 26398 29894 29895 112795 125227 111376
31922 558 657 3 26398 26395 125241
31923 558 516 5 26395 26397 111375 125247 125240
31924 635 657 8 26396 26398 125076 123038 112816 112815 122997 122996
31925 2390 2244 5 26399 26400 133293 115061 115062
31926 2291 2244 6 26400 26401 119213 135565 116042 116043
31927 2244 2216 4 26399 26401 119210 118418
31928 1016 1194 8 26402 26403 28747 28746 117336 117411 117151 28696
31929 1267 1194 4 26403 26404 138987 117133
31930 1194 1088 5 26402 26404 128377 128376 28697
31931 11609 11711 6 26405 26406 111726 111995 112012 111549
31932 812 735 6 26408 26409 127851 125757 125758 128433
31933 934 812 7 26407 26409 127852 127861 127864 127867 127865
31934 28 11845 7 26410 26411 124403 115853 112592 112595 124381
31935 28 11711 3 26411 26412 102196
31936 11691 11711 6 26412 26413 111597 111596 111550 102198
31937 11691 11845 4 26413 26410 111626 111625
31938 11691 28 6 26410 26412 102197 111693 123028 124234
31939 11711 11845 6 26411 26413 111286 111283 109129 109128
31940 2142 2365 5 26414 26415 115282 116628 116679
31941 2142 2174 5 26415 26416 115685 115687 115281
31942 2200 2174 6 26416 26417 116570 117169 116796 116794
31943 2200 2365 4 26417 26414 116566 116565
31944 2174 2365 10 26415 26417 116569 116568 116573 116563 114940 114939 116574 115283
31945 1232 1006 3 26418 26419 118165
31946 1006 1464 6 114570 114571 118167 26418 26420 -1
31947 443 475 10 26421 26422 124298 124429 117754 117753 118184 112623 112598 112597
31948 278 240 6 26423 26424 123065 124404 124405 114483
31949 278 475 6 26424 26421 118124 118125 124581 123063
31950 278 443 3 26421 26423 114482
31951 240 475 4 26422 26424 123064 124300
31952 674 637 6 26425 26426 125146 117685 111026 111029
31953 674 665 5 26426 26427 109328 109329 124758
31954 387 665 3 26427 26428 125063
31955 387 637 7 26428 26425 122989 112569 112568 112706 125062
31956 665 637 9 26426 26428 113018 102232 102229 112545 26443 26442 111614
31957 169 52 5 26429 26430 125078 31588 31589
31958 11816 52 8 26431 26429 125178 111691 111690 112094 111720 111719
31959 136 52 3 26430 26431 112635
31960 414 550 5 26433 26434 125200 125562 125593
31961 440 310 9 26435 26432 125291 125328 125538 111642 111641 114777 125554
31962 440 414 5 26432 26434 125201 125150 125149
31963 550 310 6 26433 26435 125555 125558 125557 125594
31964 999 751 5 26437 26438 127612 30180 30179
31965 916 751 6 26438 26439 27097 29264 29265 127613
31966 916 831 4 26439 26436 127100 27096
31967 916 999 5 26436 26438 126986 126080 126082
31968 989 665 3 26441 26442 111613
31969 637 1053 3 26443 26440 112544
31970 637 989 9 26440 26442 111612 117685 117684 117906 112886 82645 82646
31971 665 1053 5 26441 26443 112543 117848 117847
31972 11845 184 6 26444 26445 112592 112594 111702 111701
31973 2526 2388 6 26446 26447 29796 29795 114755 115222
31974 2526 2313 3 26447 26448 113943
31975 2407 2313 8 26448 26449 115205 115173 115104 28606 28604 115083
31976 2407 2388 3 26449 26446 115209
31977 2407 2526 5 26446 26448 115082 115315 115223
31978 2313 2388 5 26447 26449 115187 114359 113944
31979 271 224 7 26450 26451 112820 124376 112780 112779 112579
31980 11752 11789 6 26452 26453 111619 111618 102267 102265
31981 11752 224 5 26453 26450 112580 125244 112562
31982 11752 271 3 26450 26452 112560
31983 11789 224 4 26451 26453 112561 112821
31984 8 11164 3 26454 26455 112788
31985 11164 11616 5 26454 26456 101676 101675 102055
31986 1817 1725 4 26457 26458 116461 114100
31987 2109 1669 3 26459 26460 102271
31988 2109 1725 5 26460 26457 112908 112907 102270
31989 1669 1725 6 26458 26460 102269 112736 63343 63344
31990 438 503 4 26461 26462 126586 126587
31991 438 537 5 26462 26463 126277 26739 26742
31992 471 537 7 26463 26464 126440 127284 29064 27200 27201
31993 471 503 5 26464 26461 126553 126552 126439
31994 471 438 5 26461 26463 126276 126428 126429
31995 537 503 7 26462 26464 126438 124502 124501 126287 126288
31996 461 433 6 26466 26467 128211 128436 26837 26835
31997 621 433 8 26467 26468 126108 126201 126155 126157 126077 126076
31998 621 484 4 26468 26465 27548 29899
31999 621 461 4 26465 26467 128212 27547
32000 433 484 5 26466 26468 126107 126121 124456
32001 1616 1459 5 26469 26470 29140 27178 27176
32002 1616 1893 5 26470 26471 130812 138593 29139
32003 1653 1459 4 26472 26469 138398 130770
32004 1653 1616 4 26469 26471 127379 127378
32005 1893 1459 6 26470 26472 129874 129873 139783 29141
32006 509 568 8 26473 26474 26783 26784 127132 126958 126959 127112
32007 509 429 4 26474 26475 127133 126637
32008 403 429 8 26475 26476 126636 126510 126511 126673 126664 126665
32009 403 568 3 26476 26473 126634
32010 403 509 7 26473 26475 126871 126628 126629 127111 127114
32011 429 568 5 26474 26476 126635 27199 27198
32012 840 1243 6 26478 26479 132089 132009 131813 131811
32013 840 1327 5 26479 26477 33950 33949 129975
32014 2705 2679 9 26480 26481 59873 140075 59731 59729 60487 60488 29785
32015 2705 2531 4 26481 26482 140223 59872
32016 2488 2531 6 26482 26483 140188 139843 127677 127675
32017 2488 2679 5 26483 26480 29787 138422 140193
32018 2488 2705 3 26480 26482 29786
32019 2531 2679 5 26481 26483 140066 59648 59647
32020 1871 2017 5 26484 26485 29707 29708 128918
32021 1871 1826 3 26485 26486 28805
32022 1774 1826 5 26486 26487 139067 119513 28807
32023 1774 2017 6 26487 26484 124870 124871 139196 139169
32024 1774 1871 9 26484 26486 28806 136465 138673 138675 138033 116640 116637
32025 1826 2017 6 26485 26487 139167 136706 116759 116758
32026 347 695 6 26488 26489 30795 141145 141146 143240
32027 347 536 5 26489 26490 143633 139287 30796
32028 601 536 6 26490 26491 143438 143172 126800 126801
32029 601 695 6 26491 26488 143241 143579 143575 143574
32030 536 695 6 26489 26491 143573 143572 142669 30797
32031 443 95 5 26492 26493 124485 124486 26912
32032 95 240 5 26492 26494 124478 124460 26913
32033 11851 11791 6 26495 26496 146034 146015 144433 144434
32034 11851 6 5 26496 26497 143704 156205 146033
32035 130 6 6 26497 26498 144232 141596 141597 143527
32036 130 11791 5 26498 26495 145017 144217 144216
32037 130 11851 6 26495 26497 27558 27557 127025 127024
32038 6 11791 5 26496 26498 143549 143550 146031
32039 641 620 5 26499 26500 118131 26613 26616
32040 641 639 5 26500 26501 26889 30454 30452
32041 819 639 6 26501 26502 112813 112814 117687 26890
32042 819 620 5 26502 26499 124388 124387 125439
32043 639 620 6 26500 26502 125438 125434 124524 118132
32044 2277 2231 5 26503 26504 114356 139415 29368
32045 2277 2094 4 26504 26505 115259 114357
32046 2159 2094 6 26505 26506 114945 114946 114957 114958
32047 2159 2277 4 26503 26505 115260 29367
32048 2094 2231 4 26504 26506 115019 114358
32049 3202 3242 5 26507 26508 30278 30279 59459
32050 3202 3284 4 26508 26509 29880 29881
32051 3418 3284 4 26509 26510 30103 29906
32052 3418 3242 5 26510 26507 30097 30099 30102
32053 3418 3202 7 26507 26509 29905 27733 27732 59296 59298
32054 3284 3242 10 26508 26510 30101 59301 59760 59848 59849 59867 26891 26893
32055 10586 9732 7 26511 26512 31395 111969 111780 110656 110654
32056 189 45 4 26514 26515 114492 124590
32057 11866 11816 3 26516 26517 112776
32058 11866 45 6 26517 26514 125494 112179 112181 112688
32059 11866 189 5 26514 26516 112775 125344 125493
32060 11816 45 6 26515 26517 111932 111934 118201 114494
32061 11699 11772 3 26519 26520 112031
32062 11699 11711 6 26520 26518 30613 111995 111994 112097
32063 507 436 8 26522 26523 126638 126770 126771 26923 26922 127113
32064 507 568 4 26521 26522 126959 126262
32065 11153 11085 5 26524 26525 30911 106526 110337
32066 11153 10768 3 26525 26526 30912
32067 10903 10768 6 26526 26527 110912 110932 144554 30995
32068 10903 11085 3 26527 26524 110338
32069 10903 11153 8 26524 26526 30994 144672 145159 111060 32088 32090
32070 10768 11085 5 26525 26527 110808 110807 30913
32071 980 932 6 26529 26530 29415 127856 127859 127892
32072 980 857 5 26530 26528 124357 124358 29413
32073 980 1063 5 26528 26529 128253 128261 125959
32074 899 850 8 26531 26532 123723 123724 129340 129402 129517 128028
32075 899 923 6 26532 26533 139051 123937 123936 129474
32076 1034 923 6 26533 26534 121511 123479 123478 139052
32077 1034 899 5 26531 26533 139049 138924 128029
32078 923 850 5 26532 26534 121510 129476 129475
32079 1133 1310 6 26535 26536 138535 129665 129667 138577
32080 1133 1297 3 26536 26537 138536
32081 1076 1297 6 26537 26538 137749 137750 138137 138517
32082 1076 1310 3 26538 26535 138537
32083 1076 1133 5 26535 26537 138570 138538 138540
32084 1297 1310 9 26536 26538 138404 128357 128359 138546 129777 29472 29474
32085 11141 11295 5 26539 26540 31888 31886 145309
32086 11141 11357 4 26540 26541 103556 103557
32087 11248 11357 10 26541 26542 144809 112023 112022 30746 30745 125886 144808 103568
32088 11248 11295 3 26542 26539 144846
32089 11248 11141 8 26539 26541 31915 31914 145437 110680 31306 31308
32090 11357 11295 6 26540 26542 144820 126785 126784 110374
32091 2788 2815 6 26543 26544 136774 136775 136922 136748
32092 2788 2986 3 26544 26545 137089
32093 2915 2986 7 26545 26546 135998 63174 63172 137137 137090
32094 2915 2815 4 26546 26543 136749 135996
32095 2986 2815 6 26544 26546 135997 29645 29642 137055
32096 338 255 6 26547 26548 125191 125973 125873 125874
32097 338 153 6 26548 26549 124689 124690 125695 125192
32098 170 255 5 26550 26547 125732 125726 26819
32099 170 338 7 26547 26549 26926 26925 124319 125877 125970
32100 153 255 7 26548 26550 26818 125219 144657 125543 125193
32101 823 766 6 26551 26552 114801 114802 124860 125001
32102 823 729 7 26552 26553 114765 114766 111609 111607 114417
32103 815 766 8 26554 26551 125000 124646 124568 124567 27088 27085
32104 815 823 4 26551 26553 117571 117568
32105 729 766 7 26552 26554 123582 117752 115760 115757 122311
32106 525 660 3 26556 26557 128590
32107 630 606 3 26558 26555 129549
32108 630 525 8 26555 26557 128591 129553 129579 129654 128607 128606
32109 660 606 6 26556 26558 129382 129381 129555 129571
32110 645 804 7 26559 26560 128152 117156 116980 116981 30682
32111 645 594 5 26560 26561 117447 117602 128151
32112 561 594 8 26561 26562 29618 29617 126615 26755 26758 117448
32113 561 804 6 26562 26559 30684 117430 29279 29278
32114 561 645 4 26559 26561 117446 30683
32115 594 804 3 26560 26562 124180
32116 624 865 6 26563 26564 126263 129585 129586 129710
32117 624 687 6 26564 26565 129643 129644 129519 126264
32118 569 687 7 26565 26566 124066 124065 29193 29192 30954
32119 569 865 5 26566 26563 129570 129572 129619
32120 569 624 4 26563 26565 129713 129715
32121 11665 11670 5 26567 26568 144920 144921 145933
32122 11665 41 4 26568 26569 145949 144923
32123 152 41 6 26569 26570 30943 30944 126473 145971
32124 152 11670 5 26570 26567 145922 125303 125305
32125 152 11665 8 26567 26569 145972 31718 31717 144744 144743 145904
32126 41 11670 6 26568 26570 126293 144426 144428 144924
32127 1865 1814 6 26571 26572 28812 28813 29394 29395
32128 1865 1653 4 26572 26573 127013 136676
32129 1546 1653 7 26573 26574 137325 137323 138521 130770 127015
32130 1546 1814 6 26574 26571 129545 129546 138362 138327
32131 1546 1865 7 26571 26573 127014 129872 130939 130984 137655
32132 1653 1814 6 26572 26574 137584 137585 138211 138002
32133 4300 4278 4 26575 26576 42578 42581
32134 3910 4846 7 26577 26578 42846 42844 57817 42605 42604
32135 3910 4278 4 26578 26575 58406 58408
32136 4846 4278 8 26576 26578 58398 29623 29625 42391 57253 66952
32137 11201 11336 5 26579 26580 145403 31674 31672
32138 11201 11055 7 26580 26581 110395 145783 145784 144201 144202
32139 11222 11055 7 26581 26582 145559 145560 145692 145708 110397
32140 11222 11336 7 26582 26579 143830 145785 143655 31713 31715
32141 11222 11201 4 26579 26581 110396 143829
32142 11055 11336 5 26580 26582 31314 31316 145404
32143 680 898 6 26583 26584 126526 126524 127739 127706
32144 680 702 7 26584 26585 126726 124666 124669 126754 126755
32145 735 702 4 26585 26586 126063 126727
32146 735 898 5 26586 26583 126572 126573 126062
32147 735 680 5 26583 26585 126725 128431 127707
32148 702 898 5 26584 26586 126061 126087 127496
32149 421 358 6 26587 26588 109400 109401 109516 109517
32150 421 463 5 26588 26589 31976 123631 123633
32151 289 463 5 26589 26590 125840 111581 31977
32152 289 358 5 26590 26587 125851 125848 128539
32153 289 421 6 26587 26589 31975 129569 128279 128278
32154 816 937 6 26593 26594 127368 30413 30411 26810
32155 816 1032 5 26594 26591 125476 127182 127370
32156 816 1000 4 26591 26593 26808 125475
32157 937 1032 4 26592 26594 127012 30191
32158 10181 10122 4 26595 26596 45640 147859
32159 10181 10205 7 26596 26597 110288 151869 151870 152325 45641
32160 10211 10205 4 26597 26598 148548 110289
32161 10205 10122 8 26596 26598 148550 148467 148454 148453 144690 45642
32162 10793 10642 5 26599 26600 146912 146915 148411
32163 10793 10688 7 26600 26601 32503 32504 149245 148370 148369
32164 10652 10688 4 26601 26602 148349 148055
32165 10652 10642 9 26602 26599 148412 148301 148300 148057 148056 149184 148347
32166 10688 10642 4 26600 26602 148348 149300
32167 431 417 7 26603 26604 143723 143720 143719 143727 143331
32168 508 446 6 26605 26606 29175 29174 126468 34561
32169 508 417 4 26606 26603 126461 126459
32170 508 431 4 26603 26605 34559 143332
32171 619 385 4 26608 26609 143665 112172
32172 445 619 6 26607 26609 34502 30898 30897 143494
32173 79 11793 5 26610 26611 112134 112135 125547
32174 11850 11793 6 26611 26612 110944 125321 125320 125478
32175 11793 11761 5 26610 26612 110942 112009 112098
32176 440 578 8 26614 26615 124469 124470 117573 117572 125310 26919
32177 620 578 5 26615 26616 124388 124389 125430
32178 620 440 5 26613 26615 125431 125554 125433
32179 491 419 6 26617 26618 125718 125723 125789 125788
32180 491 437 8 26618 26619 26842 26840 124728 124729 125549 125717
32181 556 491 4 26617 26619 125229 125928
32182 437 419 4 26618 26620 125491 125490
32183 835 539 6 26621 26622 131899 132106 132120 132118
32184 835 316 6 26622 26623 132152 131991 131990 131900
32185 595 539 5 26624 26621 131968 27686 27685
32186 595 835 5 26621 26623 131988 131989 132117
32187 316 539 3 26622 26624 131789
32188 1803 1766 7 26625 26626 139593 139594 139679 139667 139668
32189 1803 1771 5 26626 26627 139486 139487 139491
32190 1885 1771 9 26627 26628 117190 117191 123999 29160 29161 138685 138693
32191 1885 1766 4 26628 26625 27173 27175
32192 1885 1803 6 26625 26627 139686 139655 139654 139688
32193 1771 1766 5 26626 26628 134984 138045 138044
32194 1081 1189 10 26629 26630 29224 123744 129268 129266 139037 139064 123755 123756
32195 1081 900 4 26630 26631 129176 29225
32196 998 1081 4 26629 26631 117664 117663
32197 10447 10308 6 26632 26633 147949 32178 32181 148030
32198 10447 10320 4 26633 26634 147709 147945
32199 10492 10320 7 26634 26635 147570 147741 147528 34336 34337
32200 10492 10308 3 26635 26632 147569
32201 10492 10447 6 26632 26634 35156 35158 148034 148036
32202 10320 10308 5 26633 26635 31540 31542 147249
32203 11338 11474 7 26636 26637 31212 146270 146152 146151 146226
32204 11338 11579 6 26637 26638 146147 126939 126937 31213
32205 11557 11579 7 26638 26639 146072 145076 145077 145740 146148
32206 11557 11338 3 26636 26638 146146
32207 11579 11474 3 26637 26639 31214
32208 10444 10183 5 26640 26641 145249 158799 158798
32209 10444 10241 3 26641 26642 145248
32210 10354 10241 6 26642 26643 148489 157199 143602 143600
32211 10354 10183 5 26643 26640 157155 157156 148488
32212 10354 10444 9 26640 26642 158751 158797 158697 143928 143927 145563 145562
32213 10241 10183 10 26641 26643 27893 27895 41613 158410 157481 147713 147715 145250
32214 172 97 3 26644 26645 30669
32215 172 11848 8 26645 26646 30867 30870 112145 111053 27120 27119
32216 58 11848 4 26646 26647 124339 144983
32217 58 97 7 26647 26644 112081 111229 111227 124230 124232
32218 58 172 7 26644 26646 126319 126320 128749 128568 124526
32219 11848 97 5 26645 26647 124338 124341 30670
32220 3314 3543 3 26648 26650 30010
32221 976 747 5 26652 26653 126763 126762 127722
32222 976 687 3 26653 26651 128366
32223 976 924 6 26651 26652 123875 123874 127278 127822
32224 1606 1880 3 26654 26655 127225
32225 1606 1839 6 26655 26656 114330 140476 138466 127226
32226 1757 1839 3 26656 26657 114332
32227 1757 1880 10 26657 26654 34545 34544 139426 138190 138189 141026 125215 125212
32228 1757 1606 5 26654 26656 114331 141054 141055
32229 1839 1880 11 26655 26657 139733 139735 141520 139773 138581 137806 137808 138392 127227
32230 390 408 4 26658 26659 31058 31056
32231 390 362 7 26659 26660 26951 26949 124279 124277 126412
32232 503 362 5 26660 26661 126496 126328 126327
32233 503 408 6 26661 26658 126286 126288 126586 126495
32234 503 390 5 26658 26660 126640 127202 126641
32235 362 408 5 26659 26661 125502 125501 126413
32236 2029 1759 4 26662 26663 127317 141208
32237 2029 1865 8 26663 26664 139870 139873 138607 138608 141655 127318
32238 1846 1865 5 26664 26665 139740 139809 139810
32239 1846 1759 8 26665 26662 141503 139756 139757 139423 138359 138358
32240 1846 2029 6 26662 26664 139869 138037 138039 141504
32241 1865 1759 3 26663 26665 127319
32242 163 149 4 26667 26668 127052 126942
32243 124 149 4 26668 26669 126568 126863
32244 124 60 6 26669 26666 58637 126984 27565 27564
32245 124 163 4 26666 26668 127053 58636
32246 149 60 3 26667 26669 126567
32247 3025 3311 4 26670 26671 66393 27728
32248 3025 3186 6 26671 26672 28882 62619 62834 62832
32249 3147 3186 4 26672 26673 62745 28883
32250 3147 3311 6 26673 26670 27730 62823 62698 62697
32251 3147 3025 5 26670 26672 28881 136958 27729
32252 3186 3311 7 26671 26673 62518 62517 62824 62826 66512
32253 2108 2294 5 26674 26675 132122 132361 137719
32254 2108 2323 5 26675 26676 132205 27884 27882
32255 2113 2323 6 26676 26677 132316 137624 137758 137567
32256 2113 2294 6 26677 26674 137720 133007 133006 132314
32257 2113 2108 6 26674 26676 60605 60602 136438 136437
32258 2323 2294 6 26675 26677 132315 137680 137455 132123
32259 11894 61 8 26679 26680 150358 153855 153854 131925 131924 132090
32260 11894 549 4 26680 26678 133679 150357
32261 11894 628 8 26678 26679 132093 132833 155036 133764 132711 132710
32262 2453 2594 6 26681 26682 113886 81964 81967 114967
32263 2453 2580 5 26682 26683 60202 116438 113885
32264 2512 2580 5 26683 26684 115432 115603 60204
32265 2580 2594 7 26682 26684 60260 60261 115802 116123 113887
32266 11555 11665 5 26685 26686 30983 126788 126787
32267 11555 11655 4 26686 26687 126564 30984
32268 4 11655 5 26687 26688 145967 144584 126565
32269 4 11665 7 26688 26685 128630 145757 31717 31716 145968
32270 11655 11665 9 26686 26688 145950 144923 144920 31696 31695 145909 30985
32271 307 417 8 26689 26690 126663 126584 126498 126487 126248 126249
32272 307 275 4 26690 26691 126522 126662
32273 309 275 6 26691 26692 126978 143150 143435 126523
32274 309 417 8 26692 26689 126476 138296 143723 126594 30449 30450
32275 309 307 4 26689 26691 126520 126475
32276 275 417 4 26690 26692 34550 34551
32277 11748 11797 6 26693 26694 144312 127016 127019 143560
32278 11748 11890 6 26694 26695 144329 144314 144310 144311
32279 11782 11890 8 26695 26696 143498 144144 144145 156217 144319 144320
32280 11782 11797 5 26696 26693 143954 143552 143496
32281 11782 11748 3 26693 26695 144328
32282 11890 11797 5 26694 26696 143497 144043 144045
32283 11795 20 6 26697 26698 144890 144891 144999 127654
32284 11795 11839 3 26698 26699 144929
32285 50 20 3 26700 26697 127655
32286 50 11795 7 26697 26699 144930 145091 109476 109478 126693
32287 10771 10963 4 26701 26702 34813 143951
32288 10771 10999 5 26702 26703 156383 156382 34814
32289 10712 10999 4 26703 26704 145657 145658
32290 10712 10963 6 26704 26701 143953 156114 155573 155572
32291 10712 10771 8 26701 26703 147688 34749 34750 145698 145700 143952
32292 10999 10963 6 26702 26704 147666 147667 147206 34815
32293 11701 54 5 26705 26706 144813 109531 109532
32294 11753 11761 5 26707 26708 125546 112098 112099
32295 11753 54 5 26708 26705 117505 117504 125445
32296 11753 11701 6 26705 26707 144505 144504 33729 33731
32297 11761 54 3 26706 26708 125575
32298 11559 11724 7 26709 26710 32054 145127 27189 27187 111891
32299 11559 11712 7 26710 26711 145117 145041 145042 145043 32055
32300 11631 11724 5 26712 26709 110636 31509 31508
32301 11631 11559 7 26709 26711 145118 145120 145124 145174 128678
32302 11712 11724 6 26710 26712 128553 128555 110819 32056
32303 10460 10754 3 26713 26714 148459
32304 10460 10521 6 26714 26715 148355 148357 31926 31924
32305 10573 10521 6 26715 26716 146158 145607 145606 148356
32306 10573 10754 5 26716 26713 31001 31002 146156
32307 10573 10460 6 26713 26715 148061 30864 30865 148447
32308 10521 10754 5 26714 26716 146157 145463 145460
32309 11312 11222 4 26718 26719 143455 143457
32310 10996 11222 6 26719 26720 145560 31330 31331 146694
32311 10996 11327 4 26720 26717 145523 145522
32312 10996 11312 5 26717 26719 147340 146064 146065
32313 11222 11327 6 26718 26720 145559 31715 30876 30878
32314 1160 977 9 26721 26722 140847 140848 140852 140850 139722 30188 30189
32315 1160 734 4 26722 26723 140777 140849
32316 1173 977 5 126218 26724 26721 125879 -1
32317 1173 1160 6 26721 26723 140658 126185 126184 125878
32318 734 977 3 26722 26724 126219
32319 8664 8683 4 26726 26727 38096 38020
32320 8664 8720 8 26727 26725 36161 38194 38296 38256 38215 38095
32321 8664 8422 7 26725 26726 38018 36247 36246 38389 36160
32322 295 593 7 143820 125815 26729 26730 30459 126109 -1
32323 11613 11539 3 26731 26732 30816
32324 11613 11570 6 26732 26733 30445 31090 26768 26769
32325 11675 11539 6 26734 26731 30818 144651 145875 30703
32326 11570 11539 7 26732 26734 30702 145702 144405 144404 144532
32327 11359 11570 6 26735 26736 144403 144404 26770 26768
32328 11861 11577 8 26737 26738 31101 31104 144497 144494 144495 -1
32329 11861 11570 4 26738 26735 31090 31092
32330 11861 11359 5 107506 107507 26735 26737 -1
32331 11577 11570 5 26736 26738 34363 144422 144423
32332 425 438 3 26739 26740 126494
32333 425 408 7 26740 26741 126286 31056 31051 27561 27563
32334 537 408 3 26741 26742 126288
32335 408 438 6 26740 26742 126586 126366 126052 126049
32336 816 790 5 26743 26744 30411 30412 126224
32337 816 830 6 26744 26745 143283 127095 26808 26810
32338 705 830 6 26745 26746 126194 125526 125524 143735
32339 705 816 4 26743 26745 143733 126225
32340 830 790 4 26744 26746 127201 127219
32341 1208 1246 7 26747 26748 128110 128276 138939 138941 139252
32342 1208 1170 5 26748 26749 123969 26975 26976
32343 1381 1170 8 26749 26750 127720 127939 128158 140899 128291 127258
32344 1381 1208 4 26747 26749 127257 138945
32345 1170 1246 3 26748 26750 127719
32346 237 461 5 26752 26753 128456 128621 128527
32347 201 461 5 26753 26754 128511 26787 26789
32348 201 427 5 26754 26751 125762 128483 128509
32349 201 237 5 26751 26753 128457 144951 125761
32350 461 427 5 26752 26754 127808 127809 128448
32351 421 561 5 26755 26756 109400 123633 123632
32352 421 449 7 26756 26757 123853 123854 124309 126274 109401
32353 594 449 6 26757 26758 124247 124248 127974 127973
32354 594 421 3 26755 26757 129245
32355 449 561 6 26756 26758 29431 29430 29191 29188
32356 11069 10836 4 26759 26760 109988 109986
32357 11069 10984 7 26760 26761 148731 148732 144865 126644 126645
32358 10834 10984 7 26761 26762 148275 148785 110626 110627 145448
32359 10834 10836 5 26762 26759 148763 149039 148273
32360 10834 11069 4 26759 26761 110235 110234
32361 10984 10836 5 26760 26762 148274 110231 110233
32362 2860 3081 5 26763 26764 41567 140798 142076
32363 2860 2169 7 26764 26765 142245 58771 41682 41680 41568
32364 2019 2169 5 26765 26766 142117 142214 142213
32365 2019 2860 6 26763 26765 41671 41672 57508 142244
32366 2169 3081 4 26764 26766 30337 30338
32367 11613 11359 4 26767 26768 107507 107505
32368 11420 11570 3 26769 26770 144532
32369 11420 11359 6 26770 26767 144731 125710 125711 144525
32370 11420 11613 6 26767 26769 30816 30817 144334 144335
32371 373 517 3 26771 26772 126257
32372 373 269 6 26772 26773 125440 128124 128420 126256
32373 478 517 6 26774 26771 128197 128134 28010 27090
32374 478 373 7 26771 26773 125441 128520 128242 128232 128231
32375 269 517 4 26772 26774 27089 126258
32376 1260 850 3 26775 26776 129398
32377 1260 1088 7 26776 26777 136590 138643 128376 128374 129239
32378 868 1088 4 26777 26778 27104 27102
32379 868 1260 4 26775 26777 136589 138990
32380 329 319 4 26779 26780 130682 130753
32381 329 273 6 26780 26781 126844 126975 130524 130522
32382 513 273 5 26781 26782 126874 123760 123757
32383 513 319 5 26782 26779 130751 128612 127506
32384 273 319 7 26780 26782 127507 126170 126169 130729 130683
32385 471 698 5 26785 26786 126500 127285 126627
32386 471 568 5 26786 26783 27198 27200 29062
32387 698 568 3 26784 26786 126499
32388 461 252 5 26787 26788 126718 126716 128480
32389 461 249 7 26788 26789 128456 128461 26836 26837 127922
32390 201 252 9 26790 26787 128510 128483 125835 125832 125751 125753 125486
32391 249 252 3 26788 26790 125487
32392 771 851 7 26791 26792 30596 30595 139384 143365 143199
32393 771 789 4 26792 26793 126470 127209
32394 883 851 5 26794 26791 141126 127331 127329
32395 883 771 5 26791 26793 126469 127143 127144
32396 789 851 5 26792 26794 127183 127184 127282
32397 486 382 7 26796 26797 26813 126549 126566 126479 126477
32398 486 353 5 26795 26796 126242 115725 115722
32399 447 705 5 26799 26800 126279 126280 143542
32400 447 703 5 26800 26798 126485 127256 127255
32401 447 708 4 26798 26799 143540 126484
32402 503 484 6 26801 26802 128437 127203 126640 126327
32403 503 600 8 26802 26803 126554 126552 127093 125760 125759 128500
32404 486 600 8 26803 26804 126269 126270 126272 29178 29179 126479
32405 486 484 4 26804 26801 126120 126121
32406 486 503 4 26801 26803 126566 126328
32407 600 484 6 26802 26804 126107 29899 29898 128501
32408 77 145 4 26806 26807 144451 126208
32409 77 112 5 26807 26805 126239 143489 143488
32410 830 937 4 26809 26810 127219 126161
32411 830 1000 7 26808 26809 125996 125995 143388 143629 127094
32412 382 424 4 26812 26813 126397 30687
32413 424 486 6 26811 26813 126548 126200 126173 126172
32414 593 830 6 26814 26815 126137 141197 141196 125524
32415 593 977 5 126138 26815 26816 125989 -1
32416 644 977 6 26816 26817 126176 126151 125455 125454
32417 644 830 4 26817 26814 125526 126195
32418 977 830 4 26815 26817 126206 126139
32419 55 170 7 26819 26820 125713 125707 125708 125738 125727
32420 55 153 5 26820 26818 125221 30635 30637
32421 55 255 3 26818 26819 125220
32422 11541 11643 6 26821 26822 143115 143116 144000 143999
32423 11541 11782 4 26822 26823 142792 142795
32424 11438 11782 6 26823 26824 144304 144305 155807 156058
32425 11438 11643 5 26824 26821 144164 155769 156105
32426 11438 11541 6 26821 26823 155926 155927 142175 142174
32427 11782 11643 7 26822 26824 144317 144319 130649 130651 143623
32428 202 321 5 26826 26827 112166 124510 124531
32429 357 223 5 26828 26825 113015 113016 124554
32430 321 223 4 26826 26828 124555 124534
32431 11830 6 5 26830 26829 145590 142856 142855
32432 673 744 8 26831 26832 123046 123726 26956 26957 129082 114381
32433 673 923 6 26832 26833 123936 123938 129493 123047
32434 775 923 4 26833 26834 129475 129474
32435 775 744 4 26834 26831 114383 129478
32436 775 673 6 26831 26833 119520 119522 129282 114382
32437 461 362 4 26835 26836 127819 124455
32438 433 249 4 26837 26838 125325 125326
32439 433 362 6 26838 26835 124456 126122 126546 126333
32440 249 362 9 26836 26838 126334 126492 126491 124395 124278 124279 128462
32441 501 491 5 26839 26840 125535 114701 114704
32442 501 437 5 26840 26841 125194 125264 125263
32443 670 437 5 26841 26842 125230 125347 125196
32444 670 491 6 26842 26839 125537 114831 114830 125229
32445 670 501 3 26839 26841 125195
32446 2230 2165 4 26843 26844 136201 136200
32447 2230 2117 6 26844 26845 139789 139790 139903 139981
32448 2132 2117 6 26845 26846 139898 116676 116674 139575
32449 2132 2165 6 26846 26843 136634 136635 139948 139947
32450 2132 2230 4 26843 26845 139856 140285
32451 2117 2165 6 26844 26846 139891 137486 137483 139439
32452 1573 1743 5 26847 26848 125952 138762 114784
32453 1796 1743 4 26848 26849 116643 116644
32454 1743 1833 6 26847 26849 139336 139535 139379 114785
32455 659 500 5 26850 26851 125581 125582 125932
32456 659 419 6 125988 26851 26852 125552 125553 -1
32457 153 419 5 26852 26853 125543 144686 126024
32458 153 500 5 26853 26850 125696 125192 125193
32459 153 659 5 26850 26852 112249 112250 125384
32460 419 500 8 26851 26853 125542 125971 125930 125789 125787 125981
32461 167 113 5 26854 26855 31743 31741 123683
32462 293 113 6 26855 26856 128594 128593 123948 123949
32463 113 25 7 26854 26856 128857 149013 130508 109952 109951
32464 2843 3007 10 26857 26858 135829 135827 137100 137143 137144 66578 66576 136682
32465 3150 3007 3 26859 26857 62928
32466 3156 3007 6 26858 26859 62929 62933 62961 62960
32467 253 244 8 26860 26861 26990 30229 126930 126912 27554 27555
32468 253 38 7 26861 26862 126909 128542 126306 126308 26989
32469 212 38 7 26862 26863 126684 126816 126817 126842 126910
32470 212 244 6 26863 26860 31950 31952 126702 126683
32471 212 253 5 26860 26862 126610 126609 126691
32472 38 244 4 26861 26863 27566 26991
32473 917 697 8 26865 26866 29402 130125 131370 130966 130965 131468
32474 697 1148 4 26864 26866 27774 27771
32475 748 907 4 26867 26868 120991 120992
32476 748 787 7 26868 26869 114786 114787 30591 30592 127520
32477 884 787 3 26869 26870 127260
32478 884 907 7 26870 26867 127474 127841 127895 127489 127490
32479 884 748 5 26867 26869 26960 26962 127473
32480 787 907 7 26868 26870 127569 127562 127561 127811 127521
32481 338 29 5 26871 26872 124689 26926 26924
32482 338 81 4 26872 26873 125830 124690
32483 195 81 8 26873 26874 125765 125802 125803 126099 126100 125831
32484 195 29 4 26874 26871 30693 125763
32485 195 338 5 26871 26873 30786 30787 30692
32486 81 29 8 26872 26874 125764 144701 111579 111580 112169 124691
32487 2236 2214 9 26875 26876 29104 29117 130824 136513 136499 136409 132337
32488 2455 2214 6 26877 26875 132338 118844 118846 27510
32489 2519 2214 7 26876 26877 27511 136233 136232 136446 29105
32490 645 925 3 26878 26879 29419
32491 645 909 8 26879 26880 116982 116980 117157 123178 112163 29420
32492 797 909 3 26880 26881 124628
32493 909 925 10 26879 26881 124626 111064 111063 123566 123565 123156 123157 29421
32494 1863 2006 4 26882 26883 141643 141854
32495 1863 1903 6 26883 26884 59657 130897 130898 138394
32496 2143 1903 5 26884 26885 137445 141853 59658
32497 2143 2006 4 26885 26882 141659 137444
32498 2143 1863 7 26882 26884 59656 29877 29879 127168 141855
32499 1903 2006 8 26883 26885 60644 60645 137670 137864 138099 138098
32500 1126 1102 5 26886 26887 126086 114735 114738
32501 1126 1095 4 26887 26888 126260 127682
32502 1057 1126 6 26886 26888 126259 127460 114781 114783
32503 808 639 4 26889 26890 117688 124481
32504 3242 3022 6 26891 26892 141290 59671 59673 59866
32505 3242 3018 6 26892 26893 30278 30280 59764 141291
32506 3284 3018 5 26893 26894 58766 29882 29881
32507 3284 3022 3 26894 26891 58765
32508 3018 3022 6 26892 26894 58764 59813 116779 116778
32509 11058 11103 7 26895 26896 146132 27671 27669 154148 154772
32510 11058 10506 4 26896 26897 44400 44398
32511 10872 10506 4 26897 26898 154769 146693
32512 10872 11103 6 26898 26895 154720 150535 150537 154511
32513 10506 11103 7 26896 26898 154768 142609 142607 154796 154472
32514 1250 654 8 26899 26900 42908 65675 132777 131892 131893 42779
32515 1250 824 3 26900 26901 42909
32516 1020 654 4 26902 26899 42780 66411
32517 1020 1250 6 26899 26901 132912 27682 27681 42695
32518 824 654 7 26900 26902 66732 66730 131961 132525 42910
32519 192 477 7 26904 26905 30764 130161 130163 134292 26928
32520 563 477 7 26905 26906 128928 128929 129999 131092 30765
32521 563 94 7 26906 26903 28247 28313 131461 130399 130397
32522 563 192 3 26903 26905 28246
32523 477 94 4 26904 26906 130394 26929
32524 840 832 6 26907 26908 132150 132155 134796 134674
32525 840 835 7 26908 26909 132009 131987 131988 132152 132151
32526 1134 835 4 26909 26910 132112 132010
32527 1134 832 8 26910 26907 134675 133793 131977 131979 132146 132111
32528 1134 840 4 26907 26909 131813 131812
32529 835 832 4 26908 26910 131875 131874
32530 443 321 6 26911 26912 124487 124399 124398 124527
32531 95 321 5 26912 26913 123139 123007 123006
32532 321 240 5 26911 26913 124461 124510 124528
32533 1993 1933 6 26914 26915 114623 114654 114634 114633
32534 1993 1992 7 26915 26916 116484 116666 116626 116501 114624
32535 1864 1933 6 26917 26914 114664 83985 83984 116517
32536 1864 1993 5 26914 26916 116191 116188 114663
32537 1992 1933 7 26915 26917 116580 116632 116623 116622 114625
32538 440 670 4 26918 26919 125429 125347
32539 403 275 10 26920 26921 126629 34548 34551 126662 126675 31049 31048 126512
32540 403 507 3 26921 26922 127111
32541 436 275 3 26923 26920 126514
32542 436 403 7 26920 26922 127114 126634 126636 126672 126513
32543 507 275 6 26921 26923 31079 31078 126593 126592
32544 338 252 6 26924 26925 124318 126338 125567 30692
32545 29 252 7 26927 26924 30693 125752 125751 125770 125684
32546 170 252 3 26925 26927 124320
32547 477 203 7 26928 26929 29198 29199 129080 129702 134586
32548 1415 1486 6 26930 26931 114643 29555 29554 124640
32549 1415 1302 5 26931 26932 114544 114547 114644
32550 1210 1302 5 26932 26933 116895 114799 114553
32551 1210 1486 5 26933 26930 124851 124822 116894
32552 1210 1415 5 26930 26932 114552 124679 124678
32553 2100 2027 8 26934 26935 112880 115048 114961 114960 115009 115008
32554 2100 1866 8 26935 26936 114611 114840 114185 114188 115037 112881
32555 1607 1866 4 26936 26937 114626 114612
32556 1607 2027 7 26937 26934 140800 140813 139629 29000 28999
32557 1607 2100 6 29904 29903 26934 26936 114610 -1
32558 1866 2027 3 26935 26937 112882
32559 269 359 4 26939 26940 30792 125904
32560 308 359 7 26940 26941 128519 112849 112848 31995 30794
32561 308 478 3 26941 26938 125441
32562 308 269 5 26938 26940 30793 125756 125440
32563 359 478 9 26939 26941 128520 125442 125386 125385 125579 125509 125508
32564 762 808 8 26942 26943 125190 125323 124481 124480 124659 114682
32565 11838 11508 5 26944 26945 144502 144360 144361
32566 11838 11736 5 26945 26946 125661 125660 141629
32567 467 390 7 26948 26949 111670 111668 126508 127409 127202
32568 467 362 4 26949 26950 127819 128462
32569 484 362 6 26950 26951 126327 126120 124456 124455
32570 484 390 3 26951 26948 126640
32571 484 467 5 26948 26950 29418 29417 127203
32572 938 1006 6 26953 26954 124971 125296 125458 125453
32573 556 670 7 26955 26952 124796 125229 125230 125429 111287
32574 556 938 5 26952 26954 124972 125838 124795
32575 1006 670 4 26953 26955 111288 125309
32576 673 591 6 26957 26958 123715 123716 27191 27192
32577 739 591 6 26958 26959 123958 123957 124023 124709
32578 739 744 7 26959 26956 123727 128246 129484 128530 128407
32579 739 673 4 26956 26958 27001 27000
32580 591 744 5 26957 26959 128336 125604 125603
32581 748 888 5 26960 26961 27019 27020 114786
32582 748 870 4 26961 26962 127817 126163
32583 884 870 7 26962 26963 127522 127523 127893 127581 127582
32584 870 888 6 26961 26963 127834 127828 126043 126042
32585 1528 1533 7 26964 26965 116000 137857 137855 121005 121006
32586 1435 1640 4 26966 26967 136440 138457
32587 1435 1533 6 26967 26964 138896 138832 136686 136439
32588 1435 1528 6 26964 26966 138334 138333 138624 138623
32589 1640 1533 7 26965 26967 128411 128410 120083 120085 116002
32590 868 1101 4 26968 26969 27465 27466
32591 868 852 7 26969 26970 114604 114602 124684 27224 27222
32592 1067 852 4 26970 26971 125999 124245
32593 1067 868 10 26968 26970 124244 27103 27102 136589 138992 138966 129472 124732
32594 852 1101 4 26969 26971 125934 124674
32595 10886 10651 3 26972 26973 110773
32596 1208 1083 4 26974 26975 29114 29116
32597 1227 1170 6 26976 26977 128141 127940 127720 127719
32598 1227 1208 4 26974 26976 128110 128275
32599 1170 1083 7 26975 26977 126602 126604 124759 124726 123970
32600 2597 2578 8 26978 26979 133201 133038 133039 133319 58364 58367
32601 2597 2554 6 26979 26980 133166 133316 66777 66775
32602 2817 2554 6 26980 26981 33934 133242 133011 133010
32603 2817 2578 5 26981 26978 132508 66588 33933
32604 2817 2597 5 26978 26980 133146 66446 66445
32605 2554 2578 4 26979 26981 33932 132195
32606 1457 1344 9 26982 26983 124634 124558 118155 118156 124924 124896 124894
32607 1457 1402 3 26983 26984 124635
32608 2145 2350 7 26985 26986 139797 139811 138271 29720 29718
32609 2145 2437 5 26986 26987 141475 141373 139798
32610 2469 2437 6 26987 26988 141296 141329 141330 141476
32611 2469 2350 8 26988 26985 141340 140259 140258 141093 60444 60443
32612 2469 2145 3 26985 26987 141339
32613 2437 2350 4 26986 26988 141295 139799
32614 60 253 3 26989 26990 30227
32615 60 244 7 26990 26991 27564 126567 126940 126941 30228
32616 38 60 6 26989 26991 27565 126981 34475 34474
32617 1954 2082 4 26992 26993 138683 138660
32618 1954 2010 6 26993 26994 139385 117567 114145 114143
32619 1754 2010 6 26994 26995 117312 117053 117052 117852
32620 1754 2082 4 26995 26992 114905 114906
32621 1754 1954 6 26992 26994 139386 139349 116608 116607
32622 2010 2082 9 26993 26995 117313 116882 116881 116693 116692 116743 117167
32623 821 932 4 26997 26998 127835 124751
32624 821 1021 5 26998 26996 127980 127251 127250
32625 821 857 7 26996 26997 124750 128466 123718 117592 117589
32626 673 810 5 26999 27000 123726 117633 117631
32627 607 673 7 26999 27001 123715 123714 117670 117669 128408
32628 671 538 8 27002 27003 126403 130548 130684 130759 129591 129592
32629 671 780 6 27003 27004 130645 129770 129768 126402
32630 658 671 5 27002 27004 129781 126966 126968
32631 11573 11357 4 27005 27006 126784 126900
32632 11701 11419 3 27007 27008 125896
32633 11701 11357 5 27008 27005 111502 111501 125895
32634 11701 11573 8 27005 27007 109502 109501 33729 33728 111107 124334
32635 11419 11357 9 27006 27008 30610 30609 125897 112022 112024 144763 126785
32636 434 206 4 27011 27009 114491 125284
32637 278 206 6 27010 27011 125285 112130 111636 111633
32638 1493 1470 7 27012 27013 134908 29454 29452 133151 134209
32639 1292 1470 5 27014 27012 27857 27859 129297
32640 1282 1470 4 27013 27014 129298 132053
32641 3351 3342 5 27015 27016 63188 62102 29239
32642 3351 3198 7 27016 27017 58909 58907 61999 61997 63189
32643 3345 3198 4 27017 27018 62572 62573
32644 3345 3342 7 27018 27015 29022 29021 62541 62539 62600
32645 3345 3351 4 27015 27017 61953 29240
32646 3198 3342 7 27016 27018 62599 137372 62735 62734 62943
32647 748 688 5 27020 27021 128311 127827 114787
32648 812 688 5 27021 27022 127830 127845 128312
32649 812 888 4 27022 27019 126042 126041
32650 812 748 5 27019 27021 128310 127816 126163
32651 688 888 6 27020 27022 127716 127717 127453 114788
32652 1107 1064 6 27023 27024 33776 131150 131151 27851
32653 1107 807 4 27024 27025 30011 33777
32654 1132 807 6 27025 27026 130359 142862 126945 30013
32655 1132 1107 8 27023 27025 30012 142844 138420 138388 129893 27852
32656 1195 854 3 27027 27028 138396
32657 1195 1110 6 27028 27029 129890 27748 27746 130956
32658 948 1110 4 27029 27030 130849 129891
32659 948 854 10 27030 27027 138397 130904 130896 130894 130704 130703 130656 130655
32660 948 1195 9 27027 27029 129889 138349 137639 137640 138174 138176 138317
32661 11853 37 7 27031 27032 138299 138300 146650 146197 146196
32662 11853 104 6 27032 27033 145999 146000 131128 131129
32663 11885 104 6 27033 27034 32025 126888 126889 143699
32664 11885 37 6 27034 27031 146119 131671 129985 32024
32665 11885 11853 4 27031 27033 30399 30398
32666 104 37 5 27032 27034 32023 129850 131271
32667 1578 1422 5 27035 27036 141009 141064 140952
32668 1578 1571 8 27036 27037 139511 128164 128162 114771 29864 29867
32669 1341 1571 6 27037 27038 139503 127374 127376 140496
32670 1341 1422 5 27038 27035 140725 125949 125948
32671 1341 1578 4 27035 27037 140941 140938
32672 1571 1422 3 27036 27038 140957
32673 2053 2065 8 27039 27040 139591 137713 137711 137872 139489 139490
32674 2053 1917 3 27040 27041 139597
32675 1907 1917 6 27041 27042 139681 136731 136730 139370
32676 1907 2065 3 27042 27039 139834
32677 1907 2053 7 27039 27041 127909 127910 136292 139944 139851
32678 1917 2065 7 27040 27042 139817 139769 139770 29600 29597
32679 1599 1242 5 27043 27044 135387 135294 130070
32680 1075 1307 5 27045 27046 28128 28142 135280
32681 1075 1599 5 27043 27045 135251 135212 130071
32682 1307 1242 5 27044 27046 28126 133999 135388
32683 43 172 6 27048 27049 128640 128746 110861 110862
32684 312 172 7 27049 27050 27320 124516 128653 111068 111069
32685 312 198 5 27050 27047 128529 128562 27319
32686 312 43 4 27047 27049 30016 30017
32687 172 198 5 27048 27050 27318 124401 124400
32688 980 934 4 27052 27053 127867 124712
32689 1095 934 6 27053 27054 127508 114421 114420 127864
32690 1095 1060 3 27054 27051 127480
32691 1095 980 7 27051 27053 127870 127872 127510 127511 127479
32692 934 1060 9 27052 27054 127592 127466 127467 127382 126081 126083 124713
32693 1305 1281 6 27055 27056 29436 29435 29539 138936
32694 1305 1141 4 27056 27057 127429 127396
32695 1341 1141 4 27057 27058 30073 30072
32696 1341 1281 5 27058 27055 138938 127963 127421
32697 1341 1305 8 27055 27057 27272 27273 29897 125950 125949 138937
32698 301 289 6 27059 27060 27444 127748 124126 124127
32699 301 108 4 27060 27061 27337 27445
32700 323 108 9 27061 27062 27234 27236 144770 109956 31742 31744 27339
32701 323 289 4 27062 27059 126715 128279
32702 323 301 5 27059 27061 27338 31859 126714
32703 108 289 7 27060 27062 128278 125851 125850 128697 27446
32704 9644 9433 6 27064 27065 150268 33014 33015 152850
32705 9408 9644 5 27063 27065 152976 152978 33677
32706 7926 11929 4 27066 27067 48146 95567
32707 8257 11929 6 27069 27066 50419 48355 33059 32347
32708 11214 10262 6 27070 27071 154104 155842 156039 155590
32709 11214 10389 4 27071 27072 41056 41059
32710 11028 10389 5 27072 27073 155587 155723 155720
32711 11028 11214 5 27070 27072 142491 141267 141266
32712 1465 962 5 27074 27075 142877 142687 34418
32713 1465 817 7 27075 27076 142386 142781 138480 138479 142893
32714 784 817 5 27076 27077 132430 141706 142388
32715 784 1465 5 27074 27076 142387 138345 34417
32716 817 962 8 27075 27077 132428 142586 142861 142964 142892 142891
32717 87 373 4 27078 27079 128575 128579
32718 39 373 4 27080 27078 128429 117660
32719 427 373 6 27079 27080 117659 124790 128454 128455
32720 542 506 6 27081 27082 127723 117023 117024 126760
32721 542 426 5 27082 27083 128450 128237 127724
32722 702 506 6 27084 27081 128425 129563 31230 31232
32723 702 542 6 27081 27083 128458 126727 126726 128424
32724 426 506 5 27082 27084 123759 123758 123762
32725 548 766 5 27085 27086 123578 123579 123582
32726 548 470 6 27086 27087 117808 117809 124289 124547
32727 815 470 4 27087 27088 117369 117367
32728 815 548 5 27085 27087 123621 123622 123583
32729 470 766 5 27086 27088 124660 124662 124661
32730 338 478 7 27090 27091 125877 125875 125873 125972 28009
32731 269 338 5 27089 27091 124319 124318 128484
32732 1068 952 3 27093 27094 138471
32733 858 831 3 27095 27096 126115
32734 858 916 5 27096 27097 126574 126068 126071
32735 1071 1188 6 27098 27099 128140 128139 128042 128043
32736 1021 1227 3 27100 27101 125665
32737 1021 1188 5 27101 27098 127945 125847 125664
32738 1021 1071 7 27098 27100 128146 128247 127980 125917 125918
32739 1227 1188 8 27099 27101 125663 125946 128120 128080 127938 127940
32740 868 992 7 27103 27104 128940 128363 128356 124687 124632
32741 1088 1067 3 27105 27102 136590
32742 992 1067 6 27103 27105 138806 128268 29310 29312
32743 457 605 6 27106 27107 128321 31805 31804 27267
32744 457 656 4 27107 27108 130496 128322
32745 525 605 3 27109 27106 27269
32746 525 457 5 27106 27108 128777 128778 27268
32747 656 605 8 27107 27109 129671 123712 29286 29285 129751 128323
32748 467 663 6 27110 27111 127768 29416 29417 127483
32749 467 542 5 27111 27112 125861 125862 126515
32750 735 542 6 27112 27113 126725 126727 128452 128451
32751 735 663 6 27113 27110 127484 128433 128432 128431
32752 735 467 5 27110 27112 125889 124500 124499
32753 542 663 4 27111 27113 128447 128241
32754 493 317 6 27114 27115 110884 117530 117533 128317
32755 493 351 5 27115 27116 128779 127995 110885
32756 594 351 3 27116 27117 105522
32757 594 317 6 27117 27114 124248 124246 124295 105521
32758 594 493 7 27114 27116 128780 128782 129485 127972 127974
32759 351 317 7 27115 27117 105520 124287 124167 111031 110886
32760 202 172 5 27118 27119 30669 124526 128567
32761 223 172 4 27120 27118 128572 111054
32762 2224 2237 8 27121 27122 119274 119268 116250 116251 118948 118949
32763 2224 2126 5 27122 27123 118417 119361 119301
32764 2110 2126 4 27123 27124 116029 116592
32765 2110 2237 4 27124 27121 115844 115843
32766 2110 2224 6 27121 27123 118347 118344 79304 79306
32767 2126 2237 5 27122 27124 115148 115147 119269
32768 10778 11172 5 27125 27126 130201 130204 149779
32769 10778 11280 7 27126 27127 149670 150208 150209 150231 134562
32770 11096 11280 7 27127 27128 150394 149652 149655 150227 149672
32771 11096 11172 9 27128 27125 149780 33885 33886 150322 150215 150214 150393
32772 11096 10778 3 27125 27127 149671
32773 11280 11172 4 27126 27128 150382 134563
32774 315 349 5 27129 27130 126580 30587 30588
32775 315 273 4 27130 27131 31181 31180
32776 426 273 5 27131 27132 123758 123760 126873
32777 426 349 5 27132 27129 126767 127724 123762
32778 426 315 5 27129 27131 126895 126753 126752
32779 273 349 7 27130 27132 123761 126353 126352 126611 126581
32780 11617 11631 5 27135 27136 144787 145118 144699
32781 11617 11733 8 27136 27137 128534 141627 141628 145956 126764 126765
32782 11468 11733 4 27137 27138 126304 126305
32783 11468 11631 7 27138 27135 144700 145124 31095 31096 124335
32784 11468 11617 5 27135 27137 118217 110801 110798
32785 9940 10245 4 27140 27141 30437 30440
32786 10270 9940 5 27139 27141 153751 153647 153008
32787 11726 11610 7 27142 27143 130624 146209 146213 146212 146227
32788 11579 11610 5 27143 27144 145076 145078 130626
32789 11610 11648 3 27142 27144 146071
32790 10788 10941 5 27145 27146 147888 147428 147430
32791 10788 11038 5 27146 27147 34955 34953 147695
32792 11116 11038 7 27147 27148 34204 130623 130620 147075 112391
32793 11116 10941 6 27148 27145 147831 147757 147756 34203
32794 11116 10788 6 27145 27147 112390 147237 147236 148073
32795 11038 10941 4 27146 27148 34202 147889
32796 10073 10197 4 27149 27150 146888 146887
32797 10238 10167 3 27151 27152 157277
32798 10238 10073 5 27149 27151 158597 147871 147872
32799 450 684 4 27153 27154 108855 117646
32800 450 496 6 27154 27155 123528 123942 117725 108856
32801 627 496 4 27155 27156 117414 123397
32802 627 684 6 27156 27153 113185 113184 123604 117412
32803 496 684 4 27154 27156 117413 108857
32804 11198 11077 6 27157 27158 30415 147016 35131 35132
32805 11198 10956 5 27158 27159 34822 34823 30414
32806 10963 10956 7 27159 27160 147416 156114 41070 41071 155651
32807 10963 11077 5 27160 27157 156266 156358 147415
32808 10963 11198 6 27157 27159 155650 147306 58664 58663
32809 10956 11077 4 27158 27160 144143 30416
32810 8863 8950 5 27161 27162 46982 46998 46743
32811 8691 8950 4 27163 27161 46745 150832
32812 781 738 5 27164 27165 134385 133593 133592
32813 781 873 8 27165 27166 134355 121878 121544 105852 105855 134402
32814 614 873 3 27166 27167 120882
32815 614 738 4 27167 27164 121546 120881
32816 614 781 6 27164 27166 134354 121555 32614 32613
32817 873 738 8 27165 27167 117256 117255 27293 27292 42968 42967
32818 1318 1233 5 27168 27169 138984 117668 117615
32819 1318 1088 4 27169 27170 138626 138898
32820 1034 1233 8 27171 27168 117617 123477 123479 123664 123769 123676
32821 1034 1318 4 27168 27170 138625 117616
32822 1088 1233 4 27169 27171 123677 138985
32823 2101 1766 6 27172 27173 139668 139342 139302 139233
32824 2101 1885 7 27173 27174 139306 140447 139422 139420 139688
32825 1856 1885 5 27174 27175 117190 117189 139210
32826 1856 1766 5 27175 27172 139235 139258 134984
32827 1856 2101 8 27172 27174 139237 139231 115877 115875 139180 139234
32828 1616 1313 6 27176 27177 137559 138335 127377 127378
32829 1616 1475 5 27177 27178 127911 127914 137558
32830 1459 1475 4 27178 27179 131532 131530
32831 1459 1313 7 27179 27176 138398 138522 127649 127648 138172
32832 1475 1313 6 27177 27179 138173 28949 28951 29303
32833 1755 1715 4 27180 27181 131599 132469
32834 1512 1715 6 27182 27180 133215 133263 133205 131621
32835 1652 1715 7 27181 27182 131622 132404 28974 28973 131601
32836 10899 11254 4 27183 27184 105822 130151
32837 11070 11254 7 27184 27185 105046 105835 109226 109003 105824
32838 11254 11098 6 27183 27185 32097 32095 109842 130153
32839 11668 11559 5 27186 27187 111890 31254 31257
32840 11668 11724 4 27187 27188 109538 109539
32841 11811 11724 7 27188 27189 145098 112213 112212 144759 124794
32842 11811 11559 4 27189 27186 145044 145129
32843 673 393 5 27190 27191 112701 112702 122772
32844 493 591 5 27192 27193 117121 125605 125603
32845 493 393 6 27193 27190 128049 117531 117530 117119
32846 493 673 7 27190 27192 129082 129083 129282 128770 128048
32847 591 393 4 27191 27193 117120 124111
32848 3734 4118 5 27195 27196 66696 66642 66360
32849 4224 3879 8 27197 27194 58331 58330 67024 62760 58170 58172
32850 4224 3734 3 27194 27196 66651
32851 471 429 6 27201 27198 126637 126585 126583 126276
32852 537 429 5 27199 27201 126277 126493 126506
32853 2907 2887 4 27202 27203 119978 119981
32854 3138 2887 6 27205 27202 135567 135568 62997 62996
32855 3138 2907 5 27202 27204 136123 136047 135999
32856 2968 2887 5 27203 27205 121873 63157 63154
32857 1309 1282 6 27206 27207 129925 129924 128343 128342
32858 1309 1363 9 27207 27208 136429 135107 134959 129254 129257 29319 29320
32859 1431 1363 7 27208 27209 32766 129688 129685 136423 136420
32860 1431 1282 5 27209 27206 129941 134852 32764
32861 1431 1309 5 27206 27208 119601 119602 129940
32862 1363 1282 3 27207 27209 32765
32863 1916 1779 5 27211 27212 119527 119497 119498
32864 1711 1732 5 27213 27210 117539 123849 117795
32865 1711 1916 8 27210 27212 119528 119481 119480 136364 136211 117538
32866 1779 1732 4 27211 27213 117796 119457
32867 881 1182 5 27214 27215 123738 124656 124636
32868 881 1072 4 27215 27216 124493 123739
32869 930 1072 4 27216 27217 124608 124495
32870 930 1182 5 27217 27214 117380 117381 124815
32871 930 881 7 27214 27216 124494 124673 124789 29347 29346
32872 1072 1182 7 27215 27217 114747 114746 128117 128256 123740
32873 596 648 7 27218 27219 30590 126722 29169 29170 117656
32874 596 748 6 27219 27220 125024 128460 127827 30591
32875 517 748 6 27220 27221 127520 120991 117155 117153
32876 517 648 7 27221 27218 117658 128134 128133 126055 126054
32877 517 596 4 27218 27220 125023 117657
32878 748 648 3 27219 27221 30592
32879 868 1083 3 27222 27223 27465
32880 868 1063 7 27223 27224 128056 128324 128532 124732 27466
32881 852 1063 3 27224 27225 128057
32882 852 1083 8 27225 27222 124674 125935 124753 124755 128149 128062
32883 2260 2118 3 27226 27227 136054
32884 2260 2171 5 27227 27228 136804 136406 136055
32885 2069 2171 5 27228 27229 136759 136760 136805
32886 2171 2118 7 27227 27229 136756 136162 129827 129826 136056
32887 2339 2486 6 27230 27231 118484 119318 82216 82217
32888 2397 2486 6 27231 27232 115775 118900 118932 118486
32889 2486 2642 5 27230 27232 115774 116059 116056
32890 421 108 4 27233 27234 128278 109517
32891 421 323 9 27234 27235 124309 123541 123540 27534 27532 129568 128279
32892 356 323 7 27235 27236 109936 109935 128528 128304 126275
32893 356 108 5 27236 27233 109518 125516 125515
32894 356 421 4 27233 27235 126274 109516
32895 518 524 4 27237 27238 121519 123308
32896 518 406 5 27238 27239 121515 121514 121520
32897 522 406 4 27239 27240 123176 123456
32898 522 524 5 27240 27237 123460 107470 107471
32899 522 518 8 27237 27239 123184 123185 123365 123721 124164 124115
32900 406 524 10 27238 27240 123175 117746 117748 123132 123191 123553 123134 121521
32901 1199 1019 6 27241 27242 124578 121470 121468 128064
32902 1199 839 5 27242 27243 139060 129323 124579
32903 847 1019 5 27244 27241 128065 128354 128355
32904 847 1199 4 27241 27243 139059 128063
32905 839 1019 5 27242 27244 129218 129220 124580
32906 766 320 6 27245 27246 124661 123578 123581 124473
32907 766 435 6 27246 27247 110416 124542 124631 124662
32908 332 435 8 27247 27248 121131 123556 123557 123728 123121 110418
32909 332 766 4 27245 27247 110417 124541
32910 435 320 3 27246 27248 121130
32911 561 532 6 27250 27251 123630 29277 29279 128319
32912 561 358 7 27249 27250 128635 128701 29189 29188 109400
32913 1354 1234 7 27253 27254 114826 114824 114825 128072 126002
32914 1354 1145 5 27252 27253 126000 29871 29870
32915 466 308 5 27255 27256 126582 27427 27428
32916 623 308 5 27258 27255 124333 112849 112850
32917 623 466 7 27255 27257 126488 128482 126458 126455 124332
32918 512 308 4 27256 27258 124233 124254
32919 803 810 5 27259 27260 128931 123409 123410
32920 803 566 4 27260 27261 129223 129215
32921 607 803 4 27259 27261 129222 129224
32922 566 810 5 27260 27262 124157 130111 129216
32923 388 371 6 27263 27264 129145 131429 134698 134545
32924 388 56 10 27264 27265 134244 150501 150253 130777 130778 134579 134682 129144
32925 415 371 6 27266 27263 134547 134833 134701 133639
32926 415 388 5 27263 27265 134182 134183 134546
32927 56 371 3 27264 27266 129146
32928 732 525 8 27268 27269 127673 127670 129396 128606 127986 127985
32929 732 457 4 27267 27268 130527 130526
32930 1116 1207 8 27270 27271 126228 126226 127555 127536 127534 29558
32931 1116 1305 3 27271 27272 127429
32932 1341 1207 3 27273 27270 29559
32933 1341 1116 5 27270 27272 30072 30071 29557
32934 1305 1207 9 27271 27273 29896 127933 141078 127517 29434 29436 127396
32935 2257 2167 7 27274 27275 136735 136733 138181 139759 139953
32936 2257 2406 5 27275 27276 141852 30234 30237
32937 2414 2406 8 27276 27277 137492 137493 139845 137357 137358 141808
32938 2414 2167 4 27277 27274 139955 139884
32939 2414 2257 5 27274 27276 138339 138341 139954
32940 2406 2167 6 27275 27277 138116 138117 28808 28810
32941 21 31 6 27279 27280 28384 121191 31656 28317
32942 21 16 4 27280 27278 149714 28383
32943 21 384 7 27278 27279 28316 129092 129028 129030 149720
32944 2432 2440 5 27281 27282 29270 137471 137554
32945 2432 2508 6 27282 27283 137488 137489 137654 29271
32946 2467 2508 5 27283 27284 137475 59698 59697
32947 2467 2440 9 27284 27281 137686 139969 139970 60483 60485 140296 137474
32948 2467 2432 5 27281 27283 140020 134861 134860
32949 2508 2440 4 27282 27284 136592 29272
32950 36 330 6 27285 27286 132503 146628 132458 132459
32951 36 559 6 27286 27287 132489 31062 31063 58513
32952 323 293 7 27288 27289 109774 31860 27338 27339 123949
32953 11896 1123 7 27290 27291 107645 107643 134370 134423 134359
32954 11896 873 4 27291 27292 129049 133948
32955 738 11896 4 27290 27292 32237 32239
32956 873 1123 7 27291 27293 120796 120798 120918 109162 109163
32957 11475 11719 4 27294 27295 150124 148913
32958 11475 11477 5 27295 27296 150164 150101 150099
32959 11629 11477 4 27296 27297 109702 109703
32960 11629 11719 5 27297 27294 148914 149111 149002
32961 11629 11475 6 27294 27296 150165 134220 109823 109822
32962 11477 11719 6 27295 27297 32188 32185 134737 134734
32963 11450 11591 8 27298 27299 126298 130641 130642 149113 30643 30644
32964 11450 11829 4 27299 27300 130604 126299
32965 11523 11591 4 27301 27298 145024 146115
32966 11523 11450 10 27298 27300 145998 147251 144794 128859 128861 149134 145060 145023
32967 11829 11591 8 27299 27301 146194 146058 144945 130382 130380 126300
32968 1333 1064 5 27303 27304 130964 131486 131487
32969 1333 1125 6 27304 27302 138088 130901 27752 27753
32970 1333 1322 6 27302 27303 138240 27887 27889 138087
32971 11838 11888 5 27305 27306 112475 126312 30666
32972 11838 11800 6 27306 27307 112200 126358 144791 112476
32973 84 11800 4 27307 27308 125635 112201
32974 84 11888 5 27308 27305 30668 126342 126213
32975 84 11838 6 27305 27307 112199 144702 144156 30667
32976 11800 11888 7 27306 27308 125643 112184 112182 144555 112477
32977 1583 1703 8 27310 27311 124947 118104 112835 112837 114920 114595
32978 1583 1486 5 27311 27309 114587 114588 124946
32979 1583 1656 3 27309 27310 114589
32980 803 646 6 27312 27313 129133 129223 129222 129243
32981 10157 10007 7 27314 27315 39449 158157 147597 147600 27824
32982 10157 9859 5 27315 27316 35135 35136 39448
32983 10110 9859 7 27316 27317 153532 153552 156516 138391 138390
32984 10110 10007 6 27317 27314 27826 144140 146519 153531
32985 10110 10157 7 27314 27316 147389 147679 147649 147648 27825
32986 9859 10007 7 27315 27317 153530 153577 157458 44975 39450
32987 254 198 6 27318 27319 125799 111135 111136 128563
32988 254 312 4 27319 27320 124514 128561
32989 172 254 10 27318 27320 124515 128748 128568 128567 128572 124326 124325 128565
32990 10257 10180 5 27322 27323 31147 152292 152293
32991 10079 10180 7 27323 27324 31843 152393 150732 150610 31148
32992 10079 10080 7 27324 27321 152676 152675 153077 152813 31841
32993 10079 10257 4 27321 27323 31146 151917
32994 10180 10080 4 27322 27324 31842 154231
32995 367 713 5 27325 27326 32391 32389 66473
32996 367 485 6 27326 27327 130261 129108 32048 32046
32997 497 485 5 27327 27328 28237 28235 130312
32998 497 713 5 27328 27325 66475 121598 124153
32999 497 367 6 27325 27327 130296 130281 130282 66474
33000 485 713 6 27326 27328 124154 130137 111039 111038
33001 1842 2002 5 27329 27330 132164 64980 64981
33002 1842 1626 4 27330 27331 133219 133077
33003 1878 1626 5 27331 27332 133258 132180 132181
33004 1878 2002 7 27332 27329 63014 42454 42456 133213 133438
33005 1878 1842 4 27329 27331 133218 133217
33006 1626 2002 6 27330 27332 133434 133431 133664 133078
33007 1374 1804 4 27333 27334 42624 42627
33008 1374 1622 7 27334 27335 58514 132626 132624 133066 66401
33009 654 1622 5 27335 27336 132777 132156 58515
33010 654 1804 6 27336 27333 42930 132525 65676 65675
33011 1622 1804 5 27334 27336 42068 42067 58101
33012 301 293 9 27337 27338 31858 127726 109589 109591 128824 128592 128593
33013 108 293 3 27339 27337 123948
33014 11216 11383 6 27340 27341 131307 131308 130592 130593
33015 11216 11350 5 27341 27342 126389 126390 149068
33016 11432 11350 8 27342 27343 30557 30558 148978 144859 144857 148319
33017 11432 11383 8 27343 27340 149121 148996 148998 149033 149115 149143
33018 11432 11216 4 27340 27342 147150 147152
33019 11350 11383 3 27341 27343 149094
33020 983 982 7 27344 27345 129836 129837 28980 28981 128344
33021 1212 1395 7 27346 27347 29372 129786 129785 131568 131567
33022 1212 982 5 27347 27344 129206 129815 29370
33023 1212 983 7 27344 27346 131569 130014 129817 127713 127712
33024 1395 982 5 27345 27347 29371 130009 129983
33025 11223 11138 6 27348 27349 145739 31677 31675 145284
33026 11223 11229 4 27349 27350 147089 145738
33027 11440 11229 7 27350 27351 146861 146571 146284 146286 146758
33028 11440 11138 5 27351 27348 145286 147176 146859
33029 11440 11223 4 27348 27350 147087 145285
33030 11229 11138 5 27349 27351 146860 31694 31691
33031 2782 2975 8 27352 27353 120621 79294 79295 78576 50057 50058
33032 2782 3071 4 27353 27354 120584 120617
33033 2674 2975 3 27355 27352 120549
33034 2674 2782 5 27352 27354 120585 119003 119004
33035 3071 2975 6 27353 27355 119741 119740 120115 120563
33036 727 484 5 27357 27358 128506 29898 27548
33037 727 748 8 27358 27356 117155 120992 127473 127817 127816 128505
33038 727 461 4 27356 27357 27547 117154
33039 1104 1239 9 27359 27360 123797 120651 120652 123824 117443 117441 117583
33040 1104 1187 6 27360 27361 120988 123747 123748 123798
33041 1203 1187 6 27361 27362 117522 117521 117721 120990
33042 1203 1239 4 27362 27359 117373 117375
33043 1203 1104 5 27359 27361 120989 117586 117582
33044 1187 1239 3 27360 27362 123480
33045 1724 2838 6 27363 27364 27844 48562 48560 48820
33046 1724 157 7 27364 27365 28166 133927 151203 121804 27845
33047 11898 157 9 27365 27366 134198 151117 151118 151433 151386 133244 28168
33048 11898 1724 4 27363 27365 28167 48821
33049 11451 11446 6 27367 27368 131921 131920 131919 132903
33050 11451 11702 6 27368 27369 146876 154848 154847 131922
33051 10957 11702 5 27369 27370 154509 131885 131886
33052 10957 11446 7 27370 27367 33629 33628 154440 154439 154783
33053 10957 11451 4 27367 27369 146875 154830
33054 11702 11446 6 27368 27370 30520 30519 146872 131923
33055 953 1433 6 27371 27372 132378 132434 131836 131753
33056 953 1012 7 27372 27373 132652 131889 131676 30261 30259
33057 1314 1012 7 27373 27374 142616 142681 138446 27770 27768
33058 1314 1433 6 27374 27371 131754 138311 142714 142615
33059 1314 953 5 27371 27373 132653 33434 33436
33060 1012 1433 4 27372 27374 132494 132379
33061 11021 11017 7 27375 27376 154456 31282 31280 129658 130225
33062 11021 10895 6 27376 27377 146511 146968 146970 154458
33063 11244 10895 5 27377 27378 146760 146129 146130
33064 11244 11017 5 27378 27375 146110 154893 146947
33065 11244 11021 3 27375 27377 146109
33066 10895 11017 6 27376 27378 146946 154903 154555 154459
33067 9321 9450 7 27379 27380 47005 152712 152534 150586 150587
33068 9321 9354 4 27380 27381 46075 47006
33069 9589 9354 6 27381 27382 38001 49214 49215 46077
33070 9589 9450 6 27382 27379 31580 31577 152493 38000
33071 9589 9321 6 27379 27381 46076 33305 33304 150977
33072 9354 9450 7 27380 27382 37999 152487 152488 32888 32887
33073 2420 2565 8 27383 27384 137518 139569 139572 139959 137487 59696
33074 2420 2325 9 27384 27385 137494 137495 137440 137441 139562 139563 137517
33075 2467 2325 6 27385 27386 140008 140023 140032 139941
33076 2467 2565 5 27386 27383 59698 137507 137510
33077 2467 2420 6 27383 27385 30147 30149 140020 59697
33078 2325 2565 5 27384 27386 140004 137500 137499
33079 2788 2680 6 27388 27389 136776 136774 137089 135523
33080 2675 2680 7 27389 27390 137035 137037 137904 28956 28953
33081 2675 2704 5 27390 27387 136651 130058 130059
33082 2675 2788 8 27387 27389 136992 29076 29075 29665 29664 136650
33083 2680 2704 7 27388 27390 62815 62814 135885 137222 135524
33084 2292 2226 5 27391 27392 133314 132021 32120
33085 2292 1854 5 27392 27393 62879 63015 133313
33086 2112 1854 5 27393 27394 135694 64982 62880
33087 2112 2226 4 27394 27391 32121 135649
33088 1854 2226 6 27392 27394 135693 130836 130837 133315
33089 1119 1218 6 27395 27396 66816 66814 132439 132673
33090 1119 1512 4 27396 27397 33580 33579
33091 1185 1218 5 27398 27395 132330 132332 132391
33092 1185 1119 6 27395 27397 66805 131966 132736 132674
33093 1512 1218 8 27396 27398 132639 133472 133473 62797 62798 66817
33094 56 121 6 27399 27400 28177 150261 150280 105908
33095 56 272 4 27400 27401 134682 28176
33096 549 272 7 27401 27402 34366 131937 131657 131656 134657
33097 549 121 3 27402 27399 34365
33098 549 56 7 27399 27401 134579 131870 28048 28046 62676
33099 272 121 9 27400 27402 34364 134608 31011 31013 131782 131781 28178
33100 11934 10248 7 27403 27404 105693 105694 48748 48746 96905
33101 10309 10248 7 27404 27405 66035 134023 150096 106123 106124
33102 3818 3629 5 27406 27407 60149 62251 60745
33103 3867 3841 8 27408 27409 54111 59485 59487 58750 58749 59692
33104 3867 3629 4 27409 27406 59363 54109
33105 3867 3818 5 27406 27408 60941 60314 60316
33106 3841 3629 5 27407 27409 54110 59404 60150
33107 2146 2055 5 27410 27411 137003 137257 141364
33108 2146 2287 6 27411 27412 136742 141721 62550 62549
33109 2795 2287 6 27412 27413 28626 28628 141303 136743
33110 2795 2055 4 27413 27410 133197 133196
33111 2795 2146 6 27410 27412 136741 29006 29008 139813
33112 2287 2055 7 27411 27413 59837 59836 126857 126856 137004
33113 11881 188 4 27414 27415 141461 142858
33114 11881 211 9 27415 27416 146386 146387 142671 141464 141465 143108 141460
33115 227 211 6 27416 27417 142895 142897 146363 146362
33116 227 188 8 27417 27414 142903 156325 142982 142974 142973 143040
33117 227 11881 4 27414 27416 146620 142902
33118 211 188 5 27415 27417 143039 143141 141462
33119 11801 1643 4 27418 27419 58317 44028
33120 44 1643 5 27420 27418 44029 133254 133633
33121 1449 1643 7 27419 27420 132295 132294 42927 42926 58318
33122 10186 10205 7 27421 27422 147855 148548 148550 148526 148527
33123 10186 10446 3 27422 27423 147856
33124 10460 10446 8 27423 27424 148463 148264 148262 148381 148382 148484
33125 10460 10205 3 27424 27421 148493
33126 10460 10186 6 27421 27423 103765 103764 33165 33164
33127 10446 10205 7 27422 27424 110215 110214 110383 151869 147857
33128 254 373 5 27425 27426 125799 128561 127842
33129 466 373 5 27428 27425 127843 128230 124332
33130 308 373 7 27426 27428 124333 128519 125441 125440 125800
33131 11775 14 4 27429 27430 127733 109436
33132 11775 74 4 27430 27431 145959 127734
33133 11712 74 6 27431 27432 110819 126688 126689 145942
33134 11712 14 5 27432 27429 109437 32055 32056
33135 11712 11775 6 27429 27431 145958 144892 144894 109435
33136 74 14 7 27430 27432 110818 126894 126891 128586 127735
33137 10545 10666 5 27433 27434 145586 158395 158396
33138 10545 10584 3 27434 27435 145587
33139 10355 10584 6 27435 27436 158792 145362 145363 157491
33140 10355 10666 4 27436 27433 158648 158783
33141 10355 10545 9 27433 27435 157490 144649 144648 158812 158647 148480 148482
33142 10584 10666 6 27434 27436 158789 34480 34477 145588
33143 11800 11675 3 27439 27437 112182
33144 11800 11613 6 27437 27438 144556 144563 144799 144555
33145 11762 20 5 27440 27441 144890 144998 144844
33146 11762 11811 5 27441 27442 30536 145044 144889
33147 11571 11762 6 27440 27442 30535 145108 145107 144845
33148 11811 20 9 27441 27443 111145 128659 111047 111048 128692 128693 144891
33149 301 113 4 27444 27445 128593 127749
33150 108 113 8 27445 27446 128722 145010 148980 31741 31744 123948
33151 113 289 4 27444 27446 128721 127750
33152 175 784 5 27447 27448 132429 132430 141705
33153 495 422 7 27449 27450 58347 33928 33929 154883 27478
33154 495 784 6 27450 27447 142177 41592 41594 58346
33155 495 175 4 27447 27449 27476 141998
33156 11641 11729 5 27452 27453 111058 111057 124196
33157 11611 11729 5 27453 27454 109447 109490 111189
33158 11611 11710 5 27454 27451 109493 109427 109426
33159 11611 11641 6 27451 27453 111192 111260 111457 109492
33160 11729 11710 6 27452 27454 109403 109402 124128 124195
33161 8430 11931 10 27456 27457 151241 150188 150189 151322 48788 48787 48793 48806
33162 8430 8782 4 27457 27455 33584 33585
33163 8430 8121 7 27455 27456 48889 48940 28165 28163 48557
33164 618 612 4 27458 27459 130906 29257
33165 557 528 3 27460 27461 126751
33166 557 612 7 27461 27458 29258 130451 130477 131014 126750
33167 557 618 7 27458 27460 126932 126933 130915 27759 27758
33168 528 612 10 27459 27461 126749 128819 130762 130689 130652 127081 127078 130705
33169 1443 1649 3 27462 27463 28352
33170 1443 1470 6 27463 27464 27856 27857 134209 28353
33171 1617 1443 7 27462 27464 133915 134764 134763 27916 27915
33172 1083 1101 7 27467 27465 124674 125915 124724 123970 29114
33173 1063 1101 4 27466 27467 29115 124733
33174 6494 6780 6 27468 27469 44083 44082 51287 51289
33175 7032 6773 6 27470 27471 53954 53049 53050 43885
33176 7032 6494 5 27468 27470 43884 54031 54032
33177 6773 6780 3 27469 27471 53815
33178 917 1064 4 27472 27473 131149 131150
33179 917 807 4 27473 27474 130799 131449
33180 720 807 6 27474 27475 33777 34443 126995 130800
33181 720 1064 3 27475 27472 33776
33182 720 917 8 27472 27474 130798 130968 130965 131367 131366 131430
33183 11605 422 5 27477 27478 153560 42091 42090
33184 11605 495 7 27478 27476 142000 155364 142451 142449 155483
33185 11605 175 6 27476 27477 142278 141745 141746 141999
33186 415 584 7 27479 27480 33530 134700 134701 132250 109937
33187 415 69 5 27480 27481 134647 28159 28162
33188 171 69 6 27481 27482 131448 149862 32490 32489
33189 171 584 5 27482 27479 109939 134371 131447
33190 171 415 8 27479 27481 134592 134591 134503 134504 134766 109938
33191 69 584 4 27480 27482 131446 33531
33192 10936 11347 6 27483 27484 27944 150616 150623 150621
33193 10936 11099 5 27484 27485 149210 149211 27945
33194 11053 11099 6 27485 27486 32523 149491 32261 32260
33195 11053 11347 7 27486 27483 149331 149332 150271 149695 32522
33196 11053 10936 9 27483 27485 150470 150718 32338 32340 32136 32135 150620
33197 11099 11347 4 27484 27486 32521 27946
33198 9513 9616 9 27489 27490 48046 48044 147108 147977 147978 152552 150866
33199 9513 9230 4 27490 27491 152508 147328
33200 9612 9230 4 27491 27492 47871 47869
33201 9612 9616 5 27492 27489 150867 33082 33084
33202 9230 9616 8 27490 27492 152110 104911 104910 146899 152091 147329
33203 9453 9457 4 27493 27494 157562 39484
33204 9453 9447 7 27494 27495 156537 157195 157104 157105 157557
33205 9069 9453 6 27493 27495 39181 38674 38672 39483
33206 11676 11552 5 27497 27498 111277 123105 111184
33207 11569 11552 7 27498 27499 110998 75520 75519 108713 108712
33208 11569 11543 3 27499 27496 110997
33209 11569 11676 8 27496 27498 111278 111589 124385 111328 111327 111134
33210 11552 11543 6 27497 27499 101757 101759 108603 108605
33211 1133 1045 7 27500 27501 138538 138539 127825 127823 138597
33212 1133 1084 7 27501 27502 138131 138908 138535 138536 138570
33213 950 1084 5 27502 27503 130872 130863 130864
33214 950 1045 4 27503 27500 129639 129638
33215 950 1133 6 27500 27502 138130 128036 128037 138598
33216 1084 1045 5 27501 27503 129700 128875 128874
33217 11557 11591 5 27504 27505 27603 130923 146228
33218 11885 11786 6 27506 27507 130975 130974 131671 143029
33219 11885 11591 5 27507 27504 130381 130382 144946
33220 11885 11557 3 27504 27506 143028
33221 11786 11591 7 27505 27507 128589 128587 144474 144475 27604
33222 3171 3561 3 27508 27509 58121
33223 2214 2490 3 27510 27511 136467
33224 2519 2490 10 27511 27512 135023 135506 135019 134117 28614 28616 28767 28766
33225 1765 1911 4 27513 27514 138821 131999
33226 1765 2049 9 27514 27515 138656 137794 123256 123254 129602 129603 138822
33227 2009 2049 3 27515 27516 28651
33228 3561 3686 4 27517 27518 29963 29961
33229 3686 3653 6 27517 27519 59814 59794 59793 59818
33230 1951 1981 5 27520 27521 29991 29989 137431
33231 1951 1849 6 27521 27522 29237 29235 137630 60660
33232 1863 1981 4 27523 27520 29877 29876
33233 1863 1951 7 27520 27522 132567 28965 28964 59657 59656
33234 1849 1981 5 27521 27523 141669 141780 60661
33235 2089 2187 7 27524 27525 28930 136615 136616 137902 137727
33236 2089 2127 4 27525 27526 34130 28931
33237 2026 2127 7 27526 27527 137562 138009 138290 137532 137533
33238 2026 2187 6 27527 27524 136747 136746 30034 30035
33239 2026 2089 5 27524 27526 137723 131580 131581
33240 2127 2187 6 27525 27527 137561 29215 29213 28932
33241 1363 1055 6 27528 27529 28145 27634 27633 119347
33242 1363 998 4 27529 27530 129201 28144
33243 1189 1055 4 27531 27528 119348 123756
33244 1189 1363 7 27528 27530 129200 129280 129117 119508 119346
33245 998 1055 8 27529 27531 117663 117665 129163 129269 29405 28146
33246 421 630 7 27532 27533 76805 76804 31976 31975 129654
33247 421 732 3 27533 27534 128384
33248 323 732 7 27534 27535 127986 31859 31860 109775 128689
33249 323 630 3 27535 27532 128607
33250 732 630 7 27533 27535 128606 129549 129534 129387 128385
33251 1398 1419 7 27536 27537 140958 141030 127763 127762 128188
33252 1398 1311 6 27537 27538 128166 127798 127653 127652
33253 1263 1311 7 27538 27539 141005 127957 127488 127487 128167
33254 1263 1419 6 27539 27536 128173 128114 128113 141004
33255 1263 1398 4 27536 27538 128165 128187
33256 1311 1419 3 27537 27539 140959
33257 10663 10316 5 27541 27542 154767 155759 155758
33258 10663 10736 6 27542 27540 34768 155843 156135 154766
33259 10663 10155 4 27540 27541 156663 34766
33260 924 799 5 27543 27544 128414 126032 126033
33261 924 1091 8 27544 27545 123773 123874 127279 138917 138927 129615
33262 747 1091 5 27545 27546 29185 29187 123775
33263 747 799 5 27546 27543 128318 128099 128098
33264 1091 799 4 27544 27546 128320 129384
33265 727 621 7 27547 27548 29900 125987 114810 30788 30789
33266 1777 1926 5 27549 27550 114714 136666 128001
33267 1777 1953 6 27550 27551 114583 114584 123694 114713
33268 1912 1953 7 27551 27552 116769 116772 115938 115936 116372
33269 1912 1926 7 27552 27549 128002 117309 117308 139271 117217
33270 1912 1777 3 27549 27551 116371
33271 1953 1926 3 27550 27552 114715
33272 253 400 5 27553 27554 126911 130561 31179
33273 315 244 5 27555 27556 126671 31951 31950
33274 315 400 5 27556 27553 31181 126895 126872
33275 315 253 5 27553 27555 126691 126580 31180
33276 244 400 6 27554 27556 126769 126768 126896 126913
33277 11851 221 6 27558 27559 143697 143695 156191 143704
33278 374 221 7 27559 27560 143052 143050 143089 145992 145935
33279 374 11851 4 27557 27559 143683 143685
33280 221 130 4 27558 27560 143528 143527
33281 212 425 7 27561 27562 30586 30589 27933 27934 31050
33282 429 425 6 27562 27563 126494 126493 126505 126569
33283 38 124 4 27565 27566 126684 126885
33284 124 244 5 27564 27566 126683 126858 126568
33285 10135 9763 4 27567 27568 156532 147368
33286 10135 9962 4 27568 27569 35110 156705
33287 9939 10135 8 27567 27569 35109 147461 156961 156960 157469 147369
33288 9962 9763 5 27568 27570 157144 157074 157075
33289 10791 10620 6 27571 27572 125852 147500 147201 147051
33290 10791 10602 6 27572 27573 31654 31652 147751 125853
33291 10556 10602 7 27573 27574 31456 31457 146004 146003 147322
33292 10556 10620 11 27574 27571 147053 147942 147944 148112 148111 148143 148017 148019 148165
33293 10556 10791 4 27571 27573 147185 147052
33294 10602 10620 4 27572 27574 147835 125854
33295 7268 6693 4 27575 27576 43213 43049
33296 7268 6291 6 27576 27577 42957 43163 43164 43212
33297 7563 7268 5 27575 27577 42956 42785 42786
33298 6291 6693 6 27576 27578 34028 65384 43202 43200
33299 675 847 7 27579 27580 129503 129673 129672 129683 129523
33300 675 592 5 27580 27581 129001 128999 129502
33301 839 592 6 27581 27582 109942 128773 130116 129552
33302 839 675 3 27579 27581 129524
33303 592 847 4 27580 27582 109941 129504
33304 780 915 7 27584 27585 129992 130017 130031 131249 131698
33305 704 915 5 27585 27586 130085 30696 30695
33306 704 658 9 27586 27583 29377 126563 126560 130481 130476 130068 130069
33307 704 780 4 27583 27585 129945 29376
33308 915 658 4 27584 27586 130084 131697
33309 564 502 5 27587 27588 31247 31288 31287
33310 564 404 5 27588 27589 129766 130723 31248
33311 528 404 4 27589 27590 126952 126953
33312 528 502 8 27590 27587 126965 130690 130689 126773 126775 129026
33313 528 564 6 27587 27589 129765 127411 127413 126964
33314 404 502 5 27588 27590 129027 129712 31249
33315 10252 10436 6 27592 27593 151043 154253 133744 133743
33316 10252 10214 5 27593 27591 154321 150318 150315
33317 10252 10440 7 27591 27592 155103 155102 155101 155095 155096
33318 1674 1249 5 27594 27595 131976 131602 131603
33319 1674 1300 6 27595 27596 32582 27690 27688 28515
33320 1586 1300 6 27596 27597 131873 131872 33867 32584
33321 1586 1249 3 27597 27594 131906
33322 1586 1674 5 27594 27596 32583 29605 29607
33323 1300 1249 8 27595 27597 131221 131220 132419 132418 132476 132018
33324 2481 11900 9 27598 27599 48597 135493 134938 64095 48383 48382 48634
33325 2481 3085 7 27599 27600 121918 120091 76962 63797 48598
33326 3407 3085 8 27600 27601 133768 133711 64277 64280 64549 64550
33327 3407 11900 4 27601 27598 133279 134141
33328 3407 2481 6 27598 27600 65911 65908 133914 133278
33329 3085 11900 5 27599 27601 134142 134148 48599
33330 11440 11557 6 27602 27603 130549 130550 146286 29998
33331 11440 11591 6 27603 27604 146346 146344 33736 33737
33332 11786 11440 3 27602 27604 29999
33333 1443 1292 7 27605 27606 117471 134210 27857 27858 132201
33334 1443 1549 5 27606 27607 27916 27914 117472
33335 1471 1549 7 27607 27608 135048 135051 135887 131513 131516
33336 1471 1292 7 27608 27605 129320 129319 134757 134904 135052
33337 1471 1443 4 27605 27607 134763 132202
33338 1549 1292 3 27606 27608 117473
33339 571 592 8 27609 27610 129162 130422 129504 129502 130158 130004
33340 571 293 7 27610 27611 30953 30951 127726 30819 30820
33341 290 592 8 27612 27609 129918 129916 129106 129107 129158 27635
33342 290 571 3 27609 27611 129635
33343 293 592 3 27610 27612 27636
33344 761 394 3 27614 27615 127767
33345 761 488 5 27615 27613 130488 125500 125499
33346 761 399 6 27613 27614 129782 129780 130574 130573
33347 11572 11619 9 27616 27617 31358 150426 149497 130437 130438 130889 146438
33348 11572 11294 4 27617 27618 149440 31359
33349 11378 11294 5 27618 27619 149442 149412 149413
33350 11378 11619 7 27619 27616 149462 149463 149504 149502 149501
33351 11378 11572 4 27616 27618 148405 148403
33352 11294 11619 5 27617 27619 130317 130316 31360
33353 10707 10566 4 27620 27621 148265 150685
33354 10707 10543 4 27621 27622 32644 32645
33355 10589 10543 7 27622 27623 30383 149267 149268 150653 150652
33356 10589 10566 5 27623 27620 150662 150632 30381
33357 10589 10707 8 27620 27622 149972 149974 149968 32925 32927 150686
33358 3289 3545 5 27625 27626 59338 59339 41425
33359 3204 3289 6 27624 27626 59436 57971 57972 142014
33360 11180 11374 9 27628 27629 109623 109621 149583 149819 148804 148805 148747
33361 11086 11374 4 27629 27630 149451 149555
33362 11374 11170 5 27628 27630 149449 104571 104573
33363 982 943 5 27631 27632 129839 129837 129841
33364 982 1363 5 27632 27633 124095 130009 130010
33365 1055 943 5 27634 27631 129726 29405 29404
33366 1055 982 5 27631 27633 28994 28996 129928
33367 1363 943 4 27632 27634 32016 32018
33368 592 710 5 27635 27636 129162 129131 129132
33369 293 710 5 27636 27637 109774 30822 30820
33370 710 290 5 27635 27637 128839 117671 117672
33371 814 559 3 27640 27641 131883
33372 814 835 6 27641 27638 28147 132406 132119 132120
33373 559 835 6 27639 27641 132118 132117 131555 131554
33374 364 377 5 27642 27643 129981 131664 131775
33375 364 264 4 27643 27644 130155 129982
33376 115 264 6 27644 27645 131778 131779 146042 131541
33377 115 377 3 27645 27642 131777
33378 115 364 6 27642 27644 130146 30114 30115 131509
33379 264 377 5 27643 27645 131772 129196 129195
33380 11142 10836 4 27647 27648 31269 149181
33381 11026 10836 9 27648 27649 109988 110233 110230 145247 110176 110177 31270
33382 11026 11113 3 27649 27646 109987
33383 11026 11142 5 27646 27648 31268 145135 145134
33384 10836 11113 7 27647 27649 109986 148763 149038 149187 149206
33385 11148 11049 7 27650 27651 32081 149044 149101 148329 146791
33386 11148 11239 6 27651 27652 145936 148889 143465 32082
33387 10990 11239 8 27652 27653 33617 32912 32913 146967 33612 33614
33388 10990 11049 6 27653 27650 144711 31217 31216 33616
33389 10990 11148 6 27650 27652 145937 149473 148395 146792
33390 11239 11049 3 27651 27653 32083
33391 8592 8713 5 27654 27656 39849 40264 39328
33392 2443 2309 5 27658 27659 119389 119704 119705
33393 2377 2309 4 27659 27660 119670 119390
33394 2377 2306 4 27660 27657 28524 28526
33395 9171 8880 10 27661 27662 96184 96377 28169 28170 96954 106234 106059 106057
33396 9340 8880 5 27662 27663 105150 105169 96185
33397 8880 9605 4 27661 27663 105149 105232
33398 6912 6900 8 27664 27665 44231 49689 49658 49659 49704 39840
33399 6912 7381 5 27665 27666 48064 49688 44232
33400 6931 7381 5 27666 27667 49614 44440 44441
33401 6931 6900 6 27667 27664 39842 43338 49914 49616
33402 6931 6912 5 27664 27666 48063 49091 39841
33403 7381 6900 5 27665 27667 49617 49626 44233
33404 11819 11058 3 27668 27669 154146
33405 11819 11103 4 27669 27670 154187 154147
33406 11788 11103 5 27670 27671 34290 34289 132026
33407 11788 11058 6 27671 27668 131835 66786 32194 32195
33408 11696 11555 8 27672 27673 28183 144090 144091 126848 126849 145544
33409 11696 11825 3 27673 27674 28184
33410 11830 11825 6 27674 27675 145983 144798 126982 126983
33411 11830 11555 5 27675 27672 145545 145984 145982
33412 11830 11696 5 27672 27674 112108 112107 128421
33413 11825 11555 5 27673 27675 145981 145980 28185
33414 1508 1798 5 27676 27677 141293 28458 28459
33415 1508 1499 5 27677 27678 138284 130919 130918
33416 1511 1499 5 27678 27679 137610 137611 138285
33417 1511 1798 4 27679 27676 131289 136670
33418 1511 1508 8 27676 27678 138283 28938 28940 142708 137829 131288
33419 1499 1798 5 27677 27679 30402 30401 141294
33420 1250 966 6 27680 27681 42694 131893 131894 132843
33421 1119 1020 6 27682 27683 132577 132576 132674 132673
33422 1119 966 8 27683 27680 34113 34115 132589 66381 66380 132835
33423 1119 1250 4 27680 27682 132439 132438
33424 1020 966 5 27681 27683 132838 132699 42696
33425 256 286 5 27687 27684 130064 130065 131666
33426 256 539 3 27684 27686 131869
33427 595 286 3 27685 27687 131790
33428 1674 1343 3 27688 27689 28514
33429 1300 1512 5 27690 27691 131683 33623 33624
33430 1300 1343 5 27691 27688 28516 132476 132475
33431 9706 9517 4 27692 27693 152232 152098
33432 9706 9738 8 27693 27694 151921 152255 152207 152141 35250 35251
33433 9819 9738 6 27694 27695 151732 151649 104413 104414
33434 9819 9517 6 27695 27692 47051 47053 105014 151731
33435 9738 9517 6 27693 27695 89910 89912 151951 151974
33436 2009 1525 4 27697 27698 135889 137568
33437 1689 1525 7 27698 27699 136520 136521 137693 137812 135890
33438 1689 2014 6 27699 27696 136519 136352 131330 131329
33439 1525 2014 3 27697 27699 137724
33440 840 872 6 27700 27701 131987 132089 129975 129977
33441 840 595 4 27701 27702 28296 131988
33442 595 872 8 27701 27703 131606 132008 132007 131087 131089 131989
33443 11593 11809 5 27704 27705 128864 128865 148794
33444 11593 11839 6 27705 27706 148565 128894 128895 145145
33445 11762 11809 5 27707 27704 148795 144845 144844
33446 11762 11593 4 27704 27706 146232 146231
33447 8640 8570 4 27708 27709 44371 44372
33448 8640 8736 7 27709 27710 44721 45001 45913 152670 44761
33449 8432 8736 4 27710 27711 34862 34863
33450 8736 8570 6 27709 27711 42305 42304 33153 33150
33451 1670 1946 4 27713 27714 34205 34206
33452 1990 1744 3 27715 27712 66753
33453 1990 1670 4 27712 27714 64934 64931
33454 1946 1744 5 27713 27715 58536 58535 132451
33455 2296 3031 6 27716 27717 132235 64742 64740 133016
33456 2296 3103 6 27717 27718 132238 133830 133523 132236
33457 3236 3103 7 27718 27719 43291 64315 64399 66173 132239
33458 3236 3031 4 27719 27716 66422 43289
33459 3236 2296 4 27716 27718 28040 28041
33460 3103 3031 7 27717 27719 43290 62904 66362 135748 132237
33461 2347 2406 7 27720 27721 63152 30043 29025 28894 28895
33462 2347 2127 5 27721 27722 29213 137689 137255
33463 2349 2127 5 27722 27723 137462 137626 29215
33464 2349 2406 5 27723 27720 57593 57592 137461
33465 2127 2406 6 27721 27723 28811 28810 30237 30236
33466 1545 1708 6 27724 27725 129599 117087 117088 117043
33467 1545 1646 3 27725 27726 139278
33468 1529 1646 5 27726 27727 102089 28978 28979
33469 1529 1708 4 27727 27724 117039 117038
33470 1529 1545 6 27724 27726 139277 128122 124782 117044
33471 1646 1708 7 27725 27727 117040 114986 114984 138853 138850
33472 3088 3147 6 27729 27730 62709 62708 137099 137158
33473 3088 3311 4 27730 27728 66395 62843
33474 3088 3025 5 27728 27729 137157 133240 66394
33475 3202 3321 7 27731 27732 59464 59462 59128 59126 29883
33476 3510 3202 4 27731 27733 59590 29884
33477 1471 1201 5 27734 27735 132269 134757 132263
33478 1471 1434 5 27735 27736 27880 137637 132270
33479 1371 1434 4 27736 27737 131369 27881
33480 1371 1201 4 27737 27734 131520 131368
33481 1371 1471 6 27734 27736 27879 132365 132264 132262
33482 1434 1201 5 27735 27737 131273 131272 131466
33483 2648 2566 7 27739 27740 135855 135856 135795 135796 135836
33484 2735 2566 6 27740 27741 137032 134760 134761 135867
33485 2735 2843 7 27741 27738 63923 137142 137143 137145 137147
33486 2735 2648 4 27738 27740 133510 63922
33487 2566 2843 3 27739 27741 135837
33488 2933 2554 4 27742 27743 133242 66681
33489 2933 2629 5 27743 27744 66476 66477 66481
33490 2514 2629 4 27744 27745 132209 66526
33491 2514 2554 6 27745 27742 42915 42916 64305 64304
33492 2514 2933 9 27742 27744 66525 133635 132924 28020 28022 132108 66682
33493 2629 2554 6 27743 27745 132208 133200 133012 133011
33494 1195 1332 7 27746 27747 127341 127342 138250 138320 130955
33495 1110 1289 6 27748 27749 29874 29873 137556 137557
33496 1110 1332 5 27749 27746 130957 138015 138017
33497 1289 1332 6 27747 27749 137601 137600 138072 138071
33498 1069 1039 7 27750 27751 131397 131051 131050 131344 131475
33499 1069 1125 4 27751 27752 130900 131197
33500 1333 1039 3 27753 27750 130964
33501 1125 1039 6 27751 27753 130963 131431 129899 129898
33502 11254 11423 5 27755 27756 105330 109207 31945
33503 11254 11224 5 27756 27754 32097 105046 105329
33504 11254 11368 4 27754 27755 31944 32095
33505 720 618 3 27757 27759 130916
33506 9670 9684 6 27760 27761 152938 152859 152858 153435
33507 9670 9840 6 27761 27762 153631 153709 34226 34227
33508 9623 9840 7 27762 27763 33775 153276 153595 152706 152705
33509 9623 9684 6 27763 27760 153432 35358 35357 33773
33510 9623 9670 7 27760 27762 44866 44865 147621 147623 153436
33511 9840 9684 5 27761 27763 33774 153004 152939
33512 4496 3693 5 27764 27765 58633 57666 42506
33513 4496 4905 4 27765 27766 41296 58632
33514 4979 4905 6 27766 27767 29624 29626 58327 41297
33515 4979 3693 4 27767 27764 42508 58334
33516 4979 4496 6 27764 27766 33426 33423 58329 42507
33517 4905 3693 7 27765 27767 58335 58566 132819 142394 58634
33518 1137 1012 5 27768 27769 30124 131485 132652
33519 1109 1148 7 27771 27772 130045 131527 109803 109801 131511
33520 1109 1069 6 27772 27773 130436 132162 132170 130046
33521 697 1069 4 27773 27774 29402 130126
33522 697 1109 5 27771 27773 130435 131609 131510
33523 1069 1148 7 27772 27774 29401 131397 131197 131196 130047
33524 1089 1361 6 27775 27776 130713 30174 30173 137573
33525 1089 864 6 27776 27777 131280 131283 142951 141382
33526 902 864 5 27777 27778 141963 141547 141544
33527 902 1361 5 27778 27775 137575 141701 141700
33528 902 1089 6 27775 27777 142813 142697 142698 137574
33529 864 1361 7 27776 27778 141962 142699 132493 132492 141383
33530 3914 4065 8 27782 27779 66480 43808 43810 66635 66637 66711
33531 3914 4465 3 27779 27781 66748
33532 4101 4065 3 27780 27782 42919
33533 36 243 6 27784 27785 146570 146615 132503 58513
33534 115 243 6 27785 27786 130146 131541 146548 146549
33535 115 256 6 27786 27783 145772 127058 30112 30114
33536 2936 2869 6 27787 27788 59707 59779 141149 140303
33537 2936 2661 4 27788 27789 141328 59708
33538 2900 2661 5 27789 27790 140144 140138 140141
33539 2900 2869 4 27790 27787 59417 59419
33540 2661 2869 8 27788 27790 137311 137310 140306 140228 34692 34689
33541 9389 9821 6 27791 27792 48008 48009 102863 102862
33542 9389 9472 3 27792 27793 151763
33543 9482 9389 7 27791 27793 47105 47107 151320 150025 150024
33544 11793 11586 8 27794 27795 112165 112241 112033 30856 30854 114828
33545 11793 11753 6 27795 27796 125572 125547 112098 112100
33546 11604 11793 3 27794 27796 125571
33547 11753 11586 3 27795 27797 112101
33548 11880 159 3 27798 27799 142815
33549 124 159 6 27800 27798 127053 126863 126858 126420
33550 275 159 6 27799 27800 31046 31048 126579 127073
33551 5260 4975 10 27801 27802 40846 41577 41578 57654 57602 57603 57615 57580
33552 6155 6072 4 27803 27804 41472 41471
33553 6155 4975 5 27804 27801 41501 41503 57356
33554 6155 5260 4 27801 27803 40148 40150
33555 3669 3943 9 27806 27807 43071 66391 66404 66601 66281 62855 34034
33556 4228 3669 5 27805 27807 43070 28865 28864
33557 1799 1255 9 27808 27809 33639 49827 28963 28961 133526 135559 133773
33558 1799 11642 6 27809 27810 134622 132630 132629 33638
33559 365 11642 6 27810 27811 133493 27986 27985 134623
33560 365 1255 3 27811 27808 133492
33561 11642 1255 5 27809 27811 33947 33948 33640
33562 11796 11582 7 27812 27813 134071 134069 150128 150549 150521
33563 11542 56 5 27814 27815 28048 130780 130777
33564 11542 11582 8 27815 27812 134645 134644 154944 154958 121768 28047
33565 11542 11796 5 27812 27814 150254 134574 134573
33566 56 11582 7 27813 27815 28046 62674 150280 133683 133680
33567 8599 7434 4 27818 27819 42574 42614
33568 8185 8599 5 27817 27819 42573 42668 33577
33569 10757 10296 7 27820 27821 149943 149944 150071 149947 32464
33570 10757 10525 6 27821 27822 150117 150121 32515 32516
33571 10408 10525 6 27822 27823 151848 110006 110004 149937
33572 10408 10296 6 27823 27820 32466 149958 150023 151844
33573 10408 10757 5 27820 27822 150115 150069 32465
33574 10259 10110 5 27825 27826 144141 147559 147601
33575 10259 10007 4 27826 27824 32948 32947
33576 3893 4276 5 27829 27830 79676 79677 79684
33577 3893 4168 7 27830 27831 79246 80064 79639 79640 79678
33578 4136 4168 4 27831 27832 73042 77680
33579 4136 3893 8 27829 27831 79064 79063 79248 79269 79268 79683
33580 4168 4276 4 27830 27832 73041 78244
33581 9712 9527 9 27833 27834 96395 96393 106069 106040 96957 96958 106094
33582 9726 9527 6 27835 27833 106092 106093 151520 97293
33583 9794 9527 4 27834 27835 96843 96842
33584 11211 11218 5 27836 27837 105440 134294 149736
33585 11211 11124 4 27837 27838 32482 32480
33586 11477 11124 7 27838 27839 148908 148911 149743 149669 149649
33587 11477 11218 4 27839 27836 149523 149522
33588 11477 11211 7 27836 27838 149648 150100 150099 134734 134736
33589 11124 11218 8 27837 27839 129147 129149 110082 109240 109239 105441
33590 9598 8362 4 27840 27841 155245 155272
33591 8556 8759 5 27842 27843 34171 42128 42131
33592 8556 8362 5 27843 27840 42140 40058 34169
33593 8556 9598 6 27840 27842 155253 155251 154094 154096
33594 8759 8362 6 27841 27843 34170 39596 42489 42646
33595 1724 3063 5 27844 27845 121805 121910 133559
33596 3063 2838 4 27844 27846 133728 133560
33597 2678 2962 5 27847 27848 62872 66515 132351
33598 2678 2813 6 27848 27849 28694 137287 133041 62873
33599 2790 2962 5 27850 27847 132352 132359 132358
33600 2790 2678 4 27847 27849 28693 62746
33601 2813 2962 4 27848 27850 131374 62874
33602 1125 1107 6 27851 27852 129892 129856 129854 131431
33603 1950 2015 4 27853 27854 135218 136286
33604 2069 2015 5 27854 27855 134557 134559 135063
33605 2015 1778 7 27853 27855 135099 135435 135175 135177 136217
33606 1335 1292 6 27858 27859 132273 27929 27930 33942
33607 1335 1470 7 27859 27856 133916 32403 32402 134626 133961
33608 1335 1443 4 27856 27858 134842 133915
33609 1952 2700 5 27860 27861 133790 135030 134473
33610 1952 2299 5 27861 27862 135369 135367 133791
33611 2379 2299 6 27862 27863 64133 133521 133520 135168
33612 2379 2700 7 27863 27860 134475 64464 64466 117965 64132
33613 2379 1952 6 27860 27862 133019 119876 119877 134474
33614 2299 2700 5 27861 27863 64131 48738 48735
33615 186 368 6 27864 27865 129705 131726 130000 130001
33616 186 216 6 27865 27866 146339 30710 30708 129706
33617 215 216 6 27866 27867 129679 129497 129499 145237
33618 215 186 4 27864 27866 149305 130243
33619 216 368 4 27865 27867 128406 128403
33620 1137 1064 6 27869 27870 138293 131487 131484 30124
33621 1132 1136 6 27871 27868 141691 141692 142719 130359
33622 1132 1137 4 27868 27870 138019 138018
33623 2811 2958 5 27872 27873 139352 139350 59884
33624 2811 2943 5 27873 27874 30000 59392 140123
33625 2946 2943 7 27874 27875 60666 60664 60663 141881 30002
33626 2946 2958 3 27875 27872 59886
33627 2946 2811 9 27872 27874 30001 60640 30495 30494 140157 140156 59885
33628 2943 2958 8 27873 27875 140226 140246 140245 140250 140235 140237
33629 404 299 4 27876 27877 126953 129766
33630 297 299 5 27877 27878 126996 128740 126954
33631 299 397 7 27876 27878 126919 126917 131009 130720 130719
33632 1566 1471 6 27879 27880 133361 130709 130708 132364
33633 1566 1434 5 27880 27881 132130 137738 137636
33634 1371 1566 6 27879 27881 132129 129912 129143 129142
33635 2108 2433 4 27882 27883 132362 132122
33636 2108 2460 6 27883 27884 30038 30036 129904 129907
33637 2323 2460 5 27884 27885 63180 137293 132206
33638 2323 2433 4 27885 27882 132123 63179
33639 2460 2433 6 27883 27885 63178 131322 131319 132396
33640 1511 1322 6 27886 27887 133368 133366 137611 137413
33641 1511 1333 5 27887 27888 138231 136563 136564
33642 1530 1333 5 27888 27889 138106 131936 131935
33643 1530 1511 5 27886 27888 138314 138265 137414
33644 4275 4224 8 27891 27892 67039 67024 67010 67011 58087 58086
33645 4097 4275 6 27890 27892 66548 66547 66840 66838
33646 10183 10038 6 27893 27894 110564 103228 103229 148488
33647 10183 10009 3 27894 27895 41612
33648 10241 10009 5 27895 27896 125497 156477 41614
33649 10241 10038 4 27896 27893 148489 125496
33650 10009 10038 8 27894 27896 125495 158383 157815 156832 156834 147350
33651 4685 4385 5 27897 27898 67858 67861 54122
33652 4404 4685 8 27897 27899 67558 68539 67743 67742 67815 54123
33653 654 711 6 27900 27901 132156 131892 131895 66824
33654 233 236 5 27902 27903 155259 155348 66820
33655 233 711 5 27903 27900 34109 34108 151051
33656 233 654 4 27900 27902 66819 66825
33657 236 711 6 27901 27903 155258 133046 133013 132157
33658 36 122 3 27904 27905 132499
33659 10 196 3 27906 27907 131901
33660 10 122 6 27907 27904 130037 130036 131201 131199
33661 196 122 8 27905 27907 131336 129876 28118 28120 131658 131911
33662 5605 5675 9 27908 27909 42877 43061 66341 66342 66873 66946 42851
33663 5605 7498 4 27909 27910 43425 42878
33664 6223 5605 7 27908 27910 58414 66729 155418 42857 42852
33665 3834 3666 5 27912 27913 62106 62086 62088
33666 3834 3600 5 27913 27911 42807 62770 62666
33667 3834 3882 6 27911 27912 66403 66384 66386 42806
33668 1443 1585 6 27914 27915 28352 28353 135090 132271
33669 1549 1617 4 27916 27917 131515 131516
33670 1549 1585 6 27917 27914 132272 131332 131331 135075
33671 1617 1585 4 27915 27917 135076 134831
33672 996 993 4 27918 27919 125322 114369
33673 1177 993 6 27920 27918 114370 125094 124994 117014
33674 1024 993 8 27919 27920 117013 124935 125090 124943 124940 125228
33675 11116 11301 4 27923 27924 145232 145882
33676 11116 11134 6 27924 27921 147234 147756 144590 144589
33677 11116 11223 6 27921 27923 146992 130622 130623 145551
33678 11301 11134 5 27922 27924 143894 131122 131119
33679 10198 10115 6 27925 27926 147883 147464 147463 147677
33680 10198 10151 6 27926 27927 145581 145582 147540 147931
33681 10082 10151 5 27927 27928 112385 146886 147724
33682 10082 10115 7 27928 27925 35040 35037 147582 147584 112383
33683 10082 10198 5 27925 27927 147876 147875 147988
33684 10151 10115 3 27926 27928 112384
33685 1335 841 3 27930 27931 33943
33686 956 841 6 27931 27932 129961 132278 132277 132247
33687 956 1292 3 27932 27929 129959
33688 841 1292 7 27930 27932 129960 134669 134668 134848 33944
33689 197 425 3 27934 27935 126238
33690 425 390 8 27933 27935 31057 31056 126641 127409 126361 126360
33691 1745 250 6 27936 27937 65941 65939 133967 151306
33692 1745 3063 7 27937 27938 134189 65994 65995 133928 133973
33693 7223 3063 3 27938 27939 133931
33694 7223 250 4 27939 27936 151308 133930
33695 7223 1745 7 27936 27938 134188 64594 64595 65988 151307
33696 736 61 6 27940 27941 130847 132105 132001 131261
33697 736 750 8 27941 27942 131958 132144 132101 132099 131947 130848
33698 286 750 4 27942 27943 32630 32628
33699 286 736 6 27940 27942 131638 131640 132107 131262
33700 10936 10998 9 27944 27945 149421 150352 150353 146868 146871 150465 150617
33701 11099 10998 4 27945 27946 149169 149170
33702 10998 11347 5 27944 27946 149090 149091 149414
33703 10609 10502 5 27947 27948 151058 151059 154398
33704 10609 10700 7 27948 27949 150582 33642 33643 150756 150757
33705 10501 10700 3 27949 27950 130392
33706 10501 10502 5 27950 27947 146842 146841 130391
33707 10501 10609 6 27947 27949 33875 33877 154367 154366
33708 10700 10502 10 27948 27950 130390 154347 149388 149389 152914 48348 48347 154340
33709 8311 7951 6 27951 27952 40881 44025 42178 34156
33710 8311 8025 6 27952 27953 38644 41644 44839 40880
33711 8400 7951 5 27954 27951 34157 33796 33797
33712 8025 7951 4 27952 27954 41878 40882
33713 11239 11474 6 27955 27956 146572 146592 146961 146964
33714 11239 11440 6 27956 27957 146770 147170 146995 146571
33715 11388 11440 4 27957 27958 128920 128922
33716 11388 11239 9 27955 27957 146771 147062 145936 33614 33613 146398 146963
33717 11440 11474 7 27956 27958 146345 146346 29999 29998 146284
33718 10277 10234 5 27959 27960 152898 152899 154631
33719 10277 10085 5 27960 27961 152702 152703 152952
33720 10314 10085 4 27961 27962 44793 44791
33721 10314 10234 7 27962 27959 154633 33303 33300 154559 154381
33722 10314 10277 6 27959 27961 154388 154522 154523 154632
33723 10085 10234 5 27960 27962 154382 154250 152953
33724 11287 11267 5 27963 27964 149327 149328 149537
33725 11287 11259 6 27964 27965 149165 149551 149321 149322
33726 11099 11259 5 27965 27966 148920 149493 149167
33727 11099 11267 5 27966 27963 32333 32332 148919
33728 11099 11287 7 27963 27965 149166 149169 32521 32523 149581
33729 11259 11267 9 27964 27966 148918 149800 149774 149773 148867 148869 149506
33730 9315 9256 8 27967 27968 32511 104125 151041 154262 151025 151024
33731 9315 9205 5 27968 27969 33228 33229 32512
33732 9511 9205 6 27969 27970 33095 33096 49205 49206
33733 9511 9256 6 27970 27967 151022 151021 48002 48003
33734 9511 9315 5 27967 27969 149603 44684 44683
33735 9205 9256 5 27968 27970 152456 150966 32513
33736 2182 2350 6 27971 27972 138271 139812 141421 30164
33737 2182 2073 5 27972 27973 141277 137409 137407
33738 2287 2073 8 27973 27974 141374 141377 141784 141721 141722 141278
33739 2287 2350 7 27974 27971 30166 140229 57867 57866 141341
33740 2287 2182 5 27971 27973 141276 126856 30165
33741 2073 2350 6 27972 27974 140260 140259 29719 29720
33742 4810 4953 7 27975 27976 66964 66407 66408 58217 58220
33743 4810 4658 3 27976 27977 58270
33744 4760 4953 4 27978 27975 58255 54360
33745 4760 4810 7 27975 27977 34150 34151 58088 58256 58254
33746 4658 4953 5 27976 27978 54359 54668 54669
33747 10266 10260 4 27980 27981 150698 130498
33748 10188 10260 8 27981 27982 33210 33209 152307 30691 30688 33207
33749 10188 10302 4 27982 27979 150795 150675
33750 10188 10266 7 27979 27981 152322 150707 150704 150787 150786
33751 10260 10302 6 27980 27982 32997 32996 150281 130499
33752 11506 238 7 27983 27984 151138 151130 151125 32761 32762
33753 11506 365 3 27984 27985 151244
33754 11642 238 4 27986 27983 134741 133838
33755 11642 11506 9 27983 27985 151243 133694 133693 151045 120503 120505 150448
33756 1255 520 7 27988 27989 133439 62234 62235 133642 66168
33757 1644 520 3 27990 27988 66169
33758 2990 3269 6 27991 27992 66524 133227 66672 66673
33759 2990 3010 4 27992 27993 62609 62612
33760 3009 3010 6 27993 27994 58112 62288 133538 137120
33761 3009 2990 6 27991 27993 66555 66556 66659 66661
33762 3010 3269 6 27992 27994 58111 66372 28878 28877
33763 5260 5347 5 27995 27996 56655 57661 39871
33764 5412 5260 6 27995 27997 41577 41579 57658 39870
33765 5841 5347 4 27996 27998 40447 40449
33766 9878 9787 4 27999 28000 154100 146206
33767 9878 8809 7 28000 28001 141698 155334 155687 155696 154101
33768 9676 8809 6 28001 28002 42174 42175 133113 141699
33769 9676 9787 7 28002 27999 142487 142489 155738 153924 152818
33770 9676 9878 6 27999 28001 141697 141769 42092 42094
33771 8809 9787 3 28000 28002 152819
33772 3696 3993 7 28003 28004 60652 60654 62346 62464 62171
33773 3993 3948 4 28003 28005 58854 58856
33774 3734 3374 3 28006 28007 66669
33775 3723 3374 11 28007 28008 57945 42875 42439 42436 58996 62644 62005 62002 62653
33776 3374 3165 4 28006 28008 58296 58298
33777 478 500 6 28009 28010 127900 125480 125481 125930
33778 2260 2177 5 28012 28013 136399 136390 135923
33779 2391 2177 4 28013 28014 135947 135948
33780 2391 2327 9 28014 28011 135586 135588 136223 120039 120041 136257 136131
33781 2391 2260 7 28011 28013 136417 136416 136710 136806 136406
33782 2177 2327 5 28012 28014 120032 120034 135205
33783 3854 3616 8 28018 28015 64682 78356 65809 65807 78674 64056
33784 3854 3770 6 28015 28017 63943 28581 28580 63739
33785 3578 3616 6 28016 28018 64055 28575 28576 64593
33786 2344 2933 6 28019 28020 33884 33883 133188 133583
33787 2344 2514 9 28020 28021 133014 133500 133585 133502 133226 133222 132923
33788 3031 2514 3 28021 28022 132110
33789 3031 2933 5 28022 28019 133155 133154 132109
33790 3031 2344 7 28019 28021 64741 64740 66187 66186 133582
33791 405 876 5 28023 28024 134059 134060 48959
33792 405 2104 4 28024 28025 48957 134305
33793 2136 876 5 28026 28023 48960 48932 28425
33794 2136 405 6 28023 28025 48956 134268 65991 48958
33795 3676 3659 5 28027 28028 49869 32361 32362
33796 3676 4049 7 28028 28029 65728 66239 66103 66066 49868
33797 3775 4049 5 28029 28030 60612 61775 65365
33798 3775 3676 7 28027 28029 65729 66212 66174 65834 48980
33799 1806 1823 6 28031 28032 135830 132304 62866 62864
33800 1566 1823 4 28032 28033 126696 126698
33801 1823 1810 5 28031 28033 29507 29509 131465
33802 2876 2685 4 28034 28035 58817 58818
33803 2876 2900 5 28035 28036 59418 59419 140144
33804 2878 2685 5 28037 28034 140081 140117 132502
33805 2878 2876 6 28034 28036 137340 140018 140159 140080
33806 2900 2685 5 28035 28037 132501 140139 140138
33807 2423 2305 5 28038 28039 28216 132048 132046
33808 2423 2296 6 28039 28040 132238 66157 66160 28217
33809 3236 2305 5 28041 28038 58530 58532 66422
33810 2296 2305 7 28039 28041 133016 133015 133577 133579 28218
33811 9701 9639 4 28042 28043 47045 47043
33812 9701 9655 4 28043 28044 32798 32799
33813 9589 9655 4 28044 28045 31577 31579
33814 9589 9639 5 28045 28042 147980 147979 152493
33815 9589 9701 7 28042 28044 97100 152021 152527 152551 150383
33816 9655 9639 7 28043 28045 44564 44563 151887 152495 152497
33817 549 11542 4 28047 28048 131871 121770
33818 549 11582 4 28046 28047 121769 62675
33819 9170 9222 8 28049 28050 151233 151234 37720 37718 45468 45467
33820 9417 9222 7 28051 28049 152580 151616 32775 32777 151659
33821 8944 9222 3 28050 28051 151369
33822 2954 2917 8 28052 28053 64241 64142 64143 135613 64191 64192
33823 3074 3019 8 28054 28055 132693 62287 62289 28870 28868 64031
33824 3074 2917 5 28055 28052 133536 64459 64458
33825 3074 2954 4 28052 28054 135591 135623
33826 3019 2917 4 28053 28055 62757 62754
33827 2576 2493 6 28056 28057 118597 118598 63327 63325
33828 2697 2338 7 28058 28059 79705 119074 119075 119422 120240
33829 2697 2493 5 28059 28056 119459 119152 79704
33830 2697 2576 4 28056 28058 119278 119277
33831 2338 2493 4 28057 28059 79703 119953
33832 10707 10746 6 28060 28061 150464 149973 149974 150741
33833 10707 11096 5 28061 28062 146143 33513 33514
33834 10749 11096 10 28062 28063 32170 32171 149672 149671 149780 150245 149402 149403
33835 10749 10746 6 28063 28060 149364 149365 149982 149980
33836 10749 10707 5 28060 28062 149367 149366 149992
33837 11096 10746 3 28061 28063 149981
33838 768 640 3 28064 28065 132137
33839 497 863 3 28066 28067 128977
33840 497 640 7 28067 28064 134811 150173 123890 123889 129852
33841 497 768 8 28064 28066 128976 133832 134603 134637 132037 132036
33842 863 640 8 28065 28067 129851 128943 128942 134914 134510 132138
33843 944 779 8 28068 28069 134290 134779 134778 134795 130032 130033
33844 584 617 4 28070 28071 134673 134672
33845 584 779 6 28071 28068 134495 134540 132070 132072
33846 584 944 4 28068 28070 134276 134277
33847 617 779 7 28069 28071 134828 134512 134387 134389 134291
33848 11441 11200 4 28073 28074 130354 146431
33849 11441 11427 3 28074 28072 130353
33850 11441 11504 10 28072 28073 146510 142942 142943 146311 146276 131763 131765 131326
33851 468 235 6 28075 28076 33253 31052 31053 131173
33852 468 554 4 28076 28077 131016 33254
33853 181 554 6 28077 28078 57500 130921 130920 143060
33854 181 468 5 28075 28077 143122 143062 142924
33855 554 235 6 28076 28078 57499 142969 143015 33255
33856 11743 11509 4 28079 28080 146474 146475
33857 11743 753 5 28080 28081 154970 155068 151097
33858 11242 753 6 28081 28082 33645 33648 42058 42465
33859 11242 11509 7 28082 28079 154072 154973 154972 155008 133676
33860 11242 11743 6 28079 28081 146700 146699 155006 154071
33861 753 11509 6 28080 28082 32139 32141 155035 151098
33862 11504 11628 6 28083 28084 146325 146536 146512 146459
33863 11674 11628 7 28086 28083 146419 131761 131758 146497 146496
33864 11674 11504 4 28083 28085 146306 146305
33865 11815 11628 4 28084 28086 146521 146326
33866 8569 7760 6 28088 28089 34148 42640 39947 39946
33867 8569 8362 7 28089 28087 44872 39751 34042 34041 34146
33868 8569 7718 4 28087 28088 42563 42564
33869 5176 4714 7 28090 28091 67288 67303 34865 34866 43065
33870 5176 4853 4 28091 28092 50123 66176
33871 4838 4714 3 28093 28090 30162
33872 4838 5176 6 28090 28092 50124 58185 58187 43066
33873 10803 10640 5 28094 28095 107599 106441 106372
33874 10803 9914 4 28095 28096 76571 107625
33875 9671 10640 5 28097 28094 94822 94824 107598
33876 9671 10803 4 28094 28096 76570 106371
33877 9914 10640 5 28095 28097 107264 106463 106464
33878 5538 5213 4 28098 28099 65830 65831
33879 5538 5849 8 28099 28100 64670 66020 65934 65935 65968 66019
33880 5142 5849 3 28100 28101 50001
33881 5142 5538 5 28098 28100 64669 65985 65986
33882 5849 5213 8 28099 28101 50000 65344 65792 65816 65826 65832
33883 3382 3503 5 28104 28105 62332 58425 58424
33884 3382 3464 5 28105 28102 28513 28686 28688
33885 3503 3464 6 28103 28105 62940 62985 62781 28533
33886 2919 3219 4 28106 28107 119769 135354
33887 3136 3174 4 28108 28109 64060 64059
33888 3136 3219 6 28109 28106 135355 64362 64355 64346
33889 3136 2919 7 28106 28108 135518 135517 135547 134631 134632
33890 3174 3219 6 28107 28109 63925 63924 64360 119771
33891 953 1343 7 28110 28111 131837 131836 132433 132727 132706
33892 953 1249 5 28111 28112 131839 33847 33848
33893 1106 1249 4 28112 28113 132418 131841
33894 1106 953 4 28110 28112 131840 132705
33895 1249 1343 5 28111 28113 132476 131590 131592
33896 11592 11196 4 28114 28115 149689 149498
33897 11592 11413 10 28115 28116 134549 134551 150354 149680 130294 130292 149677 149690
33898 11287 11413 7 28116 28117 149328 148896 148897 149553 150072
33899 11287 11196 6 28117 28114 149500 149595 149581 149537
33900 11287 11592 3 28114 28116 149499
33901 11413 11196 5 28115 28117 32517 32519 149534
33902 122 539 3 28118 28119 129875
33903 122 129 6 28119 28120 131659 130038 130036 131784
33904 196 129 3 28120 28121 131660
33905 3002 3115 7 28122 28123 129862 136031 136484 136828 136684
33906 3002 3068 5 28123 28124 63186 136798 129861
33907 3189 3068 8 28124 28125 28645 61996 61994 63224 63140 63139
33908 3189 3115 5 28125 28122 64049 63946 28644
33909 3189 3002 6 28122 28124 63187 63260 29488 29487
33910 3068 3115 6 28123 28125 28643 29675 29672 129863
33911 1094 1307 6 28128 28126 121615 121587 121483 28141
33912 1094 1242 6 28126 28127 32734 28326 28328 134000
33913 11897 455 8 28129 28130 134392 106683 106681 134369 105711 32727
33914 11897 1252 9 28130 28131 121715 121717 133968 129057 129056 134032 134391
33915 1026 1252 6 28131 28132 66040 66039 64554 64552
33916 1026 455 6 28132 28129 32729 134040 134231 121917
33917 1026 11897 3 28129 28131 32728
33918 1252 455 4 28130 28132 121916 134384
33919 615 24 6 28133 28134 65310 65863 106133 121548
33920 10148 10037 7 28135 28136 106112 106110 106295 106324 106001
33921 10148 24 6 28136 28133 121550 121847 121849 121846
33922 10148 615 6 28133 28135 105036 105035 121860 121549
33923 10037 24 5 28134 28136 121836 106269 65311
33924 11819 57 5 28138 28139 133068 132856 34291
33925 11871 57 3 28139 28140 132423
33926 11871 11612 7 28140 28137 132607 146093 146624 132460 132422
33927 11871 11819 6 28137 28139 133083 146149 154810 132606
33928 1307 1220 6 28141 28142 135281 121564 121565 121482
33929 1220 1094 4 28141 28143 121480 121479
33930 1004 1363 6 28144 28145 32016 29321 29319 129659
33931 1004 1055 3 28145 28146 29404
33932 998 1004 6 28144 28146 29403 129744 28679 28678
33933 143 133 4 28148 28149 129236 130232
33934 143 242 6 28149 28150 130073 130280 130246 129237
33935 262 242 6 28150 28151 129703 129704 134798 130074
33936 262 133 6 28151 28148 130289 150368 130213 130208
33937 262 143 4 28148 28150 130072 130287
33938 10612 10579 8 28152 28153 147130 110025 110023 148295 149285 149103
33939 10612 10559 4 28153 28154 145282 149856
33940 10598 10559 7 28154 28155 108222 110028 110027 110090 110089
33941 10598 10579 5 28155 28152 108684 108682 108221
33942 10598 10612 4 28152 28154 145283 148709
33943 10559 10579 7 28153 28155 108220 110522 110590 148667 148670
33944 8101 11926 5 28157 28158 47775 47773 48770
33945 8101 7579 5 28156 28157 48768 48719 48718
33946 333 415 6 28159 28160 134700 133639 133640 149355
33947 333 392 6 28160 28161 150447 49001 49002 134593
33948 69 392 6 28161 28162 33531 131827 131866 150445
33949 69 333 4 28159 28161 33529 33528
33950 392 415 3 28160 28162 33530
33951 7259 8121 6 28163 28164 48704 48896 48897 48555
33952 7544 8121 6 28164 28165 48905 48904 48941 48706
33953 1724 1026 4 28166 28167 133878 133877
33954 11898 1026 6 28167 28168 133245 65990 32197 32196
33955 1026 157 3 28166 28168 133243
33956 9066 8880 6 28170 28171 47973 47975 96968 96955
33957 8880 9100 4 28169 28171 96369 96368
33958 1062 510 6 28173 28174 120442 121664 121673 121627
33959 200 510 5 28174 28175 121609 119847 119846
33960 200 1062 4 28172 28174 120431 120430
33961 510 763 5 28173 28175 121624 121334 121333
33962 333 56 7 28176 28177 150133 149354 133640 129146 129144
33963 333 121 5 28177 28178 131644 131645 150260
33964 272 333 6 28176 28178 134666 134703 131428 131427
33965 316 94 4 28180 28181 32397 131814
33966 192 423 3 28182 28179 33012
33967 94 423 6 28180 28182 28314 28313 130186 130185
33968 11696 38 7 28183 28184 112108 112106 126596 126597 144931
33969 11825 38 8 28184 28185 145924 126819 126816 126885 126981 126983
33970 38 11555 4 28183 28185 123965 123967
33971 8759 9050 3 28188 28186 42646
33972 8809 9050 6 28187 28188 39752 39753 42638 154044
33973 11178 11244 9 28189 28190 154895 146947 146760 146759 147034 146949 146950
33974 11178 11344 4 28190 28191 145400 154894
33975 11338 11344 6 28191 28192 145734 146123 143022 143021
33976 11338 11244 5 28192 28189 146290 146291 145733
33977 11338 11178 5 28189 28191 145401 34355 34357
33978 11344 11244 6 28190 28192 130680 130681 131807 154842
33979 10939 11082 7 28193 28194 109836 109835 110409 108980 108450
33980 10939 10970 4 28194 28195 109155 109508
33981 11102 10970 8 28195 28196 108925 108808 108807 108474 106988 106989
33982 11102 10939 4 28193 28195 30616 30615
33983 10970 11082 5 28194 28196 108329 108328 110279
33984 11840 11574 6 28199 28200 105985 105993 134491 109792
33985 11840 11677 5 28197 28199 109791 119349 32279
33986 9907 9753 6 28201 28202 30924 30925 104959 151740
33987 9907 10127 5 28202 28203 151797 151798 104505
33988 9898 9907 3 28201 28203 151741
33989 10503 10549 3 28204 28205 31876
33990 10503 10428 6 28205 28206 151832 149925 149924 105680
33991 10534 10428 4 28206 28207 146180 146179
33992 10534 10549 7 28207 28204 31878 148642 148705 148695 148647
33993 10534 10503 8 28204 28206 110587 110589 129035 145455 145456 31877
33994 10428 10549 5 28205 28207 148648 105719 105681
33995 2638 3071 4 28208 28209 120584 78072
33996 786 1115 4 28211 28212 129258 129116
33997 995 1115 5 28212 28213 130267 130268 129318
33998 995 910 5 28213 28210 129284 129283 135162
33999 995 786 5 28210 28212 129317 129316 129315
34000 1295 1397 7 28214 28215 134267 134676 134649 134650 134806
34001 2423 1255 5 28216 28217 28961 28962 133337
34002 2305 1255 3 28218 28216 133338
34003 2296 1255 7 28217 28218 130086 64463 64461 135560 133526
34004 3618 3750 4 28219 28220 79320 79356
34005 3773 3750 5 28221 28219 79447 78684 78685
34006 4497 4326 3 28223 28224 28873
34007 4298 4326 7 28224 28225 65046 65040 65041 65097 28874
34008 4298 4770 4 28225 28222 63942 65277
34009 4298 4497 6 28222 28224 28872 66227 66224 63941
34010 4326 4770 7 28223 28225 65278 65256 65233 65232 67216
34011 987 671 4 28227 28228 130659 130662
34012 1046 671 4 28228 28229 130807 131578
34013 1046 897 5 28229 28226 131425 129622 129621
34014 1046 987 4 28226 28228 131577 131526
34015 671 897 5 28227 28229 130806 29411 29410
34016 333 371 7 28230 28231 134704 131428 129145 129146 133639
34017 333 560 7 28231 28232 49002 49003 131644 134666 134702
34018 584 371 4 28233 28230 134701 131637
34019 584 333 4 28230 28232 134593 134700
34020 560 371 5 28231 28233 131636 129844 129846
34021 389 497 4 28234 28235 130313 124044
34022 389 485 6 28235 28236 30371 129750 121125 121126
34023 718 485 4 28236 28237 124154 30372
34024 718 497 7 28237 28234 123859 123858 128967 129061 124153
34025 718 389 5 28234 28236 30370 129071 124045
34026 11742 11545 6 28238 28239 32236 32234 149911 28303
34027 11742 222 5 28239 28240 150035 106126 105840
34028 11887 222 5 28240 28241 120803 120802 133988
34029 11887 11545 4 28241 28238 28304 134362
34030 11887 11742 5 28238 28240 150036 150155 28302
34031 222 11545 5 28239 28241 148653 150056 105841
34032 10802 10861 7 28242 28243 149864 149865 149613 149612 149638
34033 10927 10861 3 28244 28242 149823
34034 10938 10861 9 28243 28244 149767 149768 149803 105716 105715 110078 110077
34035 631 563 8 28246 28247 28315 131456 130061 129969 129966 30765
34036 631 94 3 28247 28245 28314
34037 631 192 5 28245 28246 30764 33011 33012
34038 11439 11781 5 28249 28250 31070 31071 148907
34039 11781 11730 6 28248 28250 149080 149594 149517 128790
34040 10863 10527 3 28252 28253 32282
34041 10441 11050 3 28254 28251 105519
34042 10441 10863 6 28251 28253 32283 105343 105341 105518
34043 9971 10345 7 28255 28256 150641 149333 149334 152361 149681
34044 9971 10074 6 28256 28257 96898 150882 149896 149897
34045 10042 10074 8 28257 28258 35113 150805 150065 47893 47892 96899
34046 10042 10345 4 28258 28255 149683 35111
34047 10042 9971 6 28255 28257 96897 31524 31523 149682
34048 10074 10345 8 28256 28258 35112 152410 152405 150766 150765 150802
34049 11649 10 6 28259 28260 152998 131824 131822 129044
34050 11649 129 4 28260 28261 134614 152999
34051 11702 129 4 28261 28262 130038 131803
34052 11702 10 5 28262 28259 129045 132446 130037
34053 11702 11649 6 28259 28261 134615 154474 30519 30521
34054 129 10 4 28260 28262 130036 131785
34055 10039 10594 5 28263 28264 151559 106042 106043
34056 10039 10179 6 28264 28265 150709 150259 150257 151560
34057 10303 10179 5 28265 28266 145158 131263 131264
34058 10303 10594 6 28266 28263 134217 134216 134732 134731
34059 10303 10039 5 28263 28265 151570 151603 151562
34060 10179 10594 4 28264 28266 145157 149796
34061 3877 3386 5 28269 28270 64729 78415 78414
34062 3877 3998 7 28270 28267 64442 63702 63701 65600 64728
34063 3877 3719 5 28267 28269 78553 77175 64440
34064 3386 3998 4 28268 28270 64556 28590
34065 11364 24 5 28271 28272 151482 151481 151480
34066 11364 11734 7 28272 28273 65874 48750 48751 77021 121919
34067 11358 24 12 28274 28271 104968 104967 106194 78462 78461 121836 121846 121850 121842 121841
34068 11358 11364 6 28271 28273 65875 134044 150152 150154
34069 11734 24 7 28272 28274 121839 121838 121721 121723 134424
34070 4522 4007 6 28276 28277 96004 50052 50053 50010
34071 3735 4007 10 28277 28278 76809 76808 106138 106139 96500 96499 96251 96005
34072 3735 3935 7 28278 28275 77368 77010 77012 77016 77005
34073 3735 4522 4 28275 28277 64783 64784
34074 4007 3935 3 28276 28278 50011
34075 11823 166 5 28279 28280 151134 150136 150137
34076 11823 365 8 28280 28281 150263 151244 134623 134621 150328 151017
34077 72 11823 5 28279 28281 150262 134145 134146
34078 921 1123 5 28282 28283 121722 121719 120807
34079 921 892 9 28283 28284 76915 121775 121774 121534 121535 121792 121859
34080 1604 921 4 28282 28284 76914 120808
34081 2346 2584 4 28285 28286 78730 79367
34082 2346 2600 8 28286 28287 120491 120492 120543 120649 120840 78731
34083 2601 2584 6 28288 28285 120822 120077 120079 120130
34084 2600 2584 3 28286 28288 78732
34085 2782 2835 5 28289 28290 119003 50056 50057
34086 2802 2835 8 28291 28289 65307 65306 78472 120580 120567 120569
34087 2638 2835 4 28290 28291 120646 120636
34088 979 1242 6 28292 28293 105895 105896 135296 135343
34089 979 871 9 28293 28294 134383 124026 124025 134363 134428 28322 28323
34090 1576 871 5 28294 28295 121498 121500 134377
34091 1576 1242 5 28295 28292 135344 121559 121558
34092 1576 979 6 28292 28294 134381 105955 105957 135257
34093 871 1242 6 28293 28295 121808 28327 28326 32733
34094 840 316 5 28296 28297 132147 132153 132152
34095 685 775 7 28298 28299 114382 114383 111141 111142 76803
34096 685 493 6 28299 28300 123852 127972 129084 129083
34097 421 493 4 28300 28301 123541 123854
34098 421 775 5 28301 28298 76805 128384 123540
34099 421 685 7 28298 28300 123853 129245 123632 123631 76804
34100 493 775 5 28299 28301 123539 128393 129282
34101 11742 11713 3 28302 28303 149910
34102 11887 11713 9 28304 28302 150156 150247 150237 150175 30970 30969 134298
34103 11545 11713 7 28303 28304 134361 31636 31634 106048 149912
34104 2152 2006 6 28305 28306 137043 130885 130886 130933
34105 2152 2393 7 28306 28307 131298 131300 137569 62807 62805
34106 2281 2393 7 28307 28308 29091 30050 141873 141804 141768
34107 2281 2006 5 28308 28305 130934 141363 29089
34108 2281 2152 4 28305 28307 138399 130932
34109 2393 2006 4 28306 28308 29090 63153
34110 1756 1983 4 28309 28310 135612 135404
34111 1756 1793 9 28310 28311 135658 135600 135598 135727 133845 133844 135622
34112 2188 1793 5 28311 28312 132349 28863 28861
34113 2188 1983 8 28312 28309 133657 62846 33889 33888 133598 133662
34114 2188 1756 3 28309 28311 135405
34115 1793 1983 5 28310 28312 133663 66420 66417
34116 563 423 5 28313 28315 130327 130329 131453
34117 1474 2722 5 28319 28320 132826 132825 132220
34118 3105 2722 5 28320 28321 132211 132849 132848
34119 3105 1474 6 28318 28320 42883 42885 132767 132769
34120 2722 3131 6 28319 28321 132210 133009 133100 132221
34121 979 848 4 28323 28324 105897 105895
34122 723 871 3 28325 28322 134432
34123 848 871 7 28323 28325 121308 121309 129016 32735 32733
34124 1242 873 4 28327 28328 120920 120918
34125 1094 873 8 28328 28329 121544 121571 117240 117239 120923 121614
34126 1094 871 4 28329 28326 32735 121543
34127 873 871 5 28327 28329 105852 105854 109162
34128 1317 1158 7 28330 28331 123869 123867 123865 123885 117496
34129 1317 1233 6 28331 28332 129435 138958 123871 123870
34130 1027 1233 7 28332 28333 117432 117433 117758 123376 129433
34131 1027 1317 5 28330 28332 129434 117911 117497
34132 1233 1158 5 28331 28333 123825 123262 123261
34133 123 11758 6 28334 28335 123619 123617 123646 121659
34134 123 11667 5 28335 28336 123943 120954 120956
34135 11750 11667 4 28336 28337 109441 109687
34136 11750 11758 7 28337 28334 121660 123986 149707 109217 109219
34137 11750 123 6 28334 28336 123897 123896 121037 121036
34138 11667 11758 6 28335 28337 109440 109726 109267 109266
34139 546 597 7 28338 28339 123451 123450 123833 123978 123346
34140 813 546 6 28338 28340 121496 31988 31985 121028
34141 1237 1678 4 28342 28343 121012 121011
34142 1717 1237 6 28341 28343 119440 119438 120659 120660
34143 9213 8953 7 28345 28346 49172 153937 152771 152769 44788
34144 8953 8665 6 28345 28347 46030 39796 39795 44789
34145 11363 11291 7 28348 28349 149099 149100 146217 146218 31233
34146 11363 11132 4 28349 28350 144847 149045
34147 11228 11132 7 28350 28351 147006 147003 108443 108442 144849
34148 11228 11291 6 28351 28348 31235 32376 32373 147031
34149 11228 11363 6 28348 28350 144848 149174 148239 31234
34150 11132 11291 4 28349 28351 147030 149010
34151 1649 1585 9 28354 28352 134831 135077 137433 135088 135089 135096 133150
34152 1470 1585 3 28353 28354 133151
34153 9907 10060 4 28355 28356 151707 94110
34154 9907 10086 5 28356 28357 30924 104505 151809
34155 9868 10086 5 28357 28358 105603 97268 30926
34156 9868 10060 6 28358 28355 32830 32831 95217 95216
34157 9868 9907 6 28355 28357 30925 104958 104971 94111
34158 10086 10060 6 28356 28358 105606 104482 104481 151807
34159 10987 10916 4 28361 28362 105616 105617
34160 10987 10782 6 28362 28359 110145 110051 109897 109896
34161 10987 10838 6 28359 28361 105611 28364 28363 110139
34162 10916 10782 5 28360 28362 109861 109863 105674
34163 10838 11104 5 28364 28365 110117 149631 105612
34164 10971 11104 7 28365 28366 109914 109912 110267 110195 110118
34165 10971 10987 6 28366 28363 110140 110031 110015 110000
34166 10971 10838 7 28363 28365 110116 110206 110189 110126 110127
34167 11104 10987 4 28364 28366 103122 103121
34168 9819 9965 5 28368 28369 104072 151963 151945
34169 9884 9967 5 28370 28367 148628 144982 144981
34170 9884 9819 7 28367 28369 104073 151830 151831 103735 103737
34171 9965 9967 8 28368 28370 145151 145367 148435 104432 104434 148436
34172 103 2 5 28371 28372 117553 124054 123925
34173 103 11626 4 28372 28373 123217 117552
34174 11667 2 5 28374 28371 123926 108976 108975
34175 11626 2 5 28372 28374 106784 106785 117554
34176 8758 8749 5 28375 28376 46261 46262 47313
34177 8837 8749 7 28376 28377 47516 47453 46854 46855 47128
34178 8749 8408 7 28375 28377 37517 37519 97054 47875 47717
34179 576 563 5 28378 28379 128926 128929 129997
34180 576 577 6 28379 28380 125921 125920 130402 130159
34181 829 577 5 28380 28381 131611 130088 130089
34182 829 563 5 28381 28378 130060 130061 131565
34183 829 576 5 28378 28380 130172 130179 130120
34184 577 563 6 28379 28381 130328 130329 131455 130160
34185 11784 16 6 28382 28383 149666 146240 109756 109757
34186 11784 21 5 28383 28384 32177 32175 149663
34187 31 11784 5 28382 28384 121190 121462 124003
34188 1706 11900 4 28385 28386 48934 133986
34189 1706 1448 6 28386 28387 133938 133675 131091 48935
34190 2604 1448 4 28387 28388 134028 134029
34191 2604 11900 5 28388 28385 134149 134148 134153
34192 9184 10535 3 28389 28390 131625
34193 9184 8782 7 28390 28391 150959 33583 33584 132234 132233
34194 10758 8782 5 28391 28392 133277 151168 151169
34195 10758 10535 7 28392 28389 131627 134249 134151 66032 66029
34196 10758 9184 6 28389 28391 48612 48610 134010 131626
34197 8782 10535 8 28390 28392 133276 151201 151204 151081 134208 134207
34198 384 282 9 28394 28395 129185 129111 129110 129125 129029 129030 149727
34199 231 282 3 28395 28396 123993
34200 231 384 4 28393 28395 129186 129181
34201 282 277 4 28394 28396 123992 149724
34202 412 142 4 28398 28399 134454 134521
34203 412 582 8 28399 28397 134323 134433 134374 134373 105205 105204
34204 412 640 5 28397 28398 134548 134552 134322
34205 615 8995 3 28400 28401 65948
34206 8901 8995 8 28401 28402 96959 77255 77144 77143 65926 65925
34207 2306 2286 6 28404 28405 77053 28525 28526 119886
34208 2189 2306 3 28403 28405 118706
34209 324 89 7 28406 28407 123290 124035 124056 123981 123982
34210 324 614 4 28407 28408 109761 109759
34211 11684 614 6 28408 28409 106018 106017 121284 121025
34212 11684 89 7 28409 28406 94794 94793 121114 122557 122558
34213 11684 324 5 28406 28408 121024 123084 123983
34214 614 89 4 28407 28409 123228 123227
34215 11896 871 6 28410 28411 118325 107643 107644 124025
34216 11896 1740 4 28411 28412 32152 32153
34217 1252 1740 8 28412 28413 134382 76981 48614 48613 79359 79358
34218 1252 871 3 28413 28410 124026
34219 1252 11896 6 28410 28412 105934 129056 133925 124024
34220 1740 871 5 28411 28413 134383 134377 118326
34221 2995 2205 4 28414 28415 135444 78766
34222 2674 2205 7 28416 28414 78768 121709 121706 120630 78071
34223 1983 1356 3 28417 28418 133494
34224 1983 1967 8 28418 28419 62849 62850 133602 133446 133445 133667
34225 1644 1967 4 28419 28420 132822 66171
34226 1644 1356 7 28420 28417 133491 131097 131094 132619 132618
34227 1644 1983 5 28417 28419 66170 133578 133495
34228 4051 3775 5 28421 28422 65365 65729 42725
34229 3839 3775 7 28424 28421 42727 65321 64290 28568 28565
34230 3839 4051 4 28421 28423 64522 42726
34231 3196 2136 5 28425 28426 32756 32758 48933
34232 3432 3788 5 28429 28430 64084 64110 64070
34233 3432 3519 7 28430 28431 64067 64069 28646 28647 63288
34234 3516 3519 5 28431 28432 62837 62835 64082
34235 3516 3788 5 28432 28429 64071 63611 63502
34236 3516 3432 4 28429 28431 64042 64043
34237 3519 3788 5 28430 28432 61312 61313 63631
34238 3127 3208 10 28434 28435 63360 28452 28453 136160 135993 120107 119762 63275
34239 3609 3208 5 28435 28436 63929 63928 64048
34240 3609 3412 4 28436 28433 63949 63948
34241 3609 3127 4 28433 28435 63221 63223
34242 4129 4043 6 28437 28438 66335 61816 61817 67181
34243 4129 3751 4 28438 28439 66622 66336
34244 4272 3751 5 28439 28440 66621 61777 61776
34245 4272 4043 6 28440 28437 67229 64929 62634 62633
34246 3751 4043 7 28438 28440 64209 62775 62774 62701 62700
34247 7219 7390 5 28442 28443 41875 41911 41899
34248 7404 7219 5 28441 28443 41876 30313 30315
34249 2934 2694 4 28444 28445 135531 78774
34250 2741 2694 5 28445 28446 135480 135490 136013
34251 2694 2779 7 28444 28446 135458 120634 120633 135402 78775
34252 2961 11915 4 28447 28448 135424 135352
34253 2961 3157 7 28448 28449 135278 135276 77269 77272 120686
34254 3386 3157 3 28449 28450 65977
34255 3386 2961 5 28447 28449 135462 135451 135351
34256 3092 3208 4 28451 28452 60408 60409
34257 3208 3136 6 28451 28453 136161 136086 63603 63602
34258 1385 1164 6 28454 28455 129389 128610 128608 138667
34259 1385 1345 4 28455 28456 138878 129926
34260 1426 1345 6 28456 28457 129354 115562 115563 138034
34261 1426 1164 5 28457 28454 138748 138749 129352
34262 1426 1385 6 28454 28456 138811 129332 129331 129881
34263 1345 1164 8 28455 28457 129353 138900 138904 29835 29837 129927
34264 1508 1800 4 28459 28460 137830 131288
34265 1975 1800 7 28460 28461 137669 127389 127391 137599 137603
34266 1975 1798 6 28461 28458 138474 138476 141883 138237
34267 1975 1508 5 28458 28460 29325 29322 30211
34268 1800 1798 6 28459 28461 29094 29093 136669 131289
34269 3394 3332 7 28462 28463 62737 61733 61735 63095 63190
34270 3394 3296 6 28463 28464 61998 62052 62353 62643
34271 3198 3296 6 28464 28465 62452 62638 62576 61999
34272 3198 3332 7 28465 28462 63189 62943 62941 62800 62451
34273 3198 3394 3 28462 28464 61997
34274 3296 3332 3 28463 28465 62450
34275 2799 2490 6 28466 28467 134116 134117 135017 135973
34276 2799 2776 5 28467 28468 28667 28666 135964
34277 2882 2776 8 28468 28469 64138 63788 63791 135810 133952 133950
34278 2882 2799 4 28466 28468 135791 135930
34279 2351 2075 7 28470 28471 137665 137883 137725 137702 137205
34280 2351 2187 6 28471 28472 136370 135776 135774 136615
34281 2347 2187 5 28472 28473 29213 29214 29715
34282 2347 2075 6 28473 28470 137207 137687 137688 137689
34283 2347 2351 7 28470 28472 136369 137264 137718 137802 137206
34284 2187 2075 4 28471 28473 28932 28930
34285 3006 3084 4 28476 28477 135584 135785
34286 3006 3106 4 28474 28476 133374 64199
34287 3084 3163 5 28475 28477 64086 63565 28799
34288 1118 1309 7 28478 28479 129923 129924 134223 134222 122844
34289 1118 1004 5 28479 28480 134835 134853 134844
34290 974 1004 5 28480 28481 129659 28678 28680
34291 974 1309 5 28481 28478 122846 129255 129257
34292 974 1118 4 28478 28480 131861 122845
34293 1004 1309 4 28479 28481 29319 29318
34294 11823 11337 7 28482 28483 151248 134076 134077 151405 32410
34295 11823 876 5 28483 28484 134059 134306 151249
34296 11114 876 5 28484 28485 151217 150948 134060
34297 11114 11337 5 28485 28482 32412 66031 66030
34298 11114 11823 4 28482 28484 32725 32411
34299 876 11337 5 28483 28485 151263 133805 133807
34300 3176 3293 7 28486 28487 59682 59677 59678 60453 60659
34301 3325 3169 8 28488 28489 59644 59755 59759 59734 58919 58921
34302 3325 3293 8 28489 28486 60593 60592 58941 58940 59373 59374
34303 3325 3176 5 28486 28488 60598 60715 60685
34304 3169 3293 3 28487 28489 59643
34305 1614 1540 4 28490 28491 135002 130199
34306 1614 1769 6 28491 28492 134099 134102 134103 135003
34307 1599 1769 5 28492 28493 135183 135185 134100
34308 1599 1540 6 28493 28490 130200 135274 135247 135244
34309 1769 1540 4 28491 28493 129246 129248
34310 238 1295 7 28494 28495 134265 134267 134678 134774 134744
34311 1799 1295 8 28496 28494 134746 134314 134312 132078 132079 134261
34312 365 1295 3 28495 28496 134260
34313 3150 3147 8 28497 28498 137164 133370 133371 62708 28840 28841
34314 3150 2986 7 28498 28499 62092 62095 62928 136683 137163
34315 3259 2986 7 28499 28500 66522 66523 56900 28660 28661
34316 3259 3147 7 28500 28497 62699 62697 62745 62744 137155
34317 2986 3147 3 28498 28500 137154
34318 11907 2033 6 28501 28502 76947 120435 120433 105437
34319 11907 2492 3 28502 28503 76948
34320 2603 11907 5 28501 28503 78847 106322 105436
34321 3411 3499 6 28504 28505 79322 76710 76709 78520
34322 3411 3231 6 28505 28506 78901 79474 79339 79341
34323 3138 3231 7 28506 28507 78518 78712 119333 119334 78903
34324 3138 3499 6 28507 28504 78907 78534 78533 78517
34325 3138 3411 5 28504 28506 78902 79432 79433
34326 3231 3499 6 28505 28507 78516 79435 79444 79446
34327 3136 3393 7 28508 28509 63602 63870 63988 64060 64346
34328 3136 3327 6 28509 28510 64362 120627 120626 63603
34329 3471 3327 7 28510 28511 63913 63828 28785 28787 63625
34330 3471 3136 3 28508 28510 64355
34331 3327 3393 5 28509 28511 63807 63743 63604
34332 3329 3382 4 28512 28513 59100 59101
34333 1575 1300 3 28515 28516 132018
34334 1575 1343 8 28516 28514 43000 42999 132452 132453 131591 131590
34335 1575 1674 9 28514 28515 131976 28958 28957 132448 132464 66501 66502
34336 1951 1955 7 28517 28518 29729 29727 141758 141750 137630
34337 1951 1508 5 28518 28519 130918 141293 30211
34338 1421 1508 7 28519 28520 142554 141607 141606 141687 130919
34339 1421 1955 5 28520 28517 137631 141826 141824
34340 1421 1951 4 28517 28519 29236 29235
34341 1508 1955 6 28518 28520 142553 131131 29323 29322
34342 1958 2115 6 28522 28523 120340 121957 120183 120182
34343 1958 1869 6 28523 28521 118162 118160 121140 120339
34344 1958 2346 3 28521 28522 120025
34345 2377 2286 6 28526 28527 119745 120023 119669 119670
34346 3043 2836 3 28529 28530 120060
34347 2836 2658 5 28528 28530 119624 119622 119631
34348 3253 3265 6 28531 28532 62058 61380 61379 62566
34349 3503 3265 7 28532 28533 62782 63278 62931 62930 62731
34350 3265 3464 4 28531 28533 62780 62567
34351 2090 1878 6 28535 28536 62658 132291 132293 66429
34352 2090 2373 7 28536 28534 66648 132222 66451 66450 62656
34353 2090 2292 5 28534 28535 66427 133185 66647
34354 2295 2332 4 28537 28538 119691 119692
34355 2416 2332 7 28540 28537 119661 119659 119597 79279 79278
34356 2416 2295 5 28537 28539 59137 78832 79286
34357 2269 2332 4 28538 28540 119294 119548
34358 3231 3232 5 28542 28543 62510 62508 120566
34359 3553 3223 5 28544 28541 63185 78604 78602
34360 3232 3223 4 28542 28544 78603 120590
34361 2232 2189 8 28546 28547 65906 120485 78571 78572 118706 120415
34362 2128 2232 3 28545 28547 65905
34363 3174 3384 4 28548 28549 28570 63924
34364 3326 3384 5 28549 28550 63725 64321 28571
34365 3579 3153 4 28552 28553 66000 49866
34366 3341 3648 3 28554 28551 65248
34367 3341 3579 6 28551 28553 66001 66016 66006 66005
34368 3153 3648 5 28552 28554 48276 48273 49867
34369 4000 4005 6 28557 28555 63832 63829 64517 63762
34370 3651 3659 6 28558 28559 66122 66135 66121 49869
34371 3651 3857 5 28559 28560 66065 66156 66123
34372 4049 3651 3 28558 28560 49868
34373 3669 4222 3 28562 28563 66270
34374 4209 3587 3 28564 28561 62769
34375 4209 3669 5 28561 28563 66271 28864 28866
34376 4222 3587 7 28562 28564 66352 66368 49861 49863 66371
34377 3548 3775 4 28565 28566 64160 64140
34378 3839 3486 6 28567 28568 64291 64822 28586 28587
34379 3221 3174 7 28569 28570 64360 135433 30249 30248 64477
34380 3221 3384 5 28570 28571 64377 64364 64359
34381 3326 3221 5 28569 28571 64478 64476 64475
34382 3957 4174 6 28572 28573 76345 76343 76355 76272
34383 4174 3627 3 28572 28574 76273
34384 3578 3541 4 28576 28577 63896 63895
34385 3578 3491 7 28577 28575 63986 63985 64567 64555 63992
34386 4005 4235 4 28578 28579 64707 63707
34387 4005 3854 4 28579 28580 63738 64649
34388 3770 4235 6 28581 28578 63709 63880 63881 64591
34389 3770 4005 6 28578 28580 63737 63830 63832 63708
34390 3199 3311 4 28583 28584 62826 62825
34391 3311 3098 7 28582 28584 66512 66393 66395 66506 66234
34392 3839 3277 3 28585 28586 64823
34393 3326 3486 4 28587 28588 64476 64372
34394 3326 3839 5 28585 28587 64371 64394 64825
34395 3386 3803 4 28589 28590 64557 64671
34396 3759 3691 6 28591 28592 78749 77130 64161 64162
34397 3405 3691 5 28593 28591 64516 78776 78744
34398 3355 3691 3 28592 28593 78743
34399 2605 2463 6 28594 28595 119951 120169 120663 120662
34400 2605 2372 5 28595 28596 120382 120381 119950
34401 2506 2605 6 28594 28596 120611 120668 120672 120661
34402 2444 2333 6 28598 28599 119715 119714 118782 118783
34403 2444 2332 4 28599 28597 116443 119791
34404 2444 2482 6 28597 28598 119735 119327 119258 116442
34405 2240 2021 5 28601 28602 134620 119997 119998
34406 2212 2021 7 28602 28603 120694 120693 120726 65896 65895
34407 2212 2213 9 28603 28600 135173 120704 120703 121465 120750 120718 120720
34408 2212 2240 4 28600 28602 135328 135419
34409 2021 2213 5 28601 28603 120716 120715 121567
34410 2369 2313 6 28604 28605 114907 115134 115220 115117
34411 2220 2313 5 28605 28606 115106 114862 114861
34412 3755 3704 7 59402 57255 28607 28608 59452 59546 -1
34413 3972 3704 5 28609 28607 57256 59976 59486
34414 3867 3704 5 28608 28609 59485 59515 59454
34415 3574 3765 5 28611 28612 60048 60211 59969
34416 3574 3823 5 28610 28611 59968 60902 60906
34417 2494 2490 6 28613 28614 134116 135379 135380 135911
34418 2494 2519 5 28614 28615 135989 135790 134115
34419 2282 2519 6 28615 28616 133181 133180 135868 135869
34420 2282 2490 4 28616 28613 120565 120564
34421 2282 2494 9 28613 28615 135990 135995 135762 135761 135965 119685 119684
34422 2831 2579 5 28617 28618 136586 136587 64189
34423 2831 2756 6 28618 28619 136580 136578 136107 136108
34424 2466 2756 5 28619 28620 136384 136383 136565
34425 2466 2579 6 28620 28617 64190 118971 136114 136652
34426 2466 2831 5 28617 28619 136699 136698 64188
34427 2756 2579 7 28618 28620 136549 136251 136231 64408 64410
34428 11865 190 5 28621 28622 155545 142452 42089
34429 11865 11463 5 28622 28623 131240 131243 156246
34430 11605 11463 6 28623 28624 58385 155342 155568 154709
34431 11605 190 4 28624 28621 42091 58384
34432 11605 11865 6 28621 28623 142534 142536 142278 42090
34433 11463 190 7 28622 28624 41820 41821 154813 154814 156260
34434 2409 2287 4 28625 28626 59837 59835
34435 2409 2795 7 28626 28627 142045 141968 58974 58973 133196
34436 2793 2795 8 28627 28628 141304 141248 141249 141319 142009 142046
34437 2793 2409 3 28625 28627 142043
34438 2099 2091 7 28630 28631 65820 136415 136474 57721 57724
34439 2219 2091 5 28631 28632 135692 133290 65822
34440 2219 1963 5 28632 28629 135044 134845 134847
34441 2219 2099 6 28629 28631 65821 135439 134991 134990
34442 2091 1963 5 28630 28632 135691 135722 135723
34443 1681 1650 5 28633 28634 114744 114662 114647
34444 1681 1656 5 28634 28635 114913 114622 114620
34445 1595 1681 4 28633 28635 114912 114648
34446 2843 2865 5 28636 28637 63921 63923 137104
34447 2843 2884 5 28637 28638 136028 135711 135710
34448 3013 2884 5 28638 28639 63017 63016 129908
34449 3013 2865 6 28639 28636 135479 131258 131257 133373
34450 3013 2843 6 28636 28638 137092 135828 135827 137101
34451 2884 2865 5 28637 28639 64039 64038 64227
34452 1671 1499 7 28640 28641 130927 130928 137610 30402 30403
34453 1504 1499 5 28641 28642 131404 127338 127340
34454 3310 3189 7 28644 28645 63247 63054 63055 63273 63537
34455 3310 3068 4 28645 28643 63024 63303
34456 3432 3495 7 28647 28648 63236 63237 63610 61457 61460
34457 3503 3519 6 28649 28646 62782 62781 62986 67192
34458 3503 3432 3 28646 28648 63278
34459 3495 3519 4 28647 28649 67186 63289
34460 2133 2009 6 28650 28651 138530 130879 130881 137327
34461 3314 3216 5 28653 28654 59196 62556 62457
34462 3216 3247 7 28652 28654 59195 137333 58528 58525 59640
34463 3142 3253 6 28655 28656 61380 29648 29649 63057
34464 3142 3207 4 28656 28657 62022 62057
34465 2986 3207 6 28657 28658 28661 62092 62094 62024
34466 2986 3253 4 28658 28655 56899 28660
34467 2986 3142 6 28655 28657 62023 135997 135998 63058
34468 3259 3207 3 28661 28659 29646
34469 2896 3029 8 28662 28663 119915 82962 82963 136977 136969 60366
34470 2919 2799 6 28665 28666 120096 119146 28774 28775
34471 2776 2930 4 28667 28664 133951 133950
34472 2776 2919 6 28664 28666 135983 136024 135543 135522
34473 2799 2930 7 28665 28667 135791 135929 135966 133541 133540
34474 3294 3200 6 28668 28669 63276 63400 63401 63304
34475 3294 3192 5 28669 28670 63460 79730 63277
34476 3049 3294 4 28668 28670 63459 63305
34477 2342 2453 7 28672 28673 116581 115666 115664 116617 116523
34478 2342 2418 5 28673 28674 116318 115020 115023
34479 2451 2418 9 28674 28675 114927 115324 115325 115098 115067 115065 116614
34480 2451 2453 6 28675 28672 114209 81965 81967 114926
34481 2451 2342 4 28672 28674 116612 116524
34482 3029 3090 6 28676 28677 60393 136872 136873 60366
34483 1004 927 5 28679 28680 134835 130135 129915
34484 974 927 6 28680 28681 121506 129221 129231 131861
34485 927 998 4 28679 28681 121505 129263
34486 1543 1334 3 28683 28684 118158
34487 1440 1543 8 28682 28684 117963 116482 116483 117208 117207 115353
34488 3381 3382 5 28686 28687 29207 59099 59100
34489 3639 3464 7 28688 28685 59435 62954 62949 62948 62940
34490 3639 3381 4 28685 28687 29208 59434
34491 3158 3146 5 28689 28690 62447 62446 63138
34492 3158 3012 6 28690 28691 62790 62350 28819 28820
34493 3110 3012 3 28691 28692 62791
34494 3110 3146 7 28692 28689 60539 60541 140050 140049 140127
34495 3110 3158 8 28689 28691 62789 63295 62011 62013 63215 63205
34496 3012 3146 6 28690 28692 140126 140202 140201 62636
34497 2483 2813 3 28694 28695 66808
34498 2483 2790 7 28695 28693 62748 62495 62497 132970 66807
34499 2483 2678 10 28693 28694 137288 136536 136537 137297 137294 136702 133328 62747
34500 1194 992 6 28696 28697 138644 128268 117512 117152
34501 687 709 4 28698 28699 127758 124066
34502 643 687 8 28698 28700 128293 126741 126740 126761 128423 124065
34503 3457 3279 4 28702 28703 63196 63132
34504 3313 3457 8 28701 28703 63195 63489 63497 64024 64020 63056
34505 3313 3189 10 28706 28704 63056 64015 63538 63273 60515 28764 28765 63228
34506 3090 3189 5 28705 28706 63142 63139 63187
34507 3684 3521 9 28708 28709 60960 59161 59159 59291 59292 62081 62063
34508 3684 3774 4 28709 28707 61464 60958
34509 2390 2355 4 28711 28712 117741 117742
34510 2352 2198 5 28713 28710 28740 117206 118713
34511 2352 2390 6 28710 28712 118491 118487 118488 28739
34512 2993 2914 7 28714 28715 137059 137379 137378 62522 62520
34513 2993 2915 5 28715 28716 137304 137173 137060
34514 2893 2915 11 28716 28717 62615 62649 63206 60345 60343 136899 137050 137048 137047
34515 2893 2914 3 28717 28714 62614
34516 2893 2993 5 28714 28716 62564 42055 42052
34517 2915 2914 7 28715 28717 62613 62499 62498 135938 135940
34518 2897 2862 7 28718 28719 136069 136070 120576 120574 135866
34519 2897 2952 7 28719 28720 135441 119913 119914 136067 136068
34520 2633 2952 6 28720 28721 80000 119097 113665 113666
34521 2633 2862 5 28721 28718 115810 75542 75544
34522 2633 2897 4 28718 28720 78085 78084
34523 2952 2862 6 28719 28721 79999 119071 119114 119113
34524 3052 3083 6 28722 28723 115452 114429 59723 59722
34525 2354 2294 5 28724 28725 136516 137720 137719
34526 2354 2448 7 28725 28726 117123 117124 137612 137691 136517
34527 2439 2448 4 28726 28727 132318 137266
34528 2439 2294 5 28727 28724 132361 132363 132317
34529 2439 2354 6 28724 28726 137656 137658 137196 137197
34530 2448 2294 6 28725 28727 132312 132311 137721 136518
34531 2320 2315 9 28728 28729 116352 116281 115314 115313 116164 115228 115172
34532 2320 2083 4 28729 28730 115026 115024
34533 2313 2083 5 28730 28731 114862 114860 115077
34534 2313 2315 4 28731 28728 115104 115106
34535 2313 2320 5 28728 28730 29134 29131 115173
34536 2083 2315 5 28729 28731 115113 114543 114542
34537 3064 3334 3 28732 28733 63163
34538 3198 3334 6 28734 28732 62571 62573 58909 58908
34539 3209 3334 11 28733 28734 62067 60656 60657 62437 62436 58104 58106 60684 60681
34540 2394 2586 6 28735 28736 119655 119656 120831 78529
34541 2394 2643 5 28736 28737 79235 117196 119867
34542 2492 2643 4 28737 28738 120118 79236
34543 2492 2586 7 28738 28735 78530 78742 78741 120134 120133
34544 2492 2394 6 28735 28737 78635 77242 77241 78528
34545 2643 2586 5 28736 28738 120577 120119 119868
34546 2352 2216 6 28740 28739 118490 119095 116005 116006
34547 2715 2489 3 28741 28742 119743
34548 2375 2463 7 28743 28744 136278 119032 79392 79391 119933
34549 2463 2489 7 28742 28744 136034 136035 136059 136058 119744
34550 1187 1016 7 28745 28746 117332 117333 117547 123747 117519
34551 1400 1016 3 28747 28745 117132
34552 1837 2060 5 28749 28750 119592 119340 119339
34553 1730 1717 6 28751 28748 121046 116782 116783 119300
34554 1730 1837 8 28748 28750 79979 79981 119869 120863 121067 121047
34555 2060 1717 6 28749 28751 117469 117470 119448 119452
34556 2694 2312 4 28752 28753 64011 64012
34557 2694 2003 6 28753 28754 133866 135515 64000 63999
34558 1945 2003 7 28754 28755 120683 120685 131859 134195 133868
34559 1945 2312 3 28755 28752 135266
34560 1945 2694 7 28752 28754 133867 134949 134109 134110 134118
34561 2003 2312 7 28753 28755 135265 120596 120595 135386 135347
34562 2635 2240 3 28756 28757 64010
34563 2312 2240 7 28758 28756 64012 135266 135265 135450 135454
34564 3794 3850 7 28759 28760 81713 81711 81710 81638 81496
34565 3794 3636 5 28760 28761 81704 79845 79848
34566 3760 3794 8 28759 28761 81585 81147 81148 81491 60329 60328
34567 3380 3189 6 28763 28764 60514 63054 61995 61994
34568 3313 3243 3 28765 28762 60553
34569 3189 3243 4 28763 28765 63227 63224
34570 2490 2177 3 28767 28768 120564
34571 2415 2177 7 28768 28769 136234 136399 135948 119686 119687
34572 2415 2519 3 28769 28766 136233
34573 2415 2490 7 28766 28768 120565 135911 64488 64490 136467
34574 2177 2519 6 28767 28769 136232 134955 133182 133181
34575 3281 3140 5 28771 28772 63044 63548 63546
34576 3230 3140 5 28772 28773 62784 62783 62902
34577 3230 3115 6 28773 28770 64049 136684 64021 63026
34578 3230 3281 6 28770 28772 63045 63855 64014 64013
34579 3140 3115 6 28771 28773 63025 64114 133405 63547
34580 2919 2954 4 28775 28776 78626 79357
34581 2796 2954 6 28776 28777 135551 135728 135613 78628
34582 2796 2799 5 28777 28774 119147 134954 135550
34583 2796 2919 7 28774 28776 78627 135418 120556 64008 64007
34584 2954 2799 4 28775 28777 133543 133540
34585 3109 3189 5 28779 28780 29488 29489 63947
34586 3161 3109 3 28778 28780 136800
34587 3195 3173 7 28781 28782 60053 82144 82250 82295 115836
34588 3195 3357 4 28782 28783 63322 60054
34589 3086 3173 6 28784 28781 115838 138919 117352 79902
34590 3086 3195 6 28781 28783 63323 79803 136722 115837
34591 3357 3173 5 28782 28784 79901 82206 60055
34592 3327 3229 4 28786 28787 63626 134451
34593 3327 3341 6 28785 28786 134450 120554 63754 63753
34594 3299 3270 3 28788 28789 75713
34595 3228 3270 7 28789 28790 79935 77989 62795 62793 74140
34596 3270 3094 7 28788 28790 79934 118521 118123 80188 80021
34597 4152 4066 4 28791 28792 60388 63526
34598 4206 4226 4 28793 28794 68484 68761
34599 4206 4066 6 28794 28791 61124 61126 61565 68483
34600 4226 4066 7 28792 28794 68241 61572 61373 61295 60390
34601 4206 4331 5 28795 28796 50858 50857 68474
34602 3084 3230 6 28798 28799 28853 28852 63026 62784
34603 3230 3163 4 28797 28799 63564 64111
34604 3337 3663 5 28800 28801 62557 62555 59234
34605 2735 2522 7 28802 28803 134760 137033 63281 63280 29662
34606 2673 2522 3 28803 28804 134762
34607 1871 1873 7 28805 28806 136464 138160 138820 29709 29707
34608 1774 1873 3 28806 28807 119514
34609 1873 1826 7 28805 28807 119512 129542 129510 116761 116758
34610 2167 2345 4 28808 28809 137071 140022
34611 2167 2127 8 28809 28810 136735 136734 137615 137616 138000 137070
34612 2406 2345 5 28811 28808 132043 132045 137461
34613 2127 2345 4 28809 28811 137462 137072
34614 2006 1814 7 28813 28814 138244 138243 137478 137477 138099
34615 1814 1956 5 28812 28814 138119 138118 138002
34616 3464 3519 5 28815 28816 62781 62780 63041
34617 3464 3738 6 28816 28817 62988 62950 62948 62985
34618 3531 3738 4 28817 28818 62085 62989
34619 3531 3519 5 28818 28815 62075 62074 62084
34620 3531 3464 6 28815 28817 62772 60576 60574 63036
34621 3738 3519 7 28816 28818 61314 61313 63632 67187 62986
34622 3209 3012 4 28820 28821 140199 62636
34623 3012 3064 5 28819 28821 140150 63093 62351
34624 3837 3916 8 28822 28823 63229 60608 60607 60613 60614 62372
34625 3837 3738 4 28823 28824 60502 63402
34626 3866 3916 4 28825 28822 62070 62068
34627 3866 3837 4 28822 28824 60503 63317
34628 2690 2557 5 28826 28827 131551 135751 133251
34629 2435 2557 6 28829 28826 64246 64248 28992 28993
34630 2435 2690 5 28826 28828 63284 63282 64342
34631 2662 2557 6 28827 28829 133291 133423 135858 131552
34632 3326 3163 6 28830 28831 28846 28845 62801 64203
34633 4938 4363 3 28833 28834 66857
34634 4506 4363 5 28834 28835 42882 42881 66858
34635 2663 2438 7 28836 28837 137125 137123 137124 137107 135857
34636 2662 2460 9 28838 28839 133184 133186 137291 135904 135903 137122 137117
34637 2662 2438 4 28839 28836 133423 133422
34638 2662 2663 4 28836 28838 137116 135858
34639 2460 2438 4 28837 28839 132019 132020
34640 3306 3147 4 28843 28840 62709 62823
34641 3306 3150 7 28840 28842 28884 62939 62358 62357 62706
34642 3382 3147 4 28841 28843 62698 62699
34643 3058 3326 3 28846 28847 63579
34644 3058 3163 6 28844 28846 63578 63564 63565 64085
34645 2684 2435 7 28850 28851 133586 62534 62533 133326 63284
34646 2684 2188 3 28851 28849 133018
34647 2684 2895 8 28849 28850 63283 64201 64200 133255 133358 133017
34648 3109 3058 4 28854 28855 135899 63246
34649 3109 3084 4 28855 28852 64022 135898
34650 3109 3230 9 28852 28854 63245 63164 63166 64065 29489 29486 64021
34651 3058 3084 5 28853 28855 135897 64087 63565
34652 2507 2708 8 28856 28857 135370 135714 64234 64233 135832 135786
34653 2507 2219 7 28857 28858 135651 64224 63047 63048 135371
34654 2238 2219 6 28858 28859 134978 134845 63267 63265
34655 2238 2507 3 28856 28858 135652
34656 2219 2708 3 28857 28859 134977
34657 2296 2188 7 28860 28861 135405 133657 62467 62470 133504
34658 2296 1793 3 28861 28862 135658
34659 2112 1793 7 28862 28863 132165 132163 135699 135601 135600
34660 2112 2188 5 28863 28860 133449 133448 132350
34661 2112 2296 5 28860 28862 135662 134212 133503
34662 4209 4047 8 28866 28867 67264 65018 64153 64154 66080 62769
34663 4209 4228 6 28867 28864 66410 67280 67270 67268
34664 4047 4228 4 28865 28867 67267 66314
34665 3074 3013 5 28868 28869 64266 64088 64030
34666 3074 2981 3 28869 28870 64264
34667 3019 2981 5 28870 28871 129909 133901 64265
34668 3019 3013 4 28871 28868 63019 63016
34669 2981 3013 6 28869 28871 129908 137092 64251 64250
34670 4381 4326 6 28873 28874 64263 64261 67139 67216
34671 4298 4381 4 28872 28874 66325 67201
34672 3495 3179 5 28876 28875 62932 63237 64197
34673 3269 3130 4 28878 28879 66469 66373
34674 3088 3130 7 28879 28880 137095 137039 62705 62707 66332
34675 3088 3010 4 28880 28877 62612 62611
34676 3088 3269 6 28877 28879 62726 62727 66559 66524
34677 3130 3010 7 28878 28880 64296 64297 64252 64249 64255
34678 3054 3147 5 28883 28881 136960 137156 62744
34679 3054 3025 4 28881 28882 62618 136959
34680 3602 3150 3 28884 28885 58423
34681 4291 4334 3 28886 28887 66955
34682 4291 4097 6 28887 28888 42819 42820 66839 66838
34683 4502 4097 5 28888 28889 67128 67145 67144
34684 4502 4334 7 28889 28886 58216 58215 62293 43415 43416
34685 4502 4291 5 28886 28888 67153 67063 66979
34686 1249 1069 7 28890 28891 131408 131407 131641 33847 33849
34687 1249 1494 4 28891 28892 28988 131932
34688 1333 1494 7 28892 28893 130901 138227 131936 131934 28990
34689 1333 1249 4 28890 28892 28989 132371
34690 1494 1069 6 28891 28893 130900 131196 130694 130693
34691 2347 2731 6 28895 28896 29725 137718 137412 64306
34692 2596 2731 8 28896 28897 137439 140231 137178 137179 137401 29726
34693 2596 2406 10 28897 28894 29027 30048 30049 141809 137358 30110 30111 137438
34694 2596 2347 3 28894 28896 29026
34695 2731 2406 4 28895 28897 57591 57593
34696 2964 2577 3 28898 28899 34133
34697 2964 3059 5 28899 28900 42942 132647 142519
34698 3693 2577 5 28901 28898 34135 58744 58746
34699 3693 2964 8 28898 28900 42941 141757 132688 57102 57101 34134
34700 9294 9170 3 28902 28903 152515
34701 9294 9036 6 28903 28904 149886 149884 152392 152390
34702 9205 9294 9 28902 28904 151650 33111 33094 33096 152559 152546 152528
34703 9036 9170 8 28903 28905 48352 48351 151459 49164 49166 152499
34704 1893 1904 8 28906 28907 138376 138593 139369 139796 139825 131378
34705 2068 1910 7 28908 28909 139949 137928 136647 136646 138351
34706 2068 1904 7 28909 28906 131380 139840 140167 139902 139901
34707 2068 1893 4 28906 28908 138347 131379
34708 1910 1904 5 28907 28909 139894 137995 137993
34709 2871 2644 3 28910 28911 140354
34710 2871 2531 5 28911 28912 136834 140282 140358
34711 2707 2531 3 28912 28913 136836
34712 2707 2644 7 28913 28910 140356 140298 60490 60492 140295
34713 2707 2871 8 28910 28912 136835 140330 60458 60455 136897 140355
34714 2531 2644 7 28911 28913 60331 29946 29945 140368 140359
34715 4207 4611 6 28915 28916 58837 58839 59300 41438
34716 4661 4611 6 28916 28917 57161 41242 41243 59260
34717 4661 4271 6 28917 28914 59275 59117 58853 57919
34718 4661 4207 5 28914 28916 58910 58912 59304
34719 4611 4271 4 28915 28917 57920 41439
34720 2815 2735 6 28918 28919 137068 137145 137028 137031
34721 2815 2991 3 28919 28920 136885
34722 2935 2991 5 28920 28921 63006 64117 64116
34723 2935 2735 7 28921 28918 136927 136926 120094 120095 63005
34724 2935 2815 6 28918 28920 63034 63033 62969 62968
34725 2991 2735 7 28919 28921 63004 135945 135946 137142 137069
34726 612 897 6 28922 28923 127081 127079 130962 130452
34727 612 661 5 28923 28924 130764 130688 130652
34728 598 661 5 28924 28925 29412 130370 130371
34729 598 612 6 28922 28924 130802 130801 130609 130453
34730 661 897 7 28923 28925 29411 130887 130888 130943 130653
34731 5225 7282 5 28927 28928 41829 58617 58166
34732 6643 7282 7 28928 28929 41809 41767 41697 41684 41685
34733 6643 5225 5 28926 28928 41828 58589 58400
34734 7282 5450 5 28927 28929 57980 58045 58167
34735 2089 2075 6 28930 28931 34131 137628 137678 137665
34736 2127 2075 5 28931 28932 137689 136693 34132
34737 9535 9244 6 28933 28934 150603 150602 152664 152699
34738 9535 9408 4 28934 28935 152976 150808
34739 9433 9244 4 28936 28933 44993 35173
34740 9433 9535 6 28933 28935 150268 35050 34315 34317
34741 9408 9244 6 28934 28936 35174 44799 44945 150809
34742 1362 1508 5 28937 28938 141688 141606 138260
34743 1362 1511 3 28938 28939 138286
34744 1314 1508 3 28940 28937 138261
34745 1314 1362 6 28937 28939 138287 138447 138446 138259
34746 2491 2203 9 28941 28942 141348 141350 141945 141940 141914 133307 133308
34747 2491 2608 5 28942 28943 137231 137260 137261
34748 2393 2203 4 28944 28941 141768 131298
34749 2393 2491 6 28941 28943 64097 64096 141913 141804
34750 2608 2203 5 28942 28944 131299 141792 141889
34751 11198 11264 7 28945 28946 147016 145778 34823 34824 153977
34752 11198 11320 4 28946 28947 34557 35131
34753 11392 11320 5 28947 28948 34579 144274 34558
34754 11392 11264 5 28948 28945 146251 131208 34578
34755 11320 11264 6 28946 28948 34577 146574 144153 144154
34756 1313 1152 6 28949 28950 136622 127647 127648 138177
34757 1313 1175 8 28950 28951 29304 138007 138060 138148 137953 137954
34758 1475 1175 5 28951 28952 29041 29040 29305
34759 1475 1152 3 28952 28949 138178
34760 1175 1152 10 28950 28952 138350 137579 137578 130982 130981 138255 138514 138159
34761 2719 2680 5 28953 28954 137027 136777 136776
34762 2719 2545 6 28954 28955 135663 135664 79364 79362
34763 2675 2545 5 28955 28956 137892 60554 60555
34764 2675 2719 4 28953 28955 136950 136992
34765 2545 2680 6 28954 28956 137903 62363 62362 136668
34766 1840 1575 8 28959 28957 132002 66498 66497 130840 130841 132166
34767 2423 1799 5 28960 28961 66160 66158 133870
34768 2632 1799 4 28963 28960 133833 49828
34769 1951 1716 3 28965 28966 141533
34770 1798 1716 5 28966 28967 130899 30400 30401
34771 1798 1863 3 28967 28964 130897
34772 1798 1951 7 28964 28966 141294 141293 138474 138473 137365
34773 1716 1863 6 28965 28967 130898 138395 141584 141534
34774 2689 2421 4 28968 28969 140350 140444
34775 2689 2746 7 28969 28970 61047 61048 115496 115497 140351
34776 2548 2746 7 28970 28971 136904 136905 139137 115464 115462
34777 2548 2421 7 28971 28968 116601 29811 29810 140395 139389
34778 2548 2689 6 28968 28970 135931 135932 63319 63318
34779 2746 2421 4 28969 28971 63250 63249
34780 1715 1858 4 28972 28973 132369 131971
34781 1502 1652 6 28974 28975 33868 33866 132444 132405
34782 1502 1715 4 28972 28974 132207 131972
34783 1652 1858 5 28973 28975 132397 137771 132393
34784 1573 1597 6 28976 28977 138762 124848 124849 114772
34785 1529 1597 4 28979 28976 114774 139277
34786 1529 1573 6 28976 28978 102087 127918 127920 114773
34787 1646 1597 5 28977 28979 139278 138850 138852
34788 983 800 7 28981 28982 130011 129718 29456 29459 128345
34789 913 800 6 28982 28983 130008 130109 32022 32019
34790 913 982 6 28983 28980 129841 129928 129971 129973
34791 913 983 3 28980 28982 129840
34792 800 982 4 28981 28983 130007 128346
34793 1529 1507 5 28984 28985 124819 114742 114741
34794 1529 1619 6 28985 28986 117039 117044 124783 124841
34795 1581 1619 5 28986 28987 114763 115841 117037
34796 1581 1507 7 28987 28984 128183 114757 114572 114573 114750
34797 1581 1529 6 28984 28986 117038 102089 102087 127928
34798 1619 1507 4 28985 28987 114762 124443
34799 1333 1680 5 28989 28990 132549 131340 131341
34800 1680 1494 4 28988 28990 132548 131933
34801 2438 2557 9 28991 28992 133335 133455 135697 133841 133840 135857 133423
34802 2557 2292 3 28991 28993 133291
34803 982 1213 6 28994 28995 129816 29370 29371 124095
34804 982 903 6 28995 28996 129971 129972 129970 129944
34805 1055 903 7 28996 28997 129594 129338 129164 129163 129270
34806 1055 1213 10 28997 28994 119347 119348 123754 129509 129430 129431 129492 129597
34807 903 1213 3 28995 28997 129596
34808 2027 1830 8 28998 28999 112882 112880 115044 114895 114896 114898
34809 1819 1607 6 29000 29001 114685 114731 139638 139630
34810 1819 1830 4 29001 28998 114775 114683
34811 1819 2027 5 28998 29000 139628 114981 114899
34812 1607 1830 5 28999 29001 114684 114686 114626
34813 1221 990 6 29003 29004 132431 132382 132340 132341
34814 1391 990 5 29004 29005 131642 131643 132436
34815 1391 1300 6 29005 29002 132402 131872 131223 131220
34816 1391 1221 5 29002 29004 132384 132383 132387
34817 990 1300 4 29003 29005 132419 132420
34818 2146 2445 4 29006 29007 141942 141718
34819 2795 2218 5 29008 29009 141984 141496 139814
34820 2795 2445 7 29009 29006 57875 57877 137367 141707 141983
34821 2218 2445 4 29007 29009 141900 141901
34822 3392 3017 4 29010 29011 62625 66323
34823 3392 3190 5 29011 29012 62587 62527 62525
34824 3374 3190 5 29012 29013 29953 29955 57725
34825 3374 3017 5 29013 29010 141956 58970 58961
34826 3374 3392 9 29010 29012 62409 62408 62644 62445 62444 132481 141955
34827 3190 3017 7 29011 29013 58960 141926 141966 141890 62626
34828 5366 6264 3 29015 29016 57979
34829 6203 5366 9 29014 29016 57985 58001 58277 57994 41324 41326 41528
34830 3711 3633 7 29017 29018 59883 59881 59901 60218 60895
34831 3711 3704 7 59929 59930 29018 29019 60147 60148 -1
34832 3841 3704 9 29019 29020 59625 59517 59519 59522 59485 59486 59975
34833 3841 3711 4 29017 29019 60177 60194
34834 3704 3633 4 29018 29020 60104 60126
34835 3342 3521 4 29022 29023 29749 29239
34836 3581 3521 6 29023 29024 60669 61265 61267 29750
34837 3581 3345 3 29024 29021 60668
34838 3581 3342 8 29021 29023 29640 29641 62475 62591 62590 62577
34839 2464 2406 3 29027 29025 30044
34840 1987 2211 7 29028 29029 137976 136719 136720 137544 137937
34841 1987 2011 6 29029 29030 117273 117271 137977 137978
34842 2026 2011 7 29030 29031 136745 136747 131581 131579 137925
34843 2026 2211 6 29031 29028 137998 30032 30034 137150
34844 2026 1987 6 29028 29030 130044 130041 136648 136649
34845 2011 2211 3 29029 29031 137151
34846 2719 2747 7 29032 29033 136888 136923 62124 62127 135664
34847 2891 2747 6 29033 29034 120112 62970 62967 136889
34848 2747 2582 6 29032 29034 136919 136925 63040 63037
34849 2462 2410 6 29035 29036 136575 63232 63234 136413
34850 2462 2260 5 29036 29037 136812 136710 136576
34851 2160 2410 4 29038 29035 135823 135824
34852 2160 2462 8 29035 29037 136809 135847 135849 135802 135804 136595
34853 2260 2410 5 29036 29038 136407 136408 136562
34854 1175 1259 5 29039 29040 137844 127656 127601
34855 1256 1475 7 29041 29042 127303 131531 131532 138173 138178
34856 1256 1259 7 29042 29039 127194 127196 59769 59766 114874
34857 1256 1175 4 29039 29041 138350 127600
34858 1475 1259 7 29040 29042 127302 127375 127959 127962 137845
34859 1814 1801 4 29043 29044 137478 137476
34860 1814 1832 6 29044 29045 138211 138118 138121 138243
34861 1719 1832 5 29045 29046 137674 127335 127336
34862 1719 1801 6 29046 29043 138182 138201 138075 137858
34863 1719 1814 5 29043 29045 137585 132300 132302
34864 1832 1801 5 29044 29046 131436 131435 137541
34865 1282 1460 5 29048 29049 134933 134932 134852
34866 1328 1460 6 29049 29050 129759 129757 129886 129885
34867 1460 1147 4 29048 29050 129957 129956
34868 2217 2095 7 29051 29052 29685 137516 135032 135033 135803
34869 2217 2170 4 29052 29053 135861 29684
34870 2279 2170 6 29053 29054 136514 135291 135289 135862
34871 2279 2095 5 29054 29051 136594 135784 135783
34872 2279 2217 4 29051 29053 29084 29083
34873 2170 2095 4 29052 29054 136412 29686
34874 2459 2521 3 29055 29056 116088
34875 2384 2376 4 29057 29058 115103 116278
34876 2384 2459 6 29055 29057 116277 113879 113881 115305
34877 3285 3248 3 29059 29061 60432
34878 649 568 7 29062 29063 126851 29268 29266 127132 126499
34879 649 537 4 29063 29064 127291 126852
34880 471 649 4 29062 29064 127290 126500
34881 3110 2977 6 29065 29066 119007 139939 60541 60405
34882 3372 3260 3 29067 29068 29636
34883 3246 3260 6 29070 29067 29637 60163 60162 29549
34884 3246 3372 5 29067 29069 59582 59581 29635
34885 3249 3260 6 29068 29070 29548 59621 60816 59888
34886 3996 3771 5 29071 29072 61287 71262 82750
34887 3996 3845 6 29072 29073 81101 81099 81103 61288
34888 3722 3845 5 29073 29074 80285 80287 81884
34889 3722 3771 9 29074 29071 82752 83265 83009 82910 82648 82639 82637
34890 3722 3996 8 29071 29073 81725 70935 70934 81903 81905 82751
34891 3845 3771 6 29072 29074 82638 82641 82634 61289
34892 2891 2675 3 29077 29075 62051
34893 2582 2675 6 29076 29077 30058 30060 60555 136950
34894 1911 1566 6 29078 29079 137254 137252 137859 137950
34895 1566 1689 6 29078 29080 133359 133361 137636 137737
34896 2462 2279 5 29082 29083 136594 136595 136413
34897 2217 2278 5 29084 29081 135838 135840 135861
34898 2217 2462 8 29081 29083 135803 135802 136601 136556 64186 64187
34899 2279 2278 8 29082 29084 135862 136558 136584 136662 136914 136414
34900 1598 1593 6 29085 29086 131572 131571 138021 131533
34901 1598 1577 5 29086 29087 131227 126697 126695
34902 1494 1577 6 29087 29088 131933 131932 130693 130692
34903 1494 1593 5 29088 29085 131535 131934 132548
34904 1494 1598 5 29085 29087 131228 138239 131534
34905 1577 1593 4 29086 29088 132550 137138
34906 2006 2406 7 29089 29090 63152 30236 30234 29603 29602
34907 2281 2406 5 29091 29089 29148 29149 30049
34908 2393 2406 5 29090 29091 30048 30044 30043
34909 1798 1741 3 29092 29093 137684
34910 1903 1800 4 29094 29095 136642 137669
34911 1903 1741 7 29095 29092 132563 131361 131360 137864 136640
34912 1903 1798 9 29092 29094 138237 141882 141853 137365 130897 130899 138266
34913 1800 1741 4 29093 29095 136641 137685
34914 1821 1966 5 29096 29097 116754 114523 29422
34915 1821 1855 5 29097 29098 112713 115151 116725
34916 1862 1855 5 29098 29099 115777 116883 112714
34917 1862 1966 6 29099 29096 29424 116867 116926 115776
34918 1862 1821 6 29096 29098 112712 116922 116695 29423
34919 1855 1966 4 29097 29099 29580 29581
34920 1976 1978 8 29100 29101 141868 132666 132667 142461 131364 131365
34921 1976 2152 3 29101 29102 131276
34922 1975 2152 7 29102 29103 127391 127390 130933 130932 131277
34923 1975 1978 3 29103 29100 137599
34924 1975 1976 6 29100 29102 131275 29324 29325 137603
34925 2152 1978 6 29101 29103 131396 131395 132023 141866
34926 2522 2214 4 29104 29105 136472 29119
34927 1698 1638 7 29106 29107 129812 138845 138833 138834 138934
34928 1698 1943 7 29107 29108 139095 139101 139075 139074 129813
34929 1711 1943 8 29108 29109 136173 136172 136359 119480 119479 135753
34930 1711 1638 7 29109 29106 129527 129529 139013 139012 139035
34931 1711 1698 4 29106 29108 138972 138935
34932 1943 1638 4 29107 29109 138948 129814
34933 2013 2000 6 29110 29111 136402 136347 135364 135362
34934 2013 2151 7 29111 29112 135123 135121 136235 136405 136404
34935 2057 2151 3 29112 29113 136280
34936 2057 2000 7 29113 29110 64026 64028 109785 109784 136279
34937 2057 2013 7 29110 29112 136363 136365 136362 136358 135562
34938 2151 2000 5 29111 29113 120044 120043 136335
34939 1063 1208 6 29115 29116 128275 128276 127737 124740
34940 2236 2289 6 29117 29118 135808 136493 63211 63213
34941 2522 2289 8 29118 29119 62061 62059 135806 133346 133347 135809
34942 2289 2214 4 29117 29119 133518 130825
34943 2265 2283 8 29120 29121 29530 29531 140147 140146 140190 139561
34944 2265 2167 8 29121 29122 138115 138116 139884 60447 60448 140076
34945 2325 2167 4 29122 29123 137443 137441
34946 2325 2283 6 29123 29120 139563 82265 82267 140164
34947 2325 2265 3 29120 29122 139562
34948 2167 2283 4 29121 29123 140135 140115
34949 2301 2432 7 29124 29125 136366 134859 134861 136018 136021
34950 2301 2331 5 29125 29126 29839 137930 136367
34951 2349 2301 5 29124 29126 29840 137626 137625
34952 8705 8511 6 29127 29128 35967 35684 35685 38760
34953 8705 8457 4 29128 29129 34658 34656
34954 8626 8457 6 29129 29130 39173 38006 36223 36224
34955 8626 8511 4 29130 29127 39277 39172
34956 8626 8705 9 29127 29129 39383 39382 39391 39392 39388 39164 39163
34957 8457 8511 6 29128 29130 39171 39201 35021 35023
34958 2376 2076 3 29132 29133 114341
34959 2313 2376 5 29131 29133 114966 115187 115205
34960 2076 2320 8 29132 29134 115026 29343 29344 82437 116194 114342
34961 1691 1794 6 29136 29137 74896 78467 78470 119460
34962 1851 1794 6 29138 29136 119461 120409 119450 119449
34963 2335 1794 5 29137 29138 119444 118776 74898
34964 1687 1616 9 29139 29140 127911 127912 140979 139746 139743 139727 139368
34965 1687 1459 8 29140 29141 139425 139424 139359 139360 131529 131530
34966 1893 1687 4 29139 29141 139782 139369
34967 1821 1977 4 29142 29143 114524 114523
34968 1821 1816 6 29143 29144 115151 114435 114436 114521
34969 2008 1816 4 29144 29145 114411 114412
34970 2008 1977 6 29145 29142 114974 114975 116670 114675
34971 2008 1821 4 29142 29144 116725 116754
34972 1816 1977 5 29143 29145 114676 29694 29691
34973 2215 2255 6 29146 29147 29601 141658 138303 131217
34974 2215 2406 3 29147 29148 29602
34975 2281 2255 4 29149 29146 131219 137452
34976 2281 2215 7 29146 29148 141363 141362 133309 133306 131218
34977 2406 2255 6 29147 29149 141809 141808 141852 29603
34978 490 339 5 29151 29152 143493 127038 127039
34979 397 339 8 29152 29153 126622 126621 126904 126901 143530 143514
34980 397 509 5 29153 29150 31353 130766 127123
34981 397 490 6 29150 29152 143513 34564 34565 31352
34982 802 1110 7 29156 29157 130849 127109 127110 130804 131230
34983 802 897 7 29157 29154 129809 130454 130452 130657 130658
34984 802 987 4 29154 29156 131229 129808
34985 1110 897 5 29155 29157 129891 129890 137557
34986 1615 1876 6 29158 29159 137888 137887 139026 139113
34987 1615 1771 8 29159 29160 119202 119201 115628 115631 137795 138654
34988 1885 1876 6 29161 29158 135854 135853 138764 138684
34989 1885 1615 3 29158 29160 123998
34990 1771 1876 3 29159 29161 138655
34991 2096 2093 5 29162 29163 114903 114252 114255
34992 2096 2038 4 29163 29164 116253 114902
34993 2180 2038 4 29164 29165 116610 116254
34994 2180 2093 5 29165 29162 114541 114540 116505
34995 2180 2096 7 29162 29164 115558 115556 116216 116215 116536
34996 2038 2093 7 29163 29165 115035 115034 114855 114670 114668
34997 127 237 5 29166 29167 145901 128666 128667
34998 349 237 4 29168 29166 128477 126798
34999 74 237 7 29167 29168 126555 126518 124520 124519 145820
35000 821 623 5 29171 29172 124746 123719 123718
35001 821 648 10 29172 29169 126724 128148 128239 127876 127678 127680 127923 128233
35002 821 596 4 29169 29171 128466 126723
35003 623 648 6 29170 29172 128234 128236 125641 125640
35004 509 508 3 29173 29174 126467
35005 471 508 7 29175 29173 126627 127267 127259 126462 126459
35006 703 471 7 29176 29177 126439 126440 127266 127259 127256
35007 703 600 8 29177 29178 31178 31176 127544 127850 127239 127093
35008 486 471 5 29179 29176 126243 126242 126477
35009 486 703 4 29176 29178 127166 127255
35010 600 471 4 29177 29179 126478 126552
35011 214 70 6 29181 29182 130143 130142 131616 130731
35012 11885 70 6 29182 29183 130975 144946 144947 131492
35013 11885 146 4 29183 29180 129985 130974
35014 11885 214 5 29180 29182 130379 32025 32024
35015 70 146 4 29181 29183 32042 32039
35016 1063 1091 7 29184 29185 128320 129385 128266 128262 125959
35017 1063 747 3 29185 29186 128098
35018 857 1091 3 29187 29184 124357
35019 358 356 6 29189 29190 109516 109518 128654 128657
35020 449 356 8 29190 29191 124259 124241 124243 128305 126275 126274
35021 449 358 3 29188 29190 109401
35022 356 561 3 29189 29191 124496
35023 687 476 3 29193 29194 128423
35024 506 569 4 29195 29192 30956 127492
35025 506 687 7 29192 29194 126761 126760 128425 129644 30955
35026 476 569 8 29193 29195 127491 128309 126720 126719 128269 128331
35027 368 203 6 29197 29198 130393 130003 130001 130244
35028 477 367 5 29199 29196 129779 134837 129079
35029 477 368 5 29196 29198 130394 128928 128927
35030 203 367 5 29197 29199 129078 130258 130257
35031 751 694 5 29201 29202 126777 127298 126559
35032 751 701 6 29202 29200 29265 127614 34435 34434
35033 1278 1338 6 29204 29205 124781 113982 113983 124576
35034 1177 1338 5 29205 29206 117012 118154 118152
35035 1177 1403 6 29206 29203 124994 125093 125064 117010
35036 1177 1278 4 29203 29205 117015 117014
35037 1338 1403 5 29204 29206 117011 124976 124577
35038 2419 2512 8 29209 29210 60204 60203 116582 116584 116840 115947
35039 2550 2535 7 29211 29212 115689 115632 115635 115950 115721
35040 2550 2419 4 29209 29211 115719 115946
35041 2535 2512 3 29210 29212 115603
35042 2349 2187 4 29214 29215 29840 29716
35043 2811 2596 3 29216 29217 59392
35044 2795 2627 6 29218 29219 57877 57876 141303 141304
35045 2795 2596 5 29219 29216 59393 141709 137367
35046 2795 2811 5 29216 29218 141248 30001 30000
35047 2627 2596 11 29217 29219 137366 138385 137470 137469 60497 60496 140163 140236 140124
35048 1912 2016 7 29220 29221 116931 116936 117309 116301 116302
35049 1970 2094 4 29222 29223 116598 116597
35050 1970 2016 8 29223 29220 116798 116979 116866 116731 115247 115246
35051 1970 1912 4 29220 29222 116683 116797
35052 2094 2016 5 29221 29223 116764 80673 80675
35053 1081 910 6 29224 29225 123921 123922 129438 123745
35054 910 1189 4 29224 29226 135163 123746
35055 337 867 7 29227 29228 142157 143312 142740 142741 142715
35056 337 622 5 29228 29229 143322 143326 142158
35057 458 622 7 29229 29230 143213 143214 143165 143047 143048
35058 458 867 3 29230 29227 142716
35059 458 337 5 29227 29229 143323 142148 142147
35060 622 867 6 29228 29230 143297 143298 142126 142125
35061 982 849 6 29231 29232 129828 128346 128344 129206
35062 982 801 4 29232 29233 129970 129829
35063 951 849 5 29234 29231 129821 128767 127756
35064 951 982 5 29231 29233 129944 129816 129815
35065 1951 1499 6 29236 29237 132567 141533 141294 130918
35066 1849 1421 7 29238 29235 137631 141860 142757 132559 132561
35067 1499 1421 5 29236 29238 141686 141685 130919
35068 11679 11749 6 29241 29242 144464 144538 144353 144354
35069 11738 11749 4 29243 29241 125653 30602
35070 2777 3190 4 29244 29245 141926 141977
35071 2827 3190 4 29246 29244 58722 58719
35072 3209 3256 7 29247 29248 59190 59193 59506 59662 59470
35073 3209 3521 4 29248 29249 60657 60561
35074 3506 3521 9 29249 29250 59162 59161 61718 61980 61981 61739 61738
35075 3506 3256 4 29250 29247 59472 60740
35076 3506 3209 4 29247 29249 62437 59471
35077 3521 3256 5 29248 29250 59121 59122 60562
35078 559 286 5 29251 29252 131200 130063 130064
35079 196 286 3 29252 29253 129876
35080 958 968 7 29254 29255 127392 127504 127503 127631 127623
35081 717 968 4 29256 29254 127617 127616
35082 999 968 7 29255 29256 127612 126986 126985 127641 127393
35083 612 749 4 29257 29258 130450 130721
35084 564 833 6 29259 29260 34708 34706 130922 130895
35085 564 717 6 29260 29261 31288 127076 130992 126516
35086 948 717 6 29261 29262 138436 130952 130950 31289
35087 948 833 4 29262 29259 130896 130902
35088 948 564 5 29259 29261 31287 126964 130894
35089 717 833 4 29260 29262 127394 126517
35090 916 701 6 29265 29263 126088 126089 127632 127615
35091 916 735 4 29263 29264 126574 126573
35092 649 717 5 29266 29267 34433 126876 127131
35093 649 701 4 29267 29268 126776 34434
35094 568 717 4 29269 29266 126958 126262
35095 701 717 7 29267 29269 30130 30129 127620 127617 34435
35096 2432 2675 5 29270 29271 137653 137819 137472
35097 2508 2675 5 29271 29272 62695 30057 30056
35098 2675 2440 6 29270 29272 136591 140328 137589 137473
35099 1268 1212 8 29273 29274 128840 132215 131568 131566 130014 129822
35100 1002 1212 6 29275 29273 129818 127713 127714 129819
35101 1070 1212 4 29274 29275 129605 128842
35102 868 532 7 29276 29277 123629 29334 29336 114602 114603
35103 868 561 4 29277 29278 29618 29616
35104 804 532 7 29279 29276 128019 128018 127075 125944 125943
35105 804 868 6 29276 29278 124180 128152 124687 124686
35106 1045 920 5 29280 29281 129638 129700 127593
35107 1045 1030 5 29281 29282 138444 138597 129639
35108 958 1030 5 29282 29283 29446 29447 138445
35109 958 920 7 29283 29280 127595 129589 30541 30543 129804
35110 1030 920 5 29281 29283 130788 130782 129640
35111 605 849 5 29284 29285 124110 124109 129617
35112 801 605 4 29284 29286 123711 124704
35113 2799 2519 5 29287 29288 135018 134117 134115
35114 2799 2695 3 29288 29289 134345
35115 2755 2695 9 29289 29290 135994 135865 135771 133378 133377 62691 62690
35116 2755 2519 3 29290 29287 135790
35117 2755 2799 8 29287 29289 134346 135959 133541 133543 135550 135756
35118 2695 2519 8 29288 29290 135989 135869 134857 134858 135765 135767
35119 1332 1148 5 29291 29292 137602 137600 129920
35120 1332 1494 6 29292 29293 138239 138226 138227 137865
35121 1405 1494 5 29293 29294 130694 130692 131228
35122 1405 1148 7 29294 29291 127693 127694 131528 130045 130047
35123 1405 1332 4 29291 29293 131312 129919
35124 1494 1148 4 29292 29294 131196 131198
35125 1694 1805 6 29295 29296 29479 29480 129400 137994
35126 1694 1775 5 29296 29297 137776 29502 29505
35127 1910 1775 5 29297 29298 137427 138058 138092
35128 1910 1805 6 29298 29295 137995 139895 138001 137425
35129 1910 1694 5 29295 29297 138105 138377 137993
35130 1775 1805 5 29296 29298 137426 63607 63608
35131 1007 936 3 29299 29300 124944
35132 1007 970 6 29300 29301 124999 124966 118272 118271
35133 815 970 5 29301 29302 124344 124345 124646
35134 815 936 7 29302 29299 124945 118173 118175 124964 124979
35135 815 1007 7 29299 29301 125000 117568 117570 117828 117825
35136 970 936 5 29300 29302 116989 116988 117565
35137 1435 1313 6 29303 29304 138006 138433 138333 137559
35138 1435 1175 6 29304 29305 137844 136322 136323 137996
35139 1475 1435 7 29303 29305 137845 127432 127431 138152 137558
35140 1222 1037 6 29306 29307 139005 138959 117637 29511
35141 1222 899 4 29307 29308 129402 129516
35142 926 899 8 29308 29309 128852 29468 29470 29475 129341 129340
35143 926 1037 9 29309 29306 29512 129451 129450 129455 138928 138694 129613
35144 926 1222 7 29306 29308 129403 139014 138965 128382 29510
35145 899 1037 4 29307 29309 129614 138994
35146 1067 985 5 29310 29311 124706 126117 126118
35147 1067 894 5 29311 29312 124244 124245 124707
35148 992 894 4 29312 29313 124688 124632
35149 992 985 6 29313 29310 117512 117511 124676 124675
35150 894 985 4 29311 29313 124718 124708
35151 1770 2015 7 29314 29315 119453 135416 120110 120108 135175
35152 1770 1709 7 29315 29316 136425 136275 136276 136355 119454
35153 1729 1709 7 29316 29317 135198 134927 134928 135203 136426
35154 1729 2015 5 29317 29314 135177 136175 136165
35155 1729 1770 3 29314 29316 135176
35156 1709 2015 5 29315 29317 136092 136091 119455
35157 1147 1363 7 29320 29321 32018 130010 129942 32766 32765
35158 1147 1004 5 29321 29318 134844 130134 32017
35159 1147 1309 4 29318 29320 129925 129923
35160 1955 1976 6 29323 29324 141787 141790 132442 131130
35161 1975 1955 4 29322 29324 29730 29729
35162 1976 1508 5 29323 29325 137830 137829 131132
35163 3822 4975 4 58690 29327 29328 -1
35164 4507 4975 5 29328 29329 40296 40297 -1
35165 4507 4270 6 29329 29326 59344 57670 57669 41436
35166 4507 3822 5 59080 59081 29326 29328 -1
35167 4975 4270 4 29327 29329 41435 57357
35168 1226 1031 5 29330 29331 117714 117713 117278
35169 1226 1285 5 29331 29332 117073 117074 117524
35170 1194 1285 7 29332 29333 117696 126119 138976 138884 117134
35171 1194 1031 6 29333 29330 117280 117151 117152 117510
35172 1285 1031 5 29331 29333 117695 125018 117715
35173 709 868 4 29334 29335 29861 124761
35174 857 868 5 29335 29336 124684 128056 29863
35175 1456 1404 4 29337 29338 124877 129187
35176 1456 1387 8 29338 29339 115771 139243 138057 138055 137788 124876
35177 1342 1387 8 29339 29340 127801 139242 139253 139254 139251 115772
35178 1342 1404 9 29340 29337 124878 124747 124600 124599 139281 139274 127799
35179 1342 1456 4 29337 29339 115770 139172
35180 1387 1404 5 29338 29340 127800 117137 117135
35181 2093 2121 6 29341 29342 116609 116555 116541 116542
35182 2093 2320 4 29342 29343 115024 116352
35183 2076 2121 6 29344 29341 116161 116163 116440 82435
35184 2076 2093 4 29341 29343 115025 116350
35185 2320 2121 6 29342 29344 82436 115225 115227 116281
35186 881 1036 7 29345 29346 124636 125007 124990 124991 125089
35187 1024 930 9 29347 29348 117381 124961 124891 124889 124777 124778 124938
35188 1024 1036 6 29348 29345 124935 124780 118204 117379
35189 1024 881 7 29345 29347 116919 116918 124981 124982 125090
35190 930 1036 3 29346 29348 117380
35191 1187 1267 4 29350 29351 117519 123748
35192 1400 1267 9 29351 29352 123345 117393 117394 117462 139000 117133 117132
35193 1267 1330 4 29350 29352 123428 123799
35194 1226 1503 4 29353 29354 117075 117073
35195 1542 1503 6 29354 29355 117491 117109 117108 117114
35196 1503 1194 5 29353 29355 117606 138885 117134
35197 2166 2041 4 29356 29357 29828 119366
35198 2166 2007 4 29357 29358 117174 29829
35199 2039 2041 5 29359 29356 119368 114029 114028
35200 2126 1894 4 29360 29361 117479 117415
35201 1807 1894 6 29361 29362 117499 117290 117288 119250
35202 103 546 4 29364 29365 122251 123990
35203 401 546 9 29365 29366 106807 109317 105862 105859 123833 123975 122253
35204 401 132 5 29366 29363 109276 109275 106806
35205 401 103 6 29363 29365 122252 124097 124176 123318
35206 2277 2328 8 29367 29368 139416 140701 140493 29514 29515 115370
35207 2159 2328 6 29369 29367 115371 116708 114548 114550
35208 2231 2328 5 29368 29369 113994 113991 139358
35209 1395 1213 4 29371 29372 129831 129832
35210 1213 1212 5 29370 29372 136466 127745 127747
35211 1515 1711 4 29373 29374 123359 117795
35212 849 704 5 29376 29377 123913 123912 129736
35213 849 658 5 29377 29375 124107 124109 130075
35214 849 780 6 29375 29376 129946 130017 129202 129204
35215 2260 2214 8 29378 29379 136390 118843 118844 136408 136409 136500
35216 1950 2214 3 29381 29378 136577
35217 1950 2260 5 29378 29380 135218 135217 136545
35218 1888 2214 8 29379 29381 136524 136432 133389 133390 135332 135333
35219 1734 1900 8 29382 29383 136645 129350 128024 128025 138677 138678
35220 1734 1660 4 29383 29384 136482 136644
35221 1775 1660 6 29384 29385 138028 30531 30532 136483
35222 1775 1900 4 29385 29382 138690 138755
35223 1775 1734 7 29382 29384 127774 63605 63607 138786 138689
35224 1536 1791 4 29386 29387 118896 140774
35225 1536 1607 5 29387 29388 140816 140809 118895
35226 1629 1607 6 29388 29389 114731 114732 114708 114709
35227 1629 1791 5 29389 29386 140708 140709 140775
35228 1629 1536 5 29386 29388 140716 139915 139914
35229 1607 1791 7 29387 29389 139638 139637 140813 140812 118897
35230 1204 946 4 29390 29391 127399 127400
35231 1204 1169 9 29391 29392 127277 127275 139763 127881 126045 126046 127444
35232 1207 1169 5 29392 29393 127537 127534 127539
35233 1207 946 5 29393 29390 127556 127555 127557
35234 1207 1204 6 29390 29392 127683 141077 127517 127516
35235 1169 946 5 29391 29393 127577 125994 125991
35236 1865 1716 5 29395 29396 138395 138291 137655
35237 1903 1716 6 29396 29397 131361 132562 130899 130898
35238 1903 1814 4 29397 29394 138099 131360
35239 1903 1865 4 29394 29396 138394 138098
35240 1716 1814 5 29395 29397 29732 29731 129545
35241 477 631 4 29399 29400 30765 30764
35242 477 757 7 29400 29398 130893 134812 134879 131093 131092
35243 477 316 4 29398 29399 130161 130162
35244 1069 917 5 29401 29402 130127 130717 131051
35245 943 1004 6 29403 29404 32016 32017 130133 129742
35246 998 943 4 29403 29405 129727 129743
35247 1528 1258 5 29406 29407 138624 129612 129611
35248 1528 1313 5 29407 29408 128348 138335 138333
35249 1345 1313 4 29408 29409 138277 128349
35250 1345 1258 6 29409 29406 129926 129927 138195 138194
35251 1345 1528 6 29406 29408 128347 138035 138034 138878
35252 1313 1258 7 29407 29409 138614 138146 138060 138059 138433
35253 661 671 5 29411 29412 130548 126619 126616
35254 671 598 6 29410 29412 126403 126402 130661 130662
35255 857 764 5 29413 29414 109522 109520 123662
35256 932 764 5 29414 29415 127857 128446 127715
35257 764 980 6 29413 29415 127854 127855 126737 124752
35258 461 467 6 29416 29418 127819 128461 128621 127769
35259 925 518 7 29421 29419 109714 109713 124165 124166 124116
35260 909 518 3 29420 29421 112164
35261 1853 1862 3 29423 29424 116697
35262 1853 1966 4 29424 29422 114191 114190
35263 1853 1821 7 29422 29423 116696 116647 114522 114521 114524
35264 10777 10506 5 29425 29426 142607 154863 133080
35265 10777 10837 5 29426 29427 155608 155589 142608
35266 10434 10837 5 29427 29428 154003 154527 155611
35267 10434 10506 5 29428 29425 41743 41745 154001
35268 10434 10777 4 29425 29427 155610 133079
35269 10837 10506 6 29426 29428 154002 34253 34252 142609
35270 470 449 5 29431 29432 124241 124242 124247
35271 470 561 6 29429 29431 117448 117446 117809 124273
35272 449 328 3 29430 29432 124259
35273 1196 1207 6 29433 29434 127516 127556 126226 126229
35274 1196 1305 3 29434 29435 29538
35275 1281 1207 3 29436 29433 127397
35276 466 532 5 29437 29438 126488 128504 128463
35277 512 532 4 29438 29439 125944 126489
35278 1270 1263 9 29440 29441 127509 114606 114607 127901 127488 127486 127525
35279 1270 954 6 29441 29442 127884 127885 127891 127618
35280 1056 954 5 29442 29443 126015 126012 127836
35281 1056 1263 7 29443 29440 127527 127958 128041 127415 127417
35282 1056 1270 3 29440 29442 127526
35283 954 1263 3 29441 29443 127619
35284 965 1175 5 29444 29445 127502 126164 126165
35285 965 1030 6 29445 29446 130788 130789 138886 127668
35286 958 965 6 29444 29446 129804 127661 127660 127503
35287 1030 1175 4 29445 29447 138543 127669
35288 2351 2704 5 29448 29449 29808 130057 130058
35289 2351 2731 5 29449 29450 137718 137803 29809
35290 2693 2731 11 29450 29451 57914 60559 60560 132961 140272 137439 57591 57594 137412
35291 2693 2351 5 29448 29450 137264 137265 137885
35292 1493 1649 4 29452 29453 135092 133150
35293 1493 1580 4 29453 29454 132268 132266
35294 1470 1580 6 29454 29455 133475 134963 133477 133476
35295 1580 1649 7 29453 29455 133474 134982 134797 132286 132283
35296 713 983 4 29456 29457 130170 129716
35297 713 704 4 29457 29458 30879 129962
35298 800 704 6 29458 29459 123912 123436 123433 30881
35299 800 713 8 29456 29458 30880 111039 130138 130140 130131 129717
35300 704 983 7 29457 29459 129736 129945 30695 30697 130171
35301 1473 1366 5 29460 29461 138128 138550 130357
35302 1473 1372 5 29461 29462 131471 131469 138127
35303 1268 1473 4 29460 29462 131473 130358
35304 1310 1345 9 29463 29464 137747 29835 29838 138194 138277 138278 138552
35305 1310 1366 4 29464 29465 129777 129775
35306 1476 1366 7 29465 29466 138128 138125 136506 136504 138084
35307 1476 1345 4 29466 29463 138566 138565
35308 1476 1310 5 29463 29465 138546 138545 138596
35309 1366 1345 5 29464 29466 138550 138198 137748
35310 818 926 5 29468 29469 129506 126706 126709
35311 630 926 6 29469 29470 29477 129413 119515 119517
35312 630 899 3 29470 29467 29476
35313 630 818 5 29467 29469 129507 129387 129386
35314 1257 1310 6 29471 29472 129775 137747 138905 138558
35315 1257 1297 7 29472 29473 137527 138515 138078 138079 129776
35316 1084 1297 6 29473 29474 138536 138517 137805 137529
35317 1084 1310 5 29474 29471 138559 138910 138535
35318 1084 1257 5 29471 29473 137528 137681 137683
35319 775 630 7 29476 29477 123801 76803 76805 128385 129386
35320 775 926 3 29477 29475 129388
35321 1694 1685 5 29478 29479 29505 29503 136473
35322 1640 1805 6 29480 29481 138715 139483 138612 129401
35323 1640 1685 7 29481 29478 116001 116002 131522 138779 138714
35324 1805 1685 5 29479 29481 138713 63606 63608
35325 2942 2871 7 29482 29483 140327 140345 136895 60455 60456
35326 2942 3012 3 29483 29484 140125
35327 3021 3012 7 29484 29485 137330 63094 62351 62350 136978
35328 3021 2871 3 29485 29482 136946
35329 3021 2942 7 29482 29484 139975 139976 136842 60518 60517
35330 3012 2871 7 29483 29485 140000 140334 137002 137000 140300
35331 3002 3230 3 29486 29487 136684
35332 3109 3002 8 29486 29488 136800 136892 136827 136813 136815 136828
35333 3189 3230 6 29487 29489 64019 64015 64013 64049
35334 1479 1262 6 29490 29491 138847 139033 128445 128443
35335 1479 1425 9 29491 29492 136664 126060 126059 139025 139040 139088 138848
35336 1318 1425 7 29492 29493 117667 117668 138860 138859 139100
35337 1318 1262 6 29493 29490 139112 139008 129411 129410
35338 1318 1479 3 29490 29492 139131
35339 1425 1262 4 29491 29493 123813 123815
35340 1663 1628 9 29494 29495 139261 139030 137974 137973 139683 128085 124710
35341 1663 1552 5 29495 29496 139259 139318 139319
35342 1451 1552 5 29496 29497 117069 117071 129531
35343 1451 1628 5 29497 29494 116933 116932 138789
35344 1451 1663 7 29494 29496 124850 124847 141014 114579 114581
35345 1552 1628 5 29495 29497 115050 115049 139272
35346 879 771 6 29498 29499 126451 126454 127142 127143
35347 698 771 10 29501 29498 126469 126470 126651 126653 142965 127233 30513 30510
35348 698 879 4 29498 29500 132574 143307
35349 731 771 3 29499 29501 59353
35350 1611 1694 6 29502 29503 138563 138554 138553 137775
35351 1775 1685 4 29504 29505 63608 63605
35352 1775 1611 6 29502 29504 127774 136483 136611 136610
35353 1598 1810 3 29506 29507 137644
35354 1598 1823 5 29507 29508 131572 126695 126696
35355 1792 1823 9 29508 29509 137765 137789 137779 137780 137782 137784 131573
35356 1792 1810 6 29509 29506 137715 137193 127009 127008
35357 1792 1598 9 29506 29508 131571 137947 137946 138113 137659 137251 137253
35358 1222 1247 9 29510 29511 117624 117622 138968 117653 117654 138794 128381
35359 926 1247 4 29512 29510 128383 138963
35360 1037 1247 5 29511 29512 128143 127657 117638
35361 2342 2328 8 29515 29516 116583 115021 115020 114427 114424 115944
35362 2342 2329 3 29516 29513 29518
35363 2342 2277 4 29513 29515 115823 29517
35364 2328 2329 6 29514 29516 116839 116832 116831 140491
35365 2419 2342 7 29517 29518 116583 116582 115666 115665 115824
35366 2580 2824 4 29520 29521 115637 115636
35367 2580 2710 7 29521 29519 114214 114215 115802 115804 115822
35368 2580 2800 5 29519 29520 115921 115122 115121
35369 1966 2184 4 29522 29523 114972 114973
35370 2094 2142 8 29524 29525 114958 115259 115932 116765 116764 116598
35371 2094 2184 5 29525 29522 115643 115110 114957
35372 2142 2184 8 29523 29525 114956 115942 115943 115282 115281 116753
35373 1169 975 6 29528 29529 127577 127537 127535 127518
35374 1010 1169 8 29527 29529 125994 125993 126046 126047 140851 127420
35375 2265 2201 5 29531 29532 60448 60446 60525
35376 2074 2265 3 29530 29532 140076
35377 2473 3561 3 29533 29534 30026
35378 2473 3233 8 59026 29534 29535 137402 142001 142083 142084 -1
35379 3291 3233 4 29535 29536 58501 58503
35380 3291 3561 4 29536 29533 30027 59349
35381 1204 1196 6 29537 29538 127516 127400 127398 127578
35382 1204 1305 6 29538 29539 140783 139711 139712 127517
35383 1281 1204 4 29537 29539 140930 127929
35384 1415 1629 6 29541 29542 114528 127971 30085 30088
35385 1632 1629 10 29542 29543 114574 117000 114614 114616 114451 114450 114708 114530
35386 1632 1507 5 29543 29540 29556 114749 114573
35387 1632 1415 5 29540 29542 114529 114768 29555
35388 1629 1507 3 29541 29543 114572
35389 1600 1759 3 29544 29545 114843
35390 1600 1714 9 29545 29546 138212 140620 60352 60350 128387 137345 137348
35391 1571 1714 4 29546 29547 138429 138214
35392 1571 1759 4 29547 29544 114845 139819
35393 1571 1600 8 29544 29546 138213 138467 141215 114872 114873 114844
35394 1714 1759 8 29545 29547 139820 139785 139784 141174 141230 141222
35395 3114 3246 4 29549 29550 59618 59619
35396 3114 3249 5 29550 29548 59622 60536 60568
35397 3114 3260 7 29548 29549 29979 29976 59913 59425 59424
35398 1024 1338 5 29551 29552 118204 124781 118152
35399 1024 1182 5 29552 29553 124962 117381 117379
35400 1210 1024 7 29551 29553 124960 124891 124890 124807 118153
35401 1486 1507 4 29556 29554 124641 114752
35402 1341 1216 5 29559 29557 127529 128181 29897
35403 1207 1216 7 29558 29559 29896 127931 141076 127683 127539
35404 1401 1264 7 29560 29561 138640 136538 136540 139007 129424
35405 1401 1315 5 29561 29562 117318 129500 138639
35406 1213 1315 6 29562 29563 138687 127746 127745 117320
35407 1213 1264 5 29563 29560 121469 121471 138856
35408 1213 1401 9 29560 29562 117319 123606 123608 129081 139065 139019 129423
35409 1315 1264 7 29561 29563 138855 127477 127476 129449 129446
35410 1860 1797 5 29564 29565 140738 141213 141212
35411 1860 1972 6 29565 29566 140523 141211 139774 139777
35412 1841 1972 8 29566 29567 126230 126232 128193 128192 138426 138424
35413 1841 1797 8 29567 29564 141136 141135 141129 141062 141060 127705
35414 1841 1860 7 29564 29566 123483 123482 141223 141166 141165
35415 1972 1797 4 29565 29567 127472 127471
35416 1871 2025 7 29568 29569 127439 127438 29708 29709 138819
35417 1871 2097 6 29569 29570 138669 138840 139230 139141
35418 2122 2097 6 29570 29571 135563 135564 136244 136354
35419 2122 2025 4 29571 29568 139152 139166
35420 2122 1871 5 29568 29570 138668 139150 139151
35421 2097 2025 5 29569 29571 139159 138584 138583
35422 1659 1315 4 29572 29573 138769 117639
35423 1659 1520 7 29573 29574 127345 136454 138774 127630 127628
35424 1602 1520 4 29574 29575 117116 117118
35425 1602 1315 5 29575 29572 117641 138709 136717
35426 1602 1659 5 29572 29574 127346 138839 117640
35427 1520 1315 6 29573 29575 136716 138814 123997 123994
35428 1552 1456 10 29576 29577 127954 124876 124877 116650 116648 139255 139256 139263
35429 1552 1736 5 29577 29578 117092 116727 116728
35430 1713 1736 6 29578 29579 117146 138618 116545 116546
35431 1713 1456 3 29579 29576 117145
35432 1713 1552 5 29576 29578 117093 114790 114789
35433 1736 1456 6 29577 29579 117144 138056 138055 127955
35434 1855 2008 7 29581 29582 116636 115097 114410 114412 116725
35435 1855 1970 5 29582 29580 115777 116767 116635
35436 1628 1773 5 29583 29584 114656 139272 139261
35437 1766 1773 6 29584 29585 139233 139235 139174 114657
35438 1773 1926 8 29583 29585 139238 139239 115662 115663 128132 128130
35439 2645 2504 8 29586 29587 133339 139950 139934 139935 137417 137415
35440 2645 2385 4 29587 29588 140137 133340
35441 2531 2385 7 29588 29589 139843 138108 138107 137498 137497
35442 2531 2504 5 29589 29586 140065 140066 140188
35443 2531 2645 4 29586 29588 140214 140213
35444 2385 2504 6 29587 29589 140174 139696 139695 133341
35445 3404 3629 6 29591 29592 59358 59356 59614 60412
35446 3404 3474 8 29592 29590 60763 60733 59433 59432 60688 60732
35447 3404 3584 3 29590 29591 60411
35448 2380 2246 6 29593 29594 136196 135569 135570 119036
35449 2380 2151 3 29594 29595 136486
35450 2449 2151 5 29595 29596 136372 117354 117356
35451 2449 2246 3 29596 29593 119038
35452 2449 2380 7 29593 29595 136638 136808 136113 136112 119037
35453 2151 2246 6 29594 29596 136074 136076 136296 136298
35454 1944 2065 3 29597 29598 139591
35455 1944 2074 5 29598 29599 139362 139363 139592
35456 1917 2074 3 29599 29600 139816
35457 1917 1944 6 29597 29599 137549 137551 139370 139597
35458 2074 2065 9 29598 29600 139815 139881 140107 137460 137458 137714 137713
35459 2215 2006 6 29601 29602 141363 60643 60644 137444
35460 2006 2255 6 29601 29603 141872 141876 141854 141659
35461 1823 1674 8 29604 29605 137768 137751 137752 137772 137746 137662
35462 1823 1586 5 29605 29606 132304 132305 137769
35463 1577 1586 8 29606 29607 131906 131873 131556 131559 132339 135831
35464 1577 1674 4 29607 29604 131604 131603
35465 1577 1823 7 29604 29606 135830 126698 126695 137138 137140
35466 1789 2035 6 29608 29609 141203 139299 139298 138353
35467 1789 1714 5 29609 29610 139784 141173 141202
35468 1839 1714 9 29610 29611 141199 140477 140476 138212 138214 138428 139785
35469 1839 2035 7 29611 29608 138355 139772 139773 141509 141201
35470 1839 1789 4 29608 29610 139755 138354
35471 1714 2035 3 29609 29611 141200
35472 8375 8401 6 29612 29613 38953 39728 39729 40170
35473 8375 8603 5 29613 29614 40231 39855 38954
35474 8234 8603 3 29614 29615 39594
35475 8234 8401 6 29615 29612 39808 39810 40141 39593
35476 10068 9596 4 29620 29621 147881 157530
35477 9951 9596 5 29621 29622 147409 157336 147882
35478 9951 9943 4 29622 29619 155884 147407
35479 9596 9943 6 29620 29622 147408 147804 147803 157533
35480 4278 4905 4 29623 29624 58335 58397
35481 4278 4979 7 29624 29625 42392 42897 42898 58078 58334
35482 4846 4979 5 29625 29626 58260 42601 42393
35483 4846 4905 5 29626 29623 42845 42844 58333
35484 11424 11565 9 29627 29628 144333 111519 111517 125513 125511 144558 144801
35485 11424 11420 7 29628 29629 145429 144747 144652 144611 144334
35486 11092 11420 4 29629 29630 144777 145272
35487 11092 11565 4 29630 29627 144778 144776
35488 11092 11424 7 29627 29629 145424 144775 144739 144741 144807
35489 11420 11565 5 29628 29630 144729 144731 144335
35490 1625 1759 6 29631 29632 141229 141230 141232 141587
35491 1625 1444 4 29632 29633 141574 141234
35492 1469 1444 8 29633 29634 138416 138415 138496 143421 140917 140916
35493 1469 1759 7 29634 29631 141209 127317 127319 138358 138360
35494 1469 1625 7 29631 29633 141525 125942 125941 141672 141586
35495 1444 1759 4 29632 29634 138524 139693
35496 3246 3426 4 29637 29635 60736 60755
35497 3260 3426 7 29636 29637 60747 60727 60729 60818 59888
35498 3394 3371 4 29638 29639 61735 61734
35499 3394 3342 5 29639 29640 29749 62102 63095
35500 3581 3371 6 29641 29638 62321 62322 63087 62473
35501 3342 3371 7 29639 29641 62474 63082 62732 62734 62942
35502 2753 2815 5 29642 29643 137146 133351 133354
35503 2753 3007 4 29643 29644 66577 66578
35504 2986 3007 8 29644 29645 62023 62024 62929 62928 136682 136956
35505 2986 2753 5 29642 29644 136955 137153 137054
35506 3007 2815 7 29643 29645 63035 63034 136885 137068 137144
35507 3142 3329 3 29649 29647 63062
35508 3142 3210 10 29647 29648 61378 63119 61832 61829 119086 63201 63117 63114
35509 2830 2590 5 29650 29651 59690 59688 137456
35510 2830 2582 4 29651 29652 30058 30061
35511 2891 2590 4 29653 29650 137457 136954
35512 2891 2830 6 29650 29652 62051 62050 136982 136979
35513 2336 2499 6 29654 29655 137271 137272 137276 137277
35514 2336 2480 7 29655 29656 137275 133169 133170 137213 137739
35515 2516 2480 7 29656 29657 133301 66722 66721 137285 137279
35516 2516 2499 6 29657 29654 58671 58673 62659 62661
35517 2516 2336 3 29654 29656 137278
35518 2480 2499 4 29655 29657 133300 137267
35519 2641 2828 7 29658 29659 137350 137008 137009 62546 62548
35520 2641 2914 6 29659 29660 137397 137232 137233 137394
35521 2628 2828 4 29661 29658 59013 59014
35522 2628 2641 7 29658 29660 137395 137045 136907 136908 137352
35523 2914 2828 6 29659 29661 137342 137378 137067 137066
35524 2455 2735 6 29662 29663 135022 135378 136913 136041
35525 2788 2830 4 29665 29666 137091 62050
35526 2893 2830 5 29666 29667 135227 60621 60623
35527 2893 2675 4 29667 29664 60509 60510
35528 2893 2788 5 29664 29666 136898 60343 60344
35529 2830 2675 7 29665 29667 135226 62524 30059 30058 62051
35530 2623 2327 6 29668 29669 79401 63498 63499 119992
35531 2623 2783 7 29669 29670 135219 135220 135982 135566 79402
35532 2494 2783 4 29670 29671 136026 135779
35533 2494 2327 8 29671 29668 120755 120033 120032 136131 136258 136252
35534 2494 2623 3 29668 29670 135778
35535 2783 2327 4 29669 29671 136253 79403
35536 2935 3115 8 29672 29673 133405 133406 135674 135672 136031 136030
35537 2935 3142 6 29673 29674 136560 63033 63002 63000
35538 3068 3142 7 29674 29675 63024 63302 63030 63028 136561
35539 3068 2935 4 29672 29674 136559 136778
35540 1450 1383 5 29676 29677 128053 138431 138463
35541 1450 1452 8 29677 29678 141044 140885 140790 138601 138600 128054
35542 1245 1452 4 29678 29679 140872 140876
35543 1245 1383 6 29679 29676 139219 139218 115012 115011
35544 1245 1450 5 29676 29678 141053 141052 141051
35545 1452 1383 5 29677 29679 128091 128090 128055
35546 1876 1941 6 29680 29681 136274 136273 138764 138765
35547 1876 2095 4 29681 29682 123255 139093
35548 2049 2095 6 29682 29683 29685 29686 136410 123256
35549 2049 1941 4 29683 29680 138719 137515
35550 2049 1876 4 29680 29682 123254 136546
35551 2095 1941 5 29681 29683 137516 138724 139104
35552 2049 2217 8 29684 29685 137515 138720 138727 137917 135841 135840
35553 2170 2049 8 29684 29686 136411 136488 137211 137698 137697 136628
35554 2228 2329 5 29687 29688 116741 128039 115933
35555 2228 2142 4 29688 29689 116003 116742
35556 2200 2329 5 29690 29687 115935 116850 116817
35557 2200 2228 6 29687 29689 116004 116733 138672 115934
35558 1853 1977 8 29691 29692 114632 63217 63218 114192 114191 114524
35559 1853 1933 6 29692 29693 29825 114175 114664 114633
35560 1816 1933 6 29693 29694 114743 116624 116373 29827
35561 1816 1853 4 29691 29693 29826 114521
35562 1933 1977 5 29692 29694 114669 114653 114634
35563 1736 1705 8 29695 29696 127742 139134 139132 138589 124584 124585
35564 1736 1588 4 29696 29697 136066 127743
35565 1503 1588 9 29697 29698 138997 117493 117490 117109 117110 116959 116958
35566 1503 1705 3 29698 29695 138999
35567 1503 1736 6 29695 29697 138617 117146 117144 138616
35568 2737 2973 5 29699 29700 140480 140513 115468
35569 2737 3050 4 29700 29701 59875 140029
35570 2855 2973 7 29702 29699 115469 137918 65884 65886 139403
35571 3050 2973 6 29700 29702 60378 60380 116785 140481
35572 1931 2051 6 29703 29704 139515 139310 116740 116738
35573 1931 1819 6 29704 29705 116859 117049 140910 140737
35574 1864 1819 8 29705 29706 114899 114775 114618 114617 114730 116533
35575 1864 1931 3 29703 29705 116860
35576 1819 2051 4 29704 29706 114981 140462
35577 1873 2025 3 29709 29710 117102
35578 1873 2017 5 29710 29707 116758 116760 117101
35579 2025 2017 5 29708 29710 117100 124764 124763
35580 2063 1725 4 29711 29712 113958 115114
35581 2063 1902 10 29712 29713 116279 115091 115092 115100 115140 114970 114969 113959
35582 1835 1902 4 29713 29714 112834 116511
35583 1835 2063 4 29711 29713 116510 115115
35584 1902 1725 6 29712 29714 112833 112836 114121 113960
35585 2331 2187 8 29715 29716 29839 137931 136530 136531 137700 136370
35586 2193 2145 7 29717 29718 141339 141475 29721 29722 139778
35587 2193 2350 3 29718 29719 141340
35588 2073 2145 5 29720 29717 139678 137408 137407
35589 2073 2193 6 29717 29719 141279 137015 137017 139781
35590 2193 2028 4 29722 29723 141423 139779
35591 2035 2028 6 29723 29724 139691 141206 141205 141264
35592 2035 2145 6 29724 29721 141373 141254 141252 139690
35593 2035 2193 8 29721 29723 141478 141479 141481 141483 141486 141480
35594 2028 2145 5 29722 29724 139689 141148 139780
35595 2464 2731 5 29725 29726 137374 137375 137803
35596 1951 1975 6 29728 29729 30211 138474 138475 137404
35597 1955 2203 7 29730 29727 141870 141350 141349 141788 141787
35598 1975 2203 6 29728 29730 131275 131277 138400 137405
35599 1814 1741 8 29732 29733 138364 132301 132302 137476 137477 131360
35600 1671 1741 8 29733 29734 132563 137684 137685 131314 127214 127212
35601 1671 1716 7 29734 29731 129547 138103 30403 30400 132562
35602 1671 1814 4 29731 29733 138365 129546
35603 1741 1716 3 29732 29734 131361
35604 1957 1812 5 29735 29736 115542 115545 114462
35605 1957 1861 4 29736 29737 116235 117760
35606 2071 1861 6 29737 29738 116240 116076 115253 115252
35607 2071 1812 3 29738 29735 114464
35608 2071 1957 7 29735 29737 116236 116547 116549 116515 114463
35609 1086 1178 4 29739 29740 140865 126096
35610 1086 1128 5 29740 29741 125985 140821 140864
35611 955 1128 5 29741 29742 126035 125828 125827
35612 955 1178 6 29742 29739 126097 128138 128136 128096
35613 955 1086 6 29739 29741 125986 128142 125312 125311
35614 1128 1178 6 29740 29742 128095 128214 139498 139499
35615 2709 2691 5 29743 29744 114312 114313 115816
35616 2709 2851 4 29744 29745 115659 116107
35617 2692 2851 6 29745 29746 115866 115401 115402 115660
35618 2692 2691 7 29746 29743 115153 29845 29847 115244 115887
35619 2692 2709 5 29743 29745 115658 115897 115817
35620 3601 3609 7 29748 29747 64089 63812 63551 63552 62168
35621 3394 3521 4 29749 29750 62327 62101
35622 2692 2890 10 29751 29752 115401 115865 115244 115245 116203 116167 112749 81988
35623 2692 2677 8 29752 29753 115400 115398 115656 116209 116105 115402
35624 2706 2677 7 29753 29754 115309 115238 115236 115308 115345
35625 2706 2890 6 29754 29751 81990 115706 115541 115540
35626 2706 2692 3 29751 29753 81989
35627 2677 2890 3 29752 29754 115403
35628 2737 2657 4 29755 29756 115468 140514
35629 2855 2657 4 29756 29757 140472 115469
35630 2657 2552 8 29755 29757 140443 63199 63198 136948 140409 140408
35631 2573 2749 3 29758 29759 141247
35632 2573 2647 7 29759 29760 60529 60527 140059 141274 141271
35633 2627 2647 6 29760 29761 141311 140242 140243 140021
35634 2627 2573 5 29758 29760 137229 137228 139909
35635 2647 2749 6 29759 29761 141310 141347 141391 141272
35636 619 1066 7 29762 29763 141195 34503 30898 30899 143310
35637 619 1000 3 29763 29764 143629
35638 851 619 6 29762 29764 143285 143284 143409 143309
35639 1000 1066 5 29763 29765 140830 143300 143388
35640 363 714 4 29766 29767 125785 34694
35641 363 659 3 29767 29768 110805
35642 481 659 6 29768 29769 125933 125932 125384 110806
35643 481 714 4 29769 29766 34695 126048
35644 481 363 8 29766 29768 110804 114352 29931 29930 114833 34693
35645 659 714 6 126241 29767 29769 125983 125982 -1
35646 1105 833 8 29770 29771 132569 143364 143398 138417 131279 109867
35647 1105 788 5 29771 29772 126149 138254 132568
35648 854 1105 3 29770 29772 109868
35649 2861 2918 6 29773 29774 64126 137001 140153 120015
35650 2861 2720 6 29774 29775 136863 136864 140315 64127
35651 2878 2720 5 29775 29776 140081 140080 136965
35652 2878 2861 5 29773 29775 136964 140018 120014
35653 2720 2918 6 29774 29776 140116 60577 60579 64128
35654 669 587 11 29777 29778 130935 143043 143211 143275 142546 138274 138275 142462 142463
35655 669 611 3 29778 29779 130936
35656 960 611 5 29779 29780 143125 142927 142663
35657 960 587 5 29780 29777 142888 143182 143184
35658 960 669 8 29777 29779 126969 126971 143194 141498 141500 142887
35659 611 587 7 29778 29780 143185 143295 143175 130367 130369
35660 2070 2029 8 29781 29782 141336 141337 141671 126110 126113 137703
35661 2070 2201 4 29782 29783 141158 141159
35662 2229 2029 5 29784 29781 137705 139697 139564
35663 2229 2070 4 29781 29783 141422 137704
35664 2201 2029 6 29782 29784 139565 139872 138607 138606
35665 2718 2488 6 29786 29787 138423 132850 127674 127675
35666 2718 2679 5 29787 29785 140078 140039 138421
35667 2718 2705 7 29785 29786 140223 140279 140293 140308 140289
35668 2893 3158 5 29788 29789 136886 115579 115580
35669 2893 3142 4 29789 29790 137050 136961
35670 3198 3142 5 29790 29791 63117 63118 137051
35671 3198 2893 4 29788 29790 137048 136957
35672 3142 3158 4 29789 29791 63201 119084
35673 3514 3426 5 29793 29792 60797 60766 60145
35674 2521 2526 3 29794 29795 114754
35675 2501 2526 8 29796 29794 115311 115217 114593 114592 115082 113943
35676 1359 1726 4 141118 29798 29799 -1
35677 1477 1726 6 29799 29800 30839 126179 126177 -1
35678 1477 1411 6 29800 29797 127310 127493 140880 30837
35679 1477 1359 5 30187 30186 29797 29799 -1
35680 1726 1411 4 29798 29800 30838 128178
35681 2284 2698 4 29801 29802 116449 118302
35682 2251 2698 3 29802 29803 116450
35683 2404 2057 3 29804 29805 136083
35684 2404 2317 9 29805 29806 136766 136769 136763 136385 136386 136227 136084
35685 2258 2317 4 29806 29807 120048 136283
35686 2258 2057 6 29807 29804 136266 136267 119582 119581
35687 2258 2404 8 29804 29806 136764 136388 136225 135074 135073 136627
35688 2317 2057 8 29805 29807 120047 134922 136279 136280 136363 136085
35689 2351 2426 7 29808 29809 137818 137206 137205 137454 136515
35690 2421 2417 4 29811 29812 136938 116602
35691 2368 2417 6 29812 29813 140429 140437 140456 136987
35692 2368 2548 4 29813 29810 139988 139990
35693 2368 2421 6 29810 29812 136986 140371 140394 140396
35694 2417 2548 9 29811 29813 140427 116996 116995 116823 116824 63319 63321
35695 3167 3193 11 29814 29815 61165 61161 42038 42039 82323 82412 82354 60239 60240
35696 3167 3636 4 29815 29816 59905 61051
35697 3670 3636 8 29816 29817 81993 82276 81704 59388 59390 59907
35698 3670 3193 4 29817 29814 61069 81975
35699 3670 3167 4 29814 29816 59906 61068
35700 3636 3193 6 29815 29817 81992 82375 82373 61166
35701 4754 4539 6 29818 29819 68740 69466 57036 57039
35702 4754 4822 6 29819 29820 69262 69792 69556 68741
35703 4817 4822 4 29820 29821 68155 68156
35704 4817 4539 7 29821 29818 69278 67804 61268 61269 69554
35705 4817 4754 4 29818 29820 55447 55449
35706 4822 4539 5 29819 29821 69548 69546 68742
35707 3200 3073 3 29823 29824 63304
35708 1853 1700 7 29825 29826 114522 116292 116295 114734 114176
35709 1700 1933 3 29825 29827 114177
35710 2166 2280 8 29828 29829 116026 115846 115847 119064 119067 119372
35711 2007 2280 3 29829 29830 117175
35712 2280 2041 7 29828 29830 118429 113527 113526 119252 119371
35713 2158 2252 6 29831 29832 136507 137736 137975 137933
35714 2049 2326 4 29833 29834 135839 135841
35715 2049 2252 5 29834 29831 137695 137697 137482
35716 2049 2158 6 29831 29833 137917 138681 137938 137934
35717 2326 2252 5 29832 29834 136534 136533 136509
35718 1164 1310 6 29835 29836 129665 138910 138907 138905
35719 1164 1172 6 29836 29837 138657 129328 129329 129666
35720 1345 1172 3 29837 29838 138195
35721 1172 1310 6 29836 29838 138193 138512 138511 129667
35722 2301 2187 5 29839 29840 137561 30035 30033
35723 4170 4059 4 29841 29842 80586 60108
35724 4130 4293 6 29843 29844 70470 81066 81067 81115
35725 4130 4059 7 29844 29841 60110 70913 71743 71742 70469
35726 4130 4170 5 29841 29843 73103 70849 60109
35727 2691 2563 4 29845 29846 115888 115152
35728 2691 2778 5 29846 29847 82990 82991 115889
35729 2692 2778 6 29847 29848 82132 114037 116204 115245
35730 2692 2563 7 29848 29845 115154 115809 116153 116102 82130
35731 2778 2563 7 29846 29848 82131 116158 113686 113688 114576
35732 2855 2963 6 29849 29850 115433 115470 115471 115123
35733 2855 3052 5 29850 29851 113913 82463 82464
35734 3170 2963 4 29852 29849 82395 82336
35735 3052 2963 5 29850 29852 59700 59702 115434
35736 2853 2791 7 29853 29854 140601 140012 140013 137512 60300
35737 2853 2745 3 29854 29855 140598
35738 2977 2745 7 29855 29856 139999 139998 140180 140181 140595
35739 2977 2791 3 29856 29853 60302
35740 2977 2853 5 29853 29855 115571 115573 60301
35741 2745 2791 9 29854 29856 140381 139270 139269 139942 82456 82455 140602
35742 2853 2983 7 29857 29858 140651 115570 115573 60399 60400
35743 3080 2681 4 29859 29860 140074 140467
35744 3080 2983 6 29860 29857 115604 114900 114394 114391
35745 3080 2853 5 29857 29859 60212 60114 60115
35746 2681 2983 4 29858 29860 140073 140643
35747 709 799 8 29861 29862 128318 126033 126034 128306 124665 124663
35748 857 799 4 29862 29863 128097 128099
35749 799 868 5 29861 29863 128324 128531 124762
35750 1606 1578 3 29864 29865 114770
35751 1606 1393 5 29865 29866 29940 29939 139923
35752 1571 1393 6 29866 29867 140957 139503 139502 141215
35753 1571 1606 7 29864 29866 138467 127226 127225 141055 114769
35754 1393 1578 6 29865 29867 141009 141065 141073 140612
35755 1287 1171 7 29868 29869 114256 114259 126216 126217 126021
35756 1145 1171 5 29871 29868 126023 140685 140256
35757 1145 1287 5 29868 29870 125931 126183 126022
35758 1354 1171 5 29869 29871 140257 140814 128195
35759 1289 1148 5 29872 29873 130853 130851 137600
35760 1125 1110 6 29874 29875 129853 129856 138016 138017
35761 1125 1148 7 29875 29872 137602 131198 131197 129898 129897
35762 1125 1289 3 29872 29874 137601
35763 1981 2143 4 29877 29878 141360 137431
35764 2073 2143 5 29878 29879 127169 141800 141361
35765 2073 1863 10 29879 29876 141471 141472 141680 141679 141675 141670 141657 127167
35766 2073 1981 6 29876 29878 141359 141722 141774 141669
35767 3360 3284 8 29882 29880 29906 59611 59610 59585 30107 30106
35768 3544 3202 5 29883 29884 59475 59439 59437
35769 1254 1183 4 29885 29886 124734 125005
35770 1319 1183 5 29887 29885 125006 124804 117787
35771 1485 1183 5 29886 29887 117786 117523 117525
35772 866 621 4 29888 29889 125960 125987
35773 866 705 6 29889 29890 31177 124844 126194 125961
35774 600 705 4 29890 29891 126272 31178
35775 600 621 6 29891 29888 29900 29899 126108 126270
35776 600 866 5 29888 29890 31176 127545 126133
35777 705 621 5 29889 29891 126271 126240 125962
35778 583 928 9 29892 29893 125075 125354 125224 125222 125402 125393 124391
35779 583 635 3 29893 29894 125076
35780 558 928 4 29895 29892 111360 111362
35781 558 583 7 29892 29894 125241 125240 125410 125395 124392
35782 635 928 7 29893 29895 112755 112754 125154 123039 123038
35783 1305 1216 3 29896 29897 127932
35784 600 727 6 29898 29900 126133 127546 127848 128507
35785 1820 1726 7 29901 29902 140689 140903 140964 140631 139413
35786 1820 1607 5 29902 29903 140800 140812 140688
35787 2100 1726 4 29904 29901 139414 -1
35788 2100 1820 4 29901 29903 115008 115007
35789 1607 1726 4 140690 29902 29904 -1
35790 3418 3360 3 29905 29906 59591
35791 3404 3372 4 29909 29907 60735 59581
35792 3404 3391 4 29907 29908 60733 60785
35793 2645 2720 7 29910 29911 140213 137415 137416 140230 60577
35794 2645 2565 6 29911 29912 139571 139569 140137 140214
35795 2693 2565 8 29912 29913 140329 29934 29933 139961 139959 140024
35796 2693 2720 4 29913 29910 60579 137843
35797 2693 2645 7 29910 29912 140217 140227 140274 140152 60578
35798 2565 2720 5 29911 29913 140316 140315 140215
35799 2661 2581 5 29914 29915 140010 140269 137465
35800 2661 2679 7 29915 29916 60489 60487 137057 140183 140009
35801 2528 2679 3 29916 29917 137502
35802 2528 2661 8 29914 29916 139862 138370 30221 30223 139837 137464
35803 2679 2581 7 29915 29917 137501 140039 140038 139932 139931
35804 2215 1951 3 29918 29919 137404
35805 2215 2143 8 29919 29920 141886 141658 137444 137445 141884 141878
35806 2203 2215 7 29918 29920 141885 141903 133307 133309 137405
35807 3176 3137 3 29921 29922 59682
35808 3169 3137 8 29923 29921 59643 59644 59684 59686 60550 58885
35809 2946 3137 6 29922 29923 58860 58861 59477 59476
35810 822 1432 7 29924 29925 141863 141865 143265 142216 41598
35811 2233 1432 5 29926 29924 41599 127385 132672
35812 1596 1432 3 29925 29926 142330
35813 5408 5259 5 29928 29929 54471 67301 54544
35814 5408 5341 7 29929 29927 67440 67596 67635 67387 54469
35815 5408 5153 6 29927 29928 54542 66989 58226 58228
35816 195 481 4 29931 29932 30786 125831
35817 2565 2707 6 29934 29935 140011 140295 136836 136835
35818 2508 2707 4 29935 29936 30057 62696
35819 2508 2693 4 29936 29933 137654 30056
35820 2508 2565 6 29933 29935 137508 59698 59696 137489
35821 2707 2693 5 29934 29936 30055 60511 140330
35822 1359 1600 5 29937 29938 139920 140745 124597
35823 1359 1606 5 29938 29939 139921 127313 127314
35824 1393 1600 6 29940 29937 29973 29972 127423 141215
35825 1393 1359 6 29937 29939 139922 59749 59751 124598
35826 1606 1600 7 29938 29940 138467 138466 140620 126378 126377
35827 3917 3950 4 29942 29943 59178 60188
35828 3797 3950 5 29943 29944 60761 60968 59179
35829 3797 3917 5 29941 29943 59177 61042 60896
35830 2644 2529 7 29946 29947 138332 140301 60491 60492 60332
35831 2424 2529 4 29947 29948 137509 137511
35832 2424 2531 8 29948 29945 140380 115161 115163 135893 135892 140001
35833 2424 2644 5 29945 29947 138331 63251 63252
35834 2529 2531 3 29946 29948 60333
35835 2819 2617 6 29949 29950 138322 138323 140627 136643
35836 2819 2613 4 29950 29951 140071 139663
35837 2718 2613 5 29951 29952 60272 140565 140072
35838 2718 2617 5 29952 29949 60298 60297 60271
35839 2718 2819 5 29949 29951 80706 80705 136116
35840 2613 2617 6 29950 29952 30019 30018 59457 59458
35841 3190 3712 4 29954 29955 57726 58368
35842 3374 3712 5 29955 29956 42874 42439 42437
35843 3374 3159 5 29956 29953 58961 58363 58283
35844 3082 3289 8 29957 29958 30302 57987 142013 59538 59537 57236
35845 3082 3324 3 29958 29959 30299
35846 3171 3082 5 29957 29959 30300 58702 57237
35847 3435 3561 7 29960 29961 59829 59820 59821 59709 59664
35848 3435 3686 5 29961 29962 59059 59483 59818
35849 3324 3561 5 29963 29960 58916 58121 57627
35850 3324 3435 6 29960 29962 59060 59544 58738 58737
35851 1454 1424 8 29964 29965 134953 135628 135256 133920 133921 49720
35852 1454 1272 3 29965 29966 134934
35853 1100 1272 6 29966 29967 134770 134625 133479 133478
35854 1100 1424 4 29967 29964 49722 134794
35855 1100 1454 7 29964 29966 134775 134458 134457 134920 49721
35856 1272 1424 5 29965 29967 133822 133821 134937
35857 3338 3252 5 29968 29969 62553 58939 58937
35858 3338 3247 4 29969 29970 59640 62552
35859 3383 3252 4 29971 29968 62108 58887
35860 3247 3252 6 29969 29971 58886 62574 62514 62515
35861 1600 1131 5 29973 29974 140616 141125 124597
35862 1151 1393 3 29975 29972 127424
35863 1151 1600 7 29972 29974 140615 143102 141221 59768 59767
35864 1131 1393 5 29973 29975 127917 127916 124598
35865 3176 3260 7 29976 29977 59902 58924 58925 59809 59911
35866 3114 3169 6 29978 29979 59619 59617 59715 59716
35867 3114 3176 3 29976 29978 59912
35868 3169 3260 4 29977 29979 60162 59904
35869 2685 2645 9 29980 29981 140267 140230 137354 137355 140274 30108 30109
35870 2685 2595 7 29981 29982 63135 140162 140198 140197 140268
35871 2414 2595 6 29982 29983 140079 139926 60495 60494
35872 2414 2645 5 29983 29980 139845 139844 140184
35873 2414 2685 4 29980 29982 63136 137357
35874 2595 2645 5 29981 29983 139933 139935 140220
35875 3022 3082 5 29984 29985 59783 58705 58706
35876 3022 2926 8 29985 29986 59812 59813 139715 140122 141387 140056
35877 3152 2926 4 29986 29987 140128 59864
35878 3152 3082 6 29987 29984 59474 57236 57237 58701
35879 3152 3022 5 29984 29986 59863 59673 59473
35880 2926 3082 5 29985 29987 30268 30269 34684
35881 2146 1981 6 29989 29990 30153 62550 141359 141360
35882 1959 1981 4 29990 29991 60661 30155
35883 1959 1951 4 29991 29988 141750 60660
35884 2965 3126 8 29994 29995 137302 66541 66539 59016 59017 137318
35885 2965 3053 8 29995 29996 60662 60665 141455 137336 137334 137303
35886 3067 3053 6 29996 29997 62345 60678 60679 62505
35887 3067 3126 6 29997 29994 60439 60441 62388 62387
35888 3067 2965 5 29994 29996 137326 137364 137319
35889 3053 3126 4 29995 29997 58527 58526
35890 2946 2795 7 30001 30002 138235 138236 141762 141320 141249
35891 2795 2943 4 30000 30002 141880 59393
35892 3151 3018 8 30004 30005 137921 137922 59533 59534 59765 30280
35893 3151 3041 6 30005 30003 59733 60582 60583 140051
35894 3151 3202 6 30003 30004 30279 59460 59463 59462
35895 3194 3053 5 30006 30007 137336 141456 57604
35896 3216 3053 8 30007 30008 60651 61790 62345 58527 58528 137334
35897 3053 2946 7 30006 30008 60650 60664 60665 141918 57606
35898 1107 788 8 30011 30012 142845 138254 138253 131090 130627 34442
35899 807 788 4 30013 30011 34443 126944
35900 1132 788 4 30012 30013 126943 142434
35901 154 87 5 30014 30015 126892 126893 128709
35902 154 43 7 30015 30016 128640 111234 111236 144758 128516
35903 312 87 5 30017 30014 128576 128575 128529
35904 312 154 7 30014 30016 111069 111066 124184 128599 128708
35905 2617 2607 5 30019 30020 115532 115535 60271
35906 2430 2607 7 30020 30021 139913 139911 140176 140178 140195
35907 2430 2613 4 30021 30018 141187 140342
35908 2430 2617 5 30018 30020 115518 115519 140464
35909 2607 2613 5 30019 30021 140343 140567 60272
35910 1472 822 3 30022 30023 141863
35911 1472 1596 6 30023 30024 138185 138183 142611 142330
35912 844 1596 4 30024 30025 142105 142104
35913 844 822 8 30025 30022 141865 143264 142746 142676 142164 142150
35914 844 1472 7 30022 30024 142610 142804 142805 143111 141864
35915 2197 2098 6 30028 30029 116589 140621 60971 60972
35916 2197 2256 6 30029 30030 140531 140507 115457 115456
35917 1896 2256 4 30030 30031 139766 139767
35918 1896 2098 5 30031 30028 140573 123484 123485
35919 1896 2197 5 30028 30030 140532 140574 140572
35920 2256 2098 5 30029 30031 138425 138427 116590
35921 2211 2301 9 30032 30033 137930 137879 134859 30150 30148 137496 138010
35922 2211 2187 4 30033 30034 137195 137931
35923 2026 2301 4 30035 30032 138008 137562
35924 2108 2179 5 30036 30037 136568 137182 132298
35925 2108 2090 6 30037 30038 132205 60605 60603 133216
35926 2460 2090 6 30038 30039 133185 133186 137295 132206
35927 2460 2179 5 30039 30036 132299 133394 133393
35928 2090 2179 6 30037 30039 66427 66429 66366 66365
35929 2297 1840 5 30041 30042 66432 132946 141217
35930 2297 1946 3 30042 30040 66431
35931 2297 1978 6 30040 30041 141216 132667 132669 137410
35932 1366 1108 4 30045 30046 137062 138556
35933 1093 1108 6 30047 30045 138561 130332 30551 30552
35934 1268 1108 4 30046 30047 33723 33722
35935 2596 2281 4 30049 30050 137451 137452
35936 2682 2828 7 30051 30052 62546 30230 30231 66803 141924
35937 2682 2608 7 30052 30053 133363 137231 30224 30226 62547
35938 2931 2608 5 30053 30054 33760 33759 133364
35939 2931 2828 8 30054 30051 141933 136739 136740 137386 137342 59014
35940 2931 2682 3 30051 30053 133362
35941 2608 2828 4 30052 30054 59013 62548
35942 2675 2693 8 30055 30056 137653 137851 137885 136651 136650 60509
35943 2707 2675 6 30055 30057 60493 60490 135226 60510
35944 2675 2503 6 30059 30060 60554 137590 137589 62523
35945 2582 2503 7 30060 30061 136470 133408 133409 136738 60556
35946 2503 2830 4 30059 30061 59690 59687
35947 2577 1596 4 30063 30064 142417 141845
35948 2233 2509 5 30065 30062 141844 58324 58325
35949 2233 2577 4 30062 30064 142410 141843
35950 1596 2509 5 30063 30065 142219 132723 132721
35951 9855 9860 7 30066 30067 153088 152984 152985 152996 152909
35952 9855 10094 5 30067 30068 153057 153055 153089
35953 9780 10094 4 30068 30069 30706 30705
35954 9780 9860 4 30069 30066 152911 152455
35955 10094 9860 5 30067 30069 152454 152765 152764
35956 1116 1259 6 30070 30071 127528 127542 127530 127531
35957 1141 1116 8 30070 30072 127429 126228 126227 127157 127156 127533
35958 1341 1259 8 30071 30073 127421 127960 127375 127374 128182 127529
35959 4490 4224 6 30075 30076 66957 66958 67010 62760
35960 4490 4705 4 30076 30074 34168 34167
35961 4490 4278 5 30074 30075 62759 66508 66742
35962 4182 4193 9 30077 30078 59314 59164 59165 59310 59287 58792 58793
35963 4182 4458 4 30078 30079 57474 59315
35964 4454 4193 5 30080 30077 59056 59055 60056
35965 4454 4182 4 30077 30079 57475 59361
35966 4458 4193 4 30078 30080 59974 59316
35967 2479 2392 4 30081 30082 141142 141140
35968 2479 2617 6 30082 30083 59456 59457 140464 140465
35969 2546 2617 4 30083 30084 115537 140636
35970 2546 2392 9 30084 30081 141510 140649 140530 140529 140406 140362 115536
35971 2546 2479 7 30081 30083 140094 140092 140069 140068 141488
35972 2617 2392 6 30082 30084 115533 115532 115518 115517
35973 1420 1415 7 30085 30086 140553 140893 140900 140858 127970
35974 1420 1581 8 30086 30087 140869 139633 139632 127927 127928 128183
35975 1629 1581 8 30087 30088 114572 114574 117001 139323 140905 140870
35976 1629 1420 3 30085 30087 127969
35977 1581 1415 3 30086 30088 114757
35978 2587 2844 5 30090 30091 141171 30137 30135
35979 2781 2844 5 30091 30092 141325 141150 141151
35980 2781 2749 4 30092 30089 141347 141346
35981 2781 2587 5 30089 30091 141292 141314 141390
35982 1612 1720 3 30093 30094 30341
35983 1516 1748 3 30095 30096 141021
35984 1516 1720 5 30096 30093 58497 138063 141020
35985 1516 1612 8 30093 30095 141554 141553 58904 30363 30365 58496
35986 1748 1720 8 30094 30096 140720 140388 31431 31433 139382 30343
35987 3242 3325 6 30097 30098 59753 59759 59461 59459
35988 3242 3333 8 30098 30099 59302 59301 59761 59852 59652 59650
35989 3418 3333 5 30099 30100 57180 57673 59289
35990 3333 3325 4 30098 30100 57179 59754
35991 3510 3284 5 30103 30101 59303 59612 59611
35992 3510 3242 3 30101 30102 59302
35993 3087 3233 7 30104 30105 140557 140556 30123 30122 57566
35994 3284 3233 4 30107 30104 57568 59584
35995 3284 3087 6 30104 30106 58766 58765 59867 57567
35996 3360 3233 8 140592 140591 30105 30107 59583 58829 58831 -1
35997 2685 2406 3 30109 30110 137357
35998 2596 2645 3 30111 30108 140227
35999 2596 2685 9 30108 30110 63136 63135 140163 140119 140121 140231 140273
36000 2406 2645 6 30109 30111 140217 139571 139570 139845
36001 256 5 6 30112 30113 131805 131808 34539 34540
36002 256 364 5 30113 30114 127637 127638 131804
36003 115 5 6 30115 30112 127059 131798 131742 131508
36004 364 5 4 30113 30115 129857 129859
36005 3713 3887 3 30116 30117 58175
36006 3713 3898 5 30117 30118 57889 58421 58355
36007 3723 3898 4 30118 30119 57761 57890
36008 3723 3887 9 30119 30116 58144 58143 57885 57884 60847 60845 57760
36009 3898 3887 5 30117 30119 57759 41234 41231
36010 2957 2767 8 30120 30121 30266 30267 141888 142040 142041 142058
36011 2957 3087 4 30121 30122 138378 59858
36012 3233 2767 4 30123 30120 59023 59025
36013 9710 9892 5 30125 30126 153624 153625 153952
36014 9704 9892 4 30126 30127 39983 39981
36015 9892 9767 5 30125 30127 153337 153693 153692
36016 717 702 5 30128 30129 127621 130749 130687
36017 507 717 6 30128 30130 126262 126957 127076 127077
36018 1609 966 8 30131 30132 66823 132782 132780 142468 142467 142569
36019 1609 1670 5 30132 30133 58413 42634 42635
36020 1744 966 7 30134 30131 141703 141702 132595 132590 132589
36021 1744 1609 7 30131 30133 66734 66733 42850 42849 142571
36022 1670 966 4 30132 30134 34115 34112
36023 2587 2856 6 30135 30136 126142 141386 141312 141265
36024 2587 2785 8 30136 30137 140311 140309 141281 141440 140083 126143
36025 2844 2785 3 30137 30138 116878
36026 2785 2856 6 30136 30138 116876 116777 116776 126144
36027 2819 2940 6 30139 30140 138323 138321 139957 140538
36028 2819 2773 3 30140 30141 140627
36029 2863 2773 6 30141 30142 140597 140596 60299 60296
36030 2863 2940 4 30142 30139 140564 140611
36031 2863 2819 8 30139 30141 136643 136116 136115 140005 140103 140105
36032 2773 2940 8 30140 30142 140609 137422 137421 140624 140053 140055
36033 2225 2065 6 30143 30144 139489 139839 140109 139858
36034 2225 1879 7 30144 30145 114706 140614 140613 140046 139488
36035 1880 1879 5 30145 30146 138191 138189 114707
36036 1880 2065 6 30146 30143 139771 138581 138580 139769
36037 1880 2225 6 30143 30145 114705 128194 141512 139859
36038 1879 2065 5 30144 30146 139817 139834 139490
36039 2420 2211 3 30147 30148 137494
36040 2420 2301 7 30148 30149 136018 136019 137513 137503 137495
36041 2467 2301 3 30149 30150 134861
36042 2467 2211 6 30150 30147 139941 139968 137686 134860
36043 10588 10823 7 30152 30151 145355 148213 148215 148203 148201
36044 2146 2056 4 30153 30154 137003 62549
36045 1981 2056 5 30155 30153 62551 141774 141780
36046 1959 2056 4 30154 30155 141786 137258
36047 3361 3397 3 30159 30160 58942
36048 3361 3325 6 30158 30159 58940 59796 57179 57178
36049 4480 4714 6 30161 30162 43065 67012 66743 66744
36050 2400 2287 6 30165 30166 141156 141157 141257 126857
36051 2400 2350 3 30166 30164 141334
36052 1719 1887 4 30167 30168 127335 132455
36053 1719 1653 5 30168 30169 137586 137585 127336
36054 1476 1653 7 30169 30170 136609 136608 138545 138248 138242
36055 1476 1887 6 30170 30167 132457 130048 30530 30529
36056 1476 1719 6 30167 30169 138241 136708 136709 132456
36057 1653 1887 6 30168 30170 138020 138091 138279 127337
36058 1776 1519 6 30171 30172 142825 138342 133052 133053
36059 1776 1089 6 30172 30173 142621 142686 142688 142871
36060 1361 1519 7 30174 30171 142160 142704 142713 141613 130712
36061 1361 1776 4 30171 30173 142371 142159
36062 1089 1519 3 30172 30174 130711
36063 1153 1003 4 30176 30177 127091 127088
36064 1023 1003 6 30177 30178 127162 127372 127373 127092
36065 1023 1153 8 30175 30177 127090 30183 30182 127406 127532 127408
36066 751 717 6 30180 30181 126460 34433 34435 127616
36067 934 831 9 30184 30185 127246 126802 126116 126115 127100 127099 127382
36068 934 1023 7 30185 30182 127159 127158 127554 127365 127363
36069 934 1153 4 30182 30184 127467 127407
36070 831 1023 8 30183 30185 127364 127347 127349 127350 127373 127174
36071 1359 977 6 30187 30188 139720 127882 127883 -1
36072 1160 1477 5 30189 30186 127310 127495 125878
36073 1160 1359 4 30186 30188 139721 127309
36074 977 1477 4 30187 30189 125879 -1
36075 937 1131 3 30190 30191 126141
36076 1410 1156 6 30192 30193 138409 126289 126292 141571
36077 1410 1539 6 30193 30194 60383 60384 141524 138408
36078 1276 1539 4 30194 30195 138450 138451
36079 1276 1156 5 30195 30192 141573 141641 141640
36080 1276 1410 4 30192 30194 140058 140057
36081 1539 1156 4 30193 30195 127155 127153
36082 1271 1539 10 30196 30197 58795 58796 126153 126371 126370 141493 114566 59549
36083 1271 1868 4 30197 30198 31432 31430
36084 1995 1868 8 30198 30199 127198 127197 141317 141551 142101 142102
36085 1995 1539 3 30199 30196 59551
36086 1995 1271 7 126203 126202 59550 30196 30198 143399 -1
36087 1868 1539 7 30197 30199 141143 141155 141777 57565 57564
36088 1906 1874 8 30200 30201 139431 139139 116806 116805 138375 139599
36089 1906 1901 3 30201 30202 138518
36090 1899 1901 9 30202 30203 139651 139407 139408 140897 140771 139292 138519
36091 1899 1874 4 30203 30200 139519 139516
36092 1901 1874 5 30201 30203 139429 139430 139664
36093 2469 2581 3 30204 30205 140252
36094 2469 2528 8 30205 30206 57924 141330 141246 141244 139699 139702
36095 2229 2469 5 30204 30206 57923 141315 140251
36096 1211 2577 7 30207 30208 155794 142416 142415 141845 58091
36097 1211 885 9 30208 30209 58697 58698 132488 132486 142552 142800 155793
36098 964 885 8 30209 30210 155456 155864 31205 31207 58760 58759
36099 964 2577 4 30210 30207 41731 41728
36100 964 1211 4 30207 30209 132722 58092
36101 885 2577 3 30208 30210 155455
36102 11791 11637 7 30212 30213 30939 30940 110749 128854 125470
36103 11791 11686 5 30213 30214 32057 144433 144435
36104 11470 11686 4 30214 30215 143893 32059
36105 11470 11637 5 30215 30212 125471 145916 144390
36106 11470 11791 7 30212 30214 32058 144286 144289 146009 125469
36107 11686 11637 5 30213 30215 143915 143592 143594
36108 11808 10633 7 30216 30217 142651 142652 142559 142560 137592
36109 11808 10875 5 30217 30218 142151 155515 155517
36110 11354 10875 7 30218 30219 155501 155168 155169 155216 142153
36111 11354 10633 3 30219 30216 137593
36112 11354 11808 9 30216 30218 142152 142790 39859 39857 141549 141550 137591
36113 10875 10633 5 30217 30219 155502 44834 44833
36114 2781 2661 5 30220 30221 34691 34689 59708
36115 2781 2528 5 30221 30222 141335 141244 138369
36116 2647 2528 3 30222 30223 140059
36117 2647 2661 7 30223 30220 141328 140141 140140 60530 60527
36118 2647 2781 7 30220 30222 141274 141275 141390 141347 141327
36119 2393 2682 4 30224 30225 43041 64097
36120 2660 2682 6 30225 30226 137317 30230 30232 43042
36121 244 17 3 30228 30229 126935
36122 2682 2880 4 30231 30232 136998 66804
36123 2660 2880 5 30232 30233 137076 137180 137136
36124 2660 2828 5 30233 30230 137009 137011 137073
36125 2006 2257 5 30234 30235 136733 138180 141872
36126 2127 2257 3 30235 30237 136735
36127 11041 11121 5 30239 30240 143845 143887 143509
36128 11066 11121 7 30240 30241 143970 143989 143977 30584 30583
36129 11066 11129 7 30241 30238 143586 144005 152955 143971 143969
36130 11066 11041 3 30238 30240 143585
36131 11121 11129 5 30239 30241 143968 144057 143510
36132 10894 10853 7 30242 30243 125678 34715 34713 35230 145670
36133 10894 11160 5 30243 30244 143711 143710 125679
36134 10985 11160 6 30244 30245 30321 30322 143886 143932
36135 10985 10853 6 30245 30242 145672 143899 143900 143980
36136 10985 10894 5 30242 30244 143890 143891 145681
36137 11160 10853 7 30243 30245 30777 30778 35314 158763 125680
36138 2917 2796 6 30246 30247 64242 132321 132320 135613
36139 2917 3221 6 30247 30248 134825 134974 66561 64243
36140 3174 2796 5 30249 30246 78628 78627 135432
36141 3174 2917 5 30246 30248 134826 64193 64191
36142 3221 2796 4 30247 30249 133908 64244
36143 1455 1983 10 30250 30251 133648 133667 133494 133495 133620 135612 66417 66418
36144 1455 1468 8 30251 30252 132608 132004 132005 133646 133647 133649
36145 1751 1983 7 30253 30250 132752 33888 33890 133446 132197
36146 1751 1455 3 30250 30252 132609
36147 1468 1983 3 30251 30253 132196
36148 4803 4506 4 30256 30257 66875 58410
36149 4803 4341 6 30257 30254 41802 42800 42871 66874
36150 864 953 3 30258 30259 132378
36151 864 1012 10 30259 30260 132746 132747 142875 142848 142849 142749 132492 132379
36152 692 1012 3 30260 30261 131677
36153 692 953 10 30261 30258 132434 132433 131191 131190 132600 132659 131080 131079
36154 692 864 8 30258 30260 142196 141545 141547 142682 142699 142662
36155 715 638 6 30263 30264 143403 143432 143454 143158
36156 462 638 5 30264 30265 142870 137428 137430
36157 462 536 7 30265 30262 127165 126375 126376 141594 142869
36158 462 715 6 30262 30264 127254 60044 30286 30285
36159 638 536 4 30263 30265 142868 143159
36160 2957 3082 5 30267 30268 58701 58702 141857
36161 2926 2957 4 30266 30268 140128 59858
36162 3082 2767 4 30267 30269 34683 58461
36163 2651 1984 7 30270 30271 133064 133143 66706 30292 30293
36164 2651 1670 7 30271 30272 64931 64932 133210 133164 133065
36165 1744 1984 3 30273 30270 66734
36166 1744 2651 7 30270 30272 66753 58536 58533 141862 66733
36167 1670 1984 4 30271 30273 58413 58412
36168 3442 3700 4 30276 30277 58804 58803
36169 3442 3511 7 30274 30276 58781 58434 58436 58687 58689
36170 3151 3242 4 30279 30280 59758 59461
36171 11500 11461 5 30281 30282 58371 132764 146531
36172 11500 11489 4 30282 30283 132743 58372
36173 11308 11489 5 30283 30284 154717 156374 132744
36174 11308 11461 6 30284 30281 146582 154528 33918 33919
36175 11308 11500 4 30281 30283 132742 146581
36176 11489 11461 8 30282 30284 154716 146087 33893 33895 146610 58373
36177 668 462 4 30287 30285 127165 127164
36178 699 462 3 30286 30287 60045
36179 4394 5752 4 30289 30290 41660 58692
36180 5850 5752 7 30290 30291 40656 40836 40835 30298 30297
36181 5850 4394 6 30288 30290 41427 41429 58646 40657
36182 2651 1609 4 30293 30294 142243 66733
36183 2530 1609 5 30294 30295 132776 141717 142295
36184 2530 2651 6 30292 30294 132892 66788 66787 66705
36185 1609 1984 7 30293 30295 132775 133058 58411 58413 66734
36186 4753 5850 5 30296 30297 41427 41430 41478
36187 5850 4975 4 30296 30298 57637 41479
36188 3082 3044 8 30299 30300 141857 58461 58462 141827 57986 30302
36189 3324 3044 4 30301 30299 30303 58659
36190 3171 3044 4 30300 30301 58660 59855
36191 3289 3044 4 30303 30302 57988 58473
36192 4669 4479 6 30304 30305 66337 66918 67071 57784
36193 4669 4212 6 30305 30306 67793 62334 62335 66338
36194 4556 4669 5 30304 30306 67792 67801 57785
36195 3330 3312 3 30307 30308 41719
36196 3330 3442 5 30308 30309 58456 58715 41718
36197 3123 3442 3 30309 30310 40960
36198 3123 3330 6 30307 30309 57901 30359 30361 58051
36199 3624 3442 3 30311 30312 58650
36200 7219 6904 4 30313 30314 30421 30422
36201 7342 6904 4 30314 30316 40876 40878
36202 10132 10207 8 30318 30317 34805 143580 35161 35138 31483 31482
36203 11030 11095 7 30319 30320 30776 34490 30735 30733 143982
36204 11030 11160 3 30320 30321 30777
36205 10985 11095 3 30322 30319 143885
36206 10985 11030 7 30319 30321 143980 143950 143949 143871 143870
36207 11160 11095 8 30320 30322 125798 125797 144448 34719 34721 30778
36208 10931 10798 6 30323 30324 109472 32162 32163 112415
36209 10626 11136 5 30325 30326 111310 112409 103043
36210 10626 10798 6 103792 103791 30326 30323 112459 -1
36211 10626 10931 4 30323 30325 103042 112309
36212 11136 10798 3 30324 30326 111309
36213 4649 6643 7 30327 30328 153572 58609 58591 58589 58590
36214 4649 7450 5 30328 30329 41814 58606 153571
36215 6044 7450 5 30329 30330 41810 59838 41815
36216 6044 6643 4 30330 30327 41702 41701
36217 6044 4649 10 30327 30329 41813 142241 142218 58641 57693 42312 42313 58612
36218 7450 6643 5 30328 30330 41778 41777 153573
36219 4919 4541 6 30331 30332 59215 59216 66686 67799
36220 4919 4502 7 30332 30333 66909 67606 67466 43415 43413
36221 4669 4502 4 30333 30334 67048 66910
36222 4669 4541 6 30334 30331 67800 57785 57784 67607
36223 4502 4541 4 30332 30334 66924 66923
36224 2475 3291 4 30335 30336 58777 58734
36225 2475 3081 5 30336 30337 142116 142128 141283
36226 2169 3291 8 30338 30335 58735 59792 155988 57862 57860 41568
36227 2169 2475 6 30335 30337 142117 142215 142192 58733
36228 3081 3291 8 30336 30338 41567 58718 58717 59044 138298 141284
36229 4880 4632 6 30339 30340 57034 41864 41863 41860
36230 1612 2055 8 30341 30342 142089 137234 137235 138204 130969 58496
36231 1748 2055 4 30342 30343 139383 142079
36232 11064 11017 11 30344 30345 33844 146488 154804 154185 146449 146450 154903 154896 154893
36233 11064 11427 4 30345 30346 146422 33845
36234 11200 11017 6 30347 30344 146110 130225 130210 130212
36235 11200 11064 4 30344 30346 146811 154841
36236 11427 11017 4 30345 30347 146835 33846
36237 2056 1849 5 30348 30349 141780 141786 141365
36238 2056 2073 7 30349 30350 141778 141539 141277 141278 141774
36239 1514 2073 4 30350 30351 141472 141681
36240 1514 2056 6 30348 30350 141776 141775 140749 140750
36241 2073 1849 4 30349 30351 141471 141669
36242 5008 4705 5 30354 30355 58090 43613 43615
36243 5008 4535 7 30355 30352 58020 58019 57780 57779 58089
36244 5008 4683 3 30352 30354 58259
36245 4705 4535 3 30353 30355 42474
36246 3131 4107 7 30356 30357 66853 66856 133142 132219 132218
36247 4341 4107 4 30357 30358 42895 66888
36248 4107 3319 5 30356 30358 42894 155399 132861
36249 3330 3093 7 30359 30360 41609 58930 58932 58708 57900
36250 3330 3159 5 30360 30361 58052 58709 41610
36251 3123 3093 5 30362 30359 57902 58964 58965
36252 3159 3093 5 30360 30362 141725 58917 41611
36253 1612 1850 6 30363 30364 138204 138267 141753 58903
36254 1612 1959 3 30364 30365 130969
36255 1516 1959 5 30365 30366 131324 131325 130970
36256 1516 1850 5 30366 30363 58905 142747 141452
36257 1959 1850 7 30364 30366 141453 141760 141592 141593 138205
36258 769 806 7 30367 30368 34141 132050 131502 131500 132702
36259 1009 769 5 30367 30369 132675 132735 132733
36260 552 389 9 30370 30371 129748 128872 128870 129728 129729 130093 130098
36261 552 485 5 30371 30372 130137 129914 129749
36262 718 552 7 30370 30372 130139 130113 130114 130110 130100
36263 9639 9525 3 30373 30374 44563
36264 9639 9450 8 30374 30375 32937 152605 152178 152177 152493 44564
36265 9557 9450 3 30375 30376 32938
36266 9557 9525 8 30376 30373 151888 152481 104128 104130 152484 152602
36267 9557 9639 9 30373 30375 32936 150859 150861 152517 152498 152494 151887
36268 9450 9525 7 30374 30376 152603 152715 152534 148573 44565
36269 11158 11268 4 30377 30378 156123 147439
36270 11158 11320 5 30378 30379 147081 144153 144151
36271 11322 11320 5 30379 30380 156177 147316 147315
36272 11322 11268 5 30380 30377 147441 156302 156306
36273 11322 11158 10 30377 30379 147275 147276 142402 142401 156412 156409 156076 147440
36274 11320 11268 8 30378 30380 156253 155489 143996 143522 143521 144323
36275 10566 10311 4 30381 30382 146825 146910
36276 10589 10311 7 30383 30381 32928 32925 149969 146427 146426
36277 10543 10311 6 30382 30383 150713 150806 149978 146827
36278 2632 354 7 30384 30385 133809 150568 133994 133769 64895
36279 1644 354 3 30386 30384 64896
36280 11740 354 9 30385 30386 48891 44545 44546 155120 151099 150840 133810
36281 9993 9477 6 30388 30387 152893 152892 151023 151019
36282 44 654 6 30389 30390 132798 132797 131959 66730
36283 44 9 6 30390 30391 58488 154650 154651 132805
36284 511 9 5 30391 30392 132690 132691 58489
36285 511 654 6 30392 30389 66732 66411 33952 33954
36286 511 44 6 30389 30391 58487 133095 155061 66731
36287 9 654 6 30390 30392 42906 42905 66819 66818
36288 2969 2971 7 30393 30394 59859 59860 141285 141286 58894
36289 3291 2971 5 30395 30393 58895 142025 58901
36290 3271 2971 5 30394 30395 58902 58669 58668
36291 11726 11829 5 30396 30397 130380 146213 145706
36292 11726 11885 6 30397 30398 146119 143029 143028 130381
36293 11853 11829 4 30399 30396 145707 145999
36294 11885 11829 7 30397 30399 143699 143698 145030 144947 130382
36295 1671 1798 6 30400 30402 136670 136669 137684 138266
36296 1499 1716 5 30401 30403 138104 141534 141533
36297 11094 10819 6 30405 30406 145723 145872 144245 144246
36298 11094 10823 6 30406 30404 147832 146029 146028 145721
36299 11094 10897 5 30404 30405 147336 147211 147210
36300 9218 9575 4 30407 30408 153406 153407
36301 9218 9565 6 30408 30409 156886 156885 156914 156757
36302 9559 9565 5 30409 30410 153928 153929 156878
36303 9559 9575 7 30410 30407 39592 34404 34405 156949 156839
36304 9565 9575 6 30408 30410 155304 155305 153484 153483
36305 816 789 6 30412 30413 127369 127182 127184 127264
36306 11158 11198 3 30414 30415 145778
36307 11158 11077 7 30415 30416 144142 155562 156123 144151 144152
36308 10956 11158 8 30414 30416 130795 130794 147058 156084 147417 145779
36309 1079 950 5 30417 30418 138637 128034 128037
36310 1079 702 5 30418 30419 138889 127821 127820
36311 1030 702 4 30419 30420 130782 130789
36312 1030 950 5 30420 30417 138598 129639 129640
36313 1030 1079 6 30417 30419 138886 138798 138797 138829
36314 702 950 5 30418 30420 130781 130869 130878
36315 7219 6880 4 30422 30423 41875 41876
36316 6821 6904 5 30424 30421 40878 40875 41015
36317 8434 8240 6 30425 30426 39019 45408 45294 45250
36318 8434 8582 5 30426 30427 38383 38384 39018
36319 8555 8582 7 30427 30428 31401 31403 39506 45380 38421
36320 8555 8240 3 30428 30425 39554
36321 8582 8240 7 30426 30428 39553 39732 39735 39734 39020
36322 10706 10760 5 30429 30430 33243 33244 146365
36323 10706 10560 4 30430 30431 154561 146667
36324 10520 10560 6 30431 30432 146559 153716 153715 154562
36325 10520 10760 5 30432 30429 146715 147378 146558
36326 10520 10706 6 30429 30431 154560 147056 146707 146708
36327 10560 10760 5 30430 30432 146557 146380 146377
36328 9929 10831 5 30433 30434 156638 155730 144209
36329 9929 9889 5 30434 30435 41659 156634 156640
36330 10437 9889 3 30435 30436 34592
36331 10437 10831 8 30436 30433 144210 142113 142112 155817 41619 34590
36332 10437 9929 7 30433 30435 41658 156060 156059 39493 39495
36333 9889 10831 6 30434 30436 34591 58564 155444 155445
36334 10236 9940 5 30437 30438 153816 153750 153751
36335 10236 10174 5 30438 30439 153731 153722 153723
36336 10245 10174 8 30439 30440 32943 150630 150631 154365 154572 153732
36337 10245 10236 5 30437 30439 153730 153733 153735
36338 214 306 7 30441 30442 130675 131142 32026 32028 130142
36339 214 104 5 30442 30443 32025 32023 129849
36340 210 306 5 30444 30441 130144 126660 126661
36341 210 214 4 30441 30443 130379 130143
36342 104 306 4 30442 30444 130647 130676
36343 417 339 4 30448 30450 34550 34549
36344 550 639 5 30452 30453 124692 124523 118132
36345 762 639 6 30453 30454 124481 111591 111593 125307
36346 762 641 6 30454 30451 125548 125576 124658 124480
36347 762 550 5 30451 30453 30725 30722 125367
36348 10996 11055 9 30455 30456 31161 145560 145522 145275 145273 147238 147426
36349 10996 10730 5 30456 30457 146717 145656 31162
36350 10825 10730 8 30457 30458 145615 145641 144535 144533 147728 147356
36351 10825 10996 3 30455 30457 147355
36352 10730 11055 6 30456 30458 145512 145491 145490 31163
36353 11858 11698 5 30460 30461 131018 66797 41819
36354 11858 483 7 30461 30462 154884 154882 33330 33328 39858
36355 190 483 4 30462 30463 130810 130808
36356 190 11698 6 30463 30460 41821 154869 154890 154865
36357 190 11858 5 30460 30462 153559 58384 41820
36358 483 11698 5 30461 30463 154866 154867 131019
36359 11886 11770 6 30464 30465 143624 143625 30801 30799
36360 11886 66 5 30465 30466 144051 144052 143652
36361 32 11886 5 30464 30466 144412 30621 30618
36362 1113 1159 4 30467 30468 33747 141624
36363 1113 1276 6 30468 30469 128846 142310 131305 33748
36364 1014 1276 8 30469 30470 132594 132592 141540 141541 141602 128847
36365 1014 1159 6 30470 30467 141626 126970 126972 141258
36366 1014 1113 5 30467 30469 128845 143237 141625
36367 1276 1159 5 30468 30470 138442 138441 33749
36368 11606 11561 7 30473 30471 112246 112245 112247 112255 112254
36369 9897 9984 10 30474 30475 104021 145333 35411 35414 151783 148612 148613 158431
36370 9897 10018 3 30475 30476 104022
36371 9973 10018 7 30476 30477 158439 158210 38501 38500 148502
36372 9973 9984 3 30477 30474 158441
36373 9973 9897 7 30474 30476 32970 32972 148616 148617 158312
36374 10018 9984 8 30475 30477 158455 145417 145415 153104 34399 34401
36375 11853 11807 5 30478 30479 127055 127056 146644
36376 11853 267 6 30479 30480 138299 131129 131127 130360
36377 187 11807 7 30481 30478 146643 130912 130914 146089 146049
36378 187 11853 4 30478 30480 138300 146645
36379 267 11807 4 30479 30481 146050 130361
36380 451 280 5 30482 30483 143049 143168 143169
36381 451 536 7 30483 30484 126800 143170 143278 142868 142869
36382 177 536 4 30484 30485 143633 126801
36383 177 280 5 30485 30482 142822 142820 143577
36384 536 280 5 30483 30485 139287 139288 141594
36385 342 411 5 30486 30487 131766 131774 131767
36386 562 411 9 30487 30488 131544 131546 129842 129843 130216 128970 128971
36387 411 572 3 30486 30488 131728
36388 616 585 6 30489 30490 143736 126449 126005 126003
36389 616 837 5 30490 30491 143330 143343 143495
36390 851 837 7 30491 30492 127189 127191 143365 34710 34711
36391 851 585 3 30492 30489 142947
36392 851 616 5 30489 30491 143311 143309 143744
36393 837 585 6 30490 30492 141401 141402 143486 143485
36394 2811 2939 5 30493 30494 140233 34415 34416
36395 3004 2946 11 30495 30496 59790 141301 59477 59478 59745 59747 141763 141320 60641
36396 3004 2939 5 30496 30493 141321 142004 59789
36397 3004 2811 3 30493 30495 60639
36398 2946 2939 4 30494 30496 59788 140234
36399 8323 8187 5 30497 30498 33337 44188 44186
36400 8323 8052 6 30498 30499 44415 44644 44127 33338
36401 8432 8323 4 30497 30499 44414 44649
36402 1359 1750 5 30500 30501 127315 127313 60450
36403 1377 1750 3 30502 30500 60452
36404 1797 1750 6 30501 30502 141045 141060 141063 141083
36405 164 199 8 30503 30504 110913 110914 125595 125472 125355 125356
36406 164 125 5 30504 30505 125646 125671 111716
36407 11793 125 7 30505 30506 112135 125572 125571 114828 114827
36408 11793 199 4 30506 30503 125478 112134
36409 11793 164 7 30503 30505 125647 125676 124565 124564 125320
36410 125 199 4 30504 30506 112133 111717
36411 11400 11395 3 30507 30509 111756
36412 715 771 6 30510 30511 127269 126453 126451 59353
36413 715 490 7 30511 30512 143405 143403 127254 127252 139380
36414 698 715 3 30510 30512 59354
36415 490 771 4 30511 30513 127232 139381
36416 11126 11034 4 30514 30515 145338 145405
36417 11126 11092 4 30515 30516 110293 110296
36418 10964 11092 6 30516 30517 47215 145218 145220 128499
36419 10964 11034 6 30517 30514 144252 144253 158927 47214
36420 10964 11126 5 30514 30516 128498 144583 144867
36421 11092 11034 8 30515 30517 47213 112126 112125 144514 112204 112206
36422 11446 11649 6 30518 30519 150287 150288 132784 132785
36423 11556 11702 7 30520 30521 129045 58025 58024 154184 154509
36424 11556 11649 6 30521 30518 150283 150285 146483 129044
36425 11556 11446 4 30518 30520 154783 154461
36426 11255 11170 5 30522 30523 147012 147011 104778
36427 11255 11361 6 30523 30524 149465 145103 145102 148893
36428 11363 11361 6 30524 30525 149146 145062 145063 149466
36429 11363 11170 5 30525 30522 104780 149174 149157
36430 11363 11255 7 30522 30524 146322 146324 149100 149098 104779
36431 11361 11170 7 30523 30525 149158 149160 149172 149549 148894
36432 417 447 5 30526 30527 125811 143331 126461
36433 447 471 5 30526 30528 126243 127256 126462
36434 1887 1660 4 30530 30531 138027 130049
36435 1775 1476 4 30532 30529 136609 136611
36436 1775 1887 6 30529 30531 131585 131584 138058 138020
36437 1660 1476 8 30530 30532 138013 138090 138129 138124 137992 130050
36438 11668 11762 4 30535 30536 31257 31255
36439 585 381 5 30537 30538 143340 126545 126543
36440 585 445 5 30538 30539 143485 143736 143392
36441 668 445 4 30539 30540 143157 143487
36442 668 381 5 30540 30537 141637 142668 142667
36443 668 585 5 30537 30539 143486 143603 141636
36444 445 381 7 30538 30540 143156 143320 143584 126092 126091
36445 920 666 4 30541 30542 130786 129805
36446 920 702 6 30542 30543 129803 130782 130781 130868
36447 958 702 6 30543 30544 127621 127622 127633 127661
36448 958 666 4 30544 30541 127105 127107
36449 702 666 10 30542 30544 130749 130018 126853 31231 31230 129562 129738 130870
36450 11152 11330 4 30545 30546 112258 102944
36451 11152 10945 6 30546 30547 144679 110754 110752 144749
36452 11176 10945 7 30547 30548 110830 110829 110832 112114 158849
36453 11176 11330 5 30548 30545 102946 112188 112187
36454 11176 11152 5 30545 30547 158848 112253 102945
36455 905 1044 5 30549 30550 126867 129732 129733
36456 905 1108 4 30550 30551 130330 126868
36457 1093 1044 4 30552 30549 131377 131398
36458 1093 905 4 30549 30551 130331 131376
36459 1108 1044 5 30550 30552 33723 33720 126869
36460 10926 11109 8 30553 30554 156363 31347 31350 146642 146266 146265
36461 11367 11319 6 30555 30556 34470 34471 146555 147298
36462 11367 11109 7 30556 30553 146036 146037 146373 146086 146085
36463 11367 10926 5 30553 30555 147299 129627 129629
36464 11319 11109 4 30554 30556 146621 156365
36465 11432 11571 5 30558 30559 149115 146223 146221
36466 11240 11571 6 30559 30560 148428 148429 148816 149142
36467 11240 11350 6 30560 30557 149094 149068 148826 148757
36468 11240 11432 3 30557 30559 149143
36469 11571 11350 4 30558 30560 144250 144249
36470 11246 11262 7 30561 30562 145762 111839 111840 145830 128619
36471 11246 11126 3 30562 30563 144261
36472 11161 11126 6 30563 30564 145493 145428 145302 144263
36473 11161 11262 4 30564 30561 128620 145492
36474 11161 11246 8 30561 30563 144262 145862 145527 145526 128583 128580
36475 11126 11262 7 30562 30564 145278 110294 110293 128498 144582
36476 11843 11697 5 30565 30566 125825 144182 125197
36477 11843 11679 6 30566 30567 144478 144636 103450 103448
36478 11891 11679 7 30567 30568 125446 125448 125288 112068 112067
36479 11891 11697 4 30568 30565 125198 126642
36480 11679 11697 7 30566 30568 143708 144538 144768 124141 124140
36481 7603 7576 3 30570 30571 36372
36482 295 261 4 30574 30572 125815 143819
36483 77 261 4 30573 30574 144168 126239
36484 11425 11495 4 30575 30576 145759 156178
36485 11425 11576 5 30576 30577 143119 144255 145758
36486 11322 11576 7 30577 30578 144208 155908 156177 156306 143121
36487 11322 11495 6 30578 30575 146605 145810 145812 144207
36488 11322 11425 5 30575 30577 143120 147483 156179
36489 11576 11495 8 30576 30578 144206 145402 156197 146616 144236 144234
36490 10975 10705 4 30579 30580 143817 143818
36491 10975 10817 7 30580 30581 34499 34498 143960 141633 141635
36492 10568 10817 4 30581 30582 125868 125869
36493 10568 10705 6 30582 30579 143948 34951 34952 143931
36494 10568 10975 5 30579 30581 143943 143373 143375
36495 10817 10705 5 30580 30582 143926 34441 34438
36496 11121 10808 4 30584 30585 143775 143880
36497 11121 10891 5 30585 30583 143845 143888 143773
36498 315 212 6 30586 30587 126691 31950 31953 126509
36499 425 349 6 30588 30589 126360 124768 124765 126767
36500 425 315 5 30586 30588 126752 126570 126569
36501 596 787 3 30590 30591 127404
36502 787 648 8 30590 30592 126054 126053 128229 128238 128148 127405
36503 642 708 5 30593 30594 143439 143804 143446
36504 642 771 8 30594 30595 127270 127269 139381 143482 142965 142966
36505 851 708 4 30596 30593 127281 127282
36506 851 642 8 30593 30595 127190 127189 142947 143744 143409 143410
36507 771 708 5 30594 30596 127209 126651 126650
36508 117 270 7 30597 30598 143198 126251 125781 125784 143289
36509 117 247 6 30598 30599 143673 143671 144100 143690
36510 304 117 5 30597 30599 143674 143670 143669
36511 247 270 4 30598 30600 34505 143583
36512 11761 11749 5 30601 30602 125353 110943 110942
36513 11606 11761 5 30601 30603 144785 112099 112009
36514 10203 10222 7 30604 30605 102986 102984 158861 112295 112293
36515 10203 10130 4 30605 30606 111924 110945
36516 9818 10222 4 30607 30604 158400 112379
36517 10130 10222 10 30605 30607 112378 158470 158906 35122 35121 103307 103306 110946
36518 11606 11357 4 30608 30610 125895 34436
36519 11419 11393 3 30609 30611 125899
36520 11711 11394 5 30612 30613 112012 112020 111426
36521 10939 10961 5 30614 30615 108450 108981 110482
36522 10843 11102 3 30616 30617 106989
36523 10843 10961 7 30617 30614 110478 109678 103606 103605 106987
36524 10843 10939 6 30614 30616 109155 108481 108480 110481
36525 11820 11886 4 30618 30619 30798 30799
36526 11820 112 6 30619 30620 126326 143488 31102 31103
36527 32 11820 6 30618 30620 126325 144490 144573 114569
36528 112 11886 5 30619 30621 34178 31892 31891
36529 11318 11448 7 30622 30623 126355 111073 31918 31919 110968
36530 11318 11517 4 30623 30624 145193 128679
36531 11422 11517 6 30624 30625 149124 144874 144873 145194
36532 11422 11448 4 30625 30622 110969 148465
36533 11422 11318 5 30622 30624 145192 110422 110419
36534 1216 1000 4 30626 30627 127300 127301
36535 1131 1013 4 30628 30629 143155 115444
36536 1131 1216 7 30626 30628 115443 127916 127543 127540 127403
36537 1013 1000 6 30627 30629 143300 125995 125997 126036
36538 326 462 3 30630 30631 126422
36539 446 462 4 30633 30630 143218 126332
36540 446 326 5 30630 30632 143706 126540 126539
36541 327 462 6 30631 30633 126331 127187 141530 126424
36542 11817 153 7 30634 30635 144658 144657 144686 144726 144728
36543 11817 55 6 30635 30636 144767 143823 124955 124956
36544 22 55 4 30636 30637 125713 125712
36545 22 11817 5 30634 30636 144766 144765 144762
36546 11505 11444 3 30639 30640 110335
36547 11444 11502 5 30638 30640 111128 111436 111196
36548 11450 11783 5 30644 30645 145187 145061 145023
36549 11813 11783 7 30645 30646 146245 125881 125880 144618 145188
36550 11813 11591 4 30646 30643 149114 146247
36551 11813 11450 3 30643 30645 145186
36552 11783 11591 5 30644 30646 145841 145843 145024
36553 10898 10988 5 30647 30648 144866 144594 144595
36554 10898 10964 7 30648 30649 158943 144592 144526 144528 144583
36555 10800 10964 4 30649 30650 144253 158929
36556 10800 10988 5 30650 30647 144647 144674 144251
36557 10800 10898 6 30647 30649 158945 145198 109881 109880
36558 10964 10988 4 30648 30650 144252 144867
36559 65 11691 7 30651 30652 111065 110975 110977 111279 111693
36560 11062 10929 4 30653 30654 103522 103520
36561 11062 10918 4 30654 30655 110503 110766
36562 10768 10918 6 30655 30656 111805 110918 110761 110504
36563 10918 10929 7 30654 30656 108528 108529 110940 32092 32091
36564 125 260 4 30657 30658 124466 114692
36565 125 65 7 30658 30659 111865 111863 112578 112576 124467
36566 11848 65 5 30659 30660 30720 30721 110866
36567 11848 260 6 30660 30657 114693 112186 111053 111055
36568 11848 125 4 30657 30659 112168 114691
36569 65 260 5 30658 30660 112144 124336 124406
36570 11153 11351 4 30661 30662 110329 111115
36571 9125 8243 5 30663 30664 39210 156635 155972
36572 8517 8243 9 30665 30663 155846 40865 40867 41633 41002 41001 39964
36573 8952 8243 5 30664 30665 39963 40126 39212
36574 11831 11838 7 30666 30667 144155 145938 145954 145634 144367
36575 11888 11831 6 30666 30668 145819 145948 145963 144366
36576 10586 10488 3 30671 30672 112500
36577 10586 10156 7 30672 30673 112270 111779 111780 111968 112508
36578 10626 10156 4 30673 30674 111796 111798
36579 10626 10586 8 112459 112309 111901 111898 30671 30673 112269 -1
36580 10156 10488 8 30672 30674 112419 112450 103368 103367 111098 112510
36581 11382 11402 6 30675 30676 112118 112195 111116 111117
36582 11382 11395 3 30676 30677 111922
36583 11221 11395 6 30677 30678 103270 111584 110896 110893
36584 11221 11402 4 30678 30675 111152 103269
36585 11221 11382 6 30675 30677 111921 112189 144716 112111
36586 11380 11505 6 30680 30681 111148 111465 111129 110335
36587 548 645 4 30682 30683 117808 123621
36588 548 561 5 30683 30684 111629 111630 117809
36589 804 548 7 30682 30684 117429 124647 124700 123955 123622
36590 292 41 4 30685 30686 125812 126252
36591 382 41 5 30686 30687 126369 126337 125813
36592 10094 10260 5 30688 30689 148414 148415 33205
36593 10094 10030 8 30689 30690 148485 30704 30705 153057 152272 152274
36594 10188 10030 5 30690 30691 152311 152309 148486
36595 10188 10094 3 30688 30690 33206
36596 10030 10260 5 30689 30691 152360 152359 152352
36597 195 252 7 30693 30692 125568 126718 125487 125486 125801
36598 915 983 8 30694 30695 129992 124269 124270 129817 130013 130222
36599 829 704 4 30696 30697 130172 130089
36600 829 983 7 30697 30694 130207 130206 129774 129771 130179
36601 829 915 6 30694 30696 130088 131612 131589 130223
36602 10984 11048 5 30698 30699 128338 128339 144968
36603 10984 11112 5 30699 30700 111244 145241 145235
36604 11235 11112 4 30700 30701 123681 111245
36605 11235 11048 4 30701 30698 144970 145242
36606 11235 10984 7 30698 30700 110263 110261 144865 145149 144969
36607 11112 11048 6 30699 30701 145048 110981 110978 145234
36608 11670 11539 6 30702 30703 145899 145895 145891 145703
36609 9827 9780 6 30706 30707 148472 148446 148445 152455
36610 9827 10030 6 30707 30704 152357 152358 151722 148470
36611 9827 10094 4 30704 30706 152454 152356
36612 9780 10030 4 30705 30707 148471 152863
36613 186 119 5 30708 30709 130364 131722 130015
36614 186 11794 4 30709 30710 126431 126434
36615 216 11794 7 30710 30711 130425 126861 126862 129499 145238
36616 216 119 4 30711 30708 130016 130423
36617 11794 119 7 30709 30711 130424 149031 149032 149394 130365
36618 11221 11135 4 30714 30715 110795 111584
36619 11221 11091 4 30715 30712 110171 110756
36620 11221 11380 7 30712 30714 103270 103269 111153 111150 110170
36621 11135 11091 8 30713 30715 109230 109229 32094 32093 108646 111432
36622 11593 11374 3 30716 30717 148981
36623 11593 11499 7 30717 30718 144248 130335 130336 146909 146908
36624 11350 11499 5 30718 30719 148745 148757 144250
36625 11350 11374 7 30719 30716 149532 104574 104573 148747 148744
36626 11350 11593 7 30716 30718 144249 148978 148761 128816 128815
36627 11499 11374 8 30717 30719 148743 148898 149819 149531 149529 148982
36628 359 550 5 30722 30723 125628 125562 125366
36629 359 391 6 30723 30724 112847 112848 124805 125293
36630 762 391 5 30724 30725 125307 124797 124798
36631 762 359 5 30722 30724 125444 125386 125365
36632 391 550 5 30723 30725 124692 124693 125617
36633 11393 11248 4 30726 30727 30747 30745
36634 11393 11179 4 30727 30728 144515 125527
36635 11203 11179 5 30728 30729 108305 108307 144517
36636 11203 11248 5 30729 30726 125886 144721 144720
36637 11203 11393 6 30726 30728 144516 144805 125608 125606
36638 11179 11248 6 30727 30729 144722 144604 143443 125528
36639 7811 8097 5 30730 30731 36241 35950 35948
36640 8097 7741 5 30730 30732 31895 40590 39068
36641 11030 11041 6 30733 30734 143393 143394 143887 143981
36642 11030 10975 3 30734 30735 143960
36643 11095 10975 8 30735 30736 143753 34486 34487 34721 34497 34498
36644 11095 11041 3 30736 30733 143787
36645 11031 10738 6 30737 30738 111296 111912 111653 110888
36646 10918 11019 6 30739 30740 104513 104514 110322 111902
36647 10918 10738 6 30740 30737 110889 111809 111655 111656
36648 10918 11031 5 30737 30739 111806 111808 110887
36649 11019 10738 3 30738 30740 111298
36650 11735 11580 5 30741 30742 109953 109954 124144
36651 11651 11580 5 30743 30741 111186 111185 144761
36652 11540 11580 7 30742 30743 144896 128900 110220 110219 124106
36653 11329 11248 6 30746 30747 125528 143442 144732 125898
36654 11329 11357 3 30744 30746 125897
36655 11855 191 5 30748 30749 31807 31808 125514
36656 11855 11821 9 30749 30750 128891 106818 106816 123648 126699 126701 128153
36657 317 11821 4 30750 30751 124373 124374
36658 317 191 5 30751 30748 128757 128756 128760
36659 317 11855 6 30748 30750 128896 111127 111126 144860
36660 11821 191 5 30749 30751 128761 128687 128154
36661 1093 1059 5 30753 30754 138903 130842 126865
36662 1046 1059 5 30754 30755 130784 130785 137523
36663 1046 1002 4 30755 30752 131512 130858
36664 1046 1093 6 30752 30754 138902 138564 130332 130331
36665 1059 1002 8 30753 30755 129677 129678 129625 129624 129819 126866
36666 661 502 8 30756 30757 130362 30892 30890 130688 130690 130958
36667 661 717 3 30757 30758 127106
36668 958 502 3 30759 30756 130959
36669 958 661 6 30756 30758 127105 129589 129590 130960
36670 717 502 7 30757 30759 31289 31288 127077 130687 130698
36671 10629 10548 8 158756 30760 30761 158793 158818 158918 158920 -1
36672 10629 10355 3 30761 30762 158011
36673 10299 10355 7 30762 30763 145608 32660 32661 148480 148483
36674 10299 10548 3 30763 30760 158757
36675 10299 10629 5 30760 30762 158010 158174 158322
36676 10355 10548 9 30761 30763 158776 158779 158778 158820 158792 158783 158785
36677 473 391 4 30766 30767 124490 124283
36678 473 260 5 30767 30768 113014 128560 124633
36679 357 260 3 30768 30769 113016
36680 357 391 6 30769 30766 124285 124291 124557 124554
36681 357 473 10 30766 30768 113015 124552 111378 111380 128766 123560 123559 124284
36682 11168 11493 5 30770 30771 33770 146035 154812
36683 11168 11529 4 30771 30772 146591 33771
36684 11344 11529 6 30772 30773 143018 146539 146122 146123
36685 11344 11493 4 30773 30770 34447 34449
36686 11344 11168 7 30770 30772 143022 143019 154916 154818 154817
36687 11529 11493 6 30771 30773 130194 130193 146523 33772
36688 152 307 7 30774 30775 126486 126520 126522 126674 126600
36689 11030 10853 4 30776 30777 143980 34491
36690 10853 11095 4 30776 30778 34497 34492
36691 783 906 6 30779 30780 141152 141652 127030 127033
36692 783 853 7 30780 30781 143452 143436 143404 142850 141153
36693 837 853 4 30781 30782 143260 143453
36694 837 906 7 30782 30779 142119 142118 34710 34709 143258
36695 837 783 4 30779 30781 143451 143390
36696 853 906 5 30780 30782 143259 143367 141154
36697 582 16 5 30783 30784 120976 121337 121338
36698 277 16 5 30784 30785 149698 124005 120978
36699 16 142 5 30783 30785 149686 149625 134453
36700 727 517 5 30789 30790 120993 117155 117154
36701 714 517 7 30790 30791 126132 126048 125983 125984 127873
36702 714 621 3 30791 30788 114812
36703 714 727 6 30788 30790 127790 126162 125456 114811
36704 517 621 6 30789 30791 126130 126079 126076 128212
36705 269 234 5 30792 30793 125755 125860 125858
36706 359 234 6 30794 30792 112088 112090 125611 31994
36707 347 381 7 30795 30796 125771 125772 142724 142725 143320
36708 695 381 4 30797 30795 143156 142667
36709 536 381 6 30796 30797 142668 126374 126376 139288
36710 11820 11770 4 30799 30800 145638 114569
36711 11577 11770 4 30800 30801 143832 145639
36712 11577 11886 5 30801 30798 31891 31890 143831
36713 11577 11820 6 30798 30800 145637 34363 31101 31103
36714 10405 10333 6 30802 30803 103028 103029 111925 112444
36715 10529 10390 7 30804 30805 111893 112398 112311 112312 112162
36716 10529 10333 6 30805 30802 111905 111882 111881 111892
36717 10390 10333 4 30803 30805 111887 111886
36718 11631 11873 5 30806 30807 110991 111106 31004
36719 39 11873 5 30807 30808 125735 125871 110992
36720 11873 11733 4 30806 30808 125662 31005
36721 11439 11499 6 30809 30810 149477 149529 149568 149318
36722 11805 11439 5 30809 30811 149079 31070 31069
36723 10976 11364 9 30812 30813 77036 77037 150423 151475 151511 151486 150157
36724 10976 10790 6 30813 30814 151489 151315 151316 151453
36725 10309 10790 5 30814 30815 105802 105801 106123
36726 10309 11364 6 30815 30812 134358 134357 150153 134044
36727 10309 10976 5 30812 30814 150096 150047 150049
36728 10790 11364 7 30813 30815 65875 65874 106052 121685 121684
36729 11420 11675 3 30817 30818 144611
36730 11420 11539 6 30818 30816 144532 144525 144524 144652
36731 571 710 4 30820 30821 130525 129162
36732 732 710 7 30821 30822 109775 128690 129505 129379 129380
36733 732 293 4 30822 30819 31858 31860
36734 384 566 6 30823 30824 129089 129111 129184 129181
36735 277 566 3 30825 30823 129153
36736 646 566 6 30824 30825 129139 129138 129223 129090
36737 10121 10323 4 30826 30827 34376 34374
36738 10323 10426 6 30826 30828 111790 112310 112327 103587
36739 11207 11429 7 30829 30830 110273 110274 124037 109484 30894
36740 11207 11459 4 30830 30831 109199 110275
36741 11279 11459 7 30831 30832 109242 109917 106593 106594 109200
36742 11279 11429 3 30832 30829 30896
36743 11459 11429 7 30830 30832 109241 109578 105898 105900 109963
36744 10695 10623 7 30833 30834 103569 103570 148048 148051 158845
36745 10695 10849 6 30834 30835 158892 145322 145321 145310
36746 10773 10623 6 30836 30833 158570 158508 110122 110121
36747 10773 10695 4 30833 30835 158888 158846
36748 10849 10623 4 30834 30836 112363 144659
36749 1411 1557 7 30837 30838 128179 141127 141068 140791 140792
36750 1726 1557 6 30838 30839 140713 140926 139672 128180
36751 1557 1477 5 30837 30839 140712 140968 140971
36752 11295 11532 7 30840 30841 125645 111034 111033 128698 112202
36753 11112 11532 4 30842 30840 111147 111146
36754 11184 11532 6 30841 30842 111149 111151 112220 112221
36755 8993 8839 3 30843 30844 38040
36756 8839 8989 8 30843 30845 38473 38523 38149 38148 38247 38041
36757 11165 11107 9 30846 30847 109120 109027 107987 107986 111869 111781 108505
36758 10855 11107 5 30848 30846 108507 110693 31586
36759 10826 11107 4 30847 30848 31585 109127
36760 10926 10760 6 30849 30850 154697 154592 147448 147266
36761 10926 10816 5 30850 30851 146019 31350 31348
36762 10909 10816 5 30851 30852 32986 146989 146020
36763 10909 10760 5 30852 30849 146366 33244 32985
36764 10909 10926 7 30849 30851 146018 146975 147286 147357 147267
36765 10816 10760 6 30850 30852 32984 146748 146793 154698
36766 114 11793 5 30853 30854 114827 125647 112190
36767 114 11586 4 30854 30855 112176 112174
36768 11779 11586 6 30855 30856 112034 112104 112105 112153
36769 11779 11793 6 30856 30853 112192 124565 124566 112032
36770 11779 114 4 30853 30855 125283 112191
36771 11208 11048 4 30858 30859 103538 144442
36772 11208 11141 8 30859 30857 110726 112361 31887 31886 110747 103537
36773 11208 11014 4 30857 30858 144351 110725
36774 11039 10726 5 30860 30861 148768 148699 148701
36775 11039 10784 8 30861 30862 148823 144938 144937 149831 149144 148824
36776 10795 10784 6 30862 30863 148354 149764 110041 110040
36777 10795 10726 6 30863 30860 148187 110391 32835 32837
36778 10795 11039 4 30860 30862 148814 148738
36779 10573 10449 6 30866 30864 148062 148365 148432 146745
36780 11774 172 5 30867 30868 110861 126318 126319
36781 11774 11873 4 30868 30869 31084 31831
36782 11848 11873 5 30869 30870 112147 109439 31086
36783 11848 11774 6 30867 30869 31085 144480 144964 144983
36784 11873 172 5 30868 30870 112146 124400 110862
36785 9703 10024 4 30871 30872 38536 158404
36786 10018 9977 5 30873 30874 103555 38499 38500
36787 10018 10024 6 30874 30871 110678 110676 148632 103554
36788 10018 9703 7 30871 30873 148502 104022 34401 34400 158405
36789 9977 10024 5 30872 30874 103551 103553 38538
36790 11410 11327 6 30875 30876 31714 144159 144158 145729
36791 11410 11222 3 30876 30877 31713
36792 11348 11222 8 30877 30878 143457 143456 143993 34541 34543 143655
36793 11348 11327 3 30878 30875 147219
36794 713 498 5 30879 30880 111038 32391 32392
36795 704 498 5 30881 30879 121491 121493 123772
36796 800 498 4 30880 30881 123771 111040
36797 10819 11054 6 30882 30883 31127 144247 144246 147337
36798 10819 10935 5 30883 30884 110986 144612 31128
36799 10840 10935 5 30884 30885 144835 145288 110988
36800 10840 11054 5 30885 30882 31126 31125 144833
36801 10935 11054 5 30883 30885 144834 145268 31129
36802 11726 11835 4 30886 30887 145706 146209
36803 11621 11853 5 30888 30889 127056 146646 145430
36804 11621 11835 7 30889 30886 146192 146191 146198 146141 127054
36805 11621 11726 4 30886 30888 130625 130624
36806 11853 11835 7 30887 30889 127055 130360 146013 146000 145707
36807 661 494 5 30890 30891 130090 130371 130764
36808 661 513 4 30891 30892 130333 130091
36809 502 513 5 30892 30893 128612 128614 130363
36810 502 494 6 30893 30890 130765 126773 126772 126915
36811 513 494 5 30891 30893 130751 130755 130092
36812 11538 11279 6 30895 30896 109242 109918 109724 109723
36813 11538 11429 6 30896 30894 109486 109235 109234 109241
36814 11538 11207 4 30894 30895 109755 109485
36815 837 1066 6 30899 30900 142558 34709 34711 143330
36816 837 445 7 30900 30897 143495 143485 143487 143444 142557
36817 837 619 3 30897 30899 143343
36818 1066 445 6 34504 30898 30900 117991 117990 -1
36819 9373 9254 5 30901 30902 31252 31250 33139
36820 9593 9254 4 30903 30901 46298 151657
36821 9222 9254 5 30902 30903 151656 151679 105494
36822 11411 11488 4 30905 30906 111174 123167
36823 11540 11488 5 30906 30907 144896 110857 110858
36824 11540 11464 3 30907 30904 128900
36825 11540 11411 8 30904 30906 111175 148891 149025 145184 110218 110220
36826 11488 11464 7 30905 30907 124092 109067 109069 111203 111230
36827 11606 11586 5 30910 30908 112247 112165 112101
36828 11085 11112 6 30913 30911 106527 111125 110902 110901
36829 10768 11112 5 30912 30913 110926 126757 30995
36830 11768 11633 6 30916 30917 32071 144942 144943 149109
36831 11768 11517 3 30917 30918 32037
36832 11448 11633 3 30919 30916 149126
36833 11448 11768 5 30916 30918 32038 144506 149132
36834 11517 11633 9 30917 30919 149123 144874 144871 145115 126828 126825 32072
36835 329 399 8 30920 30921 130750 130758 130668 130667 130734 128787
36836 345 513 4 30922 30923 130486 130537
36837 345 399 8 30923 30920 128788 125805 125804 130577 130483 130482
36838 345 329 5 30920 30922 130614 130612 128786
36839 513 399 6 30921 30923 127547 127549 130485 130744
36840 9868 9753 5 30925 30926 97161 97163 104960
36841 11774 11821 6 30927 30928 145014 144888 126701 124118
36842 11774 11744 7 30928 30929 31087 144879 144880 144964 145003
36843 11681 11744 5 30929 30930 111085 111156 31089
36844 11681 11821 7 30930 30927 111187 111188 124220 111246 111084
36845 11681 11774 4 30927 30929 31088 124119
36846 11744 11821 5 30928 30930 111083 124239 124240
36847 11593 11432 5 30931 30932 146221 148978 123734
36848 11593 11560 5 30932 30933 146231 148794 146222
36849 11633 11560 5 30933 30934 149034 145115 145114
36850 11633 11432 5 30934 30931 35368 35365 148998
36851 11633 11593 6 30931 30933 146232 148565 148563 123735
36852 11560 11432 4 30932 30934 149033 146223
36853 11150 11210 5 30935 30936 105648 109602 148750
36854 11150 11087 6 30936 30937 128880 126529 109573 105647
36855 11115 11210 4 30938 30935 148751 127061
36856 11115 11150 3 30935 30937 128881
36857 11087 11210 5 30936 30938 127060 128937 105649
36858 11791 117 6 30940 30941 144217 33837 33840 110750
36859 11798 117 6 30941 30942 126380 126383 127000 127001
36860 11798 11637 4 30942 30939 143594 143593
36861 11798 11791 5 30939 30941 145017 144434 144435
36862 117 11637 4 30940 30942 144075 110751
36863 228 41 6 30944 30945 126337 126368 126199 126196
36864 41 145 7 30943 30945 125813 125812 125651 125648 126293
36865 9417 8902 6 30946 30947 121725 150900 46448 46449
36866 9417 9012 6 30947 30948 105668 105669 151607 121724
36867 8806 9012 7 30948 30949 48882 48880 48775 48776 150061
36868 8806 8902 6 30949 30946 46414 44568 44567 48295
36869 8806 9417 5 30946 30948 150066 151659 48974
36870 9012 8902 4 30947 30949 49282 121726
36871 457 571 5 30950 30951 127725 130526 31804
36872 457 293 3 30951 30952 109589
36873 448 293 4 30952 30953 128825 109591
36874 448 571 7 30953 30950 31806 128617 128616 130004 129635
36875 448 457 8 30950 30952 109590 129526 130596 130532 129369 31805
36876 543 687 3 30954 30955 129643
36877 543 506 6 30955 30956 128730 129681 126705 126703
36878 569 543 6 30954 30956 128731 128732 128733 129713
36879 10538 10313 6 30957 30958 102678 102679 110641 110463
36880 10538 10233 7 30958 30959 35391 35389 103781 110345 104648
36881 10210 10538 3 30957 30959 110464
36882 9588 9466 6 30960 30961 102743 103297 99317 99318
36883 11043 11093 7 30962 30963 111799 111985 111547 111265 111267
36884 11042 10806 5 30964 30965 31164 146991 146047
36885 11042 10895 10 30965 30966 145986 145987 146968 146128 146129 131154 131155 31165
36886 10742 10895 5 30966 30967 33534 146938 146414
36887 10742 11042 4 30964 30966 146113 146048
36888 10895 10806 5 30965 30967 33532 154302 31166
36889 11713 180 4 30968 30969 134295 134296
36890 86 11887 4 30970 30971 129137 129134
36891 86 180 8 30971 30968 134053 120896 120898 109684 109681 134390
36892 86 11713 6 30968 30970 150176 150233 149418 149417
36893 10788 10699 8 30973 30974 31182 31183 145655 148180 31788 31789
36894 10540 10699 5 30974 30975 34753 156607 147388
36895 10540 10567 5 30975 30972 145499 144906 34752
36896 10540 10788 5 30972 30974 147387 147626 147422
36897 10699 10567 6 30973 30975 34751 147467 145616 145617
36898 10448 10492 6 30976 30977 147740 147741 147873 148120
36899 10448 10370 5 30977 30978 147893 33177 33175
36900 10556 10370 7 30978 30979 148035 33201 33198 148060 148010
36901 10556 10492 5 30979 30976 147944 35159 35158
36902 10556 10448 5 30976 30978 148009 148096 148112
36903 10370 10492 4 30977 30979 148034 147896
36904 8210 8592 5 30980 30982 39030 39579 39580
36905 11555 11449 5 30983 30984 144948 124315 124314
36906 11449 11665 3 30983 30985 144925
36907 9205 9674 8 30987 30988 152542 152546 49208 49206 33228 33231
36908 9695 9674 6 30988 30989 46435 34198 34201 152543
36909 9695 9417 6 30989 30986 152545 151616 106045 46433
36910 9695 9205 3 30986 30988 152541
36911 9674 9417 5 30987 30989 46434 150503 48310
36912 11249 11235 7 30990 30991 110201 128897 128898 145202 144901
36913 11249 11332 7 30991 30992 145169 145170 145179 145150 110202
36914 11286 11332 7 30992 30993 145167 31854 31857 148790 145182
36915 11286 11249 3 30990 30992 144902
36916 11332 11235 3 30991 30993 110203
36917 10903 11112 3 30994 30995 144553
36918 11351 11081 7 30996 30997 111115 109381 109382 111078 111079
36919 10946 11187 5 30998 30999 109529 110314 110336
36920 10946 11351 4 30996 30998 111306 111408
36921 10662 10754 11 31000 31001 148459 145460 145461 148267 148293 149261 148199 147932 147833
36922 10772 10754 9 31002 31000 31261 31260 148756 144484 144486 147188 147187
36923 11631 11701 4 31003 31004 111107 124335
36924 11873 11701 6 31004 31005 109530 109532 33731 33728
36925 11456 11208 5 31006 31007 145122 144782 144781
36926 11456 11468 6 31007 31008 110800 110798 144700 145123
36927 11326 11468 6 31008 31009 111091 111093 144438 144439
36928 11326 11208 4 31009 31006 112362 112361
36929 11468 11208 6 31007 31009 31887 31889 31948 31949
36930 11852 121 7 31010 31011 134607 146471 146472 154312 131907
36931 11852 272 4 31011 31012 130286 130284
36932 110 121 3 31013 31010 131909
36933 110 11852 7 31010 31012 146479 154659 33007 33006 131908
36934 972 1090 7 31014 31015 118066 118211 114800 114502 114503
36935 972 1265 6 31015 31016 111664 118007 114261 114264
36936 1191 1265 6 31016 31017 117798 117799 118101 111666
36937 1191 1090 3 31017 31014 123555
36938 1191 972 4 31014 31016 111665 123554
36939 1265 1090 6 31015 31017 124902 125037 125029 118067
36940 11458 11351 5 31018 31019 108725 108723 111430
36941 11458 11614 4 31019 31020 111322 111261
36942 11445 11614 6 31020 31021 109387 109388 111257 111258
36943 11445 11351 10 31021 31018 111441 111319 111321 111453 111452 111456 109376 109375
36944 11445 11458 5 31018 31020 108688 108685 111440
36945 11614 11351 6 31019 31021 109629 111429 109390 109392
36946 11081 10929 8 31022 31023 32089 111463 111439 111078 31724 31725
36947 10946 10903 5 31024 31025 110375 110377 110393
36948 10946 10929 6 31025 31022 31989 110776 110803 110934
36949 10903 10929 9 31023 31025 110935 110859 110860 110930 110912 110338 32090
36950 9908 10056 5 31026 31027 102829 103060 102832
36951 10005 10056 9 31028 31026 102833 103063 103391 103584 103067 103069 103066
36952 10096 10056 7 31027 31028 103064 103055 103027 103026 102831
36953 9305 9029 6 31030 31031 157215 157189 157188 157084
36954 8978 9305 5 31029 31031 157219 147927 39182
36955 7979 9120 8 31032 31033 35947 35944 156731 155672 34275 34274
36956 11179 11127 3 31034 31035 144604
36957 11179 11176 6 31035 31036 158912 112253 112252 143443
36958 11100 11176 3 31036 31037 158909
36959 11100 11127 6 31037 31034 144723 145440 145441 157480
36960 11100 11179 6 31034 31036 158911 108306 108305 144722
36961 11176 11127 7 31035 31037 158908 112114 112113 126310 144605
36962 9025 8984 7 31038 31039 38120 37569 34231 34229 47177
36963 9025 8727 9 31039 31040 36530 36533 38553 38090 38021 38023 38121
36964 9040 8727 4 31040 31041 37360 36616
36965 9040 8984 7 31041 31038 47179 157593 38575 38574 37891
36966 9040 9025 7 31038 31040 36615 38122 38488 38549 47178
36967 8727 8984 3 31039 31041 37892
36968 10075 9682 6 31042 31043 40268 156423 155944 155946
36969 10075 10036 5 31043 31044 156760 156758 40269
36970 9800 10036 7 31044 31045 40039 153818 152737 152740 153769
36971 9800 9682 10 31045 31042 123784 34292 34294 153915 153913 42036 42001 40037
36972 9800 10075 4 31042 31044 40224 40223
36973 10036 9682 3 31043 31045 40038
36974 159 212 4 31046 31047 126702 126420
36975 159 403 3 31047 31048 126578
36976 275 212 4 31049 31046 126421 126887
36977 403 212 6 31047 31049 126820 126511 31953 31952
36978 228 425 4 31051 31050 126238 31057
36979 468 318 6 31053 31054 142677 143008 142896 131174
36980 314 318 5 31054 31055 142564 142881 142679
36981 314 235 5 31055 31052 131157 143017 142563
36982 314 468 4 31052 31054 142678 131156
36983 318 235 6 31053 31055 133086 133084 142670 131175
36984 390 228 5 31057 31058 126412 126646 126237
36985 10802 10848 8 31060 31061 106129 106130 148902 148325 148324 149584
36986 10802 10566 6 31061 31059 32167 32169 110260 149960
36987 10802 10546 3 31059 31060 149741
36988 10 559 5 31064 31062 131901 131199 130063
36989 9452 9683 3 31066 31067 153824
36990 9623 9683 10 31067 31068 153670 153671 153667 153276 153132 153131 153115 153114
36991 9623 9652 4 31068 31065 46046 46050
36992 9623 9452 10 31065 31067 153825 147622 147621 153951 153836 153837 153931 46045
36993 9683 9652 8 31066 31068 153662 153537 153396 153397 153641 153640
36994 15 11781 6 31071 31072 109536 126626 148813 148812
36995 15 11805 9 31072 31069 148856 124152 124149 124199 145113 128834 109534
36996 15 11439 4 31069 31071 149615 149318
36997 11781 11805 4 31070 31072 109535 149080
36998 11312 11215 6 31073 31074 147319 147317 153978 147095
36999 11312 11408 7 31074 31075 147309 146008 146007 146547 147320
37000 404 244 5 31076 31077 126896 126956 127066
37001 404 507 7 31077 31078 126620 126623 31248 31249 126897
37002 275 244 6 31079 31076 127072 126579 126512 126514
37003 275 404 5 31076 31078 126973 126974 127057
37004 507 244 4 31077 31079 126771 126768
37005 11014 11034 3 31081 31082 112364
37006 10904 11034 7 31082 31083 145439 158468 158295 145357 145356
37007 10904 11141 5 31083 31080 144587 144993 145438
37008 10904 11014 5 31080 31082 31955 31957 144586
37009 11873 11573 6 31086 31084 31832 111106 33728 33730
37010 11848 11573 4 31085 31086 109438 128464
37011 11774 11551 7 31087 31088 128750 124683 124681 144826 144827
37012 11681 11551 8 31088 31089 111094 110280 110281 109070 109068 126840
37013 11551 11744 5 31087 31089 111157 111206 111208
37014 11613 11861 8 31090 31091 143796 144556 144463 144462 107504 107507
37015 11820 11861 6 31091 31092 31101 31102 126321 126322
37016 11219 11573 4 31093 31094 145197 145196
37017 11219 11631 3 31094 31095 145174
37018 11468 11573 5 31096 31093 128673 126900 124334
37019 11468 11219 5 31093 31095 31946 31948 144961
37020 11631 11573 7 31094 31096 111107 111106 110637 110636 128678
37021 10285 10653 6 31097 31098 156678 156644 156645 156653
37022 10285 10722 5 31098 31099 42336 143632 156673
37023 10801 10722 8 31099 31100 156047 155638 34339 34341 34716 42337
37024 10801 10653 4 31100 31097 143781 143782
37025 10722 10653 8 31098 31100 34605 34607 156229 41991 41989 42000
37026 11577 112 5 31103 31104 144456 31893 31891
37027 112 11861 4 31102 31104 144496 143489
37028 342 377 8 31105 31106 131607 131768 131772 131777 131775 131766
37029 697 377 3 31106 31107 129791
37030 377 562 4 31105 31107 128972 128971
37031 11588 11531 6 31108 31109 143001 144055 144054 144038
37032 11316 11516 4 31110 31111 143565 143563
37033 11316 11531 5 31111 31108 144040 144389 144388
37034 11316 11588 5 31108 31110 143783 143785 144039
37035 11516 11531 6 31109 31111 141622 141621 143729 143003
37036 10121 10242 9 31112 31113 34378 103618 103620 112339 103586 34374 34375
37037 10121 9957 7 31113 31114 103617 103658 110469 102848 34379
37038 9894 10121 4 31112 31114 103616 103613
37039 9715 9676 6 31115 31116 42186 153925 152818 42174
37040 8330 9676 5 31118 31115 42175 58159 58158
37041 8330 9715 5 31115 31117 34018 39862 42064
37042 7748 9676 4 31116 31118 58198 42187
37043 11061 10818 7 31119 31120 146682 146683 34808 34807 147038
37044 11061 11140 6 31120 31121 32334 146264 33256 33259
37045 10873 11061 3 31119 31121 32335
37046 11140 10818 3 31120 31122 147037
37047 11016 10897 6 31123 31124 147744 145396 145397 147668
37048 11016 10840 5 31124 31125 147116 148179 148189
37049 11054 10897 5 31126 31123 147465 147336 147337
37050 11054 11016 5 31123 31125 146160 146159 148188
37051 10819 10988 5 31127 31128 144647 144595 144596
37052 10988 11054 4 31127 31129 34930 34927
37053 11303 10999 3 31131 31132 126987
37054 11194 10999 7 31132 31133 31332 147667 156416 144033 126989
37055 11194 11222 5 31133 31130 143993 146695 31331
37056 11194 11303 5 31130 31132 126988 144276 143992
37057 10999 11222 6 31131 31133 31330 145692 144197 143551
37058 10422 10359 3 31134 31135 128938
37059 10422 10269 7 31135 31136 154517 154558 154622 33899 33902
37060 10413 10269 5 31136 31137 149191 44792 44790
37061 10413 10359 6 31137 31134 153720 153721 154403 149189
37062 10413 10422 5 31134 31136 154454 146633 146632
37063 10269 10359 9 31135 31137 149190 150760 154484 150629 150628 154436 128939
37064 10599 11197 9 31138 31139 151109 48774 32769 32770 151035 150835 150836
37065 10599 11642 4 31139 31140 150819 151110
37066 11306 11642 8 31140 31141 151045 151135 150923 150924 151187 150820
37067 11306 11197 6 31141 31138 133837 133834 151210 151044
37068 11306 10599 6 31138 31140 150225 150224 151327 150889
37069 11642 11197 4 31139 31141 133693 133695
37070 11059 11471 6 31142 31143 137525 155591 155360 155361
37071 11059 10698 4 31143 31144 142596 137524
37072 11213 10698 6 31144 31145 133119 155431 155366 142598
37073 11213 11471 8 31145 31142 142405 142407 142450 155521 141548 133118
37074 11213 11059 4 31142 31144 142597 142817
37075 10698 11471 4 31143 31145 133117 137526
37076 10288 10079 6 31148 31146 151919 148416 145081 145080
37077 10288 10257 6 31146 31147 154401 152784 152785 151918
37078 10062 10078 10 31149 31150 43941 43939 154380 33039 33040 152422 152420 152215
37079 10062 9632 6 31150 31151 33489 33492 152304 154395
37080 9766 9632 8 31151 31152 48997 152271 44714 33706 33708 152967
37081 9766 10078 5 31152 31149 152217 152376 48996
37082 9766 10062 4 31149 31151 153660 152216
37083 9632 10078 3 31150 31152 48995
37084 10276 11801 8 31153 31154 155246 154143 154144 155010 44894 44895
37085 10276 10870 5 31154 31155 133000 132999 154471
37086 10755 10870 6 31155 31156 133609 154844 133718 133719
37087 10755 11801 3 31156 31153 133608
37088 10870 11801 6 31154 31156 133607 151180 151179 155242
37089 10819 10800 5 31157 31158 109880 144647 144612
37090 10819 10671 5 31158 31159 145569 145427 109879
37091 10683 10671 6 31159 31160 145265 143353 143352 145570
37092 10683 10800 6 31160 31157 144613 144714 158882 145264
37093 10683 10819 5 31157 31159 145568 110987 110986
37094 10671 10800 8 31158 31160 145263 34529 34531 147780 145199 109881
37095 10996 10999 6 31161 31162 145657 147666 31332 31330
37096 10730 10999 5 31162 31163 145509 156383 145658
37097 10999 11055 6 31161 31163 145479 145478 145709 145692
37098 11042 10953 3 31164 31165 145747
37099 10895 10953 6 31165 31166 154303 146719 145807 145748
37100 10485 10565 4 31168 31169 147737 147934
37101 10485 10588 6 31169 31167 31264 147730 147733 147732
37102 10485 10419 8 31167 31168 158614 158640 147829 147828 147739 31263
37103 11017 10627 6 31171 31172 150593 150591 154175 154172
37104 11017 10796 5 31172 31170 146449 146451 146697
37105 11017 10908 4 31170 31171 154462 154185
37106 7910 6420 6 31173 31174 95963 75869 75868 96384
37107 8689 6420 5 31175 31173 96386 151207 48422
37108 8182 6420 6 31174 31175 48423 48378 48379 48564
37109 703 866 4 31176 31177 124843 127451
37110 273 400 5 31181 31179 127507 126874 126873
37111 273 253 10 31179 31180 126581 126610 126909 128541 144953 130619 126171 126170
37112 10788 10759 7 31183 31184 147353 147351 147694 34953 34954
37113 10590 10759 4 31184 31185 130816 146348
37114 10590 10699 6 31185 31182 147388 156603 145572 130815
37115 10590 10788 6 31182 31184 147774 148068 147627 147387
37116 10759 10699 5 31183 31185 130814 130493 130495
37117 6276 6146 5 31186 31188 50968 50686 50685
37118 8524 8509 4 31189 31190 38430 38428
37119 8783 8509 4 31191 31189 39589 33486
37120 11653 11485 7 31192 31193 130196 150392 154441 154498 150433
37121 11653 11572 6 31193 31194 150426 134318 134319 130197
37122 11384 11572 7 31194 31195 149563 149409 149411 31359 31358
37123 11384 11485 6 31195 31192 134576 134575 33570 33572
37124 11384 11653 4 31192 31194 150427 150432
37125 11572 11485 3 31193 31195 130198
37126 11698 11547 4 31196 31197 154849 132980
37127 11698 11788 7 31197 31198 34289 132025 154854 154853 154850
37128 11013 11788 4 31198 31199 32195 34290
37129 11013 11547 7 31199 31196 132982 42169 42170 34105 32193
37130 11013 11698 5 31196 31198 34288 155356 132981
37131 11096 11271 5 31200 31201 103844 121784 121782
37132 11096 10765 6 31201 31202 150322 149400 149401 103845
37133 11377 10765 4 31202 31203 46475 46476
37134 11377 11096 4 31200 31202 150215 134709
37135 11501 885 6 31204 31205 155863 155777 155780 155685
37136 11501 964 4 31205 31206 142290 142289
37137 678 964 4 31206 31207 142155 142154
37138 678 885 5 31207 31204 142038 58757 58756
37139 678 11501 8 31204 31206 155706 155915 155914 156010 142297 142298
37140 11021 10912 8 31208 31209 148386 31279 31282 154457 146970 146969
37141 11021 10990 3 31209 31210 149370
37142 11200 10990 7 31210 31211 146973 33612 33615 149469 149371
37143 11200 10912 3 31211 31208 146972
37144 11200 11021 8 31208 31210 130230 130224 130225 146109 146511 146971
37145 10990 10912 7 31209 31211 146966 146776 146778 148409 148408
37146 11338 11648 4 31212 31213 142882 146271
37147 11648 11474 4 31212 31214 146347 146272
37148 11049 10873 3 31215 31216 146568
37149 10865 10990 3 31217 31218 32254
37150 11048 10874 6 31220 31221 112374 145234 128338 103512
37151 11048 10849 4 31219 31220 103510 110863
37152 11345 11490 4 31222 31223 109905 109463
37153 11459 11490 4 31224 31222 109465 109541
37154 11120 11104 5 31225 31226 103121 105612 149786
37155 11124 11104 3 31228 31225 148917
37156 11124 11120 9 31225 31227 103825 110062 110058 105655 105657 109227 148820
37157 11207 11104 8 31226 31228 110064 110065 110179 109915 109914 103122
37158 666 506 3 31229 31230 129561
37159 513 702 4 31231 31232 126926 126855
37160 513 506 8 31232 31229 126704 126705 130537 126845 123757 123759
37161 11492 11363 7 31233 31234 147362 147365 123763 123764 149117
37162 11492 11228 5 31234 31235 149107 145452 145450
37163 11291 11492 4 31233 31235 149106 149120
37164 10733 10746 6 31236 31237 149973 150666 134240 134241
37165 10733 10589 6 31237 31238 109907 149213 150652 149972
37166 10487 10589 7 31238 31239 149807 149265 149268 131203 109908
37167 10487 10746 4 31239 31236 150112 149806
37168 10487 10733 5 31236 31238 109906 150177 150304
37169 10589 10746 5 31237 31239 149805 150614 149974
37170 1219 949 7 31240 31241 122874 122872 122873 122881 101924
37171 1219 1336 6 31241 31242 122853 122944 122945 122927
37172 1532 1336 10 31242 31243 109273 109272 122894 122892 122862 108786 108785 122855
37173 1532 949 5 31243 31240 101926 108895 108894
37174 1532 1219 4 31240 31242 122854 101925
37175 1336 949 5 31241 31243 118277 122888 122912
37176 10338 10365 8 31245 31246 147787 156624 34330 34333 147548 145596
37177 10292 10338 5 31244 31246 147786 156600 146779
37178 564 507 5 31247 31248 130724 130991 127076
37179 507 502 5 31247 31249 126905 126907 127077
37180 9373 9308 7 31250 31251 33141 32939 32940 33128 33138
37181 9373 9173 4 31251 31252 33136 33134
37182 9254 9173 8 31252 31253 47090 150027 150874 150875 151680 105494
37183 9254 9308 5 31253 31250 33140 104044 47088
37184 9173 9308 7 31251 31253 47089 150901 150903 151651 33142
37185 11466 11668 7 31254 31255 145165 110224 110225 145139 145166
37186 11559 11762 5 31256 31257 145044 145140 31736
37187 11559 11466 7 31254 31256 31735 145181 145176 145155 145154
37188 10979 10797 6 31258 31259 148285 145518 145516 147933
37189 10979 10772 5 31259 31260 148755 144883 144881
37190 10754 10797 3 31261 31258 147833
37191 10754 10979 4 31258 31260 148198 147932
37192 10473 10419 6 31262 31263 147698 145379 145380 147758
37193 10473 10485 5 31263 31264 31767 31765 147738
37194 10588 10473 5 31262 31264 147729 148213 147830
37195 10068 10064 8 31265 31266 157534 158221 38873 38874 158172 32987
37196 10063 10064 6 31267 31265 32989 157487 157489 157514
37197 9943 10064 4 31266 31267 157513 157535
37198 11115 11142 7 31268 31269 129345 129346 144991 144992 148792
37199 11115 10836 4 31269 31270 145068 145066
37200 11026 11115 6 31268 31270 148754 148758 148865 148793
37201 11140 11146 3 31271 31272 146977
37202 11140 11042 7 31272 31273 146850 146851 147026 147036 146980
37203 11036 11042 5 31273 31274 146047 146048 146111
37204 11036 11146 7 31274 31271 146979 147284 146994 146260 146259
37205 11036 11140 7 31271 31273 146986 147037 33259 33258 146978
37206 11042 11146 7 31272 31274 146991 145747 131155 131152 146890
37207 10794 10719 6 31275 31276 156590 156461 143716 143717
37208 10794 10279 5 31276 31277 147444 147443 156655
37209 10653 10279 5 31277 31278 154677 156520 156645
37210 10653 10719 4 31278 31275 143651 143648
37211 10653 10794 5 31275 31277 156653 143781 143780
37212 10279 10719 6 31276 31278 144268 144270 156337 156384
37213 10700 11021 4 31279 31280 129657 146368
37214 10700 11017 5 31280 31281 33644 33643 129656
37215 10912 11017 3 31281 31282 154438
37216 10912 10700 8 31279 31281 154437 146957 146956 146960 146736 146735
37217 11521 11554 9 31283 31284 146006 145930 131214 131212 144307 144308 143112
37218 11521 11408 4 31284 31285 34423 146007
37219 11288 11408 9 31285 31286 145811 145813 146666 147221 147220 147320 34425
37220 11288 11554 3 31286 31283 143114
37221 11288 11521 5 31283 31285 34424 146656 143113
37222 11408 11554 8 31284 31286 143679 143680 33853 33852 146051 146008
37223 502 948 5 31289 31287 126965 130958 130959
37224 11717 162 6 31290 31291 145997 145996 149011 144907
37225 11717 168 4 31291 31292 126349 126347
37226 25 168 7 31292 31293 128646 128863 128858 128856 128857
37227 25 162 3 31293 31290 128645
37228 25 11717 7 31290 31292 149013 149012 148870 148872 144908
37229 168 162 9 31291 31293 32200 32202 130597 130602 130581 130580 148878
37230 9842 9911 7 31294 31295 151356 151614 151622 151367 150063
37231 9842 9764 6 31295 31296 151594 151626 151593 151357
37232 9858 9764 4 31296 31297 151564 151563
37233 9858 9911 6 31297 31294 150064 151576 151575 151590
37234 9764 9911 5 31295 31297 150132 150131 151358
37235 9984 9967 4 31298 31299 158116 148612
37236 9984 10210 4 31299 31300 103504 157257
37237 10233 9967 4 31301 31298 148614 148435
37238 10233 9984 8 31298 31300 102959 102958 158485 158457 158432 148613
37239 10210 9967 7 31299 31301 145367 144980 144982 148629 151629
37240 10186 10267 4 31302 31303 33164 148527
37241 10186 10244 7 31303 31304 158154 32268 32269 110551 33165
37242 10173 10244 7 31304 31305 148248 157225 158495 158496 158533
37243 10173 10267 6 31305 31302 148469 148468 158458 148247
37244 10173 10186 6 31302 31304 158534 148584 148549 148526
37245 10244 10267 5 31303 31305 33225 33224 33166
37246 11141 11128 6 31306 31307 144609 112357 112358 110679
37247 11141 11191 5 31307 31308 145309 110747 110746
37248 11248 11191 5 31308 31309 109134 144809 144846
37249 11248 11128 4 31309 31306 110681 109132
37250 11191 11128 7 31307 31309 109133 144915 110980 110979 144995
37251 10595 10550 4 31310 31311 103693 103611
37252 10595 10614 8 31311 31312 110929 103787 103788 104569 110427 110325
37253 10768 10550 9 31313 31310 103612 112276 110919 110918 111842 110955 103702
37254 10768 10595 8 31310 31312 110931 110932 111170 110607 102968 102970
37255 11336 11327 5 31314 31315 145557 31714 31715
37256 11336 11245 4 31315 31316 111104 111102
37257 11055 11245 6 31316 31317 145275 145274 145877 145719
37258 11055 11327 4 31317 31314 145559 145522
37259 11245 11327 6 31315 31317 145523 147312 146394 145558
37260 11815 107 5 31319 31320 130148 130149 132555
37261 5 107 7 31320 31321 131419 131420 131661 131662 131808
37262 5 11765 6 31321 31318 34540 127059 131730 131732
37263 5 11815 3 31318 31320 34539
37264 9214 9211 6 31322 31323 156576 156577 157006 153862
37265 9214 9362 6 31323 31324 157008 156796 156794 156793
37266 9381 9362 5 31324 31325 156913 157020 157022
37267 9381 9211 9 31325 31322 153863 157179 38512 38514 156565 156564 156911
37268 9381 9214 4 31322 31324 156974 153861
37269 9362 9211 3 31323 31325 156912
37270 10759 11143 3 31327 31328 145648
37271 10909 11143 9 31328 31329 34537 147286 147283 146288 146287 147023 145694
37272 10909 10725 4 31329 31326 34585 34536
37273 10909 10759 5 31326 31328 145693 145675 34584
37274 11143 10725 5 31327 31329 31615 31612 31633
37275 10996 11194 4 31331 31332 58666 58665
37276 11106 11241 6 31333 31334 144607 144606 145720 146853
37277 11106 11003 8 31334 31335 31703 31907 145554 145399 145398 145705
37278 11133 11003 6 31335 31336 146296 103564 103566 31705
37279 11133 11241 7 31336 31333 146782 31493 31495 147060 146295
37280 11133 11106 3 31333 31335 31704
37281 11003 11241 5 31334 31336 146294 31463 31462
37282 11880 11575 6 31337 31338 126946 143460 143458 143988
37283 152 11575 6 31339 31337 145923 145922 145904 145905
37284 11825 11575 3 31338 31339 126948
37285 610 267 4 31341 31342 130346 131075
37286 610 221 4 31342 31340 142556 130345
37287 610 554 8 31340 31341 131171 131183 131182 142639 143095 142555
37288 11406 11421 6 31343 31344 34650 155757 156007 141793
37289 11406 11185 4 31344 31345 156000 34649
37290 11088 11185 4 31345 31346 156074 156073
37291 11088 11421 5 31346 31343 141795 31474 31476
37292 11088 11406 8 31343 31345 145688 126411 126410 143909 143911 141794
37293 11185 11421 7 31344 31346 156053 156052 156103 156091 34651
37294 10841 10926 6 31347 31348 154697 146355 146353 147345
37295 10841 10816 5 31348 31349 33924 33927 154698
37296 11109 10816 5 31349 31350 146406 146405 154748
37297 11109 10841 7 31347 31349 154734 154727 154719 154718 156362
37298 731 397 4 31352 31353 130768 143329
37299 731 509 5 31353 31351 126980 127125 130767
37300 731 490 5 31351 31352 143426 143405 126979
37301 11268 11431 8 31354 31355 156302 154774 154775 156284 156285 156290
37302 11268 10947 6 31355 31356 156130 156129 147439 147441
37303 10942 10947 5 31356 31357 154703 154702 155577
37304 10942 11431 4 31357 31354 156126 156124
37305 10942 11268 8 31354 31356 156131 152856 152857 156087 156289 156288
37306 10947 11431 4 31355 31357 156121 156122
37307 11294 11384 7 31359 31360 149396 149310 149309 150178 149441
37308 11384 11619 4 31358 31360 149428 150427
37309 10639 10948 5 31361 31362 155995 156098 33674
37310 10639 10997 5 31362 31363 33276 33277 147720
37311 10794 10997 5 31363 31364 34700 34698 34741
37312 10794 10948 5 31364 31361 33675 155976 156556
37313 10794 10639 7 31361 31363 41583 41607 156590 156655 33673
37314 9104 8890 7 31366 31367 102844 86349 86347 99574 99575
37315 8849 8890 6 31367 31368 98902 98900 37283 37282
37316 8849 9369 6 102825 31368 31365 102673 102674 -1
37317 8849 9104 4 31365 31367 102843 102846
37318 8890 9369 3 31366 31368 102826
37319 9475 9611 4 31370 31371 38562 98697
37320 9518 9611 8 31371 31372 34964 34966 145626 157518 157517 38563
37321 9518 9459 3 31372 31369 157692
37322 9518 9475 6 31369 31371 38561 157579 157660 157662
37323 9611 9459 5 31370 31372 157278 157280 157681
37324 9718 9800 8 31373 31374 44501 44499 44924 145643 154036 153864
37325 9718 9974 3 31374 31375 153808
37326 9892 9974 7 31375 31376 153727 153636 153639 153802 153810
37327 9892 9800 3 31376 31373 153838
37328 9892 9718 7 31373 31375 152980 39984 39981 153624 153626
37329 9974 9800 7 31374 31376 153839 153877 153886 153895 153809
37330 482 241 4 31377 31378 32043 126931
37331 618 241 5 31379 31377 126933 131054 131053
37332 1335 1103 5 31381 31382 32402 32405 134768
37333 1100 1103 6 31382 31383 120972 120973 134985 134915
37334 1100 956 4 31383 31380 132290 134696
37335 1100 1335 4 31380 31382 134626 132289
37336 1103 956 5 31381 31383 122764 122765 134665
37337 9031 8673 9 31384 31385 44403 154224 152810 44681 44682 45906 44477
37338 8528 9031 4 31384 31386 42963 44478
37339 8799 8948 6 31387 31388 37792 103714 37680 37679
37340 8799 8798 5 31388 31389 36457 36458 37560
37341 8753 8799 4 31387 31389 37649 37781
37342 9052 8935 6 31390 31391 39518 39530 39531 38655
37343 9052 9046 8 31391 31392 39486 157234 34788 34786 39272 39270
37344 8945 9046 6 31392 31393 39230 39280 35484 35482
37345 8945 8935 8 31393 31390 38657 39501 39498 39497 39188 39187
37346 8945 9052 4 31390 31392 39415 38656
37347 9046 8935 3 31391 31393 39229
37348 10610 10586 10 31394 31395 112441 112508 112500 111898 111899 111950 112414 112515
37349 8415 7390 8 31396 31397 41983 41636 40030 40031 41691 40350
37350 8415 7909 4 31397 31398 41987 41984
37351 7978 7909 8 31398 31399 40569 40213 40212 40197 40198 40201
37352 7978 7390 5 31399 31396 40352 41870 41868
37353 7978 8415 9 31396 31398 41985 41946 41894 41895 41943 41980 40351
37354 8344 8582 5 31400 31401 39553 39623 39621
37355 8344 8555 6 31401 31402 34838 34836 45249 39554
37356 8669 8555 5 31402 31403 39508 39584 39600
37357 11282 11233 5 31404 31405 111443 111442 111477
37358 10832 11276 6 31406 31407 108335 108083 107660 107658
37359 10832 11282 4 31404 31406 108902 111233
37360 11276 11233 4 31405 31407 108334 108493
37361 9899 9687 5 31408 31409 35094 31793 31792
37362 9424 9421 6 31413 31411 157264 157524 157591 157586
37363 9424 9255 6 31411 31412 158376 158350 157766 157263
37364 9940 9933 9 31414 31415 153007 153005 153410 152643 152644 153597 153008
37365 10080 9933 7 31415 31416 152972 152476 152170 152171 153064
37366 9933 10201 4 31414 31416 152971 152973
37367 10110 10163 6 31420 31417 33746 146519 146520 31516
37368 10110 10172 4 31417 31419 148008 33744
37369 10263 10163 3 31418 31420 31517
37370 10419 10567 4 31421 31422 145555 147758
37371 10217 10223 5 31425 31423 105590 105481 105480
37372 9239 9188 6 31426 31427 152006 153227 153208 44882
37373 9239 9365 4 31427 31428 153377 152007
37374 9107 9365 6 31428 31429 153257 153258 46919 46920
37375 9107 9188 7 31429 31426 44884 153309 153316 153140 153139
37376 9107 9239 7 31426 31428 35281 35280 38071 153512 44883
37377 9365 9188 3 31427 31429 152008
37378 1271 1720 6 31430 31431 140386 127792 58794 58795
37379 1271 1748 6 143396 140387 31431 31432 143399 -1
37380 1868 1748 5 31432 31433 141720 142100 142102
37381 1868 1720 6 31433 31430 57564 57563 141779 141719
37382 9161 9009 8 31435 31436 103191 102632 102630 103195 103189 103187
37383 9062 9009 4 31436 31437 93375 93374
37384 9062 9326 5 31437 31434 103101 103286 102842
37385 9062 9161 6 31434 31436 103192 102990 34382 34383
37386 9009 9326 6 31435 31437 102841 98775 98772 98897
37387 11028 8791 6 31440 31441 58695 155852 155867 58560
37388 11028 9247 5 31441 31438 155587 35210 35211
37389 8791 9247 9 31439 31441 58694 155791 155805 155808 155826 142169 132694
37390 9834 9686 4 31443 31444 157731 157428
37391 9740 9686 7 31444 31445 147533 145350 145351 158513 157732
37392 9740 9844 4 31445 31442 157808 147532
37393 9740 9834 4 31442 31444 157730 158674
37394 9686 9844 6 31443 31445 147531 158625 157739 157429
37395 9016 8751 4 31446 31447 35013 39231
37396 9016 8897 5 31447 31448 156499 36520 35014
37397 8970 8897 5 31448 31449 36266 36265 156500
37398 8970 9016 5 31446 31448 39474 39475 39232
37399 8897 8751 7 31447 31449 39335 39334 39333 39241 35015
37400 10321 10432 4 31450 31451 157004 157076
37401 10321 10498 6 31451 31452 146755 39479 39480 157005
37402 10358 10498 5 31452 31453 143754 143755 156598
37403 10358 10321 6 31450 31452 156723 41760 33242 33239
37404 10498 10432 7 31451 31453 156544 156553 156988 34811 34810
37405 10669 10607 7 31454 31455 147144 147142 147179 145695 145520
37406 10669 10602 5 31455 31456 147835 147706 147707
37407 10556 10607 4 31457 31454 145521 147543
37408 10556 10669 6 31454 31456 148165 144773 31733 31732
37409 11284 11497 5 31458 31459 145932 34702 34703
37410 11284 11526 3 31459 31460 144420
37411 11371 11526 5 31460 31461 144576 144418 144415
37412 11371 11497 6 31461 31458 144916 125465 125467 144560
37413 11371 11284 6 31458 31460 144419 145837 145715 145701
37414 11526 11497 5 31459 31461 143919 143917 145929
37415 11241 10950 3 31463 31464 147071
37416 11228 10950 5 31464 31465 145085 108441 108443
37417 11228 11003 5 31465 31462 145705 147029 145084
37418 11228 11241 10 31462 31464 147003 147005 32373 32375 147014 146211 144608 144607
37419 10950 11003 8 31463 31465 145083 146062 144984 103565 103564 146718
37420 9971 9804 6 31466 31467 152363 152526 152439 146883
37421 9971 10016 7 31467 31468 150807 150642 150641 149897 149895
37422 9981 10016 6 31468 31469 152344 152109 152108 152316
37423 9981 9804 5 31469 31466 146885 152330 152348
37424 9981 9971 5 31466 31468 150706 150705 146884
37425 10016 9804 3 31467 31469 152347
37426 8706 8781 8 31471 31472 37968 37969 38111 38318 38321 34182
37427 10948 11421 6 156424 31473 31474 33047 33048 -1
37428 10948 11088 5 31474 31475 156630 156556 143936
37429 10972 11088 5 31475 31476 156074 143777 143778
37430 10972 11421 5 31476 31473 142111 142110 156053
37431 10972 10948 6 31473 31475 156594 35417 35418 155540
37432 7160 7056 9 31477 31478 55043 55359 54806 54805 37561 37562 52604
37433 7160 7262 7 31478 31479 55558 51590 51589 55265 55044
37434 7300 7056 9 31480 31477 52617 55572 36434 36433 36462 55530 51595
37435 7300 7160 3 31477 31479 52616
37436 7262 7056 3 31478 31480 51594
37437 10157 10132 4 31483 31484 131851 35139
37438 10157 10346 7 31484 31481 33973 147649 147647 35129 35128
37439 10157 10207 4 31481 31483 35137 33972
37440 10132 10346 4 31482 31484 147079 147077
37441 8926 9088 5 31485 31486 45075 147504 155895
37442 8808 9088 6 31487 31485 156902 39325 34834 34831
37443 10344 10210 5 31489 31490 148360 148359 148361
37444 10200 10210 5 31490 31491 104445 104446 147045
37445 10200 10182 6 31491 31488 32839 32842 32841 151728
37446 10200 10344 5 31488 31490 148519 104631 32838
37447 10210 10182 7 31489 31491 151630 148629 110453 104367 104368
37448 11223 11241 7 31492 31493 146781 145720 145072 145075 147245
37449 11223 11133 4 31493 31494 31675 31676
37450 11360 11133 4 31494 31495 147061 145680
37451 11360 11241 5 31495 31492 146703 146702 147059
37452 11360 11223 6 31492 31494 145284 145285 147088 147243
37453 11125 11226 5 31496 31497 150039 151317 106047
37454 11713 11507 9 31498 31499 149957 149656 149416 149417 134296 134297 31636
37455 11713 11226 6 31499 31496 106048 151257 149919 149918
37456 11713 11125 3 31496 31498 31634
37457 10364 10608 4 31500 31501 148083 148066
37458 10364 10457 7 31501 31502 32266 148308 148309 148422 148084
37459 10459 10457 3 31502 31503 31962
37460 10459 10608 6 31503 31500 148067 148251 148249 31961
37461 10459 10364 7 31500 31502 32267 31779 31778 147947 148053
37462 10457 10608 8 31501 31503 31599 31598 149185 147606 147607 148085
37463 10334 10455 4 31504 31505 152336 45010
37464 10334 10418 7 31505 31506 44805 44806 153797 154378 152337
37465 10290 10418 3 31506 31507 147392
37466 10290 10455 5 31507 31504 45012 147675 147390
37467 10290 10334 8 31504 31506 146898 49223 49222 152773 146767 45011
37468 39 11724 4 31508 31510 128554 128553
37469 43 11631 4 31509 31511 110991 110637
37470 10513 10378 5 31512 31513 156479 156936 156444
37471 10513 10553 6 31513 31514 34602 156236 156395 156436
37472 10263 10553 5 31514 31515 147604 147603 34603
37473 10263 10378 5 31515 31512 152979 147492 147494
37474 10263 10513 7 31512 31514 34601 143658 156456 156765 156445
37475 10110 10342 5 31518 31516 147560 147559 147529
37476 10263 10342 8 31517 31518 147414 147413 147602 147604 147494 147491
37477 11852 11810 5 31519 31520 154311 146472 146470
37478 11852 11485 4 31520 31521 149391 154441
37479 11342 11485 5 31521 31522 134477 131915 131912
37480 11342 11810 4 31522 31519 147561 134476
37481 11342 11852 4 31519 31521 127127 127129
37482 11485 11810 5 31520 31522 129003 129005 150392
37483 10142 9925 4 31525 31526 134636 149273
37484 10142 9971 4 31523 31525 149993 150681
37485 10207 10410 3 31527 31528 37553
37486 10125 10346 4 31529 31530 147678 33973
37487 10125 10410 6 31530 31527 156019 143656 143657 156159
37488 10125 10207 9 31527 31529 33972 35160 35161 143581 147776 156922 156018
37489 10346 10410 8 31528 31530 146762 145574 145576 153794 156618 37554
37490 10478 10224 6 31531 31532 41992 158791 158801 104996
37491 10478 10315 6 31532 31533 31571 158693 144450 41993
37492 10278 10315 5 31533 31534 147671 147673 31573
37493 10278 10224 6 31534 31531 104998 145612 145611 158652
37494 10315 10224 9 31532 31534 158650 158649 158626 158158 147470 145625 41994
37495 10565 10730 7 31535 31536 147655 145620 145621 144533 144536
37496 10565 10628 6 31536 31537 148514 158796 158595 147722
37497 10664 10628 7 31537 31538 143925 143898 143764 143762 148515
37498 10664 10730 6 31538 31535 143878 143877 143935 144580
37499 10664 10565 4 31535 31537 148513 145591
37500 10251 10308 6 31539 31540 147569 148030 147940 147939
37501 10251 10320 6 31540 31541 33280 31626 31624 147570
37502 10258 10308 7 31542 31539 147541 147542 147466 147326 147248
37503 10258 10251 4 31539 31541 34338 147631
37504 8804 8969 4 31543 31544 47147 47151
37505 8804 8687 9 31544 31545 47126 47022 47020 47467 47379 47149 47148
37506 8933 8687 3 31545 31546 47103
37507 8933 8969 8 31546 31543 47032 35265 35267 33358 33355 47068
37508 8687 8969 5 31544 31546 47102 46720 46721
37509 8899 8745 5 31547 31548 44995 44596 38080
37510 8899 8647 4 31548 31549 45596 45312
37511 8898 8647 7 31549 31550 38493 38492 36157 36159 45601
37512 8898 8745 4 31550 31547 38082 39565
37513 8898 8899 9 31547 31549 45600 45059 45056 44997 44999 45518 38081
37514 8647 8745 7 31548 31550 38706 38705 39376 39377 39739
37515 10146 10372 4 31551 31552 156504 156503
37516 10146 10279 6 31552 31553 156024 156646 156520 156519
37517 10026 10279 7 31553 31554 156555 157334 156647 156642 156025
37518 10026 10146 6 31551 31553 156023 156753 156870 156523
37519 10279 10372 9 31552 31554 156554 34934 34933 146756 156338 144270 144269
37520 8206 8686 4 31557 31559 42199 44517
37521 9812 9952 4 31563 31564 33439 33437
37522 9812 10026 8 31564 31565 154652 142762 33352 33351 156572 156574
37523 9962 10026 5 31565 31566 58915 147775 154654
37524 9962 9952 4 31566 31563 39471 58914
37525 9962 9812 6 31563 31565 154653 156705 157075 39470
37526 10026 9952 8 31564 31566 58913 156840 156842 156870 155395 155397
37527 9131 8812 6 31567 31568 104865 104913 104879 104878
37528 9131 9026 5 31568 31569 97358 104215 104793
37529 8844 9026 3 31569 31570 97360
37530 8844 8812 8 31570 31567 97502 97494 93293 93292 97414 97446
37531 9026 8812 5 31568 31570 97444 97439 97438
37532 10278 10485 6 31572 31573 158232 157742 157743 158539
37533 10485 10315 4 31571 31573 158423 158640
37534 9859 9962 5 31575 31576 157144 156742 34697
37535 9859 10053 5 31574 31575 34696 138390 35135
37536 9655 9450 5 31577 31578 148575 44565 44564
37537 9655 9705 5 31578 31579 32798 32801 152269
37538 9589 9705 5 31579 31580 150977 150979 97100
37539 9705 9450 4 31578 31580 150587 150588
37540 11057 10982 3 31582 31583 109819
37541 11204 10982 6 31583 31584 110248 109102 109100 109927
37542 11204 10921 6 31584 31581 148714 148713 148778 110246
37543 11204 11057 6 31581 31583 148753 110634 110631 148828
37544 10982 10921 7 31582 31584 110247 110265 144988 148773 109820
37545 10850 11107 8 31585 31586 104238 104239 108526 108527 110898 111849
37546 10826 10850 8 31585 31587 103532 111855 111846 111847 111852 111851
37547 135 11846 7 31590 31591 125112 112620 109244 109245 117740
37548 135 52 8 31591 31588 125282 125249 124931 124933 124536 124535
37549 135 169 5 31588 31590 111383 111384 125278
37550 11846 52 4 31589 31591 125168 125178
37551 10921 10984 9 31592 31593 148781 148785 148783 110231 110232 126644 110261
37552 10921 11153 4 31593 31594 145159 148780
37553 11217 10984 4 31595 31592 110263 111244
37554 11217 10921 8 31592 31594 145160 148777 148713 110788 110785 110262
37555 11153 10984 4 31593 31595 145241 145246
37556 10642 10475 10 31596 31597 149349 152379 146985 146877 146878 149207 149208 148057
37557 10642 10457 4 31597 31598 149184 149350
37558 10608 10475 4 31599 31596 148058 31961
37559 10608 10642 3 31596 31598 148056
37560 10457 10475 7 31597 31599 31962 32266 152324 152323 149351
37561 10275 10176 5 31600 31601 66791 66792 155235
37562 10275 10341 5 31601 31602 133022 34122 34120
37563 10708 10341 6 31602 31603 153878 153879 154137 154135
37564 10708 10176 4 31603 31600 155236 155239
37565 10341 10176 5 31601 31603 155240 155241 154856
37566 11105 11183 8 31604 31605 144678 144487 143709 110811 110812 111838
37567 11105 11278 5 31605 31606 127220 143641 143642
37568 11262 11278 8 31606 31607 145830 145781 145494 145477 103562 103560
37569 11262 11183 3 31607 31604 111840
37570 11262 11105 6 31604 31606 126314 126313 144527 111839
37571 11278 11183 5 31605 31607 144575 125466 125468
37572 9751 9592 4 31609 31610 152782 152783
37573 9692 9592 10 31610 31611 146800 146799 152743 34308 34310 152139 152697 153219
37574 9692 9855 5 31611 31608 152147 152996 153054
37575 9692 9751 5 31608 31610 153218 153100 152146
37576 10906 10725 5 31612 31613 147257 147258 31631
37577 10906 10956 6 31613 31614 31616 41072 41070 147268
37578 11143 10956 8 31614 31615 34537 147331 143537 143536 147272 31618
37579 11143 10906 4 31612 31614 31617 31632
37580 10956 10725 6 31613 31615 34536 147478 147702 147269
37581 11118 10956 3 31616 31618 147229
37582 10743 10812 6 31619 31620 32459 110075 110076 150095
37583 10827 10555 5 31621 31622 150114 150087 103970
37584 10827 10812 5 31622 31619 106158 32251 32252
37585 10827 10743 7 31619 31621 103969 104644 150735 32529 32528
37586 10555 10812 5 31620 31622 150116 149945 32461
37587 10448 10251 6 31623 31624 147740 33175 33176 147445
37588 10448 10320 4 31624 31625 147874 147741
37589 10392 10320 5 31625 31626 33281 32864 32861
37590 10392 10251 4 31626 31623 147446 33279
37591 10392 10448 4 31623 31625 145580 145577
37592 8684 8461 5 31628 31629 96147 95491 95489
37593 7713 8461 6 31629 31630 95515 91146 91144 96195
37594 7713 8174 9 31630 31627 94701 96353 95558 95542 76875 76874 94845
37595 7713 8684 4 31627 31629 96177 94700
37596 8461 8174 3 31628 31630 95586
37597 10993 11143 6 31632 31633 145648 145694 146565 146564
37598 10993 10725 3 31633 31631 145647
37599 11545 11507 6 31635 31636 149492 96363 96361 151512
37600 11545 11125 7 31634 31635 151510 32235 32234 150575 106047
37601 10053 10125 6 31637 31638 34696 138389 35162 35160
37602 9962 10125 7 31638 31639 143581 58915 58914 147487 34697
37603 10125 10132 3 31637 31639 35161
37604 11352 11321 4 31640 31641 148838 109875
37605 11352 11490 7 31641 31642 109905 108255 108256 124773 148885
37606 11260 11490 5 31642 31643 110209 109465 109463
37607 11260 11321 8 31643 31640 109876 110303 145262 110237 31728 31727
37608 11260 11352 5 31640 31642 110101 110306 109874
37609 11490 11321 5 31641 31643 110255 149022 148886
37610 10228 10313 7 31644 31645 109062 110044 110098 110097 31870
37611 10228 10454 10 31645 31646 103698 103700 110649 110661 103772 103773 103599 103598
37612 10497 10454 7 31646 31647 103456 103459 110505 110507 103699
37613 10497 10313 5 31647 31644 31871 147836 148494
37614 10454 10313 5 31645 31647 147198 103916 103914
37615 11307 11351 7 31648 31649 110846 111441 111430 109379 109382
37616 11307 11298 4 31649 31650 111132 110845
37617 10929 11298 6 31650 31651 31724 31726 110835 110836
37618 10929 11351 3 31651 31648 111078
37619 10929 11307 8 31648 31650 109026 108931 108933 111438 111464 111439
37620 11298 11351 8 31649 31651 111079 111408 111409 111455 111321 110847
37621 10791 10667 6 31652 31653 147431 147103 147104 148216
37622 10791 10461 5 31653 31654 147185 147184 147432
37623 10602 10461 5 31654 31655 35152 147274 147322
37624 10461 10667 6 31653 31655 35150 148157 147547 147433
37625 31 123 7 31656 31657 123645 121659 121036 121035 123350
37626 10460 10630 4 31658 31659 148381 31865
37627 10460 10662 8 31659 31660 148447 148459 31924 31925 148373 148382
37628 10797 10630 4 31661 31658 31866 146753
37629 10662 10630 5 31659 31661 146752 148389 148383
37630 11100 11034 8 31662 31663 112125 112123 144634 158451 145439 145435
37631 11100 11203 6 31663 31664 144720 108305 108308 144440
37632 11258 11203 7 31664 31665 144637 144740 125608 125607 144721
37633 11258 11034 5 31665 31662 144972 112205 112204
37634 11258 11100 4 31662 31664 144719 145436
37635 11203 11034 3 31663 31665 144514
37636 10148 10055 5 31666 31667 106298 106295 105949
37637 9864 10055 9 31668 31666 105951 106246 106292 106289 77138 77137 105186
37638 9636 10055 3 31667 31668 105187
37639 11536 11599 7 31669 31670 108669 31938 31936 108935 109370
37640 11284 11201 8 31671 31672 143829 144550 144551 145714 145701 34703
37641 11284 11336 4 31672 31673 145918 143830
37642 11470 11336 6 31673 31674 145666 145364 145366 145636
37643 11470 11201 4 31674 31671 34704 145827
37644 11470 11284 6 31671 31673 145917 145916 145920 34702
37645 11223 11061 8 31676 31677 146732 147065 147064 147233 147213 146781
37646 11138 11061 6 31677 31678 33256 33257 147015 146733
37647 11138 11133 5 31678 31675 145680 147113 146263
37648 11061 11133 7 31676 31678 146264 144243 31705 31704 146782
37649 11106 11111 7 31680 31681 147669 147670 147746 146166 146164
37650 11199 11111 6 31681 31682 145649 145651 145800 148186
37651 11199 11209 4 31682 31679 32372 145732
37652 11199 11106 4 31679 31681 147183 32371
37653 11111 11209 4 31680 31682 147076 147094
37654 11497 11201 5 31683 31684 34704 34703 144916
37655 11497 11310 5 31684 31685 144578 144577 145826
37656 11183 11310 3 31685 31686 145489
37657 11183 11497 5 31683 31685 144574 125466 125465
37658 11310 11201 6 31684 31686 144200 144202 145403 145827
37659 10440 10811 7 31687 31688 154176 150461 150462 151120 132904
37660 10440 10992 6 31688 31689 154801 154802 134659 134660
37661 10617 10811 6 31690 31687 132906 150484 42701 42700
37662 10617 10440 7 31687 31689 150552 150240 150239 133760 132905
37663 10992 10811 4 31688 31690 150372 151079
37664 11143 11138 5 31691 31692 146287 146733 145739
37665 11143 11036 4 31692 31693 147284 146288
37666 11229 11036 4 31693 31694 146978 146979
37667 11229 11143 7 31691 31693 147287 147300 147294 147293 145738
37668 11036 11138 5 31692 31694 33258 33257 146289
37669 11665 11534 5 31696 31697 126836 126921 144921
37670 11479 11534 7 31697 31698 145894 143335 143334 145537 126838
37671 11479 11665 5 31695 31697 126837 145921 145939
37672 11534 11655 3 31696 31698 144922
37673 10796 10622 3 31700 31701 32532
37674 10696 10622 10 31701 31702 154574 146499 146501 154453 154339 154247 150592 32534
37675 10696 10621 3 31702 31699 154575
37676 10696 10796 6 31699 31701 32533 146697 146696 154578
37677 10622 10621 6 31700 31702 146921 146920 154342 154341
37678 11106 11061 5 31703 31704 146853 147213 31908
37679 11061 11003 5 31703 31705 144242 147727 31909
37680 10627 10684 6 31706 31707 146916 146924 146922 154840
37681 10627 10178 5 31707 31708 130180 34267 34265
37682 10436 10627 6 31706 31708 130181 154525 154906 154845
37683 10641 10281 4 31709 31710 154111 154606
37684 10641 10520 4 31710 31711 146558 146559
37685 10542 10520 5 31711 31712 153685 147377 147378
37686 10542 10281 4 31712 31709 154607 153781
37687 10542 10641 6 31709 31711 154518 153774 153772 153908
37688 11336 11410 6 31713 31714 145365 145366 145635 143654
37689 197 152 6 31718 31719 126681 126474 126473 145970
37690 197 4 5 31719 31716 145946 128672 126881
37691 197 11665 3 31716 31718 145969
37692 152 4 4 31717 31719 126878 126880
37693 11456 11654 6 31720 31721 144669 144511 144512 140641
37694 11456 11636 6 31721 31722 124070 124069 145036 144676
37695 11449 11636 7 31722 31723 145055 144948 144919 144918 126336
37696 11449 11456 4 31720 31722 126301 126303
37697 11636 11654 5 31721 31723 145825 144893 144677
37698 10919 10929 4 31725 31726 110775 31989
37699 11321 11304 5 31728 31729 148899 148840 110238
37700 11491 11304 4 31729 31730 109611 109608
37701 11491 11260 5 31730 31727 110209 109965 109964
37702 11491 11321 5 31727 31729 145106 145105 110255
37703 11304 11260 6 31728 31730 110223 110180 110164 110166
37704 10669 10472 4 31731 31732 145520 145696
37705 10677 10556 4 31733 31734 131796 144774
37706 10677 10472 7 31734 31731 147550 148088 33251 33250 131794
37707 10677 10669 7 31731 31733 31781 31783 149256 148391 147549
37708 10556 10472 8 31732 31734 131795 148143 146528 146530 147544 145521
37709 9591 9735 5 31737 31738 158040 152248 152246
37710 9591 9645 6 31738 31739 103405 158007 153254 153252
37711 9734 9735 7 31740 31737 148638 148637 157835 158063 157803
37712 9734 9591 4 31737 31739 103406 157747
37713 9645 9735 6 31738 31740 46914 32904 32903 158041
37714 167 108 3 31741 31742 109955
37715 113 323 3 31743 31744 123949
37716 11715 11202 4 31745 31746 150269 150270
37717 11638 11280 3 31747 31748 32265
37718 11638 11202 9 31748 31745 130220 130219 150204 134595 131387 131389 32264
37719 11280 11202 5 31746 31748 32263 149652 149654
37720 9885 9875 5 31749 31750 158171 158170 158613
37721 9885 9802 5 31750 31751 143843 158616 158612
37722 9939 9875 6 31752 31749 147911 147913 157827 153142
37723 9939 9885 9 31749 31751 143844 158611 158566 158565 158655 38076 38077
37724 9802 9875 6 31750 31752 153143 157823 158062 158064
37725 10278 10587 5 31753 31754 157133 158539 158530
37726 10278 10683 5 31754 31755 98677 143353 143351
37727 10561 10683 5 31755 31756 148350 148351 98678
37728 10561 10587 4 31756 31753 158531 148520
37729 10561 10278 5 31753 31755 98676 158231 158230
37730 10683 10587 9 31754 31756 103769 103771 148235 147098 145568 145570 157134
37731 10648 10533 4 31757 31758 110388 147195
37732 10648 10726 8 31758 31759 148748 148762 148775 148776 148848 110389
37733 10672 10726 4 31759 31760 109634 109636
37734 10672 10533 7 31760 31757 148448 147197 103458 103457 148725
37735 10672 10648 6 31757 31759 148749 147046 110492 110491
37736 10726 10533 6 31758 31760 148723 148719 148697 110390
37737 10224 10159 8 31761 31762 145611 158651 158649 158629 158630 158669
37738 10224 10124 6 31762 31763 158703 158676 158631 145612
37739 9995 10124 7 31763 31764 147634 157951 157949 158541 158695
37740 9995 10159 7 31764 31761 158654 157192 157193 158000 147633
37741 9995 10224 6 31761 31763 158702 112301 103230 103231
37742 10124 10159 5 31762 31764 32052 32051 145613
37743 10473 10384 5 31765 31766 148224 147452 147454
37744 10473 10587 6 31766 31767 147729 148211 148212 148227
37745 10485 10384 7 31768 31765 147799 147828 35234 35231 158537
37746 10587 10384 6 31766 31768 108200 108202 145605 148026
37747 10455 10472 7 31769 31770 146528 148145 148116 148117 148063
37748 10455 10336 7 31770 31771 147675 147335 34257 34260 146529
37749 10459 10336 6 31771 31772 148054 147947 147948 148087
37750 10459 10472 5 31772 31769 148065 148088 148098
37751 10459 10455 5 31769 31771 45012 45010 148064
37752 10336 10472 4 31770 31772 148097 146530
37753 10624 10797 4 31773 31774 146744 143856
37754 10624 10573 5 31774 31775 148254 148503 146745
37755 10740 10573 3 31775 31776 148256
37756 10740 10797 6 31776 31773 143857 144445 144446 148521
37757 10740 10624 9 31773 31775 148255 105689 105686 147354 148727 147164 143855
37758 10288 10459 5 31779 31780 146769 146768 148353
37759 10288 10364 4 31777 31779 148352 33009
37760 10459 10211 4 31778 31780 148433 147948
37761 10669 10756 4 31781 31782 147996 144773
37762 10669 10865 7 31782 31783 149257 148296 147705 147706 147834
37763 10677 10756 8 31784 31781 144774 144869 33250 33252 147040 146252
37764 10290 10077 7 31786 31787 150674 153038 148004 148003 152369
37765 10290 10257 4 31785 31786 152785 152773
37766 11055 10699 3 31790 31788 147426
37767 10825 10699 6 31789 31790 147355 147356 145618 145617
37768 9687 9657 6 31791 31792 103322 103336 103380 103381
37769 9946 9899 7 31793 31794 103691 103690 103798 103492 35096
37770 9946 9657 4 31794 31791 103924 103923
37771 9946 9687 5 31791 31793 35095 98690 98689
37772 10202 9960 3 31795 31796 104326
37773 10043 10202 7 31795 31797 104302 108374 104261 104260 104284
37774 7553 7562 3 31800 31798 35456
37775 7090 7562 6 31799 31800 35457 35823 56841 38828
37776 9386 9824 4 31802 31803 34958 103740
37777 9386 9574 6 31801 31802 151620 104096 104094 151959
37778 605 448 4 31805 31806 130192 129370
37779 11855 108 8 31808 31809 128807 128806 109931 109932 144770 125515
37780 83 108 5 31809 31810 125849 125850 128696
37781 83 191 7 31810 31807 128154 128686 128753 126786 126778
37782 83 11855 5 31807 31809 112210 112209 128153
37783 108 191 4 31808 31810 126779 125516
37784 11938 10790 6 31811 31812 105416 105414 106072 106073
37785 11938 11270 4 31812 31813 104082 104083
37786 11401 11270 5 31813 31814 105639 105640 105947
37787 11401 10790 6 31814 31811 106114 106053 106052 106026
37788 11270 10790 6 31812 31814 106025 121684 151453 105792
37789 9250 9286 6 31815 31816 148602 152049 151978 151957
37790 9250 9110 3 31816 31817 147865
37791 9197 9110 7 31817 31818 104112 152010 152012 152016 147867
37792 9197 9286 3 31818 31815 104111
37793 9197 9250 8 31815 31817 147866 151969 93833 93832 33021 33023
37794 9110 9286 8 31816 31818 104110 104006 104005 103816 47250 47249
37795 9642 9762 5 31819 31820 157748 157749 157483
37796 9642 9790 4 31820 31821 156136 158196
37797 9964 9790 5 31821 31822 157516 157515 156138
37798 9964 9762 7 31822 31819 157485 158296 103074 103076 157772
37799 9964 9642 7 31819 31821 156137 158681 158710 158706 157484
37800 9790 9762 6 31820 31822 158664 147657 147656 157685
37801 10229 10240 10 31823 31824 158081 158082 158427 143907 143905 158627 158628 157424
37802 10229 10312 6 31824 31825 34583 34581 145371 158165
37803 10464 10312 6 31825 31826 33216 33218 147402 37345
37804 10464 10240 4 31826 31823 157426 157474
37805 10464 10229 5 31823 31825 37344 157813 157425
37806 10312 10240 5 31824 31826 158580 158579 158166
37807 10255 10232 5 31827 31828 46155 110079 150908
37808 10255 10718 6 31828 31829 150573 150926 49227 46156
37809 10617 10718 9 31829 31830 149408 154332 154504 149580 149579 150576 150574
37810 10617 10232 5 31830 31827 150878 150311 149407
37811 10617 10255 4 31827 31829 150217 150219
37812 10718 10232 3 31828 31830 46157
37813 43 11873 6 31831 31832 110991 110992 126639 110862
37814 10944 11052 7 31833 31834 110081 110161 149830 104806 104804
37815 10911 11124 7 31835 31836 105682 105685 109764 109228 109227
37816 10911 11052 3 31836 31833 149636
37817 11124 11052 4 31834 31836 109238 109240
37818 627 547 4 31837 31838 123203 123289
37819 627 679 4 31838 31839 116710 116711
37820 712 679 4 31839 31840 123437 123229
37821 712 547 5 31840 31837 123053 122964 122965
37822 712 627 7 31837 31839 105870 105867 117412 117414 123385
37823 679 547 4 31838 31840 123403 123204
37824 10080 9985 6 31841 31842 154491 154408 152946 152812
37825 10079 9985 6 31843 31841 152814 152868 152860 152837
37826 10180 9985 5 31842 31843 152838 154379 154492
37827 10264 10367 7 31844 31845 32930 32929 150079 151352 150038
37828 11069 11011 4 31847 31848 148731 110235
37829 11175 11011 7 31848 31849 149138 145317 144623 144622 145447
37830 11175 11113 5 31849 31846 128636 148716 148994
37831 11175 11069 5 31846 31848 148732 110240 110241
37832 11011 11113 4 31847 31849 145887 110236
37833 10903 11000 7 31851 31852 110361 110360 110394 110393 110686
37834 11204 11000 4 31852 31853 109101 109102
37835 11204 11187 6 31853 31850 148778 104164 104166 110308
37836 11204 10903 4 31850 31852 110248 110246
37837 11000 11187 5 31851 31853 110309 109529 109527
37838 11466 11411 5 31855 31856 110217 110218 145183
37839 11411 11286 4 31855 31857 148789 145185
37840 301 732 5 31858 31859 127985 130527 129747
37841 11774 83 7 31861 31862 111046 112209 144888 126317 126318
37842 11774 11811 7 31862 31863 124794 124793 144878 145116 111047
37843 43 11811 4 31863 31864 111236 144759
37844 43 83 4 31864 31861 128746 111234
37845 11811 83 4 31862 31864 111235 111048
37846 10630 10596 8 31865 31866 148947 148946 148690 148688 148646 148645
37847 10193 10228 7 31867 31868 110448 103486 103484 110096 110097
37848 10136 10193 5 31867 31869 110651 110455 110454
37849 10136 10313 5 31871 31870 110454 110456 147837
37850 10782 10989 7 31872 31873 108915 110143 110050 109897 109782
37851 10782 10601 5 31873 31874 110059 109925 108916
37852 10868 10601 5 31874 31875 105788 105483 105485
37853 10868 10989 4 31875 31872 109547 109549
37854 10868 10782 6 31872 31874 110060 109892 109863 109783
37855 10601 10989 7 31873 31875 109777 109900 109903 109446 108917
37856 10784 10534 4 31877 31878 148644 149753
37857 10784 10549 8 31878 31876 105681 105718 149801 149439 148707 148643
37858 10784 10503 5 31876 31877 149769 149939 105680
37859 11323 11102 8 31880 31881 108971 111448 111531 111510 111331 111330
37860 11323 11139 3 31881 31879 102866
37861 10636 10795 7 31882 31883 104476 104477 103725 103726 32835
37862 10636 10579 8 31883 31884 108224 109110 109108 109797 110258 104524
37863 10702 10579 6 31884 31885 109605 149285 148529 108225
37864 10702 10795 7 31885 31882 32837 148354 149770 108666 108665
37865 10702 10636 5 31882 31884 108223 148720 32836
37866 10579 10795 3 31883 31885 104525
37867 11141 11468 5 31887 31888 103557 103558 111091
37868 11295 11468 5 31888 31889 144961 128673 110374
37869 11295 11208 4 31889 31886 110928 110927
37870 100 112 4 31892 31893 35204 34180
37871 100 11577 6 31893 31890 144034 144036 144494 144455
37872 100 11886 6 31890 31892 34179 144052 144414 144139
37873 7741 7922 6 31894 31895 40593 40594 36405 36407
37874 7627 7370 8 31896 31897 40691 53382 53429 36449 35883 34829
37875 7553 7370 6 31898 31896 34830 35471 35473 55310
37876 7554 7370 5 31897 31898 55303 52961 40692
37877 11185 10922 4 31899 31900 156062 156064
37878 11185 11309 7 31900 31901 156030 156144 156109 156103 156063
37879 11015 11309 6 31901 31902 143328 156070 156166 156032
37880 11015 10922 6 31902 31899 155763 155760 156027 143327
37881 11015 11185 4 31899 31901 156031 156067
37882 11309 10922 5 31900 31902 39653 39652 141451
37883 7935 7700 5 31903 31904 38777 38818 38831
37884 7935 7835 5 31904 31905 36174 38776 38778
37885 7846 7700 5 31906 31903 38830 35884 35340
37886 11106 11024 5 31907 31908 34430 34431 147797
37887 11003 11024 4 31909 31907 147754 147726
37888 11662 11609 4 31911 31912 111976 111567
37889 11778 11662 7 31910 31912 112016 112044 111620 111605 111305
37890 11609 11496 4 31911 31913 111538 111568
37891 11141 11265 8 31915 31916 144971 145325 145243 111092 103558 103556
37892 11258 11265 7 31916 31917 111014 111015 125976 112207 112205
37893 11258 11248 5 31917 31914 144719 144721 144808
37894 11258 11141 4 31914 31916 144972 145436
37895 11265 11248 3 31915 31917 103568
37896 11318 11228 4 31919 31920 128802 128801
37897 11199 11318 6 31918 31920 130445 144973 109625 109627
37898 9842 9688 4 31921 31922 151735 151108
37899 9688 9858 6 31921 31923 32897 33038 34200 34199
37900 10460 10499 4 31925 31926 148358 148374
37901 10521 10499 7 31926 31927 147208 146001 146002 148164 148163
37902 10521 10662 4 31927 31924 145460 145462
37903 10499 10662 6 31925 31927 147181 147180 148392 148375
37904 11629 11727 5 31928 31929 109702 149002 106348
37905 11629 11530 4 31929 31930 150165 109703
37906 11677 11727 5 31931 31928 106349 149701 149696
37907 11530 11727 6 31929 31931 149697 149704 123120 109704
37908 76 158 7 31932 31933 100990 100991 123123 121989 109565
37909 76 11814 5 31933 31934 108844 108845 109197
37910 99 11814 6 31934 31935 118702 116720 116718 122795
37911 99 158 4 31935 31932 109567 123116
37912 99 76 4 31932 31934 122798 109566
37913 11814 158 4 31933 31935 113005 109198
37914 11536 11426 5 31936 31937 109055 104857 104858
37915 11599 11524 6 31938 31939 109264 109372 108801 108670
37916 11599 11426 4 31939 31936 106926 106925
37917 11524 11426 5 31937 31939 31942 31941 109048
37918 11426 11436 3 31940 31941 108636
37919 11435 11524 3 31942 31943 109264
37920 11435 11426 7 31940 31942 106925 76693 76692 108488 108487
37921 11524 11436 9 31941 31943 109372 109222 96121 96120 108689 108397 108394
37922 11254 11530 6 31944 31945 109191 109192 148742 109842
37923 11219 11559 7 31946 31947 145178 145176 145177 145197 145174
37924 11219 11208 10 31947 31948 110927 110748 103537 103538 31969 31971 145009 145008
37925 11468 11559 4 31949 31946 145124 145123
37926 11208 11559 5 31947 31949 145122 145054 145053
37927 244 403 5 31951 31952 126578 126512 126513
37928 403 315 4 31951 31953 126510 126672
37929 10935 11014 8 31954 31955 112364 112365 128660 145422 145469 144619
37930 10935 10904 4 31955 31956 110619 145356
37931 10849 11014 5 31957 31954 110864 110863 144457
37932 10849 10935 6 31954 31956 110620 145321 145161 144620
37933 11855 11809 4 31958 31959 108600 128806
37934 11571 11809 7 31959 31960 144845 148801 128865 128867 108601
37935 10475 10459 9 31961 31962 32267 148353 152210 32214 32215 149208 148399
37936 10591 10751 8 31965 31966 109916 110137 110136 110134 110141 110132
37937 10591 10469 6 31966 31967 109668 109666 105642 105644
37938 10559 10469 7 31967 31968 105776 105623 105624 110191 110028
37939 10559 10751 4 31968 31965 109924 106954
37940 10559 10591 4 31965 31967 110027 110131
37941 10469 10751 5 31966 31968 106955 107016 107022
37942 11208 11163 9 31970 31971 144997 144959 144780 144781 112362 110726 110725
37943 11208 11022 4 31969 31970 144351 144442
37944 11464 11551 5 31972 31973 126839 109068 109069
37945 630 463 6 31976 31977 111583 124193 124192 128755
37946 630 289 4 31977 31975 129579 111582
37947 11218 11439 7 31978 31979 124011 124012 149072 149073 149700
37948 11218 11462 6 31979 31980 149738 149736 149523 148752
37949 11735 11692 4 31981 31982 110326 32363
37950 11735 11868 7 31982 31983 124553 110973 32031 32029 110327
37951 11491 11692 5 31984 31981 32365 124182 117517
37952 11491 11735 4 31981 31983 145144 32364
37953 11868 11692 4 31982 31984 117518 110328
37954 324 546 10 31985 31986 120370 123384 123954 123990 123974 123975 123978 121026
37955 324 489 7 31986 31987 109760 109761 121024 123085 120369
37956 813 489 8 31987 31988 108841 108843 121625 121481 121147 121146
37957 813 324 3 31985 31987 121027
37958 489 546 4 31986 31988 123165 120371
37959 351 366 6 31990 31991 123362 111025 111023 123725
37960 351 609 4 31991 31992 117651 117649
37961 518 609 7 31992 31993 123364 123365 109194 109195 123669
37962 518 366 6 31993 31990 121513 121515 123184 123183
37963 518 351 6 31990 31992 123668 124168 109767 109766
37964 609 366 4 31991 31993 123698 123363
37965 260 359 4 31994 31995 124805 125292
37966 101 120 6 31996 31997 121456 107919 107920 121454
37967 294 120 8 31997 31998 123219 123396 123927 109366 109367 109776
37968 120 325 4 31996 31998 122770 121455
37969 11110 11271 3 31999 32000 149489
37970 11110 11211 8 32000 32001 150220 32479 32480 105440 134293 150097
37971 10827 11211 3 32001 32002 149561
37972 10827 11271 5 32002 31999 121783 121784 146456
37973 10827 11110 8 31999 32001 150222 150134 32249 32251 105462 105460
37974 11211 11271 8 32000 32002 109292 106160 106159 105902 105901 134594
37975 11614 11812 3 32005 32006 111190
37976 11611 11826 4 32007 32008 110380 111043
37977 11611 11812 6 32008 32005 109490 109491 111197 110379
37978 11611 11614 6 32005 32007 111042 111257 111192 111189
37979 127 14 6 32009 32010 144965 127733 127735 128584
37980 50 14 5 32011 32009 126694 109478 109479
37981 11893 14 3 32010 32011 145002
37982 8413 8496 3 32013 32014 46786
37983 8661 8496 7 32014 32015 48164 48082 47558 47557 46787
37984 8661 8214 3 32015 32012 47805
37985 8496 8214 8 32013 32015 48191 48221 48186 48185 50450 47570
37986 943 1147 6 32017 32018 129839 129838 130012 130132
37987 943 800 5 32019 32020 130131 130012 130011
37988 943 718 5 32020 32021 129743 129742 130145
37989 913 718 5 32021 32022 130114 128886 128885
37990 913 943 6 32019 32021 129727 129726 129841 129840
37991 718 800 4 32020 32022 130113 130140
37992 214 37 4 32023 32024 129984 129848
37993 306 119 5 32027 32028 130672 130673 130674
37994 11735 11876 8 32029 32030 109930 124426 110848 110849 149017 144861
37995 11735 11855 8 32030 32031 110972 123648 109954 108599 108600 109931
37996 11868 11855 6 32031 32032 111127 128890 106818 106817
37997 11855 11876 6 32030 32032 111126 109934 109933 109932
37998 9985 9705 6 32033 32034 152860 33695 33693 152716
37999 9985 9975 4 32034 32035 44969 152868
38000 9723 9975 7 32035 32036 152332 152333 153081 147522 44970
38001 9975 9705 5 32034 32036 152440 152438 152437
38002 11768 11746 7 32037 32038 111004 111007 32064 32065 32071
38003 11806 146 6 32039 32040 129963 126362 126365 129087
38004 11806 11786 6 32040 32041 128587 130351 129988 129964
38005 70 11786 4 32041 32042 130975 128589
38006 11786 146 5 32040 32042 130974 131384 129965
38007 482 267 5 32043 32044 126923 129740 130823
38008 299 267 3 32044 32045 126924
38009 367 498 5 32046 32047 130278 32390 32391
38010 485 444 3 32048 32049 129109
38011 485 498 7 32049 32046 111038 111040 129749 129750 130168
38012 444 498 8 32047 32049 130259 130097 130096 121493 121490 130348
38013 10093 10124 5 32052 32053 156589 158557 147634
38014 10093 10153 6 32053 32050 157989 157727 157726 156588
38015 10093 10159 4 32050 32052 147633 158001
38016 10124 10153 3 32051 32053 156587
38017 11559 14 4 32054 32055 145049 145128
38018 14 11724 8 32054 32056 110818 144852 144784 112211 112213 145097
38019 11791 11410 6 32057 32058 143548 143550 146032 146015
38020 11470 11410 7 32058 32059 143892 145366 143638 143637 144287
38021 11768 11813 5 32060 32061 144618 149043 144943
38022 11768 11893 7 32061 32062 32064 144626 123964 123962 143766
38023 50 11813 6 32063 32060 144944 149000 145034 145031
38024 50 11768 4 32060 32062 32065 144942
38025 11893 11813 5 32061 32063 145032 125883 125880
38026 11893 11746 5 32066 32064 105772 105774 145002
38027 50 11746 5 32065 32066 109479 109476 145037
38028 11829 11835 9 32067 32068 131005 131006 146083 128631 128632 145706 145707
38029 11829 204 5 32068 32069 143698 131210 131211
38030 104 11835 4 32070 32067 146000 146014
38031 104 11829 4 32067 32069 143699 145999
38032 204 11835 4 32068 32070 146104 146073
38033 11746 11633 4 32071 32072 145092 145037
38034 11249 11339 8 32073 32074 145205 144898 144816 110201 110202 109779
38035 11249 11217 10 32074 32075 145217 145210 145211 145203 128898 128899 144851 145206
38036 11452 11249 5 32073 32075 145215 145212 109780
38037 11217 11339 3 32074 32076 145130
38038 11867 343 5 32078 32079 148964 148963 148962
38039 305 343 5 32079 32080 124210 123972 123973
38040 305 274 5 32080 32077 129183 123211 123213
38041 343 274 4 32078 32080 124113 124112
38042 11148 11132 5 32081 32082 143464 149010 149045
38043 11239 11132 5 32082 32083 33617 146273 143466
38044 10778 10284 3 32084 32085 151100
38045 10778 10645 5 32085 32086 148169 134065 134063
38046 10718 10645 5 32086 32087 49227 49228 148170
38047 10718 10284 5 32087 32084 151102 151106 150926
38048 10718 10778 9 32084 32086 34001 33998 131939 149253 149513 149512 151101
38049 10645 10284 5 32085 32087 48744 48745 151285
38050 11153 11081 6 32088 32089 111332 111115 110970 110971
38051 11153 10929 4 32089 32090 110337 111263
38052 10929 11135 5 32092 32093 108645 108707 108710
38053 11091 10918 4 32094 32091 110766 110767
38054 11091 10929 4 32091 32093 103523 103522
38055 11135 10918 6 32092 32094 110323 110322 111424 110941
38056 11368 11098 5 32095 32096 105833 148710 109841
38057 11224 11098 4 32096 32097 105045 105418
38058 11417 11684 3 32098 32099 105877
38059 11417 11568 8 32099 32100 105866 106205 109024 109154 106979 105876
38060 11423 11417 6 32098 32100 105328 105330 108740 108741
38061 11345 11476 3 32101 32102 109384
38062 11345 11390 8 32102 32103 109612 109656 109606 109607 111454 111318
38063 11611 11390 6 32103 32104 105378 105379 109414 109427
38064 11611 11476 5 32104 32101 109386 108602 108604
38065 11611 11345 6 32101 32103 109493 109492 111458 109385
38066 11390 11476 6 32102 32104 108732 108731 109460 111316
38067 11346 11475 6 32105 32106 134499 150094 150093 148883
38068 11346 11530 3 32106 32107 134500
38069 11277 11530 6 32107 32108 32731 32732 149747 149710
38070 11277 11346 6 32105 32107 128908 109833 109563 109562
38071 11530 11475 6 32106 32108 150166 150165 150164 134501
38072 9456 9329 5 32109 32110 157119 154687 154688
38073 9456 9339 6 32110 32111 42458 157755 157927 157120
38074 9420 9329 6 32112 32109 156995 157342 32876 32873
38075 9420 9456 5 32109 32111 42457 156777 156900
38076 8998 8121 3 32113 32114 33496
38077 8998 8782 6 32114 32115 134057 33537 33538 33497
38078 11202 11110 5 32116 32117 150097 149489 105460
38079 11202 11151 5 32117 32118 149956 32854 32852
38080 11071 11151 7 32118 32119 149794 149304 105714 105717 149597
38081 11071 11110 6 32119 32116 105462 106157 128742 134409
38082 11071 11202 6 32116 32118 150145 109845 109844 105461
38083 11151 11110 5 32117 32119 105350 105352 134293
38084 2226 2438 7 32120 32121 135648 135709 135787 137125 132020
38085 9431 9360 6 32122 32123 104975 47934 47935 104105
38086 9075 9093 8 32124 32125 47953 47954 97174 49878 49879 104109
38087 9075 9431 3 32122 32124 104106
38088 1380 1080 7 32126 32127 135230 135233 134442 129292 129293
38089 1380 1303 3 32127 32128 135253
38090 1038 1303 5 32128 32129 133457 133456 135180
38091 1038 1080 4 32129 32126 108884 108886
38092 1038 1380 7 32126 32128 135252 135250 121415 121414 135234
38093 1303 1080 9 32127 32129 134832 134888 134178 134177 135199 135200 135275
38094 9758 9785 6 32130 32131 152815 47030 47028 153616
38095 9758 9933 7 32131 32132 153274 152642 152643 153050 152816
38096 10007 9933 5 32132 32133 147936 147938 153339
38097 10007 9785 5 32133 32130 153617 158073 153196
38098 10007 9758 6 32130 32132 34616 34618 147917 153615
38099 9933 9785 6 32131 32133 153197 153194 153193 152817
38100 10936 11035 8 32134 32135 150619 150624 150618 150465 150466 149379
38101 11079 11053 6 32136 32137 32406 32409 134037 32651
38102 11079 11035 5 32137 32134 149380 149427 149264
38103 11079 10936 5 32134 32136 32650 146895 149341
38104 11053 11035 3 32135 32137 149263
38105 11801 11509 4 32138 32139 133676 151180
38106 11801 753 7 32139 32140 44028 132857 49073 33647 33645
38107 44 753 6 32140 32141 133754 133753 133253 44029
38108 44 11509 9 32141 32138 151181 133724 133726 155042 155061 155051 155037
38109 10546 10547 7 32142 32143 33636 148302 148303 149953 149741
38110 10566 10547 5 32144 32142 32167 32166 150687
38111 10543 10547 5 32143 32144 150688 150691 33637
38112 9918 9847 7 32145 32146 152902 152945 145025 145027 152158
38113 9918 9708 4 32146 32147 33554 33555
38114 9535 9708 6 32147 32148 150816 150817 34306 34304
38115 9535 9847 4 32148 32145 152757 152927
38116 9535 9918 6 32145 32147 152443 152444 146865 146867
38117 9708 9847 6 32146 32148 152889 147625 34738 34740
38118 21 75 7 32151 32149 130304 130306 149715 129031 129028
38119 11896 1228 4 32153 32154 134370 118325
38120 24 1228 6 32154 32155 106134 106133 121606 121720
38121 24 1740 4 32155 32152 79358 79360
38122 24 11896 8 32152 32154 134423 134424 151482 134364 129055 105934
38123 10812 10539 7 32156 32157 150123 149945 104404 104405 149869
38124 10812 10525 3 32157 32158 32515
38125 10612 10539 5 32159 32156 149880 130189 130188
38126 10612 10812 4 32156 32158 32514 149940
38127 10525 10539 7 32157 32159 149763 110005 110004 149936 150121
38128 10852 10610 6 32160 32161 112040 110346 110347 108331
38129 10852 10798 5 32161 32162 109471 111711 111709
38130 10931 10610 6 32163 32160 104550 104549 111951 111950
38131 10798 10610 4 32161 32163 112414 112468
38132 11876 323 5 32164 32165 109935 109933 109956
38133 10555 10802 5 32168 32169 32460 32461 149946
38134 10555 10566 6 32169 32166 150661 150660 150657 110259
38135 10555 10547 5 32166 32168 150669 150670 150689
38136 10749 10878 7 32171 32172 149982 150716 150386 150384 150267
38137 11053 10878 7 32172 32173 34064 34061 32651 32340 32339
38138 11053 11096 7 32173 32170 149981 33514 33515 149653 149655
38139 11053 10749 3 32170 32172 149980
38140 10878 11096 3 32171 32173 150227
38141 11721 11784 6 32174 32175 149661 149744 149650 149651
38142 11721 21 6 32175 32176 148961 130304 130305 149662
38143 11792 11784 4 32177 32174 121463 121190
38144 10312 10447 5 32178 32179 147401 147402 147557
38145 10312 10375 8 32179 32180 131232 131233 147572 148044 145602 145603
38146 10308 10375 4 32180 32181 147940 147423
38147 10308 10312 6 32178 32180 147216 147217 147326 147325
38148 10375 10447 6 32179 32181 148031 148033 147991 147992
38149 6361 6568 3 32183 32184 48707
38150 6361 5849 5 32184 32182 48731 48730 48836
38151 11721 11719 5 32185 32186 149744 149570 149571
38152 11721 11727 4 32186 32187 109419 149650
38153 11477 11727 5 32187 32188 109702 109704 109420
38154 11477 11721 6 32185 32187 109418 148817 149721 149582
38155 11727 11719 5 32186 32188 149002 146242 146241
38156 10716 10731 4 32189 32190 104580 104652
38157 10716 10882 4 32190 32191 32209 104581
38158 10799 10882 7 32191 32192 110378 110376 110404 103645 32210
38159 10799 10716 6 32189 32191 32208 109635 109637 110576
38160 10882 10731 4 32190 32192 106803 104582
38161 11547 11058 3 32193 32194 34106
38162 11058 11013 8 32193 32195 146132 44398 44397 154548 154937 34107
38163 1026 2136 4 32197 32198 133937 65991
38164 1448 2136 5 32198 32199 48716 134029 133938
38165 2136 11898 6 32197 32199 48715 64799 48960 48958
38166 162 126 7 32200 32201 128647 126859 126860 144907 128645
38167 162 448 5 32201 32202 130596 130598 128648
38168 168 448 6 32202 32203 128863 128828 128829 129526
38169 168 126 3 32203 32200 128646
38170 448 126 7 32201 32203 130542 130541 130539 130095 128649
38171 7561 7713 10 32204 32205 95536 76890 76888 96743 96836 96383 96321 96319
38172 7561 6960 6 32205 32206 77006 48500 48501 95537
38173 6355 6960 12 32206 32207 91336 91337 95416 91582 91583 91586 96006 96575 96111 95820
38174 6355 7713 4 32207 32204 96349 95558
38175 6355 7561 3 32204 32206 95819
38176 6960 7713 8 32205 32207 95542 95543 96176 96124 96123 95538
38177 10862 10882 7 32209 32210 103647 110048 110197 105883 105882
38178 10862 10799 4 32210 32208 110623 103646
38179 10862 10716 5 32208 32209 110426 110359 110356
38180 10952 10950 6 32211 32212 108441 149183 148846 148734
38181 10952 11132 3 32212 32213 108442
38182 11049 10952 6 32211 32213 148717 149149 149240 148735
38183 10475 10703 3 32215 32216 149207
38184 10583 10703 7 32216 32217 147041 147039 146940 146942 149297
38185 10583 10459 6 32217 32214 152866 148064 148065 148052
38186 10583 10475 7 32214 32216 146878 128903 33692 33691 109832
38187 10703 10459 4 32215 32217 146894 146891
38188 8120 8459 5 32218 32219 49325 46405 45949
38189 8402 7983 4 32220 32221 44625 44626
38190 8402 8459 7 32221 32218 45950 46281 46282 49008 45508
38191 7983 8459 5 32219 32221 45509 45853 45851
38192 10179 9620 5 32222 32223 134058 151038 150350
38193 9315 9620 4 32224 32222 34077 34076
38194 8998 9620 7 32223 32224 150844 134711 33535 33537 134055
38195 9571 8565 4 32225 32226 155195 49064
38196 9571 9215 5 32226 32227 155184 155181 155182
38197 9418 9215 4 32227 32228 43418 154023
38198 9418 8565 5 32228 32225 44716 43037 43035
38199 9418 9571 6 32225 32227 155185 133721 42077 42076
38200 10161 10371 4 32229 32230 150897 151577
38201 10161 10138 5 32230 32231 149954 150746 150896
38202 10311 10138 4 32231 32232 149644 149643
38203 10311 10371 9 32232 32229 151581 150644 149270 149269 149967 149969 150589
38204 10311 10161 9 32229 32231 33824 33823 150804 149601 149600 150472 151580
38205 10138 10371 5 32230 32232 150590 150751 150752
38206 11125 11742 5 32233 32234 106038 48546 48547
38207 11364 11545 8 32235 32236 105841 151470 151472 96360 96361 151511
38208 11364 11742 6 32236 32233 150153 150152 106125 105840
38209 11364 11125 5 32233 32235 151486 134356 134357
38210 11896 11895 7 32237 32238 133946 151483 105889 105890 129049
38211 11896 11734 6 32238 32239 134359 134424 121919 121921
38212 738 11734 5 32239 32240 121641 121383 121382
38213 738 11895 7 32240 32237 42968 42965 134097 134096 134082
38214 11734 11895 5 32238 32240 134083 134421 133947
38215 231 11882 6 32241 32242 149560 149616 129251 129250
38216 231 11849 3 32242 32243 149559
38217 259 11849 5 32243 32244 128844 128904 149712
38218 259 11882 6 32244 32241 130544 128835 128831 128833
38219 259 231 9 32241 32243 149711 123991 123993 129186 129103 129102 130543
38220 11849 11882 6 32242 32244 128843 148858 128995 128994
38221 1479 1401 5 32245 32246 138776 128442 128445
38222 1479 1496 6 32246 32247 136341 136339 138835 138882
38223 1189 1496 5 32247 32248 119509 119508 129119
38224 1189 1401 5 32248 32245 139034 139064 129081
38225 1189 1479 6 32245 32247 139031 139086 139054 139033
38226 1496 1401 6 32246 32248 123608 123607 126633 126630
38227 11110 10757 4 32249 32250 109814 109812
38228 11110 10812 5 32250 32251 106157 128741 149921
38229 10827 10757 9 32252 32249 109848 109849 149667 148675 148674 150069 150114
38230 10812 10757 7 32250 32252 150116 150123 32515 32514 150034
38231 10990 10958 7 32253 32254 144711 146792 148394 149424 149374
38232 11740 2505 4 32255 32256 42744 48891
38233 11740 7 9 32256 32257 133801 151190 155138 155139 155175 133489 42743
38234 1644 7 5 32257 32258 132755 132756 133802
38235 1644 2505 7 32258 32255 64896 64318 64319 42903 42904
38236 11099 10927 7 32259 32260 149210 149194 148989 148877 148875
38237 10938 11053 6 32261 32262 32343 33515 32555 32556
38238 10938 11099 5 32259 32261 149490 147161 147160
38239 11053 10927 5 32260 32262 32341 150668 150470
38240 11639 11202 5 32263 32264 149790 149788 150395
38241 11639 11638 6 32264 32265 149605 150296 149909 149907
38242 11280 11639 7 32263 32265 149604 150512 150380 150382 150394
38243 10364 10475 4 32266 32267 148352 152211
38244 10186 10366 4 32269 32270 148551 110552
38245 10384 10366 6 32270 32271 147224 35312 35311 148552
38246 10384 10244 5 32271 32268 34088 34090 148440
38247 10384 10186 4 32268 32270 148554 158100
38248 10366 10244 4 32269 32271 148487 110553
38249 49 11467 4 32273 32274 109737 121554
38250 11840 49 6 32272 32274 105961 105958 121295 121311
38251 10585 10896 4 32275 32276 110245 110471
38252 10843 10632 5 32277 32278 101850 101847 109061
38253 10843 10896 5 32278 32275 110473 108480 108482
38254 10843 10585 6 32275 32277 108796 108797 109142 110472
38255 10632 10896 6 32276 32278 108430 108429 110020 110021
38256 11677 11684 4 32279 32280 105725 122557
38257 11840 11684 7 32281 32279 122558 106018 105960 105961 105439
38258 9537 9719 5 32284 32285 95240 95238 107307
38259 9537 9494 7 32285 32286 107150 106516 106517 107141 96170
38260 9587 9494 6 32286 32287 95419 46220 46217 98190
38261 9587 9719 7 32287 32284 104270 104269 107225 104855 104449
38262 9587 9537 4 32284 32286 107151 107308
38263 8566 8868 5 32290 32288 47146 47925 47965
38264 10380 10383 3 32291 32292 149857
38265 10622 10609 6 32294 32295 33874 33875 150582 154247
38266 10622 10821 3 32295 32296 150556
38267 11017 10821 5 32296 32297 152948 154174 154175
38268 11017 10609 5 32297 32294 33641 33643 151057
38269 11017 10622 4 32294 32296 150591 150592
38270 10821 10609 7 32295 32297 152947 150646 150645 150862 150557
38271 9400 11933 5 32298 32299 151363 151383 48241
38272 8689 8866 4 32300 32301 32797 48452
38273 8689 9400 7 32298 32300 105174 105173 105179 149687 48242
38274 8866 11933 7 32299 32301 32448 32447 151503 48066 48067
38275 6872 6914 7 32302 32303 43679 42321 42322 42522 42521
38276 7333 7428 5 32304 32305 42544 43179 42950
38277 7333 7311 4 32305 32306 42720 42543
38278 7718 7333 4 32304 32306 42778 42951
38279 8997 8841 8 32307 32308 151970 151699 151698 37267 37265 46263
38280 9049 8841 7 32308 32309 37495 37494 152017 151995 151994
38281 8841 8837 4 32307 32309 46856 46855
38282 10317 10790 8 32310 32311 105927 105928 106154 105414 105417 150195
38283 10317 10028 8 32311 32312 77040 105980 105757 105758 105452 105453
38284 10248 10028 6 32312 32313 96830 105694 151469 77041
38285 10248 10790 6 32313 32310 151378 151489 106123 96828
38286 10248 10317 3 32310 32312 77039
38287 10028 10790 4 32311 32313 96829 105987
38288 7891 7390 7 32314 32315 40947 33470 33469 39972 40030
38289 7891 7634 4 32315 32316 33795 40946
38290 8400 7390 4 32317 32314 41636 33911
38291 8400 7891 5 32314 32316 33796 39969 39971
38292 7634 7390 4 32315 32317 33910 40948
38293 7544 8595 3 32318 32319 48904
38294 8201 7235 6 32320 32321 48636 48854 32737 32736
38295 8201 8595 10 32321 32318 48906 48807 48801 48799 42977 42976 48847 48635
38296 10371 10749 7 32322 32323 149269 149992 149364 149362 150605
38297 10371 10827 5 32323 32324 32417 32418 149270
38298 10616 10827 3 32324 32325 134282
38299 10616 10749 7 32325 32322 149610 149609 150102 150245 134280
38300 10616 10371 7 32322 32324 150650 151600 134226 46890 46892
38301 10827 10749 6 32323 32325 134281 149403 149367 149271
38302 10907 10574 4 32327 32328 33655 33653
38303 10856 10901 4 32329 32326 149237 149236
38304 10574 10901 5 32327 32329 149223 149221 149220
38305 11063 11099 4 32331 32332 147158 147161
38306 11267 11196 5 32333 32330 32518 32517 149537
38307 11099 11196 5 32331 32333 149581 149491 149490
38308 11061 10865 6 32334 32335 147038 148205 144242 144243
38309 10865 11140 3 32334 32336 147048
38310 10746 10936 4 32337 32338 134240 134243
38311 10746 11053 6 32338 32339 149980 149981 150464 150666
38312 10878 10936 4 32340 32337 146896 32650
38313 10878 10746 5 32337 32339 149982 150683 150084
38314 10707 10927 5 32341 32342 33521 33522 150667
38315 10707 10938 6 32342 32343 33513 146144 150734 150664
38316 11053 10707 5 32341 32343 33514 150464 150665
38317 9558 9724 9 32345 32346 105313 105314 105002 105001 105394 104683 104681
38318 9558 9949 4 32346 32344 105311 105398
38319 9558 9966 3 32344 32345 105162
38320 11929 8601 8 32347 32348 48450 48754 32707 32705 48136 33060
38321 6778 6085 8 32349 32350 65418 65419 96517 96535 96533 96534
38322 6778 6485 6 32350 32351 48403 48404 77524 96461
38323 11922 6778 5 32349 32351 76992 77518 96532
38324 6485 6085 4 32350 32352 72547 77439
38325 11035 11294 4 32353 32354 150618 150533
38326 11035 11236 5 32354 32355 149230 149228 150624
38327 11089 11236 6 32355 32356 149311 148378 146927 146926
38328 11089 11294 6 32356 32353 148984 148983 149397 149310
38329 11089 11035 7 32353 32355 150547 152319 150638 150466 150467
38330 11236 11294 6 32354 32356 149309 149357 149359 150622
38331 9209 9144 9 32357 32358 152652 152654 152661 152577 152578 150898 150899
38332 9209 9147 4 32358 32359 152658 152653
38333 9317 9147 8 32359 32360 46207 46206 152630 152637 150694 150693
38334 9317 9144 4 32360 32357 152595 152594
38335 9317 9209 5 32357 32359 152659 152645 152612
38336 9147 9144 9 32358 32360 46255 46175 46063 46062 104473 152201 152200
38337 11499 11735 9 32363 32364 149019 148571 148161 128495 128496 149017 148733
38338 11499 11491 5 32364 32365 124181 145105 149020
38339 10532 10517 7 32366 32367 146805 153699 153804 153805 154621
38340 10532 10220 7 32367 32368 153947 153949 154415 154416 146806
38341 10234 10220 7 32368 32369 154373 154374 154362 44062 44060
38342 10234 10517 3 32369 32366 154563
38343 10234 10532 7 32366 32368 153834 33301 33300 154620 154623
38344 10220 10517 8 32367 32369 151061 151063 146846 146845 154564 146807
38345 11228 11209 4 32372 32370 144608 145731
38346 11228 11106 5 32370 32371 147182 145705 144607
38347 11241 11291 4 32373 32374 146702 147222
38348 11241 11450 7 32374 32375 131855 131853 146258 147245 146703
38349 11228 11450 5 32375 32376 149107 130427 130426
38350 11450 11291 5 32374 32376 149106 147134 146704
38351 3659 3612 6 32377 32378 65387 66125 64281 48674
38352 10236 10172 7 32381 32382 153813 153737 153695 33610 33611
38353 10236 10392 7 32382 32383 153712 147512 147510 153811 153814
38354 10520 10392 6 32383 32384 33376 153724 146830 146829
38355 10520 10172 3 32384 32381 33375
38356 10802 10463 4 32385 32386 149922 149966
38357 10802 10784 7 32386 32387 149280 149281 149293 105881 105879
38358 10634 10784 5 32387 32388 149952 149801 149288
38359 10634 10463 10 32388 32385 149964 33222 33223 145471 110605 110604 148663 149951
38360 10634 10802 5 32385 32387 149287 149781 149901
38361 10784 10463 3 32386 32388 149923
38362 367 576 5 32389 32390 129778 129779 134839
38363 713 576 8 32392 32389 134841 134864 130173 130175 130170 129962
38364 498 576 5 32390 32392 121491 121490 130279
38365 681 286 4 32393 32394 32628 131638
38366 681 272 8 32394 32395 131832 134703 134699 134656 131656 32629
38367 316 681 6 32393 32395 131831 132153 131991 131639
38368 272 286 5 32394 32396 131833 131685 32630
38369 110 94 4 32397 32398 134441 146461
38370 10605 10594 4 32399 32400 64946 150091
38371 10605 10343 5 32400 32401 106051 150042 64947
38372 10747 10605 6 32399 32401 106050 148928 33043 33045
38373 1103 1531 7 32404 32405 134255 134253 134784 134883 134962
38374 1103 1470 4 32402 32404 134963 134915
38375 1531 1335 4 32403 32405 134616 134279
38376 11231 11079 5 32406 32407 127096 149426 149264
38377 11231 11280 5 32407 32408 149330 131752 127097
38378 11053 11280 8 32408 32409 34063 34064 149655 149654 150345 149332
38379 11053 11231 5 32406 32408 149331 150620 149263
38380 11280 11079 4 32407 32409 134036 127098
38381 10654 11114 5 32411 32412 151221 151228 32726
38382 10654 11337 6 32412 32410 150032 150033 151195 151220
38383 10654 11823 6 32410 32411 32724 150136 150135 151406
38384 8757 8920 5 32413 32414 33003 33004 45528
38385 8855 8920 5 32414 32415 33099 33699 33700
38386 8920 8721 5 32413 32415 33097 45828 45529
38387 10371 10564 5 32416 32417 150650 151566 151557
38388 10367 10827 6 32418 32419 106165 109614 109613 150103
38389 10367 10564 6 32419 32416 151132 151133 150038 106163
38390 10367 10371 4 32416 32418 150644 151558
38391 10827 10564 6 32417 32419 106164 149399 134281 134282
38392 8804 9041 4 32420 32421 37733 47139
38393 8645 9041 3 32422 32420 47081
38394 8855 9041 8 32421 32422 35269 33700 33697 151014 152064 37735
38395 10302 10508 5 32423 32424 148333 152142 151883
38396 10302 10647 6 32424 32425 147565 152380 148315 148313
38397 10688 10647 6 32425 32426 148367 148369 149300 147567
38398 10688 10302 4 32423 32425 147566 150635
38399 10647 10508 5 32424 32426 150633 150731 148334
38400 11211 11567 8 32427 32428 32853 105930 105931 149675 150139 150073
38401 11211 11151 6 32428 32429 149737 134294 134293 32852
38402 11376 11151 5 32429 32430 123795 123794 149745
38403 11376 11567 7 32430 32427 149659 130310 130311 149536 149535
38404 11376 11211 3 32427 32429 150074
38405 11151 11567 4 32428 32430 149629 32854
38406 8658 8775 5 32432 32433 46367 33120 33121
38407 8728 8775 8 32433 32434 46185 47096 47098 48018 47062 46368
38408 8728 8633 7 32434 32431 47584 47583 47938 46182 46181
38409 8775 8633 3 32432 32434 46184
38410 9562 10835 6 32435 32436 155331 155280 155279 42083
38411 9562 9919 8 32436 32437 132986 155285 155284 150955 150953 154857
38412 10276 9919 7 32437 32438 133000 154996 150841 34328 34326
38413 10276 10835 4 32438 32435 42085 132999
38414 10276 9562 6 32435 32437 132918 132917 155329 42084
38415 9919 10835 4 32436 32438 33472 33474
38416 9535 9581 7 32439 32440 151770 150815 150816 152927 152872
38417 9535 9353 7 32440 32441 35051 34315 34316 32994 32992
38418 9566 9581 8 32442 32439 152794 152795 150964 33792 33794 152100
38419 9566 9535 3 32439 32441 152442
38420 9353 9581 5 32440 32442 153158 153434 152585
38421 9783 9755 8 32443 32444 104977 105504 105536 148843 150991 105128
38422 9753 9755 5 32444 32445 46586 97160 97163
38423 9755 9431 5 32443 32445 46585 105085 105127
38424 11933 9605 7 32446 32447 151502 151338 151340 105473 96340
38425 11930 8866 7 32448 32449 32743 32741 48372 48373 32797
38426 11930 9605 5 32449 32446 96342 105136 105138
38427 11930 11933 4 32446 32448 32796 96341
38428 8866 9605 3 32447 32449 105177
38429 10364 10332 5 32452 32453 147743 103767 103766
38430 10336 10332 5 32453 32454 147568 34959 34960
38431 10336 10364 4 32451 32453 147742 147947
38432 10332 10211 5 32452 32454 147009 147007 147854
38433 10034 10126 6 32455 32456 110648 104716 104709 104456
38434 10127 10403 4 32457 32458 109161 104403
38435 10127 10126 6 32458 32455 104457 151854 104298 104296
38436 10127 10034 5 32455 32457 104402 32805 32807
38437 10403 10126 5 32456 32458 109160 110585 110650
38438 10743 10802 6 32459 32460 110260 150107 150108 149864
38439 10802 10812 5 32459 32461 104404 104406 149865
38440 9884 9824 7 32462 32463 110548 104073 104074 104540 32652
38441 10377 10408 7 32465 32466 145058 145059 149888 105375 105374
38442 10377 10296 7 32466 32464 105370 105371 150656 150026 149959
38443 10377 10757 4 32464 32465 148674 148676
38444 11023 11940 6 32467 32468 48484 48903 134414 150151
38445 11023 11243 4 32468 32469 134705 48483
38446 11226 11243 3 32469 32470 134706
38447 11226 11940 8 32470 32467 151318 151317 151258 151257 151393 151399
38448 11243 11940 6 32468 32470 151400 33035 33034 48485
38449 8425 8045 5 32471 32472 49327 49323 46520
38450 11758 11677 4 32473 32474 123144 149696
38451 9916 10220 7 32475 32476 152907 153681 153682 147259 147260
38452 9916 10118 4 32476 32477 152950 152908
38453 10236 10118 6 32477 32478 153694 153695 153736 152951
38454 10236 10220 7 32478 32475 153731 153730 153847 147564 147563
38455 10236 9916 4 32475 32477 152949 153722
38456 10118 10220 4 32476 32478 152586 152588
38457 11110 11124 4 32480 32481 150109 105441
38458 11006 11124 6 32481 32482 149649 105670 105671 149926
38459 11006 11211 5 32482 32479 150130 150129 149648
38460 11006 11110 6 32479 32481 109813 109812 150134 150221
38461 10350 10369 6 32483 32484 33906 33904 153827 153828
38462 10350 10019 3 32484 32485 154155
38463 9690 10019 8 32485 32486 152755 152753 153865 152738 152739 154156
38464 9690 10369 6 32486 32483 154417 154018 154012 154013
38465 9690 10350 5 32483 32485 154028 33068 33067
38466 10019 10369 6 32484 32486 154389 44059 44061 154630
38467 11766 11680 4 32487 32488 105746 146116
38468 11766 171 4 32488 32489 134592 105745
38469 69 11680 4 32490 32487 32666 32667
38470 69 11766 6 32487 32489 134647 33528 33527 146117
38471 10627 10501 6 32491 32492 33876 33877 146902 146903
38472 10627 10413 7 32492 32493 149382 154519 154515 154343 150604
38473 10085 10413 8 32493 32494 154376 154369 44792 44791 152702 149384
38474 10085 10501 3 32494 32491 154386
38475 10085 10627 5 32491 32493 149383 34267 34266
38476 10413 10501 6 32492 32494 154387 153721 146235 146236
38477 10220 10174 8 32495 32496 147260 153731 153732 151063 151064 154374
38478 10220 10052 3 32496 32497 147259
38479 9999 10052 7 32497 32498 33651 33652 152575 152576 153844
38480 9999 10174 3 32498 32495 152840
38481 9999 10220 5 32495 32497 153682 153683 154362
38482 10052 10174 9 32496 32498 152839 154249 154485 152891 152890 152843 147261
38483 10793 10983 5 32499 32500 149369 149244 149245
38484 10793 10958 7 32500 32501 148396 148397 149372 149374 149423
38485 10934 10958 4 32501 32502 149163 149164
38486 10934 10983 7 32502 32499 149299 149216 149215 149494 149316
38487 10934 10793 4 32499 32501 32505 32504
38488 10958 10983 4 32500 32502 149317 149425
38489 10901 10934 6 32505 32506 148298 147148 147147 149164
38490 10901 10688 5 32506 32503 148055 148410 149353
38491 11619 11200 4 32507 32508 149501 130317
38492 11619 11514 7 32508 32509 130235 149179 149177 149505 149502
38493 11564 11514 6 32509 32510 131112 131110 146478 130236
38494 11564 11200 7 32510 32507 130318 130211 130212 146421 146402
38495 11564 11619 6 32507 32509 130234 150374 149428 130316
38496 11514 11200 4 32508 32510 146403 149480
38497 9315 8943 5 32511 32512 33509 151069 104126
38498 8943 9256 6 32511 32513 150759 33052 33051 104127
38499 10612 10757 7 32514 32516 149943 105742 105741 150118 150086
38500 11413 11376 4 32519 32520 110826 149536
38501 11413 11267 5 32520 32517 149328 149329 110825
38502 11376 11267 6 32518 32520 110824 149632 149775 149342
38503 11287 11347 7 32521 32522 149694 149553 149552 149089 149090
38504 11287 11053 4 32522 32523 149595 149693
38505 11453 11434 7 32524 32525 149507 148977 148976 148937 148939
38506 11453 11455 9 32525 32526 149180 128813 128814 149450 109597 109598 149545
38507 11615 11455 5 32526 32527 129979 33587 33588
38508 11615 11434 8 32527 32524 149298 129006 129008 148895 149056 149029
38509 11615 11453 5 32524 32526 148321 148320 149059
38510 11455 11434 4 32525 32527 149030 149484
38511 10743 10938 7 32529 32530 110076 110077 150108 150106 150734
38512 11071 10938 8 32530 32531 109846 109845 149596 105717 105715 149558
38513 11071 10827 6 32531 32528 106158 105462 105461 150142
38514 11071 10743 3 32528 32530 150095
38515 10938 10827 4 32529 32531 146145 146144
38516 10696 10627 3 32533 32534 150593
38517 10627 10622 8 32532 32534 150591 150556 33874 33876 150604 154341
38518 8629 8741 4 32535 32536 46199 48069
38519 8819 8741 5 32536 32537 46198 46197 46200
38520 8741 8596 9 32535 32537 46313 46535 47339 47154 46129 43322 43323
38521 6087 6907 5 32540 32538 49083 48975 48102
38522 9235 9586 4 32542 32543 154026 154190
38523 9429 9586 5 32543 32544 153945 153675 153673
38524 9429 9690 7 32544 32541 34262 34264 152679 152678 154033
38525 9429 9235 8 32541 32543 154027 152851 152853 153469 153969 152959
38526 9586 9690 8 32542 32544 154034 154035 154008 153996 153995 154031
38527 8593 8972 4 32545 32546 97158 46278
38528 8593 8460 7 32546 32547 47799 47800 96939 97316 97157
38529 8211 8972 6 32548 32545 46279 94968 94970 96875
38530 8211 8593 4 32545 32547 47839 46277
38531 8460 8972 5 32546 32548 96874 96879 97159
38532 11451 61 5 32549 32550 153854 131921 131922
38533 11451 11854 6 32550 32551 154848 154952 154911 154308
38534 196 11854 7 32551 32552 131926 34217 34219 129877 131780
38535 196 61 9 32552 32549 131910 131658 131660 131865 132001 132091 131924
38536 196 11451 3 32549 32551 154847
38537 11854 61 3 32550 32552 131925
38538 11202 11196 7 32553 32554 149500 149498 149877 149956 150145
38539 11202 11053 7 32554 32555 149653 149654 150269 149695 149693
38540 10938 11196 7 32556 32553 149596 149598 149803 149824 149490
38541 10938 11202 4 32553 32555 109843 109845
38542 11053 11196 4 32554 32556 149491 149595
38543 11405 10863 3 32558 32559 105806
38544 10764 10863 9 32559 32560 106837 105807 105341 105342 105451 104084 104085
38545 10764 11224 4 32560 32557 106862 106838
38546 10304 10337 3 32563 32561 151488
38547 10527 10337 4 32562 32563 151487 150052
38548 10367 10117 5 32564 32565 32929 150080 151586
38549 10311 10117 5 32566 32564 151591 150472 149879
38550 10377 10117 6 32565 32566 149878 150026 150946 32931
38551 8725 8806 7 32567 32568 48650 44569 44567 48296 48880
38552 8725 8293 7 32568 32569 49012 46480 46479 46335 46336
38553 8532 8806 4 32570 32567 48775 48777
38554 8532 8725 3 32567 32569 49013
38555 8293 8806 5 32568 32570 48887 48359 48358
38556 9485 9487 6 32572 32573 154167 154168 154228 154081
38557 9625 9487 7 32573 32574 152598 152599 154212 154085 154087
38558 9625 9356 4 32574 32571 32680 150997
38559 9625 9485 4 32571 32573 154114 32679
38560 9308 9691 6 32575 32576 151765 33130 33128 48007
38561 9308 9292 9 32576 32577 151762 47946 47945 49066 47896 47897 151766
38562 9821 9292 5 32577 32578 151634 105493 105491
38563 9821 9691 9 32578 32575 48009 106080 44557 44556 47905 47904 151683
38564 9821 9308 4 32575 32577 151764 48008
38565 9292 9691 5 32576 32578 150990 150989 151691
38566 8998 7899 3 32579 32580 44549
38567 8005 7899 8 32580 32581 33393 33394 44764 42471 42472 49132
38568 1586 1652 5 32583 32584 33868 132397 137769
38569 1652 1300 7 32582 32584 33866 132443 132124 33622 33624
38570 7081 7015 5 32586 32587 51313 44356 44355
38571 6855 7015 4 32587 32588 51075 51077
38572 6855 6840 4 32588 32585 49791 49790
38573 6855 7081 8 32585 32587 51315 51314 51318 49504 46666 46665
38574 9389 9772 4 32589 32590 150024 102862
38575 9389 9667 7 32590 32591 151695 151693 151713 151709 150025
38576 9593 9667 5 32591 32592 105574 32900 32901
38577 9593 9772 4 32592 32589 102864 105570
38578 9593 9389 7 32589 32591 151696 46298 46297 151641 102863
38579 9667 9772 9 32590 32592 104592 104594 105113 105426 95433 95435 105551
38580 2771 3407 10 32593 32594 133980 133978 133979 134141 133768 133766 134093 134095
38581 2771 3237 8 32594 32595 134089 134088 42934 42932 48928 133969
38582 3550 2771 3 32593 32595 134090
38583 3237 3407 3 32594 32596 48405
38584 9349 9771 6 32597 32598 42049 153909 155699 155700
38585 9349 9828 7 32598 32599 155675 155664 155663 155709 42050
38586 9878 9828 4 32599 32600 154736 155429
38587 9878 9771 7 32600 32597 142777 142776 155565 142769 142771
38588 9878 9349 6 32597 32599 155712 141770 141769 155713
38589 9828 9771 4 32598 32600 154045 42051
38590 8454 8465 6 32603 32604 46188 46187 47726 33092
38591 8454 8425 5 32604 32601 46421 46406 46303
38592 8454 8596 4 32601 32603 33090 45810
38593 8465 8425 5 32602 32604 46302 46555 46557
38594 8648 8661 9 32606 32607 47804 47805 48164 48137 48057 48058 104205
38595 8661 8915 5 32605 32607 96960 96962 47502
38596 10976 11277 8 32608 32609 151517 151524 151478 151476 150423 150424
38597 10976 11050 7 32609 32610 49171 49169 150389 150388 151497
38598 11368 10976 3 32608 32610 151237
38599 11050 11277 3 32609 32611 148711
38600 781 510 3 32612 32613 133592
38601 11840 614 5 32614 32615 106018 123228 121557
38602 11840 510 5 32615 32612 121294 105958 105960
38603 11840 781 5 32612 32614 121556 134386 133593
38604 9842 9816 8 32616 32617 151356 151357 151585 151584 105784 105785
38605 9842 9904 3 32617 32618 151614
38606 10017 9904 8 32618 32619 33985 105562 151346 151348 104825 104822
38607 10017 9816 3 32619 32616 33984
38608 10017 9842 5 32616 32618 151622 151592 150092
38609 9904 9816 8 32617 32619 33983 105112 105114 151353 151571 151572
38610 2612 2370 6 32620 32621 122050 121688 106007 106006
38611 1518 2370 5 32621 32622 121695 121694 121970
38612 7969 7883 7 32624 32625 96186 96187 96171 96156 96155
38613 7052 7969 3 32623 32625 96405
38614 681 750 7 32628 32629 131655 131949 131952 132145 131958
38615 272 750 4 32629 32630 131686 131657
38616 1391 1109 6 32631 32632 131432 132384 132436 132170
38617 1391 1371 6 32632 32633 129141 129142 132365 131433
38618 1405 1371 6 32633 32634 131528 131537 129912 129911
38619 1405 1109 4 32634 32631 130046 130045
38620 1405 1391 4 32631 32633 132148 132171
38621 1371 1109 7 32632 32634 131527 131521 131520 132262 131434
38622 6555 6347 4 32635 32637 49773 48965
38623 6797 5685 3 32636 32638 66058
38624 8725 8449 7 32639 32640 46293 46291 44321 44322 46479
38625 8725 9012 7 32640 32641 49012 49013 48880 48881 48852
38626 8165 8725 3 32639 32641 46480
38627 9012 8449 3 32640 32642 48672
38628 10707 10733 6 32643 32644 149972 149973 150665 150667
38629 10848 10733 7 32646 32643 32722 32721 33978 33979 33597
38630 10848 10707 5 32643 32645 148265 33520 33522
38631 10543 10733 4 32644 32646 33598 150652
38632 7718 8850 3 32647 32648 34853
38633 8362 8850 7 32649 32647 44871 44878 155272 42140 42139
38634 7545 8850 4 32648 32649 41906 34854
38635 10878 11079 4 32651 32650 146897 149308
38636 9360 9072 5 32653 32654 96950 104826 104800
38637 9279 9072 5 32655 32653 47226 47112 46179
38638 9539 9072 7 32654 32655 46178 97324 104906 105020 96951
38639 8172 8546 5 32656 32657 76322 96102 95501
38640 8172 8260 5 32657 32658 95865 94859 76323
38641 8137 8546 5 32659 32656 94898 76516 76518
38642 8137 8172 4 32656 32658 76644 76645
38643 8260 8546 6 32657 32659 76598 76868 105376 76324
38644 10299 10187 4 32661 32662 33359 158646
38645 10209 10187 8 32662 32663 158813 158800 158677 158678 158686 33361
38646 10209 10355 8 32663 32660 145610 157440 145668 145669 158804 158812
38647 10209 10299 5 32660 32662 33360 38904 145609
38648 10187 10355 3 32661 32663 158647
38649 11433 11639 5 32664 32665 150514 150512 150511
38650 11433 11680 10 32665 32666 146116 150126 150127 150540 150529 150519 150520 150515
38651 69 11639 5 32667 32664 150360 150362 149862
38652 69 11433 5 32664 32666 146117 150340 150510
38653 11680 11639 6 32665 32667 149861 150306 150400 150399
38654 3507 3363 7 32668 32669 66534 66580 66166 66165 66589
38655 3507 3238 4 32669 32670 66544 66533
38656 3269 3238 6 32670 32671 64171 66673 62819 62816
38657 3269 3363 7 32671 32668 62285 62284 66559 133227 64169
38658 3269 3507 5 32668 32670 66549 65090 65089
38659 3238 3363 4 32669 32671 64170 66531
38660 10046 9869 4 32672 32673 149970 151618
38661 10046 9949 8 32673 32674 105122 151370 150468 105569 105568 149818
38662 9934 9949 3 32674 32675 105124
38663 9934 9869 7 32675 32672 149855 105535 105534 105563 105572
38664 9934 10046 6 32672 32674 105123 151617 105389 105388
38665 9949 9869 4 32673 32675 105573 149971
38666 4720 2505 6 32676 32677 66298 66301 133574 133565
38667 6308 2505 7 32677 32678 133770 133771 150715 66302 66299
38668 2505 3958 4 32676 32678 133749 133567
38669 9625 9654 7 32680 32679 154115 154123 154307 152647 150996
38670 11921 6191 4 32682 32681 95926 93868
38671 6907 7259 3 32683 32684 48102
38672 7590 7259 6 32685 32683 48103 48892 48705 48704
38673 6384 7259 7 32684 32685 48896 48898 134206 48948 48947
38674 7565 7726 8 32686 32687 46553 46552 46140 46143 48855 48784
38675 7917 7983 7 32688 32689 45989 45990 44626 44531 44532
38676 7917 7726 3 32689 32686 46410
38677 7917 7565 6 32686 32688 49427 49346 44727 44726
38678 6808 6157 4 32690 32691 43384 43387
38679 6905 6157 5 32691 32693 43314 49657 49556
38680 8044 7123 5 32694 32695 48420 96505 47989
38681 8044 8608 4 32695 32696 96373 48419
38682 11928 7123 8 32697 32694 47990 96474 96551 96151 96153 96169
38683 11928 8044 6 32694 32696 47930 47931 96388 47988
38684 8608 7123 7 32695 32697 96168 96179 96178 96503 48421
38685 11841 11592 4 32698 32699 134085 134567
38686 11841 11567 4 32699 32700 134396 134084
38687 11671 11567 7 32700 32701 130309 130310 149624 149622 134397
38688 11671 11592 5 32701 32698 130293 130292 149676
38689 11671 11841 5 32698 32700 134395 134257 134256
38690 11567 11592 7 32699 32701 149691 149690 149689 149876 134086
38691 7471 6510 7 32702 32703 96492 96291 96292 77427 77428
38692 8901 6510 4 32703 32704 76671 76669
38693 11929 11932 4 32705 32706 48384 48135
38694 11929 8788 7 32706 32707 48755 48763 96727 48270 48271
38695 8601 8788 3 32707 32708 48415
38696 6865 7910 4 32709 32710 96508 32779
38697 6865 7052 9 32710 32711 96405 96426 77520 77519 96077 77526 77525
38698 7883 7910 7 32712 32709 32781 96171 96173 95964 95963
38699 7883 6865 4 32709 32711 96186 32780
38700 7052 7910 4 32710 32712 75869 75867
38701 7644 8980 7 32715 32713 48831 49285 120795 120794 151462
38702 10533 10344 8 32716 32717 148712 110353 110354 148694 148457 148327
38703 10533 10313 5 32717 32718 147197 147198 148494
38704 10570 10313 6 32718 32719 110638 110639 110641 110642
38705 10570 10344 5 32719 32716 103675 103674 148359
38706 10570 10533 6 32716 32718 148448 147195 147196 148328
38707 10313 10344 6 32717 32719 148361 148266 147837 147836
38708 10733 10936 7 32720 32721 48308 130226 134242 134240 150718
38709 10927 10848 9 32722 32723 149195 148989 148990 148903 106130 33523 33522
38710 10927 10936 5 32723 32720 150470 149210 149212
38711 10927 10733 4 32720 32722 150667 150668
38712 10848 10936 5 32721 32723 150144 150352 48309
38713 405 11114 4 32725 32726 150947 134060
38714 405 10654 5 32726 32724 151162 151411 151229
38715 405 11823 6 32724 32725 134059 134305 151017 151134
38716 416 11897 6 32727 32728 121715 121716 48607 48606
38717 416 1026 9 32728 32729 134039 134048 133245 133243 133877 64553 64552
38718 455 416 5 32727 32729 134038 48759 48758
38719 9118 9157 3 32738 32739 102752
38720 9118 9370 7 32739 32740 102716 102717 99989 99990 102753
38721 11930 9140 5 32742 32743 105138 105139 96840
38722 8866 9140 5 32743 32744 151514 151503 105177
38723 9140 8788 8 32742 32744 151344 48385 48271 48272 96355 96354
38724 9374 8260 7 32745 32746 106109 106107 105377 105376 105295
38725 7439 9374 3 32745 32747 105294
38726 7965 8037 10 32748 32749 50439 49471 49470 50282 76811 50387 50389 50429
38727 7965 8312 4 32749 32750 50365 50440
38728 7871 8037 3 32751 32748 47819
38729 7871 7965 7 32748 32750 50364 50182 49942 49944 50431
38730 8312 8037 5 32749 32751 46755 46756 47319
38731 7239 6722 4 32753 32752 48571 49117
38732 2136 3143 6 32756 32757 42933 133983 133984 133223
38733 2136 3237 4 32757 32758 48930 42932
38734 3196 3237 7 32758 32759 49026 65694 66094 66092 133660
38735 3196 3143 9 32759 32756 64537 64539 66184 66162 66148 62861 49025
38736 11506 11723 4 32760 32761 120502 120505
38737 239 238 9 32762 32763 133864 133862 134772 134744 134745 134740 134741
38738 239 11723 9 32763 32760 150249 150248 150496 150502 146444 146445 150498
38739 239 11506 3 32760 32762 150448
38740 238 11723 4 32761 32763 134204 134202
38741 1431 1147 4 32766 32764 129956 129943
38742 11009 10594 7 32767 32768 134707 151267 151379 151360 151361
38743 11009 11197 6 32768 32769 48773 150031 48268 48266
38744 10599 10594 7 32770 32767 151384 149795 145157 134731 134730
38745 10599 11009 3 32767 32769 48772
38746 11197 10594 4 32768 32770 151382 134708
38747 10835 10870 8 32771 32772 154470 132999 33472 33473 42656 42168
38748 10835 44 6 32772 32773 154838 154836 42642 42645
38749 11547 44 4 32773 32774 133724 133727
38750 11547 10870 5 32774 32771 42170 155017 154985
38751 11547 10835 5 32771 32773 154874 154872 42169
38752 44 10870 5 32772 32774 151181 151179 154790
38753 9222 9764 4 32775 32776 151626 151615
38754 9222 9385 8 32776 32777 151658 151660 151656 150058 150059 151583
38755 9417 9385 6 32777 32778 106078 105667 105668 150066
38756 9417 9764 5 32778 32775 106045 106044 149508
38757 9385 9764 5 32776 32778 150740 151573 151593
38758 7351 7883 3 32780 32781 96187
38759 7351 6865 8 32779 32780 77760 50420 50127 50128 96518 96509
38760 8054 7989 3 32782 32783 48121
38761 8054 8159 11 32783 32784 50040 50370 50458 50468 50474 50460 50296 48144 48143
38762 7965 8159 3 32784 32785 50041
38763 7965 7989 7 32785 32782 48122 95786 50282 47850 47849
38764 7965 8054 7 32782 32784 50039 50467 50365 50364 48120
38765 8223 8175 7 32786 32787 46453 46451 49044 46136 46137
38766 8223 8262 7 32787 32788 49303 49354 48865 44734 44735
38767 8707 8175 4 32789 32786 49020 49262
38768 8707 8223 8 32786 32788 49256 48858 48857 48393 48390 48786
38769 8262 8175 8 32787 32789 49263 44730 44732 49357 49350 49349
38770 6035 5886 5 32791 32790 91239 91092 91091
38771 10594 11172 4 32792 32793 150337 150216
38772 10594 10616 4 32793 32794 134216 150338
38773 10564 10616 8 32794 32795 33887 134280 134282 150650 151602 134218
38774 10564 11172 6 32795 32792 48322 48321 48835 33886
38775 10616 11172 7 32793 32795 33885 150102 130204 130203 150339
38776 8689 11930 5 32797 32796 96011 48360 48362
38777 9701 9804 6 32799 32800 152526 150702 47044 47045
38778 9705 9701 6 32798 32800 104135 104134 150879 97100
38779 9804 9655 4 32799 32801 152466 152497
38780 9766 9688 5 32803 32804 33038 44712 44714
38781 9766 9881 6 32804 32802 150611 48353 48054 33037
38782 10034 9898 7 32806 32807 104456 104389 104387 104557 104455
38783 9797 9673 6 32809 32810 97426 104247 95574 95573
38784 9797 9898 5 32812 32813 104455 103871 103868
38785 9797 10086 6 32813 32811 47920 103881 104784 104454
38786 9797 9753 7 32811 32812 104527 104635 105021 104957 47919
38787 10361 10480 9 32814 32815 109696 107386 105626 105627 110511 110500 110498
38788 10331 10480 7 32817 32814 108823 108820 108217 108216 110392
38789 10331 10361 3 32814 32816 110497
38790 10086 10480 3 32815 32817 110130
38791 10134 10237 8 32818 32819 158657 156478 156476 157324 157325 157430
38792 10134 10453 3 32819 32820 158656
38793 10268 10453 9 32820 32821 157003 157002 147691 35107 35106 147789 158661
38794 10268 10237 3 32821 32818 157328
38795 10268 10134 7 32818 32820 158659 147474 147473 156927 157433
38796 10453 10237 6 32819 32821 157108 157107 158817 158658
38797 10709 10848 5 32823 32824 148237 48309 33978
38798 10983 10848 7 32824 32825 149216 149193 149195 150144 148238
38799 10983 10688 4 32825 32822 149245 149299
38800 10983 10709 4 32822 32824 148236 149244
38801 10848 10688 7 32823 32825 148326 148324 149585 150298 33979
38802 11568 11405 6 32826 32827 106809 106708 105943 105940
38803 10059 9934 7 32828 32829 104495 104494 105389 105390 105490
38804 10059 10060 7 32829 32830 94110 151706 105199 97986 97987
38805 9868 9934 6 32831 32828 104971 104970 105505 105356
38806 9868 10059 3 32828 32830 94111
38807 10060 9934 4 32829 32831 104687 104684
38808 10943 11070 6 32832 32833 105650 110057 110056 109548
38809 11372 11070 5 32833 32834 105708 109685 105651
38810 11070 10989 6 32832 32834 105707 109794 109777 109549
38811 10726 10636 5 32835 32836 148719 110357 110358
38812 10383 10200 4 32838 32839 151815 104630
38813 9955 10200 4 32840 32841 103651 37572
38814 10200 10162 5 32840 32842 151815 151820 37573
38815 10539 10940 4 32845 32846 149869 149880
38816 10539 10920 5 32846 32847 105880 104407 104405
38817 10888 10920 4 32847 32848 97298 97301
38818 10888 10940 6 32848 32845 148194 104803 104805 149338
38819 10888 10539 5 32845 32847 149150 130187 130189
38820 10920 10940 8 32846 32848 149771 149792 149793 134410 134408 149870
38821 8997 9003 3 32850 32851 47992
38822 8997 9060 5 32851 32849 48229 48230 47991
38823 8997 9105 8 32849 32850 151751 151746 151745 151698 151697 151906
38824 11202 11211 5 32852 32853 134595 134594 150097
38825 11202 11567 5 32853 32854 149877 149876 150204
38826 10526 10538 6 32857 32858 35389 103679 103680 110562
38827 10526 10351 6 32858 32859 147082 151663 102957 35390
38828 10657 10351 6 32859 32860 148377 148173 148174 147083
38829 10657 10538 7 32860 32857 110563 145368 106772 106773 148376
38830 10351 10538 6 32858 32860 110643 110463 110464 35391
38831 10494 10320 5 32861 32862 147450 147528 147874
38832 10494 10342 3 32862 32863 147449
38833 10392 10494 6 32861 32863 147588 147589 145579 145580
38834 8688 8806 4 32865 32866 44568 44569
38835 8688 8944 8 32866 32867 48048 42770 42773 150758 49265 46413
38836 8073 8944 5 32867 32868 49312 49288 49231
38837 8073 8806 6 32868 32865 48650 48358 45921 45919
38838 10737 10693 4 32869 32870 147659 147660
38839 10737 10842 5 32870 32871 156455 153789 153788
38840 10753 10842 4 32871 32872 126668 147321
38841 10753 10693 6 32872 32869 156380 156381 156332 126666
38842 10753 10737 6 32869 32871 147690 34552 34554 156349
38843 10842 10693 6 32870 32872 126667 147323 143967 143966
38844 9345 9329 5 32873 32874 157301 157200 157127
38845 9345 9310 6 32874 32875 155896 155897 157303 157300
38846 9420 9310 3 32875 32876 157041
38847 9310 9329 6 32874 32876 157341 157368 157299 157296
38848 8573 8721 8 32877 32878 46968 46683 46160 46161 45607 45608
38849 8573 8625 5 32878 32879 36626 37821 37819
38850 8377 8625 5 32879 32880 37997 37998 36627
38851 8377 8721 3 32880 32877 46123
38852 8377 8573 8 32877 32879 36625 38350 38352 46984 46325 46122
38853 8625 8721 7 32878 32880 33106 33108 46988 46973 46972
38854 9037 9173 5 32882 32883 97018 104640 48027
38855 9037 8700 8 32881 32882 48026 48034 48037 48036 47987 47900
38856 9144 9361 6 32885 32886 46256 46175 46176 152711
38857 9144 9354 6 32886 32887 47006 150899 152595 152593
38858 9450 9361 7 32888 32885 152721 152603 32938 32937 152509
38859 9450 9144 4 32885 32887 47005 152713
38860 9354 9361 3 32886 32888 152510
38861 9144 9057 7 32889 32890 152531 152532 152609 152592 152415
38862 9144 8734 4 32890 32891 152094 152095
38863 8738 9057 4 32892 32889 46394 46391
38864 8738 9144 6 32889 32891 152601 152620 104473 104474
38865 8734 9057 4 32890 32892 46165 46166
38866 11578 10864 6 32893 32894 154704 155136 151184 133704
38867 11578 11306 5 32894 32895 150273 133452 133450
38868 10959 11306 5 32895 32896 33193 33190 150275
38869 10959 10864 6 32896 32893 133706 154552 154800 154981
38870 10959 11578 4 32893 32895 150274 133705
38871 11306 10864 6 32894 32896 155069 151171 151156 151155
38872 9593 9816 5 32899 32900 105786 105784 150057
38873 9385 9667 8 32901 32902 49021 49022 105446 151300 151665 151695
38874 9385 9816 7 32902 32899 150059 151585 151573 151550 151534
38875 9385 9593 5 32899 32901 151696 151657 150058
38876 9667 9816 6 32900 32902 151354 105114 104594 104595
38877 9735 9737 3 32904 32905 46903
38878 9651 9737 6 32905 32906 157857 153582 153580 46905
38879 9651 9645 6 32906 32903 153255 153254 157844 157845
38880 9737 9645 6 32904 32906 157984 157998 158061 46915
38881 9476 9555 3 32907 32908 112268
38882 9476 9509 7 32908 32909 37636 37634 103878 112382 112267
38883 9436 9509 6 32909 32910 103374 103418 103417 147960
38884 9436 9555 7 32910 32907 109790 104057 103375 35164 35163
38885 9436 9476 5 32907 32909 37249 37246 158394
38886 9509 9555 6 32908 32910 103373 103718 103717 111909
38887 11140 11239 9 32911 32912 146273 146936 147167 146995 129793 129794 146851
38888 10873 11239 3 32913 32911 146852
38889 8062 7485 5 32915 32916 44467 44469 44370
38890 8062 7588 3 32914 32915 38420
38891 9853 10072 3 32917 32918 151786
38892 9853 9803 6 32918 32919 44417 44420 104101 151787
38893 10074 9803 7 32919 32920 145320 151755 151760 152547 152453
38894 10074 10072 6 32920 32917 150767 150766 148679 145319
38895 10074 9853 6 32917 32919 152199 149896 149898 152208
38896 9803 10072 6 32918 32920 104638 104637 151654 151655
38897 9298 9403 7 32921 32922 158191 158192 158391 36922 36923
38898 9298 9245 5 32922 32923 103311 103424 158227
38899 9295 9403 6 32924 32921 103428 103427 103411 103404
38900 9295 9298 4 32921 32923 35182 35184
38901 9245 9403 6 32922 32924 103365 103366 103398 103400
38902 10707 10311 5 32925 32926 34084 149366 149967
38903 10707 10571 4 32926 32927 146824 34085
38904 10589 10571 4 32927 32928 150632 150663
38905 10117 10264 4 32931 32929 150081 150945
38906 10377 10264 4 32930 32931 150944 149913
38907 8974 8794 6 32934 32935 38802 40260 38700 38697
38908 8974 8985 4 32932 32934 39207 156694
38909 8794 9071 4 32933 32935 38800 39203
38910 9361 9639 4 32936 32937 46203 46204
38911 9557 9361 6 32936 32938 152602 49195 49194 152564
38912 9373 9303 4 32940 32941 104170 33129
38913 9060 9303 6 32941 32942 33133 105135 151990 105540
38914 9060 9308 7 32942 32939 47087 151651 151596 151595 33131
38915 9060 9373 3 32939 32941 47086
38916 9303 9308 6 32940 32942 33132 47897 151767 33130
38917 9248 9071 4 32944 32945 39452 157042
38918 9248 8974 9 32945 32946 39533 39643 39641 156947 156632 155694 39453
38919 9091 9248 4 32944 32946 39532 153570
38920 8943 8774 7 32950 32951 48782 48783 49252 150968 151069
38921 8943 8707 5 32951 32952 46471 48857 49006
38922 8895 8774 5 32953 32950 150849 49167 49155
38923 8895 8943 5 32950 32952 46470 104127 104126
38924 8707 8774 7 32951 32953 49152 44529 44526 49245 49019
38925 9853 10013 5 32954 32955 152343 152341 152342
38926 9853 9738 5 32955 32956 152507 49162 49160
38927 9728 9738 10 32956 32957 105075 151649 89913 89912 151952 147974 147973 148539
38928 9728 10013 4 32957 32954 148625 105074
38929 9728 9853 6 32954 32956 151753 151754 152167 152166
38930 9738 10013 7 32955 32957 105073 151922 152255 148581 148579
38931 8943 8939 6 32958 32959 33052 49244 49243 49179
38932 8756 8939 6 32960 32958 49178 45700 45701 152457
38933 7955 7849 7 32961 32962 86766 98626 98624 37217 37056
38934 7955 7797 4 32962 32963 86578 86765
38935 7731 7797 5 32963 32964 86367 86368 86579
38936 7731 7849 5 32964 32961 37057 37096 87957
38937 7797 7849 6 32962 32964 36854 36853 99039 86767
38938 8087 8482 5 32966 32967 90233 98513 86335
38939 8117 8482 5 32967 32969 37109 37163 90234
38940 9897 9703 4 32970 32971 104021 104022
38941 9897 9729 10 32971 32972 157415 151756 151757 158352 158353 158433 158498 145333
38942 9973 9729 3 32972 32973 158273
38943 9973 9703 7 32973 32970 148502 103879 103880 158281 158272
38944 9729 9703 7 32971 32973 158271 38641 38640 158425 145334
38945 7469 7797 6 32976 32974 86368 71018 71019 86376
38946 7469 8157 8 98318 32974 32975 37368 37369 99643 99645 -1
38947 9608 9707 8 32977 32978 145482 103354 103352 103776 38484 38485
38948 9722 9707 4 32978 32979 152259 158442
38949 9464 9252 3 32980 32981 153299
38950 9464 9301 6 32981 32982 153286 35248 35246 153297
38951 9529 9301 4 32982 32983 35048 35049
38952 9529 9464 8 32980 32982 153266 153262 153259 153347 153284 153283
38953 9301 9252 8 32981 32983 153135 47124 47123 46922 44104 44105
38954 10806 10760 5 32984 32985 33243 146377 146378
38955 10241 10063 5 32988 32989 41613 41614 156543
38956 10241 10064 3 32989 32987 158410
38957 8199 8291 5 32990 32991 98584 98586 98600
38958 9535 9423 7 32992 32993 150602 150075 150076 151771 151770
38959 9535 9158 4 32993 32994 151015 152664
38960 9353 9158 4 32994 32995 45014 151016
38961 9353 9423 5 32995 32992 152585 153441 45013
38962 9158 9423 7 32993 32995 34345 34344 33378 33377 45956
38963 10302 10380 5 32997 32998 149272 150794 150675
38964 10457 10260 7 32999 32996 152324 148308 148307 152365 151933
38965 10457 10302 5 32996 32998 148016 148015 152323
38966 10380 10260 5 32997 32999 151914 33208 33210
38967 9041 8863 6 33001 33002 47047 48021 46936 37765
38968 8757 9041 7 33001 33003 35269 47081 47139 47033 37766
38969 8920 8863 4 33002 33004 46749 46750
38970 11852 11653 7 33005 33006 154442 154312 154311 154441 33679
38971 11564 11653 7 33008 33005 33681 150433 150432 150374 149495
38972 11564 11852 3 33005 33007 33680
38973 110 11653 5 33006 33008 149496 134441 134440
38974 10260 10288 8 33009 33010 146790 148415 150699 130498 130499 150282
38975 9644 9662 6 33013 33014 146866 146864 46127 46125
38976 9477 9662 5 33016 33013 150544 150546 152803
38977 9433 9662 5 33014 33016 152802 35052 35050
38978 8706 8590 5 33019 33020 34182 45523 45522
38979 8706 8448 3 33017 33019 45507
38980 8590 8620 5 33018 33020 34181 35179 45444
38981 9250 9311 4 33021 33022 47207 47209
38982 9250 9479 5 33022 33023 151957 151979 152059
38983 9197 9479 5 33023 33024 152011 104112 104111
38984 9197 9311 7 33024 33021 151935 149929 96886 96885 152055
38985 9479 9311 6 33022 33024 152053 104962 104961 152057
38986 8899 8650 7 33026 33027 44995 45312 45547 45510 38273
38987 8838 8650 6 33027 33028 39779 45459 45409 44996
38988 8838 8899 6 33025 33027 44596 44597 157068 152876
38989 8650 8846 4 33026 33028 39778 38274
38990 9906 10081 4 33030 33031 147907 158501
38991 9846 10081 4 33031 33032 158527 147909
38992 9846 9998 6 33032 33029 110292 110290 158578 158599
38993 10081 9998 7 33030 33032 158605 158603 103181 103180 158300
38994 11940 166 7 33033 33034 151391 151442 151429 150323 150324
38995 72 11243 6 33035 33036 134146 134147 134015 134016
38996 72 11940 5 33033 33035 151402 151397 150868
38997 11243 166 5 33034 33036 150137 150138 150294
38998 9858 9766 3 33037 33038 47794
38999 10062 10113 3 33040 33041 152729
39000 10180 10113 7 33041 33042 150732 150733 152317 152338 152339
39001 10180 10078 4 33042 33039 152838 152393
39002 10180 10062 6 33039 33041 152728 154309 154468 154379
39003 10113 10078 8 33040 33042 150607 150609 150772 152424 152433 152435
39004 10605 11939 6 33043 33044 106063 106064 150048 148929
39005 10605 11023 6 33044 33045 150091 149942 134413 134414
39006 10747 11023 4 33045 33046 134565 134564
39007 10747 11939 5 33046 33043 148930 151335 151334
39008 11023 11939 4 33044 33046 151454 150151
39009 10948 11837 4 33048 33049 156459 -1
39010 10997 11837 5 33049 33050 156038 144326 144325
39011 10997 11421 4 33050 33047 141795 141793
39012 11837 11421 6 33048 33050 156007 156009 156049 -1
39013 8932 8847 5 33053 33054 33370 45390 153508
39014 9680 9557 6 33055 33056 149889 149890 152465 104128
39015 9680 9624 4 33056 33057 44620 150821
39016 9484 9624 5 33057 33058 34969 153349 44622
39017 9484 9557 4 33058 33055 104130 34968
39018 11929 8444 4 33059 33060 48354 48356
39019 10144 10074 8 33062 33063 145319 145320 106084 106086 149599 149602
39020 10144 10289 5 33063 33064 150022 148681 148678
39021 10408 10289 8 33064 33065 148659 148660 110086 110087 151843 150023
39022 10408 10074 4 33065 33062 149887 149975
39023 10408 10144 5 33062 33064 149958 145058 145057
39024 10289 10074 5 33063 33065 149976 152405 148679
39025 10350 10050 5 33066 33067 153828 44758 44760
39026 9836 10050 6 33069 33066 154153 154154 154180 154191
39027 9836 10350 5 33066 33068 154029 154658 154422
39028 9690 10050 4 33067 33069 154209 154417
39029 8296 8594 4 33070 33071 33334 46024
39030 8296 8432 4 33071 33072 44425 33335
39031 8284 8594 4 33073 33070 44653 44652
39032 8284 8296 6 33070 33072 33148 33147 44986 46025
39033 8432 8594 5 33071 33073 34860 34862 33336
39034 9665 9877 7 33074 33075 156751 146855 44500 33799 33800
39035 9665 9546 6 33075 33076 34247 34248 39467 156871
39036 9730 9546 5 33076 33077 156952 153659 153657
39037 9730 9877 7 33077 33074 44577 147490 153305 153304 156955
39038 9730 9665 7 33074 33076 153698 153697 153933 44921 44576
39039 9546 9877 4 33075 33077 35004 35003
39040 3549 3910 6 33078 33079 42270 65068 65067 58418
39041 3549 10119 4 33079 33080 141715 42269
39042 3520 10119 5 33080 33081 40132 58627 58628
39043 3520 3910 7 33081 33078 58419 58409 58408 42846 40131
39044 3520 3549 7 33078 33080 142353 132900 66709 58358 58356
39045 10119 3910 6 33079 33081 40130 58321 58322 42271
39046 9616 9803 6 33082 33083 44419 44417 152453 152549
39047 9616 9689 5 33083 33084 152110 151725 151726
39048 9612 9803 5 33085 33082 152548 151760 104982
39049 9689 9803 6 33083 33085 104983 104614 104613 104620
39050 8440 8309 3 33086 33087 46092
39051 8544 8193 3 33088 33089 37676
39052 8544 8309 6 33089 33086 45855 36838 36840 37675
39053 8544 8440 7 33086 33088 46363 46424 46226 46117 46119
39054 8193 8309 6 33087 33089 37674 43073 45811 45812
39055 8579 8596 6 33090 33091 46534 46313 46314 45808
39056 8579 8465 4 33091 33092 47508 47300
39057 9209 9294 7 33093 33094 33109 152632 152646 152650 152651
39058 9209 9205 4 33094 33095 152456 33110
39059 9511 9294 4 33096 33093 152573 152574
39060 9511 9209 5 33093 33095 48003 46929 46930
39061 8797 8855 4 33098 33099 48798 37658
39062 8797 8920 6 33099 33097 45830 46080 46079 48797
39063 8797 8721 5 33097 33098 37657 45538 45829
39064 7858 7905 4 33101 33102 50569 36639
39065 7858 7793 10 33102 33100 36591 36593 89942 52343 52345 89943 89498 50568
39066 7858 7992 4 33100 33101 36638 97080
39067 7585 8011 5 33103 33104 52779 46634 46632
39068 8757 8625 5 33106 33107 47015 37996 37997
39069 8885 8625 5 33107 33108 46230 46231 47012
39070 8885 8721 5 33108 33105 44488 44490 46987
39071 8579 8822 3 33112 33114 46196
39072 10815 10213 4 33115 33116 150046 134024
39073 10815 10443 7 33116 33117 134041 151123 132913 132914 149941
39074 9595 10443 5 33117 33118 150314 151387 134043
39075 9595 10815 6 33115 33117 134042 151449 150330 134025
39076 10443 10213 5 33116 33118 150313 151313 150150
39077 8658 8729 9 33119 33120 46369 46162 45611 45612 46382 46381 46366
39078 8819 8729 8 33122 33119 46233 46234 46288 46287 46331 46148
39079 8819 8658 3 33119 33121 46338
39080 8775 8729 3 33120 33122 46149
39081 10058 9284 3 33124 33125 133701
39082 10654 9284 5 33125 33126 150960 151296 133703
39083 10654 9184 4 33126 33123 48612 150959
39084 10654 10058 7 33123 33125 133702 151447 151388 150205 48611
39085 9284 9184 7 33124 33126 33583 33582 151390 151437 150775
39086 9303 9691 9 33129 33130 151643 151610 151612 151939 145305 145304 104171
39087 9308 9152 4 33131 33132 47896 151710
39088 9303 9152 7 33132 33133 105134 97128 96890 96892 47898
39089 9173 9222 5 33136 33137 104640 105120 105494
39090 9173 9269 5 33137 33134 33142 97017 97018
39091 9222 9269 4 33135 33137 37719 37718
39092 9389 9254 7 33139 33140 104045 151714 151693 151694 46298
39093 9389 9308 8 33140 33138 48007 48008 151763 47105 47104 104043
39094 9389 9373 4 33138 33139 46297 151743
39095 9269 9308 3 33141 33142 47087
39096 9186 9145 6 33143 33144 44800 44801 154281 152686
39097 9186 9158 6 33144 33145 44657 152767 152704 152485
39098 8736 9158 4 33145 33146 36739 36740
39099 8736 9145 5 33146 33143 152671 152670 152649
39100 8736 9186 4 33143 33145 42828 42830
39101 8958 8570 4 33150 33151 44373 44371
39102 8958 8726 4 33151 33152 36787 45005
39103 8736 8726 4 33152 33153 45922 36788
39104 8726 8570 10 33151 33153 44661 44101 44100 45019 45020 45176 45177 45006
39105 8756 8958 4 33155 33156 152613 45427
39106 8756 8876 6 33154 33155 45426 45700 48811 33345
39107 9978 10004 7 33157 33158 152956 153894 153546 153545 153761
39108 9978 10110 5 33158 33159 148008 147481 147479
39109 10721 10532 7 33160 33161 34269 34270 146808 146689 146690
39110 10721 10687 4 33161 33162 154671 146407
39111 10770 10687 7 33162 33163 146580 154597 154589 146077 146079
39112 10770 10532 3 33163 33160 146579
39113 10770 10721 6 33160 33162 154758 154761 154759 154760
39114 10687 10532 7 33161 33163 146578 153699 145716 145717 146408
39115 10244 10460 6 33165 33166 35328 148061 148355 147990
39116 10460 10267 5 33164 33166 35327 148463 148493
39117 9505 9521 7 33167 33168 46848 153233 45373 45374 46531
39118 9505 9646 3 33168 33169 46847
39119 9668 9521 5 33170 33167 37937 37934 153186
39120 9668 9505 5 33167 33169 153360 153380 153231
39121 9646 9521 5 33168 33170 153156 152193 46849
39122 8745 8592 3 33171 33172 34634
39123 8851 8379 5 33173 33174 39427 36103 36102
39124 8851 8592 7 33174 33171 39556 39557 39618 34995 34996
39125 10448 10256 4 33176 33177 147894 148131
39126 10370 10256 7 33177 33178 147527 147892 147280 147279 147895
39127 10370 10251 6 33178 33175 147896 148032 33181 33180
39128 10256 10251 6 33176 33178 147526 147629 147703 148132
39129 10251 10198 6 33179 33180 147526 147630 147631 147939
39130 10375 10370 7 33181 33182 147892 147437 33199 33201 148033
39131 10375 10198 7 33182 33179 147423 131232 131234 147464 147462
39132 10375 10251 4 33179 33181 148031 147940
39133 10370 10198 3 33180 33182 147527
39134 10254 10261 8 33183 33184 156764 156934 156935 156938 156525 152835
39135 10004 10261 5 33185 33183 40056 40057 153761
39136 9888 10032 4 33186 33187 147822 158520
39137 9888 10109 5 33187 33188 152218 152220 147823
39138 10114 10109 7 33188 33189 148490 145541 145542 148525 148558
39139 10114 10032 6 33189 33186 103932 103933 143853 148618
39140 10114 9888 4 33186 33188 152300 158529
39141 10925 11306 5 33190 33191 133739 154951 155104
39142 10925 10692 4 33191 33192 155015 133740
39143 10959 10692 5 33192 33193 154981 154982 155016
39144 10959 10925 5 33190 33192 151119 150952 150949
39145 10692 11306 7 33191 33193 155069 151329 151327 151164 133741
39146 9918 9999 7 33194 33195 44785 154128 154195 154370 152575
39147 9918 9582 6 33195 33196 152444 154291 154292 44784
39148 9837 9582 7 33196 33197 152943 153629 152792 34305 34303
39149 9837 9999 6 33197 33194 152576 153345 153344 152942
39150 10521 10370 5 33198 33199 147436 147618 148164
39151 10521 10375 6 33199 33200 147136 147135 147225 147223
39152 10556 10375 4 33200 33201 147991 147215
39153 10556 10521 5 33198 33200 147214 146003 146002
39154 8652 8965 3 33202 33203 34883
39155 8740 8965 5 33203 33204 38665 38664 34885
39156 9975 10188 5 33206 33207 152322 152310 148486
39157 9975 10260 4 33207 33205 150699 150698
39158 9975 10094 8 33205 33206 148485 152356 152765 148245 148244 148417
39159 10380 10188 4 33210 33211 150796 150675
39160 10380 10181 5 33211 33208 104484 104486 152372
39161 10188 10181 6 33209 33211 145329 145331 152282 152279
39162 9786 9703 5 33212 33213 34400 34398 158425
39163 9476 9807 5 33214 33215 112382 157703 34640
39164 9476 9703 8 33215 33212 38640 38642 158449 158394 112268 112267
39165 9476 9786 7 33212 33214 34639 148012 148011 34981 34980
39166 9807 9703 6 33213 33215 112381 145251 158404 158405
39167 10312 10429 6 33216 33217 145602 148043 148046 158580
39168 10312 10461 4 33217 33218 147401 145603
39169 10464 10461 6 33218 33219 145389 147914 147915 147403
39170 10464 10429 5 33219 33216 157474 147361 145388
39171 10461 10429 5 33217 33219 145387 146774 145604
39172 10688 10597 9 33220 33221 150636 147566 147567 148348 148349 148410 149337
39173 10688 10463 3 33221 33222 149963
39174 10634 10597 4 33223 33220 33654 33656
39175 10634 10688 4 33220 33222 149962 149336
39176 10463 10597 6 33221 33223 145470 147099 148014 150697
39177 10267 10351 8 33225 33226 103499 109042 47261 47259 158356 148247
39178 10449 10351 6 33226 33227 148365 148174 148172 103500
39179 10449 10244 4 33227 33224 35328 148062
39180 10449 10267 5 33224 33226 103498 109972 35327
39181 10351 10244 7 33225 33227 148364 158465 158381 157226 148248
39182 9315 9132 7 33229 33230 46432 46431 151072 151070 33509
39183 9674 9132 3 33230 33231 48310
39184 9674 9315 7 33228 33230 150503 150505 151042 151065 149603
39185 9329 9189 9 33232 33233 34500 39444 39447 153401 157299 157297 157200
39186 9339 9189 5 33234 33232 157201 157294 153463
39187 9052 9189 6 33233 33234 153462 39531 39529 34501
39188 11117 11232 5 33235 33236 126997 126999 144163
39189 11117 11316 6 33236 33237 156357 142428 142429 144211
39190 11066 11316 4 33237 33238 143971 152954
39191 11066 11232 4 33238 33235 143970 143969
39192 11066 11117 6 33235 33237 156278 144095 143990 143989
39193 10068 10321 5 33239 33240 35404 147685 157076
39194 10068 9784 6 157529 147881 35405 33240 33241 -1
39195 10358 9784 6 33241 33242 41761 155974 157304 -1
39196 9784 10321 4 33240 33242 39358 35406
39197 10402 10506 8 33245 33246 146096 44399 44400 146693 154584 154585
39198 10402 10108 4 33246 33247 44759 154286
39199 10350 10108 6 33247 33248 146815 146816 154422 44760
39200 10350 10506 7 33248 33245 154419 154002 154001 153841 153840
39201 10350 10402 5 33245 33247 44758 153827 153826
39202 10108 10506 3 33246 33248 154287
39203 10472 10756 4 33249 33250 148092 148117
39204 10583 10677 4 33251 33252 147041 148052
39205 10583 10756 8 33252 33249 148119 145752 145754 34735 34734 147039
39206 10583 10472 4 33249 33251 148065 148063
39207 468 667 8 33253 33254 127134 127137 142876 142874 142928 131156
39208 554 667 9 33254 33255 131167 131168 131172 131181 131179 142819 131017
39209 667 235 4 33253 33255 143016 131157
39210 11140 11138 7 33256 33258 146860 146859 147173 147114 146263
39211 11036 11061 4 33257 33259 146682 146684
39212 10221 2721 5 33260 33261 48808 155343 155401
39213 10221 439 4 33261 33262 154097 48809
39214 3319 439 6 33262 33263 66495 132003 154270 154099
39215 3319 10221 6 33260 33262 154098 155358 155369 155399
39216 439 2721 5 33261 33263 66493 132227 48810
39217 9304 9322 5 33264 33265 42016 42017 132866
39218 8977 9322 5 33267 33264 155737 156057 155936
39219 8977 9304 5 33264 33266 155744 155739 155736
39220 8514 9322 6 33265 33267 155935 155714 41724 41721
39221 9849 9854 7 33268 33269 48400 48398 148641 148639 104612
39222 9849 9691 5 33269 33270 151942 151826 149997
39223 9689 9854 4 33271 33268 104614 48014
39224 9689 9849 5 33268 33270 151682 104619 104613
39225 9691 9854 5 33269 33271 48013 105051 105050
39226 6309 6790 7 33273 33274 142469 42888 42889 42432 42433
39227 6309 7748 4 33272 33273 34163 33669
39228 10639 10923 3 33275 33276 41583
39229 10678 10997 4 33277 33278 34647 34648
39230 10678 10923 6 33278 33275 41608 144598 144600 156421
39231 10678 10639 7 33275 33277 147721 153791 153790 156385 41607
39232 10997 10923 6 33276 33278 156462 156089 34743 34741
39233 10251 10163 7 33279 33280 34338 147630 147629 147704 148130
39234 10447 10540 4 33282 33283 147989 147628
39235 10447 10461 8 33283 33284 148069 147184 147186 147992 147401 147403
39236 10590 10461 3 33284 33285 147627
39237 10590 10540 8 33285 33282 34332 34331 143867 156617 147388 147387
39238 10590 10447 6 33282 33284 148068 148023 33322 33321
39239 10461 10540 4 33283 33285 147626 147915
39240 9669 9442 4 33287 33288 152144 153165
39241 9669 9624 5 33288 33286 152263 151885 151886
39242 9669 9640 6 33286 33287 158181 35256 35255 152243
39243 10404 10722 6 33289 33290 42336 42337 156095 156026
39244 10404 10736 5 33290 33291 156651 156652 143631
39245 10922 10736 7 33291 33292 143327 39653 39654 142023 156690
39246 10922 10722 3 33292 33289 156027
39247 10922 10404 6 33289 33291 155729 155731 155761 155760
39248 8446 8672 4 33294 33295 36540 36587
39249 8446 8708 4 33295 33293 35223 36538
39250 10378 10392 5 33296 33297 153724 153746 147495
39251 10342 10638 4 33298 33299 147575 147578
39252 10342 10378 5 33296 33298 153609 147494 147493
39253 10638 10392 8 33297 33299 147585 147589 148086 148094 146828 146830
39254 10532 10514 8 33301 33302 146818 34272 34270 146810 153949 153833
39255 10314 10514 6 33302 33303 154634 154523 146553 146552
39256 10314 10532 4 33300 33302 146302 146301
39257 10514 10234 3 33301 33303 153835
39258 9321 9511 6 33305 33306 152887 152614 48002 46929
39259 9679 9511 4 33306 33307 152206 152888
39260 9679 9589 7 33307 33304 150979 152021 39513 39512 152204
39261 9679 9321 4 33304 33306 152830 150978
39262 9511 9589 5 33305 33307 152205 152573 46930
39263 9206 9218 6 33308 33309 156757 153406 153405 39683
39264 9206 9462 8 33309 33310 156517 156510 34630 34628 40017 153482
39265 9088 9462 6 33310 33311 153918 153917 153892 153891
39266 9088 9218 7 33311 33308 39685 153901 34847 34846 156889
39267 9088 9206 7 33308 33310 155893 155895 156902 156903 39684
39268 9462 9218 5 33309 33311 156910 156915 156914
39269 9830 9779 9 33312 33313 34617 34615 153275 153661 153549 153538 34798
39270 9830 9737 3 33313 33314 153568
39271 9720 9737 8 33314 33315 44122 44121 156971 34938 34935 153592
39272 9720 9779 5 33315 33312 34799 153543 153610
39273 9720 9830 8 33312 33314 153576 153551 153550 153306 153307 34797
39274 9737 9779 4 33313 33315 147916 147918
39275 9852 9838 7 33316 33317 148544 148543 148441 148444 152275
39276 9852 9669 5 33317 33318 35254 35255 152164
39277 9722 9669 6 33318 33319 150918 153112 153111 148523
39278 9722 9838 5 33319 33316 152241 151904 150916
39279 9669 9838 5 33317 33319 150917 151885 152165
39280 10447 10365 7 33320 33321 147628 147558 147557 147949 147945
39281 10528 10590 5 33322 33323 34746 34744 147593
39282 10528 10365 3 33323 33320 35337
39283 10528 10447 7 33320 33322 148022 147941 35157 35156 147709
39284 10590 10365 5 33321 33323 35338 34333 34332
39285 8690 8699 6 33326 33327 38202 38103 37339 37337
39286 8690 8589 3 33324 33326 45489
39287 8699 8620 3 33325 33327 38083
39288 11858 11808 6 33328 33329 155520 155522 155503 39857
39289 11858 1098 3 33329 33330 155519
39290 483 1098 7 33330 33331 58200 58202 141405 141403 142390
39291 483 11808 4 33331 33328 39859 155488
39292 1098 11808 6 33329 33331 155509 155508 155507 155512
39293 8940 8959 7 33332 33333 38354 157410 157395 38534 38532
39294 8296 8570 7 33334 33335 44775 33397 33395 39433 39434
39295 8570 8594 6 33334 33336 42305 42303 44976 44978
39296 9573 9506 7 33341 33342 103838 103840 158330 158270 158268
39297 9573 9617 4 33342 33343 158292 158101
39298 9721 9617 4 33343 33344 37424 158293
39299 9721 9506 6 33344 33341 36903 36902 102813 37423
39300 9721 9573 7 33341 33343 158291 152244 104056 104058 158267
39301 9617 9506 7 33342 33344 37422 100013 98112 98113 158102
39302 8543 8300 7 33347 33348 46960 46964 46962 46963 46979
39303 8543 8454 4 33348 33349 46967 46961
39304 8658 8543 6 33347 33349 45612 45609 46928 46978
39305 9641 9812 4 33350 33351 157357 157366
39306 8924 9148 5 33353 33354 46940 46496 46497
39307 8922 8969 6 33355 33356 48005 37506 37031 37032
39308 8922 9078 6 33356 33357 37530 151986 157833 48004
39309 8933 9078 4 33357 33358 46121 37532
39310 8933 8922 6 33355 33357 37531 47203 46164 46163
39311 9078 8969 4 33356 33358 46120 48006
39312 10299 10227 7 33359 33360 38903 158324 158174 158175 158814
39313 10187 10227 7 33361 33359 158786 126781 126783 158725 158728
39314 10209 10227 3 33360 33361 38905
39315 9929 9733 6 33362 33363 41659 41658 156636 156691
39316 9929 9773 5 33363 33364 155880 155883 156634
39317 9242 9929 7 33362 33364 155918 34887 34889 156689 156693
39318 9212 9349 5 33365 33366 152963 156846 156858
39319 9212 9664 5 33366 33367 153465 42061 42062
39320 9001 9664 4 33367 33368 154108 153466
39321 9001 9349 6 33368 33365 42019 34464 34463 152775
39322 9001 9212 7 33365 33367 43587 43589 156845 156866 156859
39323 9664 9349 7 33366 33368 155702 155372 153910 153909 152964
39324 8772 8932 4 33369 33370 45391 45573
39325 9202 9091 5 33371 33372 157115 156984 156982
39326 9091 9189 8 33371 33373 153403 153404 157033 156926 153665 153664
39327 10392 10281 3 33374 33376 153746
39328 9331 9158 3 33378 33379 152759
39329 9158 9299 5 33377 33379 152770 152704 45957
39330 9619 9769 7 33380 33381 157012 157013 157161 157136 156850
39331 9619 9547 4 33381 33382 155627 156916
39332 9812 9547 5 33382 33383 33439 156574 155629
39333 9812 9769 5 33383 33380 156852 39470 33437
39334 9812 9619 5 33380 33382 155628 156929 156851
39335 9547 9769 5 33381 33383 33438 156946 156994
39336 8673 8736 5 33385 33386 45906 45001 44466
39337 8673 8762 3 33386 33384 44682
39338 8673 8665 6 33384 33385 44464 44651 152809 44681
39339 9584 9639 7 33387 33388 150859 46204 46205 152387 152388
39340 9584 9640 9 33388 33389 152092 148537 148538 150029 150711 152511 150860
39341 9804 9640 5 33389 33390 152328 149916 149915
39342 9804 9639 9 33390 33387 152501 47046 47045 152497 152496 152498 152518
39343 9804 9584 3 33387 33389 152093
39344 9640 9639 4 33388 33390 152519 150861
39345 8258 7899 5 33392 33393 49016 44731 44729
39346 8005 8258 5 33391 33393 49305 46017 46016
39347 8296 8361 5 33395 33396 43033 45902 44880
39348 8570 8250 5 33397 33398 45020 45090 44776
39349 8570 8361 6 33398 33395 44881 45040 45039 45019
39350 9281 9283 5 33399 33400 38154 38152 151773
39351 9281 8992 5 33400 33401 41740 153962 153981
39352 9064 9283 4 33402 33399 151775 152731
39353 9064 9281 7 33399 33401 41741 153985 153959 153961 151774
39354 8992 9283 4 33400 33402 152730 153903
39355 7762 7689 8 33403 33404 39558 45150 44177 44178 45167 53451
39356 7762 7477 4 33404 33405 39355 39559
39357 7308 7477 8 33405 33406 39710 39711 43952 53183 33482 33481
39358 7308 7689 6 33406 33403 53452 53562 47407 43934
39359 7308 7762 5 33403 33405 39356 44081 44080
39360 7477 7689 3 33404 33406 39560
39361 9462 9586 7 33407 33408 153911 153887 153888 156856 156825
39362 9462 9300 5 33408 33409 156762 34390 34388
39363 9097 9462 7 33407 33409 153916 153918 156910 156857 156824
39364 9300 9586 5 33408 33410 153674 153675 153912
39365 8202 8062 3 33411 33412 33460
39366 10922 10877 4 33413 33414 39654 39652
39367 10922 10389 4 33414 33415 156637 142023
39368 10831 10389 4 33415 33416 155445 156638
39369 10831 10877 6 33416 33413 33417 33419 156003 155444
39370 10831 10922 7 33413 33415 155730 155731 156065 156062 141451
39371 10389 10877 7 33414 33416 155443 155721 155720 41056 41058
39372 11309 10831 5 33417 33418 156102 156063 141451
39373 442 10831 5 33418 33419 155868 155817 155815
39374 5942 5994 6 33421 33422 49953 50095 65758 44292
39375 5994 6330 3 33420 33422 49952
39376 5225 4496 6 33423 33424 41725 41856 41857 58561
39377 5225 6309 4 33424 33425 58616 41726
39378 4979 6309 5 33425 33426 41297 58071 58072
39379 4979 5225 5 33423 33425 58623 58310 58311
39380 6309 4496 6 33424 33426 41296 141370 58541 41727
39381 8375 8210 4 33428 33429 40228 39579
39382 8194 8116 5 33430 33427 39120 39119 40605
39383 8194 8375 5 33427 33429 40229 40205 39860
39384 8210 8116 5 33428 33430 40604 39663 39580
39385 4838 4017 8 33433 33431 43733 43762 49387 65261 67226 67307
39386 953 1069 8 33434 33435 33847 131756 131757 131888 131889 132654
39387 953 1467 5 33435 33436 131753 131837 33848
39388 9769 9952 8 33437 33438 156945 156940 156941 155889 147486 39471
39389 9547 9952 5 33438 33439 155397 155396 156773
39390 1412 1776 6 33440 33441 142637 142721 142824 138342
39391 1412 1850 6 33441 33442 141825 142756 142747 142638
39392 1955 1850 6 33442 33443 141759 141760 141856 141826
39393 1955 1776 6 33443 33440 133052 133054 141831 141839
39394 1955 1412 5 33440 33442 141824 142553 138343
39395 1850 1776 4 33441 33443 141840 142115
39396 11854 57 4 33445 33446 33898 129877
39397 11854 11702 4 33444 33445 131780 154848
39398 8370 8499 8 33447 33448 47527 47517 47460 47459 47519 47222
39399 8416 8804 4 33449 33450 47469 47798
39400 8416 8499 4 33450 33447 47223 47302
39401 8804 8499 5 33448 33450 47466 47467 47468
39402 8179 8287 5 33452 33453 45329 45330 38269
39403 8369 8287 6 33453 33454 43258 43247 42101 42100
39404 8369 8380 6 33454 33451 44979 44981 40458 40460
39405 8369 8179 5 33451 33453 44982 44984 45008
39406 8238 8397 5 33457 33455 39888 45060 44165
39407 8238 8179 8 33455 33456 44984 44983 43804 43806 44140 39887
39408 8295 8035 3 33458 33459 38024
39409 8202 8035 5 33460 33458 44519 44520 45155
39410 10995 10872 7 33461 33462 154747 145793 145796 150535 150538
39411 10995 10721 6 33462 33463 154647 146174 146175 154738
39412 10745 10721 5 33463 33464 154646 146685 146687
39413 10745 10872 4 33464 33461 154731 154700
39414 10745 10995 4 33461 33463 143025 143024
39415 10721 10872 6 33462 33464 154699 154762 154742 154740
39416 348 533 8 33465 33466 143296 143215 143216 143180 143178 143249
39417 348 603 5 33466 33467 131159 131160 143253
39418 608 603 7 33467 33468 142937 142901 142839 142838 141532
39419 608 533 4 33468 33465 143124 143126
39420 608 348 4 33465 33467 141531 143067
39421 603 533 5 33466 33468 143127 127136 127135
39422 7390 7383 3 33470 33471 42192
39423 10835 10298 5 33473 33474 155331 155300 42655
39424 9919 10298 6 33474 33475 131929 153779 153778 154857
39425 9919 10870 5 33475 33472 133000 133719 131927
39426 10298 10870 6 33473 33475 131928 155020 155022 42657
39427 9708 9684 7 33476 33477 150965 152859 34324 34325 153072
39428 9708 9566 4 33477 33478 152446 150964
39429 9692 9566 6 33478 33479 33794 152102 34310 34309
39430 9692 9684 10 33479 33476 153071 153063 153009 33774 33773 35087 35088 33793
39431 9692 9708 4 33476 33478 152445 152983
39432 9566 9684 3 33477 33479 33792
39433 7766 7308 5 33480 33481 39356 45242 53938
39434 7308 7531 4 33480 33482 53181 53204
39435 9064 8907 5 33483 33484 40079 43020 152731
39436 9300 9064 6 33483 33485 156762 153980 151774 151775
39437 8509 8953 6 33486 33487 45998 45965 45016 44702
39438 8537 8953 5 33487 33488 44879 39796 39797
39439 10097 10062 9 33489 33490 152417 152418 150910 150911 152420 152428 153660
39440 10097 9511 5 33490 33491 154466 150545 150543
39441 9632 9511 10 33491 33492 152306 152206 152205 152574 49205 49207 44684 44686
39442 9632 10097 5 33489 33491 152906 152905 152967
39443 9511 10062 3 33490 33492 152305
39444 7117 6922 4 33493 33494 44308 44315
39445 8782 8005 3 33497 33498 49131
39446 8489 7990 5 33499 33500 39665 39311 39309
39447 9662 9321 8 33501 33502 152684 152830 152887 152803 152802 152804
39448 9662 9653 4 33502 33503 34300 34301
39449 9525 9653 8 33503 33504 148573 148574 152481 150825 150826 44480
39450 9525 9321 4 33504 33501 152714 152534
39451 9525 9662 4 33501 33503 44479 152886
39452 9653 9321 4 33502 33504 150586 150585
39453 11084 10137 4 33505 33506 155109 155388
39454 11084 10781 7 33506 33507 154777 49010 49011 155052 155108
39455 439 10781 4 33507 33508 155340 155237
39456 439 10137 4 33508 33505 155313 155314
39457 439 11084 5 33505 33507 155234 154270 154268
39458 829 631 5 33511 33512 131507 130061 130062
39459 829 595 5 33512 33510 131606 131709 131506
39460 10938 11096 5 33515 33513 146145 109846 109843
39461 11700 11842 5 33516 33517 146169 143700 143701
39462 11700 264 6 33517 33518 146312 146042 146043 146170
39463 11767 264 6 33518 33519 131746 131744 146389 146313
39464 11767 11842 8 33519 33516 146185 142915 142914 142939 143013 143012
39465 11767 11700 5 33516 33518 144160 143033 143032
39466 264 11842 3 33517 33519 146171
39467 10707 10681 8 33520 33521 150664 150736 146823 146824 150686 150685
39468 10848 10681 4 33523 33520 149961 106129
39469 6257 6390 7 33524 33525 50555 50553 51353 51444 51335
39470 11766 11810 6 33526 33527 134301 133689 133681 133682
39471 333 11810 6 33529 33526 150133 150260 150442 150447
39472 333 11766 4 33526 33528 149355 149354
39473 69 11810 7 33527 33529 150445 150440 131737 131736 150340
39474 10676 10806 6 33532 33533 154510 154596 154591 154582
39475 10676 10742 4 33533 33534 154305 154306
39476 10895 10676 6 33532 33534 154583 154514 33687 33686
39477 9620 8764 4 33535 33536 33981 134710
39478 9620 8782 5 33536 33537 134056 151240 33980
39479 8998 8764 7 33538 33535 134712 44598 44550 44549 49130
39480 8782 8764 7 33536 33538 49131 49150 49133 49135 33982
39481 10959 10160 4 33539 33540 155065 131791
39482 10959 10866 8 33540 33541 151177 151175 151174 33592 33593 149608
39483 10328 10866 3 33541 33542 151178
39484 10328 10160 6 33542 33539 131793 155114 155233 155039
39485 10328 10959 6 33539 33541 151176 154553 154552 131792
39486 10866 10160 7 33540 33542 155038 154966 154450 34005 34004
39487 9618 10020 5 33543 33544 155077 155083 150830
39488 9618 9871 5 33544 33545 150721 150722 154052
39489 9620 9871 4 33545 33546 43024 150845
39490 9620 10020 5 33546 33543 150831 151265 43022
39491 9620 9618 6 33543 33545 150842 134711 134710 150814
39492 9871 10020 7 33544 33546 43023 150266 43085 43084 155078
39493 11725 235 5 33547 33548 146588 154160 154541
39494 11725 11881 6 33548 33549 41625 155375 156267 146589
39495 139 11725 4 33547 33549 41626 142938
39496 11180 11499 3 33550 33551 149819
39497 11180 11171 8 33551 33552 149235 149782 123644 110083 110085 148804
39498 11457 11171 4 33552 33553 111165 111166
39499 11457 11499 9 33553 33550 149531 149477 109920 109921 124181 145104 148764
39500 11457 11180 7 33550 33552 149234 149843 149527 149528 149583
39501 11171 11499 5 33551 33553 148827 148829 148898
39502 10080 9708 5 33555 33556 34325 34739 34740
39503 9708 9837 6 33554 33556 34324 152791 34305 34304
39504 6145 6225 9 33557 33558 50738 50739 48972 48970 49939 49894 49895
39505 6351 6054 4 33559 33560 50901 50902
39506 6351 6145 5 33557 33559 50941 49841 49840
39507 10398 10708 6 33561 33562 155336 155325 155239 153878
39508 10398 11013 7 33562 33563 42332 133159 133160 155468 155339
39509 10298 11013 6 33563 33564 155022 154938 154548 42334
39510 10298 10708 5 33564 33561 153879 42655 42657
39511 10298 10398 7 33561 33563 42333 58393 132031 42705 42704
39512 11013 10708 6 33562 33564 155112 155111 154860 154859
39513 10885 11252 5 33565 33566 131186 154978 155099
39514 10885 10957 6 33566 33567 133742 133756 154819 131187
39515 10436 10957 8 33567 33568 131493 131495 154906 151112 151111 133744
39516 10436 11252 4 33568 33565 155094 154089
39517 10436 10885 4 33565 33567 133743 155100
39518 10957 11252 5 33566 33568 154088 33628 33627
39519 11231 11485 4 33569 33570 134738 149438
39520 11231 11384 7 33570 33571 149409 149410 150178 150179 134739
39521 11715 11384 3 33571 33572 149563
39522 11715 11485 6 33572 33569 129004 129005 130196 130198
39523 11715 11231 6 33569 33571 134338 134337 131752 131751
39524 5567 5575 5 33573 33574 65437 65435 43145
39525 5764 5624 4 33575 33576 49799 49798
39526 5764 5575 9 33576 33573 43147 65484 50189 49838 49837 65180 65179
39527 5764 5567 4 33573 33575 65037 43146
39528 5624 5575 5 33574 33576 65317 65351 65466
39529 9056 8185 6 33577 33578 43363 43362 133157 133158
39530 1512 1670 6 33581 33579 66817 132907 133101 132551
39531 8430 9284 3 33585 33582 151241
39532 8430 9184 7 33582 33584 48557 48556 49284 49283 150188
39533 8782 9284 8 33583 33585 48678 48677 134057 134056 151295 150960
39534 11615 11673 6 33586 33587 129978 130414 130415 146468
39535 11717 11455 5 33588 33589 149052 149053 149180
39536 11717 11673 6 33589 33586 146238 146237 145019 145021
39537 11717 11615 5 33586 33588 148321 148323 146469
39538 11455 11673 4 33587 33589 149004 129980
39539 11252 11189 8 33590 33591 150558 134658 134661 33913 33914 155066
39540 11252 10866 6 33591 33592 155125 155118 132634 132633
39541 10959 11189 5 33593 33590 150951 150952 149607
39542 10959 11252 3 33590 33592 155067
39543 10866 11189 3 33591 33593 149606
39544 7013 7150 9 33594 33595 42762 44749 44750 49355 49369 49370 49458
39545 7013 6437 4 33595 33596 49608 42763
39546 6446 7013 4 33594 33596 49607 49459
39547 10733 10546 5 33597 33598 149213 149214 150295
39548 10142 10112 6 33600 33601 34060 150309 149993 149273
39549 10142 9923 3 33601 33599 34058
39550 9811 6478 4 33602 33603 154948 151056
39551 8782 6478 7 33605 33602 49135 48977 48979 44460 44459
39552 8782 9811 5 33602 33604 151239 33980 33982
39553 10646 6478 5 33603 33605 150243 132057 132054
39554 9315 9871 6 33606 33607 151025 154263 44572 44573
39555 9315 9993 7 33607 33608 150853 151042 44685 44683 151024
39556 10098 9993 5 33608 33609 150012 150013 150854
39557 10098 9871 6 33609 33606 150851 43024 43023 151105
39558 10098 9315 6 33606 33608 150852 150351 34077 34079
39559 9993 9871 7 33607 33609 150452 150451 150212 150213 151026
39560 11239 11200 4 33612 33613 146397 146738
39561 10990 11388 4 33614 33615 149470 145937
39562 11388 11200 5 33613 33615 149468 146331 146330
39563 9218 8884 8 33618 33619 34846 156888 39630 39631 147330 154600
39564 9218 8790 3 33619 33620 34847
39565 8754 8790 4 33620 33621 39916 40018
39566 8754 9218 7 33618 33620 153901 156893 156892 157045 155903
39567 1652 1238 4 33625 33622 131898 131896
39568 1512 1238 5 33623 33625 131996 131998 131684
39569 11252 11230 5 33626 33627 131186 154979 153806
39570 11446 11230 4 33629 33626 132902 132903
39571 11446 11252 6 33626 33628 146746 33913 33912 153807
39572 10957 11230 6 33627 33629 154830 131881 131878 131187
39573 9697 9284 5 33631 33632 151437 151438 151599
39574 9697 11931 5 33632 33633 48333 48334 151435
39575 9012 11931 7 33633 33634 49188 48852 48672 48673 150958
39576 9012 9284 6 33634 33631 151606 121724 121726 150255
39577 9012 9697 7 33631 33633 150957 49200 49197 105669 151605
39578 11931 9284 8 33632 33634 150256 134004 48679 48678 151241 151390
39579 10345 10546 4 33635 33636 148478 148476
39580 10345 10547 7 33636 33637 152394 152373 150799 150797 150763
39581 10543 10345 7 33635 33637 152395 152409 35112 35111 149319
39582 11661 1799 3 33638 33639 146480
39583 11661 1255 9 33639 33640 151182 155019 151189 150839 150566 150567 150864
39584 11642 11661 7 33638 33640 151183 151187 151188 133806 133808
39585 10609 10696 3 33641 33642 154247
39586 11017 10696 9 33644 33641 150592 150593 146697 146698 154459 154456 154438
39587 10700 10696 8 33642 33644 154437 154445 154355 154346 154347 154339
39588 11801 11242 6 33645 33646 44895 133608 133607 133676
39589 11801 7 5 33646 33647 49072 132696 44894
39590 753 7 7 33647 33648 42060 132755 126687 126685 49074
39591 7 11242 6 33646 33648 42059 151000 151001 44896
39592 10234 10269 9 33649 33650 154248 154373 154563 154623 154558 154381 154382
39593 10234 10052 3 33650 33651 152839
39594 9999 10269 5 33652 33649 154329 154331 154370
39595 9999 10234 9 33649 33651 152840 154362 154361 154628 152899 152900 154250
39596 10052 10269 5 33650 33652 154371 154484 154249
39597 10907 10597 4 33653 33654 149337 149246
39598 10907 10634 7 33654 33655 149233 149231 149781 149902 149336
39599 10574 10597 6 33656 33653 149220 147605 147100 145470
39600 11815 256 9 33658 33659 146182 131809 130147 130148 34539 34538 146521
39601 10 11674 5 33660 33657 146467 146513 146497
39602 10 11815 4 33657 33659 146181 146466
39603 256 11674 3 33658 33660 146496
39604 10502 10508 5 33661 33662 150731 153881 154351
39605 10266 10508 6 33662 33663 152318 152261 148333 148334
39606 10508 10180 5 33661 33663 152317 152382 152383
39607 11621 11554 6 33664 33665 33852 33850 146586 146125
39608 11621 11645 5 33665 33666 146198 145906 145907
39609 11688 11645 10 33666 33667 145931 156050 130631 130630 145660 145659 145790 146199
39610 11688 11621 4 33664 33666 146141 146126
39611 11645 11554 5 33665 33667 145930 147310 146051
39612 6687 7748 3 33668 33669 34162
39613 10256 10270 7 33670 33671 153036 146722 146723 148134 147703
39614 9933 10270 7 33671 33672 153600 153008 152973 152974 153037
39615 10270 10163 7 33670 33672 153598 153815 148128 148125 147704
39616 10639 10575 5 33673 33674 156034 156035 156654
39617 10948 10575 6 33674 33675 155975 35417 35416 155951
39618 9696 9408 4 33677 33678 150564 152760
39619 9696 9485 6 33678 33676 154113 154114 154167 150562
39620 9696 9644 10 33676 33677 154040 152624 152626 154289 154078 154077 154293 154299
39621 11649 11852 9 33679 33680 154659 130283 130284 134607 127126 127127 149391
39622 11649 11564 8 33680 33681 146857 146858 150284 150285 154784 154785
39623 11653 11649 3 33679 33681 154498
39624 9098 9356 6 33684 33682 152833 154261 154264 154259
39625 9098 9485 5 33682 33683 154277 154283 152832
39626 10676 10857 7 33685 33686 154582 154590 154580 154581 154587
39627 10696 10895 6 33687 33688 154459 154458 154446 154445
39628 10696 10857 4 33688 33685 146696 146698
39629 10696 10676 7 33685 33687 154355 154353 154574 154575 154578
39630 10895 10857 8 33686 33688 154555 154901 46004 46006 154303 154302
39631 10502 10647 7 33689 33690 48346 48347 153882 150731 150730
39632 10502 10583 6 33690 33691 109830 154285 152914 150724
39633 10475 10647 6 33692 33689 148314 148315 146985 128901
39634 10475 10502 5 33689 33691 109831 154406 154149
39635 10583 10647 3 33690 33692 128902
39636 9985 9662 5 33693 33694 154409 152861 152862
39637 9985 10078 5 33694 33695 152837 152838 154380
39638 9705 9662 6 33696 33693 34299 34301 152684 33789
39639 10078 9662 4 33694 33696 33790 43939
39640 9147 9041 7 33697 33698 152565 152628 152611 152597 151012
39641 9147 8920 5 33698 33699 48797 152381 152557
39642 8855 9147 7 33697 33699 48798 152621 152201 152203 151013
39643 10062 9847 4 33701 33702 145025 154394
39644 10062 10006 6 33702 33703 152418 152975 154482 145026
39645 9662 10006 5 33703 33704 152159 46127 46126
39646 9662 9847 7 33704 33701 152861 152777 152776 152757 152158
39647 9662 10062 8 33701 33703 152417 152305 152304 43940 43939 154409
39648 10006 9847 3 33702 33704 145027
39649 9674 9632 8 33705 33706 44713 152560 49208 49207 151065 150893
39650 9674 9766 5 33706 33707 48054 47794 44712
39651 9923 9766 7 33707 33708 152968 152216 152217 150612 48353
39652 9923 9632 4 33708 33705 150894 152905
39653 9923 9674 6 33705 33707 34057 34056 149097 150890
39654 9562 9497 10 33709 33710 132917 155328 155298 155279 132748 132749 152724 152725
39655 9562 9116 4 33710 33711 132986 132918
39656 9159 9116 6 33711 33712 42539 42538 44888 44891
39657 9159 9497 3 33712 33709 132500
39658 9159 9562 6 33709 33711 155285 154266 154265 155273
39659 9116 9497 7 33710 33712 66767 66766 154725 154771 132919
39660 9747 9780 5 33713 33714 152910 152911 148445
39661 9747 9592 6 33714 33715 150985 146797 146800 153025
39662 9624 9747 5 33713 33715 150821 147905 147906
39663 9188 9183 7 33716 33717 35043 153319 153288 153289 46921
39664 9188 9241 5 33717 33718 153308 153227 35044
39665 9301 9241 8 33718 33719 150976 153292 153300 35249 35246 153298
39666 9301 9183 4 33719 33716 46922 147868
39667 9301 9188 4 33716 33718 44102 44104
39668 9241 9183 5 33717 33719 150975 152194 35045
39669 1320 1044 5 33720 33721 137926 136550 136551
39670 1108 1320 6 33720 33722 137062 138523 137777 137778
39671 1268 1044 8 33721 33723 131398 130686 130685 129921 129336 129335
39672 10486 10231 6 33724 33725 34987 155566 155460 154534
39673 10486 9886 4 33725 33726 40027 34986
39674 10434 9886 5 33726 33727 154666 154667 154670
39675 10434 10231 4 33727 33724 33922 33923
39676 10434 10486 5 33724 33726 155614 155613 154533
39677 9886 10231 7 33725 33727 154663 154639 154637 154638 34988
39678 11573 11753 4 33729 33730 109438 128465
39679 11873 11753 4 33730 33731 117505 109439
39680 10821 10928 6 33732 33733 150646 154349 154396 154397
39681 10821 10824 6 33733 33734 154499 154506 150863 150645
39682 11079 10824 5 33734 33735 146895 146897 150627
39683 11079 10928 5 33735 33732 150457 149380 149341
39684 11079 10821 6 33732 33734 154500 154502 154494 154493
39685 10824 10928 5 33733 33735 149340 150651 150647
39686 11440 11610 4 33737 33738 130551 130549
39687 11511 11610 3 33738 33739 131216
39688 11511 11591 9 33739 33736 129797 129798 130503 130502 149118 130642 130644
39689 11511 11440 9 33736 33738 146133 146139 146138 147168 146770 128922 128919
39690 11610 11591 7 33737 33739 131215 126298 126300 146212 130923
39691 11514 11741 4 33740 33741 146410 126676
39692 11514 11786 5 33741 33742 146369 146350 146352
39693 11765 11741 8 33743 33740 126678 146310 146541 146370 146216 131730
39694 11786 11741 6 33741 33743 131731 131843 131842 146357
39695 10110 9830 7 33746 33744 147481 147482 153550 153532 153531
39696 10163 9830 5 33745 33746 153338 153340 148075
39697 1113 1244 6 33747 33748 34566 34567 142074 142501
39698 1276 1244 3 33748 33749 131306
39699 1244 1159 6 33747 33749 133074 133071 142098 142502
39700 10109 10332 5 33750 33751 147007 148492 145541
39701 10109 10256 6 33751 33752 148425 153012 148095 147008
39702 10366 10256 6 33752 33753 147280 146801 146802 147650
39703 10366 10332 7 33753 33750 145543 110552 110553 147619 147278
39704 10366 10109 4 33750 33752 148424 145542
39705 10256 10332 5 33751 33753 147279 147568 147009
39706 11097 11375 6 33754 33755 156454 156442 156433 143520
39707 11097 11001 8 33755 33756 156220 156435 156449 156497 144001 144004
39708 11320 11001 4 33756 33757 34519 145511
39709 11320 11375 8 33757 33754 143522 143995 156340 156452 34780 34518
39710 11320 11097 4 33754 33756 144321 143521
39711 11001 11375 4 33755 33757 34517 156447
39712 2608 2769 4 33758 33759 137238 137239
39713 2628 2769 7 33761 33758 137108 133327 133284 133286 137111
39714 2628 2608 5 33758 33760 59013 137352 137240
39715 10402 10369 5 33762 33763 153827 153821 153822
39716 10402 10050 6 33763 33764 34243 154444 44759 44758
39717 10226 10050 7 33764 33765 153871 153897 154041 46010 34245
39718 10226 10369 7 33765 33762 154070 154074 40847 40849 153850
39719 10226 10402 5 33762 33764 34244 153874 154069
39720 10050 10369 5 33763 33765 153870 154417 153828
39721 11756 11728 6 33766 33767 144023 144316 144113 144108
39722 11756 141 4 33767 33768 144106 144024
39723 63 141 8 33768 33769 143769 143647 143645 143646 144065 144107
39724 63 11728 7 33769 33766 144109 144350 144336 144337 144338
39725 63 11756 3 33766 33768 144105
39726 141 11728 3 33767 33769 144025
39727 11168 11367 6 33770 33771 146396 129630 129629 146036
39728 11493 11367 4 33772 33770 146037 146375
39729 11529 11367 4 33771 33772 146522 146546
39730 9840 9692 5 33774 33775 151857 151860 153006
39731 9692 9623 4 33773 33775 153132 152878
39732 1107 720 5 33776 33777 34442 130628 131430
39733 11013 11103 8 33778 33779 154807 154808 34288 34290 146132 154472
39734 11013 10297 4 33779 33780 133160 154821
39735 10353 11103 4 33781 33778 154796 155484
39736 10353 11013 5 33778 33780 133159 144429 146095
39737 10297 11103 4 33779 33781 155594 154822
39738 11529 11628 7 33782 33783 130194 143018 146538 146536 146542
39739 11529 115 5 33783 33784 146495 146494 130193
39740 11741 115 6 33784 33785 146216 131798 130433 130431
39741 11741 11628 3 33785 33782 146370
39742 11741 11529 5 33782 33784 146433 146432 146541
39743 115 11628 6 33783 33785 145770 145772 146491 130195
39744 10658 10994 7 33786 33787 42687 155609 155655 154613 39868
39745 10962 10994 4 33787 33788 153831 42689
39746 10994 10807 8 33786 33788 153830 154683 154682 152903 141395 39869
39747 9662 9679 6 33789 33790 43940 152896 152888 152830
39748 9705 9679 6 33791 33789 150978 150979 150879 150880
39749 10078 9679 6 33790 33791 152315 48996 48995 43941
39750 9581 9684 6 33792 33793 153224 153439 152858 150965
39751 9581 9692 3 33793 33794 152101
39752 7891 7951 5 33795 33796 40024 41763 42196
39753 9665 9718 6 33798 33799 44499 40854 40855 45450
39754 9775 9877 6 33800 33801 152981 153679 147488 44577
39755 9775 9718 4 33801 33798 39982 39984
39756 9877 9718 5 33799 33801 152980 153808 44501
39757 10338 10451 4 33802 33803 145597 155571
39758 10342 10451 8 33804 33802 153787 147602 147576 147575 147586 147449
39759 10320 10451 6 33803 33804 147450 34336 34335 34745
39760 10495 10962 4 33806 33807 155735 155626
39761 10495 10511 5 33807 33805 66716 66715 155734
39762 10495 10658 7 33805 33806 154692 154691 152960 152962 155621
39763 953 741 5 33808 33809 131757 131755 132656
39764 953 796 5 33809 33810 131079 131676 131888
39765 243 796 5 33810 33811 129871 131202 131081
39766 243 741 5 33811 33808 131624 130154 129870
39767 243 953 6 33808 33810 131080 132661 132662 132655
39768 796 741 7 33809 33811 129869 129632 129631 131345 131343
39769 10532 10422 6 33812 33813 146301 154620 154622 153805
39770 10532 10621 6 33813 33814 145717 152982 146818 146302
39771 10524 10621 6 33814 33815 146634 146920 146918 145718
39772 10524 10422 6 33815 33812 33900 33902 128938 146632
39773 10524 10532 4 33812 33814 145716 153804
39774 10621 10422 4 33813 33815 146633 146303
39775 11461 11493 4 33816 33817 34508 34509
39776 11461 11612 10 33817 33818 146544 146622 146093 34314 34312 130411 130412 132490
39777 11510 11612 3 33818 33819 146121
39778 11510 11461 7 33816 33818 146543 146612 33895 33892 146631
39779 11612 11493 4 33817 33819 146120 132491
39780 2790 3121 4 33820 33821 131244 131245
39781 10161 10287 3 33822 33823 149776
39782 10142 10311 4 33824 33825 149642 149643
39783 10142 10287 7 33825 33822 149778 150681 150309 150308 149872
39784 10142 10161 4 33822 33824 149954 149777
39785 10311 10287 6 33823 33825 146424 146426 150713 150810
39786 10928 10578 4 33826 33827 150651 150986
39787 10928 10936 7 33827 33828 146868 146869 149379 149341 149340
39788 10709 10936 5 33828 33829 48308 48309 150353
39789 10709 10578 6 33829 33826 150988 151060 150083 130227
39790 10709 10928 4 33826 33828 150599 150987
39791 10936 10578 4 33827 33829 130226 148339
39792 347 280 5 33831 33832 125771 139287 143577
39793 85 280 7 33832 33833 143078 143675 143620 143618 125773
39794 85 11890 7 33833 33830 143640 144045 144311 143511 143077
39795 85 347 5 33830 33832 125772 143607 143639
39796 280 11890 4 33831 33833 142821 142820
39797 11214 846 4 33835 33836 155994 156040
39798 11214 10877 7 33836 33834 41057 41056 142491 142490 155993
39799 11214 11309 8 33834 33835 156042 155970 155969 156173 156070 143085
39800 11880 11791 9 33837 33838 143458 143459 144071 144286 143548 143549 144216
39801 11880 32 5 33838 33839 131030 142916 143988
39802 117 11880 5 33837 33839 131031 144100 144099
39803 32 11791 5 33838 33840 128639 128854 128853
39804 8860 8589 4 33841 33843 45634 45445
39805 11064 11396 6 33844 33845 146423 150278 154930 146489
39806 11427 11396 7 33845 33846 127062 127063 146420 145529 145531
39807 11396 11017 3 33844 33846 146490
39808 11621 11533 7 33850 33851 143091 146066 146649 146320 146318
39809 11621 11408 4 33851 33852 145907 143092
39810 11554 11533 3 33853 33850 146493
39811 11408 11533 6 33851 33853 146492 146641 147289 143093
39812 11835 241 9 33854 33855 146189 146097 146081 146013 146014 146104 146074
39813 11835 221 4 33855 33856 156183 146193
39814 6 221 6 33856 33857 130608 143527 143704 156204
39815 6 241 5 33857 33854 131058 131002 130607
39816 6 11835 6 33854 33856 156203 142853 142855 146075
39817 299 104 4 33859 33858 126924 130972
39818 10856 11039 4 33860 33861 148242 149075
39819 10856 11087 6 33861 33862 145067 130515 130514 148241
39820 10740 11087 4 33862 33863 110093 110095
39821 10740 11039 5 33863 33860 148770 145173 145171
39822 10740 10856 6 33860 33862 144443 144445 147140 147137
39823 11087 11039 5 33861 33863 126530 109573 109572
39824 1502 1300 4 33866 33867 132402 132437
39825 7654 7047 4 33870 33871 42757 42759
39826 7654 7479 6 33871 33869 44845 34857 34858 42247
39827 10622 10501 7 33875 33876 146236 146234 146952 130391 130392
39828 10627 10609 4 33877 33874 150557 152879
39829 5761 5893 6 33878 33879 67251 43072 42618 42620
39830 5728 5893 4 33879 33880 43534 67241
39831 1938 2344 3 33882 33883 133187
39832 2933 1967 5 33884 33881 132543 133624 132924
39833 2933 1938 4 33881 33883 132962 132542
39834 2344 1967 8 33882 33884 132923 133002 133004 62850 62852 132952
39835 11096 10564 5 33886 33887 149402 149399 149400
39836 11096 10616 3 33887 33885 150245
39837 1983 2023 4 33889 33890 133602 62847
39838 1751 2023 9 33890 33891 131498 131497 133262 133261 133599 133562 133563
39839 1751 2188 5 33891 33888 133433 133432 132076
39840 11367 11461 3 33892 33893 146086
39841 11367 11489 5 33893 33894 34472 34470 146085
39842 11510 11489 4 33894 33895 132581 132580
39843 11510 11367 10 33892 33894 131444 131443 146679 146308 146307 146522 146375 146373
39844 10517 10422 3 33899 33900 153805
39845 10517 10524 6 33900 33901 154571 152991 152992 153804
39846 10269 10524 4 33901 33902 128939 154435
39847 10269 10517 7 33899 33901 154569 151062 151061 154563 154621
39848 10522 10350 7 33903 33904 153826 154419 154420 154615 154421
39849 10522 10369 5 33904 33905 154678 153823 153821
39850 10231 10369 4 33905 33906 154630 154629
39851 10231 10350 9 33906 33903 33921 33923 154663 154657 154029 154028 154155
39852 10231 10522 5 33903 33905 153586 153585 153775
39853 8624 9002 5 33908 33909 43399 154218 44042
39854 9002 8910 5 33907 33909 43398 154220 153858
39855 11647 11189 5 33914 33915 150289 154464 155133
39856 11647 11446 7 33915 33912 33965 33967 146873 146872 150287
39857 11647 11252 5 33912 33914 155131 155048 154372
39858 11189 11446 4 33913 33915 150288 146747
39859 10995 10841 7 33916 33917 154727 154730 154647 143025 143026
39860 11308 10841 5 33919 33916 146293 156372 154717
39861 11308 10995 4 33916 33918 154705 146292
39862 11461 10841 4 33917 33919 154716 154719
39863 10537 10350 5 33920 33921 154421 154676 154526
39864 10537 10231 6 33921 33922 154534 154661 153776 153775
39865 10434 10350 7 33923 33920 154003 154001 154429 154430 154666
39866 10434 10537 5 33920 33922 154533 155618 154527
39867 10729 10841 7 33924 33925 153957 146688 146686 154730 154734
39868 10729 10641 7 33925 33926 154722 154723 154695 154057 154058
39869 10816 10641 4 33926 33927 146793 146795
39870 10816 10729 4 33924 33926 154726 154748
39871 10641 10841 5 33925 33927 154696 146355 146354
39872 495 483 4 33929 33930 142390 154882
39873 959 483 5 33930 33931 132894 132897 141403
39874 959 422 3 33931 33928 142398
39875 959 495 7 33928 33930 132872 132871 41595 41594 142343
39876 483 422 7 33929 33931 142532 142441 130811 130808 154884
39877 2684 2578 6 33932 33933 66527 66528 132465 132194
39878 2684 2817 5 33933 33934 133202 66591 66587
39879 2554 2684 5 33932 33934 66681 42915 42914
39880 8185 8049 4 33936 33937 42670 42573
39881 6534 8049 7 33937 33938 42822 66763 155265 155261 155197
39882 6534 7434 4 33938 33935 34489 41712
39883 6534 8185 5 33935 33937 154998 42832 34488
39884 7437 7268 4 33941 33939 34125 42674
39885 7423 7268 6 33940 33941 42673 43219 43049 42786
39886 841 1327 5 33943 33944 33951 33950 132247
39887 1327 1292 5 33942 33944 129321 129320 132201
39888 875 11863 6 33945 33946 62233 133817 134309 134308
39889 875 1255 9 33946 33947 133492 133773 135680 64324 64327 131953 62234
39890 11642 11863 6 33948 33945 134743 150250 150924 151183
39891 11642 875 5 33945 33947 133493 133838 134742
39892 1255 11863 7 33946 33948 151182 151141 133497 133496 62235
39893 1109 1327 8 33949 33951 129321 129322 131434 131432 132385 129976
39894 654 378 8 33952 33953 42905 66825 66824 131975 42779 42780
39895 654 194 3 33953 33954 42906
39896 511 194 8 33954 33955 58336 58339 131237 131238 132683 132690
39897 511 378 5 33955 33952 66412 132586 132616
39898 194 378 5 33953 33955 132806 154851 42907
39899 9195 9139 4 33956 33957 155384 132539
39900 9195 9070 6 33957 33958 42621 42622 147514 155666
39901 8821 9070 6 33958 33959 44917 42648 42647 44862
39902 8821 9139 6 33959 33956 132541 132642 154214 153983
39903 8821 9195 7 33956 33958 41922 41921 153898 132975 132540
39904 9070 9139 5 33957 33959 152732 152733 152774
39905 6815 6660 8 33962 33963 41021 41024 54062 43782 43781 41116
39906 11509 11446 5 33964 33965 153807 132902 131919
39907 11509 11647 4 33965 33966 155047 154372
39908 11894 11446 4 33967 33964 131920 153855
39909 11894 11509 10 33964 33966 146477 146474 151098 155036 155050 155058 154912 131918
39910 442 696 6 33968 33969 57167 155459 155877 142206
39911 442 2473 7 155961 59791 57168 33969 33970 143282 -1
39912 1568 2473 8 33970 33971 142071 142072 142069 59831 59832 142998
39913 1568 696 4 33971 33968 142208 142193
39914 1568 442 4 33968 33970 143281 142207
39915 2473 696 4 33969 33971 142191 57169
39916 10125 10157 4 33972 33973 147679 35162
39917 6972 7546 5 33975 33976 54074 54070 54009
39918 6987 6972 4 33974 33976 53998 53997
39919 7546 7086 3 33975 33977 53651
39920 9811 9620 5 33980 33981 150814 150831 151238
39921 9811 8764 5 33981 33982 151056 155045 150813
39922 9750 9816 6 33983 33984 105785 105786 104595 104593
39923 9750 10017 5 33984 33985 105557 105560 150092
39924 9904 9750 3 33983 33985 105561
39925 9562 9882 4 33986 33987 150954 150955
39926 9562 9549 7 33987 33988 154265 152726 152724 154206 154103
39927 9418 9549 5 33988 33989 154064 34009 34006
39928 9418 9882 5 33989 33986 43019 43016 148547
39929 9418 9562 4 33986 33988 154266 155284
39930 9549 9882 5 33987 33989 154063 34851 34850
39931 10433 10651 8 33990 33991 112273 112271 110685 110683 158831 112287
39932 10433 10324 5 33991 33992 110740 112282 112296
39933 10595 10324 7 33992 33993 102970 103611 103692 110466 110467
39934 10595 10651 5 33993 33990 108457 108456 102968
39935 10595 10433 3 33990 33992 110739
39936 10324 10651 3 33991 33993 102969
39937 9845 9929 8 33995 33996 155733 155918 155880 155881 34890 34891
39938 9120 9929 8 33996 33997 39293 39292 156059 156061 34889 34886
39939 9120 9845 3 33994 33996 155528
39940 9929 9756 4 33995 33997 155878 156686
39941 10977 10778 4 33998 33999 150208 131938
39942 10977 10749 4 33999 34000 150384 150551
39943 10718 10749 5 34000 34001 148170 150717 150386
39944 10718 10977 7 33998 34000 150385 150648 154507 124040 124042
39945 10749 10778 7 33999 34001 148169 149609 149779 149671 149670
39946 10811 10293 7 34002 34003 132904 132906 150483 155062 155189
39947 10811 10866 7 34003 34004 149608 149606 132633 132631 151120
39948 10160 10293 6 34005 34002 42712 42714 151153 154449
39949 10160 10811 5 34002 34004 155065 155014 155012
39950 10866 10293 3 34003 34005 154448
39951 9159 9549 4 34006 34007 44717 154265
39952 9159 8929 5 34007 34008 150770 155209 44718
39953 9418 8929 5 34008 34009 152808 152590 150771
39954 8929 9549 6 34007 34009 154082 152847 152849 44719
39955 8252 8059 4 34010 34011 46821 46814
39956 8252 8186 9 34011 34012 52310 52309 35070 35068 37757 36683 36686
39957 8000 8059 8 34013 34010 44071 44070 45742 45334 45333 46295
39958 7203 7323 5 34016 34014 43858 45277 44111
39959 7446 7323 3 34015 34016 44110
39960 9715 7774 6 34017 34018 39861 142345 42276 42279
39961 6359 6626 3 34021 34022 41183
39962 6744 6628 4 34023 34020 42681 42386
39963 6744 6359 7 34020 34022 41184 43477 43743 43140 43137
39964 6626 6628 7 34021 34023 42385 44331 43548 43540 42684
39965 10276 9823 9 34024 34025 133480 133481 155010 34069 34070 155200 44447
39966 10276 10328 5 34025 34026 155238 155233 155214
39967 9458 10328 6 34026 34027 155154 150858 150857 155164
39968 9458 9823 9 34027 34024 43361 42788 42787 44544 44543 155178 155153
39969 9458 10276 4 34024 34026 42557 42559
39970 6291 6437 3 34028 34029 65386
39971 7551 7283 5 34030 34031 43082 43080 42993
39972 7551 6903 9 34031 34032 42782 42732 42730 44903 44909 42991 42990
39973 7126 6903 5 34032 34033 44319 43750 43749
39974 7126 7283 3 34033 34030 42994
39975 6903 7283 5 34031 34033 44317 43889 43888
39976 6369 5971 8 34036 34037 42529 42530 58303 41880 41881 43844
39977 6369 5819 3 34037 34035 40641
39978 10221 9757 6 34038 34039 34172 155402 155404 155506
39979 10221 9042 5 34039 34040 155358 155370 34173
39980 10875 10221 6 34038 34040 154098 154097 155355 155515
39981 8362 8809 4 34042 34043 42489 39752
39982 8330 8809 7 34043 34044 41009 42175 42064 42065 42490
39983 8330 8569 4 34044 34041 42636 41007
39984 8330 8362 6 34041 34043 39596 39595 42289 42290
39985 8809 8569 5 34042 34044 41008 42639 39753
39986 6809 7203 6 34045 34046 43942 53691 43855 43708
39987 6809 6602 6 34047 34048 43671 43672 43904 43207
39988 6809 6872 4 34048 34049 43681 43679
39989 6359 6602 6 34050 34047 42716 42717 42407 42406
39990 6359 6809 4 34047 34049 43523 43206
39991 6872 6602 5 34048 34050 42603 42319 42321
39992 11715 35 7 34051 34052 150428 150379 150376 150377 134463
39993 11592 35 4 34052 34053 149679 149680
39994 35 11638 5 34051 34053 134561 134283 134285
39995 9858 9923 5 34055 34056 149096 150940 133687
39996 9674 9881 3 34057 34054 48054
39997 9674 9858 6 34054 34056 149095 34198 34200 47794
39998 10112 10138 4 34059 34060 150310 43326
39999 10977 10878 6 34061 34062 150384 150385 150626 149308
40000 10977 11280 8 34062 34063 134036 131692 131690 149429 150208 150551
40001 11053 10977 3 34061 34063 134037
40002 11280 10878 4 34062 34064 150227 150267
40003 10992 10684 5 34065 34066 154801 154788 131634
40004 10617 10684 5 34066 34067 150597 150553 150552
40005 10684 10821 5 34065 34067 146925 146922 131635
40006 10276 10643 8 34068 34069 154144 151054 132983 132948 132949 133156
40007 8591 10643 7 34071 34068 154997 154999 155032 155230 155232
40008 8591 10276 3 34068 34070 155201
40009 9823 10643 4 34069 34071 132697 132695
40010 9284 9417 7 34072 34073 46430 150920 150919 121724 121725
40011 9284 9132 5 34073 34074 149562 150993 46431
40012 8930 9417 3 34075 34072 150900
40013 8930 9284 6 34072 34074 134005 134004 151270 151271
40014 9132 9417 7 34073 34075 46448 46447 48152 48310 46432
40015 9620 10098 6 34077 34078 43024 43022 151040 150350
40016 9129 10098 3 34078 34079 150851
40017 9129 9315 8 34079 34076 151018 151068 150848 150850 44574 44573
40018 9129 9620 5 34076 34078 150845 150842 150844
40019 9137 8629 5 34080 34081 35239 150963 150961
40020 9137 8819 6 34081 34082 152561 152591 149903 35240
40021 8928 8819 5 34082 34083 46331 46332 152562
40022 8928 9137 3 34080 34082 152520
40023 10707 10827 7 34084 34085 146823 150735 146144 146143 149367
40024 10311 10827 5 34086 34084 149271 149270 150103
40025 10571 10827 8 34085 34086 109613 105373 105372 103970 103969 104645
40026 10204 10244 7 34087 34088 158154 158533 36613 36611 158465
40027 10204 10384 8 34088 34089 108200 158537 157053 157056 157198 158100
40028 10573 10384 4 34089 34090 145606 108202
40029 10573 10244 6 34090 34087 148364 148062 148061 148356
40030 10573 10204 5 34087 34089 108201 158160 158161
40031 337 1129 5 34091 34092 142742 142740 143232
40032 337 846 5 34092 34093 143303 58375 58376
40033 442 1129 7 143282 143281 34094 34091 143234 155875 -1
40034 442 337 5 34091 34093 143306 156104 143233
40035 846 1129 4 34092 34094 143301 143302
40036 7968 8380 3 34098 34095 37566
40037 7968 8179 7 34095 34097 39638 39884 39883 44176 44485
40038 7998 8380 4 34096 34098 37565 45030
40039 10698 10391 5 34099 34100 155500 155499 155497
40040 10698 11354 11 34100 34101 155423 154805 154806 155605 133117 133119 137591 137593 155501
40041 10176 11354 3 34101 34102 155333
40042 10176 10391 7 34102 34099 42872 42873 155235 155236 155324
40043 10176 10698 8 34099 34101 154824 154823 155680 155491 155493 155496
40044 11354 10391 7 34100 34102 155332 153742 153741 155170 155168
40045 36 11612 9 34103 34104 132459 132460 146623 146544 146121 146120 154721
40046 11058 11333 6 34106 34107 150487 132703 131834 66786
40047 11333 11013 4 34105 34107 154945 155027
40048 711 378 4 34109 34110 58556 66824
40049 483 378 6 34110 34111 155378 154867 132713 58558
40050 483 233 3 34111 34108 151053
40051 483 711 6 34108 34110 58557 58202 58201 151052
40052 378 233 6 34109 34111 155379 132612 132474 66825
40053 1353 966 6 34112 34113 132843 132829 132830 66823
40054 1353 1119 4 34113 34114 66814 132438
40055 1670 1353 5 34112 34114 66815 42633 42635
40056 511 769 8 34116 34117 132720 34140 34141 34143 34144 131237
40057 511 1020 7 34117 34118 132610 132588 66412 66411 132719
40058 811 1020 6 34118 34119 132577 132838 132014 132013
40059 811 769 10 34119 34116 132142 64917 64916 131974 131189 131188 132728 132575
40060 811 511 4 34116 34118 58337 58339
40061 10275 9598 6 34120 34121 154870 155251 66793 66791
40062 10275 10137 6 34121 34122 133021 155315 154832 154833
40063 10341 10137 6 34122 34123 155308 154792 154793 133023
40064 10341 9598 6 34123 34120 154856 42345 42347 155274
40065 10137 9598 5 34121 34123 155326 155316 154871
40066 604 962 7 34127 34128 131281 131282 142945 142368 142367
40067 902 90 3 34129 34126 39949
40068 902 604 7 34126 34128 142813 141544 141546 142809 142602
40069 962 90 5 34127 34129 39948 58762 142859
40070 1971 2089 7 34130 34131 137627 137729 137861 137923 137723
40071 1971 2075 5 34131 34132 136691 136511 136510
40072 2127 1971 6 34130 34132 136692 138168 137531 137533
40073 2614 2964 8 34133 34134 132870 142511 142518 142505 142506 142519
40074 2577 2614 6 34133 34135 132869 142503 142512 142521
40075 9212 8800 7 34136 34137 39979 156865 156868 156740 156738
40076 9212 9486 8 34137 34138 34278 34276 156713 156829 39629 39632
40077 9672 9486 6 34138 34139 144297 144298 156815 156465
40078 9672 8800 5 34139 34136 155740 155741 156676
40079 9486 8800 5 34137 34139 156675 40151 39980
40080 511 806 4 34141 34142 42899 131337
40081 1157 511 4 34140 34142 42900 132763
40082 511 11 4 34144 34145 34218 131238
40083 196 511 7 34143 34145 34217 132602 132908 131338 131337
40084 8362 8109 3 34146 34147 42290
40085 7760 8109 7 34147 34148 42641 42206 42207 42577 42291
40086 8109 8569 4 34146 34148 42637 42636
40087 4760 4538 4 34149 34150 58271 67052
40088 8508 8040 8 34152 34153 42111 42112 44885 42679 42678 42262
40089 8508 8929 6 34153 34154 42535 44719 44718 44012
40090 8206 8508 4 34152 34154 42534 42263
40091 8929 8040 3 34153 34155 44013
40092 8443 7951 4 34157 34156 41764 40024
40093 7016 7748 9 34158 34159 34783 42230 42479 34162 34163 39822 39820
40094 7016 7383 5 34159 34160 42420 42421 34784
40095 7060 7383 5 34160 34161 41788 41786 41792
40096 7060 7748 5 34161 34158 42180 42416 42417
40097 7060 7016 4 34158 34160 42275 42179
40098 7383 7748 4 34159 34161 42419 34785
40099 7016 6309 4 34163 34164 42249 42433
40100 6687 7016 6 34162 34164 42248 42398 42425 42478
40101 4993 4490 5 34166 34167 66957 66893 42372
40102 4705 4570 4 34168 34165 58312 66915
40103 4490 4570 9 34166 34168 66742 42370 42369 41818 41817 66735 42373
40104 8556 6223 4 34171 34169 40060 58414
40105 8759 6223 6 34170 34171 66729 155417 42166 39597
40106 10221 8759 5 34172 34173 155406 155417 155403
40107 9042 8759 5 34173 34174 155327 42131 42130
40108 5072 5065 5 34175 34176 62242 62243 67049
40109 5072 5761 8 34176 34177 43448 43446 42182 42185 67317 67223
40110 11886 346 4 34178 34179 144051 144412
40111 8781 8590 7 34182 34181 35180 38450 45599 45597 45584
40112 11842 11822 6 34183 34184 130913 130911 146026 156075
40113 11842 139 7 34184 34185 41627 41626 142939 144391 144392
40114 181 11822 5 34186 34183 145817 145816 145940
40115 181 11842 4 34183 34185 146639 156195
40116 139 11822 5 34184 34186 145941 130818 130817
40117 9714 9863 7 34187 34188 40083 40081 155955 155953 156755
40118 9547 9415 4 34189 34190 155979 153729
40119 9547 9863 4 34190 34187 156800 155977
40120 9547 9714 5 34187 34189 39000 39002 156799
40121 9415 9863 5 34188 34190 155978 142750 142752
40122 8981 8776 5 34193 34191 38714 38713 36034
40123 8981 9014 5 34191 34192 39233 37979 37981
40124 10087 10215 6 34194 34195 153765 154642 130791 130792
40125 10087 9978 4 34195 34196 153545 153766
40126 9974 9978 7 34196 34197 153705 152882 152885 153895 153546
40127 9974 10215 6 34197 34194 153756 152587 126404 126406
40128 9974 10087 5 34194 34196 153544 153877 153755
40129 9858 9695 5 34198 34199 151107 151563 150872
40130 9674 9688 6 34200 34201 152539 152540 44713 44712
40131 9688 9695 5 34199 34201 152525 151737 151108
40132 11024 11116 4 34203 34204 145551 147234
40133 11024 11038 4 34204 34202 147231 145550
40134 11024 10941 7 34202 34203 147798 147797 147754 147752 148152
40135 1670 1840 4 34206 34207 66497 131969
40136 1755 1840 3 34207 34208 66498
40137 1755 1946 4 34208 34205 131043 131045
40138 9271 9125 3 34209 34210 153348
40139 8952 9415 5 34211 34212 156809 40218 40138
40140 8952 9271 4 34209 34211 40137 45451
40141 9415 9125 5 34210 34212 156810 156661 156662
40142 9682 9709 7 34213 34214 156714 156712 156847 42035 42001
40143 9682 9890 7 34214 34215 145593 145594 156843 156877 156830
40144 9886 9890 5 34215 34216 155858 156707 156766
40145 9886 9709 7 34216 34213 42002 41641 41640 39194 39196
40146 9886 9682 6 34213 34215 156750 40268 40038 40037
40147 9890 9709 4 34214 34216 155857 156827
40148 11854 511 8 34217 34218 132683 132691 133090 133095 155059 132603
40149 9641 9656 6 34221 34222 157308 157309 157123 157122
40150 9594 9656 6 34222 34223 157088 157208 157207 157306
40151 9594 9792 5 34223 34220 156468 156977 156976
40152 9594 9641 4 34220 34222 157356 156467
40153 9656 9792 4 34221 34223 157087 157400
40154 9874 9837 6 34224 34225 34320 34321 153655 153934
40155 9874 9840 7 34225 34226 153754 44925 44928 153676 153677
40156 9670 9837 6 34227 34224 153630 152792 152791 152938
40157 9670 9874 3 34224 34226 153935
40158 9840 9837 4 34225 34227 152939 153003
40159 9306 9025 7 34228 34229 157574 157577 152041 152042 103544
40160 9306 8984 4 34229 34230 148510 148508
40161 8936 8984 6 34230 34231 37570 37508 37509 157615
40162 8936 9025 8 34231 34228 103545 158097 148621 38054 37694 37568
40163 8936 9306 4 34228 34230 152234 103543
40164 867 820 4 34232 34233 58510 143376
40165 867 1163 7 34233 34234 141384 141261 141259 58583 58511
40166 1139 1163 7 34234 34235 127229 140721 140722 141726 142061
40167 1139 820 4 34235 34232 143256 127228
40168 1139 867 6 34232 34234 143064 141194 141191 143377
40169 1163 820 6 34233 34235 126711 126713 143238 58512
40170 9924 9791 7 34236 34237 46110 151091 151089 152173 150827
40171 9924 10116 6 34237 34238 154344 152447 152448 46111
40172 10085 10116 6 34238 34239 152334 149383 149384 152703
40173 10085 9791 5 34239 34236 150829 154178 154177
40174 10085 9924 6 34236 34238 152952 152953 151004 150828
40175 10116 9791 5 34237 34239 154334 154325 46112
40176 7170 7164 7 34241 34242 44076 53211 44114 44115 53578
40177 7025 7170 3 34240 34242 44077
40178 10402 10298 6 34243 34244 153875 42334 42333 58394
40179 10050 10298 6 34245 34243 154025 132031 132033 46009
40180 10226 10298 6 34244 34245 46008 154161 154968 153876
40181 9665 9652 3 34246 34247 153698
40182 9522 9546 6 34248 34249 153028 152717 44956 39468
40183 9522 9665 6 34246 34248 39466 153851 153868 153697
40184 9546 9652 5 34247 34249 153027 153332 153657
40185 10697 10522 8 34250 34251 154656 147520 147519 154529 34512 34510
40186 10697 10837 6 34251 34252 154512 154513 154545 154547
40187 10506 10522 4 34253 34250 154585 154419
40188 10506 10697 5 34250 34252 154768 154769 154584
40189 10837 10522 4 34251 34253 154420 154614
40190 9242 8826 4 34254 34255 156689 34273
40191 7979 8826 6 34256 34254 34275 44704 34422 34421
40192 8857 8826 6 34255 34256 34677 41476 41477 156692
40193 10414 10455 6 34257 34258 148140 148115 147538 147333
40194 10414 10448 7 34258 34259 148131 147445 145577 145578 148139
40195 10336 10448 5 34259 34260 148009 147893 147894
40196 10336 10414 4 34257 34259 148133 147334
40197 10448 10455 4 34258 34260 148096 148110
40198 9578 9690 9 34261 34262 152958 44802 44804 154209 154018 154019 154169
40199 9578 9429 5 34262 34263 154020 154207 152959
40200 9610 9429 4 34263 34264 153867 153866
40201 9610 9690 4 34264 34261 153883 153869
40202 9610 9578 8 34261 34263 154021 154066 154065 154124 154358 154170
40203 10627 10348 5 34265 34266 146903 146904 146916
40204 10178 10085 7 34267 34268 152895 152897 154179 154177 152334
40205 10178 10348 5 34268 34265 146917 152970 152894
40206 10085 10348 6 34266 34268 152431 152432 154376 154386
40207 10721 10514 5 34270 34271 154762 154530 146809
40208 10732 10514 7 34271 34272 146749 146751 154950 154314 154315
40209 10732 10532 4 34272 34269 146408 152982
40210 10732 10721 6 34269 34271 154742 154741 154672 146407
40211 9120 8826 4 34275 34273 156061 155671
40212 9120 9242 4 34273 34274 34888 34889
40213 9212 9709 7 34276 34277 42061 153445 153446 156848 156712
40214 9486 9870 4 34278 34279 156817 156465
40215 9486 9709 4 34279 34276 156714 156827
40216 9870 9709 5 34277 34279 155857 39196 39195
40217 2976 3244 6 34280 34281 133129 133099 66781 66779
40218 2976 3482 4 34281 34282 132717 133130
40219 3121 3244 5 34283 34280 132136 132807 58204
40220 3121 2976 8 34280 34282 132718 132753 132535 132534 133069 132135
40221 3482 3244 5 34281 34283 58203 66850 66851
40222 9664 9836 6 34284 34285 156805 155430 155374 155372
40223 9664 9586 5 34285 34286 153466 153465 153672
40224 9139 9836 5 34287 34284 155711 154157 154158
40225 9139 9664 4 34284 34286 154108 155702
40226 9586 9836 6 34285 34287 154190 154031 41642 41639
40227 11103 11698 6 34288 34289 132024 155465 155603 155357
40228 9682 9575 7 34292 34293 41637 156820 155305 155303 123783
40229 9682 9665 3 34293 34294 41638
40230 9800 9665 6 34294 34295 146854 44500 44499 44923
40231 9800 9575 3 34295 34292 123785
40232 9665 9575 5 34293 34295 35172 34939 34941
40233 10768 10493 5 34297 34298 110762 110761 110919
40234 10768 10785 5 34298 34296 112345 110789 110781
40235 10768 10387 7 34296 34297 112276 112297 112272 112274 112344
40236 9705 9666 4 34302 34299 152716 152470
40237 9837 9535 3 34303 34304 152443
40238 9582 9708 3 34305 34306 152793
40239 9582 9535 7 34306 34303 152444 154288 150077 150076 152665
40240 9666 9592 4 34307 34308 152741 152870
40241 9666 9692 5 34308 34309 152445 152747 152742
40242 9566 9592 5 34310 34307 152299 152296 152140
40243 11103 11461 6 34311 34312 154772 154720 154706 154528
40244 11103 11612 4 34312 34313 154147 154148
40245 11463 11612 4 34313 34314 132607 132605
40246 11463 11461 5 34314 34311 146582 146531 146094
40247 11463 11103 9 34311 34313 154187 132026 132024 155466 155598 153845 153846
40248 9535 9134 4 34316 34317 152699 151015
40249 9433 9134 6 34317 34318 45927 45926 44994 44993
40250 9433 9353 5 34318 34315 35052 152698 152460
40251 9874 9940 7 34319 34320 153677 153603 153602 153816 153608
40252 10052 9940 4 34322 34319 152890 152370
40253 10052 9874 4 34319 34321 152842 152843
40254 9837 9940 5 34320 34322 148077 148076 153003
40255 9837 9684 5 34323 34324 152938 152939 148076
40256 9684 10080 5 34323 34325 153070 153063 148078
40257 10276 9116 7 34326 34327 132984 132983 151055 132919 132918
40258 10276 9056 9 34327 34328 132966 42558 42559 44447 133157 132949 132950
40259 9919 9056 6 34328 34329 44892 42654 42653 42741
40260 9919 9116 4 34329 34326 132986 44891
40261 9056 9116 4 34327 34329 44888 44889
40262 10540 10338 4 34330 34331 143866 156616
40263 10365 10540 7 34330 34332 147628 147535 147534 147681 156623
40264 10590 10338 6 34331 34333 145598 145597 145575 143868
40265 10451 10528 5 34334 34335 34744 147592 112423
40266 10492 10528 6 34337 34334 112425 147943 35159 35156
40267 10492 10451 3 34334 34336 112424
40268 10320 10528 5 34335 34337 147709 35337 34746
40269 10722 11131 3 34339 34340 34820
40270 10722 11015 8 34340 34341 34717 156026 156027 156051 156317 34819
40271 10801 11015 3 34341 34342 34718
40272 10801 11131 7 34342 34339 144009 144008 144166 143776 143667
40273 11015 11131 8 34340 34342 143668 156031 156032 156165 34828 34821
40274 9423 9213 5 34343 34344 152758 148007 42023
40275 9121 9158 8 34345 34346 104627 104625 44514 44515 46053 45014
40276 9121 9213 4 34346 34343 42025 152771
40277 9121 9423 6 34343 34345 45013 153442 153994 42024
40278 9158 9213 7 34344 34346 152769 152768 152767 152770 152759
40279 9168 9313 5 34347 34348 153514 38069 38070
40280 9168 9536 5 34348 34349 45354 45355 153522
40281 9490 9536 5 34349 34350 153293 39313 39314
40282 9490 9313 8 34350 34347 39567 153430 153433 153431 153418 153417
40283 9490 9168 5 34347 34349 46918 35279 35278
40284 9536 9313 8 34348 34350 153419 153116 153113 153642 153503 153502
40285 2114 2256 5 34351 34352 141141 141139 141516
40286 2114 1972 9 34352 34353 141514 140635 140097 139776 139774 141474 141255
40287 2225 1972 4 34353 34354 128192 128194
40288 2225 2256 8 34354 34351 140025 140027 140042 140507 140614 141036
40289 2225 2114 5 34351 34353 141512 141511 141515
40290 1972 2256 5 34352 34354 138426 138427 140654
40291 11178 11146 7 34355 34356 146764 131152 131153 145806 146608
40292 11178 11289 4 34356 34357 146950 146765
40293 11338 11289 6 34357 34358 146225 146151 146150 146290
40294 11338 11146 5 34358 34355 146974 147304 146999
40295 11289 11146 3 34356 34358 146766
40296 5971 6430 6 34359 34360 41949 58061 41880 41154
40297 6851 6430 5 34362 34359 41156 42288 42383
40298 6198 6430 6 34360 34362 42384 41182 41181 41950
40299 11647 121 5 34364 34365 105908 154919 154829
40300 11647 549 7 34365 34366 150356 150357 154954 62675 62676
40301 272 11647 4 34364 34366 150455 150454
40302 9680 9723 7 34368 34369 149890 149891 152477 153079 152997
40303 9927 9848 6 34370 34371 156625 156716 156802 156677
40304 9927 10285 5 34371 34372 156700 156641 156626
40305 10123 10285 8 34372 34373 42113 42116 156671 156673 156678 156679
40306 10123 9848 5 34373 34370 155485 155486 155891
40307 10123 9927 4 34370 34372 143314 143313
40308 10285 9848 6 34371 34373 155892 156639 156162 156161
40309 10121 10056 5 34375 34376 103363 103584 103613
40310 10323 10056 7 34376 34377 111803 102980 102982 103027 103056
40311 10323 10242 6 34377 34374 103587 112336 112338 111802
40312 10121 10010 4 34378 34379 102849 103619
40313 9104 9161 5 34381 34382 102988 102846 102845
40314 9062 9336 5 34383 34380 102979 102978 103101
40315 9161 9336 5 34381 34383 102612 102611 102928
40316 10135 9968 5 34385 34386 157331 157469 147639
40317 9951 9792 8 34387 34384 41958 41959 157406 157087 156976 156978
40318 9951 10135 4 34384 34386 156923 156596
40319 9968 9792 3 34385 34387 147640
40320 9462 9435 3 34388 34389 153911
40321 9300 9491 5 34390 34391 39987 153979 153980
40322 9300 9435 7 34391 34388 153912 153900 153369 153368 39985
40323 9491 9435 5 34389 34391 39986 153880 153965
40324 9151 8911 8 34392 34393 38548 157573 157619 157411 157409 98673
40325 9025 8911 5 34393 34394 38553 38489 38488
40326 9507 9347 4 34395 34396 38515 38516
40327 9507 9516 8 34396 34397 157159 153412 153413 153591 153589 153398
40328 9786 9984 5 34398 34399 147457 147458 158430
40329 9786 10018 6 34399 34400 35126 35124 158318 153103
40330 9703 9984 4 34401 34398 145334 104021
40331 9362 9471 7 34402 34403 157017 157023 157092 156964 35041
40332 9362 9575 4 34403 34404 39591 157018
40333 9559 9471 4 34405 34402 35042 156962
40334 9559 9362 5 34402 34404 39590 34896 34898
40335 9575 9471 4 34403 34405 156963 157016
40336 9123 9082 7 34406 34407 34971 34972 157858 147609 38361
40337 9123 9004 4 34407 34408 153153 153154
40338 8984 9004 6 34408 34409 35682 35680 37509 157616
40339 8984 9082 4 34409 34406 38363 38507
40340 8984 9123 8 34406 34408 148509 148508 47177 47179 157968 38362
40341 9004 9082 9 34407 34409 38510 38509 38524 38521 38522 38268 38267
40342 10611 10705 6 34410 34411 143897 34952 34950 143747
40343 10611 10628 6 34411 34412 156533 145360 143763 143764
40344 10808 10705 7 34413 34410 35376 35378 34439 34441 143924
40345 10808 10611 3 34410 34412 147785
40346 10628 10705 3 34411 34413 143898
40347 2749 2939 4 34414 34415 140254 141302
40348 2939 2793 7 34414 34416 141321 142007 141352 138413 138410
40349 1465 1089 4 34417 34418 142686 138344
40350 784 1089 4 34419 34417 138346 142698
40351 962 1089 8 34418 34419 142697 131281 131283 142950 142873 142688
40352 8826 6897 5 34420 34421 34677 142019 40373
40353 5752 8826 4 34420 34422 44703 40374
40354 11521 11264 8 34423 34424 147277 147080 146574 131207 131208 146249
40355 11408 11264 3 34425 34423 146547
40356 11288 11264 7 34424 34425 147318 144191 144190 147418 147311
40357 11878 11829 4 34426 34427 146058 146059
40358 11878 17 5 34427 34428 146208 145842 145840
40359 210 17 5 34428 34429 130640 130616 130617
40360 210 11829 6 34429 34426 145029 145030 131210 131209
40361 210 11878 5 34426 34428 145893 145844 145846
40362 17 11829 6 34427 34429 34612 34614 146005 146194
40363 11223 11024 6 34432 34430 147233 147232 145550 145551
40364 11134 11024 4 34431 34432 147234 147798
40365 649 751 6 34433 34434 126777 127297 127192 126877
40366 10817 10808 3 34440 34441 143611
40367 10817 10891 7 34438 34440 143610 143873 143395 141634 141635
40368 720 788 7 34443 34442 130629 127138 127140 131180 126994
40369 1281 980 4 34444 34445 127479 127687
40370 11404 11493 7 34446 34447 154812 34507 34508 132491 132794
40371 11404 11344 7 34447 34448 154171 146838 146839 154816 154817
40372 11628 11344 5 34448 34449 143018 146507 146508
40373 11628 11493 5 34449 34446 132795 130195 130194
40374 11628 11404 4 34446 34448 58523 58522
40375 1790 2409 7 34450 34451 142583 142582 137594 137595 142393
40376 2262 1612 5 34452 34453 137235 138267 132889
40377 2262 2409 7 34453 34450 137398 34686 34688 58973 133195
40378 2262 1790 5 34450 34452 132888 132890 132891
40379 1612 2409 4 34451 34453 137234 142093
40380 207 344 8 34454 34455 142860 142958 142961 142983 156299 154885
40381 207 817 3 34455 34456 142586
40382 175 817 6 34456 34457 141616 141704 132430 132428
40383 175 344 5 34457 34454 154887 142190 141614
40384 175 207 6 34454 34456 142585 142767 142765 154886
40385 817 344 6 34455 34457 141615 142584 142963 142861
40386 11068 11001 5 34458 34459 156447 144004 144003
40387 11068 11194 4 34459 34460 152912 156446
40388 10902 11194 4 34460 34461 144033 144032
40389 10902 11001 7 34461 34458 147264 143448 143450 147205 147207
40390 10902 11068 6 34458 34460 152913 143741 143743 147263
40391 11194 11001 7 34459 34461 156416 156415 145510 34519 34517
40392 9349 9070 7 34462 34463 152774 155666 155667 141770 141771
40393 8681 9070 7 34465 34462 153853 44757 44756 42647 42582
40394 8681 9349 4 34462 34464 42018 153852
40395 10698 10495 6 34466 34467 142598 142596 155533 42316
40396 10698 10633 10 34467 34468 44848 155495 155498 155499 155502 137593 137592 155366
40397 10192 10633 4 34468 34469 45964 44850
40398 10192 10495 9 34469 34466 42318 146787 42082 42079 42586 153763 45963
40399 10192 10698 4 34466 34468 44849 42317
40400 10633 10495 5 34467 34469 45962 152787 155367
40401 11367 11602 6 34471 34472 131444 131442 143030 143031
40402 11489 11602 6 34472 34473 156231 146584 132578 132580
40403 11489 11319 7 34473 34470 146621 156376 156277 146671 146672
40404 11602 11319 6 34471 34473 156230 156110 146640 146556
40405 11830 38 4 34475 34476 112108 126983
40406 38 17 5 34474 34476 112106 126307 126308
40407 10644 10666 4 34477 34478 35402 35400
40408 10644 10783 8 34478 34479 34714 34712 158641 147930 147928 158212
40409 10584 10783 4 34479 34480 158790 158623
40410 10783 10666 7 34478 34480 158787 110984 110983 158913 158700
40411 141 381 8 34481 34482 143713 143789 142726 142724 143608 143617
40412 304 381 4 34483 34481 138498 138497
40413 327 381 7 34482 34483 127187 127185 127186 143798 143714
40414 11430 11472 6 34484 34485 143546 143940 143941 143219
40415 11430 10975 6 34485 34486 143752 144066 144067 143545
40416 11095 11472 6 34487 34484 143221 144121 144385 34719
40417 11095 11430 3 34484 34486 143220
40418 10975 11472 6 143547 34485 34487 34720 144424 -1
40419 11030 10817 6 34490 34491 143950 143395 143393 143960
40420 10853 10817 6 34491 34492 34499 125869 125867 143900
40421 10817 11095 3 34490 34492 34498
40422 826 867 8 34493 34494 141235 143228 143229 143297 142716 142715
40423 826 1612 3 34494 34495 141236
40424 1432 1612 8 34495 34496 141385 142060 142109 142108 142363 142466
40425 1432 867 6 34496 34493 142741 142743 143064 141384
40426 1432 826 8 34493 34495 142465 142604 143244 143265 58377 58374
40427 1612 867 5 34494 34496 141261 141260 141237
40428 10853 10975 5 34499 34497 35314 158764 143943
40429 9189 9133 3 34501 34500 156780
40430 619 593 6 34502 34503 141196 143734 143707 143665
40431 1066 593 5 143222 141197 34503 34504 -1
40432 593 445 5 144344 143666 34502 34504 -1
40433 247 326 3 34505 34506 143136
40434 11493 11109 5 34507 34509 146374 146037 146035
40435 10697 10402 4 34510 34511 154764 154584
40436 10697 10514 4 34511 34512 154530 154763
40437 10522 10514 6 34512 34513 153823 154423 146810 146809
40438 10522 10402 5 34513 34510 154585 153826 153821
40439 10514 10402 6 34511 34513 153822 154069 132513 132514
40440 11379 11222 5 34515 34516 145919 145785 34543
40441 11379 11237 5 34516 34514 143984 144383 145915
40442 11194 11320 6 34518 34519 35133 34557 34558 34782
40443 11194 11375 5 34517 34518 34781 147338 156446
40444 10951 10822 4 34520 34521 156171 156406
40445 10951 10809 7 34521 34522 156359 147341 147342 156351 156172
40446 10926 10809 3 34522 34523 34818
40447 10926 10951 8 34520 34522 156360 147346 147345 156363 156364 156407
40448 10809 10822 7 34521 34523 34816 156341 156400 155420 155422
40449 9555 9533 5 34524 34525 103376 35164 35165
40450 9555 9628 5 34525 34526 103717 111910 103654
40451 9532 9628 7 34526 34527 103472 103469 103389 102975 102974
40452 9532 9533 5 34527 34524 98686 103860 103796
40453 9532 9555 4 34524 34526 103718 98685
40454 9628 9533 6 34525 34527 103742 103741 103753 103655
40455 10545 10800 3 34528 34529 158426
40456 10649 10671 3 34530 34531 111214
40457 10649 10800 7 34531 34528 158466 158874 158932 158748 147781
40458 10649 10545 9 34528 34530 111213 158396 148482 148481 144376 144373 158321
40459 8109 8311 6 34532 34533 42181 42971 42972 42178
40460 8109 8724 7 34533 34534 42103 42177 42142 42135 42138
40461 8443 8724 8 34534 34535 42176 156867 41967 39996 39995 42021
40462 8443 8109 4 34532 34534 41762 41764
40463 8724 8311 4 34533 34535 42048 42047
40464 10909 10956 4 34537 34536 147477 147357
40465 256 11765 4 34540 34538 145771 127058
40466 11303 11348 4 34541 34542 144282 143992
40467 1880 1571 4 34545 34546 127227 127225
40468 1687 1571 11 34546 34547 128164 139512 139208 139207 139360 139361 139819 138429 138393
40469 1687 1757 6 34547 34544 139427 139761 139613 128163
40470 1687 1880 5 34544 34546 138392 137989 137988
40471 1571 1757 5 34545 34547 128162 141056 141055
40472 339 403 3 34548 34549 126628
40473 275 339 10 34548 34550 126978 143148 143544 126902 126904 126973 126593 126590
40474 417 403 5 34549 34551 126663 126665 126871
40475 10737 10638 4 34552 34553 156522 147689
40476 10753 10553 5 34554 34555 147447 156395 156350
40477 10753 10638 5 34555 34552 147471 144186 144188
40478 11194 11392 4 34558 34556 144284 144275
40479 11194 11198 7 34556 34557 35132 58663 58665 146695 153745
40480 642 431 5 34559 34560 141450 142186 142187
40481 642 446 6 34560 34561 143483 143482 143664 141449
40482 508 642 7 34559 34561 142967 142966 143439 143806 143676
40483 420 638 6 34562 34563 137428 58574 58577 142925
40484 420 490 5 34563 34564 127071 127070 137429
40485 397 638 5 34565 34562 126794 126796 143329
40486 490 638 5 34563 34565 143426 143403 137430
40487 1113 1163 8 34567 34568 142867 128846 128845 143238 58584 58583
40488 1516 1163 6 34568 34569 141554 141021 141020 141406
40489 1516 1244 7 34569 34566 131306 133074 133073 142484 141553
40490 1516 1113 4 34566 34568 142309 131305
40491 1163 1244 4 34567 34569 141262 141259
40492 163 275 7 34571 34572 126902 126903 127057 127072 127073
40493 163 130 5 34572 34570 141596 141595 143531
40494 163 11880 6 34570 34571 142815 58636 58635 144285
40495 8974 8979 8 34575 34576 39207 38697 38699 39160 40227 156947
40496 8974 9395 6 34576 34573 155694 155695 156695 156694
40497 8974 9218 3 34573 34575 156632
40498 8979 9395 4 34574 34576 156732 156733
40499 11528 11264 3 34577 34578 131207
40500 11528 11392 9 34578 34579 142657 142655 156108 143682 143681 143693 131206
40501 11320 11528 8 34577 34579 156113 156452 156193 156176 147316 146573
40502 10147 10229 10 34580 34581 145369 112348 112349 157421 148037 145392 145393 157694
40503 10147 10312 3 34581 34582 145370
40504 10365 10312 7 34582 34583 37345 147557 147325 147049 145386
40505 10365 10229 5 34583 34580 147525 147524 37344
40506 10365 10147 4 34580 34582 145385 157695
40507 10638 10909 7 34584 34585 147477 147267 146366 146364 145674
40508 11406 11430 4 34586 34587 156037 155940
40509 11406 10997 5 34587 34588 141794 141793 156038
40510 11129 10997 8 34588 34589 126417 34646 34647 156462 156132 155835
40511 11129 11430 6 34589 34586 143468 143098 143100 144066
40512 11129 11406 6 34586 34588 143911 143908 155526 155525
40513 10997 11430 5 34587 34589 144067 144271 144326
40514 10831 9733 3 34590 34591 41620
40515 9663 9568 6 34594 34595 148555 148556 46944 46942
40516 9651 9568 5 34595 34596 153157 157936 152020
40517 9651 9646 6 34596 34593 152152 153096 153098 153156
40518 9651 9663 3 34593 34595 152019
40519 9568 9646 4 34594 34596 152193 152192
40520 9106 9164 3 34597 34598 157223
40521 9077 9136 5 34599 34600 38560 38559 157569
40522 9077 9164 7 34600 34597 37459 37461 103415 103420 158348
40523 9077 9106 5 34597 34599 37307 37306 157631
40524 9136 9164 7 34598 34600 98659 98661 147959 147958 157224
40525 10410 10513 6 34601 34602 156234 147194 147193 143656
40526 10410 10553 5 34602 34603 155922 155923 156235
40527 10263 10410 7 34601 34603 153786 147413 147412 156158 143657
40528 10701 10653 8 34604 34605 143782 143780 143651 143650 153567 146153
40529 10701 10722 3 34605 34606 156047
40530 10914 10722 7 34606 34607 155644 155645 34819 34820 155638
40531 10914 10653 3 34607 34604 146155
40532 10914 10701 8 34604 34606 156046 35421 35422 156486 156339 146154
40533 1412 1154 6 34608 34609 142811 142812 142823 142824
40534 1412 1120 4 34609 34610 142097 142096
40535 1367 1120 7 34610 34611 142694 142382 142381 141712 141713
40536 1367 1154 3 34611 34608 142832
40537 1367 1412 5 34608 34610 142349 142351 142721
40538 1120 1154 8 34609 34611 142880 142879 142890 142889 58571 58573
40539 11829 128 5 34612 34613 131005 131211 131209
40540 9830 9758 3 34615 34616 153274
40541 9830 10007 8 34616 34617 153568 153576 153530 153531 153338 153339
40542 9779 10007 3 34617 34618 147918
40543 9779 9758 10 34618 34615 152642 152641 152284 152286 153030 153032 153610 147916
40544 7280 7609 4 35855 34619 34620 -1
40545 8048 7942 8 34621 34622 35787 35786 36086 36183 36147 35486
40546 8372 8358 9 34623 34624 38703 38704 37931 37929 38753 34912 34910
40547 8358 8652 4 34623 34625 38444 34911
40548 9206 9560 5 34628 34629 36310 36308 40016
40549 9462 9546 3 34630 34631 156511
40550 9546 9560 8 34629 34631 156872 156871 35003 35002 146635 146637
40551 7798 7288 7 34632 34633 39347 40577 42463 42220 39901
40552 8582 8592 7 34634 34635 39732 39623 39601 39555 39556
40553 68 442 4 34637 34638 143306 156107
40554 68 846 5 34638 34636 143317 143304 143303
40555 68 11309 8 34636 34637 156106 156109 156146 155971 155970 156043
40556 9476 9515 6 34639 34640 157767 157765 157171 157170
40557 7770 7670 3 34642 34643 40670
40558 7638 7670 6 34643 34644 53454 53615 39625 39626
40559 7638 8096 4 34644 34641 44151 53453
40560 7670 8096 6 34642 34644 35479 35480 39705 40680
40561 11129 10704 4 34645 34646 126418 112102
40562 10678 11129 4 34645 34647 156421 112103
40563 10997 10704 5 34646 34648 147720 143688 126419
40564 11666 11406 7 34649 34650 155755 156068 156069 156430 155999
40565 11666 11421 6 34650 34651 143242 142729 142730 155756
40566 11185 11666 5 34649 34651 142222 34666 34668
40567 11454 11691 4 34652 34653 110796 111252
40568 11454 11632 5 34653 34654 111326 110318 110321
40569 11502 11691 4 34655 34652 110904 110906
40570 11502 11454 7 34652 34654 111462 108728 108730 111436 111390
40571 8705 8945 7 34656 34657 38685 39381 37151 37152 35967
40572 8705 8647 4 34657 34658 39383 38686
40573 8457 8945 6 34659 34656 35023 35022 39188 39189
40574 7877 8210 4 34660 34661 37859 40592
40575 8794 9120 4 34662 34663 40052 40028
40576 8794 8435 7 34663 34664 40246 40241 40239 40243 40051
40577 9084 8435 4 34664 34665 38052 39214
40578 8435 9120 5 34663 34665 35945 35947 40053
40579 11666 11558 8 34666 34667 145662 145665 155753 142979 41587 41588
40580 11666 11131 4 34667 34668 155999 147119
40581 11185 11131 7 34668 34669 156030 156031 156066 156073 156000
40582 11185 11558 4 34669 34666 142223 156144
40583 11131 11558 7 34667 34669 156145 156165 156251 147410 147120
40584 10453 10483 7 34670 34671 35105 35106 147788 156469 147696
40585 10453 10771 4 34671 34672 147778 143854
40586 10808 10771 6 34672 34673 35374 156382 147349 147348
40587 10808 10483 3 34673 34670 35373
40588 10771 10483 5 34671 34673 35372 34749 34748
40589 10871 10713 7 34674 34675 145640 143875 143876 158632 145538
40590 10829 10713 6 34676 34674 144541 144539 35205 35207
40591 10774 10713 6 34675 34676 143974 143973 147228 145646
40592 190 487 7 34678 34679 131254 130809 130810 154865 142629
40593 190 692 4 34679 34680 141189 131255
40594 330 692 10 34680 34681 132758 132730 132729 132660 132659 132125 132126 141190
40595 330 487 3 34681 34678 132757
40596 330 190 5 34678 34680 141188 142624 142623
40597 692 487 6 34679 34681 132620 132622 132836 131256
40598 2767 2939 7 34682 34683 58460 142049 141352 141353 140618
40599 2926 2939 4 34684 34682 140619 140056
40600 3082 2939 6 34683 34684 59783 59781 142006 58462
40601 2671 2409 3 34685 34686 58498
40602 2671 2262 4 34686 34687 58893 58891
40603 2827 2262 4 34687 34688 58975 138330
40604 2827 2409 6 34688 34685 58500 57892 57891 58974
40605 2781 2869 5 34689 34690 116939 59780 59707
40606 2781 2716 8 34690 34691 138369 141245 141292 141151 59377 59375
40607 2661 2716 4 34691 34692 139863 138370
40608 2716 2869 4 34690 34692 59578 59575
40609 481 644 5 34695 34693 114834 126129 126131
40610 714 644 8 34694 34695 126132 114812 114811 125454 125990 125786
40611 9859 10125 4 34696 34697 156741 138391
40612 10794 11045 5 34698 34699 153782 153783 34742
40613 10794 11088 4 34699 34700 156556 156545
40614 10997 11088 7 34700 34701 156133 155835 141794 141795 143936
40615 10997 11045 4 34701 34698 34743 156090
40616 11088 11045 7 34699 34701 144272 126410 126409 144165 144167
40617 11470 11497 6 34704 34702 145928 145889 145868 145826
40618 638 564 5 34705 34706 143344 126795 126796
40619 638 833 7 34706 34707 138294 143364 143362 143429 143345
40620 731 833 5 34707 34708 126517 127178 127177
40621 731 564 5 34708 34705 130768 130767 126516
40622 731 638 6 34705 34707 138295 143432 143426 143329
40623 10644 10894 4 34712 34713 35228 145565
40624 10644 10853 5 34713 34714 158622 157213 35229
40625 10783 10853 6 34714 34715 110985 110984 158788 158623
40626 10783 10894 6 34715 34712 145540 144087 144084 143858
40627 10972 11015 6 34717 34718 143668 156067 155763 155762
40628 10972 10801 7 34718 34716 156282 156593 156594 143778 143667
40629 10972 10722 3 34716 34717 156095
40630 11472 11160 5 34719 34720 125793 125794 144452
40631 10975 11160 6 144425 34720 34721 35314 158766 -1
40632 11627 11566 5 34722 34723 143955 143561 143559
40633 11627 11438 5 34723 34724 143491 156105 144304
40634 11589 11438 4 34724 34725 144022 143492
40635 11589 11627 5 34722 34724 143490 143814 143813
40636 11438 11566 6 34723 34725 144021 144204 155524 144305
40637 9585 9720 5 34727 34728 157160 44120 44121
40638 9507 9720 5 34728 34729 153333 153331 153591
40639 9507 9520 7 34729 34726 157158 156491 156492 157165 157181
40640 9507 9585 4 34726 34728 153413 153411
40641 9720 9520 6 34727 34729 157180 157167 156972 156971
40642 10818 11036 6 34730 34731 131748 146709 147037 146682
40643 10818 10742 5 34731 34732 144646 144644 131749
40644 10909 10818 7 34730 34732 146114 145674 145675 147102 146683
40645 10742 10583 5 34735 34736 146938 154305 146993
40646 10742 10873 5 34736 34733 146112 146113 146414
40647 10742 10756 6 34733 34735 146728 146727 131749 131750
40648 10583 10873 6 34734 34736 146937 146954 146941 146940
40649 9817 9847 6 34737 34738 147254 147255 147521 152354
40650 9817 9708 5 34738 34739 153072 152983 147624
40651 10080 9847 6 34740 34737 153052 152813 152812 152902
40652 10080 9817 6 34737 34739 153070 153065 152171 152168
40653 10794 10923 8 34741 34742 156557 35419 35420 143716 41608 41583
40654 11045 10923 5 34742 34743 156088 156418 156472
40655 10451 10590 7 34744 34745 145597 156521 147552 147553 147590
40656 10320 10590 4 34745 34746 35338 145598
40657 10483 10523 6 34747 34748 35105 35108 147612 156609
40658 10712 10523 3 34750 34747 147382
40659 10712 10483 8 34747 34749 147687 156592 156602 156605 156619 156608
40660 10771 10523 7 34748 34750 35334 35336 156232 147779 143854
40661 10466 10567 5 34751 34752 144904 147653 147654
40662 10466 10540 5 34752 34753 156606 147681 144905
40663 10699 10466 4 34751 34753 145683 145685
40664 10346 10259 4 34754 34755 146780 35129
40665 10208 10292 5 34756 34757 147282 110525 110526
40666 10208 10259 3 34757 34754 35130
40667 9580 9631 6 34758 34759 156775 156776 157651 157650
40668 9763 9702 5 34760 34761 153635 147368 35115
40669 9763 9580 4 34758 34760 35114 38465
40670 9702 9631 6 34759 34761 153179 153178 157345 157094
40671 9211 9217 5 34762 34763 157059 157071 157058
40672 9211 9296 4 34763 34764 156565 156563
40673 9253 9211 7 34762 34764 38514 38511 157174 157049 157048
40674 9296 9217 6 34763 34765 39463 39465 153241 156895
40675 10155 10262 4 34766 34767 153943 156513
40676 10663 10262 5 34768 34766 155998 155997 155842
40677 10736 10262 6 34767 34768 154104 154105 156481 153944
40678 5605 4107 7 34769 34770 66947 66889 42895 42894 155400
40679 5605 5819 5 34770 34771 42852 42851 66948
40680 3910 5605 4 34769 34771 42857 155415
40681 8400 8627 6 34772 34773 40112 40116 41969 41591
40682 8520 8025 4 34774 34775 40093 38644
40683 8520 8627 8 34775 34772 41359 41358 45129 45114 40097 40092
40684 8025 8627 4 34773 34775 40091 40090
40685 8452 8167 9 34776 34777 37920 37911 37909 37910 38402 37682 37683
40686 8452 8267 6 34777 34778 37906 37946 37918 37916
40687 8305 8452 5 34776 34778 37663 37254 37255
40688 11375 11447 9 34780 34781 142426 142427 142994 155768 155767 156427 156425
40689 11320 11447 4 34782 34780 156113 144274
40690 11194 11447 6 34781 34782 144275 144283 144276 144278
40691 7016 8198 4 34783 34784 42430 42231
40692 8198 7748 5 34783 34785 42447 42434 42232
40693 9133 9046 5 34786 34787 157168 157062 156819
40694 9339 9046 4 34787 34788 145375 145374
40695 9416 9510 4 34789 34790 153523 153612
40696 9416 9520 7 34790 34791 38476 38474 45053 34946 34947
40697 9456 9520 4 34791 34792 156966 156967
40698 9456 9510 6 34792 34789 153614 38048 38049 157664
40699 9456 9416 5 34789 34791 157796 157795 153613
40700 9520 9510 4 34790 34792 157659 153524
40701 9264 9253 8 34794 34795 153505 153517 157921 147900 147899 157903
40702 9058 9108 6 34796 34793 39599 37309 37311 44954
40703 9058 9264 4 34793 34795 153504 39598
40704 9253 9108 6 34794 34796 44953 152617 157733 157848
40705 9830 9652 3 34797 34798 153539
40706 9720 9652 6 34799 34797 153658 153332 153331 153542
40707 9779 9652 6 34798 34799 153031 153030 153537 153540
40708 9346 9046 5 34801 34802 157168 145374 145372
40709 9090 9046 7 34802 34803 38481 38482 45517 45521 157062
40710 9090 9103 5 34803 34800 45627 153243 157247
40711 9090 9346 5 34800 34802 157169 157878 45626
40712 9046 9103 6 34801 34803 157327 157218 157217 157231
40713 10026 10132 4 34804 34805 154654 154652
40714 10818 10993 4 34808 34806 146945 147102
40715 10818 10791 6 34806 34807 147501 147500 147427 146943
40716 10432 10319 6 34809 34810 157004 143596 143598 157078
40717 10453 10498 5 34811 34812 39480 39482 156614
40718 10453 10319 5 34812 34809 157108 157003 157000
40719 10453 10432 7 34809 34811 156081 143746 143745 144733 157107
40720 10498 10319 3 34810 34812 157005
40721 10771 10902 7 34813 34814 147349 147347 155639 147367 144073
40722 10999 10902 7 34814 34815 147207 144033 144031 143978 143979
40723 10902 10963 4 34813 34815 147205 144074
40724 10542 10926 8 34817 34818 156360 153773 153774 147448 144187 144189
40725 10542 10809 8 34818 34816 156343 156930 154875 154876 156270 156359
40726 10542 10822 4 34816 34817 155652 156342
40727 10914 11131 6 34820 34821 34826 147410 144006 144009
40728 11015 10914 3 34819 34821 34827
40729 11215 11264 4 34824 34825 144191 147317
40730 11215 10956 6 34825 34822 155651 147271 143536 143535
40731 11215 11198 5 34822 34824 153978 156079 155650
40732 11264 10956 4 34823 34825 144190 145779
40733 10914 11268 9 34826 34827 155645 152855 152856 156222 156216 147372 147375
40734 11131 11268 3 34828 34826 156251
40735 11015 11268 6 34827 34828 156281 156326 156318 156317
40736 8808 8660 6 34833 34834 39327 39548 39547 38299
40737 8808 8790 3 34831 34833 38298
40738 8660 9088 6 34832 34834 39326 39684 39685 40019
40739 8519 8344 5 34835 34836 38458 38459 45047
40740 8660 8555 4 34837 34838 39600 39548
40741 8660 8519 5 34835 34837 39547 45481 45046
40742 8025 8660 4 34840 34841 39882 40111
40743 8025 8790 4 34839 34840 40109 40090
40744 6731 6901 5 34843 34844 43943 52951 52878
40745 6871 6901 5 34844 34845 36347 36349 43944
40746 6871 6701 6 34845 34842 39866 52863 55189 53678
40747 6871 6731 6 34842 34844 42222 42224 43585 39865
40748 6901 6701 7 34843 34845 53677 55165 55148 55079 52879
40749 9883 10050 5 34848 34849 154109 46009 46010
40750 9883 9549 4 34849 34850 154103 154110
40751 9882 10050 4 34851 34848 154041 154042
40752 9882 9883 7 34848 34850 150954 150956 154007 154326 154132
40753 9549 10050 6 34849 34851 132940 132939 153689 153688
40754 8508 7718 9 34852 34853 44870 42564 42562 44586 44587 40992 40990
40755 7545 8508 4 34852 34854 41905 43177
40756 7346 7470 7 34855 34856 43175 52929 36144 36145 52731
40757 7654 6851 4 34858 34859 41971 41972
40758 7654 7601 6 34859 34857 44690 44024 44023 44005
40759 8432 8450 5 34863 34860 45999 46013 44722
40760 8736 8450 5 34861 34863 44721 44466 44465
40761 5176 4452 4 34864 34865 43752 43751
40762 4430 4714 4 34866 34867 66977 67012
40763 4430 4452 7 34867 34864 66287 66288 67253 67254 66976
40764 4430 5176 7 34864 34866 67281 58187 49673 49675 65084
40765 10736 10123 7 34869 34870 34892 156652 156671 156674 146863
40766 10736 9845 5 34870 34868 156481 156012 34890
40767 10736 9982 4 34868 34869 146862 153944
40768 9463 9366 6 34871 34872 34920 157707 157708 37130
40769 9463 9544 6 34872 34873 98692 157700 38498 34921
40770 9580 9544 7 34873 34874 156670 45043 45042 157095 98694
40771 9580 9463 7 34871 34873 98693 37293 37294 38050 37131
40772 9544 9366 7 34872 34874 156669 153313 153312 156393 34922
40773 8973 8881 4 34875 34876 39317 156853
40774 8973 8851 6 34876 34877 39538 39322 39320 39318
40775 8991 8851 4 34877 34878 39276 39275
40776 8991 8881 6 34878 34875 156855 156990 39271 39273
40777 8991 8973 6 34875 34877 39540 39542 157044 156854
40778 8851 8881 8 34876 34878 39451 39458 39456 39427 34996 34993
40779 9602 9499 11 34879 34880 103248 103255 35036 35033 52531 103247 98714 98712 102992
40780 8517 9242 3 34881 34882 155846
40781 8652 8877 7 38649 38442 34883 34884 35153 38307 -1
40782 8877 8965 5 34883 34885 38662 38661 38443
40783 9125 9929 3 34886 34887 155733
40784 10736 9929 5 34892 34890 156013 156690 156651
40785 10123 9929 6 34891 34892 42114 42113 155891 156686
40786 9954 9844 3 34895 34893 158663
40787 9954 9834 6 34893 34894 157460 157459 103358 103357
40788 9362 9218 4 34896 34897 156908 156958
40789 9362 9547 5 34897 34898 35041 156950 156909
40790 8557 8679 7 34899 34900 36212 38804 38803 39330 38687
40791 8557 8435 9 34900 34901 35008 40155 40204 40216 40246 39214 36213
40792 8058 8557 4 34899 34901 35007 38688
40793 9594 9968 6 34903 34904 157190 157436 156551 156549
40794 9790 9968 6 34904 34905 34919 157437 147805 147806
40795 9790 9580 8 34905 34902 45045 45042 38570 38567 158429 34918
40796 9790 9594 3 34902 34904 156560
40797 8586 8619 4 34908 34906 37577 37356
40798 8494 8619 6 34907 34908 37357 37559 37557 35032
40799 8372 8387 5 34909 34910 34913 35628 35627
40800 8387 8652 8 38609 38608 34909 34911 35674 35675 38307 -1
40801 8276 8372 3 34912 34913 38142
40802 8543 8729 6 34914 34915 46966 46967 45612 45610
40803 8543 8734 4 34915 34916 46937 46965
40804 8738 8729 6 34917 34914 46154 46684 46990 152601
40805 8738 8543 5 34914 34916 46152 46151 46153
40806 9790 9939 4 34919 34918 158566 157442
40807 9463 9406 5 34920 34921 35330 35331 157778
40808 9366 9406 3 34922 34920 157637
40809 9524 9645 6 34923 34924 157844 158007 157787 157151
40810 9524 9501 5 34924 34925 157895 157697 157698
40811 9585 9501 7 34925 34926 157963 157853 45632 38376 38375
40812 9585 9524 4 34923 34925 46167 46169
40813 9501 9645 4 34924 34926 157984 157845
40814 11161 11054 7 34927 34928 110440 110441 145504 144244 144247
40815 11161 11163 5 34928 34929 145428 145515 142909
40816 10988 11163 5 34929 34930 145270 145222 145223
40817 10988 11161 5 34927 34929 145302 144594 144596
40818 11163 11054 6 34928 34930 145268 145267 145231 142910
40819 10321 10268 5 34931 34932 157468 157001 157002
40820 10321 10279 7 34932 34933 146755 156723 156724 156743 157205
40821 10372 10321 4 34931 34933 39479 39481
40822 10279 10268 3 34932 34934 157052
40823 9788 9859 7 34936 34937 157458 35192 35193 152567 152568
40824 9720 9859 7 34937 34938 156972 156514 153552 153551 153577
40825 9720 9788 3 34935 34937 157456
40826 9859 9737 3 34936 34938 156970
40827 9560 9665 5 34939 34940 156871 156751 35171
40828 9491 9665 8 34940 34941 41638 44923 40854 40856 39466 39467
40829 10405 10190 6 34942 34943 111797 103013 103014 103029
40830 10282 10190 5 34944 34942 103030 110737 110736
40831 10507 10190 7 103036 103037 34943 34944 112426 112427 -1
40832 9416 9585 4 34945 34946 45054 104066
40833 9570 9520 6 34947 34948 152566 152569 157658 153524
40834 9570 9585 5 34948 34945 104068 153247 153250
40835 9570 9416 6 34945 34947 153523 157177 157178 104067
40836 10432 10611 4 34949 34950 143745 144734
40837 10432 10705 6 34950 34951 156482 156553 156082 143746
40838 10568 10611 4 34952 34949 158825 143930
40839 10568 10432 9 34949 34951 156483 158770 38875 38876 147714 147716 158891
40840 10788 10906 5 34954 34955 112390 147451 145655
40841 9774 9386 5 34957 34958 103460 103461 104419
40842 9774 9824 7 34958 34956 104319 104540 110550 103496 103495
40843 9774 9748 4 34956 34957 104344 104318
40844 10336 10499 6 34960 34961 148059 148097 148054 147742
40845 10370 10499 4 34961 34962 148164 148060
40846 10370 10332 5 34962 34959 147279 147278 147618
40847 10370 10336 5 34959 34961 148010 147893 147895
40848 10499 10332 5 34960 34962 148163 148358 147743
40849 9421 9611 4 34963 34964 157278 157281
40850 9421 9518 8 34964 34965 157591 156861 156864 157663 157662 157692
40851 9607 9518 5 34965 34966 145628 157511 157510
40852 9607 9611 5 34966 34963 157526 158588 145627
40853 9440 9484 8 34968 34969 153285 153287 153301 152710 49211 49212
40854 9440 9624 5 34969 34967 151865 152083 153265
40855 9440 9557 5 34967 34968 152484 49195 49196
40856 9123 9280 7 34970 34971 153154 153152 158104 157564 157567
40857 9289 9280 4 34973 34970 157967 45501
40858 9289 9123 6 34970 34972 157859 158004 158200 158093
40859 9082 9280 5 34971 34973 38357 38265 38267
40860 9358 9372 6 34974 34975 102964 102840 102839 37157
40861 9358 9369 5 34975 34976 103136 103207 102965
40862 9104 9358 4 34974 34976 103135 37158
40863 10243 10164 6 34977 34978 110546 110414 110297 110298
40864 9786 9729 8 34979 34980 158425 158430 158493 158550 158162 158163
40865 9367 9786 3 34979 34981 157587
40866 10322 10390 6 34982 34983 35354 35352 99393 110429
40867 10322 10222 8 34983 34984 103370 158635 158636 102984 102985 103306
40868 10435 10222 6 34984 34985 35121 35120 158768 103372
40869 10435 10390 9 34985 34982 111763 111762 112311 112400 112395 112393 112392
40870 10435 10322 4 34982 34984 103371 112197
40871 10222 10390 3 34983 34985 103307
40872 10075 10486 5 34986 34987 156526 156524 40026
40873 10075 10231 5 34987 34988 156758 156759 156860
40874 9886 10075 6 34986 34988 40269 40268 156746 40025
40875 8979 8952 9 34989 34990 40127 40129 156807 40218 39168 39170 40376
40876 8979 8884 3 34990 34991 154600
40877 8754 8952 5 34992 34989 40357 40124 40123
40878 8754 8979 9 34989 34991 155903 157046 40226 39160 39159 39906 40377
40879 8884 8952 6 34990 34992 39898 39897 40152 147330
40880 8886 8592 5 34994 34995 39620 40266 39328
40881 8851 8886 5 34993 34995 39619 39571 39318
40882 8517 8022 9 34997 34998 40348 41979 41001 40143 40144 40326 40327
40883 8517 8489 6 34998 34999 40378 40356 40353 40349
40884 8794 8489 6 34999 35000 40235 40185 39878 39876
40885 8794 8022 6 35000 34997 40311 40310 40345 40342
40886 8489 8022 4 34998 35000 40339 40341
40887 9560 9769 6 35001 35002 156991 157015 153478 39174
40888 9877 9769 6 35004 35001 39176 156944 156943 156955
40889 9877 9560 4 35001 35003 156751 39175
40890 9546 9769 6 35002 35004 156952 156954 157182 156992
40891 8194 8435 3 35008 35009 40156
40892 8194 8557 7 35007 35008 40154 40209 39345 39167 39165
40893 8607 8751 8 35010 35011 39153 39154 39401 39489 39496 38616
40894 8491 8751 4 35011 35012 39248 39250
40895 8751 8511 4 35010 35012 39268 38617
40896 9016 8856 5 35013 35014 36519 39300 39500
40897 8897 8856 5 35014 35015 38795 38794 36521
40898 8557 8795 7 35016 35017 40245 40172 39402 39331 38803
40899 8557 9084 5 35017 35018 39213 39214 40244
40900 8870 8557 4 35016 35018 39152 38804
40901 9084 8795 4 35017 35019 37052 39431
40902 8945 8511 5 35023 35020 38617 39267 35967
40903 8945 8607 4 35020 35022 39497 38616
40904 9928 9863 4 35024 35025 39205 155953
40905 10155 10146 5 35026 35027 156672 156736 156737
40906 10155 9863 5 35027 35024 155955 38631 38633
40907 10155 9928 6 35024 35026 38768 38765 155487 155954
40908 10146 9863 4 35025 35027 143315 39206
40909 9144 8903 7 35028 35029 152531 152095 45614 45615 152661
40910 9144 9095 6 35029 35030 152578 152596 152608 152532
40911 8928 9144 3 35028 35030 152577
40912 9514 9499 4 35033 35034 103115 52530
40913 9514 9358 6 35034 35035 102817 102840 36934 36937
40914 9602 9358 3 35035 35036 102818
40915 9358 9499 7 35034 35036 103256 103207 103205 103413 103268
40916 9986 10115 4 35037 35038 153014 147891
40917 9986 9933 4 35038 35039 153194 153013
40918 10082 9933 6 35039 35040 147988 147937 147936 153197
40919 10082 9986 7 35037 35039 153198 104032 104031 158600 147890
40920 9933 10115 5 35038 35040 147677 147676 153015
40921 9547 9471 6 35042 35041 156965 156917 156916 156994
40922 9188 8994 6 35043 35044 153208 153210 153323 153320
40923 8994 9183 5 35043 35045 152195 152700 153226
40924 9442 9440 6 35046 35047 46174 46172 49196 151865
40925 9442 9301 5 35047 35048 153135 151818 151816
40926 9529 9440 4 35049 35046 152083 153266
40927 9301 9440 7 35047 35049 153286 153287 153300 152688 151872
40928 9535 9662 7 35050 35051 152442 152872 152757 146867 146866
40929 8424 8191 4 35053 35054 39200 38177
40930 8424 8266 6 35054 35055 38722 35756 35757 38736
40931 8134 8424 6 35053 35055 36263 36262 38646 38176
40932 8266 8191 5 35054 35056 38839 36154 36155
40933 9518 9265 4 35059 35060 157540 157585
40934 9316 9540 3 35061 35062 157423
40935 9316 9265 7 35062 35059 157413 157414 157506 157110 157109
40936 9316 9518 7 35059 35061 157422 157553 157656 156864 156863
40937 9345 9016 3 35063 35064 157137
40938 9029 9339 4 35065 35066 157216 157189
40939 9029 9345 4 35063 35065 157188 157138
40940 9339 9016 6 35064 35066 157238 153464 153463 157295
40941 8282 8186 3 35068 35069 37756
40942 8077 8252 4 35070 35067 46730 51372
40943 8510 8506 7 35071 35072 36232 38345 38596 36238 36236
40944 8506 8542 5 35071 35073 35298 38491 37493
40945 8543 8377 6 35074 35075 45576 38350 38353 46962
40946 8186 8543 4 35074 35076 46813 46964
40947 8545 8377 3 35075 35077 46820
40948 8664 8692 6 35078 35079 38215 38254 38187 36588
40949 8664 8678 6 35079 35080 36247 38178 38096 38095
40950 8452 8692 4 35081 35078 36589 37290
40951 8678 8692 8 35079 35081 37888 38109 38159 38158 38252 38216
40952 9798 9734 4 35083 35084 157764 157803
40953 9798 9801 7 35084 35082 153456 153453 157817 157822 157763
40954 9798 9645 4 35082 35083 46914 46915
40955 9528 9490 8 35085 35086 35356 153417 153293 152301 152302 152696
40956 9528 9684 3 35086 35087 35357
40957 9692 9490 5 35088 35085 152139 152102 152101
40958 9692 9528 6 35085 35087 152878 109482 109483 152697
40959 9684 9490 5 35086 35088 153224 153431 35358
40960 8956 9255 6 35091 35089 38004 157590 157605 157607
40961 8965 9255 3 35090 35091 157418
40962 8846 8723 4 35092 35093 45536 39569
40963 9687 9912 5 35094 35095 103378 102775 102773
40964 9946 9912 6 35095 35096 103490 108215 106975 103379
40965 9280 9187 5 35097 35098 45501 38357 38358
40966 9280 9357 7 35098 35099 152088 152087 157566 157567 157967
40967 9410 9357 9 35099 35100 157888 157781 157779 157596 38028 38030 157624
40968 9410 9187 5 35100 35097 157774 157689 157688
40969 9410 9280 5 35097 35099 158090 153123 153125
40970 9357 9187 4 35098 35100 157900 157901
40971 9320 9234 8 35102 35103 152189 153138 153141 153278 153147 152004
40972 9529 9448 6 35104 35101 153284 153066 153068 153236
40973 9529 9320 4 35101 35103 152190 153283
40974 9234 9448 6 35102 35104 153237 157840 157691 152005
40975 10523 10268 4 35107 35108 147613 147693
40976 10523 10453 5 35105 35107 147692 147777 143854
40977 10268 10483 7 35106 35108 147611 147795 147642 147641 147790
40978 10074 10543 4 35112 35113 149978 149979
40979 10543 10042 4 35111 35113 150806 150682
40980 9570 9597 9 35116 35117 157735 157831 157467 153251 153247 153248 157716
40981 9570 9609 3 35117 35118 157126
40982 9463 9609 6 35118 35119 157083 157709 98692 98693
40983 9463 9597 4 35119 35116 157717 157082
40984 9463 9570 6 35116 35118 37293 37292 156919 156921
40985 10249 10435 6 35123 35120 158902 112314 112298 103614
40986 10249 10222 3 35120 35122 158901
40987 10130 10435 5 35121 35123 103615 112316 112392
40988 9786 10175 4 35124 35125 157626 157629
40989 10018 9807 4 35126 35127 110678 158405
40990 10018 10175 5 35127 35124 112285 112286 110676
40991 9807 10175 5 35125 35127 110677 158382 158731
40992 10208 10157 8 35130 35128 131851 131849 147574 158134 157435 147282
40993 11320 11077 7 35133 35131 144154 144151 144323 144321 145511
40994 11194 11077 4 35132 35133 145510 156266
40995 10157 9939 5 35136 35134 147574 147912 147913
40996 10157 10053 7 35134 35135 147389 35162 35137 35139 131849
40997 10053 10207 3 35137 35138 35160
40998 9453 9518 3 35140 35141 157422
40999 8708 9025 5 35143 35144 37890 38021 38022
41000 8708 8817 5 35144 35145 38102 35663 35662
41001 8799 8817 6 35145 35146 37540 37541 36458 36456
41002 8799 9025 8 35146 35143 37693 37694 38053 157752 35213 35212
41003 8799 8708 6 35143 35145 38101 37828 37827 38088
41004 8817 9025 3 35144 35146 37883
41005 9199 9154 7 35147 35148 103107 37607 37608 103981 103274
41006 8922 9154 3 35149 35147 103275
41007 8807 9154 6 35148 35149 152111 157973 158256 103108
41008 10655 10667 8 35150 35151 144695 144693 147189 148222 148225 148156
41009 10655 10602 4 35151 35152 147203 146082
41010 10461 10655 4 35150 35152 147066 147068
41011 10447 10556 7 35157 35158 148035 147991 147186 147052 147053
41012 10556 10528 3 35157 35159 147942
41013 9288 9533 5 35165 35166 103822 103821 98686
41014 9288 9436 7 35166 35163 103374 103882 98102 98100 103841
41015 9288 9555 4 35163 35165 98685 103373
41016 9533 9436 6 35164 35166 98709 98708 158269 103377
41017 9139 8910 8 35167 35168 153940 153857 153858 154222 153983 152732
41018 9560 10004 4 35170 35171 39175 39174
41019 9665 10004 4 35171 35172 146854 146855
41020 10004 9575 6 35170 35172 123785 123783 155617 153479
41021 9433 9145 6 35175 35173 44994 46020 152482 152667
41022 9408 9145 5 35174 35175 152668 154275 44801
41023 9897 10035 3 35176 35177 151783
41024 9967 10035 6 35177 35178 104609 104611 151629 158116
41025 10035 9706 8 35176 35178 151920 151921 152256 152222 152221 151784
41026 8860 8590 8 35180 35179 45445 45644 45775 45574 45052 38451
41027 9164 9298 7 35181 35182 103311 103421 103422 98658 98661
41028 9509 9295 6 35183 35184 103428 98701 98700 103418
41029 9509 9298 8 35184 35181 157521 157759 158194 153189 36921 36923
41030 9509 9164 4 35181 35183 103417 147959
41031 8696 8787 4 35185 35186 37905 36677
41032 8696 8753 7 35186 35187 36596 37168 37781 37779 37780
41033 8512 8696 4 35185 35187 36595 36676
41034 9788 9801 6 35191 35192 157457 153453 153454 157793
41035 9802 9859 5 35193 35194 154674 154673 153468
41036 9802 9801 7 35194 35191 157892 157762 157763 153143 153144
41037 9802 9788 5 35191 35193 153467 157466 157890
41038 9859 9801 5 35192 35194 157818 44974 44975
41039 9986 9888 5 35196 35197 45464 45463 153162
41040 9986 9731 5 35197 35195 152228 157924 153277
41041 9986 9785 8 35195 35196 153161 153192 153194 153198 157790 152227
41042 10526 10695 5 35198 35199 148048 148049 145390
41043 10834 10657 6 35200 35201 103571 145343 148787 36573
41044 10834 10695 6 35201 35198 144978 144976 145310 103569
41045 10834 10526 5 35198 35200 36572 147455 145391
41046 10657 10695 3 35199 35201 103570
41047 261 100 5 35204 35202 143760 144498 144455
41048 261 346 6 35202 35203 143433 143160 132878 132877
41049 10713 10615 7 35205 35206 143973 147734 147736 157476 157477
41050 10713 10671 3 35206 35207 143974
41051 10829 10671 7 35207 35208 143902 143903 145199 144118 143975
41052 10829 10615 3 35208 35205 157758
41053 10671 10615 7 35206 35208 157802 147435 145345 143859 143861
41054 10262 9247 5 35209 35210 155586 155906 156011
41055 10670 9247 6 35211 35209 155293 155292 155784 58694
41056 8951 8799 3 35214 35212 37540
41057 9027 8799 6 35213 35214 37541 37560 37792 157753
41058 8999 9048 6 35215 35217 103423 103419 98266 88765
41059 8510 8678 4 35218 35219 38595 37185
41060 8510 8452 4 35219 35220 35222 35221
41061 8378 8510 11 35218 35220 37332 38583 38123 37886 36632 35970 35969 36215 36214
41062 8452 8446 6 35222 35223 37945 37906 37663 37333
41063 8452 8708 5 35223 35221 38134 37900 37899
41064 9113 9103 5 35224 35225 157994 39217 38220
41065 9113 9082 3 35225 35226 147609
41066 8989 9103 6 35227 35224 38222 157186 157327 157247
41067 8989 9113 7 35224 35226 147608 157623 157454 157453 38221
41068 10644 10664 8 35228 35229 157212 158755 148515 148513 158633 145566
41069 10853 10664 6 35229 35230 145671 143899 125867 125866
41070 10664 10894 3 35228 35230 145567
41071 10153 10384 4 35231 35232 157055 157053
41072 10153 10374 6 35232 35233 147674 147672 158169 157666
41073 10485 10374 5 35233 35234 147829 158423 158232
41074 10485 10153 4 35231 35233 157742 157741
41075 10374 10384 5 35232 35234 147826 147810 147807
41076 10360 10476 7 35235 35236 158634 158502 158215 158216 158561
41077 10360 10322 3 35236 35237 158635
41078 10505 10322 5 35237 35238 112196 103371 103370
41079 10505 10476 5 35238 35235 103582 103581 158897
41080 10505 10360 8 35235 35237 158767 158769 158903 145291 145290 158562
41081 10322 10476 6 35236 35238 158898 103232 103234 158636
41082 9137 9074 7 35239 35240 149904 150887 150888 152522 152385
41083 9074 8629 4 35239 35241 46199 48068
41084 9612 9750 5 35243 35244 104982 97135 48011
41085 9689 9750 5 35244 35245 48015 48014 104983
41086 9689 9593 4 35245 35242 47950 151373
41087 9750 9593 8 35243 35245 106081 105571 105570 105574 105786 48012
41088 9464 9241 5 35246 35247 153370 153268 153269
41089 9464 9484 6 35247 35248 153285 153349 153351 153390
41090 9301 9484 3 35248 35249 153287
41091 9484 9241 5 35247 35249 153301 153303 153384
41092 9405 9738 4 35251 35252 103748 151974
41093 9852 9706 6 35253 35254 148522 147950 147951 152141
41094 9640 9852 6 35253 35255 152242 149916 49161 49163
41095 9669 9706 4 35254 35256 158121 148523
41096 9758 9683 10 35257 35258 40002 153050 153409 153457 152283 152286 153396 148316
41097 9758 9668 6 35258 35259 157961 47029 47030 40003
41098 9536 9668 7 35259 35260 153383 153381 153231 37937 37936
41099 9536 9683 9 35260 35257 148318 153641 153113 153115 153554 153553 153472
41100 9536 9758 4 35257 35259 157960 148317
41101 9668 9683 3 35258 35260 40004
41102 9192 9279 4 35262 35263 103918 103921
41103 9323 9279 6 35263 35264 97984 103341 104828 104144
41104 9323 9270 6 35264 35261 104035 37409 37410 97983
41105 9323 9192 5 35261 35263 97904 47235 47234
41106 9279 9270 4 35262 35264 97478 97479
41107 8969 9041 6 35265 35266 152028 46935 37765 37766
41108 8969 9076 4 35266 35267 46120 152079
41109 8933 9076 4 35267 35268 47010 46121
41110 8933 9041 7 35268 35265 47033 37733 37735 152050 47055
41111 9076 9041 5 35266 35268 47054 152065 152078
41112 9182 9320 3 35270 35271 153147
41113 9182 9148 7 35271 35272 152135 157993 158017 157983 157982
41114 9344 9148 4 35272 35273 36981 36980
41115 9344 9182 6 35270 35272 152133 152134 157690 153148
41116 9148 9320 4 35271 35273 152137 153278
41117 9583 9528 6 35274 35275 153256 109483 109481 153378
41118 9583 9567 5 35275 35276 153073 152780 152781
41119 9505 9567 9 35276 35277 152303 147982 147981 153357 46848 46847 153360
41120 9505 9528 4 35277 35274 153294 152301
41121 9505 9583 4 35274 35276 153380 153379
41122 9567 9528 4 35275 35277 152302 153329
41123 9168 9107 10 35279 35280 38069 153515 152718 45428 45429 153107 153108 46919
41124 9239 9490 8 35281 35278 39567 153386 153372 153371 153392 153377
41125 9239 9168 3 35278 35280 38070
41126 9107 9490 3 35279 35281 46920
41127 8572 8617 7 35282 35283 35286 37499 37166 37167 37861
41128 8572 8371 8 35283 35284 36624 36637 37952 36662 36661 35287
41129 8536 8617 9 35285 35282 37684 37686 37885 36783 36785 37943 37950
41130 8536 8572 6 35282 35284 36623 36567 36569 37904
41131 8371 8617 6 35283 35285 37948 37947 37745 35288
41132 8572 8621 5 35286 35287 36856 37688 37687
41133 8371 8621 5 35287 35288 37746 37558 36857
41134 8621 8617 5 35286 35288 37744 37898 37897
41135 7260 7166 6 35290 35291 86451 86426 86427 86892
41136 7260 7320 5 35291 35289 86211 86450 86582
41137 7805 8032 6 35295 35297 37079 37076 37075 36925
41138 8554 8542 7 35298 35299 37087 36786 36784 37941 38490
41139 8506 8554 5 35298 35300 36049 36832 36833
41140 10130 9991 4 35302 35303 103475 103362
41141 8554 8704 5 35305 35306 36566 98648 37184
41142 8704 8817 5 35304 35306 36565 37884 37354
41143 8271 8237 5 35308 35309 36688 52445 37366
41144 8271 8391 4 35309 35307 35705 35704
41145 8271 8512 7 35307 35308 35510 35509 37537 47114 37411
41146 10375 10384 5 35312 35313 148044 148045 147225
41147 10375 10366 6 35310 35312 147223 147437 146801 146803
41148 10384 10238 8 35311 35313 148047 147808 147807 157055 157056 148553
41149 9094 9245 3 35316 35317 98699
41150 9048 9087 3 35318 35315 36602
41151 9245 9087 6 35316 35318 37241 37238 103142 98722
41152 9077 8873 5 35322 35319 158237 158228 98672
41153 9077 9094 5 35319 35321 103364 37461 37462
41154 8941 8873 7 35320 35322 37363 37365 98670 98705 98707
41155 10038 10134 8 35324 35325 157147 157145 125496 125495 158384 158582
41156 10208 10134 6 35325 35326 147381 156928 147473 147475
41157 10208 9994 5 35326 35323 158133 158134 147380
41158 10208 10038 4 35323 35325 157285 158637
41159 10134 9994 3 35324 35326 147379
41160 9463 9443 9 35329 35330 38498 157699 157083 157082 157782 157783 157444
41161 9258 9406 5 35331 35332 157274 37314 37316
41162 9258 9443 3 35332 35329 157273
41163 9258 9463 7 35329 35331 157706 157708 157711 157885 157445
41164 10569 10523 5 35333 35334 147382 156609 156092
41165 10569 10771 3 35334 35335 145698
41166 10741 10771 6 35335 35336 156386 147367 147366 145700
41167 10741 10523 7 35336 35333 156015 156017 156303 156347 156346
41168 10741 10569 6 35333 35335 145699 143965 143964 156093
41169 10365 10320 6 35337 35338 147548 147250 147249 147945
41170 9942 9872 3 35342 35343 104259
41171 10049 9942 4 35341 35343 104332 104334
41172 9094 9288 5 35344 35345 98720 98102 98101
41173 9181 9087 7 35346 35347 103316 98593 98594 103111 103120
41174 9181 9094 5 35344 35346 103119 103266 104002
41175 9087 9288 5 35345 35347 103208 103209 98721
41176 8905 8873 6 35351 35348 98707 98706 98688 98684
41177 8778 8873 4 35349 35351 37193 37192
41178 10322 10282 5 35352 35353 110738 110736 99394
41179 10322 10130 4 35353 35354 103306 112428
41180 10390 10130 5 35354 35355 112394 112392 103307
41181 10130 10282 4 35353 35355 112401 112402
41182 9528 9623 6 35356 35357 152878 153131 153420 153416
41183 9623 9490 3 35356 35358 153418
41184 7508 7389 6 35359 35360 35743 35744 36448 35763
41185 7903 7949 6 35361 35362 53527 53537 53538 53534
41186 7903 7738 7 35362 35363 53572 40943 40562 40563 53526
41187 7851 7738 4 35363 35364 45021 53308
41188 7851 7949 6 35364 35361 53411 53410 40535 40532
41189 11492 11432 4 35365 35366 148729 148996
41190 11492 11553 6 35366 35367 130447 149066 147365 147363
41191 11633 11553 4 35367 35368 123735 130449
41192 11633 11492 9 35365 35367 130448 149110 149109 149126 149123 149108 148997
41193 11553 11432 7 35366 35368 123734 144859 144856 149161 148730
41194 10496 10444 7 35369 35370 144736 158751 145248 145249 145361
41195 10496 10644 5 35370 35371 158752 158755 144737
41196 10584 10496 5 35369 35371 145507 145506 145362
41197 10730 10771 4 35374 35372 147688 156383
41198 10730 10483 6 35372 35373 147696 145682 145684 147687
41199 10453 10705 4 35375 35376 143747 143746
41200 10720 10453 7 35375 35377 147778 147777 147791 156614 156081
41201 9146 9306 5 35380 35381 158190 152041 152039
41202 9476 9409 5 35382 35379 157588 148011 148013
41203 9476 9146 7 35379 35381 157610 38556 37964 37963 158285
41204 9306 9409 8 35380 35382 157241 158203 158205 157934 157245 157244
41205 9721 9912 6 35383 35384 103624 102776 102775 103640
41206 10010 9912 5 35385 35383 103451 103453 103534
41207 9973 9912 4 35384 35385 103038 103040
41208 10396 10373 4 35387 35388 99388 99387
41209 10396 10387 4 35388 35386 112283 112333
41210 10396 10433 7 35386 35387 102899 158832 112287 110739 110740
41211 10526 10233 5 35389 35390 102958 158487 103780
41212 10351 10233 4 35390 35391 103505 102959
41213 11832 42 5 35392 35393 105508 105509 128962
41214 11832 11608 6 35393 35394 105218 148957 148966 148736
41215 11792 11608 5 35394 35395 109595 109594 105220
41216 11792 42 4 35395 35392 123960 114472
41217 11608 42 6 35393 35395 114473 123977 124162 148737
41218 9844 9885 6 35396 35397 156569 157702 157701 158663
41219 9844 9790 6 35397 35398 147658 147656 157686 156570
41220 10038 9790 3 35398 35399 157815
41221 9790 9885 6 35397 35399 158564 158566 158429 156571
41222 10644 10682 3 35401 35402 158212
41223 10666 10682 6 35402 35403 158395 158397 158933 158700
41224 10666 10593 4 35403 35400 145588 145586
41225 10682 10593 6 35401 35403 158699 143901 143355 143354
41226 9784 9951 6 35405 35406 39360 157406 157394 147882
41227 9951 10321 7 35404 35406 39359 41958 156596 156925 147686
41228 10712 10699 7 35407 35408 130493 145571 145572 156592 146716
41229 10712 10906 6 35408 35409 155573 147268 147257 130494
41230 10996 10906 6 35409 35410 147451 147371 147370 155574
41231 10996 10699 6 35410 35407 146717 147355 147426 148180
41232 10996 10712 5 35407 35409 155572 145657 145656
41233 10906 10699 4 35408 35410 145655 130495
41234 10015 9897 3 35411 35412 158498
41235 10015 9706 5 35412 35413 158155 148589 148591
41236 9984 9706 4 35413 35414 151784 158156
41237 9984 10015 10 35411 35413 158070 158069 158380 158379 148588 147459 147458 158494
41238 10575 10404 6 35415 35416 155836 143920 143921 147755
41239 10972 10404 8 35418 35415 156282 156095 155762 155761 155732 155539
41240 10972 10575 3 35415 35417 156593
41241 10948 10404 5 35416 35418 155538 156561 155952
41242 10794 10701 5 35420 35421 143779 143780 143717
41243 10914 10923 5 35422 35419 156474 156473 156494
41244 10914 10794 4 35419 35421 156568 156558
41245 10701 10923 4 35420 35422 156493 143718
41246 7887 8091 4 35423 35424 35485 35488
41247 7708 7536 3 35425 35427 35933
41248 6259 6413 8 35428 35429 86838 87308 87309 71144 71143 87178
41249 6259 6667 4 35429 35430 56040 56041
41250 6570 6259 5 35428 35430 87094 53195 53196
41251 6667 6413 6 35429 35431 87162 87129 87128 86839
41252 7448 7280 6 35432 35433 35836 35837 35853 35850
41253 7440 7491 5 35435 35436 35805 35521 35520
41254 7440 7475 4 35436 35437 55500 35829
41255 7389 7475 5 35437 35438 36151 55509 55501
41256 7389 7491 6 35438 35435 35744 36118 36117 36150
41257 7389 7440 5 35435 35437 53797 35831 35743
41258 7475 7491 4 35436 35438 36149 35830
41259 8048 7609 7 35440 35441 35787 35925 36082 38612 -1
41260 7657 8048 3 35439 35441 35786
41261 7988 7897 3 35447 35448 36120
41262 7988 7841 5 35448 35449 38993 39044 36121
41263 7935 7841 4 35449 35450 38837 38845
41264 7935 7897 8 35450 35447 38678 36171 36170 38825 38831 38835
41265 7841 7897 7 35448 35450 38836 38832 38808 38805 36122
41266 7474 7359 8 35452 35453 45827 40718 40716 52650 53248 46677
41267 7474 7529 6 35453 35451 38117 38119 53274 53266
41268 7474 7286 4 35451 35452 46675 51624
41269 7680 7533 4 35454 35455 38998 39076
41270 7680 7090 3 35458 35457 35797
41271 6866 6642 4 35459 35460 56906 39755
41272 6866 6893 6 35460 35461 54809 54810 41251 41249
41273 6743 6893 5 35461 35462 55049 54728 54727
41274 6743 6642 10 35462 35459 39756 54909 55253 56496 55459 55368 55366 55209
41275 6743 6866 4 35459 35461 56867 39754
41276 6893 6642 4 35460 35462 55208 55207
41277 7278 7112 7 35463 35464 53275 52875 46522 45727 45725
41278 7278 7152 4 35464 35465 53352 53350
41279 7265 7152 5 35465 35466 53226 36328 36326
41280 7265 7112 4 35466 35463 36732 36734
41281 7265 7278 5 35463 35465 53025 53027 55190
41282 7152 7112 5 35464 35466 53412 53394 53369
41283 7944 7756 6 35468 35469 38406 36291 36292 36488
41284 7756 7954 7 35467 35469 36128 36129 36198 36199 38792
41285 7273 7553 3 35471 35472 35776
41286 6997 7370 3 35473 35470 55311
41287 6997 7273 8 35470 35472 36380 40085 56739 53636 53634 55313
41288 8535 8650 4 35474 35475 38382 42666
41289 8614 8434 3 35476 35477 39117
41290 8434 8650 6 35475 35477 45411 45314 45240 38384
41291 7903 8096 5 35478 35479 53453 38972 38973
41292 9014 9046 5 35482 35483 157217 157232 39486
41293 8091 8280 5 35488 35489 36365 38758 38757
41294 8280 7935 7 35487 35489 36064 36063 38860 38680 36171
41295 8292 8457 6 35490 35491 38645 38982 38983 38997
41296 8134 8457 3 35491 35492 38646
41297 8457 8316 9 35490 35492 38723 36506 36505 38015 38185 38371 38373
41298 7533 7882 4 35494 35495 35992 35993
41299 7876 7882 7 35495 35496 35963 35961 38789 38866 38809
41300 7876 7839 6 35496 35493 39051 38885 38884 38894
41301 7882 7839 5 35494 35496 38895 39124 39047
41302 6837 7200 7 35497 35498 86508 56432 56430 86444 86463
41303 6837 7250 4 35498 35499 87109 86999
41304 7172 7250 5 35499 35500 86991 86911 86910
41305 7172 7200 3 35500 35497 86993
41306 7250 7200 9 35498 35500 86607 86606 37211 37210 86968 86998 87000
41307 7425 7347 6 35501 35502 53398 53397 86414 35695
41308 7425 7438 5 35502 35503 86485 86969 86840
41309 7566 7347 7 35504 35501 35696 55352 86690 86691 86617
41310 7304 7320 6 35505 35506 86515 86909 56344 56343
41311 7304 6958 4 35506 35507 87455 86516
41312 7044 6958 9 35507 35508 86452 86453 86455 87691 86065 86066 87426
41313 7044 7320 6 35508 35505 56330 56331 86583 86582
41314 7044 7304 5 35505 35507 87624 87079 56401
41315 6958 7320 4 35506 35508 86450 86449
41316 8512 8217 5 35510 35511 36633 36636 37231
41317 8371 8271 4 35512 35509 37539 37556
41318 8371 8512 4 35509 35511 36637 37538
41319 8217 8271 8 35510 35512 37716 37440 36726 36725 52446 37366
41320 7262 7712 3 35513 35514 35517
41321 7765 7475 4 35515 35516 52749 51662
41322 7765 7262 6 35513 35515 35731 35730 55341 35518
41323 7389 7765 4 35518 35519 36117 36116
41324 7389 7712 4 35519 35517 36151 36150
41325 7742 7805 5 35523 35524 35903 35596 35595
41326 8447 8404 3 35528 35529 37218
41327 6772 7172 3 35531 35532 56399
41328 6943 6822 3 35533 35530 56334
41329 7172 6822 6 35531 35533 35838 35840 56426 56400
41330 6405 6637 8 35535 35536 56369 56367 86411 86410 86977 87453
41331 6822 6497 6 35537 35538 87032 56374 55651 55650
41332 6822 6637 5 35538 35535 86489 86445 86443
41333 6822 6405 6 87454 35535 35537 87058 87059 -1
41334 6497 6637 6 35536 35538 87056 87067 87114 86158
41335 6506 6531 5 35539 35540 85995 85998 86204
41336 6695 6431 4 35541 35542 70775 70774
41337 6695 6531 8 35542 35539 85070 85072 85601 100358 87083 85615
41338 6431 6531 6 35540 35542 85614 85689 85688 86265
41339 6092 6131 7 35543 35544 87241 70812 70811 86973 86975
41340 6092 6042 6 35544 35545 70311 56384 56383 87269
41341 5853 6131 6 35546 35543 87040 56339 56341 87052
41342 5853 6092 5 35543 35545 56314 35843 35845
41343 6042 6131 6 35544 35546 87051 87238 72082 72080
41344 6973 7157 4 35550 35551 89599 89600
41345 7230 7157 9 35551 35552 35711 35710 36871 87183 87039 86867 86866
41346 7230 7024 3 35552 35549 36461
41347 7230 6973 4 35549 35551 86092 55499
41348 7157 7024 8 35550 35552 36460 55503 55546 87112 87181 87180
41349 7455 7425 3 35553 35554 98412
41350 7455 7256 6 35554 35555 86694 86697 87142 98478
41351 7500 7256 4 35555 35556 86958 86898
41352 7500 7425 8 35556 35553 98397 37392 37393 86486 86485 86960
41353 7500 7455 7 35553 35555 86897 86955 37071 37073 89744
41354 7789 7677 5 35562 35560 36604 37039 36542
41355 7789 7615 5 35560 35561 86495 86782 36603
41356 6270 5975 5 35563 35564 87158 87631 87192
41357 6270 6186 6 35564 35565 87596 87572 87573 87159
41358 5441 6186 5 35565 35566 87566 70227 70228
41359 5441 6270 7 87068 87069 35563 35565 87628 87630 -1
41360 6186 5975 5 35564 35566 85607 85608 86381
41361 7715 8008 5 35568 35569 99717 99111 98961
41362 7499 7715 6 35567 35569 98160 92921 92112 92113
41363 9114 9243 7 35570 35571 103465 103925 103990 103906 103907
41364 9384 9274 4 35572 35573 98223 103328
41365 9384 9243 4 35573 35570 103073 98222
41366 8307 8488 6 35574 35575 36930 36931 97740 98551
41367 8307 8291 8 35575 35576 98586 86342 86340 87928 98554 98508
41368 8495 8291 4 35576 35577 86511 98600
41369 8495 8488 5 35577 35574 98535 36024 36026
41370 8495 8307 6 35574 35576 98639 98640 86587 86586
41371 8291 8488 5 35575 35577 86510 86600 86749
41372 7880 8197 3 35579 35580 37047
41373 7920 8197 5 35580 35581 36926 36694 36692
41374 7920 8032 3 35581 35578 37082
41375 7184 7324 4 35582 35583 86618 56397
41376 7207 7324 7 35583 35584 86506 55583 55585 86932 86619
41377 7324 7127 4 35582 35584 86198 56398
41378 7528 7690 5 35587 35585 86711 35619 35621
41379 7528 7852 5 35585 35586 35606 86513 86665
41380 8890 8854 5 35588 35589 37284 37282 102844
41381 6033 6078 6 35590 35591 55887 55889 56110 56111
41382 6033 6043 4 35591 35592 35643 55373
41383 5919 6043 6 35592 35593 56107 56106 72350 35644
41384 5919 6078 5 35593 35590 88869 70286 70285
41385 5919 6033 6 35590 35592 35642 55850 87258 87257
41386 6043 6078 5 35591 35593 89189 56197 56196
41387 7742 7405 5 35594 35596 35911 35819 35820
41388 7779 7973 5 35598 35599 36477 36478 53338
41389 7746 7736 5 35600 35597 36714 52215 52989
41390 7746 7779 4 35597 35599 52981 36713
41391 8834 8911 3 35601 35602 37361
41392 8834 8771 7 35602 35603 36531 36532 38627 35658 35661
41393 9040 8771 3 35603 35604 38122
41394 9040 8911 5 35604 35601 38035 38548 38488
41395 9040 8834 8 35601 35603 36615 36616 37359 38574 38483 38034
41396 8771 8911 11 35602 35604 38489 38528 35904 35905 38386 38355 38356 38368 37362
41397 7528 7993 3 35606 35607 86514
41398 7724 8047 4 35608 35609 97815 97762
41399 7724 7870 7 35609 35610 36475 98982 37230 37229 37612
41400 7804 7870 5 35610 35611 86871 86870 36476
41401 7804 8047 5 35611 35608 97763 97851 89798
41402 7804 7724 6 35608 35610 36474 86678 86677 89748
41403 7870 8047 8 35609 35611 89799 87688 87687 47304 47303 98231
41404 7566 7789 6 35612 35613 86782 86781 86779 97091
41405 7737 7789 6 35613 35614 37202 35630 35631 86495
41406 7789 7808 3 35612 35614 37200
41407 5906 6075 3 35616 35617 51799
41408 5906 5978 6 35615 35616 51798 51864 51796 51794
41409 7250 7528 4 35619 35620 86569 86570
41410 7198 7528 7 35620 35621 35835 35832 35673 35671 86992
41411 7198 7250 5 35618 35620 86989 86991 86607
41412 7714 7552 8 35622 35623 86719 86718 88707 35633 35635 37083
41413 7714 7615 4 35623 35624 36603 86783
41414 7677 7714 5 35622 35624 36604 37037 37084
41415 8383 8280 8 38607 35625 35626 38729 38731 38784 38785 -1
41416 8387 8280 6 38647 38143 35628 35625 38609 -1
41417 8387 8383 3 35625 35627 38608
41418 8372 8280 5 35626 35628 38142 38753 38730
41419 7737 7832 5 35629 35630 98395 37121 37123
41420 7844 7832 7 35632 35629 86178 86180 86633 98243 90185
41421 7844 7737 4 35629 35631 86496 86721
41422 7789 7832 3 35630 35632 90184
41423 7712 7714 4 35634 35635 36914 36660
41424 7313 7552 4 35636 35637 35700 52492
41425 6754 6751 5 35639 35640 55218 56333 55863
41426 6843 6751 4 35640 35641 53004 55220
41427 6843 6525 5 35641 35638 86465 55156 53003
41428 6843 6754 5 35638 35640 55219 87116 88755
41429 6751 6525 6 35639 35641 52946 52944 56007 55864
41430 6055 6033 5 35642 35643 55372 56146 55849
41431 5919 6055 5 35642 35644 72349 55823 55822
41432 8377 8352 10 35646 35647 46364 47173 46037 46036 46984 46835 46828 46734
41433 8077 8352 3 35647 35648 46365
41434 8077 8070 7 35648 35645 46696 46636 36990 36987 46695
41435 8352 8070 5 35646 35648 46694 46517 46518
41436 7704 7497 3 35649 35650 90242
41437 7699 7518 4 35651 35652 89827 89828
41438 7699 7497 7 35652 35649 89810 89417 52559 52558 89837
41439 7699 7704 7 35649 35651 90199 98444 89829 89830 89882
41440 7518 7497 9 35650 35652 89836 89646 89643 89880 89874 89616 89618
41441 7244 7096 6 35654 35653 52476 52588 89861 89878
41442 8094 7945 4 35657 35656 37059 52156
41443 8766 8834 6 35658 35659 37956 38165 38615 38626
41444 8766 8981 5 35659 35660 36312 39389 37957
41445 8771 8981 4 35660 35661 37362 36313
41446 8771 8766 6 35658 35660 36254 36252 38464 38619
41447 8981 8834 6 35659 35661 37361 38034 38032 37958
41448 6955 7163 6 35664 35665 85556 87708 87727 87674
41449 7178 7163 4 35665 35666 86019 85557
41450 7163 7168 4 35664 35666 86018 86362
41451 7667 7751 8 35667 35668 46245 46246 52297 52361 52026 52024
41452 7667 8016 8 35668 35669 52357 52038 50930 50929 52374 52013
41453 7977 8016 5 35669 35670 47363 46214 46216
41454 7977 7751 6 35670 35667 52384 52432 52320 52058
41455 7977 7667 5 35667 35669 47323 47320 52383
41456 8016 7751 3 35668 35670 52014
41457 7198 7448 3 35672 35673 35837
41458 7198 7172 8 35671 35672 35841 35840 56428 86993 86991 86990
41459 8387 8549 6 35675 35676 35937 35936 36036 37225
41460 8387 8602 4 35676 35674 38445 38622
41461 7071 7330 5 35677 35678 45726 45724 55330
41462 7067 7330 4 35679 35677 52708 52710
41463 7418 7330 7 35678 35679 53365 53367 53235 53234 52992
41464 8984 8832 8 35680 35681 38573 37891 37892 38120 38100 37508
41465 8984 8888 7 35681 35682 38507 38508 157592 38575 38572
41466 9004 8888 5 35682 35683 37893 38150 38510
41467 8856 8776 6 35686 35687 39221 39220 39236 37153
41468 8856 8511 6 35687 35684 39267 39268 39301 39384
41469 8856 8705 3 35684 35686 37152
41470 8776 8511 4 35685 35687 38764 38762
41471 7925 7954 5 35688 35689 36096 36095 38774
41472 8102 7824 5 35693 35694 52701 36749 36750
41473 7397 7347 4 35696 35695 86479 55353
41474 8188 7920 5 35697 35698 36694 36368 36371
41475 8178 7920 5 35698 35699 37081 37082 36926
41476 6995 6911 6 35701 35702 52898 52762 52761 52897
41477 6817 6911 3 35703 35701 52175
41478 6732 6911 6 35702 35703 52174 55762 55370 52900
41479 8245 8470 6 35706 35707 46881 46880 47373 97800
41480 8245 8271 5 35707 35704 36688 52150 47296
41481 8245 8391 5 35704 35706 97682 97681 36687
41482 8470 8271 5 35705 35707 47295 47115 37411
41483 7272 7281 4 35708 35709 89483 37040
41484 7272 7230 6 35709 35710 36870 86602 86603 89482
41485 7157 7281 6 35711 35708 37042 51749 51748 36460
41486 7157 7272 4 35708 35710 36869 37041
41487 7230 7281 7 35709 35711 36461 55499 86090 86887 86907
41488 8196 8167 4 35713 35714 36808 36053
41489 8102 8167 7 35715 35713 36054 36426 36751 36750 36747
41490 7696 7445 3 35716 35717 36255
41491 7765 7445 4 35717 35718 53361 47386
41492 8313 8305 4 35720 35721 36197 37255
41493 8313 8133 5 35721 35719 36235 36234 36195
41494 8313 8167 4 35719 35720 37683 36414
41495 8196 8104 4 35724 35722 46423 46422
41496 8196 7888 4 35722 35723 36707 36706
41497 7537 7712 4 35725 35727 37099 36428
41498 7552 7491 4 35726 35728 35805 35830
41499 7403 7765 5 35731 35732 47386 47385 51662
41500 7403 7622 4 35732 35729 36179 36181
41501 7403 7262 8 35729 35731 51661 52532 50564 50563 52040 52477
41502 7765 7622 7 35730 35732 53361 45202 45201 45603 53348
41503 7262 7145 6 35733 35734 50564 50565 55044 51594
41504 7300 7145 3 35735 35733 51595
41505 7211 7145 8 35734 35735 55531 52197 51397 51398 51535 52533
41506 7697 7695 5 35736 35737 94257 93431 93305
41507 7702 7414 4 35738 35739 90093 90095
41508 7414 7695 5 35737 35739 90062 90064 94255
41509 6368 6101 7 35740 35741 55485 55637 55469 55470 51969
41510 7767 7657 4 35745 35746 35995 35794
41511 7767 7743 6 35746 35747 35767 35766 36375 36076
41512 7405 7767 5 35745 35747 35897 35911 35795
41513 7895 7901 7 35749 35750 36610 36445 36333 36079 36048
41514 7094 7043 4 35753 35754 88386 86812
41515 7094 7041 8 35754 35752 86786 89713 86882 86881 86884 86883
41516 7094 7007 6 35752 35753 55527 55526 86789 86785
41517 8424 8462 5 35755 35756 37106 37107 39400
41518 8328 8266 5 35757 35758 36228 36226 36227
41519 8328 8462 4 35758 35755 39371 38906
41520 8328 8424 4 35755 35757 38735 39302
41521 8266 8462 6 35756 35758 38907 38167 36090 36092
41522 6564 6252 4 35759 35760 55235 55238
41523 6564 6173 9 35760 35761 56370 56497 56505 56485 56308 56307 56543
41524 6253 6173 5 35761 35762 55937 55491 55492
41525 6173 6252 4 35760 35762 54959 54957
41526 7389 7405 6 35763 35764 52103 52102 53372 36455
41527 7931 7767 5 35765 35766 36374 36554 36052
41528 7805 7767 5 35767 35765 35902 35903 35897
41529 7436 7480 7 35770 35771 45874 45875 45940 43045 43048
41530 7814 7480 7 35771 35772 46630 46664 46667 46538 46537
41531 7814 7436 4 35769 35771 52845 51389
41532 7480 7726 3 35770 35772 46629
41533 9081 8982 4 35773 35774 46793 37496
41534 8787 9081 4 35773 35775 37677 37497
41535 7404 7879 8 35779 35780 41263 41871 40570 40571 40831 39669
41536 7878 7815 7 35781 35782 53500 45304 45305 45265 45264
41537 7878 7838 3 35782 35783 52158
41538 7822 7838 7 35783 35784 45267 45269 53497 53498 52160
41539 7822 7815 3 35784 35781 53493
41540 7822 7878 6 35781 35783 52159 53432 52959 52957
41541 7838 7815 6 35782 35784 53507 40694 40693 53501
41542 7657 7942 5 35786 35788 35971 35973 36085
41543 7723 7746 4 35791 35792 45737 45738
41544 7599 7746 8 35792 35793 36713 36714 52217 36391 36390 36483
41545 7599 7778 7 35793 35790 52023 52881 52880 53357 53344
41546 7599 7723 4 35790 35792 52694 52022
41547 7746 7778 5 35791 35793 52981 52982 52703
41548 7740 7767 5 35794 35795 35899 35898 35996
41549 6239 6173 9 35798 35799 51355 55064 35880 35879 56505 56037 56032
41550 6239 5844 4 35799 35800 53628 51354
41551 6103 6173 4 35801 35798 56034 55886
41552 6103 6239 8 35798 35800 52809 43849 43848 55969 55970 56033
41553 5844 6173 8 35799 35801 55885 56191 56294 56548 55063 51356
41554 7542 7214 4 35804 35802 51658 52496
41555 7225 7214 6 35803 35804 52497 52479 52481 36463
41556 8178 8167 6 35808 35806 36523 36426 36427 37920
41557 7394 7076 4 35811 35809 55182 55304
41558 7394 7137 5 35809 35810 45588 45587 54825
41559 7071 7265 6 35812 35813 55330 55190 36732 36733
41560 7011 7067 5 35814 35815 52976 52977 55141
41561 7011 7265 4 35815 35812 53316 53315
41562 7011 7071 4 35812 35814 55399 55191
41563 7067 7265 5 35813 35815 53370 52709 52708
41564 7813 7747 4 35817 35818 36440 36080
41565 7747 7708 5 35816 35818 36439 51877 51878
41566 7846 7943 3 35822 35821 36087
41567 7892 7528 4 35824 35825 36359 36360
41568 7747 7405 4 35827 35828 36230 36261
41569 7280 7528 3 35832 35833 35836
41570 7198 7684 4 35834 35835 86614 -1
41571 7198 7280 6 35839 35841 35837 35832 35834 -1
41572 6822 7198 6 35839 35840 56427 56182 56181 -1
41573 7172 7280 5 35841 35838 35852 35851 35853
41574 5729 6092 4 35842 35843 56225 56223
41575 5729 5853 6 35843 35844 87089 87357 87297 56313
41576 5798 5853 6 35844 35845 87040 87203 87174 87090
41577 5798 6092 5 35845 35842 56359 56358 86975
41578 5798 5729 7 35842 35844 70195 70197 70208 70263 87368
41579 7280 7208 4 35847 35848 35851 35850
41580 6943 7405 3 35849 35846 55339
41581 7813 7619 5 35858 35856 36440 36438 36437
41582 7297 7076 3 35862 35860 53667
41583 6997 7076 8 35861 35862 54842 55311 55313 55277 36355 36356
41584 7137 7619 4 35863 35864 55278 40294
41585 7405 7137 7 35863 35865 53390 53389 55345 55535 40293
41586 6849 6962 10 40386 35866 35867 56973 56971 40456 40415 40416 56993 -1
41587 6849 7392 3 35867 35868 56955
41588 7555 6962 4 35869 35866 40388 41095
41589 7555 6849 6 35866 35868 56783 40720 40719 40387
41590 5835 6232 3 35871 35872 56856
41591 5835 6190 5 35872 35870 57019 55117 55116
41592 5835 5923 9 35870 35871 56870 55040 55041 56565 69944 57022 57021
41593 5897 6252 6 35873 35874 39770 55237 55235 54957
41594 5897 5939 6 35874 35875 54828 54829 54832 39771
41595 5796 5939 10 35875 35876 56301 56299 53625 53622 69621 70134 56519 56517
41596 5796 6252 4 35876 35873 54959 56455
41597 5796 5897 4 35873 35875 56516 54958
41598 6642 6521 8 35877 35878 55458 55368 55364 53620 53618 40574
41599 6642 6239 4 35878 35879 56504 55457
41600 6173 6521 3 35880 35877 40575
41601 6173 6642 7 35877 35879 56485 54746 54747 54943 40573
41602 6239 6521 6 35878 35880 40489 40491 40597 55440
41603 7988 8066 5 35881 35882 38887 38790 38788
41604 7700 7680 4 35884 35885 36059 38829
41605 7680 7846 5 35884 35886 35924 38752 38826
41606 6742 6595 8 35887 35888 56826 54931 52926 52928 55103 36408
41607 6742 6362 3 35888 35889 56907
41608 6605 6595 3 35890 35887 36410
41609 6605 6742 6 35887 35889 53329 53331 55160 36409
41610 6362 6595 9 35888 35890 55122 55144 55134 55126 55125 36324 36323
41611 7609 7749 6 35893 35894 35923 36082 38613 -1
41612 7767 7742 4 35899 35900 35903 35911
41613 7885 7767 5 35898 35900 35902 36052 36081
41614 8771 8672 5 35905 35906 38010 36237 36239
41615 8771 8708 3 35906 35904 38079
41616 7703 7577 6 35907 35908 50706 40396 40397 40687
41617 7703 7576 4 35908 35909 38975 40579
41618 7612 7576 5 35909 35910 40580 40582 38976
41619 7612 7577 6 35910 35907 40689 53255 53257 53430
41620 7612 7703 5 35907 35909 36319 36318 40688
41621 7576 7577 4 35908 35910 45554 45556
41622 7500 7566 4 35912 35913 86486 89484
41623 7578 7566 5 35914 35912 92996 86631 35942
41624 7974 8110 5 35915 35916 86684 98342 98791
41625 7974 7796 6 35916 35917 98856 98979 98980 86685
41626 8143 7796 5 35917 35918 37618 36915 36916
41627 8143 7974 5 35915 35917 35956 35955 98968
41628 7796 8110 5 35916 35918 37616 90187 86686
41629 7930 8316 6 35920 35921 51327 36297 36298 53468
41630 7930 8123 5 35921 35922 53356 53439 51328
41631 7944 7930 7 35920 35922 39769 39768 38406 38405 52729
41632 7553 7717 5 35926 35927 38807 38806 38889
41633 7392 7735 4 35931 35928 39492 40589
41634 7392 7753 5 35928 35930 56825 39776 39491
41635 8549 8406 4 35937 35935 38163 38590
41636 6946 6740 5 35938 35939 55048 53631 53633
41637 6946 6893 5 35939 35940 55176 54725 54728
41638 7000 6740 5 35941 35938 53428 53426 55158
41639 7000 6946 6 35938 35940 55177 55193 55161 54729
41640 6893 6740 7 35939 35941 55072 55071 55150 55208 55049
41641 7578 7652 4 35943 35942 37144 37145
41642 8968 9120 4 35944 35945 38051 156901
41643 8968 8435 5 35945 35946 36184 36213 38052
41644 7979 8968 7 39478 38931 38932 35944 35946 36185 -1
41645 7811 8194 4 35948 35949 40609 39067
41646 8097 7886 4 35950 35951 39128 39096
41647 8097 8194 8 35951 35948 39068 39017 38594 38593 39137 39132
41648 7886 8194 4 35949 35951 39131 40610
41649 8194 8607 7 35953 35952 39340 39345 40192 40193 40229
41650 7974 7849 3 35954 35955 99022
41651 7792 8143 3 35956 35957 36916
41652 7792 7974 7 35954 35956 98856 98996 98384 98385 98918
41653 8143 7849 7 35955 35957 36915 98625 98626 98443 98442
41654 8292 8410 7 35959 35960 36186 35989 35988 38819 38398
41655 8292 8424 4 35960 35958 38645 36262
41656 7876 8066 5 35961 35962 38884 38861 38788
41657 7876 7960 3 35962 35963 38894
41658 7882 8066 4 35964 35961 38790 38888
41659 7964 7740 4 35965 35966 36078 35996
41660 8602 8378 8 35968 35969 37313 38624 37324 37325 37275 37276
41661 8378 8581 4 35968 35970 36136 36135
41662 7835 7657 4 35971 35972 36270 36156
41663 7536 7297 6 35974 35975 36379 55299 36378 36377
41664 7286 7228 6 35976 35977 43369 43370 53386 45017
41665 7292 7228 4 35977 35978 40507 52767
41666 7228 7529 5 35976 35978 40506 38130 38127
41667 8951 9077 4 35980 35979 158132 37058
41668 8927 9045 5 35983 35984 157594 39235 39234
41669 8927 8989 6 35984 35981 38041 38314 38369 157453
41670 9045 8989 4 35982 35984 38221 38222
41671 7841 7700 3 35985 35986 38832
41672 7756 7700 6 35987 35985 38838 38818 36398 36367
41673 7562 7882 6 35993 35994 38798 38797 39121 39047
41674 7562 7717 3 35994 35991 38902
41675 7882 7717 7 35992 35994 38901 38849 38848 38865 38809
41676 7964 7767 6 35995 35996 36081 36554 36545 36076
41677 6599 6659 4 35997 35998 72477 87017
41678 6599 6835 6 35998 35999 88585 55231 55234 72478
41679 6835 6659 5 35998 36000 89364 55820 55819
41680 7897 7887 7 36001 36002 38847 38759 36169 36170 38824
41681 7897 7749 3 36002 36003 38871
41682 7680 7887 3 36004 36001 38752
41683 7680 7897 6 36001 36003 38870 38834 38829 38826
41684 8572 8619 5 36005 36006 37579 36856 36661
41685 8572 8675 4 36006 36007 37165 37164
41686 8411 8675 5 36007 36008 37578 37801 37800
41687 8411 8619 5 36008 36005 36663 37357 37356
41688 8411 8572 5 36005 36007 37955 37954 36662
41689 8675 8619 6 36006 36008 37577 38302 36395 36396
41690 8067 7861 5 36010 36011 86743 86744 36536
41691 7635 7861 5 36011 36012 93363 98447 98449
41692 7635 7904 5 36012 36009 98569 98507 93361
41693 7635 8067 5 36009 36011 98517 98516 98572
41694 7861 7904 5 36010 36012 93362 86737 36537
41695 8091 8007 4 36016 36014 36022 36062
41696 8248 8240 4 36017 36018 45408 39342
41697 8248 8132 4 36018 36019 45259 45258
41698 8136 8248 7 36017 36019 45371 53547 45063 45065 39341
41699 8213 7943 4 36020 36021 36100 36098
41700 8630 8488 6 36023 36024 98533 98737 98597 98221
41701 8630 8495 10 36024 36025 98526 98536 98598 98704 98616 98617 98644 98534
41702 8477 8495 7 36025 36026 86511 37552 37550 98317 98527
41703 8477 8488 4 36026 36023 86599 86510
41704 8477 8630 5 36023 36025 89460 86730 86729
41705 7508 7747 5 36028 36029 36757 36259 36261
41706 8133 8378 6 36030 36031 36399 36195 36196 36175
41707 8192 8378 5 36033 36030 36177 37886 36571
41708 8192 8133 6 36030 36032 36051 36553 36257 36176
41709 8232 8378 8 36031 36033 36534 36535 37275 36582 36560 36400
41710 8705 8981 4 36034 36035 39389 39396
41711 7993 7892 3 36037 36038 86036
41712 7684 7844 3 36039 36040 36594
41713 7138 6971 6 36043 36041 56939 40182 40179 56843
41714 8026 7966 5 36044 36045 39039 53508 53475
41715 7930 8156 3 36046 36047 45420
41716 7930 7966 5 36047 36044 53476 53300 45418
41717 7930 8026 6 36044 36046 53513 53439 53438 53474
41718 8156 7966 5 36045 36047 45419 53221 39041
41719 8371 8167 5 36054 36053 36809 37911 36427
41720 9343 9113 4 36055 36056 158028 38335
41721 9200 9255 6 36057 36058 157589 38004 38003 147769
41722 9200 9113 5 36058 36055 38337 37702 37701
41723 9200 9343 5 36055 36057 147768 157646 38336
41724 8048 7943 3 36060 36061 36147
41725 7935 8213 7 36064 36065 38852 38843 36097 36098 36364
41726 8266 8213 10 36065 36066 38696 37930 36229 36226 36152 36154 38841 38854
41727 8266 8280 6 36066 36063 38858 38859 38880 38731
41728 8266 7935 3 36063 36065 38855
41729 8213 8280 7 36064 36066 38729 38730 38754 38756 36365
41730 8406 8091 3 36067 36069 36070
41731 7724 7429 6 36072 36073 98455 98453 98451 97724
41732 7724 7402 7 36073 36074 37620 86581 99066 98457 98456
41733 7489 7402 4 36074 36075 52394 37621
41734 7489 7429 5 36075 36072 89740 87085 52393
41735 7402 7429 6 36073 36075 52392 90040 52250 52248
41736 8462 8355 6 36090 36091 39372 39279 39278 38166
41737 8462 8410 5 36091 36092 37106 37108 37223
41738 8266 8355 7 36093 36090 38168 38880 38869 38868 38881
41739 7954 7943 4 36094 36095 36099 36100
41740 8379 8647 4 36101 36102 39376 38407
41741 8457 8851 3 36103 36104 39456
41742 8851 8647 5 36102 36104 39458 38708 38705
41743 10833 9210 5 36105 36106 141836 143235 142170
41744 10833 647 6 36106 36107 40734 155810 155992 141837
41745 413 647 5 36107 36108 142230 142228 40736
41746 413 9210 5 36108 36105 142171 155960 155983
41747 413 10833 7 36105 36107 40735 58559 38927 38926 40364
41748 647 9210 4 36106 36108 155916 141838
41749 7536 7554 5 36109 36110 36357 40309 36288
41750 8495 8536 7 36111 36112 47221 37092 37095 98644 98571
41751 8495 8197 4 36112 36113 98640 98573
41752 8219 8536 5 36114 36111 36630 36628 36695
41753 8219 8495 4 36111 36113 86587 86589
41754 7765 7725 6 36115 36116 55341 53348 36847 36431
41755 7491 7725 4 36118 36115 36432 36447
41756 7988 7882 8 36120 36121 38789 38790 38867 38856 38857 38779
41757 7841 7882 4 36121 36122 38865 38866
41758 7882 7897 6 36120 36122 38848 38759 38679 38678
41759 8290 8191 9 36123 36124 36584 36585 37807 37808 39200 36155 36153
41760 8208 8191 5 36124 36125 36141 36142 36201
41761 7930 7985 8 36126 36127 36345 36298 36299 39023 38908 38911
41762 7930 7954 4 36127 36128 38405 36346
41763 7756 7985 3 36129 36126 36267
41764 7756 7930 6 36126 36128 38406 53463 53406 53408
41765 7933 7805 6 36130 36131 37079 37078 36762 36761
41766 7935 8099 3 36133 36134 38843
41767 8581 8404 5 36136 36137 38144 38145 36631
41768 8406 8378 4 36138 36135 37276 36535
41769 8406 8581 4 36135 36137 38163 38589
41770 8404 8378 5 36136 36138 36534 36571 36632
41771 7985 8303 3 36139 36140 36469
41772 7346 7188 3 36143 36144 52137
41773 7187 7470 3 36145 36146 36482
41774 7187 7188 7 36146 36143 44094 44091 53253 45684 36481
41775 7187 7346 6 36143 36145 52732 53385 51465 51466
41776 8213 8290 4 36152 36153 36187 36218
41777 8266 8290 4 36155 36152 36227 38736
41778 8647 8878 4 36157 36158 37966 38472
41779 8436 8664 5 36160 36161 38195 38278 38280
41780 9622 9609 3 36162 36163 157647
41781 9622 9606 6 36163 36164 157443 157725 152252 152254
41782 9604 9606 4 36164 36165 103409 103407
41783 9604 9609 9 36165 36162 157648 147712 147711 157670 157669 157709 157710
41784 9604 9622 4 36162 36164 39288 39287
41785 7382 7366 3 36166 36167 42217
41786 8280 7897 3 36169 36171 38679
41787 8328 8406 3 36172 36173 38587
41788 8166 8378 4 36177 36175 36256 38123
41789 7418 7403 4 36179 36180 52478 52477
41790 7445 7418 4 36178 36180 52728 53400
41791 8968 8679 8 39149 39148 39031 39033 36212 36184 36185 -1
41792 7944 8292 4 36191 36192 38992 38995
41793 8305 8378 6 36196 36197 37254 37664 38583 36256
41794 8191 8294 3 36200 36201 36584
41795 7761 8032 3 36202 36204 37075
41796 7346 7228 7 36205 36206 53014 53386 51465 36327 36325
41797 7346 7445 5 36206 36207 53400 53402 53015
41798 7350 7445 6 36207 36208 52406 52404 52725 52728
41799 7350 7228 5 36208 36205 53379 51631 51632
41800 7350 7346 4 36205 36207 53399 53384
41801 7445 7228 5 36206 36208 45996 38130 38129
41802 8072 8107 4 36210 36211 36679 36681
41803 8557 8968 4 36212 36213 39213 39152
41804 8727 8771 8 36216 36217 38625 36532 36533 38528 38079 38010
41805 8727 8378 6 36217 36214 37186 37857 38136 38624
41806 8771 8378 3 36215 36217 37313
41807 8462 8383 8 36219 36220 38701 38702 38167 38166 39375 39353
41808 8462 8626 8 36220 36221 39163 39277 39400 39371 39223 39222
41809 8652 8462 4 36219 36221 39162 39354
41810 8647 8518 6 36225 36222 38016 36548 36547 38012
41811 8647 8626 4 36222 36224 39383 38603
41812 8457 8518 5 36223 36225 38013 36505 36504
41813 8266 8358 5 36228 36229 37931 38763 38907
41814 8192 8506 3 36232 36233 37220
41815 8192 8510 5 36231 36232 37887 37886 38124
41816 8506 8771 5 36238 36239 38386 38385 38571
41817 8506 8672 4 36239 36236 37493 38530
41818 8367 8217 6 36243 36244 37019 36636 36635 37525
41819 7986 8217 6 36244 36245 36963 37055 37060 37021
41820 7986 8188 8 36245 36242 36961 98435 86764 36369 36371 36962
41821 7986 8367 4 36242 36244 37020 36960
41822 8422 8678 3 36247 36248 37335
41823 6909 6888 5 36250 36251 52890 53420 55384
41824 6909 7112 5 36251 36249 55139 55140 52889
41825 8740 8766 3 36252 36253 38463
41826 8956 8766 5 36253 36254 36312 39397 38629
41827 7931 7508 4 36259 36260 36541 36830
41828 8897 9039 4 36264 36265 157246 39125
41829 8870 8897 6 36264 36266 39335 36386 36388 39032
41830 6198 6492 5 36271 36272 41225 40379 40380
41831 6576 6574 4 36273 36274 42097 42098
41832 6576 6492 4 36274 36271 40497 42229
41833 6576 6198 6 36271 36273 42315 42384 42314 40496
41834 6574 6492 6 36272 36274 42163 42164 54105 54205
41835 8555 8732 5 36277 36278 45344 39543 38326
41836 8555 8808 5 36278 36279 39584 39548 39546
41837 8838 8555 6 36277 36279 39508 39506 45459 38327
41838 8978 8945 4 36280 36282 38733 39158
41839 7927 8230 4 36284 36285 86551 86552
41840 7976 8230 4 36285 36286 92804 98564
41841 7976 8190 4 36286 36283 98482 92803
41842 7822 7627 6 36289 36290 53477 38917 38915 53473
41843 7822 7756 5 36290 36291 53463 53498 53478
41844 7944 7627 4 36292 36289 53285 36486
41845 7944 7822 5 36289 36291 39768 36489 36491
41846 8256 8249 4 36293 36294 36674 36675
41847 8256 8118 5 36294 36295 36804 46875 37729
41848 8094 8118 8 36295 36296 36524 36526 46815 36665 36664 36805
41849 8094 8256 3 36293 36295 36711
41850 8115 7930 5 36297 36299 45417 45415 53321
41851 7627 7612 6 36300 36301 38917 38918 53382 53381
41852 7627 7708 4 36301 36302 38967 53477
41853 7554 7612 4 36303 36300 40581 40582
41854 7708 7612 6 36301 36303 38976 36319 36320 53494
41855 7866 7822 4 36304 36305 53499 53525
41856 7975 7822 6 36306 36304 36490 36489 39767 53432
41857 9206 9248 8 36308 36309 156993 59784 59785 156836 153405 40166
41858 9206 9381 5 36309 36310 157057 156566 156564
41859 9560 9381 5 36310 36311 157020 146636 146637
41860 9560 9248 4 36311 36308 40167 157028
41861 9381 9248 4 36309 36311 156913 156911
41862 8981 8956 10 36313 36312 39396 38713 38715 157407 157501 157590 157613 38554
41863 8221 8657 5 36314 36315 49330 49313 49314
41864 8828 8657 6 36316 36314 48884 46417 46416 49240
41865 8425 8657 5 36315 36316 49241 49236 49234
41866 7703 7838 4 36317 36318 40693 53359
41867 7708 7838 5 36320 36317 53360 53407 53497
41868 7708 7703 8 36317 36319 38975 40578 36515 36517 38910 38909
41869 7612 7838 5 36318 36320 45269 45266 40694
41870 6724 6502 7 36321 36322 56579 56577 56511 56512 56613
41871 6724 6362 6 36322 36323 56907 56793 55074 55075
41872 6595 6502 5 36324 36321 54931 54930 56792
41873 6595 6724 3 36321 36323 56826
41874 6362 6502 4 36322 36324 56854 56651
41875 7346 7265 6 36325 36326 53025 53028 53366 53384
41876 7346 7152 8 36326 36327 51466 52137 52929 52872 52873 53352
41877 7228 7152 4 36327 36328 51249 51250
41878 7228 7265 5 36328 36325 53379 53378 53225
41879 7020 6723 7 36329 36330 51040 51041 51432 53826 52835
41880 7020 6755 7 36330 36331 53892 53862 53863 45035 45033
41881 6771 6755 3 36331 36332 53881
41882 6771 6723 6 36332 36329 52837 53090 53088 53876
41883 6771 7020 5 36329 36331 53891 53974 52836
41884 6755 6723 5 36330 36332 50642 50640 52860
41885 6678 6356 3 36335 36336 55222
41886 6678 6278 8 36336 36334 54914 53648 36402 36404 56304 55221
41887 6678 6649 7 36334 36335 56863 56862 56948 56860 56838
41888 7791 7508 6 36338 36339 36756 36757 36830 36730
41889 7508 7896 3 36338 36340 36731
41890 7727 7744 9 36341 36342 52289 53239 53303 53224 53206 45770 45771
41891 7727 8039 3 36342 36343 52290
41892 8072 7744 4 36344 36341 53123 53124
41893 8072 7727 6 36341 36343 53169 53318 45690 45689
41894 8039 7744 6 36342 36344 53231 53588 53312 52291
41895 7930 8191 4 36345 36346 52729 53468
41896 6901 7442 3 36348 36349 53989
41897 6871 7442 7 36349 36350 53460 40601 40599 53582 53703
41898 7442 6987 5 36348 36350 52717 52716 53998
41899 6805 6787 6 36352 36353 55240 56499 55337 55329
41900 6805 6986 3 36351 36352 55251
41901 6986 7076 4 36354 36355 55275 54843
41902 7076 7051 4 36354 36356 55230 54844
41903 7553 7536 6 36358 36357 55298 55300 36378 36366
41904 7887 7882 5 36361 36362 38786 38849 38759
41905 7887 7960 3 36362 36363 38387
41906 7967 8188 5 36368 36369 52032 52031 36693
41907 7967 7986 6 36369 36370 37053 98497 86763 86762
41908 7895 7767 3 36374 36375 36545
41909 7778 7529 4 36382 36383 53212 52881
41910 7778 7728 6 36383 36384 45338 46674 46672 53191
41911 7445 7728 4 36384 36385 51479 45339
41912 7445 7529 5 36385 36382 38128 38130 45995
41913 7728 7529 6 36383 36385 44351 44350 52292 53098
41914 8897 8795 3 36386 36387 39334
41915 8897 8679 6 36387 36388 39031 39227 39228 39333
41916 8870 8679 4 36388 36389 38804 39033
41917 8679 8795 4 36387 36389 38803 39332
41918 7746 7719 8 36391 36392 53238 53240 53311 52990 52989 53279
41919 7474 7719 6 36392 36393 40550 38206 38205 45276
41920 7474 7746 3 36390 36392 36484
41921 7719 7599 3 36391 36393 53241
41922 8675 8696 6 36396 36394 37865 36677 36676 37164
41923 8675 8761 7 36394 36395 38300 37994 37993 157495 37864
41924 8208 8378 4 36399 36400 36550 36551
41925 5897 6278 6 36401 36402 40444 40443 56541 56538
41926 5897 6678 5 36402 36403 39770 39771 53647
41927 6354 6678 5 36403 36404 56460 56274 55751
41928 6354 6278 3 36404 36401 56459
41929 6354 5897 4 36401 36403 55237 55236
41930 7922 7533 4 36406 36407 39073 39074
41931 7922 7627 6 36405 36406 40526 36487 36486 53209
41932 6701 6605 7 36409 36410 54971 53594 53595 52862 52863
41933 6701 6595 7 36410 36408 55148 55094 55096 55143 55122
41934 6701 6742 5 36408 36409 55189 55166 55165
41935 7779 7778 7 36416 36417 36477 52981 53344 36789 36791
41936 7779 8163 5 36417 36418 39703 53332 36478
41937 7888 7778 7 36419 36416 52683 46674 46673 53327 53280
41938 7888 7779 6 36416 36418 39702 36825 36824 52736
41939 8163 7778 4 36417 36419 53281 36479
41940 7964 7931 4 36422 36420 36554 36609
41941 7964 7895 5 36420 36421 36468 36546 36545
41942 7317 7113 9 36423 36424 45191 45735 53457 45180 45178 53580 52430
41943 7725 7791 6 36431 36432 36756 36755 52734 36846
41944 7214 7022 6 36435 36436 51972 52545 52480 52481
41945 7214 7056 3 36433 36435 36463
41946 7022 7300 4 36434 36436 51971 55573
41947 8999 8877 6 36444 36441 158372 98744 98741 37321
41948 8999 8940 4 36441 36443 37226 157492
41949 7370 7741 4 36449 36450 40576 51418
41950 8726 8250 4 36452 36453 45652 45020
41951 8726 8389 4 36453 36451 45834 45655
41952 8726 8361 5 36451 36452 45019 45091 45882
41953 8799 8617 7 36456 36457 37649 37501 37499 37897 38101
41954 8817 8798 4 36458 36459 37354 37353
41955 8817 8617 8 36459 36456 38102 37286 37285 37921 37885 37884
41956 8798 8617 6 36457 36459 37685 37684 37861 37650
41957 7281 7024 7 36460 36461 53345 53346 55578 50674 50675
41958 7225 7056 5 36462 36463 52730 55362 55529
41959 8299 8333 6 36464 36465 45721 36493 36494 36644
41960 8405 8333 5 36465 36466 36807 37253 45718
41961 8422 8298 6 36470 36471 38433 38328 38329 38395
41962 8683 8298 4 36471 36472 45526 38434
41963 8298 8436 5 36470 36472 45525 45605 38396
41964 7639 7870 3 36475 36476 87021
41965 7639 7804 6 36476 36474 89871 89872 93113 87020
41966 7639 7724 7 36474 36475 99049 98457 98454 98453 98452
41967 7778 7973 4 36479 36477 52982 53319
41968 7599 7187 5 36481 36482 52732 52220 45683
41969 7470 7599 6 36480 36482 52731 53465 45400 45399
41970 7727 7746 9 36483 36484 53238 52289 52290 53169 52755 45739 45737
41971 7727 7474 7 36484 36485 53236 53223 53224 45274 45276
41972 7599 7727 4 36483 36485 53251 52694
41973 7756 7922 3 36487 36488 38996
41974 7822 7877 5 36490 36491 53473 53496 53525
41975 7944 7877 5 36491 36492 38936 38938 53285
41976 7944 7975 5 36492 36489 39769 40222 40221
41977 7877 7975 4 36490 36492 40482 53287
41978 8299 8298 4 36494 36495 45698 36645
41979 8105 8298 4 36495 36496 53322 45703
41980 8105 8333 4 36496 36493 45728 53336
41981 8105 8299 8 36493 36495 45702 45183 45185 45227 36813 36814
41982 8298 8333 8 36494 36496 53337 37896 37894 38395 38396 36646
41983 7290 7582 3 36497 36498 53956
41984 7318 7538 3 36499 36500 46602
41985 7318 7582 7 36500 36497 53958 53168 45815 41030 41032
41986 7318 7290 6 36497 36499 46601 45734 45732 53957
41987 7538 7582 9 36498 36500 53176 53271 52994 45680 45682 52916 52913
41988 8057 8100 7 36502 36501 53324 53325 53328 52684 38066
41989 8316 8518 3 36503 36505 38014
41990 8457 8453 4 36504 36506 38724 38006
41991 7934 8261 5 36507 36508 38924 39118 40539
41992 7934 8234 3 36508 36509 38925
41993 7909 8261 6 36510 36507 39659 39661 40212 40186
41994 7909 7934 7 36507 36509 40233 40510 40825 40419 40418
41995 8333 8265 6 36511 36512 38173 37252 37253 45719
41996 8196 8265 8 36514 36511 45723 46422 37651 36780 36782 36808
41997 8196 8333 3 36511 36513 45722
41998 8115 8265 5 36512 36514 37852 37851 38174
41999 7703 7901 5 36516 36517 39022 39021 45416
42000 7901 7736 5 36516 36518 53309 36764 36766
42001 8897 9029 4 36520 36521 39262 157097
42002 9029 8856 6 36519 36521 39246 39003 38734 38732
42003 8167 7896 6 36522 36523 36751 36828 39323 36797
42004 8118 8196 6 36524 36525 36706 46423 37651 37652
42005 8118 8102 4 36525 36526 46816 36705
42006 8094 8102 6 36526 36527 36716 37259 52679 46817
42007 8094 8196 3 36527 36524 36715
42008 7696 7956 3 36528 36529 52750
42009 8834 9025 3 36530 36531 36615
42010 8727 8834 8 36530 36532 38638 38581 37342 37273 37272 36616
42011 8771 9025 4 36531 36533 38489 38122
42012 7861 7996 6 36536 36537 86736 86856 89488 89487
42013 8708 8617 6 36538 36539 38102 38101 37898 37899
42014 8446 8617 5 36540 36538 37945 37413 37295
42015 8672 8617 4 36539 36540 37287 37286
42016 8683 8518 5 36547 36549 37939 38020 38019
42017 8294 8328 5 36555 36556 36558 38365 36581
42018 8232 8294 3 36555 36557 36560
42019 8294 8290 5 36558 36559 36584 36583 38364
42020 8927 8834 5 36563 36561 37956 37958 38033
42021 8927 8626 6 36561 36562 38602 38603 39382 38164
42022 8817 8536 3 36564 36565 37885
42023 8704 8536 10 36565 36566 98645 37095 37094 98321 98368 37420 37421 37686
42024 8536 8554 8 36564 36566 98647 36629 36628 37088 36786 36783
42025 8572 8367 4 36567 36568 36634 36635
42026 8572 8753 6 36568 36569 37862 37167 36596 36597
42027 8536 8753 3 36569 36570 37489
42028 8753 8367 5 36568 36570 37488 98161 37263
42029 10834 10739 9 36572 36573 148788 148275 148273 149141 105691 104501 104503
42030 7522 7732 9 36574 36575 99081 99059 92926 92925 86857 86858 98963
42031 7522 7515 5 36575 36576 99078 99070 99068
42032 7647 7515 7 36576 36577 92942 37072 37070 86498 86499
42033 7647 7522 3 36574 36576 98964
42034 7515 7732 3 36575 36577 92941
42035 7967 8032 4 36579 36580 37074 89489
42036 7967 7861 7 36578 36579 89487 86744 86745 98494 37117
42037 8328 8378 4 36581 36582 37325 37326
42038 8290 8303 3 36585 36583 38007
42039 8672 8542 6 36587 36586 37493 38529 37288 37287
42040 8692 8670 5 36588 36589 37289 37666 37665
42041 8024 7793 3 36590 36591 97081
42042 8024 7858 5 36591 36592 89697 89804 97080
42043 7709 7858 4 36592 36593 52334 52333
42044 7709 7793 6 36593 36590 98399 90308 89722 89721
42045 7709 8024 6 36590 36592 89698 98418 98345 98344
42046 8572 8696 7 36595 36596 37166 37500 37688 37579 37164
42047 8512 8572 8 36595 36597 36634 36633 36637 37953 37955 37165
42048 8506 8581 6 36599 36600 38146 38145 38596 38571
42049 8506 8940 5 36598 36599 38385 36831 36832
42050 8905 9087 5 36602 36601 98654 37239 37241
42051 7714 7789 4 36603 36604 37038 86781
42052 7130 7421 7 36605 36606 93507 87980 87979 92794 86483
42053 6935 7421 4 36608 36605 86484 93057
42054 6935 7130 3 36605 36607 86482
42055 6940 7421 4 36606 36608 93250 93508
42056 10204 10015 7 36611 36612 143852 151739 148586 148588 158421
42057 10204 10032 5 36612 36613 158532 158276 143853
42058 10244 10032 3 36613 36614 158496
42059 10244 10015 5 36614 36611 158381 158380 158495
42060 10032 10015 7 36612 36614 158071 158070 158155 103931 103933
42061 8715 8845 5 36617 36618 98173 98172 37511
42062 8715 8765 4 36618 36619 36881 97807
42063 8789 8765 5 36619 36620 92917 92916 36883
42064 8789 8845 4 36620 36617 37513 93492
42065 8789 8715 7 36617 36619 36882 37543 90203 98353 37512
42066 7461 7641 3 36622 36621 52288
42067 8217 8572 4 36623 36624 36633 36635
42068 8418 8625 7 36626 36627 45145 45144 46705 45542 45541
42069 8418 8573 3 36625 36626 45575
42070 8482 8536 4 36629 36630 98571 98646
42071 8404 8510 4 36631 36632 37887 38345
42072 7858 7999 8 36638 36639 90228 97731 90179 89936 89805 89804
42073 7823 7594 4 36640 36641 93092 70547
42074 7823 7435 7 36641 36642 93504 93502 100277 99912 93091
42075 7649 7435 4 36642 36643 99769 99770
42076 7649 7594 5 36643 36640 70549 99627 99625
42077 8299 8448 9 36644 36645 45697 45756 38188 38189 45707 37932 37914
42078 8333 8448 3 36646 36644 37915
42079 8411 8350 7 36647 36648 37715 37954 37816 37817 46818
42080 8118 8350 4 36649 36647 46836 37729
42081 8490 8235 7 36652 36653 98347 98348 98309 97258 97259
42082 8490 8277 3 36653 36654 99116
42083 8317 8235 5 36655 36652 99139 99138 99011
42084 8317 8490 6 36652 36654 98283 98285 99233 99236
42085 7018 6853 6 36656 36657 90753 52256 52257 52495
42086 7095 6853 5 36657 36658 52130 52129 90738
42087 7712 7920 4 36659 36660 36912 36913
42088 8371 8411 6 36662 36663 37484 37244 37245 37715
42089 8371 8619 4 36663 36661 36857 37559
42090 8118 7956 6 36665 36666 46782 45797 45796 46807
42091 8128 7956 5 36666 36667 37472 37473 45675
42092 8128 8118 5 36664 36666 46788 46871 37725
42093 7706 7766 5 36670 36671 44206 45681 45679
42094 7831 7766 3 36671 36672 44183
42095 8256 8241 6 36675 36673 37644 46876 36804 36711
42096 8256 8350 5 36673 36674 37729 46873 37643
42097 8512 8675 6 36678 36676 37165 37800 37802 37880
42098 8787 8675 5 36677 36678 37882 37866 37868
42099 8107 8003 4 36680 36681 44215 37755
42100 8072 8003 5 36681 36682 45550 53124 44216
42101 8418 8388 5 36684 36685 37832 37839 46736
42102 8186 8418 4 36683 36685 37833 46539
42103 8388 8252 4 36684 36686 46821 46737
42104 8237 8245 5 36687 36688 52229 52230 97810
42105 6923 6973 3 36689 36690 55638
42106 7056 6973 9 36691 36689 55675 52547 52546 55577 55571 55572 55562
42107 6917 6973 7 36690 36691 55563 55565 89070 88828 55639
42108 7967 8197 6 36692 36693 98550 98509 37074 37047
42109 8536 8283 6 36695 36696 37086 37943 37089 37088
42110 8090 8217 4 36697 36698 52554 52446
42111 8090 8061 7 36698 36699 48234 48232 89663 52555 52556
42112 8237 8061 7 36699 36700 37062 90227 98336 97818 52230
42113 8237 8217 6 36700 36697 37366 37231 37019 37021
42114 8237 8090 4 36697 36699 52229 52445
42115 8061 8217 4 36698 36700 37060 37061
42116 9318 9104 4 36701 36702 103137 103135
42117 9087 9104 5 36704 36701 37158 37159 102591
42118 9087 9318 5 36701 36703 103142 98716 98718
42119 8102 7888 7 36705 36707 39704 39702 52701 37451 37448
42120 7033 7119 4 36708 36709 89769 89738
42121 7147 7119 4 36709 36710 86796 86797
42122 7599 7736 6 36714 36712 53364 53405 53443 52216
42123 7599 7779 4 36712 36713 53344 53363
42124 8363 8337 8 36717 36718 45643 45543 37790 37791 46563 45650
42125 8337 8273 5 36717 36719 45714 44222 44221
42126 8282 8289 6 36722 36720 46860 46785 46691 46690
42127 8621 8761 4 36724 36723 37863 38172
42128 7929 8094 5 36727 36728 37059 52753 52543
42129 7929 8217 6 36728 36725 52554 37061 37055 37054
42130 7929 8271 5 36725 36727 52451 50280 50279
42131 7791 7805 4 36729 36730 36829 36761
42132 7083 7265 6 36733 36734 53226 53225 53317 53316
42133 8203 8287 7 36735 36736 44358 44523 38271 38269 45758
42134 8203 8062 4 36736 36737 45804 44357
42135 8958 9158 6 36738 36739 152462 152186 44516 44514
42136 9158 8762 6 36738 36740 44657 152768 104628 104625
42137 6160 6364 3 36741 36742 50931
42138 6160 6465 5 36742 36743 55947 54780 54782
42139 6206 6160 6 36741 36743 52088 52089 51562 50932
42140 7394 7164 8 36744 36745 52960 55182 54825 44116 44114 39764
42141 7484 7164 5 36746 36744 39766 44076 38232
42142 7779 8167 4 36747 36748 39323 53261
42143 7779 7824 8 36748 36749 36825 36826 45602 52735 52733 39324
42144 8102 7779 5 36747 36749 39702 39703 53262
42145 7824 8167 3 36748 36750 36828
42146 7791 7933 5 36752 36753 36758 36761 36844
42147 7791 7901 4 36753 36754 38237 36759
42148 7747 7791 6 36752 36754 53302 36755 36757 36845
42149 7901 7896 4 36759 36760 36843 36841
42150 7779 7901 5 36764 36765 36841 38237 53310
42151 8115 7736 4 36766 36763 53339 53492
42152 8115 7779 7 36763 36765 36842 53261 53262 53332 53338
42153 7296 7300 7 36767 36768 55559 52616 52617 53157 53156
42154 7296 7475 7 36768 36769 89797 55557 55500 55501 55561
42155 7355 7475 6 36769 36770 52152 52153 52200 89758
42156 7355 7296 4 36767 36769 87840 55495
42157 8540 8386 3 36771 36772 37520
42158 8540 8625 8 36772 36773 46838 46780 46713 46711 46706 46705
42159 8586 8625 3 36773 36774 45905
42160 8586 8540 7 36771 36773 46837 46620 46619 37463 37465
42161 8625 8386 5 36772 36774 45904 45142 45144
42162 7696 7712 4 36775 36776 52592 52591
42163 7712 7641 4 36775 36777 52047 52700
42164 8706 8683 5 36778 36779 45523 38321 38315
42165 8265 8371 6 36781 36782 36809 37907 37483 37244
42166 8617 8554 3 36783 36784 37921
42167 8617 8542 7 36784 36785 37942 37412 37295 37287 37285
42168 8536 8542 3 36785 36786 37089
42169 8726 8872 8 36788 36787 45460 45287 45286 44648 44647 46002
42170 7622 7779 7 36789 36790 45201 45602 53353 53354 53363
42171 7722 7779 4 36790 36791 52736 45203
42172 7799 7641 6 36792 36793 52687 52699 52700 52693
42173 7720 7994 7 36794 36795 52423 52424 52489 52459 52460
42174 7720 7641 5 36795 36792 52682 52681 52680
42175 7720 7799 4 36792 36794 52692 52691
42176 7994 7641 3 36793 36795 52688
42177 8115 7896 4 36796 36797 36842 36843
42178 8436 8494 8 36798 36799 36806 38181 38182 38391 38280 38276
42179 8405 8494 6 36799 36800 37799 37235 37234 36807
42180 8241 8118 4 36804 36805 37725 46882
42181 8494 8333 3 36807 36806 37252
42182 8167 8265 5 36808 36809 37909 37850 37852
42183 8758 8346 4 36810 36811 37574 37575
42184 8105 8163 5 36814 36812 38067 53335 45728
42185 7837 8122 5 36815 36816 45782 45785 53232
42186 7871 8338 3 36817 36818 37845
42187 7871 8014 12 36818 36819 37641 47543 47544 47682 47683 47409 45935 45936 46237 37844
42188 8312 8014 3 36819 36820 37642
42189 8312 8338 6 36820 36817 46591 46608 46609 47515
42190 8014 8338 7 36818 36820 47334 47336 47489 47488 37846
42191 7461 7141 6 36823 36821 52658 52205 52206 52498
42192 7461 7341 5 36821 36822 47388 51227 52657
42193 7765 7888 4 36827 36824 37449 37451
42194 7765 7779 4 36824 36826 45201 45203
42195 7824 7888 3 36825 36827 52701
42196 7791 7931 4 36829 36830 36845 36844
42197 8506 8911 5 36833 36831 38386 38530 38491
42198 7077 7224 6 36834 36835 51536 51401 51399 52161
42199 7077 7211 4 36835 36836 51397 51395
42200 7225 7224 8 36837 36834 52163 52170 46374 46373 52794 52796
42201 7225 7077 5 36834 36836 52190 52192 52162
42202 7211 7224 4 36835 36837 51339 51336
42203 8531 8544 8 36838 36839 46014 45068 44669 44668 44752 44755
42204 8570 8544 4 36839 36840 45027 45177
42205 7779 7896 5 36841 36842 39323 39324 38238
42206 7824 7725 4 36846 36847 53349 52735
42207 7807 7790 5 36849 36850 45825 45102 45103
42208 7588 8038 4 36851 36848 44369 38420
42209 7588 7807 4 36848 36850 45836 45843
42210 7849 7643 5 36852 36853 99040 98281 98280
42211 7636 7849 5 36852 36854 87957 37215 37214
42212 7797 7643 4 36853 36855 86558 99002
42213 7032 7305 4 36858 36859 39305 53878
42214 7032 7104 5 36859 36860 48780 52771 39306
42215 7135 7305 6 36861 36858 53947 53946 54049 44390
42216 7135 7032 8 36858 36860 48779 51462 51446 51447 54001 53952
42217 7104 7305 4 36859 36861 44389 39307
42218 7521 7757 6 36864 36865 52281 47640 47639 90331
42219 7521 7581 5 36865 36862 47702 47703 52025
42220 7757 7581 3 36863 36865 52360
42221 7691 7411 3 36867 36868 52221
42222 7581 7691 8 36866 36868 52222 52827 52465 50525 50524 52398
42223 7266 7272 6 36869 36870 86620 86621 86994 86628
42224 7266 7230 4 36870 36871 86308 86311
42225 7849 7808 5 36874 36875 86768 98627 37217
42226 7690 7578 6 36876 36877 37145 86497 86382 37097
42227 7690 7808 5 36877 36874 37181 37183 37143
42228 7690 7849 4 36874 36876 37057 37056
42229 7578 7808 5 36875 36877 37144 86631 86770
42230 8560 8409 6 36879 36880 98179 37482 37480 86591
42231 8636 8560 9 36878 36880 98175 98174 37173 37175 98271 98984 98194
42232 8715 8563 6 36881 36882 37542 86747 86637 86639
42233 8765 8563 4 36883 36881 97808 99242
42234 8789 8563 5 36882 36883 99246 98287 37544
42235 6864 6832 6 36884 36885 89427 89594 89481 89480
42236 6779 6917 5 36886 36887 87762 90370 86847
42237 6779 6832 5 36887 36884 89431 89348 87760
42238 6779 6864 6 36884 36886 86829 86827 89426 89479
42239 6917 6832 5 36885 36887 87761 88828 89429
42240 8365 8272 6 36889 36890 37260 97804 52507 45907
42241 8141 8403 6 36891 36892 47462 47464 47526 47446
42242 8141 8272 10 36892 36889 45909 93698 97630 97796 90338 90340 97283 91446
42243 8141 8365 5 36889 36891 46728 46727 45908
42244 8403 8272 3 36890 36892 37262
42245 5908 6101 4 36893 36894 55486 55487
42246 5908 6164 4 36894 36895 51622 51621
42247 5941 6101 5 36896 36893 55678 56082 89079
42248 8407 8135 7 36898 36899 37160 47370 47447 37352 37351
42249 9563 9721 3 36901 36902 102812
42250 9506 9533 6 36903 36900 102855 98711 98708 158268
42251 9721 9533 9 36901 36903 158267 103377 103376 103655 102858 102857 103483
42252 7527 7643 4 36904 36905 86936 98280
42253 7792 7573 3 36906 36907 98997
42254 9815 10066 7 36908 36909 103445 103439 103438 111923 37297
42255 7880 7945 5 36910 36911 37111 37137 37135
42256 7712 7880 7 36910 36912 36914 37112 37099 37098 37134
42257 7955 7690 5 36918 36919 37056 37181 37182
42258 9298 9818 4 36921 36922 158214 153188
42259 9509 9403 5 36923 36924 103253 103425 103428
42260 9509 9818 8 36924 36921 145253 145252 103351 103118 103117 103212
42261 8307 7993 4 36931 36932 98554 97741
42262 8222 8488 6 36933 36930 86749 86748 86331 86332
42263 8222 8307 3 36930 36932 98508
42264 7993 8488 6 36931 36933 98876 98531 98512 97742
42265 9397 9514 5 36934 36935 103884 98730 98731
42266 9358 9532 6 36936 36937 103268 103429 103279 86624
42267 9358 9397 5 36934 36936 86623 103130 102839
42268 9532 9514 5 36935 36937 103115 103113 103885
42269 8778 8842 4 36938 36939 84807 84809
42270 8197 8117 4 36941 36942 37179 98590
42271 8197 7996 5 36940 36941 98588 98549 98509
42272 8095 7631 4 36944 36945 95629 94981
42273 7631 7800 6 36943 36945 94444 91908 91910 95590
42274 6663 6768 7 36946 36947 53077 55689 55402 55401 90737
42275 6663 6923 5 36947 36948 55638 55674 53078
42276 6917 6663 6 36946 36948 55639 87761 87762 90740
42277 7307 7116 7 36950 36951 89780 86531 86532 52245 52247
42278 7257 7336 6 36952 36949 89801 90015 98486 87934
42279 7257 7307 3 36949 36951 89781
42280 7116 7336 5 36950 36952 87933 90043 89825
42281 7921 8141 7 36953 36954 46762 52408 90156 97797 90338
42282 7921 8162 3 36954 36955 37015
42283 8135 8141 3 36956 36953 90340
42284 8162 8141 10 36954 36956 97283 47465 47464 47524 47525 47643 46708 46709
42285 7451 7613 5 36957 36958 90207 90351 90183
42286 8024 8367 5 36959 36960 98341 98346 89750
42287 8188 8024 4 36959 36961 98433 89749
42288 8297 8393 5 36966 36964 98553 98552 98548
42289 8297 8110 4 36964 36965 90148 98556
42290 7961 7946 5 36970 36967 52541 47626 47628
42291 7961 7905 4 36967 36969 47699 52516
42292 6389 6692 3 36971 36972 90893
42293 6389 6641 6 36972 36973 52284 77874 71839 71841
42294 6438 6641 3 36973 36974 52285
42295 6438 6692 9 36974 36971 90894 89269 51849 51848 89122 89318 90743
42296 6438 6389 6 36971 36973 52283 89061 90885 90892
42297 6641 6692 6 36972 36974 90774 90773 90871 90897
42298 5878 5770 3 36976 36977 55390
42299 5825 5988 4 36978 36975 55870 51750
42300 5825 5878 4 36975 36977 55389 55831
42301 9344 9107 5 36979 36981 152136 153258 153108
42302 7409 6982 6 36983 36984 47684 52315 47678 36995
42303 7177 7409 4 36983 36985 47686 36996
42304 7322 6982 3 36984 36986 47685
42305 8011 8070 5 36987 36988 46300 47545 47395
42306 8011 7863 6 36988 36989 52781 46634 46635 46299
42307 8077 7863 4 36989 36990 45975 45973
42308 8077 8011 7 36987 36989 45751 45753 47297 47394 47396
42309 7863 8070 5 36988 36990 44203 44202 46301
42310 7685 7613 8 36991 36992 52418 52306 52307 52473 52379 52380
42311 7685 7581 3 36992 36993 50524
42312 7977 7581 5 36993 36994 52384 52383 50525
42313 7977 7613 4 36994 36991 52433 52432
42314 7977 7685 6 36991 36993 37588 37590 46239 52435
42315 6902 7177 4 36996 36997 52009 47687
42316 7542 7574 6 36998 36999 52407 89862 52535 52534
42317 7574 7664 5 36998 37000 46521 52305 52551
42318 7542 7244 6 37002 37003 52496 52634 89866 52407
42319 7225 7411 4 37004 37001 46374 52399
42320 8407 8352 5 37005 37006 47095 47173 47345
42321 8503 8352 4 37006 37007 37475 46823
42322 8352 8416 8 37005 37007 37474 37602 37604 47537 47549 47346
42323 7906 7682 4 37008 37009 52311 52452
42324 7906 7858 6 37009 37010 47174 90163 89936 52312
42325 7632 7858 4 37010 37011 52301 47176
42326 7632 7682 6 37011 37008 90146 89743 89741 89736
42327 7632 7906 5 37008 37010 47175 52366 90264
42328 7858 7682 6 37009 37011 89735 89942 52334 52313
42329 7667 7511 10 37012 37013 52362 52297 52298 47680 47681 51413 51412 47416
42330 7521 7511 3 37013 37014 52324
42331 8100 7888 4 37018 37016 53327 52684
42332 8302 8063 5 37027 37028 98557 98274 98273
42333 8302 8146 5 37028 37025 37172 37171 98563
42334 8302 8027 6 37025 37027 98425 98427 86778 86777
42335 8063 8146 4 37026 37028 90188 89547
42336 7880 7677 5 37029 37030 37118 37084 37085
42337 8815 8922 4 37031 37033 47248 37507
42338 8760 8969 4 37032 37034 47102 47068
42339 7861 7714 6 37037 37038 86780 98492 37117 37116
42340 7861 7789 6 37038 37039 37124 86736 86737 86779
42341 7677 7861 4 37037 37039 37125 37118
42342 7344 7281 5 37042 37040 89760 52493 52061
42343 7650 7459 7 37043 37044 86322 92863 37128 37129 86181
42344 7496 7459 3 37046 37043 86183
42345 8145 8076 4 37048 37049 91887 99133
42346 8227 8161 5 37050 37051 98611 98974 86345
42347 8227 8076 6 37051 37048 98420 98422 98832 98610
42348 8161 8076 6 37049 37051 52438 52437 98988 91889
42349 7825 8019 5 37063 37064 90827 97689 47676
42350 7825 8168 4 37064 37065 47288 90826
42351 7911 8168 8 37065 37066 47594 47593 47607 47403 47404 47289
42352 7911 8019 5 37066 37063 46582 46583 46724
42353 7911 7825 5 37063 37065 46864 46862 47677
42354 8168 8019 6 37064 37066 47635 47642 47641 90828
42355 8356 8438 8 37067 37068 97758 97761 97901 94071 37503 37504
42356 8225 8438 4 37069 37067 97529 97787
42357 8169 8438 4 37068 37069 97750 97747
42358 7647 7455 4 37070 37071 98391 98392
42359 7647 7500 6 37071 37072 98352 99024 93080 93079
42360 7515 7500 3 37072 37073 89746
42361 7515 7455 6 37073 37070 86914 86913 87554 89745
42362 7880 7933 5 37077 37078 37136 37137 37138
42363 7933 8032 5 37077 37079 37119 37115 37114
42364 8178 7880 4 37080 37081 37111 37138
42365 7552 7880 5 37083 37085 37120 37113 37112
42366 8283 8542 5 37089 37087 37091 37155 37942
42367 8283 8554 4 37087 37088 37278 37090
42368 8560 8495 5 37092 37093 98174 37550 37551
42369 8560 8704 4 37093 37094 98179 98175
42370 8536 8560 4 37092 37094 37482 37481
42371 8704 8495 6 37093 37095 98617 98619 98669 98176
42372 7731 7578 4 37096 37097 86383 86431
42373 7387 7469 4 37100 37102 86083 86085
42374 8157 7731 6 98318 86579 86577 37103 37104 -1
42375 8500 7731 4 37104 37105 98657 -1
42376 7731 8412 7 37103 37105 98655 98875 98729 98574 98182
42377 8117 8447 3 37109 37110 37147
42378 7832 7652 4 37122 37123 86178 86177
42379 7832 7808 4 37121 37122 86755 98464
42380 7650 7643 6 37126 37128 98327 92124 92125 86558
42381 7459 7636 3 37127 37129 86326
42382 9339 9580 5 37131 37132 157252 42459 42458
42383 9339 9366 6 37132 37130 156998 156997 157211 157210
42384 9339 9463 5 37130 37131 157755 157926 157711
42385 7880 7896 4 37133 37134 37135 37136
42386 7301 7199 7 37140 37141 52251 52253 90657 87511 87510
42387 7095 7199 4 37142 37140 51855 51856
42388 7275 7199 4 37141 37142 55388 55387
42389 8447 8267 4 37149 37150 37156 37154
42390 8166 8447 5 37148 37150 37222 37221 38586
42391 8776 8945 4 37153 37151 39157 39158
42392 8856 8945 8 37152 37153 38733 38732 39300 39501 39269 39267
42393 8542 8267 4 37154 37155 37412 37195
42394 9087 9372 5 37159 37157 103131 98593 98595
42395 9087 9358 6 37157 37158 98718 98717 103209 103130
42396 8407 8348 6 37160 37161 37346 37347 47432 47371
42397 8286 8348 3 37161 37162 47011
42398 8348 8135 4 37160 37162 47340 47343
42399 8696 8617 3 37168 37166 37501
42400 8753 8617 4 37167 37168 37649 37650
42401 8393 8302 6 37170 37171 98558 98553 98546 37204
42402 8146 8393 4 37169 37171 98561 86933
42403 8302 8336 4 37170 37172 86777 37205
42404 8560 8778 3 37174 37175 86421
42405 8636 8477 3 37176 37173 98317
42406 8778 8477 7 37174 37176 98527 89460 89461 98582 86422
42407 9087 9062 7 37177 37178 102591 98595 98594 98801 98605
42408 7955 7808 4 37180 37181 37217 98621
42409 7852 7808 6 37183 37180 98620 98465 86755 86754
42410 7852 7955 5 37180 37182 98166 98613 98622
42411 9086 9092 5 37188 37189 99325 101363 99984
42412 8869 9092 7 37189 37190 99191 99192 98820 98818 99326
42413 8869 9089 4 37190 37187 99404 102739
42414 8869 9086 5 37187 37189 93796 93795 99244
42415 9092 9089 3 37188 37190 99986
42416 8636 8873 6 37191 37193 98684 98671 98120 98119
42417 8529 8308 5 37196 37197 98989 99300 99299
42418 8529 8639 4 37197 37198 92912 98990
42419 8611 8308 7 37199 37196 98290 97894 97893 99452 86641
42420 8611 8529 4 37196 37198 92913 99221
42421 8639 8308 5 37197 37199 86640 93164 93359
42422 7904 7808 7 37200 37201 98464 98465 98568 98507 98496
42423 7904 7737 3 37201 37202 98395
42424 7789 7904 7 37200 37202 90184 90186 86735 86737 97091
42425 8302 8409 5 37204 37205 86778 98415 98416
42426 7724 7415 4 37206 37207 97724 98450
42427 7489 7415 5 37207 37208 47382 47381 89740
42428 7415 7682 6 37206 37208 90088 90041 88740 88739
42429 7417 7304 7 37212 37209 87423 86516 86515 86908 86433
42430 7417 7200 6 87422 37209 37211 86720 86841 -1
42431 7250 7304 4 37210 37212 86434 86667
42432 7849 7527 4 37213 37214 98280 51988
42433 7578 7636 6 37215 37216 86585 86435 86430 86431
42434 8404 8506 7 37218 37219 38634 38147 38145 38345 37220
42435 8877 8387 5 38620 37224 37225 38307 -1
42436 7640 7724 6 37228 37229 37610 86388 37619 37620
42437 7870 7530 4 37230 37227 86929 86928
42438 7724 7530 4 37228 37230 98981 86581
42439 8494 8411 5 37235 37232 37484 37357 37358
42440 8494 8265 8 37232 37234 37252 38181 37851 37850 37908 37483
42441 9245 9000 5 37238 37240 97814 103366 103141
42442 8412 8207 6 37242 37243 98928 98891 86643 86642
42443 9263 9476 8 37246 37247 38059 37965 37963 103989 103987 158449
42444 9263 9136 4 37247 37248 157224 38597
42445 9436 9136 4 37248 37249 147960 147958
42446 9436 9263 9 37246 37248 46783 38343 38342 152038 158327 158329 158386
42447 9136 9476 6 37247 37249 37636 37633 37873 38598
42448 8405 8270 6 37251 37250 45367 45366 45668 45670
42449 8512 8470 4 37257 37258 47008 37411
42450 8365 8420 6 37260 37261 90218 47118 47117 97803
42451 8403 8420 6 37261 37262 47462 47463 47521 47522
42452 8420 8272 7 37260 37262 91446 97624 97654 90171 90168
42453 8758 8997 7 37264 37265 46261 47127 47142 47143 151746
42454 8758 8841 3 37265 37266 46262
42455 8717 8841 6 37266 37267 151744 97006 47470 47314
42456 8717 8997 3 37267 37264 151745
42457 8540 8270 4 37268 37269 37463 37464
42458 8332 8598 3 37270 37271 46612
42459 8332 8270 8 37271 37268 45485 45486 45695 45694 45629 45628
42460 8332 8540 6 37268 37270 46611 46898 46826 46825
42461 8598 8270 7 37269 37271 37580 37582 45667 45366 45365
42462 8827 8727 4 37273 37274 38011 37343
42463 8727 8832 7 37272 37274 38098 38099 38121 37892 37360
42464 8602 8406 7 37276 37277 38587 38588 38622 38590 38589
42465 8232 8602 3 37275 37277 38614
42466 8941 8630 6 37281 37279 98705 98616 98618 86521
42467 8890 8587 4 37283 37284 98591 98909
42468 8542 8817 4 37288 37285 37941 38531
42469 8621 8692 6 37290 37289 37863 37829 37826 37888
42470 9570 9510 6 37291 37292 156968 153523 153524 157649
42471 9580 9510 4 37294 37291 157651 38049
42472 9580 9570 8 37291 37293 157126 157735 157830 38466 38465 157650
42473 9463 9510 4 37292 37294 38048 156969
42474 9815 10130 4 37296 37297 111924 103343
42475 8692 8887 8 37298 37299 38115 38159 37750 37748 38187 37665
42476 8692 8799 4 37299 37300 37829 37827
42477 8761 8887 6 37301 37298 37667 38281 37974 37331
42478 8761 8692 4 37298 37300 37863 37666
42479 8959 9079 5 37303 37304 38534 38535 38663
42480 8959 9255 6 37304 37302 157418 157607 157604 157395
42481 8959 9191 3 37302 37303 157417
42482 9106 9174 5 37305 37306 38060 38061 38555
42483 9027 9174 5 37308 37305 104037 104039 112356
42484 9027 9106 6 37305 37307 157568 158278 157965 157509
42485 9077 9174 5 37306 37308 151856 158228 157632
42486 9108 9038 6 37310 37311 152618 152617 157734 157598
42487 9038 9111 5 37310 37312 153172 153171 156782
42488 9406 9200 5 37314 37315 145622 157646 157645
42489 9406 9316 7 37315 37316 157778 157637 157638 157656 145623
42490 9258 9316 6 37316 37317 157506 157262 157261 157706
42491 9316 9200 5 37315 37317 157414 157412 145624
42492 8678 8832 6 37318 37319 38175 38158 38097 38098
42493 8678 8839 5 37319 37320 37973 37812 37811
42494 8827 8678 5 37318 37320 37940 37938 38011
42495 8602 8453 6 37323 37324 38623 38637 38047 38046
42496 8328 8453 5 37326 37323 38653 38366 38365
42497 8378 8453 7 37324 37326 38462 38179 37928 37926 38136
42498 8344 8240 7 37327 37328 39553 39554 45250 39731 39724
42499 8344 8592 5 37328 37329 40200 39622 39623
42500 8116 8592 5 37329 37330 39664 39580 39578
42501 8116 8240 4 37330 37327 39725 39733
42502 8116 8344 5 37327 37329 40199 39693 39694
42503 8592 8240 6 37328 37330 38439 38441 39738 39732
42504 8378 8446 3 37332 37333 37664
42505 8518 8678 8 37335 37336 38008 37855 37856 37938 37939 38178
42506 8452 8518 3 37334 37336 38009
42507 8924 8699 5 37337 37338 46682 38161 38162
42508 8747 8699 6 37338 37339 38104 38295 158058 46764
42509 8956 8718 5 37341 37340 38629 39399 38682
42510 8727 8518 5 37343 37342 38135 37857 37856
42511 10464 10365 5 37344 37345 147558 147535 147536
42512 8420 8407 3 37350 37351 37600
42513 8135 8499 3 37352 37349 46759
42514 8135 8420 6 37349 37351 47279 97654 47372 46758
42515 8586 8411 6 37358 37356 37578 37831 46670 37798
42516 9040 8832 3 37359 37360 37891
42517 8981 8911 5 37361 37362 38554 157573 38035
42518 8873 8798 7 37363 37364 98664 98665 98667 158068 98672
42519 8873 8704 6 37364 37365 98669 98120 98118 98668
42520 8148 8157 4 37369 37367 98890 99641
42521 8575 8704 7 37371 37372 98668 98363 98364 98365 98368
42522 8798 8367 4 37373 37370 37488 37419
42523 8798 8575 5 37370 37372 98664 97488 97489
42524 8704 8367 3 37371 37373 37420
42525 8575 8409 7 37376 37377 98224 98366 98365 98362 98325
42526 8575 8354 7 37377 37378 98360 98374 98375 98376 98225
42527 8610 8354 5 37378 37379 93414 98027 98278
42528 8354 8409 5 37377 37379 93412 98215 98226
42529 9119 9268 5 37380 37381 102802 102789 99328
42530 9119 9194 5 37381 37382 102184 102537 102803
42531 8908 9119 8 37380 37382 102183 99365 98894 98893 99274 99329
42532 7732 7796 4 37387 37388 98979 98991
42533 7850 7647 3 37389 37386 86545
42534 7472 7425 5 37391 37392 98396 90031 90032
42535 7500 7472 3 37390 37392 89726
42536 8779 8892 6 37395 37396 151999 97966 97967 98056
42537 8779 8787 5 37396 37394 98075 98076 152120
42538 8779 8575 5 37394 37395 98115 98357 98088
42539 8948 8787 5 37397 37398 98162 98164 102836
42540 7472 7640 8 37399 37400 98503 98165 97518 92488 90035 90036
42541 7472 7336 4 37400 37401 98486 98500
42542 7489 7336 7 37401 37402 52394 52393 87086 87933 87934
42543 7489 7640 5 37402 37399 86389 37619 37621
42544 7489 7472 9 37399 37401 90024 37546 37545 98488 98504 88982 88981
42545 9383 9549 6 37403 37404 132974 152847 132938 132939
42546 9383 9195 5 37404 37405 155382 132539 132540
42547 9828 9195 4 37405 37406 43270 155664
42548 9828 9549 5 37406 37403 153689 44445 43269
42549 9828 9383 5 37403 37405 155663 154181 154076
42550 9195 9549 7 37404 37406 43268 154122 154060 153919 132975
42551 9407 9270 6 37408 37409 104034 104055 47995 47996
42552 9323 9407 3 37407 37409 98071
42553 9270 9419 3 37408 37410 98014
42554 8267 8617 6 37412 37413 37946 37947 37949 37944
42555 9073 8835 4 37417 37418 94017 98430
42556 9073 9157 7 37416 37417 102781 102752 94070 94067 102760
42557 8536 8798 5 37419 37421 37684 37904 37489
42558 9789 9721 7 37423 37424 157416 148473 103724 102776 102774
42559 9617 9789 9 37422 37424 151759 151758 148437 148438 151965 103497 100012
42560 7972 7685 6 37425 37426 52529 52328 51990 51991
42561 7972 7664 4 37426 37427 37434 52580
42562 7691 7685 6 37428 37425 37589 37588 50524 52418
42563 7691 7972 4 37425 37427 37433 52511
42564 7664 7685 5 37426 37428 52306 52305 52549
42565 8364 8339 5 37430 37431 47264 47263 97899
42566 8065 8281 4 37432 37429 97835 93705
42567 8065 8364 4 37429 37431 93815 97854
42568 8339 8281 7 37430 37432 52454 52456 90143 93632 93631
42569 7994 7972 7 37433 37434 52489 52488 52487 52564 52509
42570 7994 7664 4 37434 37435 52426 52424
42571 7691 7994 4 37433 37435 52504 52510
42572 8365 8394 8 37436 37437 52508 52507 97805 98103 97889 90103
42573 8365 8251 5 37437 37438 97621 47001 46999
42574 8455 8251 5 37438 37439 90492 90494 97077
42575 8455 8394 4 37439 37436 90105 95798
42576 8455 8365 5 37436 37438 97622 90212 90104
42577 8251 8394 5 37437 37439 97219 90099 90098
42578 9065 9049 4 37441 37442 37494 152002
42579 9049 8922 5 37441 37443 37531 37530 151985
42580 9414 9508 7 37444 37445 158034 158127 158130 158139 158080
42581 9414 9469 6 37445 37446 158027 158025 148604 148605
42582 9483 9469 4 37446 37447 157977 157978
42583 9483 9414 3 37444 37446 158026
42584 9469 9508 5 37445 37447 158084 157674 157673
42585 7722 7888 7 37448 37449 52736 52683 46806 37653 37655
42586 8102 7722 5 37448 37450 52678 46817 46816
42587 7436 7271 6 37452 37453 51382 51384 52783 51234
42588 7293 7271 6 37453 37454 51415 52787 52785 51422
42589 7271 7242 6 37452 37454 51362 50631 50630 51235
42590 8706 8747 4 37455 37456 37968 38223
42591 8706 8813 3 37456 37457 37969
42592 8720 8813 10 37457 37458 38303 38256 38253 37810 37809 38198 38323 38112
42593 8813 8747 6 37456 37458 38293 38295 158048 37970
42594 9164 9263 5 37459 37460 46783 157224 157223
42595 9164 9094 5 37460 37461 103414 157520 46784
42596 9077 9263 5 37462 37459 157631 157632 158237
42597 9094 9263 5 37460 37462 158098 38341 38343
42598 8540 8418 8 37464 37465 37520 46705 37838 37839 46824 46825
42599 7795 8203 5 37466 37467 45901 45910 45780
42600 7795 7762 5 37467 37468 40976 43793 44137
42601 7998 7762 5 37468 37469 45219 45218 40977
42602 7998 8203 6 37469 37466 45198 45029 37565 37567
42603 7998 7795 6 37466 37468 39904 39905 45676 45678
42604 7994 8023 5 37470 37471 52510 52509 52562
42605 8128 8023 4 37473 37470 46777 45673
42606 8128 7994 6 37470 37472 52458 52544 52576 52563
42607 7750 7829 4 37478 37479 37784 51431
42608 7750 7874 5 37479 37476 46803 46802 37783
42609 7750 7840 7 37476 37478 51430 52865 52807 52808 52800
42610 7829 7874 5 37477 37479 37782 45621 45918
42611 8560 8199 5 37480 37481 37551 37549 86590
42612 8371 8494 5 37483 37484 37559 37558 37874
42613 8642 8815 3 37485 37487 47035
42614 8088 7857 7 37490 37491 93961 97840 97838 90074 90075
42615 7819 7857 7 37492 37490 47585 47587 97582 97581 97596
42616 7982 7857 4 37491 37492 97632 93963
42617 8807 8982 4 37498 37496 46794 103108
42618 8799 8572 3 37499 37500 37687
42619 8394 8438 6 37504 37505 97774 97757 97756 97529
42620 8394 8327 6 37505 37502 50558 50557 97805 97773
42621 8394 8356 3 37502 37504 97528
42622 8438 8327 3 37503 37505 94073
42623 8936 8832 4 37510 37508 38087 37804
42624 8777 8938 7 37514 37515 99384 74126 74127 99003 92885
42625 8777 8578 4 37515 37516 99581 99520
42626 8750 8777 4 37514 37516 99131 92884
42627 8370 8749 4 37517 37518 47460 47516
42628 8470 8671 3 37521 37522 37728
42629 9156 9061 4 37526 37527 104143 97972
42630 9156 9068 7 37527 37528 46541 46542 97044 103968 103967
42631 9047 9068 6 37528 37529 97711 97917 97065 97037
42632 9047 9156 4 37526 37528 97036 97973
42633 9078 9049 5 37532 37530 47252 47251 47009
42634 8169 8215 3 37533 37535 38410
42635 8021 8354 3 37534 37536 97751
42636 8350 8512 6 37537 37538 37953 37816 37818 47293
42637 8350 8371 5 37538 37539 37555 37715 37952
42638 8715 8610 6 37542 37543 90204 98199 98324 97788
42639 7472 7116 3 37546 37547 47434
42640 7094 7116 7 37547 37548 89711 89776 55526 55528 47435
42641 7094 7489 5 37548 37545 89847 89846 89709
42642 7094 7472 5 37545 37547 47433 97213 97212
42643 7116 7489 6 37546 37548 89710 90044 87933 87935
42644 8199 8495 6 37551 37552 98600 98639 98573 47221
42645 10410 10439 6 37554 37553 156019 147193 147192 156621
42646 6843 7161 5 37563 37564 53840 52241 52050
42647 6843 7056 8 37564 37561 46769 46771 54771 55676 52547 52548
42648 6843 7160 3 37561 37563 52049
42649 7161 7056 5 37562 37564 53839 55577 52605
42650 8203 8380 6 37565 37566 38270 38271 44524 45028
42651 8203 7968 4 37566 37567 44487 44485
42652 9025 8887 6 37568 37569 38126 38023 38022 37693
42653 8984 8887 3 37569 37570 38100
42654 9955 10013 6 37571 37572 103650 105073 105074 148623
42655 10162 10013 5 37573 37571 144662 144664 151915
42656 10200 10013 6 37572 37573 148626 148627 105079 103652
42657 8346 8539 3 37574 37576 47077
42658 8586 8675 5 37578 37577 38301 37994 37830
42659 8270 8589 3 37580 37581 45628
42660 8270 8301 6 37581 37582 45798 45717 45716 45629
42661 8598 8301 3 37582 37583 45706
42662 8301 8589 8 37581 37583 45704 45669 45593 45591 46900 45630
42663 8755 8656 5 37584 37585 47265 97726 43789
42664 8755 8749 7 37585 37586 98084 98012 98001 93471 47266
42665 8841 8749 8 37586 37587 47472 47314 46262 46263 46855 46857
42666 8841 8656 6 37587 37584 43790 97085 46512 46514
42667 7685 8023 4 37589 37590 46238 51991
42668 7977 7691 5 37591 37588 50525 47320 47322
42669 8195 8507 5 37592 37593 47449 47307 47308
42670 8195 8348 6 37593 37594 47160 47290 47343 47371
42671 8340 8348 5 37594 37595 46889 46887 46886
42672 8340 8195 6 37592 37594 47004 47003 47318 47309
42673 8348 8507 5 37593 37595 46747 46746 47432
42674 8580 8318 8 37596 37597 47384 37603 37601 47451 47450 47889
42675 8580 8658 4 37597 37598 47888 47859
42676 8633 8580 5 37596 37598 47584 38244 38246
42677 8420 8162 7 37599 37600 47279 97624 47465 47463 47518
42678 8580 8352 3 37602 37603 47374
42679 8318 8416 5 37604 37601 46679 46680 47538
42680 8671 8787 3 37605 37606 37695
42681 9010 9154 4 37609 37607 104053 47194
42682 9367 9154 5 37608 37609 47193 158053 103983
42683 7640 8036 5 37610 37611 98380 98381 98429
42684 7870 8036 5 37611 37612 98231 97249 97247
42685 8036 7724 5 37610 37612 97815 37623 37622
42686 7992 8055 4 37613 37614 98389 98388
42687 8169 8055 5 37615 37613 95723 95720 97576
42688 8061 8055 5 37614 37615 48233 48232 97336
42689 8033 8110 4 37616 37617 98315 98634
42690 8033 8143 7 37617 37618 98625 86543 86541 86597 86598
42691 7796 8033 6 37616 37618 98628 98632 98633 98636
42692 7724 8021 5 37623 37624 89747 89748 97762
42693 7709 8021 5 37624 37625 89698 52333 52332
42694 7709 8036 5 37625 37622 98429 98419 98418
42695 8061 7905 4 37628 37626 52540 52516
42696 9193 9298 6 37629 37630 157759 98660 98658 157841
42697 9193 9424 6 37630 37631 158374 158350 103876 103877
42698 9079 9298 5 37632 37629 157843 158192 158149
42699 9079 9193 4 37629 37631 158361 157842
42700 9424 9298 5 37630 37632 158148 158219 158194
42701 9193 9476 5 37633 37634 103876 158349 37871
42702 9193 9509 4 37634 37635 157759 103877
42703 9136 9509 5 37635 37636 147960 147959 157521
42704 9136 9193 7 37633 37635 98660 98659 38560 38557 37872
42705 8874 9028 6 37637 37638 97498 98034 98143 46809
42706 8807 9028 4 37640 37637 46811 152111
42707 8922 9028 7 37638 37640 103275 103219 103220 97406 97403
42708 8014 8346 5 37642 37641 47596 47337 47334
42709 8271 8256 3 37643 37644 46874
42710 9380 9496 4 37646 37647 157570 38550
42711 9357 9496 7 37647 37648 153205 38564 38029 38030 157572
42712 9357 9489 4 37648 37645 158136 153203
42713 9357 9380 7 37645 37647 157571 157969 158183 148567 148566
42714 9496 9489 8 37646 37648 153204 157678 157873 157980 158140 38552
42715 7874 7722 5 37653 37654 46801 46802 46805
42716 8118 7722 5 37654 37655 46816 46815 46807
42717 8721 8738 5 37656 37657 45537 46683 46684
42718 8797 8738 7 37657 37658 104475 104474 46394 46393 45539
42719 8738 8855 5 37656 37658 152621 152620 46990
42720 7753 7788 3 37659 37660 39045
42721 7753 7776 7 37660 37661 40629 40487 39777 39491 39490
42722 7811 7776 3 37661 37662 39418
42723 7811 7788 5 37662 37659 39046 39675 39416
42724 8887 8670 4 37665 37667 38200 38186
42725 8242 8584 5 37668 37669 47083 47082 47163
42726 8691 9081 5 37670 37671 47056 37698 37677
42727 8691 9085 7 37671 37672 37869 158035 46745 46744 47048
42728 9010 9085 4 37672 37673 103795 37870
42729 9010 8691 4 37670 37672 37867 37678
42730 9085 9081 9 37671 37673 158209 37760 37759 46716 46717 47027 47057
42731 8360 8309 4 37674 37675 45026 43074
42732 8787 8691 6 37677 37678 37866 37696 37695 37699
42733 8948 8696 3 37681 37679 37779
42734 8617 8704 3 37685 37686 37884
42735 8316 8349 6 37689 37690 37912 38185 39378 38311
42736 8153 8349 6 37692 37689 38313 39303 38140 38138
42737 8153 8316 5 37689 37691 38409 51327 38312
42738 8306 8349 4 37690 37692 38137 37913
42739 8691 8583 5 37696 37697 47037 37881 37879
42740 8671 8691 6 37695 37697 45746 37842 37843 37700
42741 8807 8691 4 37698 37699 37700 47049
42742 9113 9045 6 37702 37703 157594 38221 38220 39218
42743 8981 9045 4 37703 37704 39233 39235
42744 8981 9200 7 37704 37701 157589 157501 157500 37980 37979
42745 9045 9200 5 37702 37704 157622 157601 157599
42746 9057 8872 7 37706 37707 46067 47187 47188 44410 44411
42747 9057 8903 5 37707 37705 46166 152531 46066
42748 9057 8784 6 37705 37706 45070 46392 46391 46165
42749 8885 8825 4 37709 37710 44490 44491
42750 8885 8853 7 37710 37708 46908 45503 45502 46230 46987
42751 8885 8966 6 37708 37709 43186 43188 46927 46950
42752 8988 8893 7 37711 37712 103804 97881 97882 98354 98195
42753 8988 9043 4 37712 37713 103900 103899
42754 9007 9043 7 37713 37714 47212 93684 93685 98207 104017
42755 9043 8893 4 37712 37714 47210 103637
42756 9269 9170 4 37717 37718 150931 150930
42757 9037 9222 4 37719 37720 105119 104640
42758 9037 9170 6 37720 37717 152505 49165 49164 151350
42759 8853 8625 7 37722 37723 45442 46230 46988 46089 46088
42760 8699 8625 4 37723 37724 46780 45443
42761 8699 8597 4 37724 37721 45803 46229
42762 8699 8853 6 37721 37723 45441 46681 38161 38160
42763 8625 8597 5 37722 37724 46713 45790 45791
42764 8568 8642 3 37726 37727 38193
42765 8568 8671 7 37727 37728 46108 45745 37842 37840 37848
42766 8687 8863 5 37730 37731 47148 46721 46722
42767 8504 8863 9 37732 37730 45564 45563 46390 46389 38290 38289 46741
42768 8645 8863 4 37731 37732 46740 47150
42769 8855 8933 3 37734 37735 104071
42770 8804 8760 3 37736 37737 47126
42771 8804 8770 4 37737 37738 47019 47022
42772 8933 8770 4 37738 37739 46164 47034
42773 8933 8760 5 37739 37736 47103 47068 46163
42774 8969 9085 5 37741 37742 46935 47025 47027
42775 8863 9085 7 37742 37743 46744 46743 47013 48023 46936
42776 8863 8815 6 37743 37740 46722 45564 45561 46867
42777 8863 8969 6 37740 37742 37765 37767 47147 46721
42778 9085 8815 4 37741 37743 47048 47057
42779 8452 8371 7 37745 37746 37874 37907 37911 37917 37918
42780 8452 8617 5 37744 37745 37946 37945 37899
42781 8813 8692 5 37747 37748 38254 38253 38252
42782 8813 8887 5 37748 37749 38086 38284 38255
42783 8832 8887 7 37749 37750 38097 38099 38126 38100 38087
42784 8832 8692 3 37750 37747 38158
42785 8092 8248 7 37751 37752 39421 45393 45062 45063 53546
42786 8092 8003 7 37752 37753 53544 44090 44089 45186 39422
42787 8006 8092 3 37751 37753 53550
42788 8003 8248 3 37752 37754 39423
42789 9199 9085 3 37758 37759 110412
42790 9085 9367 5 37758 37760 157536 157268 157265
42791 9146 9231 6 37761 37762 46258 152014 158265 158339
42792 9146 9263 4 37762 37763 37963 46259
42793 9174 9263 6 37763 37764 158235 157632 38060 37965
42794 9174 9231 4 37764 37761 157987 157986
42795 9174 9146 6 37761 37763 37964 38555 104037 104036
42796 9263 9231 8 37762 37764 104010 104009 158236 158327 158284 46260
42797 8969 8757 4 37766 37767 47151 47032
42798 8566 8338 5 37768 37769 46609 46607 47274
42799 8346 8338 6 37769 37770 47452 47335 47334 47515
42800 8338 8580 4 37768 37770 47450 47715
42801 8540 8388 6 37771 37772 37789 37839 37787 37785
42802 8540 8363 3 37772 37773 37790
42803 8597 8363 5 37773 37774 44413 45817 45543
42804 8597 8388 5 37774 37771 45838 44484 44412
42805 8597 8540 7 37771 37773 38249 38251 46229 46713 46712
42806 8363 8388 6 37772 37774 44342 44340 44364 37791
42807 8338 8318 7 37775 37776 47450 47452 47491 47489 47490
42808 8338 8579 7 37776 37777 47576 47085 47084 47274 47715
42809 8300 8318 5 37778 37775 46833 46830 46963
42810 8300 8338 6 37775 37777 47575 47789 47573 47572
42811 7728 7750 6 37783 37784 52294 44350 44353 46808
42812 7728 7829 6 37784 37782 45623 46672 43606 43608
42813 7728 7874 4 37782 37783 46805 45622
42814 8540 8585 4 37785 37786 46711 46712
42815 8540 8545 4 37786 37787 37838 46706
42816 8388 8585 5 37788 37785 45838 45837 46253
42817 8545 8585 7 37786 37788 46275 46361 46091 38213 38214
42818 8540 8337 7 37789 37790 38249 38250 46899 46826 46824
42819 8337 8388 5 37789 37791 46685 46737 46736
42820 9027 8948 4 37792 37793 104039 104038
42821 8252 8332 4 37794 37795 45487 45486
42822 8252 8337 6 37795 37796 46371 46814 46737 46735
42823 8100 8337 7 37796 37797 45696 45715 44222 38065 38064
42824 8100 8332 3 37797 37794 45695
42825 8337 8332 6 37795 37797 45694 46822 46826 46795
42826 8586 8405 5 37799 37798 46671 45367 38075
42827 8675 8691 9 37801 37802 37879 37866 37867 37869 157497 37993 37830
42828 8512 8691 5 37802 37803 37818 47038 37881
42829 8512 8411 4 37803 37800 37955 37816
42830 8691 8411 6 37801 37803 37817 46719 46718 37831
42831 8290 8316 3 37808 37806 38718
42832 8290 8453 7 37806 37807 38007 38364 38366 38652 38717
42833 8813 8678 4 37810 37811 38175 38252
42834 8839 8720 3 37812 37809 37972
42835 8678 8720 5 37810 37812 37971 38095 38216
42836 8583 8507 5 37815 37813 46109 47037 47007
42837 8583 8568 3 37813 37814 46108
42838 8691 8350 4 37817 37818 47292 46819
42839 8573 8674 4 37819 37820 46969 46968
42840 8573 8543 8 37820 37821 45575 38350 38351 45609 45610 46153
42841 6122 6210 8 37823 37824 53806 54504 54442 49509 49507 51180
42842 6022 6122 5 37822 37824 43770 43767 54482
42843 8708 8692 4 37826 37827 38115 38109
42844 8621 8708 5 37826 37828 37898 37900 38110
42845 8418 8545 6 37832 37833 46820 45540 45542 37838
42846 8499 8687 7 37834 37835 46442 46440 47467 47135 47136
42847 8499 8470 6 37835 37836 46757 46759 47458 47058
42848 8470 8687 3 37835 37837 45581
42849 8568 8815 5 37840 37841 45561 45562 37847
42850 8568 8691 5 37841 37842 45744 47059 46866
42851 8691 8815 6 37841 37843 47049 47056 47048 46867
42852 8242 7871 5 37844 37845 46590 47137 46235
42853 8242 8338 9 37845 37846 47784 47788 47789 47791 47085 47083 46591
42854 8014 8242 5 37844 37846 47785 46579 46236
42855 8167 8494 4 37853 37850 37910 38403
42856 8115 8494 4 37851 37853 38401 38182
42857 8378 8518 4 37855 37857 37926 37927
42858 8210 7922 6 37858 37859 40593 39016 39014 39024
42859 7877 7922 5 37859 37860 38938 53209 40594
42860 7922 8028 3 37858 37860 38937
42861 8572 8798 3 37861 37862 37904
42862 9010 8675 6 37864 37865 37868 37867 37870 103793
42863 8675 9085 3 37869 37870 103794
42864 9151 9193 4 37871 37872 103318 158351
42865 7481 7637 8 37876 37877 90090 89925 89924 89851 89850 89931
42866 7502 7384 6 37878 37875 87003 87001 90366 90260
42867 7502 7481 5 37875 37877 47269 47271 86547
42868 7637 7384 5 37876 37878 90259 89774 89773
42869 8675 8583 3 37879 37880 37882
42870 8621 8678 3 37889 37888 38110
42871 8298 8153 7 37895 37896 53102 45003 45004 38141 38138
42872 8298 8306 4 37894 37895 38137 38329
42873 8983 8968 5 37901 37902 38658 39148 38676
42874 8978 8968 4 38660 37902 37903 -1
42875 8968 9069 9 157260 39257 39258 157036 157037 38677 37901 37903 -1
42876 8452 8265 3 37907 37908 37909
42877 8436 8448 7 37915 37914 37933 45506 45507 45572 45605
42878 8452 8178 3 37916 37917 37920
42879 8267 8371 3 37918 37919 37947
42880 9890 9870 7 37922 37923 156821 156816 156817 155857 155858
42881 10196 10511 8 37924 37925 66713 66716 154150 147396 147395 41772
42882 10196 9870 7 37925 37922 142287 142284 66770 66769 142647
42883 10196 9890 5 37922 37924 41771 144363 156707
42884 10511 9870 3 37923 37925 142646
42885 8372 8213 4 37929 37930 38695 38730
42886 8372 8266 3 37930 37931 38694
42887 9501 9521 8 37934 37935 153452 153450 157943 158009 157652 153448
42888 9501 9536 5 37935 37936 157960 157860 157851
42889 9668 9501 5 37934 37936 157961 157856 153449
42890 9536 9521 4 37935 37937 46531 46533
42891 8683 8678 5 37939 37940 37973 37971 38096
42892 8617 8283 4 37942 37943 37951 37944
42893 8617 8178 4 37948 37949 37951 37950
42894 8572 8350 3 37952 37953 37954
42895 8766 8927 4 37956 37957 39390 38164
42896 9409 9334 5 37959 37960 157761 157760 157744
42897 9409 9236 6 37960 37961 156666 158013 158201 158245
42898 9448 9236 5 37961 37962 157889 157937 156668
42899 9448 9334 9 37962 37959 157746 153110 153109 158123 158122 157840 157839
42900 9448 9409 4 37959 37961 156667 157745
42901 9236 9334 4 37960 37962 38505 38502
42902 9174 9476 3 37964 37965 38061
42903 8813 8781 6 37969 37970 157972 38325 38322 38112
42904 8936 8761 4 37974 37975 103811 38283
42905 9113 8888 4 37976 37977 157592 157454
42906 8927 9113 5 37976 37978 38643 157594 157453
42907 9035 8981 5 37980 37981 38714 38715 157408
42908 8994 9011 6 37982 37983 152563 153327 46070 46044
42909 8994 8953 4 37983 37984 46041 150895
42910 8726 8953 5 37984 37985 44099 44101 44659
42911 8726 9011 3 37985 37982 44946
42912 8726 8994 6 37982 37984 46042 44647 44646 46043
42913 9903 9729 5 37986 37987 158550 148590 103395
42914 9903 9768 7 37987 37988 148592 148593 147884 147887 158552
42915 9608 9768 5 37988 37989 158054 103865 103866
42916 9608 9729 5 37989 37986 103397 158298 158320
42917 9608 9903 6 37986 37988 145483 145482 157522 103396
42918 9768 9729 4 37987 37989 158164 158162
42919 8761 8586 4 37990 37991 38027 37994
42920 8761 8711 4 37991 37992 157911 38026
42921 8691 8761 4 37990 37992 157496 37993
42922 8757 8504 4 37995 37996 46741 46742
42923 8377 8504 8 37998 37995 46035 46037 47172 46884 46885 45590
42924 8377 8757 5 37995 37997 46123 46122 46324
42925 8625 8504 6 37996 37998 45145 45142 38292 38289
42926 9513 9450 5 37999 38000 152177 147108 147106
42927 9513 9589 8 38000 38001 150729 147969 147970 152551 147978 147979
42928 9354 9513 4 37999 38001 150728 152090
42929 9191 9200 8 38002 38003 157240 157412 39349 39350 157498 157500
42930 8956 9200 3 38004 38002 157501
42931 8626 8453 6 38005 38006 39198 38652 38653 38046
42932 8518 8927 3 38016 38017 38602
42933 8664 8518 3 38018 38020 38178
42934 9357 9606 3 38028 38029 38565
42935 9410 9496 3 38030 38031 157625
42936 9410 9606 7 38031 38028 157597 153177 153176 147842 147841
42937 9496 9606 7 38029 38031 147848 147849 157725 157668 38566
42938 8718 8626 4 38036 38037 38628 39392
42939 8718 8602 5 38037 38038 38610 38611 38618
42940 8693 8626 4 38039 38036 39388 38745
42941 8075 8179 4 38043 38044 44134 44133
42942 8075 8434 5 38044 38042 45222 45260 45295
42943 8075 8006 6 38042 38043 45362 45363 53535 45221
42944 8518 8602 4 38047 38045 38606 38639
42945 9456 9580 5 38049 38050 42458 42457 156776
42946 9456 9463 4 38050 38048 157875 157755
42947 9010 9025 3 38053 38054 148620
42948 9607 9424 6 38055 38056 158346 157525 157524 157510
42949 9607 9964 4 38056 38057 158681 158345
42950 9540 9964 6 38057 38058 39251 39254 156138 156137
42951 9540 9607 4 38055 38057 158675 157511
42952 9964 9424 4 38056 38058 158742 158347
42953 9106 9263 5 38059 38060 157631 157223 38597
42954 9476 9106 5 38059 38061 38556 157609 38598
42955 8000 8130 7 38062 38063 44069 44067 45848 45743 44070
42956 8337 8130 5 38065 38062 44072 45650 44221
42957 8337 8000 4 38062 38064 46371 44071
42958 8057 8163 5 38067 38066 52685 53281 53320
42959 9107 9313 3 38071 38069 153511
42960 9239 9313 7 38070 38071 153498 153425 153424 153428 39567
42961 7802 7727 6 38072 38073 53138 44934 44935 38305
42962 7629 7727 5 38073 38074 53251 53236 53140
42963 7727 7723 5 38072 38074 52694 45737 38306
42964 9939 9994 6 38077 38078 147379 147380 147912 147911
42965 9939 10038 3 38078 38076 158582
42966 8991 8898 3 38081 38082 39566
42967 8991 8745 6 38082 38080 39541 39540 39275 39274
42968 8991 8899 8 38080 38081 45519 45520 156709 157882 157069 44597
42969 8951 8727 3 38089 38090 38527
42970 8319 8156 4 38091 38092 39514 39517
42971 8319 8170 7 38092 38093 45086 45571 39783 38449 38447
42972 8349 8170 4 38093 38094 38140 38139
42973 8349 8156 5 38094 38091 38425 38426 39303
42974 8349 8319 8 38091 38093 45085 45567 45439 45255 45257 45022
42975 8170 8156 6 38092 38094 40178 40175 45369 45139
42976 9363 9547 4 38106 38107 156534 156535
42977 9541 9547 8 38107 38108 156917 155627 155629 156573 157365 156699
42978 9541 9412 5 38108 38105 39535 39537 156906
42979 9541 9363 4 38105 38107 156698 157153
42980 9547 9412 5 38106 38108 156965 156950 156951
42981 8720 8781 3 38111 38112 38319
42982 8762 8994 5 38113 38114 46042 46041 46056
42983 7599 7529 6 38116 38117 45018 38127 38128 52881
42984 7629 7474 4 38118 38119 53237 53236
42985 7629 7529 7 38119 38116 53212 53098 52850 52849 53270
42986 7629 7599 5 38116 38118 53251 52022 52023
42987 9025 8832 3 38120 38121 38126
42988 8510 8166 5 38123 38124 38586 38584 38585
42989 7599 7445 5 38128 38129 53015 53358 52880
42990 7228 7599 4 38127 38129 53014 45017
42991 8168 8162 5 38132 38133 47525 47642 45672
42992 8168 8068 4 38131 38132 45671 47593
42993 8727 8453 4 38136 38135 38581 38623
42994 8298 8349 7 38137 38138 38139 45085 45569 38432 38328
42995 8170 8153 4 38140 38141 40177 40178
42996 8276 8280 6 38142 38143 38648 38758 38756 38755
42997 8549 8506 3 38146 38147 38635
42998 8989 9004 3 38149 38150 38509
42999 8888 8989 7 38148 38150 38506 38508 157454 38369 38248
43000 9435 9281 5 38151 38152 153368 147397 147398
43001 9435 9283 4 38152 38153 152181 153369
43002 9277 9283 6 38153 38154 153903 153902 153801 152182
43003 9277 9281 7 38154 38151 153922 153993 153990 153982 153981
43004 9153 9150 6 38155 38156 157995 158049 153533 153536
43005 9153 8924 6 38156 38157 157974 157975 158046 157996
43006 9272 9153 5 38155 38157 158008 157311 157310
43007 8626 8766 6 38164 38165 38605 38604 38628 39391
43008 8383 8266 6 38167 38168 38731 38696 38694 38763
43009 8383 8355 6 38168 38166 38747 38748 38783 38784
43010 9267 9273 5 38169 38170 103850 158186 158254
43011 9065 9273 6 38170 38171 47486 47487 98086 98087
43012 9273 9110 4 38169 38171 152010 152009
43013 8436 8265 3 38173 38174 38181
43014 8424 8316 5 38176 38177 38718 38716 38723
43015 8887 8664 4 38187 38186 38201 38255
43016 8299 8301 7 38189 38190 45227 45693 45798 45706 45704
43017 8376 8301 7 38190 38191 45593 45592 45532 45125 45127
43018 8376 8448 5 38191 38188 45625 45233 45235
43019 8376 8299 4 38188 38190 45185 45182
43020 8301 8448 3 38189 38191 45669
43021 8664 8598 3 38194 38195 38279
43022 8677 8664 7 38196 38197 38278 38279 38296 38285 38201
43023 8677 8887 5 38200 38201 38284 38282 38281
43024 7719 7493 4 38206 38203 45385 40548
43025 7719 7694 7 38203 38205 45275 53304 53586 45208 45207
43026 7209 7318 5 38208 38209 51483 51482 45734
43027 7209 7020 4 38209 38207 52655 53894
43028 7209 7181 6 38207 38208 45733 53943 52660 52654
43029 8807 8760 3 38211 38210 47036
43030 8674 8585 5 38212 38213 46090 46993 45230
43031 8625 8585 5 38214 38212 45232 45790 46711
43032 8720 8692 3 38215 38216 38253
43033 9645 9504 4 38217 38218 46911 157151
43034 9734 9504 4 38218 38219 157756 46913
43035 9504 9585 8 38217 38219 153246 104068 104066 157915 46170 46169
43036 8039 8298 5 38226 38227 39780 45003 38235
43037 8170 8039 6 38226 38228 45768 38229 38231 38234
43038 8039 8212 4 38229 38230 45549 45767
43039 8039 8003 9 38230 38231 45262 53289 53290 53502 53587 53231 45550
43040 7025 7484 7 38232 38233 45729 45731 53461 53531 44077
43041 8039 8082 6 38234 38235 45002 38952 38951 45262
43042 8170 8082 6 38236 38234 45188 45187 40175 40177
43043 8298 8082 3 38235 38236 45004
43044 7779 7791 5 38237 38238 52733 52734 53302
43045 7837 7831 6 38242 38239 52443 52444 44066 44068
43046 7837 7706 4 38239 38241 53334 52884
43047 7795 7831 6 38240 38242 45947 45764 44181 44183
43048 8566 8633 4 38244 38245 47939 47583
43049 8579 8580 4 38246 38243 47715 47889
43050 8579 8566 4 38243 38245 47273 47274
43051 8827 8989 3 38247 38248 38314
43052 8813 8664 4 38254 38255 38285 38256
43053 8590 8723 5 38257 38258 45446 45447 45412
43054 9280 9166 6 38265 38266 157966 153124 153125 38358
43055 9082 9166 6 38268 38265 38359 153415 157867 157876
43056 9004 9166 4 38266 38268 45454 45452
43057 8203 8179 4 38269 38270 44485 44486
43058 8899 8680 3 38272 38273 39568
43059 8846 8680 5 38274 38272 39569 45317 45316
43060 8677 8436 3 38276 38277 38278
43061 8936 8677 4 38282 38283 103809 38286
43062 8677 8813 7 38284 38285 38303 38293 38294 153133 38286
43063 9722 9888 6 38287 38288 147823 147822 158443 152259
43064 8625 8711 8 38291 38292 45904 45905 46838 45443 45442 46231
43065 8625 8863 4 38289 38291 47012 47015
43066 8699 8813 4 38294 38295 157612 153134
43067 8660 8805 5 38299 38297 39962 45311 45481
43068 8677 8675 3 38300 38301 38302
43069 7802 8057 7 38304 38305 53217 53323 53324 44590 44588
43070 7727 8057 6 38305 38306 45739 52756 45690 45688
43071 8057 7723 4 38304 38306 45738 52702
43072 9082 9090 5 38308 38309 153415 153242 153243
43073 8898 9090 6 38309 38310 38482 44999 45000 157868
43074 9090 8989 4 38308 38310 38481 157247
43075 8123 8153 5 38312 38313 39304 53514 51328
43076 8123 8349 6 38313 38311 39379 39429 38427 38426
43077 8898 8706 3 38315 38316 38318
43078 8898 8720 4 38316 38317 38323 38319
43079 8898 8781 8 38318 38319 38322 38324 45058 45059 45597 38320
43080 8781 8683 3 38320 38321 45584
43081 8781 8942 4 38325 38324 45078 157971
43082 8614 8555 4 38326 38327 42667 39544
43083 8771 8718 4 38331 38332 38611 38464
43084 8978 8652 4 38333 38334 39139 -1
43085 9289 9200 5 38336 38337 157599 157600 157645
43086 9289 9113 6 38337 38335 158030 158004 39217 39218
43087 9289 9343 6 38335 38336 157398 157397 157603 158029
43088 9594 9447 6 38338 38339 157307 157207 155885 155886
43089 9447 9366 5 38338 38340 157098 153311 153313
43090 9263 9208 5 38341 38342 152037 104009 104012
43091 9094 9436 5 38343 38344 98102 103883 46784
43092 9436 9208 4 38342 38344 98100 103842
43093 9021 8932 4 38346 38347 153122 45500
43094 9021 9058 4 38347 38348 153491 153121
43095 8860 9058 3 38348 38349 153492
43096 8860 8932 7 38349 38346 45051 45052 45391 45390 153510
43097 8860 9021 7 38346 38348 153490 46033 45636 45082 45079
43098 8377 8318 5 38352 38353 46830 46831 46835
43099 8318 8543 5 38351 38353 46963 46977 46928
43100 8959 8911 4 38356 38354 157411 38367
43101 9166 9187 6 38358 38359 153414 157736 157913 157774
43102 8989 8984 4 38362 38363 38508 157623
43103 8989 9123 3 38361 38362 147608
43104 8453 8294 4 38364 38365 38462 38461
43105 8911 8956 4 38367 38368 38554 157619
43106 8379 8316 3 38370 38371 39378
43107 8123 8457 3 38372 38373 38997
43108 8123 8379 6 38370 38372 39380 39038 39036 39379
43109 9501 9467 6 38374 38375 157895 157620 153374 153085
43110 9460 9585 7 38376 38377 157915 45054 45055 153411 45633
43111 9460 9467 6 38377 38374 153087 157956 157940 157939
43112 9460 9501 4 38374 38376 45631 153086
43113 9585 9467 4 38375 38377 46170 46167
43114 7374 7726 3 38378 38379 49434
43115 7374 7482 5 38379 38380 49969 42815 42816
43116 7534 7482 4 38380 38381 52784 51302
43117 7534 7374 7 38378 38380 51299 49290 48845 45917 45914
43118 8535 8582 3 38382 38383 38421
43119 8582 8650 7 38382 38384 45241 45440 45410 45409 45380
43120 7749 7960 5 38799 38787 38387 38388 -1
43121 8494 8422 5 38389 38390 38403 38401 38391
43122 8422 8333 3 38393 38394 38395
43123 8292 8491 4 38397 38398 38592 38591
43124 8422 8167 3 38402 38403 38404
43125 7546 7738 7 38412 38413 45279 53572 53308 53307 53292
43126 7546 7501 3 38413 38414 45278
43127 7442 7501 5 38414 38415 38419 38418 53607
43128 7442 7546 7 38412 38414 53608 53609 54074 52716 52718
43129 7501 7738 6 38413 38415 38948 40108 40562 40945
43130 7317 7453 4 38416 38417 45179 45180
43131 7317 7442 7 38417 38418 53606 53609 53701 53582 45251
43132 7501 7453 7 38419 38416 39063 39060 40786 40107 38948
43133 7501 7317 5 38416 38418 53605 53556 53457
43134 9435 9429 7 38422 38423 153905 154033 153945 153900 152181
43135 9277 9429 8 38424 38422 152182 153471 153469 153971 154020 153866
43136 9710 9429 5 38423 38424 153867 152679 152681
43137 8349 8220 5 38427 38425 45022 45326 45323
43138 8524 8659 6 38428 38429 44980 45024 39760 39588
43139 8509 8369 5 38430 38431 40458 40461 39978
43140 8509 8659 7 38431 38428 39589 44702 45015 45038 45161
43141 8369 8659 3 38429 38431 44981
43142 8647 8298 4 38432 38433 38434 45583
43143 6265 6388 6 38435 38436 43931 51520 53085 51551
43144 6265 6210 5 38436 38437 54463 53070 43930
43145 6192 6210 4 38437 38438 49509 54443
43146 6192 6388 7 38438 38435 51552 53875 51550 51549 49508
43147 6192 6265 4 38435 38437 49732 49734
43148 8240 8129 6 38439 38440 38823 38821 39606 39733
43149 8877 9035 3 38442 38443 38651
43150 8248 8319 6 38446 38447 39514 39515 39341 39342
43151 8434 8170 3 38448 38449 39784
43152 8434 8319 7 38449 38446 39019 39018 45240 45315 39782
43153 8434 8248 7 38446 38448 45041 45220 45222 45258 45408
43154 8954 8860 5 38451 38452 45081 45079 45051
43155 8781 8954 7 38450 38452 45499 158045 45078 45058 45057
43156 9183 9234 5 38453 38454 153263 153289 152463
43157 9183 8966 8 38454 38455 152761 44408 44409 153226 153319 153264
43158 9141 8966 8 38455 38456 46947 46946 46951 46927 46926 152084
43159 9141 9234 7 38456 38453 152464 152231 147963 147964 152067
43160 9141 9183 4 38453 38455 46083 46082
43161 8966 9234 3 38454 38456 152066
43162 8096 8434 5 38460 38457 39763 45295 45296
43163 8096 8519 4 38457 38459 45342 39762
43164 8344 8434 5 38458 38460 45293 45250 45249
43165 8766 8718 6 38463 38464 38618 38628 39398 38629
43166 9763 9570 3 38465 38467 157655
43167 8462 8824 4 38468 38469 39375 39278
43168 8462 8776 6 38469 38470 38762 38761 39354 39353
43169 8571 8776 4 38470 38471 39221 38764
43170 8776 8824 6 38469 38471 39220 39138 38750 38749
43171 9416 9355 6 38474 38475 157040 157039 157249 156897
43172 9416 9393 5 38475 38476 157796 157549 157060
43173 9168 9344 4 38478 38479 153330 153108
43174 9168 9240 6 38479 38477 38545 38547 153229 153228
43175 9168 9272 6 38477 38478 153107 158036 158039 157999
43176 8898 9046 6 38482 38480 38493 39565 39566 45518
43177 9521 9568 7 38486 38487 153157 152193 152191 152935 152936
43178 9521 9707 3 38487 38484 103778
43179 9568 9707 4 38485 38487 157936 103468
43180 8542 8911 4 38490 38491 38529 38531
43181 9459 9406 3 38494 38495 39438
43182 9421 9406 6 38497 38494 157661 157663 145623 145622
43183 9421 9459 6 38494 38496 157279 157278 157692 157696
43184 9343 9406 6 38495 38497 157646 157398 157239 39439
43185 9991 10018 5 38499 38501 158211 158325 158412
43186 9102 9334 6 38502 38503 158239 157538 157537 157761
43187 9102 9182 6 38503 38504 153534 153535 158017 158240
43188 9236 9182 6 38504 38505 157889 152134 152132 157312
43189 9236 9102 5 38502 38504 151674 151676 158245
43190 9182 9334 5 38503 38505 157839 147962 147961
43191 9082 8888 3 38506 38507 38510
43192 9355 9381 4 38512 38513 153163 156490
43193 9253 9355 7 38511 38513 153164 153214 153211 147900 147897
43194 9522 9296 3 38517 38518 152717
43195 9522 9507 5 38515 38517 153028 153026 153398
43196 9296 9347 6 38516 38518 44958 39464 39463 45458
43197 8942 9082 4 38519 38520 157876 38522
43198 9082 8839 3 38523 38524 38525
43199 8911 8727 4 38526 38527 38553 38528
43200 8940 9079 4 38533 38534 157396 158365
43201 8959 8877 4 38535 38532 38543 38662
43202 9079 8877 9 98742 98744 158371 38533 38535 38661 38651 38649 -1
43203 9818 10024 7 38536 38538 112380 112379 103755 103757 146820
43204 10008 9807 9 38539 38540 158809 158716 158714 158415 158416 158398 158213
43205 10008 10088 7 38540 38541 158357 158358 158724 158726 158739
43206 9818 10088 6 38541 38542 103757 103756 158377 158378
43207 9818 9807 6 38542 38539 153188 145253 145251 146820
43208 9818 10008 4 38539 38541 158424 158214
43209 10088 9807 5 38540 38542 146819 158382 158816
43210 9175 9240 6 38544 38545 153281 152798 152801 157595
43211 9175 9168 4 38545 38546 157981 157999
43212 9111 9240 3 38547 38544 153578
43213 9151 9040 5 38548 38549 157775 112226 112227
43214 9414 9380 5 38550 38551 102480 102483 158025
43215 9414 9489 5 38551 38552 158139 158024 157621
43216 9496 9414 5 38550 38552 158080 158026 158027
43217 9106 9146 4 38555 38556 157608 157509
43218 9122 9193 7 38557 38558 158343 158361 158374 158367 103318
43219 9122 9077 7 38558 38559 158368 158132 158131 157493 157494
43220 9136 9122 5 38557 38559 158369 158342 103319
43221 9077 9193 4 38558 38560 158348 158344
43222 9604 9475 5 38561 38562 98695 103401 103402
43223 9604 9611 7 38562 38563 157541 157684 158544 157665 98696
43224 9518 9604 3 38561 38563 157542
43225 9443 9357 9 38564 38565 157596 157783 157602 148568 148566 158136 157705
43226 9496 9443 3 38564 38566 157667
43227 9609 9580 7 38567 38568 98694 98693 157126 147719 147718
43228 9609 9716 6 38568 38569 146714 146713 157670 157671
43229 9790 9716 8 38569 38570 157080 157081 157548 158196 157685 157686
43230 9790 9609 4 38567 38569 156570 156571
43231 9716 9580 3 38568 38570 157095
43232 8834 8984 3 38572 38573 38574
43233 6788 7379 3 38577 38578 40704
43234 7057 7379 7 38578 38579 40404 40318 39562 39564 40595
43235 7057 6884 3 38579 38576 40476
43236 7057 6788 7 38576 38578 40437 40439 41510 40421 40423
43237 7379 6884 5 38577 38579 40820 38934 38935
43238 8453 8834 3 38580 38581 38637
43239 8510 8305 3 38582 38583 38585
43240 8491 8097 4 38592 38593 39150 39142
43241 8194 8491 7 38591 38593 38986 38984 39167 39340 39339
43242 8097 8292 6 38592 38594 39015 39009 38820 38819
43243 8116 8129 8 38600 38601 39261 40588 39663 39664 39733 39608
43244 8116 8010 6 38601 38599 39727 39801 39441 39259
43245 8116 8080 3 38599 38600 39607
43246 8766 8518 3 38605 38606 38615
43247 8766 8602 5 38606 38604 38618 38619 38626
43248 8652 8280 3 38609 38607 -1
43249 8280 7609 3 38612 38613 -1
43250 8751 8945 4 38616 38617 39269 39498
43251 8387 8482 3 38620 38621 -1
43252 8602 8727 4 38623 38624 38625 38638
43253 8834 8602 5 38626 38627 38638 38637 38639
43254 9982 9863 4 38630 38631 40081 40084
43255 9982 10155 8 38631 38632 146862 153943 156512 133125 133124 156633
43256 10123 10155 6 38632 38633 156672 41999 41998 146863
43257 10123 9863 6 38633 38630 153654 155485 143313 143315
43258 9703 9573 6 38641 38642 158387 109788 109789 152244
43259 8424 8457 7 38645 38646 38723 38724 39173 39171 39266
43260 9079 9035 7 38650 38651 38671 157528 156547 156548 -1
43261 9079 8652 3 38649 38650 -1
43262 8290 8626 3 38652 38654 39199
43263 9016 8935 6 38657 38655 40015 39232 39231 39500
43264 9016 9052 6 38655 38656 39414 157251 153464 153462
43265 8983 8824 6 38658 38659 39247 38793 38796 39147
43266 8968 8824 4 38660 38658 39149 -1
43267 8978 8824 7 39139 39138 39004 39005 38659 38660 -1
43268 8965 8959 6 38662 38663 157417 157418 38666 38664
43269 9079 8965 4 38661 38663 157527 38671
43270 10545 10444 3 38668 38669 144649
43271 10593 10478 3 38670 38667 158413
43272 10593 10545 8 38667 38669 157490 145587 145586 158699 157801 157800
43273 10444 10478 7 38668 38670 145412 144449 41993 41992 144650
43274 9069 9540 5 157260 157229 38672 38673 -1
43275 8983 8897 7 38675 38676 39227 38796 38794 39262 157290
43276 9069 8897 3 38677 38675 157288
43277 8968 8897 6 38676 38677 157286 39125 39032 39031
43278 7935 7882 3 38680 38678 38779
43279 8776 8718 3 38681 38682 39394
43280 8776 8956 5 38682 38683 38684 38713 39395
43281 8571 8557 6 38687 38688 39165 39166 39155 39156
43282 8679 8571 5 38687 38689 38941 38939 39329
43283 9470 9345 4 38691 38692 39208 155896
43284 9594 9345 4 38692 38693 157323 39209
43285 9594 9457 6 38693 38690 157356 157306 157307 157335
43286 9594 9470 7 38690 38692 38815 38814 157333 156468 156467
43287 9345 9457 5 38691 38693 157330 157329 155897
43288 8383 8213 3 38695 38696 38729
43289 8979 8794 6 38697 38698 39876 40375 39170 39169
43290 8979 8603 4 38698 38699 39159 39877
43291 8974 8603 5 38699 38700 39239 39238 39161
43292 8603 8794 6 38698 38700 40261 40252 40184 39878
43293 8462 8358 5 38702 38703 39223 38906 38907
43294 8372 8462 3 38701 38703 39222
43295 8358 8383 3 38702 38704 38763
43296 8745 9046 4 38706 38707 39274 39565
43297 8851 9046 4 38707 38708 39451 39276
43298 9125 9203 3 38709 38710 156635
43299 8977 9242 4 38711 38712 156722 156813
43300 8977 9203 7 38712 38709 142204 142203 155933 155936 156721
43301 8977 9125 5 38709 38711 156649 39211 39210
43302 9242 9203 8 38710 38712 156255 155871 142234 41564 41565 155558
43303 8424 8453 4 38716 38717 39198 38724
43304 8424 8290 6 38717 38718 39200 38736 38735 39199
43305 9379 9335 5 38719 38720 39216 157197 157191
43306 9379 9305 4 38720 38721 157438 39215
43307 9447 9379 5 38719 38721 157195 153314 153311
43308 8457 8881 7 38727 38728 39457 39455 39456 39459 39189
43309 8457 8713 3 38728 38725 39469
43310 8457 8935 4 38725 38727 39188 39509
43311 8978 8856 4 38733 38734 39004 39236
43312 9631 9456 6 38737 38738 156777 156776 157664 156966
43313 9631 9375 6 38738 38739 40274 153488 157347 156899
43314 9393 9375 7 38739 38740 154689 156987 147506 147509 40275
43315 9393 9456 6 38740 38737 156967 157796 157118 154687
43316 9393 9631 4 38737 38739 39179 39178
43317 9375 9456 4 38738 38740 154688 156900
43318 9214 8886 4 38741 38742 155853 153169
43319 9214 9091 8 38742 38743 39532 148288 148287 153664 156982 155854
43320 8974 9214 3 38741 38743 39533
43321 8824 8355 4 38746 38747 39278 38940
43322 8355 8679 5 38746 38748 38812 38811 38941
43323 8776 8383 3 38749 38751 39353
43324 8280 8358 3 38753 38754 38755
43325 8705 8462 4 38760 38761 39162 39163
43326 9890 9928 7 38765 38766 39880 39881 156843 132978 132979
43327 10155 9890 5 38765 38767 156708 133125 133123
43328 10316 9928 4 38766 38768 156772 156756
43329 7876 7922 4 38770 38771 38861 38885
43330 7988 7876 5 38769 38771 38788 38789 39044
43331 7935 7813 5 38772 38773 38813 38777 38778
43332 7925 7935 4 38772 38774 38775 38776
43333 7227 7453 7 38780 38781 40775 40783 40784 40786 40480
43334 7442 7227 3 38780 38782 40479
43335 8383 7960 4 38785 38783 39140 -1
43336 7749 7882 4 38786 38787 38798 38901
43337 7756 7935 6 38791 38792 38813 38818 38835 38837
43338 8856 8983 3 38793 38794 39246
43339 8824 8897 4 38795 38796 39228 39241
43340 7562 7960 4 39123 38797 38799 -1
43341 8970 8974 3 38801 38802 40183
43342 8970 8794 6 38802 38800 39634 40250 40265 40259
43343 8970 9071 5 38800 38801 39633 39609 39611
43344 7717 7897 6 38805 38806 38870 38871 38847 38848
43345 7841 7717 5 38805 38807 38943 38864 38865
43346 7553 7897 4 38806 38808 38833 38834
43347 7960 8679 4 38810 38812 39140 -1
43348 9470 9420 8 38815 38816 157150 157348 157344 157342 157041 39208
43349 9580 9420 7 38816 38817 156697 42459 42457 156775 157093
43350 9580 9470 3 38814 38816 157149
43351 9420 9594 4 38815 38817 156696 39209
43352 8136 8129 4 38822 38823 39013 39922
43353 7897 7846 4 38824 38825 38830 38826
43354 7897 7700 6 38829 38830 38831 38838 38832 38833
43355 7897 7756 3 38835 38836 38838
43356 8099 8191 4 38839 38840 38850 38842
43357 8099 8213 5 38841 38842 38844 38843 38851
43358 7887 7717 3 38847 38849 38923
43359 7988 8213 3 38851 38852 38854
43360 7988 8266 6 38853 38854 38855 38858 38856 38868
43361 7988 8280 3 38857 38858 38860
43362 8266 7882 3 38859 38856 38869
43363 8248 8431 4 38862 38863 40409 45041
43364 7841 7876 4 38866 38864 38944 39044
43365 8355 7988 4 38867 38868 38883 38887
43366 7717 7749 6 38871 38872 39075 38902 38901 38923
43367 7680 7717 4 38870 38872 38998 38889
43368 10568 10064 4 38876 38873 158437 158624
43369 10568 10068 4 38873 38875 158760 158436
43370 10432 10064 3 38874 38876 158173
43371 4437 5210 3 38879 38877 66285
43372 4858 5210 10 38878 38879 43509 43511 51148 54101 67337 68313 67479 67433
43373 8355 8099 4 38881 38882 38886 38883
43374 7886 7776 6 38892 38893 39127 40629 39418 39417
43375 7886 7555 4 38890 38892 40559 39053
43376 7776 8058 4 38891 38893 39126 39437
43377 7839 7960 5 38894 38895 38922 38921 38942
43378 6394 6445 4 38896 38897 56832 56833
43379 7604 7909 6 38898 38899 39935 40665 40674 40829
43380 7591 7909 3 38899 38900 39937
43381 10299 10107 3 38903 38904 158606
43382 10209 10107 8 38904 38905 158686 158685 158704 158689 158688 158696
43383 10107 10227 5 38903 38905 158728 158727 158607
43384 7703 7930 7 38908 38909 53359 53018 53020 45415 39021
43385 7985 7703 3 38908 38910 39022
43386 7708 7930 4 38909 38911 53408 53360
43387 6353 5848 4 38912 38913 54170 56865
43388 7822 7612 5 38916 38917 53494 45269 45268
43389 7627 7484 5 38918 38915 53459 53458 53429
43390 7781 7839 4 38920 38921 39006 39773
43391 7960 7672 5 39123 39122 38922 38919 -1
43392 7839 7672 6 38920 38922 39124 39043 39042 39775
43393 7934 8116 7 38924 38925 40233 40511 40624 40619 39119
43394 7678 413 10 38928 38926 40365 155960 142238 142239 41628 41630 155827 155866
43395 8791 413 3 38927 38928 58560
43396 9784 8968 7 157259 39257 39255 38930 38931 39476 -1
43397 7979 9615 4 38932 38929 156730 156731
43398 7979 9784 3 38929 38931 39477
43399 8968 9615 6 38930 38932 156901 157378 157376 156729
43400 7174 6884 7 38933 38934 56938 56981 56853 56851 56940
43401 6884 7227 6 38933 38935 40811 40933 40809 40808
43402 8330 6790 3 38945 38946 39419
43403 6369 6790 5 38946 38947 42353 42352 39420
43404 7966 7973 4 38949 38950 53383 53509
43405 7966 8039 4 38950 38951 53289 53288
43406 8082 7973 3 38952 38949 45692
43407 8082 7966 6 38949 38951 51358 51357 53221 53220
43408 8375 8437 6 38953 38954 39854 40230 40205 40169
43409 8603 8437 5 38954 38955 40078 40184 39856
43410 8437 8401 7 38953 38955 40077 40234 40346 39369 39368
43411 8255 8415 5 38956 38957 42046 41691 41692
43412 8243 8415 6 38958 38956 41964 41978 39964 39963
43413 9363 9375 7 38959 38960 153402 153400 157349 157152 157153
43414 9363 9091 5 38960 38961 41667 41668 156926
43415 9412 9091 5 38961 38962 148288 153570 156575
43416 9412 9375 6 38962 38959 39535 39534 147509 147508
43417 9091 9375 4 38960 38962 148287 153665
43418 6705 6886 4 38964 38965 40470 56742
43419 6871 6886 5 38965 38966 40196 55159 40471
43420 6871 6920 6 38966 38963 39408 40521 40645 40194
43421 6871 6705 6 38963 38965 40469 39866 39865 39407
43422 6886 6920 6 38964 38966 40195 40741 40942 56750
43423 6834 6671 6 38969 38970 53793 53076 53074 53745
43424 6834 6604 4 38968 38969 53071 41040
43425 7903 7854 5 38971 38972 53469 43925 43926
43426 8075 8096 6 38973 38974 44134 45295 39586 39108
43427 8075 7854 5 38974 38971 45364 45362 44133
43428 7525 7604 6 38977 38978 39624 39932 40478 40729
43429 7525 7638 5 38978 38979 53490 53611 39625
43430 7367 7638 6 38979 38980 39909 40158 53600 53491
43431 7367 7525 5 38977 38979 45736 40733 40730
43432 8292 8379 4 38983 38981 39316 39380
43433 8355 8491 5 38985 38986 39150 39151 39372
43434 7879 8158 6 38988 38989 40147 40214 39660 39662
43435 8158 7674 5 38987 38989 40146 40325 40402
43436 7555 8435 4 38990 38991 40403 40249
43437 8292 7922 5 38994 38995 39014 39009 39010
43438 9559 9714 4 38999 39000 42088 42086
43439 9928 9547 5 39001 39002 156798 155398 155396
43440 9928 9714 6 39002 38999 155688 155954 155953 156754
43441 9928 9559 6 38999 39001 155554 155555 132978 132977
43442 9029 8824 3 39005 39003 39247
43443 7138 7513 3 39007 39008 40702
43444 7288 6714 6 39011 39012 41020 40777 40778 41022
43445 8210 8097 4 39015 39016 40590 39017
43446 8319 8240 6 39019 39020 45387 45381 39343 39342
43447 8582 8319 6 39018 39020 45388 45256 45255 45241
43448 7901 7930 3 39023 39021 45417
43449 8123 8233 5 39025 39026 45324 39429 39036
43450 7953 7548 6 39028 39029 44138 45152 45151 44842
43451 8046 7953 6 39027 39029 44139 45124 45156 44947
43452 8026 8092 7 39039 39040 53503 53517 53409 53005 53006
43453 8156 8092 6 39040 39041 45368 45369 45393 45398
43454 8092 7966 6 39039 39041 51357 44089 44088 53449
43455 8003 7719 4 39049 39050 53502 45208
43456 7839 7855 3 39051 39052 39072
43457 7555 8158 6 39053 39054 40249 40402 40400 40401
43458 8058 8158 5 39054 39055 40622 40174 40173
43459 9542 9069 4 39057 39058 39258 39256
43460 9398 9457 4 39059 39056 39226 157112
43461 9398 9542 6 39056 39058 157214 157375 157113 39225
43462 7102 7453 5 39060 39061 45179 40481 40480
43463 7102 7113 6 39061 39062 40538 40537 40737 45178
43464 7501 7113 5 39062 39063 53457 40774 40772
43465 7501 7102 4 39060 39062 40771 40812
43466 7113 7453 3 39061 39063 45180
43467 5809 5670 4 39064 39065 41473 56800
43468 5848 5670 8 39066 39064 40895 40896 40803 40802 41314 40062
43469 5565 5670 7 39065 39066 40061 57241 57281 40448 40450
43470 8194 7741 5 39067 39068 40591 40605 40618
43471 5986 6154 4 39070 39071 54275 54274
43472 6325 5986 4 39069 39071 54738 42748
43473 7533 7749 3 39075 39076 39077
43474 7190 7283 3 39078 39079 53965
43475 7531 7190 7 39078 39080 53182 53181 53166 52777 52778
43476 4934 5272 5 39082 39083 57073 62434 51871
43477 5221 5272 6 70029 69811 57075 39083 39084 -1
43478 5221 4862 6 39084 39081 59939 59941 67874 -1
43479 5221 4934 6 39081 39083 57074 67821 69606 70010
43480 5272 4862 5 56070 51872 39082 39084 -1
43481 7287 7047 6 39086 39087 53249 45195 45196 53601
43482 7203 7192 5 39088 39085 43858 43857 43946
43483 7203 7287 5 39085 39087 53577 53558 45277
43484 7047 7192 3 39086 39088 43945
43485 7287 7446 6 39089 39090 53249 53577 53589 45283
43486 7287 7288 6 39090 39091 53560 40451 40452 45195
43487 7655 7446 7 39092 39089 44148 39750 39749 40770 40769
43488 7655 7287 5 39089 39091 53584 53583 45282
43489 7288 7446 6 39090 39092 42463 43797 43799 43840
43490 7607 7577 4 39093 39094 39550 52984
43491 7656 7577 6 39094 39095 40397 40398 53444 39552
43492 7577 7815 5 39093 39095 40687 40689 52985
43493 10900 9889 4 39098 39099 58564 156004
43494 9733 10833 5 39100 39097 142053 143235 58613
43495 9733 10900 5 39097 39099 41620 41617 41616
43496 7949 8132 3 39101 39102 53537
43497 8136 8010 3 39103 39104 39573
43498 8136 7949 9 39101 39103 39921 39922 40048 40047 53519 53520 53538
43499 8010 8132 5 39102 39104 39572 39746 53541
43500 7170 7484 4 39105 39106 44076 44077
43501 7484 6987 5 39105 39107 52717 53532 53531
43502 5476 6190 6 39109 39110 39615 39613 57019 57025
43503 5476 5502 7 39110 39111 56989 57143 60859 57056 56811
43504 5735 5502 6 39111 39112 54963 54964 70026 56991
43505 5735 6190 4 39112 39109 40412 40414
43506 5735 5476 4 39109 39111 56990 57024
43507 5502 6190 6 56812 39110 39112 54831 54833 -1
43508 6884 7087 6 39113 39114 53553 56662 56940 40808
43509 6884 6886 6 39114 39115 40931 40932 56905 53552
43510 7102 6884 4 39113 39115 40934 40809
43511 7934 8194 7 39118 39119 40618 40609 40610 40620 40572
43512 8194 8261 7 39118 39120 39860 40191 40192 40209 40219
43513 7672 7882 3 39121 39122 39124
43514 8058 8097 4 39128 39129 39130 39132
43515 8022 8261 4 39133 39134 40310 40343
43516 8022 8158 7 39134 39135 40147 40146 40324 40327 40311
43517 7978 8158 3 39135 39136 40214
43518 7978 8261 7 39136 39133 39370 39367 39730 40212 40211
43519 7978 8022 9 39133 39135 40276 41600 41980 40348 40341 40340 40344
43520 8158 8261 9 39134 39136 39660 39659 40539 40219 40203 40202 40242
43521 8261 8437 9 39143 39144 40215 40240 40343 39370 39368 40169 40191
43522 8261 8557 5 39144 39145 40209 40203 40204
43523 8607 8557 7 39145 39146 39402 39154 39155 39344 39345
43524 8607 8261 3 39143 39145 40192
43525 8557 8437 5 39144 39146 40172 40247 40216
43526 8679 8983 3 39147 39148 39227
43527 8571 8607 3 39153 39155 39405
43528 8557 8751 4 39154 39156 39330 39331
43529 8974 8754 3 39160 39161 39686
43530 8652 8705 4 39162 39164 39365 39364
43531 8557 8491 3 39167 39166 39344
43532 8985 8979 5 39168 39169 39207 156732 40217
43533 8424 8626 6 39172 39173 39198 39199 39302 39400
43534 10004 9877 6 39175 39176 152957 152956 146856 146855
43535 10004 9769 5 39176 39174 153479 156941 156942
43536 9631 9520 7 39177 39178 156966 157659 157658 156956 156873
43537 9619 9393 6 39179 39180 145691 157090 157051 40275
43538 9619 9520 6 39180 39177 156875 157131 157161 145690
43539 9619 9631 6 39177 39179 40274 153489 156929 156874
43540 9453 9305 5 39181 39182 147926 157438 156537
43541 10009 10237 4 39183 39184 156476 156477
43542 10009 9968 6 39184 39185 147880 157437 39296 39294
43543 10063 10237 4 39186 39183 156543 155532
43544 10063 10009 10 39183 39185 147879 147924 157771 157773 157253 147350 41612 41614
43545 8945 8881 4 39187 39189 39460 39230
43546 9648 9327 4 39190 39191 156778 156787
43547 9982 9327 5 39193 39190 156643 155967 155966
43548 9982 9648 7 39190 39192 155560 133124 131902 131904 153651
43549 9756 9327 5 39191 39193 156627 156629 156779
43550 9709 9664 5 39194 39195 42061 153672 156805
43551 9886 9870 5 39196 39197 142285 142287 155858
43552 9886 9664 5 39197 39194 155430 146678 146677
43553 9870 9664 6 39195 39197 142772 142773 152964 42062
43554 9927 9928 5 39204 39205 156754 156798 156752
43555 9927 9863 7 39205 39206 143313 156677 156801 156800 156755
43556 10146 9927 6 39204 39206 143314 156700 156024 156023
43557 8952 8977 5 39211 39212 40125 41710 156650
43558 9265 9379 5 39215 39216 157507 157110 157111
43559 9289 9045 4 39218 39219 156660 157599
43560 9444 9398 7 39225 39226 157320 157319 157322 157384 157114
43561 9444 9542 3 39224 39225 157031
43562 9046 8881 6 39229 39230 39461 39451 39273 39270
43563 8886 8669 5 39240 39237 39571 39570 39642
43564 8886 8603 5 39237 39239 40261 39620 39619
43565 8974 8669 5 39238 39240 39641 40227 39686
43566 9363 9084 3 39243 39244 157254
43567 9444 9084 5 39244 39245 157385 157322 157256
43568 9444 9271 4 39245 39242 39285 157389
43569 9444 9363 9 39242 39244 157255 157372 157367 157152 156698 156534 39284
43570 8856 8491 3 39248 39249 39301
43571 10171 9540 6 158746 158745 39251 39252 158220 -1
43572 10171 10064 6 39252 39253 158682 158680 158437 158221
43573 9964 10064 6 39253 39254 157515 157489 157486 158684
43574 9964 10171 5 39251 39253 158683 158737 158742
43575 10064 9540 5 39252 39254 157539 157535 157534
43576 9784 9069 5 39256 39257 157229 39483 39485
43577 8968 9542 4 39258 39255 156729 157214
43578 7738 8116 5 39259 39261 40587 40624 39443
43579 9117 9264 8 39263 39264 45379 45377 157630 157930 157902 157903
43580 9108 9117 5 39263 39265 157598 157846 157848
43581 9052 8881 5 39270 39271 39528 39527 39518
43582 9052 8991 3 39271 39272 156818
43583 9046 8991 8 39272 39273 39276 39274 39566 45519 45521 156819
43584 9310 9305 4 39283 39281 157303 157284
43585 9395 9444 6 39284 39285 157390 157362 157360 156536
43586 9622 9686 7 39286 39287 157647 152254 152253 157644 158513
43587 9569 9604 6 39288 39289 98696 98695 103408 103407
43588 9569 9686 4 39289 39286 145351 145353
43589 9569 9622 6 39286 39288 157443 157679 157677 158589
43590 9604 9686 6 39287 39289 157665 158543 158625 157648
43591 9615 9848 9 39290 39291 157386 157391 157383 157381 157403 156715 39361
43592 9615 9120 7 39291 39292 156704 156731 156901 157379 157387
43593 9929 9848 6 39293 39290 39363 155892 155891 155878
43594 9929 9615 4 39290 39292 39493 39362
43595 9120 9848 4 39291 39293 155879 156727
43596 10009 10134 6 39294 39295 158385 125495 125497 156476
43597 10009 9939 4 39295 39296 157442 158565
43598 9968 10134 5 39297 39294 157324 157326 157331
43599 9939 10134 7 39295 39297 156960 147381 147379 158582 158655
43600 9457 9368 4 39298 39299 157335 157330
43601 8153 8156 7 39303 39304 53515 45420 45419 40176 40178
43602 7104 7015 5 39306 39307 44214 44213 44393
43603 7015 7305 6 39305 39307 44394 43350 43349 45954
43604 8401 7990 4 39309 39310 39809 39810
43605 7978 7990 5 39310 39311 40140 41985 40201
43606 7978 8489 7 39311 39308 40341 40349 40355 41894 40139
43607 7978 8401 7 39308 39310 40198 39729 39367 39369 40340
43608 9490 9505 6 39312 39313 152301 152303 152467 152468
43609 9365 9536 4 39314 39315 45356 45354
43610 9365 9505 7 39315 39312 153359 153357 153233 153206 152163
43611 9365 9490 7 39312 39314 46918 46920 153377 153393 153373
43612 9536 9505 7 39313 39315 46532 46531 153231 153379 153294
43613 8973 8886 7 39317 39318 39570 157025 155853 155855 157117
43614 8669 8973 5 39319 39320 39570 59787 59786
43615 8838 8851 3 39321 39322 39410
43616 8838 8973 6 39322 39319 156904 157073 39542 39539
43617 8838 8669 7 39319 39321 39409 39507 39508 39585 156790
43618 9088 8669 3 39325 39326 156903
43619 8808 8669 5 39327 39325 156791 39585 39584
43620 8751 8679 5 39329 39330 39332 39333 39346
43621 8795 8751 7 39331 39332 39334 39336 39338 39487 39401
43622 8751 8870 3 39335 39336 39337
43623 8136 8319 3 39343 39341 45248
43624 9191 9258 3 39350 39351 157499
43625 9265 9200 3 39352 39349 157414
43626 10321 10158 5 39358 39359 41957 156724 41760
43627 9951 10158 3 39359 39360 41959
43628 10158 9784 8 39358 39360 157402 157401 157405 156656 155973 41761
43629 10404 9929 8 39362 39363 42115 42114 156651 155729 144209 39495
43630 10404 9848 4 39363 39361 156688 156639
43631 10404 9615 5 39361 39362 39494 155956 156657
43632 8705 8693 4 39365 39366 39393 39388
43633 8401 8261 3 39367 39368 39728
43634 7978 8437 3 39369 39370 40344
43635 7674 7979 6 39386 39387 40282 41648 40290 40292
43636 7979 7540 6 39385 39387 40281 40852 40853 40455
43637 8705 8766 5 39389 39390 39391 39398 39397
43638 8705 8718 5 39392 39393 39394 39399 39398
43639 8705 8956 4 39395 39396 39397 39399
43640 6825 6705 6 39406 39407 43586 40663 40544 40545
43641 6825 6871 4 39407 39408 40520 43585
43642 6920 6825 4 39406 39408 39836 39835
43643 8838 8745 7 39409 39410 39539 39541 44596 44996 39549
43644 9091 8935 3 39412 39413 153403
43645 9014 9052 4 39414 39415 39486 157233
43646 8092 8170 4 39421 39422 45187 45369
43647 7273 7442 5 39425 39426 40751 40752 45730
43648 7273 7741 4 39424 39425 51419 40576
43649 8349 8233 3 39428 39429 45323
43650 8795 8794 6 39430 39431 40245 40248 40263 40250
43651 8296 8396 4 39432 39433 44880 45903
43652 8295 8570 4 39434 39435 44825 44978
43653 8295 8296 6 39432 39434 46024 46025 46026 46027
43654 8570 8396 4 39433 39435 44824 44881
43655 7392 8058 3 39436 39437 40102
43656 7738 7670 7 39442 39443 40625 40552 40106 40108 40563
43657 9202 9329 4 39444 39445 157065 156989
43658 9202 9375 4 39445 39446 39522 156987
43659 9189 9375 5 39446 39447 153402 153665 39524
43660 9375 9329 7 39445 39447 153400 157343 156995 154688 154689
43661 9875 10157 4 39448 39449 147910 147913
43662 9875 10007 6 39449 39450 44973 157825 156586 156585
43663 9859 9875 4 39448 39450 44974 157827
43664 9248 9362 11 39452 39453 155693 156958 39590 39591 157028 156913 156912 156793 156795
43665 9071 9362 4 39454 39452 155840 155841
43666 8974 9362 3 39453 39454 155695
43667 8881 8647 4 39458 39459 39460 39461
43668 9491 9296 3 39464 39465 44959
43669 9769 9962 5 39470 39471 147487 156742 157074
43670 9163 9189 8 39472 39473 157294 157292 157297 157298 153525 153528
43671 9163 9016 6 39473 39474 156499 157096 157137 157295
43672 8970 9189 5 39475 39472 157034 153404 40014
43673 8970 9163 4 39472 39474 156500 157204
43674 9016 9189 5 39473 39475 40015 153462 153463
43675 9784 10437 6 39476 39477 155957 155958 156562 -1
43676 8968 10437 3 39478 39476 -1
43677 7979 10437 7 44705 44704 155672 156730 39477 39478 -1
43678 10321 10453 4 39480 39481 157002 157000
43679 10372 10453 5 39481 39482 147791 147692 147691
43680 10372 10498 5 39482 39479 146756 147683 147682
43681 9453 9784 3 39483 39484 157228
43682 7776 7735 3 39492 39490 39668
43683 9615 10437 5 39493 39494 155957 156730 156704
43684 10404 10437 6 39494 39495 144210 155539 155538 155958
43685 8935 8607 4 39496 39497 39509 39499
43686 8935 8856 3 39500 39501 39502
43687 8179 8535 5 39505 39503 44164 44919 40013
43688 8179 8519 5 39503 39504 39762 44153 44152
43689 8838 8582 4 39506 39507 39549 45409
43690 9589 9698 4 39513 39510 147970 152527
43691 9679 9698 4 39511 39513 150791 150793
43692 8248 8220 4 39515 39516 45062 45065
43693 8156 8248 4 39514 39516 45393 45139
43694 8220 8319 7 39515 39517 45022 45325 45386 45381 45248
43695 10147 9994 6 39519 39520 158133 158638 158609 158610
43696 10167 9994 4 39521 39519 147782 147784
43697 10157 9994 6 39520 39521 158157 147910 147912 158134
43698 9202 9214 6 39522 39523 156982 156983 157006 156986
43699 9375 9214 5 39524 39522 147506 147508 148287
43700 9189 9214 3 39523 39524 153664
43701 9202 9133 7 39525 39526 156780 156989 157026 153561 153562
43702 9202 9052 4 39526 39527 39530 39529
43703 8881 9133 3 39528 39525 156990
43704 9214 9248 7 39532 39533 153169 156578 156576 156793 153569
43705 9375 9541 6 39535 39536 153488 157184 157154 157153
43706 9619 9541 6 39536 39537 156907 155627 155628 153489
43707 9619 9412 4 39537 39534 157051 156905
43708 9619 9375 4 39534 39536 40274 40275
43709 8745 8973 3 39538 39539 39540
43710 8838 8991 4 39541 39542 157070 44597
43711 8732 8535 3 39543 39545 45343
43712 8519 8808 4 39546 39547 45479 45345
43713 7656 7470 4 39551 39552 45400 45285
43714 8592 8669 3 39555 39557 39603
43715 7762 7548 4 39558 39559 44264 45151
43716 7548 7689 7 39558 39560 43934 47406 43973 43972 45152
43717 7788 7057 4 39562 39563 40529 40317
43718 7027 7788 4 39561 39563 40530 40527
43719 8680 8723 5 39568 39569 45396 45395 45488
43720 6713 6730 5 39574 39575 55415 55413 55411
43721 6713 7011 7 39575 39576 55141 55399 55425 55420 55416
43722 6911 6730 3 39577 39574 53825
43723 7011 6730 6 39575 39577 53824 53879 53821 53820
43724 8375 8592 6 39578 39579 40232 39854 39855 40200
43725 5259 5352 5 39581 39582 67483 67402 67370
43726 5210 5352 7 39582 39583 65477 66942 68183 67482 67480
43727 8096 8132 4 39586 39587 39658 45296
43728 9248 9575 5 39591 39592 153407 40166 40167
43729 9559 9248 3 39590 39592 156959
43730 8759 8330 5 39596 39597 42167 154879 42490
43731 8603 8582 3 39601 39602 39621
43732 8592 8603 8 39601 39603 39618 39620 40252 39856 39855 39622
43733 8080 8098 6 39604 39605 39607 39726 39743 39696
43734 8129 8098 3 39605 39606 39608
43735 8098 8240 5 39604 39606 39725 39724 39697
43736 8098 8116 6 39608 39607 39727 39695 39694 39725
43737 9039 9091 4 39610 39612 157033 41668
43738 5476 5869 5 39613 39614 57098 56986 56987
43739 5476 5967 4 39614 39615 56811 57057
43740 6190 5869 5 39616 39613 55117 52075 52076
43741 8603 8851 3 39617 39618 39619
43742 7525 7670 4 39624 39625 53616 39933
43743 7670 7604 9 39624 39626 40670 40680 40678 40675 40674 40463 39934
43744 9218 9212 5 39629 39630 156887 156915 156885
43745 9486 8884 4 39631 39632 39980 40152
43746 8884 9212 5 39630 39632 39979 156701 156703
43747 7854 7918 6 39636 39637 43852 43851 43926 45364
43748 7854 8006 4 39635 39636 45362 45361
43749 8702 8369 5 39639 39640 44990 44992 45122
43750 9248 8669 8 39641 39642 59787 59785 156838 157024 157047 156948
43751 9248 8886 4 39642 39643 153169 157025
43752 6155 5850 5 39646 39647 41463 40836 40238
43753 6155 6460 4 39647 39644 40999 41511
43754 6155 6514 5 39644 39646 40237 40518 40519
43755 5850 6460 4 39645 39647 41514 40338
43756 6256 6194 5 39648 39649 40034 42284 42282
43757 5871 6264 4 39650 39651 40987 41230
43758 5871 6194 3 39651 39648 40986
43759 5871 6256 10 39648 39650 42189 58294 42286 40971 40381 40382 42253 42281
43760 6264 6194 5 39649 39651 40985 40858 40036
43761 10877 10736 4 39654 39655 41057 41058
43762 10736 11309 4 39653 39655 143085 143328
43763 8344 8079 3 39656 39657 39721
43764 8132 8344 5 39656 39658 45293 39731 39722
43765 8261 7879 3 39660 39661 40211
43766 7909 7879 6 39661 39662 40419 40832 40571 40213
43767 7909 8158 3 39662 39659 40418
43768 8489 8400 5 39665 39666 40168 41945 40139
43769 7990 8400 6 39667 39665 40140 41986 41596 40135
43770 8660 8400 6 39666 39667 40111 40110 40113 40114
43771 7879 7379 4 39669 39670 40542 40833
43772 7008 6937 6 39673 39671 42259 41932 41931 41912
43773 7811 7934 5 39675 39674 39758 40609 40608
43774 7866 7484 6 39676 39677 53499 45421 45422 53295
43775 7866 7877 5 39677 39678 44054 53287 53525
43776 7738 7484 5 39679 39676 53292 53293 53313
43777 7877 7484 5 39677 39679 53314 53459 53496
43778 8098 8234 4 39682 39680 39695 39799
43779 8098 8344 6 39680 39681 39721 39722 39724 39694
43780 8660 9218 5 39685 39683 156985 156894 156893
43781 8660 9206 4 39683 39684 156837 156836
43782 7589 7546 8 39687 39688 41650 41649 42212 53608 45278 45279
43783 7903 7546 3 39689 39687 53572
43784 8324 8335 4 39691 39692 44830 44831
43785 8324 8564 4 39692 39690 43027 43029
43786 8324 8238 5 39690 39691 45061 45060 45115
43787 8098 8132 4 39696 39697 39722 39723
43788 7040 6941 10 39698 39699 53649 53652 53653 40432 40433 53571 53569 53645
43789 7040 7089 5 39699 39700 52759 52760 53650
43790 6711 7040 4 39698 39700 53931 53932
43791 7089 6941 4 39699 39701 40283 40285
43792 7001 7110 6 39709 39706 42215 43933 43951 43950
43793 7001 7226 4 39706 39708 43890 42214
43794 7179 7110 4 39707 39709 53726 44108
43795 7308 7323 6 39711 39712 53247 53654 43922 43923
43796 7308 7548 4 39712 39710 43934 47408
43797 10254 10603 6 39713 39714 156735 39975 39976 156771
43798 10254 10486 10 39714 39715 147394 156524 156525 156937 156931 156761 156748 156749
43799 10511 10486 5 39715 39716 155619 154152 147396
43800 10511 10603 5 39716 39713 155776 155775 156157
43801 10511 10254 4 39713 39715 147395 148093
43802 10486 10603 4 39714 39716 154320 154317
43803 7568 7854 5 39717 39718 43462 43460 53108
43804 7655 7689 5 39719 39720 43805 43807 43973
43805 7655 7854 7 39720 39717 44180 44179 45229 44141 44095
43806 7655 7568 6 39717 39719 44146 44148 45282 53117
43807 8375 7978 3 39729 39730 40197
43808 8240 8379 3 39735 39736 39738
43809 8233 8582 3 39737 39734 45388
43810 8650 8745 5 39739 39740 45410 44996 44995
43811 8650 8349 5 39740 39741 45570 45439 45440
43812 8647 8650 4 39739 39741 45595 45312
43813 8079 8080 3 39743 39744 39745
43814 8238 7548 5 39747 39748 43972 44138 43031
43815 8238 7655 6 39748 39749 45117 44141 43806 43807
43816 7446 8238 6 39747 39749 45116 45138 45095 43032
43817 7655 7548 4 39748 39750 44146 43973
43818 8362 9050 6 39751 39752 42646 155245 44878 44876
43819 8569 9050 6 39753 39751 42784 41924 41923 42623
43820 6866 6748 9 39754 39755 53640 53641 56896 56591 56589 56695 56696
43821 6743 6748 6 39756 39754 56873 56874 56875 54907
43822 6642 6748 5 39755 39756 54908 56795 56797
43823 7741 7934 9 39758 39757 40607 40827 40557 40558 40623 40619 40618
43824 8783 8559 5 39761 39759 43025 43026 45474
43825 8659 8559 5 39760 39761 45473 45472 45025
43826 8179 8096 5 39762 39763 44134 44132 45118
43827 7546 7394 5 39764 39765 53291 53442 53210
43828 7164 7546 3 39764 39766 53211
43829 7930 7822 5 39767 39768 53463 52160 52159
43830 7975 7930 5 39767 39769 53356 53438 53462
43831 6252 6678 4 39772 39770 55751 55474
43832 5939 6678 5 56542 39771 39772 55475 -1
43833 7753 7781 6 39773 39774 40487 40628 40626 40632
43834 7753 7672 6 39774 39775 40531 54766 39776 39777
43835 7973 8298 5 39780 39781 53322 53337 53102
43836 8319 8431 3 39782 39783 45340
43837 7516 7733 9 39785 39786 44204 44463 44584 44525 44349 43150 43151
43838 7345 7733 5 39788 39785 44615 49395 44313
43839 7345 7516 7 39785 39787 43148 44448 44250 44249 44402
43840 6905 7733 4 39786 39788 44309 44205
43841 7110 7477 5 39791 39789 53184 43952 43176
43842 8624 8335 5 39792 39793 44343 44427 42690
43843 8953 8594 4 39795 39797 45998 44875
43844 8010 8234 5 39798 39799 39801 39800 40677
43845 6849 6760 4 39802 39803 39805 40415
43846 6849 6394 7 39803 39804 56635 57014 56946 56945 39806
43847 6884 6849 5 39802 39804 56633 56634 40456
43848 6849 6798 4 39805 39806 56992 40416
43849 6394 6798 6 39806 39807 55295 54918 54919 56995
43850 6798 6760 8 39805 39807 55293 56881 56880 56928 56927 40417
43851 8401 7909 4 39808 39809 40198 40170
43852 7008 5907 5 39813 39814 40362 40982 41602
43853 6658 5907 6 39814 39815 40764 40766 58386 40363
43854 6658 7008 4 39812 39814 40361 40913
43855 5907 7352 5 39813 39815 41559 41673 41603
43856 7125 7382 4 39817 39818 40046 40045
43857 7634 7125 4 39816 39818 41606 40989
43858 6551 7748 4 39820 39821 42431 42180
43859 6790 7016 3 39822 39819 42433
43860 6790 6551 5 39819 39821 42353 42350 42432
43861 7125 7107 6 39824 39825 41891 40989 40988 41750
43862 6620 6890 6 39826 39823 41717 41716 40371 40372
43863 7107 6890 3 39824 39826 41951
43864 6256 6890 6 39829 39830 41202 42233 40370 40371
43865 6264 6890 4 39831 39829 41716 41715
43866 7655 8181 5 39833 39834 40770 45117 45229
43867 7655 7798 4 39834 39832 40577 40769
43868 7113 6920 4 39836 39837 40537 40521
43869 8038 8043 5 39838 39839 45209 45213 45970
43870 6648 6931 5 39841 39842 43340 44474 44475
43871 6648 6900 3 39842 39840 43339
43872 8022 7653 5 39843 39844 40384 41003 40143
43873 8022 7879 5 39844 39845 40147 40276 40383
43874 7674 8022 5 39843 39845 40146 40323 40144
43875 7107 7654 6 39848 39846 42759 43798 42219 42216
43876 7107 7111 5 39846 39847 40988 41751 42758
43877 8592 8437 5 39849 39850 39854 39856 40251
43878 8198 8255 6 39851 39852 41799 41896 42046 42026
43879 8198 7282 7 39852 39853 41455 42430 42012 42010 41800
43880 11354 483 7 39858 39859 155376 151052 151053 155378 131019
43881 11354 11858 4 39857 39858 131018 142333
43882 9715 9757 8 39861 39862 42063 155698 155505 155504 154068 142344
43883 7774 9757 5 39863 39861 142346 155402 154878
43884 8330 9757 4 39862 39863 154879 42065
43885 6705 6701 5 39866 39864 53781 54736 52862
43886 6705 6731 5 39864 39865 43586 45394 53735
43887 10658 10486 6 39867 39868 154612 155613 154151 154152
43888 10807 10486 8 39869 39867 155619 154320 154319 142523 142525 141393
43889 10994 10486 3 39868 39869 141394
43890 5260 5166 8 39870 39871 57660 57585 57586 57602 57653 57657
43891 11718 531 5 39872 39873 41547 155457 58360
43892 11718 707 7 39873 39874 142189 155447 155448 42133 41548
43893 175 707 4 39874 39875 141616 141614
43894 175 531 8 39875 39872 58361 155297 141999 141998 141705 141704
43895 175 11718 4 39872 39874 142190 58359
43896 707 531 7 39873 39875 142630 142782 142803 142786 41549
43897 8979 8489 4 39876 39877 39906 40378
43898 9890 9952 3 39881 39879 145594
43899 9890 10254 6 39879 39880 144364 144363 156766 145593
43900 8179 7854 9 39884 39885 44095 44140 44097 44096 44132 44133 45361
43901 7689 8179 6 39883 39885 43805 43804 45327 44177
43902 8181 8238 8 39887 39888 45061 45107 45137 45116 45117 45037
43903 8181 8179 3 39886 39887 44097
43904 6825 6714 6 39889 39890 40465 41091 41035 40961
43905 7113 6714 4 39891 39889 40962 40778
43906 7367 6714 5 39890 39891 40777 40427 40428
43907 7040 7568 4 39892 39893 52948 52979
43908 7287 7568 8 39893 39894 53126 53242 45282 45283 53585 52949
43909 8800 8884 6 39896 39897 39980 39979 41970 41883
43910 8952 8415 8 39898 39895 41927 39963 39965 41895 40121 40123
43911 8952 8800 6 39895 39897 40151 156665 41710 41711
43912 7701 7795 4 39903 39904 40976 43791
43913 7998 7729 4 39905 39902 53219 53227
43914 7998 7701 5 39902 39904 40977 53561 53218
43915 8754 8489 7 39906 39907 40142 40168 40122 40124 40356
43916 4061 3965 7 39911 39912 142270 57177 57175 58881 57040
43917 3162 3965 6 39912 39913 58243 58244 58252 142271
43918 3162 4394 4 39913 39910 142273 58655
43919 3162 4061 3 39910 39912 142269
43920 3965 4394 4 39911 39913 58639 57041
43921 8884 8660 3 39914 39915 40113
43922 7283 8035 6 39920 39917 43984 44472 44262 44261
43923 7283 7915 6 39917 39919 43081 43080 44197 43983
43924 7701 7538 6 39923 39924 44010 44009 43791 43792
43925 7308 7217 8 39925 39926 40561 45149 45148 53655 53568 40547
43926 7308 7538 6 39926 39923 44081 45242 52799 40560
43927 7308 7701 6 39923 39925 40546 53575 53452 44080
43928 5623 5956 4 39929 39930 54376 54375
43929 5623 5830 4 39930 39931 68281 54377
43930 5781 5623 7 39929 39931 68310 43402 43404 54177 54374
43931 7525 7501 7 39932 39933 53612 53556 40774 40773 40477
43932 7670 7501 7 39933 39934 40464 40107 40108 40564 53614
43933 7501 7604 3 39932 39934 40462
43934 7604 7990 5 39935 39936 40676 40681 40666
43935 6516 6258 6 39938 39939 41099 41102 40927 40928
43936 6516 6408 6 39939 39940 52941 52538 41104 41098
43937 6014 6408 4 39940 39941 41265 53901
43938 6014 6258 6 39941 39938 41150 51747 40022 40023
43939 6014 6516 4 39938 39940 54701 41149
43940 6408 6258 5 39939 39941 41264 41355 41100
43941 7655 7638 6 39942 39943 44180 53117 53583 40158
43942 8821 8335 7 39944 39945 42649 42648 44918 44427 44428
43943 8821 8569 8 39945 39946 42563 42561 41924 41922 44862 44863
43944 7760 8335 5 39947 39944 44534 44835 44836
43945 7760 8821 3 39944 39946 44287
43946 8569 8335 3 39945 39947 44837
43947 6897 6658 3 39950 39951 41569
43948 6897 6514 5 39951 39952 40337 40650 41570
43949 8702 9097 6 39954 39955 41865 42480 42483 40080
43950 8805 8702 4 39953 39955 41866 42676
43951 8564 8369 6 39956 39957 42027 44774 44990 45093
43952 8624 8369 3 39958 39956 43785
43953 8202 8369 7 39957 39958 43786 43248 42101 42102 42028
43954 8985 9395 5 39960 39959 156728 156732 156694
43955 8324 8805 4 39962 39961 45110 45309
43956 8415 8517 4 39964 39965 41943 41979
43957 9878 10176 7 39966 39967 155680 155677 155678 155697 155687
43958 9878 10297 5 39967 39968 142423 142421 155681
43959 9805 9878 7 39966 39968 144803 155429 155712 155335 155334
43960 7891 8443 6 39969 39970 41879 42021 41762 40024
43961 7891 8415 4 39970 39971 40030 40029
43962 7390 8198 4 39973 39972 40031 42026
43963 10254 10693 7 39974 39975 156734 156748 40161 40159 42395
43964 10146 10603 5 39976 39977 155635 142200 142202
43965 10146 10693 4 39977 39974 42396 155633
43966 10603 10693 7 39975 39977 155634 156331 156330 156404 156403
43967 9704 9718 6 39981 39982 45450 153317 147499 147497
43968 9892 9775 6 39983 39984 152981 153802 153803 153337
43969 9435 9461 5 39985 39986 153395 147399 147397
43970 9461 9300 3 39985 39987 153921
43971 10111 10633 5 39988 39989 44848 44850 141660
43972 10111 9715 5 39989 39990 155676 155494 155492
43973 9787 9715 6 39990 39991 153923 152818 152819 154100
43974 9787 10633 4 39991 39988 141662 142753
43975 9787 10111 5 39988 39990 146206 142487 141661
43976 9715 10633 8 39989 39991 155834 155462 44018 44017 154068 155495
43977 6937 6542 3 39992 39993 41931
43978 6821 6937 7 39992 39994 41920 42057 41909 41910 41912
43979 8724 8553 5 39996 39997 41892 155438 41968
43980 8198 8724 7 39995 39997 40668 40667 42434 42177 42022
43981 10890 11501 6 39998 39999 41679 41677 141268 155811
43982 10890 11443 5 39999 40000 57934 41832 41835
43983 531 11443 5 40000 40001 58360 58361 155461
43984 531 11501 6 40001 39998 155778 155780 155458 155457
43985 531 10890 5 39998 40000 155542 142470 142471
43986 11443 11501 3 39999 40001 154861
43987 9758 9751 4 40002 40003 152815 152816
43988 9668 9751 7 40003 40004 153383 153074 153075 147954 147955
43989 9751 9683 6 40002 40004 153472 153558 153100 153051
43990 7366 6890 4 40006 40007 42243 42195
43991 6851 6890 5 40007 40008 42245 41707 41708
43992 6851 7111 5 40008 40005 41972 42246 42244
43993 6851 7366 6 40005 40007 41874 41873 44006 41971
43994 9283 8907 5 40009 40010 152731 152730 153902
43995 9283 9300 7 40010 40011 152236 152239 153369 151773 151775
43996 9002 9300 3 40011 40012 153326
43997 9002 9283 6 40009 40011 153325 152852 152854 153801
43998 9575 9206 5 40016 40017 153483 153406 40166
43999 8754 9088 3 40018 40019 153901
44000 5909 6258 5 40021 40022 53574 41333 41223
44001 6014 6011 5 40023 40020 41347 53900 41265
44002 6014 5909 6 40020 40022 53573 56594 56670 41346
44003 6258 6011 4 40021 40023 41264 41224
44004 10075 10196 3 40025 40026 156745
44005 9886 10196 8 40027 40025 156747 156707 142287 142286 154668 154670
44006 10486 10196 6 40026 40027 155614 154151 147396 147394
44007 8992 8702 3 40032 40033 40094
44008 6264 6620 5 40035 40036 40860 40879 41716
44009 6620 6194 5 40034 40036 40859 40700 40699
44010 10036 9886 7 40038 40039 153819 153997 154000 154638 40269
44011 9886 9800 4 40037 40039 153817 42002
44012 8627 8884 5 40040 40041 40116 41970 156701
44013 6362 6064 4 40043 40044 55056 54688
44014 7949 8233 3 40048 40049 40435
44015 8028 8136 3 40050 40047 53521
44016 8435 8517 6 40051 40053 40153 40291 40326 40328
44017 10075 10087 5 40054 40055 156759 156760 40224
44018 10075 10261 5 40055 40056 152835 156526 156860
44019 10004 10087 5 40057 40054 40225 153544 153545
44020 10004 10075 6 40054 40056 152834 155945 155946 40223
44021 10261 10087 5 40055 40057 153766 153765 154644
44022 8362 7498 4 40058 40059 42265 42139
44023 5753 5670 4 40061 40062 41360 57239
44024 6228 6680 5 40063 40064 41096 41269 41113
44025 6228 6620 5 40064 40065 40860 40859 41082
44026 6821 6620 7 40065 40066 41120 41766 41944 41717 40879
44027 6821 6680 5 40066 40063 41033 40875 40877
44028 6620 6680 5 40064 40066 41119 41121 41097
44029 7008 6542 6 40067 40068 41931 41558 40913 40912
44030 7008 6821 4 40068 40069 41604 41912
44031 6880 7008 4 40067 40069 40966 40967
44032 7607 7918 4 40071 40072 45382 45383
44033 7918 7694 5 40070 40072 52921 45407 44003
44034 5385 5200 5 40074 40075 57086 56489 56490
44035 5080 5200 6 40075 40076 69770 69233 56755 56754
44036 5080 5227 4 40076 40073 67382 69768
44037 5080 5385 4 40073 40075 57095 57200
44038 8489 8437 3 40078 40077 40185
44039 9714 9982 4 40081 40082 155560 156633
44040 9863 9756 5 40083 40084 153654 142751 142752
44041 68 822 7 40087 40088 142744 142746 143308 143317 156043
44042 68 11718 8 40088 40086 155971 156143 155446 155448 155716 155442
44043 68 11214 3 40086 40087 155970
44044 8181 8627 4 40089 40091 40092 40096
44045 8181 8520 5 40092 40093 41643 44829 40098
44046 8324 8627 4 40095 40096 40097 45113
44047 8324 8520 5 40097 40098 44830 43029 43030
44048 7540 6212 5 40105 40103 40805 40851 40853
44049 7670 7453 5 40106 40107 40784 40556 40551
44050 8400 8790 4 40109 40110 40115 40112
44051 5723 5675 6 40119 40120 42597 42598 66951 43185
44052 5723 4853 3 40117 40119 43184
44053 5675 5657 6 40118 40120 43377 43710 43817 66868
44054 8415 8489 4 40121 40122 41945 41894
44055 8952 8489 4 40124 40121 40355 40353
44056 8952 8553 4 40125 40126 41927 41711
44057 8952 9486 5 40128 40129 156763 40151 40152
44058 8952 9218 3 40127 40128 147330
44059 4905 3910 4 40130 40131 42844 58323
44060 4905 3520 7 40131 40132 141957 132820 58566 58397 42845
44061 10119 4905 5 40130 40132 132715 42488 42487
44062 9415 8985 4 40138 40136 156728 40217
44063 8400 7978 3 40139 40140 41946
44064 8517 7674 5 40144 40145 41633 40290 40291
44065 7653 8517 3 40143 40145 41002
44066 5260 5759 4 40149 40150 57580 57616
44067 8158 8557 3 40154 40155 40203
44068 8158 8435 9 40155 40156 40173 40249 40325 40324 40328 40243 40202
44069 8194 8158 5 40154 40156 40174 40572 40219
44070 7655 7367 4 40157 40158 53584 40984
44071 10254 10513 9 40159 40160 156932 156936 156764 156765 156774 156768 155949
44072 10254 10809 4 40160 40161 156761 156930
44073 10693 10809 5 40161 40162 156400 156391 156392
44074 10693 10513 7 40162 40159 155950 147616 147617 156381 156501
44075 10809 10513 4 40160 40162 156341 156343
44076 9271 9848 5 40163 40164 156725 157386 156727
44077 9756 9848 6 40165 40163 155879 155878 155486 142751
44078 9415 9848 4 40164 40165 142750 156682
44079 7909 8375 4 40170 40171 40186 40197
44080 8082 8156 4 40175 40176 53221 45368
44081 8082 8153 6 40176 40177 45004 45002 45692 53220
44082 7023 6971 3 40179 40180 56958
44083 7023 6798 9 40180 40181 56372 56998 56964 56965 56967 56968 56959
44084 7138 6798 4 40181 40182 56470 56373
44085 6798 6971 8 40180 40182 56926 56928 56923 56588 56590 56921
44086 8794 8437 10 40184 40185 40234 40345 40240 40241 40247 40248 40262 40251
44087 7040 6825 4 40187 40188 43953 43954
44088 6660 7113 5 40189 40190 40962 41023 41024
44089 6660 6825 6 40190 40187 43968 41036 41034 40961
44090 6660 7040 5 40187 40189 54062 52970 43967
44091 8194 8437 3 40193 40191 40205
44092 6920 7025 3 40194 40195 40646
44093 8375 8344 4 40199 40200 40231 40210
44094 8435 8261 4 40202 40204 40215 40239
44095 6797 6808 4 40206 40207 49618 49112
44096 6797 7099 6 40207 40208 49620 49713 44736 44738
44097 7879 7978 7 40213 40211 40214 40276 41601 41870 40570
44098 8435 8437 3 40215 40216 40241
44099 7975 8028 6 40220 40221 40482 45214 45216 53510
44100 8123 7975 4 40220 40222 53356 53440
44101 10004 9800 8 40225 40223 123784 123785 146854 146856 153894 153886
44102 10087 9800 5 40224 40225 153877 153770 153769
44103 8979 8669 3 40226 40227 156948
44104 8375 8607 4 40228 40229 40230 40232
44105 8794 8401 3 40234 40235 40342
44106 6514 5759 3 40236 40237 40445
44107 8794 8261 4 40239 40240 40310 40242
44108 8158 8794 4 40242 40243 40347 40311
44109 8794 8557 4 40244 40245 40247 40246
44110 8592 8794 4 40251 40252 40266 40264
44111 6514 6860 4 40253 40254 41464 41085
44112 6514 7653 5 40254 40255 40321 40319 41461
44113 4880 5339 4 40258 40256 41864 57921
44114 5122 5339 7 40257 40258 41125 41127 41139 41694 41696
44115 8794 8886 5 40259 40260 40261 40266 40267
44116 8794 8713 5 40262 40263 40265 40267 40264
44117 10125 10110 10 40272 40273 155890 138391 138389 147679 147678 156159 156160 156457
44118 10125 9952 7 40273 40270 156770 156922 58913 58914 147486
44119 10125 10254 4 40270 40272 156768 156767
44120 10110 9952 4 40271 40273 155889 156345
44121 6469 6450 3 40278 40279 55396
44122 6265 6450 6 40279 40280 43931 43930 53068 53692
44123 6265 6563 4 40280 40277 53084 51520
44124 6265 6469 5 40277 40279 55395 55018 54741
44125 6450 6563 8 40278 40280 51519 51557 40483 40485 52118 52117
44126 7979 7593 5 40281 40282 41632 41576 41467
44127 6941 6974 4 40283 40284 53883 53935
44128 6941 7217 6 40284 40285 53649 53655 54058 53884
44129 9891 9930 6 40286 40287 142253 142661 58029 41584
44130 9891 9876 5 40287 40288 58348 44860 44858
44131 10411 9876 7 40288 40289 155670 153762 153764 142693 58741
44132 10411 9930 4 40289 40286 41586 155433
44133 10411 9891 7 40286 40288 58740 58588 58585 152797 41585
44134 9876 9930 5 40287 40289 41651 41079 41078
44135 8435 7674 5 40291 40292 40403 40325 40323
44136 7137 7418 6 40293 40294 55274 55273 55316 55489
44137 7405 7418 5 40295 40293 55494 53372 53371
44138 7619 7418 6 40294 40295 53244 51643 51640 53216
44139 9203 9179 6 40298 40299 155928 142496 142233 41564
44140 9203 7118 6 40299 40300 142313 155872 155904 155937
44141 8857 9179 6 40301 40298 41566 155859 142184 142183
44142 8857 9203 4 40298 40300 142314 41565
44143 7118 9179 5 40299 40301 155913 155931 155932
44144 7394 7447 5 40302 40303 45588 53373 45555
44145 7352 6542 3 40305 40306 40912
44146 6542 6658 7 40305 40307 41083 40745 40744 41019 40913
44147 7076 7554 6 40308 40309 55297 55303 55301 55304
44148 4738 4618 5 40313 40314 57393 69665 69242
44149 4899 4618 8 40314 40315 67865 69649 69583 69584 69616 57394
44150 4899 4814 5 40315 40312 54872 54871 60690
44151 4899 4738 5 40312 40314 57392 69559 69681
44152 4618 4814 4 40313 40315 61439 61441
44153 7057 7392 6 40317 40318 40405 56639 56955 40606
44154 6514 7593 8 40319 40320 41517 41520 40651 40650 41580 41460
44155 6514 7674 4 40320 40321 41516 41518
44156 7653 7593 6 40322 40319 41462 41552 41554 41582
44157 8435 8022 3 40323 40324 40326
44158 8517 8158 3 40327 40328 40347
44159 9621 10262 6 40329 40330 154611 154609 156505 156719
44160 9621 9672 5 40330 40331 155943 142054 142057
44161 9322 9672 6 40331 40332 155845 132865 132866 155737
44162 9322 10262 6 40332 40329 156022 156011 141431 141430
44163 9322 9621 4 40329 40331 156057 156720
44164 9672 10262 4 40330 40332 155860 155856
44165 2696 2437 6 40333 40334 141219 141282 141432 140982
44166 2696 2716 6 40334 40335 127230 59010 59008 140310
44167 2560 2716 7 40335 40336 139864 139863 59578 59577 139585
44168 2560 2437 7 40336 40333 140787 140789 141179 141487 141250
44169 2560 2696 4 40333 40335 126670 126669
44170 2716 2437 5 40334 40336 141251 141329 141220
44171 8022 8401 4 40339 40340 40346 40342
44172 8437 8022 4 40343 40344 40346 40345
44173 8517 7978 4 40348 40349 40354 41943
44174 7352 7978 4 40351 40352 41601 41600
44175 7352 8415 5 40350 40351 41981 41964 41692
44176 8952 7978 3 40354 40355 41895
44177 8754 8517 3 40356 40357 40377
44178 8857 9889 3 40360 40358 155859
44179 8857 9733 6 40358 40359 156691 41477 41475 142184
44180 6203 5907 5 40362 40363 56957 41926 40983
44181 6203 6658 5 40363 40361 41019 41018 58638
44182 6203 7008 6 40361 40362 40981 42261 41932 41558
44183 413 9179 3 40364 40365 142171
44184 4061 3291 9 40366 40367 58841 58716 58718 140799 57860 57861 155985
44185 4061 4562 5 40367 40368 41496 41497 58840
44186 6256 6777 4 40369 40370 42234 42165
44187 6620 6777 6 40372 40369 41937 41928 41930 41947
44188 3678 8826 5 40373 40374 132994 155833 142017
44189 8517 8979 4 40375 40376 40377 40378
44190 5871 6198 6 40379 40381 40969 58176 66999 41226
44191 7352 8022 5 40383 40384 41574 41981 41600
44192 7879 7352 5 40383 40385 41263 41869 41601
44193 7979 6962 5 56845 56844 40388 40386 -1
44194 7979 6849 4 40386 40387 40911 -1
44195 4952 5307 7 40390 40391 41791 41790 54183 57538 57027
44196 5330 4952 4 40389 40391 57522 57495
44197 6491 6824 3 40393 40394 56609
44198 6788 6824 7 40394 40395 40930 40929 40473 40472 56580
44199 6788 6512 4 40395 40392 56676 54796
44200 6788 6491 7 40392 40394 40816 40815 55133 54996 54995
44201 6824 6512 7 40393 40395 54795 56748 56671 41446 41444
44202 7736 7577 6 40398 40396 53448 53447 53466 53443
44203 7555 7934 4 40399 40400 40406 40616
44204 6983 7057 6 40404 40405 56640 40422 40423 40476
44205 7990 7404 3 40407 40408 40910
44206 5923 5735 4 40412 40413 40429 57024
44207 5897 5735 5 40413 40414 54963 54962 40431
44208 5897 6190 6 40414 40411 40444 53647 54832 54831
44209 5897 5923 6 40411 40413 40430 51320 51319 40443
44210 6760 6962 4 40417 40415 40457 56980
44211 6798 6962 6 40416 40417 56468 56373 56372 56994
44212 6849 6788 6 40420 40421 56956 57012 56635 56633
44213 6849 7057 7 40421 40422 56973 56955 56783 41286 41285
44214 6983 6788 3 40423 40420 40475
44215 6983 6849 4 40420 40422 56971 56634
44216 7379 7741 5 40424 40425 40607 40810 40541
44217 7342 6714 6 40426 40427 41020 41006 41004 41086
44218 6961 6714 4 40428 40426 41088 40465
44219 5923 5707 6 40429 40430 56071 56557 56558 57023
44220 5735 5707 6 40431 40429 56990 56991 70027 56443
44221 5897 5707 4 40430 40431 56084 56072
44222 7192 6941 4 40434 40432 54057 54071
44223 7287 6941 4 40433 40434 54069 53656
44224 7227 6788 6 40436 40437 40704 40811 40473 40474
44225 7227 7057 3 40437 40438 40595
44226 6179 7555 4 40440 40442 40719 40454
44227 5347 5565 5 40448 40449 56655 57276 57274
44228 5841 5565 5 40449 40450 41474 56976 56656
44229 5841 5670 6 40450 40447 57120 56799 56798 41473
44230 7113 7288 5 40453 40451 40779 40778 41023
44231 7979 6179 6 40911 40454 40455 40708 40709 -1
44232 6884 6962 4 40457 40456 56972 56981
44233 8380 8509 4 40458 40459 45159 45161
44234 7227 7604 6 40462 40463 40829 40807 40806 40478
44235 7227 7670 5 40463 40464 40784 40785 40826
44236 7501 7227 6 40462 40464 40786 40812 40821 40477
44237 6971 7087 7 40466 40467 40611 56662 56660 56937 56882
44238 7273 6971 4 40466 40468 56739 56738
44239 6605 6886 5 40470 40471 53331 53330 56743
44240 6605 6871 4 40471 40469 52863 55160
44241 6605 6705 6 40469 40470 54798 54723 54721 52862
44242 6983 6884 6 40476 40475 56634 56972 56938 40820
44243 7227 7525 3 40477 40478 40824
44244 7442 7102 7 40481 40479 40722 40751 40602 40599 45251
44245 6563 6730 8 40483 40484 55413 53838 53819 40871 40874 51556
44246 6563 6771 3 40484 40485 55412
44247 6450 6771 6 40485 40486 50827 50828 51635 51636
44248 6450 6730 4 40486 40483 51558 53829
44249 6771 6730 8 40484 40486 53830 53089 53090 53824 53825 55411
44250 6457 6521 6 40488 40489 40575 40574 53756 53757
44251 6457 6239 4 40489 40490 45253 55064
44252 6456 6239 5 40490 40491 40598 54640 45254
44253 6456 6521 5 40491 40488 53774 53776 40596
44254 6443 6731 9 40492 40493 53816 53750 53749 53801 55084 53780 53735
44255 6443 6825 6 40493 40494 52537 43968 43954 43955
44256 6516 6825 6 40494 40495 40663 40662 41103 41104
44257 6516 6731 3 40495 40492 45394
44258 6516 6443 5 40492 40494 52538 52940 53736
44259 6825 6731 6 40493 40495 43586 43585 43719 43717
44260 6256 6576 5 40496 40497 42234 42233 42264
44261 5753 5607 4 40498 40499 56667 57110
44262 5753 5736 6 40499 40500 56665 54849 54847 56668
44263 5802 5736 4 40500 40501 41313 41348
44264 5802 5607 7 40501 40498 57233 56646 54698 40869 40870
44265 5802 5753 7 40498 40500 56666 56566 41307 41305 57232
44266 5736 5607 5 40499 40501 41312 57690 56669
44267 7086 7152 7 40502 40503 43974 44085 44092 44093 52978
44268 7086 6885 3 40503 40504 43975
44269 7529 7461 7 40505 40506 45995 44351 44352 51229 51227
44270 7228 7461 5 40506 40507 51630 51632 45996
44271 7461 7292 5 40505 40507 52768 52658 52657
44272 7670 7934 6 40510 40511 40625 40558 40556 40785
44273 6072 6283 4 40514 40515 41469 54921
44274 7113 6871 6 40520 40521 40737 53580 42223 42224
44275 7089 7359 5 40522 40523 52034 45862 45861
44276 7089 7182 4 40523 40524 43970 43979
44277 7191 7182 4 40524 40525 52706 43971
44278 7191 7359 8 40525 40522 45239 45238 53101 53100 53197 52704
44279 7191 7089 6 40522 40524 43969 53688 41397 41398
44280 7182 7359 5 40523 40525 52705 53248 53024
44281 7851 7873 9 40534 40535 53007 53008 53450 53506 53259 53258 45423
44282 7851 7866 5 40532 40534 45422 53294 45021
44283 7873 7949 3 40533 40535 45290
44284 6920 7102 6 40536 40537 40645 40646 40741 40723
44285 7102 6961 5 40536 40538 40771 40799 40724
44286 6825 6824 4 40543 40544 40662 41092
44287 7308 7253 4 40546 40547 43867 43868
44288 7493 7656 5 40548 40549 45280 45285 45284
44289 7474 7656 3 40549 40550 45281
44290 7670 7741 3 40552 40551 40558
44291 6215 6592 6 40553 40554 40739 40740 41482 56642
44292 6592 5759 3 40553 40555 56805
44293 7453 7934 3 40556 40557 40783
44294 7290 7308 3 40560 40561 52797
44295 7501 7903 3 40562 40564 40944
44296 9891 9676 6 40565 40566 58348 58740 155738 155481
44297 9891 8724 4 40566 40567 44859 44860
44298 8896 9676 5 40568 40565 155454 42186 42187
44299 8896 9891 5 40565 40567 58742 42045 42044
44300 8724 9676 7 40566 40568 58198 58158 58160 154129 58349
44301 7404 7978 3 40569 40570 41868
44302 6642 6457 3 40573 40574 54944
44303 6173 6457 7 40575 40573 53671 53673 54778 54779 55064
44304 7447 7703 4 40578 40579 50706 53445
44305 7741 8129 4 40584 40585 40603 40588
44306 7741 7877 6 40585 40586 53314 53208 40594 40592
44307 7741 8116 5 40587 40588 40604 40605 40619
44308 7741 8210 6 40590 40591 40604 40603 40592 40593
44309 6521 6465 5 40596 40597 55441 55343 55077
44310 6239 6465 8 40597 40598 54981 55052 54781 54780 55971 55442
44311 6465 6456 4 40596 40598 54838 54840
44312 6871 7102 5 40599 40600 40645 40737 53581
44313 7442 7025 4 40601 40602 40752 45731
44314 6649 6520 5 40612 40613 56532 54791 54792
44315 6649 6748 8 40613 40614 56850 56794 56795 56820 56969 56821
44316 6502 6748 6 40614 40615 56897 53641 53643 56778
44317 6502 6649 3 40612 40614 56803
44318 6748 6520 4 40613 40615 56902 56822
44319 7934 8058 3 40620 40621 40622
44320 7934 7738 3 40623 40624 40625
44321 7753 7886 3 40627 40628 40629
44322 7753 8066 3 40630 40631 40632
44323 6264 5816 6 40633 40634 40985 40987 41229 57979
44324 6453 6680 6 40635 40636 41033 41113 41270 41012
44325 6453 6904 4 40636 40637 40953 41015
44326 6860 6680 3 40638 40635 40979
44327 4846 6223 4 40639 40640 42105 42605
44328 4846 6369 7 40640 40641 42529 42528 42600 42601 42104
44329 5819 4846 6 40639 40641 42160 42159 66878 42604
44330 6666 6772 3 40647 40648 55430
44331 6666 6751 8 40648 40649 53053 53054 53685 53683 55472 55431
44332 5856 5885 5 40653 40654 42298 51761 51668
44333 5856 5766 4 40654 40652 57846 42296
44334 5856 5705 6 40652 40653 46425 42769 42766 54532
44335 5850 6212 4 40656 40655 41514 41463
44336 4394 6044 7 40657 40658 57827 57825 58641 58642 58643
44337 5850 6044 3 40659 40657 41555
44338 6705 6516 7 40663 40664 54797 54723 54722 53736 45394
44339 6516 6824 6 40662 40664 41446 41445 41102 41101
44340 7604 8234 5 40665 40666 40683 40677 40675
44341 8896 8198 6 40669 40667 42232 42231 42012 42011
44342 8514 8198 6 40668 40669 42009 41800 41799 41893
44343 6590 6520 7 40671 40672 56901 56910 56887 56650 56648
44344 6590 6383 6 40672 40673 40713 40791 40793 56885
44345 6502 6590 3 40671 40673 40712
44346 8010 7604 3 40677 40678 40682
44347 7604 8096 5 40679 40680 40682 40683 40681
44348 7025 6965 5 40686 40684 40715 52601 55198
44349 6886 6965 5 40685 40686 40750 40749 56546
44350 7815 7612 4 40688 40689 53284 40694
44351 7394 7627 3 40690 40691 53381
44352 6601 6408 6 40696 40697 41415 41068 41037 41038
44353 6601 6011 4 40695 40696 41176 41316
44354 6194 6417 6 40698 40699 42284 41209 41211 41239
44355 6601 6417 6 40701 40698 41323 54140 41212 41214
44356 6601 6194 4 40698 40700 41081 41322
44357 6283 6394 3 40706 40707 56946
44358 6733 6590 8 40712 40713 54757 54759 56925 56879 56647 56648
44359 6733 6383 3 40713 40714 56578
44360 6502 6733 6 40712 40714 56577 56869 56897 56888
44361 7729 7359 3 40717 40718 44011
44362 6849 6592 4 40720 40721 40817 41286
44363 7102 6824 5 40723 40724 40798 40934 40941
44364 6445 6149 5 40726 40727 56831 56832 54860
44365 6051 6149 6 40727 40728 56643 56802 56659 56657
44366 6149 6176 6 40726 40728 54788 54787 41453 41450
44367 6961 7525 5 40729 40730 40732 40773 40824
44368 7604 6961 4 40729 40731 40753 40806
44369 7113 7525 4 40732 40733 45735 40774
44370 647 869 5 40736 40734 142221 142220 142242
44371 413 869 6 40735 40736 41670 41669 142135 142134
44372 6348 6658 4 40743 40745 41504 41084
44373 6542 6215 4 40744 40746 40762 40761
44374 6724 6742 9 40747 40748 53329 56907 56826 56613 56614 56737 56677
44375 6724 6886 5 40748 40749 56544 56691 53330
44376 6965 6742 5 40750 40747 55196 55195 55198
44377 6965 6724 4 40747 40749 56545 56678
44378 6886 6742 5 40748 40750 55201 55159 53331
44379 7146 7243 4 40754 40755 45896 45897
44380 7141 7243 6 40756 40754 52206 51428 51427 47217
44381 6911 7243 5 40755 40756 47216 52172 52171
44382 6216 6495 6 40758 40759 41320 41321 56688 41299
44383 6453 6495 6 40759 40760 41253 41014 41013 41012
44384 6453 6216 3 40757 40759 41270
44385 6495 6228 3 40758 40760 41279
44386 6215 6453 5 40762 40763 57968 41513 41512
44387 6203 6215 6 40761 40763 57767 57768 58378 41018
44388 7118 6658 6 40764 40765 41569 41571 41557 41556
44389 7501 6961 4 40771 40772 40773 40821
44390 7227 7741 4 40775 40776 40810 40827
44391 5985 5848 4 40781 40782 56719 54700
44392 5985 5720 7 40782 40780 40937 54644 53779 53778 56718
44393 5985 6128 4 40780 40781 54699 40936
44394 7934 7227 6 40783 40785 40825 40834 40828 40827
44395 6128 5620 3 40787 40788 68978
44396 6128 5835 7 40788 40789 40888 55038 55041 56564 69597
44397 5848 5835 5 40789 40790 40803 55115 40889
44398 5848 5620 6 40790 40787 68979 41363 41315 40802
44399 5835 5620 7 40788 40790 40801 56628 56988 57022 69598
44400 6383 6724 5 40791 40792 55075 56579 56578
44401 7404 6824 3 40794 40796 40914
44402 6961 7227 6 40795 40797 40806 40824 40821 40799
44403 5835 5670 3 40801 40803 56627
44404 6313 6788 6 40814 40815 55132 57012 57010 57009
44405 6491 6313 3 40813 40815 55131
44406 6788 6445 5 40814 40816 56580 56581 56814
44407 6849 6554 6 40817 40818 41480 57011 56956 41285
44408 6592 6554 7 40819 40817 41287 41509 41483 41482 56473
44409 6179 6554 4 40818 40819 41491 41481
44410 7909 7227 5 40825 40826 40829 40830 40832
44411 7227 7879 4 40831 40832 40834 40833
44412 5752 5759 3 40837 40835 41502
44413 6452 6359 8 40838 40839 43516 43771 43524 43206 42716 42517
44414 6452 5893 6 40839 40840 43590 54258 43898 43517
44415 5754 5893 6 40840 40841 43072 66861 43598 43591
44416 5754 6452 3 40838 40840 42518
44417 5893 6359 4 40839 40841 42618 42619
44418 5755 5940 4 40842 40843 41380 41383
44419 5755 5648 6 40843 40844 41419 41418 67649 54753
44420 6069 5648 4 40844 40845 41272 41271
44421 5648 5940 6 40843 40845 43921 54126 54125 54731
44422 10369 10277 7 40847 40848 152844 154631 154632 154424 154073
44423 10369 9924 5 40848 40849 153849 154012 152845
44424 10226 9924 5 40849 40850 152447 44950 44949
44425 10226 10277 3 40850 40847 154075
44426 9924 10277 6 40848 40850 154344 152952 152898 152846
44427 6897 7540 3 40851 40852 41466
44428 9665 9461 5 40855 40856 153851 152920 152919
44429 9491 9718 5 40857 40854 44924 145642 153880
44430 9461 9718 5 40855 40857 153395 153318 153317
44431 6194 6228 5 40858 40859 41081 41328 41164
44432 6417 6422 7 40861 40862 54084 54141 41212 41213 41122
44433 6417 6574 5 40862 40863 41952 42164 54083
44434 6815 6422 7 40864 40861 41114 41116 54068 54041 54042
44435 6815 6417 4 40861 40863 41929 41123
44436 6574 6422 3 40862 40864 54085
44437 8243 8857 5 40865 40866 41572 142314 155559
44438 8243 7979 5 40866 40867 41648 41632 41573
44439 5648 5607 5 40868 40869 41198 41197 57310
44440 5944 5607 4 40870 40868 57698 41312
44441 6604 6563 3 40871 40872 53072
44442 6604 6388 6 40872 40873 51019 52401 53637 53073
44443 6730 6388 3 40873 40874 51021
44444 6730 6604 6 40871 40873 51020 51344 53071 53744
44445 6388 6563 7 40872 40874 53871 51519 51520 51458 51460
44446 6680 7342 6 40876 40877 41119 41086 41087 41089
44447 6821 7342 4 40877 40878 41765 41120
44448 7654 8311 4 40880 40881 44024 44691
44449 8025 7654 6 40880 40882 41877 41907 41908 44838
44450 6210 6360 4 40885 40886 51174 51172
44451 6360 6140 5 40884 40886 51685 50634 50633
44452 6267 5835 7 40888 40889 55114 55116 56856 56870 56752
44453 5848 6267 5 40887 40889 41449 41448 56865
44454 6061 6069 4 40892 40890 53758 54651
44455 6061 5986 5 40890 40891 53768 41172 41171
44456 6149 5869 5 40893 40894 56615 56616 41447
44457 6149 5670 4 40894 40895 56800 56798
44458 5848 5869 4 40896 40893 41449 55115
44459 5848 6149 8 40893 40895 56801 56643 54788 54171 54170 41448
44460 5670 5869 6 40894 40896 56627 56626 57119 56799
44461 6424 6254 7 40898 40899 41395 53698 53700 53805 53804
44462 6424 6411 3 40899 40900 41394
44463 6480 6254 3 40901 40898 54112
44464 6480 6424 5 40898 40900 53042 41160 41157
44465 6172 6222 5 40902 40903 43639 43637 43643
44466 6172 6202 7 40903 40904 43471 51793 54476 43663 43665
44467 6372 6222 6 40905 40902 43645 48092 48091 54314
44468 6372 6172 4 40902 40904 43470 43644
44469 6202 6222 7 40903 40905 54315 51097 51096 49739 49741
44470 8464 8657 9 40906 40907 49286 49287 49330 49234 49235 49304 46403
44471 8464 8913 5 40907 40908 49046 49045 49075
44472 8943 8657 4 40909 40906 46404 49243
44473 8943 8464 6 40906 40908 48783 47017 46194 46193
44474 8913 8657 7 40907 40909 49237 48909 46418 46417 48885
44475 6860 6495 5 40915 40916 40980 40979 41013
44476 5985 6014 9 40919 40920 54699 54700 56720 54704 54703 54882 54852
44477 5985 6353 3 40918 40919 54851
44478 3971 3845 6 40921 40922 70068 70067 81103 82690
44479 3971 3953 8 40922 40923 81656 69527 60122 60123 71390 71391
44480 3967 3953 4 40923 40924 81336 81334
44481 3967 3971 3 40921 40923 81655
44482 3953 3845 5 40922 40924 81744 81778 82684
44483 6445 6258 5 40926 40927 55187 55188 56471
44484 6516 6445 3 40925 40927 41445
44485 6258 6512 4 40926 40928 41150 51745
44486 6824 6886 5 40930 40931 40941 40942 54795
44487 6884 6824 4 40929 40931 40934 40933
44488 6886 6788 4 40930 40932 56915 54796
44489 6014 5926 3 40939 40940 56594
44490 5926 5753 5 40938 40940 56672 54849 54848
44491 7589 7501 7 40944 40945 45278 53607 53605 53612 53614
44492 7738 7589 3 40943 40945 45279
44493 7366 7891 5 40946 40947 42191 42190 42196
44494 7366 7390 7 40947 40948 42217 42194 41845 41843 42192
44495 6258 6495 5 40951 40952 55188 56689 41321
44496 6258 6824 4 40952 40950 41102 55187
44497 6258 6680 5 40950 40951 41319 41100 41099
44498 7047 6436 6 40955 40956 52358 54034 54075 43775
44499 6914 6574 5 40957 40958 43666 41785 41163
44500 6914 6436 6 40958 40955 43776 43673 43650 43651
44501 6914 7047 4 40955 40957 41161 43774
44502 6574 6436 4 40956 40958 43722 52359
44503 6072 6163 6 40963 40964 41484 41487 56774 41469
44504 5841 6163 6 40964 40965 55046 55045 56658 41486
44505 6163 5868 5 40963 40965 56830 56829 41470
44506 6880 7390 5 40968 40966 41605 41875 41256
44507 5635 6256 3 40970 40971 42272
44508 5871 5635 7 40969 40971 42285 57719 57720 53731 53732
44509 5463 5586 7 40972 40973 69140 69300 68036 68037 67646
44510 5463 5630 6 40973 40974 56312 56310 56065 56068
44511 5692 5630 5 40974 40975 55903 55924 55923
44512 5692 5586 4 40975 40972 51704 51703
44513 5692 5463 4 40972 40974 67987 67647
44514 5630 5586 7 40973 40975 55902 54351 54350 57337 57338
44515 7701 7762 6 40976 40977 53557 53451 44080 43792
44516 6495 6904 3 40980 40978 41011
44517 7186 5907 4 40982 40983 41734 41732
44518 6203 7186 6 40981 40983 41925 58048 58288 42260
44519 5816 6194 7 40985 40986 42282 41209 41210 41329 41164
44520 8508 7437 7 40991 40992 42610 42613 43901 43899 42109
44521 7718 7437 4 40992 40993 42951 44783
44522 5049 5218 5 40995 40996 41247 41248 41237
44523 5218 4801 4 40994 40996 54752 57309
44524 7282 7008 3 40998 40997 41602
44525 8022 8243 4 41001 41003 41574 41978
44526 8569 8681 7 41007 41008 44756 44863 44837 42640 42637
44527 8809 8681 4 41008 41009 133113 44757
44528 8681 8330 5 41007 41009 58159 42137 42136
44529 6680 6961 5 41016 41017 41087 41088 41090
44530 7288 6660 3 41021 41022 41023
44531 6124 6328 4 41025 41026 51783 51782
44532 6124 6696 5 41026 41027 54115 54400 54113
44533 6292 6696 4 41027 41028 54012 54116
44534 6292 6328 6 41028 41025 54010 41888 41890 54011
44535 6292 6124 5 41025 41027 43879 43876 54124
44536 6696 6328 6 41026 41028 43780 43779 54104 54114
44537 7688 7582 6 41029 41030 45813 46536 52748 52747
44538 7688 7318 4 41030 41031 45873 45814
44539 7341 7318 7 41031 41032 46602 46601 51482 51484 52869
44540 7341 7582 5 41032 41029 53013 53272 53176
44541 6825 6601 4 41034 41035 41066 41037
44542 6825 6408 5 41036 41037 41067 41104 52537
44543 6408 6660 5 41036 41038 41175 54692 53135
44544 6723 6604 6 41039 41040 51344 43937 43936 52647
44545 5705 5927 5 41041 41042 54578 51667 46425
44546 5705 5805 9 41042 41043 67429 67430 54583 54584 54202 54201 54579
44547 5669 5805 7 41043 41044 45878 54340 54342 43432 43431
44548 5669 5927 9 41044 41041 43153 43154 54106 54387 43435 43434 45877
44549 5669 5705 4 41041 41043 42767 42769
44550 5805 5927 3 41042 41044 45876
44551 7040 6972 8 41045 41046 52759 53931 43238 43239 43953 52429
44552 7040 7253 6 41046 41047 43866 43867 53567 52760
44553 7317 7253 4 41047 41048 52943 52942
44554 7317 6972 7 41048 41045 52430 53702 53701 54070 53786
44555 7253 6972 5 41046 41048 53787 43912 43913
44556 6364 6567 4 41049 41050 51490 51560
44557 6411 6567 6 41051 41049 51561 55091 53795 41394
44558 6254 6567 4 41050 41051 41395 51492
44559 6696 6941 9 41052 41053 53598 53130 43956 43957 44000 53646 53569
44560 6696 7080 5 41053 41054 53530 53529 53599
44561 6815 7080 4 41054 41055 53602 53603
44562 6815 6941 4 41055 41052 53571 53656
44563 6815 6696 8 41052 41054 53925 54063 54012 43780 43782 53570
44564 10389 10736 6 41058 41059 154105 156012 156013 142023
44565 10736 11214 7 41057 41059 154104 155843 156327 156071 143085
44566 7086 7083 3 41060 41061 52978
44567 7187 7086 6 41060 41062 51995 53456 44091 44093
44568 6809 7479 3 41065 41063 43859
44569 6903 7479 4 41064 41065 43860 44903
44570 6680 6825 6 41066 41067 41103 41092 41090 41091
44571 6680 6408 5 41067 41068 41416 41100 41098
44572 6601 6680 6 41066 41068 41454 41096 41097 41093
44573 10963 10906 4 41069 41070 155573 155574
44574 11167 10956 5 41071 41072 147229 147272 147271
44575 11167 10963 5 41069 41071 156080 147306 147308
44576 5143 4952 6 41073 41074 41790 54181 57756 41151
44577 5137 5143 4 41073 41075 58007 41152
44578 5544 4952 4 41074 41076 57522 41791
44579 9930 9304 6 41077 41078 142253 42014 42017 132864
44580 9870 9876 7 41079 41080 154107 155701 155661 155662 41653
44581 9870 9930 4 41077 41079 41652 142283
44582 9876 9304 5 41078 41080 154106 44861 44858
44583 6714 6680 5 41086 41088 41091 41093 41121
44584 7781 6962 4 41094 41095 56844 56641
44585 6680 6516 4 41098 41099 41101 41103
44586 6216 5926 5 41105 41106 56604 41331 41332
44587 6216 5948 5 41106 41107 41298 41299 56818
44588 5944 5948 4 41107 41108 57687 41318
44589 5944 5926 5 41108 41105 41308 41310 57702
44590 4960 4884 4 41109 41110 61636 53728
44591 4960 4767 4 41110 41111 68343 67598
44592 4685 4767 5 41111 41112 67545 67548 68323
44593 4685 4884 6 41112 41109 53729 67871 67881 67543
44594 4685 4960 7 41109 41111 68342 68515 67594 62189 53727
44595 4767 4884 7 41110 41112 67544 67891 67812 54528 54525
44596 6422 6620 3 41114 41115 41122
44597 6422 6660 6 41115 41116 54082 54150 41215 41213
44598 5982 6254 5 41117 41118 54841 54868 53045
44599 4569 5339 5 41124 41125 57921 57831 57834
44600 4569 5122 6 41125 41126 41544 59202 57928 57929
44601 4801 5339 4 41127 41124 57786 41140
44602 5201 5353 5 41129 41130 68543 67774 57472
44603 5415 5385 8 41131 41128 69970 69995 67960 67959 69940 69877
44604 5415 5201 5 41128 41130 69224 69746 69968
44605 5353 5385 3 41129 41131 57473
44606 5950 5852 10 41134 41132 54353 54352 54635 69834 53710 53707 53706 52810
44607 5950 5772 4 41132 41133 52177 54813
44608 6337 6048 5 41135 41136 53751 53340 53343
44609 6337 6069 8 41136 41137 55109 55108 53592 53593 55085 53752
44610 6015 6337 5 41135 41137 55110 55136 55107
44611 6069 6048 3 41136 41138 53753
44612 5263 5339 4 41139 41140 57600 57599
44613 6647 6750 5 41141 41142 53720 53724 54454
44614 6750 6696 3 41141 41143 54452
44615 5981 6872 4 41144 41145 41823 42331
44616 5745 5615 3 41147 41148 54508
44617 5745 5887 6 41148 41146 42592 42922 67627 54507
44618 6512 6014 7 41149 41150 51746 55119 54881 54882 56745
44619 4891 5137 7 41152 41153 57546 57547 57649 57650 58008
44620 4891 5143 7 41151 41152 57828 57830 58003 57989 57840
44621 7060 6851 6 41155 41156 41872 41873 43986 43825
44622 7060 6430 5 41156 41154 41882 42034 42287
44623 7060 5971 4 41154 41155 43823 41881
44624 6061 6424 5 41157 41158 43723 53803 53804
44625 6061 6443 5 41158 41159 53758 41171 41174
44626 7479 6574 4 41162 41163 41784 42161
44627 6914 7479 10 41161 41163 41783 43928 43927 44901 43860 43859 43902 43903
44628 6494 6665 6 41166 41167 54153 54154 43987 43988
44629 6936 6494 4 41165 41167 54186 43884
44630 5619 5479 6 41168 41170 67683 41417 41196 41195
44631 6443 5986 5 41171 41173 42748 50853 50854
44632 6011 6660 3 41175 41176 41317
44633 5985 5802 4 41178 41179 54704 56721
44634 5985 6069 8 41179 41177 54398 53753 53752 55086 56746 54703
44635 5985 5619 6 41177 41178 56722 53778 53132 53133
44636 6430 5658 6 41180 41181 42390 58063 58081 41780
44637 6875 6430 7 41180 41182 42382 42288 42287 42491 41781
44638 5816 6417 4 41185 41186 41209 42283
44639 5871 5612 6 41187 41188 52963 54173 41955 41956
44640 5612 6417 6 41186 41188 52962 54028 41240 41211
44641 5594 5499 6 41192 41193 67711 66488 66490 67706
44642 5594 5612 4 41193 41194 54714 57067
44643 5815 5594 7 41192 41194 54713 65469 53661 53662 67640
44644 5607 5619 5 41198 41195 56637 56638 54698
44645 5607 5479 6 41195 41197 57194 41421 41420 57467
44646 5648 5619 6 41196 41198 41259 41258 41271 41419
44647 4637 5850 5 41200 41201 41430 41429 58604
44648 4637 4880 4 41201 41199 41860 41861
44649 4637 5513 5 41199 41200 58603 57740 57739
44650 6890 6875 5 41204 41202 41706 41708 42243
44651 4819 4622 6 41205 41206 65163 63557 63559 54220
44652 4778 4622 5 41208 41205 54222 68228 68227
44653 4778 4819 3 41205 41207 54221
44654 5612 6194 3 41210 41211 41238
44655 6417 6660 3 41213 41214 41216
44656 6601 6422 3 41215 41212 54142
44657 5052 5182 3 41217 41218 55699
44658 5691 5802 7 41219 41220 41305 57231 56646 56645 56721
44659 5691 5848 7 41220 41221 56719 41362 41315 41314 41306
44660 6014 5802 7 41222 41219 54704 54702 41347 41346 56566
44661 6014 5691 3 41219 41221 56720
44662 5848 5802 3 41220 41222 41307
44663 6258 6216 7 41223 41224 41355 41319 41321 56605 41331
44664 5815 6198 5 41225 41226 66998 54207 54204
44665 5815 5871 6 41226 41227 53782 54173 54179 66997
44666 6492 5815 4 41225 41227 53783 54205
44667 5816 6203 3 41228 41229 57985
44668 6203 5871 5 41228 41230 42189 58278 58001
44669 4118 3887 5 41231 41232 41811 58144 58175
44670 3898 4118 5 41231 41233 58130 58135 58355
44671 4041 3887 6 41232 41234 57896 59189 66847 41812
44672 5143 5057 5 41235 41236 57694 54181 54182
44673 5049 5057 5 41236 41237 54801 54804 57695
44674 5057 5218 6 41235 41237 57847 57802 57804 57809
44675 5944 6194 5 41238 41239 41322 41328 41329
44676 5944 6417 4 41239 41240 54027 41323
44677 4661 4952 6 41241 41242 57162 57533 57755 67750
44678 4832 4611 3 41243 41244 58823
44679 4832 4952 8 41244 41241 67808 67852 57371 57372 57535 58822
44680 4832 4661 7 41241 41243 58911 58912 57336 57335 67798
44681 5049 5118 6 41248 41245 58211 57899 54802 54801
44682 5049 5023 6 41245 41247 54751 57747 57922 58210
44683 5218 5118 6 41246 41248 57847 57741 42363 42361
44684 6866 6572 6 41249 41250 56510 53642 53640 56906
44685 6866 6742 4 41250 41251 55065 56737
44686 6893 6742 7 41251 41252 52928 55100 55099 54990 54989
44687 6893 6572 5 41252 41249 55207 55150 52927
44688 6742 6572 5 41250 41252 52926 54929 56614
44689 5948 6453 5 41253 41254 41513 57903 41280
44690 7404 7352 4 41257 41255 41263 41262
44691 5414 5291 7 41260 41261 69392 54484 54486 56728 56730
44692 5513 5907 8 41267 41268 56957 58386 58387 58603 58675 58611
44693 5621 5513 4 41266 41268 41797 41796
44694 6680 6216 6 41269 41270 41320 41319 41416 41454
44695 6451 6566 3 41273 41274 49421
44696 6557 6566 7 41274 41275 51493 51494 51505 51506 49423
44697 5950 6081 4 41276 41277 54890 55042
44698 5906 6081 5 41277 41278 52652 51798 51799
44699 5948 6228 6 41279 41280 56734 56735 41318 41298
44700 5683 5725 7 41283 41284 51702 53861 53057 53058 69118
44701 5683 5600 4 41282 41283 69117 69229
44702 7057 6554 4 41287 41285 41510 41508
44703 3900 3524 4 41288 41289 58056 42402
44704 3461 3965 8 41290 41291 58933 58897 58898 142276 58252 58055
44705 3461 3524 6 41291 41288 42355 42356 58899 58931
44706 3965 3524 6 41289 41291 57758 57757 58484 58486
44707 5958 6104 5 41293 41294 53987 43433 43436
44708 6293 6104 4 41294 41295 54296 54322
44709 6293 5958 6 41292 41294 51029 51031 54191 54190
44710 3909 3798 6 41300 41301 61167 79780 81677 61176
44711 3909 3670 4 41301 41302 80902 61168
44712 3670 3798 3 41301 41303 60057
44713 5691 5753 4 41305 41306 41360 57230
44714 5926 5909 7 41308 41309 56672 56594 56593 41333 41332
44715 5944 5736 5 41310 41311 41313 41312 57699
44716 5736 5909 4 41309 41311 41348 56665
44717 5366 5339 7 41324 41325 41694 57599 57597 58030 57993
44718 5366 5336 6 41325 41326 41533 41529 41530 41695
44719 6203 5339 4 41327 41324 41798 41795
44720 5336 5339 4 41325 41327 57612 41696
44721 6258 5926 3 41333 41331 56606
44722 11659 11725 5 41334 41335 156261 155551 155549
44723 11659 11745 6 41335 41336 146515 146516 142989 142990
44724 11828 11745 4 41336 41337 142666 146167
44725 11828 11725 6 41337 41334 156259 146589 146588 142665
44726 11828 11659 4 41334 41336 142542 142541
44727 11745 11725 5 41335 41337 142664 142806 146599
44728 4182 4207 8 41338 41339 59164 59317 59305 59306 57530 57531
44729 4182 4271 4 41339 41340 59311 59165
44730 3813 4271 4 41340 41341 59035 59034
44731 3813 4207 3 41341 41338 59142
44732 3813 4182 8 41338 41340 59312 59287 59286 59365 57440 57439
44733 3041 3704 4 41343 41344 59929 -1
44734 3544 3704 9 41344 41345 59512 59514 59518 59517 59624 60126 59930
44735 3544 3360 5 41345 41342 59475 41665 41664
44736 3544 3041 6 41342 41344 59601 59600 59438 59439
44737 3704 3360 5 41343 41345 59547 59546 -1
44738 6053 6445 5 41350 41349 56815 56809 56690
44739 5236 5066 8 41351 41352 57539 57541 67170 67169 68018 67894
44740 5236 4924 4 41352 41353 69311 67954
44741 5052 5066 3 41354 41351 54415
44742 5052 5236 5 41351 41353 69310 67677 67678
44743 4924 5066 7 41352 41354 54414 67956 67451 67450 67869
44744 9001 8443 5 41356 41357 42071 42176 156866
44745 9001 8520 5 41357 41358 45009 44827 42070
44746 8627 8443 5 41359 41356 156869 41977 41591
44747 8627 9001 5 41356 41358 45130 45132 156845
44748 5691 5720 6 41361 41362 56718 56723 57181 61686
44749 5720 5620 3 41361 41363 61688
44750 5316 5113 4 41364 41365 57770 41423
44751 5940 5944 5 41366 41367 51724 54126 54127
44752 5944 6184 4 41366 41368 54027 54026
44753 5594 5530 7 41369 41370 67613 67611 67681 67682 67658
44754 5594 5615 3 41370 41371 67713
44755 5995 5530 4 41372 41369 67083 67082
44756 5615 5530 6 41370 41372 67686 67685 67703 67704
44757 5329 5398 4 41373 41374 56709 57244
44758 5329 5414 6 41374 41375 57216 56728 56731 56710
44759 5670 5329 5 41373 41375 57047 57049 57277
44760 6588 6566 7 41376 41377 53909 53868 49421 49423 53118
44761 6588 6652 4 41377 41378 53105 53103
44762 6679 6566 4 41379 41376 51507 51505
44763 6679 6588 4 41376 41378 53129 53119
44764 6652 6566 7 41377 41379 51494 51495 53944 53911 53910
44765 5810 5755 7 41380 41381 53906 53907 54138 54139 54753
44766 5810 5986 4 41381 41382 54274 54730
44767 5940 5986 6 41382 41383 50852 50853 54738 54275
44768 5940 5810 7 41380 41382 54273 54716 54715 54732 54731
44769 4608 4801 5 41384 41386 57991 57966 57871
44770 5336 5143 6 41387 41388 57828 58007 57852 57853
44771 5263 5336 5 41387 41389 41530 41532 58013
44772 5593 5594 4 41390 41391 62257 67681
44773 5593 5810 7 41391 41392 57398 67653 54138 51253 51254
44774 6008 5810 6 41392 41393 54717 54716 54600 54599
44775 6008 5594 7 41393 41390 67682 54211 54210 65469 67633
44776 6008 5593 4 41390 41392 57399 57728
44777 5810 5594 7 41391 41393 57068 57067 67711 43624 43626
44778 7191 7209 6 41398 41396 45987 45986 45237 45239
44779 7191 6974 5 41396 41397 53687 53142 53144
44780 6647 6436 7 41400 41401 53790 54075 54076 54118 51247
44781 6809 6436 6 41401 41402 42349 43672 43673 43855
44782 6809 6647 3 41399 41401 53691
44783 6436 6736 3 41400 41402 42348
44784 3720 3898 5 41403 41404 57761 57759 57897
44785 3720 3712 6 41404 41405 58152 57726 42437 42438
44786 3860 3712 7 41405 41406 57999 58000 58208 58207 58154
44787 3712 3898 7 41404 41406 58093 57949 57948 57889 57890
44788 5468 5948 5 41408 41409 41459 41456 42108
44789 5468 5544 3 41407 41408 57638
44790 4519 4629 7 41411 41412 57496 57582 57584 58438 57150
44791 4519 4617 4 41412 41413 56681 56679
44792 4718 4617 5 41413 41414 57146 57422 57480
44793 4718 4629 4 41414 41411 57137 57136
44794 4718 4519 5 41411 41413 57534 59281 57151
44795 4617 4629 5 41412 41414 57145 57470 57469
44796 5479 5755 3 41417 41418 67648
44797 5307 5607 3 41421 41422 57195
44798 5607 5330 4 41420 41422 57250 57468
44799 5113 5307 4 41423 41424 57538 57738
44800 4394 4753 4 41427 41428 41662 41660
44801 4394 4637 7 41428 41429 58644 58642 58640 57041 41661
44802 5499 5810 4 41431 41432 67711 54601
44803 5648 5612 5 41433 41434 54125 54128 57765
44804 5648 5810 5 41434 41431 54603 54753 54731
44805 5648 5499 5 41431 41433 57856 57857 54602
44806 5612 5810 5 41432 41434 54732 54760 57067
44807 4730 4270 5 41435 41436 59323 59082 57358
44808 4207 4138 6 41437 41438 41441 41442 57531 59142
44809 4611 4138 4 41438 41439 59148 59147
44810 4138 4271 6 41437 41439 59163 61811 59036 59035
44811 4207 4258 5 41440 41441 59300 59299 59332
44812 3931 4258 4 41443 41440 59326 58006
44813 3931 4207 5 41440 41442 57530 59309 59330
44814 6824 6445 6 41444 41445 55187 55186 56580 56609
44815 6267 6149 6 41447 41448 56866 56917 56764 56765
44816 6491 6353 4 41451 41452 56889 56663
44817 6149 6353 6 41452 41453 54169 54170 56866 56918
44818 6149 6491 5 41450 41452 56920 56834 54860
44819 6353 6176 4 41451 41453 54988 56664
44820 5759 5948 4 41456 41457 41526 42107
44821 5759 5977 4 41457 41458 56773 41525
44822 6658 7653 4 41461 41462 41551 41465
44823 7593 6658 4 41460 41462 41550 41557
44824 6163 6283 3 41469 41470 56775
44825 5809 5841 5 41473 41474 56884 56807 56806
44826 6072 5967 6 41488 41484 41485 56982 57483 -1
44827 5841 5967 5 41485 41486 56617 56618 56983
44828 5967 6110 7 41488 41489 56768 56996 57002 57001 -1
44829 4975 6179 4 41493 41494 57608 57356
44830 6110 4975 4 41492 41494 57607 -1
44831 4061 4753 4 41495 41496 58693 41662
44832 4637 4061 5 41495 41497 58871 57040 41661
44833 5166 5300 6 41498 41499 57204 57660 57639 57159
44834 5137 5300 7 41500 41498 57160 57207 57032 56652 56654
44835 4978 5300 4 41499 41500 56674 56673
44836 4975 5759 6 41501 41502 57637 57640 57617 57580
44837 6554 7027 5 41506 41507 41508 41509 41515
44838 6788 6554 5 41505 41507 41510 56956 57010
44839 6514 7555 5 41517 41518 41522 41523 41524
44840 6514 7540 4 41519 41520 41524 41521
44841 6228 5366 3 41527 41528 41533
44842 5366 5263 7 41530 41531 42308 42309 57598 57599 57494
44843 4569 5204 5 41535 41536 57886 57834 57832
44844 5759 6658 3 41538 41539 58369
44845 3668 3700 7 41541 41542 58725 58803 58648 57053 57051
44846 3349 3700 5 41542 41543 58947 58989 58726
44847 3349 3921 5 41543 41540 57644 57643 58494
44848 3349 3668 5 41540 41542 58724 58714 58696
44849 3700 3921 5 41541 41543 58836 57261 57260
44850 4801 4389 4 41545 41546 57871 57870
44851 4389 5122 5 41544 41546 57967 57975 59171
44852 11718 534 7 41547 41548 42132 155442 66717 66718 142296
44853 707 534 3 41548 41549 42134
44854 534 531 6 41547 41549 142784 142551 142550 155458
44855 7593 7352 3 41550 41552 41553
44856 7593 7118 7 41553 41554 41581 41576 41575 41580 41557
44857 96 263 7 41560 41561 143200 143271 144332 144233 143291
44858 96 629 5 41561 41562 143369 142906 142907
44859 601 629 6 41562 41563 143192 143188 143190 143379
44860 601 263 6 41563 41560 143036 143037 143500 143207
44861 629 263 5 41561 41563 143206 143224 143201
44862 9242 9179 3 41566 41564 142235
44863 2860 3291 3 41567 41568 140799
44864 6514 7118 3 41570 41571 41580
44865 5260 4730 4 41578 41579 57659 57655
44866 7593 8243 4 41581 41582 41635 41632
44867 10530 9891 3 41584 41585 58027
44868 10530 10411 6 41585 41586 142339 142337 155451 152796
44869 9930 10530 8 41584 41586 155432 41837 41836 155844 155544 58028
44870 11666 68 4 41588 41589 143242 142222
44871 337 68 8 41589 41590 143324 142148 142146 143303 143306 143243
44872 337 11558 3 41590 41587 142981
44873 337 11666 6 41587 41589 142729 142731 155536 142980
44874 68 11558 7 41588 41590 156141 156140 156143 156146 142223
44875 784 1168 7 41592 41593 130826 131020 142387 142388 142176
44876 784 959 3 41593 41594 130827
44877 495 1168 5 41595 41592 142178 142181 142443
44878 959 1168 5 41593 41595 142444 142485 130828
44879 2475 1432 5 41599 41598 42441 42443 127386
44880 5907 7282 5 41602 41603 41767 41735 41732
44881 6821 7390 4 41605 41604 41910 41911
44882 10678 10794 3 41608 41607 156461
44883 3330 3524 7 41609 41610 58206 57429 57427 57758 58931
44884 3524 3093 4 41609 41611 58900 58899
44885 10183 10063 7 41612 41613 157487 157488 158691 110565 110564
44886 10900 11073 5 41615 41616 142052 155876 155547
44887 10437 11073 7 41618 41615 155435 142649 142648 155832 155909
44888 10437 10900 4 41615 41617 41619 155548
44889 9733 11073 4 41616 41618 155861 142053
44890 10831 10900 5 41619 41620 58564 156003 155868
44891 869 846 7 41621 41622 142231 155809 142221 142211 142212
44892 869 822 3 41622 41623 142224
44893 914 822 5 41623 41624 142149 142150 142163
44894 914 846 4 41624 41621 142198 142197
44895 914 869 5 41621 41623 142156 58652 58654
44896 822 846 10 41622 41624 142195 142194 142216 143316 143317 156044 156040 142232
44897 11725 11842 4 41625 41626 142914 142913
44898 11881 11842 6 41627 41625 146658 146660 156187 146639
44899 413 4649 4 41628 41629 57507 142241
44900 413 2019 6 41629 41630 155828 142209 41669 41672
44901 7678 2019 4 41630 41631 41842 155766
44902 7678 4649 7 41631 41628 41813 41814 58605 155385 41841
44903 2019 4649 5 41629 41631 41840 142258 57508
44904 8243 7674 4 41633 41634 41635 41648
44905 9682 9491 4 41637 41638 153915 153914
44906 9709 9836 3 41639 41640 156805
44907 9586 9886 5 41641 41642 153995 153819 153817
44908 9586 9709 8 41639 41641 42037 42035 156825 153447 153445 153672
44909 9886 9836 7 41640 41642 153999 154000 154637 154641 155430
44910 8181 8311 3 41643 41644 44828
44911 7936 7352 4 41646 41647 41688 41690
44912 7936 7282 8 41647 41645 41939 42010 41852 41847 41687 41684
44913 7936 8255 7 41645 41646 41703 155902 155823 155715 41938
44914 9930 10194 6 41651 41652 155623 155707 155432 155433
44915 9876 10194 5 41653 41651 155670 155674 155673
44916 9870 10194 8 41652 41653 42585 42584 142647 142646 156821 155624
44917 3188 3165 9 41656 41657 58972 59642 131246 66509 58295 58296 57864
44918 3188 3159 4 41657 41654 58363 58969
44919 3188 3713 4 41654 41656 57863 57944
44920 3165 3159 4 41655 41657 58971 58552
44921 3360 3586 6 41663 41664 59547 59545 59828 59560
44922 3510 3586 4 41666 41663 58441 58443
44923 3510 3360 6 41663 41665 59590 59591 59611 59559
44924 3544 3586 4 41664 41666 59469 59512
44925 869 2860 4 41670 41671 142245 142242
44926 2019 869 6 41669 41671 142213 142212 58654 58651
44927 2860 413 6 41670 41672 57507 142236 142229 142228
44928 6643 7352 4 41673 41674 41688 41697
44929 6643 7118 5 41674 41675 41701 41778 41689
44930 11214 10890 5 41676 41677 141266 155590 142166
44931 11214 11501 5 41677 41678 156010 142490 141267
44932 11718 11501 6 41678 41679 154861 155457 142296 142297
44933 11718 10890 4 41679 41676 41833 41835
44934 2860 4061 6 41680 41681 59370 142075 140798 140799
44935 2860 3678 6 41681 41682 58770 142229 57826 57824
44936 2169 3678 6 41682 41683 57862 142650 41975 41976
44937 2169 4061 3 41683 41680 57860
44938 6643 6687 5 41685 41686 41806 58591 41828
44939 7936 6687 3 41686 41687 41808
44940 7936 6643 7 41684 41686 41807 155825 41777 41689 41688
44941 6687 7282 7 41685 41687 41846 41850 42398 42397 41829
44942 7118 7936 5 41689 41690 41703 155904 41779
44943 7390 8255 4 41691 41693 41997 42026
44944 5366 5122 3 41694 41695 57494
44945 2725 2233 5 41699 41700 58683 58686 57438
44946 2725 2997 4 41700 41698 141967 138209
44947 2725 2525 8 41698 41699 57436 132034 127357 127356 141979 142294
44948 7118 8255 4 41703 41704 41831 155872
44949 6576 6875 5 41705 41706 42264 42314 42382
44950 6576 6890 4 41706 41707 42235 42233
44951 6851 6875 5 41708 41705 42288 41872 41874
44952 6851 6576 6 41705 41707 42096 42098 42315 42383
44953 8977 8800 5 41709 41710 156664 155741 155739
44954 8553 8800 6 41711 41709 155743 41968 41965 41966
44955 6770 6291 7 41713 41714 43731 66912 43596 43165 43163
44956 6770 6534 7 41714 41712 42822 42949 42948 66904 43730
44957 3349 3330 8 41718 41719 58051 58052 58439 57645 57644 58696
44958 3349 3312 7 41719 41720 58435 58989 59111 58889 58440
44959 3442 3349 4 41718 41720 58434 58714
44960 9382 9322 9 41721 41722 41884 155294 155295 155725 155726 42015 42016
44961 9382 7936 6 41722 41723 58677 41962 41960 41885
44962 8514 7936 6 41723 41724 41938 41939 42009 42013
44963 8514 9382 4 41721 41723 58676 142764
44964 7936 9322 5 41722 41724 155715 155821 41886
44965 5225 6687 6 41725 41726 58615 41829 41828 58353
44966 6687 4496 3 41725 41727 58354
44967 10924 2577 7 41728 41729 155727 155818 155824 155794 155455
44968 10924 2509 4 41729 41730 155831 155728
44969 964 2509 5 41730 41731 58092 132723 142250
44970 964 10924 6 41728 41730 155830 155829 155850 155456
44971 7186 5621 4 41733 41734 41925 58044
44972 5621 7282 4 41733 41735 41809 57980
44973 2614 3282 5 41737 41738 142321 142510 132870
44974 3520 3282 8 41738 41739 42589 58299 58358 66710 133070 142322
44975 3520 3693 5 41739 41736 58566 58565 42588
44976 3520 2614 5 41736 41738 133089 133088 132820
44977 3282 3693 5 41737 41739 42587 57104 57101
44978 9281 8926 6 41740 41741 153984 153942 153739 153740
44979 10445 10506 4 41742 41743 133080 154864
44980 10185 10434 4 41744 41745 154429 142332
44981 10185 10506 4 41745 41742 153842 153841
44982 4777 4945 7 41746 41747 57865 57898 58183 61203 57878
44983 4777 5057 5 41747 41748 57754 57694 57695
44984 4661 5057 4 41748 41749 67749 57755
44985 4661 4945 4 41749 41746 57879 67795
44986 4661 4777 5 41746 41748 57533 57532 57808
44987 5057 4945 9 41747 41749 67809 67046 57727 51219 51218 54803 54804
44988 6777 7107 6 41750 41751 43924 41948 41947 41951
44989 3900 4278 4 41753 41754 58077 58078
44990 4175 4278 6 41754 41755 42509 42511 57952 57953
44991 4175 3693 4 41755 41752 57812 58592
44992 4175 3900 4 41752 41754 58250 57811
44993 4278 3693 6 41753 41755 58567 58565 58335 58334
44994 846 2475 7 41756 41757 142194 42441 42442 142210 142215
44995 846 1596 4 41757 41758 142197 142195
44996 2019 1596 6 41758 41759 142131 142219 59041 59042
44997 2019 2475 6 41759 41756 142117 142116 142129 142130
44998 2019 846 5 41756 41758 142198 142212 142214
44999 10158 10358 6 41760 41761 155838 155837 156036 156097
45000 8109 7891 6 41762 41763 42190 42155 42156 42103
45001 8109 7951 5 41763 41764 42178 44026 42218
45002 8335 7446 5 41768 41769 44846 44847 45095
45003 7601 7446 3 41769 41770 43572
45004 10316 10196 3 41772 41771 144365
45005 3573 3469 7 41773 41774 62530 62693 62678 62677 61770
45006 3573 3727 6 41774 41775 41803 60629 60627 61674
45007 3543 3573 4 41773 41775 41804 58786
45008 3727 3469 5 41774 41776 62667 62173 62174
45009 7118 7450 5 41778 41779 155937 155932 41810
45010 7450 7936 6 41777 41779 155920 155869 155660 155657
45011 5525 6430 4 41780 41781 58181 58157
45012 5525 6875 7 41781 41782 58291 58289 58287 58249 58213
45013 5658 5525 8 41780 41782 58292 58275 58274 58076 42358 42360
45014 6851 6914 5 41785 41783 42520 42522 43522
45015 7060 7366 5 41786 41787 44007 41873 41793
45016 7060 8109 6 41787 41788 42417 42418 43843 44008
45017 7383 8109 5 41788 41789 42155 42157 42419
45018 7383 7366 7 41789 41786 41794 42008 42188 42192 42191
45019 8109 7366 5 41787 41789 42190 42218 44033
45020 7060 6875 6 41792 41793 41872 42287 42274 42275
45021 7366 6875 5 41793 41794 42007 42243 41874
45022 6203 5621 7 41797 41798 57994 58281 58049 41925 41926
45023 5621 5339 4 41796 41798 57993 58032
45024 7282 8514 3 41800 41801 41939
45025 3573 3696 3 41803 41804 58785
45026 3543 3696 5 41804 41805 62182 62183 58787
45027 6643 8288 4 41806 41807 155799 58609
45028 7936 8288 6 41807 41808 41847 41851 41962 41963
45029 7678 7450 4 41814 41815 59840 58607
45030 7678 6044 6 41815 41813 142239 142240 155982 59839
45031 4570 4703 4 41816 41817 58395 58396
45032 4101 4570 6 41816 41818 58403 58404 66346 66348
45033 11463 11698 6 41821 41819 66798 132024 132025 154855
45034 11463 11858 4 41819 41820 58385 66796
45035 6872 6223 4 41822 41823 42329 43822
45036 10326 10670 5 41824 41825 131138 131139 155804
45037 10326 10890 5 41825 41826 142470 133116 133114
45038 10924 10890 5 41826 41827 155847 155811 142471
45039 10924 10670 6 41827 41824 155786 155784 155792 155849
45040 10530 10890 7 41832 41833 142166 155750 155751 133114 57932
45041 10530 11718 4 41833 41834 42121 142165
45042 11443 11718 8 41834 41835 154861 58360 58359 155752 156293 42123
45043 11443 10530 4 41832 41834 42122 57933
45044 10530 10000 5 41837 41838 155917 155813 155814
45045 9672 10000 8 41838 41839 155708 156814 144298 142056 142057 155856
45046 9672 9930 6 41839 41836 132865 132864 142283 155623
45047 9672 10530 4 41836 41838 155860 155845
45048 10000 9930 3 41837 41839 155707
45049 3162 4649 8 41840 41841 142325 142326 58242 58243 58655 142259
45050 3162 7678 3 41841 41842 155765
45051 2019 3162 4 41840 41842 155764 142260
45052 7366 7186 3 41843 41844 42188
45053 7366 6937 6 41844 41845 42193 42195 42007 42008
45054 8288 7282 3 41846 41847 41849
45055 6687 8896 3 41850 41848 42425
45056 7282 8896 5 41849 41850 42424 42012 41852
45057 7936 8896 5 41851 41852 42011 42013 58677
45058 5240 5819 7 41853 41854 42159 42839 42838 42524 42527
45059 5240 5971 8 41854 41855 67015 42338 42340 58302 42530 42158
45060 5981 5240 5 41853 41855 57154 57155 57963
45061 5225 3990 4 41857 41858 58622 58619
45062 4649 3990 5 41858 41859 142336 58242 58245
45063 4649 4496 5 41859 41856 58354 58541 141369
45064 4649 5225 8 41856 41858 58620 56585 56584 58562 58589 58353
45065 3990 4496 6 41857 41859 142335 57666 57665 58608
45066 4632 5513 6 41862 41863 57739 42310 42311 57595
45067 5339 4632 4 41862 41864 57831 57833
45068 9097 8606 3 41867 41865 45094
45069 8805 8606 9 41866 41867 45133 45111 45108 45110 45307 45104 44941
45070 7390 7879 3 41869 41870 41871
45071 6369 7060 6 41881 41882 42033 42416 42418 43842
45072 6430 6369 5 41880 41882 42032 42446 58195
45073 9382 8791 4 41884 41885 155686 155805
45074 7936 8791 5 41885 41886 155826 155660 155658
45075 8791 9322 3 41884 41886 155808
45076 6422 6292 4 41889 41890 54041 53713
45077 6422 6328 4 41890 41887 54082 54068
45078 6422 6184 6 41887 41889 53712 54141 54142 54150
45079 6924 6446 7 41897 41898 43324 46304 43044 43043 43300
45080 6937 7219 4 41899 41900 42056 41909
45081 7551 8040 5 41901 41902 43948 43947 42678
45082 7333 7126 6 41903 41904 44347 43168 43166 42761
45083 7333 8040 5 41904 41901 42679 44521 44345
45084 7333 7551 7 41901 41903 42718 42720 42778 42612 42611
45085 7126 8040 3 41902 41904 44346
45086 7545 7498 9 41905 41906 42265 42266 42617 42572 42342 42343 42672
45087 7009 7155 6 41913 41914 42658 43654 43622 42475
45088 7009 6223 3 41914 41915 42659
45089 6562 7155 3 41916 41913 42476
45090 6223 7155 6 41914 41916 43822 43845 43833 42660
45091 7516 8035 4 41918 41919 43244 43984
45092 7516 7915 6 41917 41918 43983 44196 43265 43264
45093 9195 8569 3 41922 41923 42621
45094 9050 8821 3 41924 41921 42783
45095 9050 9195 7 41921 41923 42622 147515 154122 154112 153899
45096 6777 6417 4 41928 41929 41952 41936
45097 4535 4224 7 41933 41934 58168 58264 58089 42474 42473
45098 4535 4110 5 41934 41935 58046 42498 42496
45099 4118 4535 4 41933 41935 42173 42171
45100 6492 6777 5 41936 41937 42165 42229 42163
45101 6691 6619 5 41941 41942 42866 51088 51087
45102 6691 6780 7 41942 41940 42912 44083 53815 53950 42865
45103 6691 6464 7 41940 41941 54232 54286 54370 43620 42911
45104 5635 6430 4 41949 41950 42390 58062
45105 5871 5241 5 41956 41953 57720 43724 43725
45106 5871 5243 6 41953 41955 54179 66983 53730 53731
45107 10321 9792 4 41957 41958 156597 156743
45108 9382 10924 7 41960 41961 42120 42119 155786 155785 155686
45109 9382 8288 4 41961 41962 155783 155803
45110 7936 10924 5 41963 41960 155658 155657 155825
45111 8288 10924 7 41961 41963 155799 155798 155812 155802 155801
45112 8724 8800 4 41967 41968 155742 156740
45113 8800 8627 4 41969 41970 156865 41977
45114 11073 647 5 41973 41974 141838 141837 155449
45115 11073 3678 5 41974 41975 142648 155833 155899
45116 2169 647 6 41976 41973 126039 126038 142220 58771
45117 2169 11073 5 41973 41975 142649 155436 155450
45118 3678 647 5 41974 41976 58770 142230 155916
45119 8415 8022 4 41978 41979 41980 41981
45120 8415 7382 4 41982 41983 41984 41988
45121 8415 7990 4 41985 41986 41988 41987
45122 10155 10653 4 41989 41990 156736 41999
45123 10316 10653 4 41990 41991 142199 142201
45124 10224 10444 5 41994 41992 145667 145561 145563
45125 10315 10444 5 41993 41994 143927 143749 143748
45126 8255 8977 3 41995 41996 142203
45127 10722 10123 4 42000 41998 156674 156673
45128 10653 10123 4 41999 42000 156678 156680
45129 9800 9709 3 42002 42001 42037
45130 8624 8537 6 42005 42006 43787 43785 45100 44874
45131 8624 8686 8 42006 42003 44042 154219 44518 42199 42198 42973
45132 8198 7936 3 42009 42010 42011
45133 9382 9930 5 42014 42015 155544 142659 142661
45134 9304 9382 5 42014 42016 142764 155434 154888
45135 9322 9930 4 42015 42017 132865 155844
45136 8724 9001 5 42019 42020 42048 42176 156859
45137 8724 8681 6 42020 42018 58160 42137 42138 42047
45138 8724 9349 5 42018 42019 156858 155668 154129
45139 7891 8724 3 42021 42022 42103
45140 9277 9423 6 42023 42024 153993 153646 153645 148006
45141 9277 9121 5 42024 42025 150932 150933 153990
45142 9213 9277 7 42023 42025 153937 153936 154194 154165 148005
45143 4535 4365 5 42029 42030 42497 42498 57226
45144 4535 5023 8 42030 42031 58033 58155 58035 58034 67076 57234
45145 4624 4535 4 42029 42031 57822 57225
45146 6551 6369 6 42032 42033 42431 42353 42351 42444
45147 6551 7060 5 42033 42034 42274 42179 42180
45148 6430 6551 5 42032 42034 42491 58181 42445
45149 9586 9800 8 42036 42037 153817 153818 154008 145643 145644 153888
45150 9586 9682 3 42035 42036 156856
45151 3167 2925 6 42039 42040 116826 82178 82177 82322
45152 3184 2925 6 42040 42041 79883 115466 115893 116827
45153 3184 3193 8 42041 42038 61163 82377 82368 81652 81651 79882
45154 3184 3167 4 42038 42040 116825 61162
45155 2925 3193 3 42039 42041 79881
45156 9867 9382 5 42042 42043 155803 42120 42118
45157 9867 8896 6 42043 42044 155454 155453 142977 142978
45158 9891 9382 5 42045 42042 142660 142661 154888
45159 9891 9867 6 42042 42044 155481 58586 58585 142763
45160 8896 9382 6 42043 42045 155434 58676 58677 155783
45161 9349 9902 4 42049 42050 155373 153910
45162 9828 9902 5 42050 42051 152790 152789 154039
45163 9902 9771 5 42049 42051 154046 142067 142068
45164 2823 2993 4 42052 42053 62519 62520
45165 2823 2953 5 42053 42054 60557 60558 136962
45166 2893 2953 7 42054 42055 62565 63099 137329 140336 63073
45167 2893 2823 6 42052 42054 63072 62648 62615 62614
45168 2953 2993 4 42053 42055 62563 136963
45169 11242 138 5 42058 42059 154922 146699 42466
45170 7 138 6 42059 42060 132756 133816 155024 154923
45171 138 753 4 42058 42060 132754 42467
45172 9715 8809 5 42063 42064 42174 152819 154101
45173 1804 1353 6 42066 42067 58102 42632 42633 66413
45174 1250 1622 4 42068 42069 132778 132777
45175 1250 1353 6 42069 42066 66414 132438 132843 132839
45176 1250 1804 4 42066 42068 65675 65674
45177 1622 1353 6 42067 42069 132828 132830 132847 58103
45178 10737 10569 4 42072 42073 147659 153788
45179 10712 10569 8 42074 42072 147793 145699 145698 147382 156608 156387
45180 10581 10569 5 42073 42074 156388 147615 147614
45181 9571 9556 7 42075 42076 49064 155161 133174 133172 151047
45182 9919 9418 9 42077 42078 42654 151034 155284 43019 43018 44696 133723
45183 9919 9556 4 42078 42075 42742 42653
45184 9919 9571 5 42075 42077 133722 155196 151046
45185 9418 9556 4 42076 42078 42652 44716
45186 9870 10495 4 42079 42080 66769 42584
45187 10192 10083 4 42081 42082 146788 142606
45188 10192 9870 5 42079 42081 142605 155662 42585
45189 11157 10276 5 42084 42085 154471 155246 155247
45190 11157 10835 8 42085 42083 155299 154794 66785 42643 42645 154470
45191 11157 9562 4 42083 42084 155330 155298
45192 9559 9648 6 42086 42087 156883 155690 132976 132977
45193 9559 9415 5 42087 42088 153729 156835 156879
45194 422 190 8 42091 42089 142453 142810 142319 130809 130808 153559
45195 9878 9876 5 42092 42093 142779 142777 155713
45196 9878 10111 8 42093 42094 146206 155676 155677 155679 155220 155221
45197 9676 10111 4 42094 42095 142488 142487
45198 9676 9876 6 42095 42092 155669 58349 58348 58741
45199 10111 9876 4 42093 42095 142693 155564
45200 6576 6777 5 42096 42097 42229 42234 42235
45201 6851 6777 5 42099 42096 42245 42244 42162
45202 8369 7953 4 42100 42102 44985 44982
45203 5577 4846 5 42104 42105 57817 58333 58260
45204 5577 6223 4 42105 42106 58315 57818
45205 6369 5577 6 42104 42106 57777 42352 42351 58261
45206 5948 5336 6 42107 42108 56732 56734 57903 57873
45207 8508 8743 4 42110 42111 44012 155207
45208 7981 8508 5 42110 42112 44886 44887 155208
45209 10285 10404 8 42115 42116 143631 42336 42335 143921 143923 156639
45210 10285 9929 3 42113 42115 155892
45211 10404 10123 3 42114 42116 156652
45212 10326 9867 5 42117 42118 142763 155556 155513
45213 10326 9382 7 42118 42119 155804 155725 155543 142659 142660
45214 10924 9867 6 42120 42117 155514 155787 155795 155801
45215 10530 10663 8 42121 42122 142299 142337 142338 155813 155997 155683
45216 11443 10663 8 42122 42123 156291 155705 155704 155745 155773 142300
45217 10663 11718 4 42121 42123 156292 155684
45218 9867 11029 6 42124 42125 155527 155513 155514 155788
45219 9867 10633 5 42125 42126 155834 142753 142754
45220 9839 10633 5 42126 42127 42798 155463 155462
45221 9839 11029 5 42127 42124 155471 155469 42797
45222 9839 9867 7 42124 42126 155656 142977 142976 155795 155796
45223 10633 11029 5 42125 42127 42796 152787 152788
45224 5605 9042 5 42129 42130 155370 43506 43508
45225 8759 5605 4 42128 42130 155406 66729
45226 9042 8556 5 42129 42131 155253 155252 58308
45227 11718 844 3 42132 42133 155716
45228 707 844 6 42133 42134 142786 142805 132505 132507
45229 844 534 8 42132 42134 142784 132485 132487 142039 142676 142745
45230 8724 8330 4 42135 42137 58158 42141
45231 8681 8109 7 42136 42138 42181 44724 44022 42641 42637
45232 8724 7748 5 42142 42141 58198 42435 42434
45233 4901 6534 6 42144 42145 42870 42869 66914 42948
45234 3105 6534 4 42145 42146 133037 42946
45235 3105 5367 3 42146 42143 133036
45236 3105 4901 7 42143 42145 42799 42594 42593 66344 66345
45237 6534 5367 8 42144 42146 133035 44900 44899 132969 66763 42949
45238 9839 205 10 42147 42148 42451 133128 133126 155463 155464 155469 155344 153583
45239 9839 6790 3 42148 42149 42452
45240 8288 205 4 42150 42147 142377 142378
45241 8288 9839 8 42147 42149 42278 42277 42469 142976 155802 153584
45242 6790 205 6 42148 42150 142469 132714 132716 42453
45243 7009 7545 4 42152 42153 42616 42572
45244 7760 7311 4 42154 42151 43655 42686
45245 7760 7009 5 42151 42153 42665 42659 42658
45246 7545 7311 4 42152 42154 42341 42342
45247 8109 8198 4 42156 42157 42447 42177
45248 5971 4846 3 42158 42160 42529
45249 7774 8759 4 42166 42167 154878 155403
45250 11013 10870 6 42170 42168 155112 155022 155021 155027
45251 11013 10835 4 42168 42169 155289 155111
45252 4118 4175 7 42172 42173 58047 58135 58474 42512 42511
45253 5119 5072 6 42182 42183 49821 67377 43753 43694
45254 5119 5386 4 42183 42184 43526 49820
45255 5761 5119 4 42182 42184 43525 43695
45256 8206 8624 5 42199 42200 44004 43233 43232
45257 8624 8450 4 42198 42200 42236 42238
45258 7601 8109 8 42205 42206 44022 42969 42972 44026 44033 44008
45259 7760 7155 7 42207 42204 43554 43655 42658 42660 43832
45260 7760 7601 5 42204 42206 44021 44835 43553
45261 8109 7155 4 42205 42207 43841 43843
45262 7601 7551 7 42210 42208 42775 42774 44904 44902 44285
45263 7317 7546 4 42212 42213 54070 53609
45264 7317 7493 4 42213 42211 52943 53786
45265 7283 7001 5 42214 42215 43932 44304 43889
45266 7654 7288 3 42219 42220 43797
45267 6972 6731 6 42221 42222 43943 53136 53816 43717
45268 6972 6871 5 42222 42223 53702 53703 43944
45269 7113 6731 3 42224 42221 43719
45270 7113 6972 5 42221 42223 52430 52429 43718
45271 5993 5958 7 42225 42226 54362 54326 54327 54367 51284
45272 5993 5746 6 42226 42227 51134 54337 54336 54354
45273 5781 5958 5 42228 42225 51285 54374 51236
45274 5781 5993 4 42225 42227 51059 51058
45275 5746 5958 3 42226 42228 51237
45276 7016 8896 5 42230 42231 42424 42425 42477
45277 5248 5092 7 42240 42241 65489 65490 67964 68233 68232
45278 4980 5092 5 42241 42242 68422 68344 67138
45279 4980 5135 6 42242 42239 68333 68180 68178 68454
45280 4980 5248 3 42239 42241 67137
45281 5092 5135 4 42240 42242 68453 68429
45282 6551 6309 6 42249 42250 58616 58072 58070 42432
45283 6687 6551 4 42248 42250 58615 42397
45284 6203 6875 5 42251 42252 42261 42260 58289
45285 5243 5217 7 42254 42255 58036 58018 58021 58224 53730
45286 5635 5243 3 42254 42256 53731
45287 5241 5217 3 42255 42257 42280
45288 6875 7008 3 42258 42259 42261
45289 7915 8508 5 42262 42263 44506 44586 44041
45290 5608 5746 6 42267 42268 66435 66433 67022 66242
45291 10221 3549 6 42269 42270 155407 155343 133093 133091
45292 10221 3910 6 42270 42271 155413 155419 155415 155414
45293 10119 10221 8 42269 42271 155405 155404 133121 132788 132790 141714
45294 5658 5635 7 42272 42273 42390 58064 58076 57854 42285
45295 9839 9715 7 42276 42277 42468 155656 155462 133126 133127
45296 7774 9839 5 42276 42278 42452 42451 155215
45297 6256 5816 3 42281 42282 42283
45298 5871 5658 4 42285 42286 58275 57855
45299 8330 7760 4 42291 42289 42464 42556
45300 4881 4919 4 42293 42294 67799 57196
45301 4945 4919 7 42294 42295 67427 67041 67040 66687 66686
45302 4945 4881 6 42292 42294 53486 53488 60466 67046
45303 4919 5111 6 42293 42295 57773 57774 57729 57197
45304 5766 5767 4 42296 42297 54225 54563
45305 5856 5767 9 42298 42296 67365 67355 67356 54481 54014 54015 51760
45306 5885 5767 5 42297 42298 51759 53923 54226
45307 6222 6293 6 42299 42300 53960 53963 54396 48092
45308 6222 6410 7 42300 42301 54314 54315 51294 51293 54421
45309 6461 6410 6 42301 42302 51002 51004 51286 54238
45310 6461 6293 6 42302 42299 48093 53953 54133 54132
45311 6461 6222 3 42299 42301 48091
45312 8570 8762 5 42303 42304 44661 44660 45966
45313 5525 5263 3 42307 42308 58247
45314 5366 4726 3 42309 42306 57601
45315 5366 5525 8 42306 42308 58253 58276 58277 58282 42500 42501
45316 5263 4726 7 42307 42309 58054 58053 42513 42515 58074
45317 6044 5513 4 42313 42310 57740 58675
45318 6044 4632 3 42310 42312 57692
45319 4649 5513 5 42311 42313 58611 58610 57596
45320 10445 10698 6 42316 42317 155368 155682 155596 155569
45321 10445 10192 4 42317 42318 155219 155222
45322 6602 6914 4 42320 42321 43671 43650
45323 6914 6493 5 42320 42322 43522 43666 43651
45324 5120 5033 6 42324 42325 51678 61639 55908 54595
45325 5120 5003 4 42325 42323 57313 51676
45326 5120 5146 7 42323 42324 54593 51723 51722 69284 57312
45327 5053 4683 7 42326 42327 43700 58258 42374 42375 58058
45328 5635 5053 7 42326 42328 58066 58060 58062 58064 58075
45329 10398 10402 3 42332 42333 58392
45330 10402 11013 5 42332 42334 44397 44399 144429
45331 10801 10404 4 42335 42337 156282 147755
45332 5217 5240 5 42338 42339 58065 58402 67016
45333 5635 5240 3 42339 42340 58066
45334 9931 10341 4 42345 42346 155277 155241
45335 9744 10341 6 42346 42347 132751 132750 42706 42703
45336 9744 9598 5 42347 42344 133045 133268 155255
45337 9744 9931 7 42344 42346 155275 42707 42708 154055 133044
45338 6436 6136 8 42348 42349 43736 43737 43784 54218 54120 51247
45339 5577 6551 4 42350 42351 58069 58070
45340 3693 3524 6 42354 42355 42402 58057 58595 141757
45341 5053 5525 5 42357 42358 58075 58058 58037
45342 5053 5658 4 42358 42359 58063 58064
45343 4979 5658 3 42359 42360 58081
45344 4979 5525 6 42360 42357 58038 58310 58180 58157
45345 4979 5053 8 42357 42359 58080 42602 42393 42392 42374 42376
45346 4901 8643 4 42365 42366 42552 44867
45347 5605 5367 3 42367 42364 42752
45348 5605 4901 6 42364 42366 42553 66339 66341 66398
45349 8643 5367 5 42365 42367 42753 66350 44869
45350 4570 3879 3 42368 42369 58403
45351 4002 4490 3 42370 42371 66508
45352 4002 4570 5 42368 42370 42580 42579 58404
45353 4490 3879 8 42369 42371 62759 62760 62411 62412 66707 66649
45354 4490 5036 7 42372 42373 66097 66099 66963 66962 66894
45355 5053 4726 3 42375 42376 58037
45356 4979 4726 7 42376 42377 42898 58079 58329 58311 58038
45357 4979 4683 3 42377 42374 42897
45358 1168 1348 8 42378 42379 142774 155478 142587 142443 142444 142486
45359 1168 1872 5 42379 42380 142547 142548 142613
45360 1825 1872 4 42380 42381 142354 142355
45361 1825 1348 5 42381 42378 142439 142438 142364
45362 1825 1168 6 42378 42380 132817 132816 142580 142531
45363 1872 1348 6 42379 42381 142365 142495 155475 142775
45364 6430 6576 3 42382 42383 42384
45365 7126 6628 5 42385 42386 42680 43750 44336
45366 6972 7493 5 42387 42388 54009 53786 53787
45367 7493 7066 4 42387 42389 53663 53664
45368 5053 4846 5 42393 42391 42569 42568 42600
45369 5053 4278 4 42391 42392 58258 57254
45370 10254 10439 5 42394 42395 155949 156767 156769
45371 10146 10439 7 42396 42394 156849 156523 156503 155647 155649
45372 10693 10439 7 42395 42396 156480 156014 156016 155968 155950
45373 9042 9598 5 42400 42401 66793 155253 155327
45374 9042 10176 4 42401 42399 42873 66792
45375 7009 7120 3 42403 42404 42575
45376 7311 7120 7 42405 42403 42576 42719 42543 42545 43135
45377 6562 7120 6 42404 42405 43134 43772 43734 42821
45378 6602 5754 4 42407 42408 43863 43748
45379 6562 5754 5 42408 42409 43678 42565 42567
45380 4252 4460 6 42411 42412 58016 67255 67105 67103
45381 4252 4480 3 42412 42413 57881
45382 4125 4252 8 42411 42413 57880 67136 67006 67005 67141 67146
45383 7952 7467 5 42422 42423 46638 49546 44084
45384 2740 2518 7 42426 42427 58450 58448 141947 141937 137259
45385 2740 2502 5 42427 42428 62717 62718 141953
45386 2608 2502 9 42428 42429 141792 137570 137313 137315 137351 137240 137239
45387 2608 2518 4 42429 42426 137261 141889
45388 2608 2740 6 42426 42428 137238 133364 133363 137260
45389 2502 2518 5 42427 42429 141928 141948 141950
45390 3720 3374 5 42436 42437 57725 62409 58994
45391 3723 3712 4 42438 42439 42876 57890
45392 3723 3720 5 42436 42438 57761 57760 58995
45393 846 1432 6 42440 42441 142216 58377 58376 143302
45394 1568 2475 6 42442 42443 142312 142070 142071 142193
45395 1568 1432 7 42443 42440 143226 58752 58751 142108 142311
45396 1568 846 5 42440 42442 142208 142207 143301
45397 4979 6430 5 42445 42446 58080 58081 58157
45398 4979 6369 5 42446 42444 58261 42601 42602
45399 4979 6551 6 42444 42445 58180 58623 58072 58069
45400 8565 8894 4 42450 42448 48212 48211
45401 8565 8895 6 42448 42449 49306 48900 43108 43107
45402 7774 205 3 42451 42453 142493
45403 2002 2292 4 42454 42455 62878 62879
45404 2002 2435 6 42455 42456 133212 133436 133441 133430
45405 8643 8049 5 42461 42462 155267 66350 42824
45406 8850 8643 6 42460 42462 155268 155271 154095 42710
45407 11242 218 3 42465 42466 146700
45408 138 218 7 42466 42467 133717 133813 133815 155142 146701
45409 218 753 7 42465 42467 133716 133715 133746 133745 154970
45410 9839 8896 3 42468 42469 142977
45411 6623 7899 4 42470 42471 44762 49144
45412 7899 6907 3 42470 42472 49145
45413 6872 7155 6 42476 42475 42521 42523 43826 43822
45414 7016 8288 3 42477 42478 42479
45415 8564 8702 7 42480 42481 45049 45050 45092 44990 44991
45416 9097 8564 6 42480 42482 45106 45131 45135 45094
45417 8910 8702 3 42481 42483 44938
45418 4905 5577 6 42486 42487 58323 58333 58327 42887
45419 6790 4905 4 42486 42488 132714 42888
45420 3747 3727 6 42492 42493 60477 60476 61974 61787
45421 3747 3948 3 42493 42494 62379
45422 3778 3948 7 42494 42495 61920 59265 59266 62391 62380
45423 3778 3727 6 42495 42492 61788 62376 58118 58119
45424 3778 3747 7 42492 42494 62378 62489 62483 60832 60829
45425 4535 4358 5 42496 42497 57234 58263 58168
45426 4110 4358 8 42499 42496 58169 62129 62131 67608 61101 58136
45427 4365 4358 7 42497 42499 58137 61810 58139 58138 57235
45428 5366 5204 5 42501 42502 57597 57598 57601
45429 5366 5450 4 42502 42500 58031 58030
45430 4019 4175 5 42503 42504 58095 57956 57957
45431 3912 4175 8 42504 42505 57811 57812 58483 58481 57947 57946
45432 3900 4496 4 42506 42507 58328 57665
45433 3900 4979 4 42507 42508 58078 58079
45434 4278 4002 10 42509 42510 58173 58171 66508 42580 42581 58406 58407 58567
45435 4175 4002 5 42512 42509 58592 58483 58482
45436 4726 5023 6 42514 42515 58073 58191 58156 58033
45437 5263 4624 3 42516 42513 57904
45438 6136 5754 6 42518 42519 43748 43693 43597 43591
45439 6136 6359 3 42519 42517 42717
45440 6914 7155 7 42520 42521 43622 43846 44905 43929 43928
45441 5036 5723 9 42525 42526 62919 62920 43172 43171 58231 66835 66837
45442 5819 5723 6 42526 42527 42650 42596 42598 66685
45443 5819 5036 3 42524 42526 66684
45444 5723 5240 3 42525 42527 57963
45445 6369 5240 3 42530 42528 58043
45446 6954 5675 4 42531 42532 43527 43710
45447 6770 5675 6 42533 42531 43817 66900 66399 43061
45448 7428 5675 5 42532 42533 42877 42879 43528
45449 8821 8508 8 42534 42535 153920 153898 42783 42561 42562 44506
45450 8821 8929 7 42535 42536 44912 44914 154005 152848 152849
45451 8206 8821 6 42534 42536 44913 44517 43232 43231
45452 9116 8508 3 42539 42540 66767
45453 8599 9159 4 42541 42538 44890 155206
45454 8599 9116 8 42538 42540 66766 132972 132973 132985 132984 44889
45455 8508 9159 8 42539 42541 155208 155207 44718 44717 155273 132500
45456 7120 7333 6 42543 42544 43417 43267 42761 42718
45457 7120 7428 3 42544 42545 43566
45458 6854 6905 5 42546 42547 42940 43314 49662
45459 5539 5454 5 42548 42549 66268 65478 65481
45460 5539 5275 6 42549 42550 66292 65070 43685 43683
45461 6347 5275 4 42550 42551 65463 66054
45462 6347 5454 8 42551 42548 65439 65438 65451 65452 65482 65462
45463 6347 5539 6 42548 42550 66294 43282 43281 43814
45464 5275 5454 7 42549 42551 65461 50198 50197 67007 66269
45465 4901 3319 8 42552 42553 42595 42593 66794 155198 155199 154133
45466 8643 3319 5 42554 42552 154134 155371 43507
45467 5605 3319 6 42553 42554 43506 155369 42894 42893
45468 7760 6369 4 42555 42556 42577 43832
45469 10276 9814 4 42557 42558 132965 155238
45470 9458 9056 8 42559 42560 155151 155146 154947 133750 43363 43361
45471 9458 9814 4 42560 42557 155164 155163
45472 9056 9814 5 42558 42560 155074 155076 132967
45473 8821 7718 7 42562 42563 44287 44428 44429 44929 44911
45474 8569 8508 4 42564 42561 42784 44872
45475 4846 4705 5 42569 42570 43250 58312 57253
45476 5240 4705 3 42570 42571 43251
45477 5240 5053 7 42571 42568 58043 58302 58066 58065 58401
45478 4278 4570 5 42578 42580 66742 66915 66952
45479 4002 4300 5 42579 42581 66928 66944 66720
45480 10194 10192 3 42585 42586 155673
45481 10495 10194 7 42584 42586 155674 155689 155770 66715 66714
45482 4002 3520 5 42588 42589 58301 58409 58407
45483 4002 3282 3 42589 42587 58300
45484 4002 3693 6 42587 42588 58567 58592 58569 58451
45485 5995 5815 6 42590 42591 54035 43686 43687 53661
45486 5745 5815 6 42592 42590 53662 57951 57950 42921
45487 5887 5815 6 42591 42592 42920 54223 54219 54036
45488 4901 4341 7 42594 42595 66339 66340 66906 42869 42800
45489 5819 5675 6 42598 42599 42853 42851 66949 66950
45490 5819 6562 4 42599 42596 42651 43422
45491 6369 5053 5 42600 42602 58195 58303 58043
45492 6223 3910 6 42605 42606 42857 155419 58316 57818
45493 9931 10108 4 42607 42608 42835 42707
45494 9828 9931 5 42607 42609 154102 154054 42708
45495 7551 8508 5 42610 42611 42678 44041 44587
45496 7437 7333 7 42612 42613 42675 42674 43178 42950 42951
45497 7437 7551 3 42610 42612 44783
45498 7333 8508 4 42611 42613 44893 42679
45499 8569 9070 5 42623 42621 44862 44756 42639
45500 9050 9070 4 42622 42623 42638 147516
45501 1984 1374 5 42624 42625 132515 133105 66401
45502 1984 1449 3 42625 42626 42923
45503 1804 1449 6 42626 42627 42930 132297 132294 42925
45504 1804 1984 9 42624 42626 42924 133103 133064 58412 58411 58102 58101
45505 6647 7047 5 42628 42629 53528 54064 54075
45506 6647 7080 5 42629 42630 52882 53725 53529
45507 7203 7080 5 42630 42631 43946 43834 43835
45508 7080 7047 6 42629 42631 43945 53601 53603 53530
45509 1804 1670 8 42633 42634 58412 133065 132345 132344 132907 132538
45510 1609 1353 5 42635 42632 133058 132847 66823
45511 1609 1804 3 42632 42634 58411
45512 8809 9070 6 42638 42639 44757 141699 141698 154043
45513 8681 7760 4 42640 42641 44021 44836
45514 11182 10835 5 42642 42643 66783 154136 154992
45515 11182 11157 7 42643 42644 42691 155353 154711 154712 66784
45516 44 11157 6 42644 42645 154790 133658 133659 42693
45517 44 11182 5 42642 42644 42692 154651 154648
45518 8681 8821 3 42649 42647 44863
45519 9056 9556 7 42652 42653 42740 155076 155075 155146 44715
45520 10708 10835 6 42655 42656 155111 154993 154136 154137
45521 10708 10870 3 42656 42657 155112
45522 6154 6443 3 42662 42663 54705
45523 6325 6328 4 42664 42661 54104 53788
45524 6443 6328 4 42662 42664 53789 54707
45525 8555 8650 4 42667 42666 45380 45459
45526 10643 8049 4 42669 42670 155197 132958
45527 8185 10643 6 42668 42670 154998 154997 133156 133158
45528 7428 7545 3 42671 42672 43177
45529 7333 7268 4 42673 42674 43195 43222
45530 7423 7333 8 42673 42675 44893 44521 44522 43168 43167 43237
45531 7120 6744 5 42681 42682 43267 43139 43137
45532 7126 7120 5 42680 42682 42761 42760 43749
45533 6628 6272 4 42684 42683 43887 43539
45534 10658 10777 7 42687 42688 154690 154691 155625 155610 155608
45535 10994 10777 5 42689 42687 155589 155584 155583
45536 10962 10777 5 42688 42689 155585 142374 142373
45537 11182 236 7 42691 42692 155347 155348 155365 155350 155351
45538 44 236 5 42692 42693 132796 132798 132805
45539 236 11157 4 42691 42693 155107 155106
45540 1250 378 3 42694 42695 42779
45541 1020 378 5 42695 42696 132587 66412 42780
45542 378 966 6 42694 42696 132700 58558 58556 131975
45543 7437 7434 3 42697 42698 42781
45544 10811 10925 6 42699 42700 150372 151078 151119 155015
45545 10828 10617 6 42701 42702 132646 134610 150576 151143
45546 10828 10925 6 42702 42699 133740 133739 132955 132644
45547 10828 10811 4 42699 42701 155088 155089
45548 10617 10925 4 42700 42702 132645 150373
45549 10398 10341 5 42703 42704 153878 155240 155277
45550 9744 10298 5 42705 42706 132996 132998 132033
45551 9744 10398 5 42703 42705 132032 155276 155275
45552 10298 10341 5 42704 42706 153711 155300 153879
45553 9744 9828 5 42708 42709 153690 44445 44446
45554 9744 10108 4 42709 42707 155276 154084
45555 9814 10293 5 42711 42712 155189 155054 155055
45556 9814 10160 9 42712 42713 155194 155156 132967 132965 155114 155013 155012
45557 10139 10160 4 42713 42714 151154 155192
45558 10139 10293 7 42714 42711 155071 154949 133761 133759 151152
45559 10139 9814 4 42711 42713 155157 155159
45560 6452 6602 3 42715 42716 43207
45561 7551 7120 4 42718 42719 42782 42760
45562 7551 7311 7 42719 42720 42776 42774 44906 42731 42732
45563 6993 6924 5 42721 42722 43043 43301 43087
45564 5831 5866 6 42723 42724 42997 64698 67249 67305
45565 4227 4051 6 42725 42726 66115 66155 66237 66213
45566 4227 3839 5 42726 42727 65087 65088 66116
45567 7551 6914 5 42730 42731 44905 44902 44901
45568 4229 4460 6 42733 42734 66980 66982 58236 58239
45569 4229 4065 5 42734 42735 43813 66827 67064
45570 4465 4229 4 42733 42735 43812 66879
45571 4065 4460 4 42734 42736 64347 67065
45572 8113 8081 6 42738 42739 44253 44348 43364 43365
45573 8113 8187 6 42739 42737 43210 43211 44456 44252
45574 8113 8743 7 42737 42738 44779 44740 42840 42842 44049
45575 9056 10160 4 42740 42741 132966 132967
45576 9556 10160 4 42742 42740 155156 151047
45577 9919 10160 6 42741 42742 151046 154051 154048 150841
45578 9823 11740 7 42743 42744 44545 44543 155179 155171 133488
45579 4140 3914 5 42746 42747 43808 43809 66467
45580 4140 4363 5 42747 42745 42881 42880 66479
45581 4140 4433 5 42745 42746 66895 66890 66864
45582 8764 7386 8 42749 42750 49139 49136 49137 49128 49127 49125
45583 8764 7563 6 42750 42751 155116 49017 49018 49140
45584 6437 8764 5 42749 42751 155115 49123 49122
45585 5367 6770 5 42752 42753 66351 42949 42947
45586 8643 6770 4 42753 42754 42823 42824
45587 6770 5605 5 42752 42754 42834 43061 66398
45588 4107 3914 7 42755 42756 66931 66855 66856 133140 42891
45589 1449 1938 4 42765 42764 58318 132827
45590 5443 5705 4 42766 42767 67429 54531
45591 5443 5669 6 42767 42768 43038 51062 43430 43431
45592 5856 5669 4 42768 42769 43153 43039
45593 8236 8774 7 42771 42772 44379 48781 48782 49019 49050
45594 8944 8774 4 42772 42773 150811 44380
45595 8944 8236 4 42770 42772 44378 48047
45596 8774 8688 8 42771 42773 150768 49157 49156 49371 49334 49052
45597 7551 7718 6 42775 42776 42778 44783 44587 44512
45598 7311 7601 3 42777 42774 43999
45599 9050 8508 5 42784 42783 153899 44877 44876
45600 9823 8185 5 42788 42789 49062 155200 43362
45601 6308 8185 4 42789 42790 66296 49063
45602 6308 9458 8 42790 42787 48376 155004 155005 133274 133273 150232
45603 6308 9823 5 42787 42789 49061 150715 48375
45604 8185 9458 5 42788 42790 132415 132417 43363
45605 6628 6720 4 42793 42791 44330 43548
45606 11213 9839 3 42797 42798 155464
45607 11213 10633 6 42798 42796 155367 155366 142560 142562
45608 11213 11029 11 42796 42797 155470 155477 155479 155412 155408 142408 142405 142817 142818
45609 4901 4803 3 42799 42800 42870
45610 3966 3950 4 42801 42802 58730 59496
45611 3966 4162 4 42802 42803 58748 58731
45612 3841 4162 7 42803 42804 60196 60177 59975 59977 58750
45613 3841 3950 5 42804 42801 59498 60761 60198
45614 3841 3966 4 42801 42803 58749 59497
45615 3777 3600 7 42807 42805 62655 62654 62172 58117 58116
45616 3777 3882 5 42805 42806 66845 66624 66623
45617 4140 4065 6 42808 42809 43808 66479 64619 64620
45618 4140 3244 4 42809 42810 49871 43809
45619 3272 4065 4 42811 42808 66400 66849
45620 3272 4140 7 42808 42810 49872 132916 43463 43464 66273
45621 3244 4065 5 42809 42811 66852 66850 43810
45622 6922 6582 4 42812 42813 43105 42939
45623 7482 7399 4 42814 42816 49435 44162
45624 4320 4189 4 42817 42818 67112 67114
45625 4320 4097 6 42818 42819 67144 66616 62265 62266
45626 4291 4189 4 42820 42817 43657 43656
45627 4291 4320 6 42817 42819 67153 67121 67123 67124
45628 4097 4189 6 42818 42820 67055 67109 67110 67155
45629 6157 5990 9 42826 42827 43102 43104 49457 49383 43454 43452 43505
45630 6157 5969 3 42827 42825 43532
45631 6157 6113 8 42825 42826 43669 43670 43487 43486 43676 43531
45632 9186 8762 4 42828 42829 44377 44657
45633 8736 9031 5 42830 42831 45906 45913 152671
45634 8185 8591 7 42832 42833 66262 49063 49062 155201 154997
45635 10398 10108 4 42835 42836 155278 155276
45636 5819 4570 5 42837 42838 66684 66685 66950
45637 8743 9098 6 42841 42842 44048 44583 44582 44641
45638 8113 9098 4 42842 42843 48860 44050
45639 8113 8565 4 42843 42840 44741 49251
45640 9098 8565 5 42841 42843 49250 48900 44670
45641 3520 4846 3 42845 42846 58398
45642 1892 2156 9 42847 42848 141796 142567 141764 141765 142167 142527 142477
45643 1892 1744 5 42848 42849 142397 132495 132498
45644 1609 2156 5 42850 42847 142399 142295 142243
45645 1609 1892 6 42847 42849 142570 142329 58545 58546
45646 1744 2156 6 42848 42850 141862 141861 142342 141797
45647 5973 6068 5 42859 42860 54474 54408 43466
45648 6088 5687 5 42861 42858 54608 54610 54611
45649 6088 5973 3 42858 42860 54473
45650 6068 5687 4 42859 42861 54592 43467
45651 7015 6691 6 42865 42866 49296 44282 44281 53951
45652 7015 6619 5 42866 42864 46597 51075 51076
45653 6534 4803 10 42870 42871 66902 43730 43729 49822 49824 66590 132104 42946
45654 6534 4341 3 42871 42869 66901
45655 3713 3374 4 42874 42875 57944 58283
45656 4480 4363 5 42880 42882 66865 66745 66747
45657 1474 1449 5 42883 42884 132230 132824 132826
45658 1474 2702 3 42884 42885 132231
45659 3105 2702 11 42885 42886 132849 66799 66801 132990 133030 133037 133036 66345 66343
45660 3105 1449 3 42886 42883 132848
45661 2702 1449 6 42884 42886 42929 42926 132827 132232
45662 6309 5577 4 42889 42887 58071 58070
45663 4107 3014 5 42890 42891 133141 132219 66829
45664 3549 3014 8 42892 42890 66831 142482 132899 66709 66708 133098
45665 3914 3014 3 42891 42892 133132
45666 5605 4341 5 42893 42895 66872 66342 66339
45667 4726 4278 4 42896 42898 58077 57953
45668 511 814 4 42899 42900 132925 131338
45669 1938 753 7 42901 42902 126685 132858 132857 133024 132617
45670 1938 2505 7 42902 42903 133033 133574 133691 155229 126686
45671 1644 753 6 42904 42901 132619 133716 132754 132755
45672 1644 1938 6 42901 42903 133034 132823 132822 132618
45673 2505 753 3 42902 42904 126687
45674 194 9 7 42906 42907 154852 154145 132957 132692 132690
45675 9 378 4 42905 42907 132613 132474
45676 1250 1218 6 42908 42909 132912 132439 66414 65674
45677 824 1218 7 42909 42910 132526 133637 133605 132787 132786
45678 1218 654 3 42908 42910 65676
45679 6691 6461 3 42912 42911 43621
45680 2684 2373 5 42913 42914 132194 132466 62533
45681 2514 2373 5 42916 42913 62535 62971 133236
45682 2514 2684 6 42913 42915 66682 133358 133500 62534
45683 2554 2373 6 42914 42916 133235 66778 66775 132195
45684 4465 3879 4 42917 42918 66707 43812
45685 3879 4065 5 42917 42919 66711 66826 43813
45686 5295 5815 6 42920 42921 66916 66997 66998 67019
45687 5295 5745 4 42921 42922 54166 54167
45688 1804 2722 4 42924 42925 132403 133104
45689 2722 1449 7 42923 42925 42927 42929 132848 132826 132516
45690 1643 2722 6 42927 42928 133225 133595 133631 132403
45691 2702 2722 4 42928 42929 132849 132992
45692 2702 1643 6 42926 42928 133224 133623 64439 64437
45693 2771 2136 6 42932 42933 134027 48716 48715 48929
45694 2771 3143 3 42933 42934 134087
45695 5373 5443 7 42935 42936 65202 65201 65573 54297 54300
45696 5373 5805 5 42936 42937 51152 51163 51162
45697 5442 5805 4 42937 42938 43432 51153
45698 5442 5443 5 42938 42935 65580 54549 43430
45699 5805 5443 5 42936 42938 43431 67429 65487
45700 6582 6854 5 42939 42940 43112 43111 43246
45701 4465 4363 6 42943 42945 66748 66746 66745 66896
45702 4901 6770 5 42947 42948 66907 66399 66398
45703 7179 7192 3 42955 42952 43256
45704 7285 7192 5 42953 42955 43255 43857 43856
45705 7588 7575 5 42958 42959 45836 44311 44184
45706 7790 8081 3 42962 42960 44254
45707 7733 8081 6 42961 42962 44255 44349 44348 44608
45708 430 873 4 42966 42967 134402 134131
45709 738 430 4 42965 42967 134385 134224
45710 873 11895 4 42966 42968 129049 134045
45711 8109 8335 3 42969 42971 44724
45712 8311 7601 4 42970 42972 44025 44024
45713 8164 8201 4 42975 42976 48846 48795
45714 8595 8164 5 42974 42976 44635 44637 46015
45715 8201 8688 3 42975 42977 48796
45716 5168 5245 6 42978 42979 50061 65607 65613 44293
45717 5168 5639 6 42979 42980 64958 65472 65581 50060
45718 5668 5245 5 42981 42978 44295 50178 65791
45719 5639 5245 3 42979 42981 50062
45720 4474 5477 7 42982 42983 65916 65914 48692 48654 48657
45721 4474 5232 5 42983 42984 64580 65923 65938
45722 11922 5232 10 42984 42985 65425 50230 50232 96511 77527 77248 77247 64582
45723 11922 5477 6 42985 42982 64681 65677 65771 65772
45724 11922 4474 6 42982 42984 64581 77250 76987 64680
45725 5232 5477 5 42983 42985 65818 65403 65402
45726 3283 3266 5 42986 42987 43640 66812 66543
45727 3283 3669 4 42987 42988 62855 43641
45728 3507 3669 6 42988 42989 62142 62140 66603 66281
45729 3507 3266 5 42989 42986 66544 66549 66630
45730 3507 3283 6 42986 42988 60997 60996 66534 66533
45731 3669 3266 6 42987 42989 66629 66628 64301 43642
45732 6903 7226 4 42992 42990 43888 43890
45733 6157 6458 3 42995 42996 43486
45734 1343 1755 3 42998 42999 132527
45735 1512 1575 3 43000 43001 66502
45736 1575 1755 7 42999 43001 66501 131044 131045 66498 66496
45737 6427 5990 5 43003 43004 43102 43627 54357
45738 6854 5990 4 43004 43005 49663 43104
45739 6854 6735 6 43005 43002 43236 43907 44159 49666
45740 6854 6427 7 43002 43004 43103 43111 43294 43292 43235
45741 5990 6735 7 43003 43005 49665 44298 44289 44290 54363
45742 2723 3221 5 43006 43007 64443 66084 133804
45743 2723 3028 5 43007 43008 135667 135676 64444
45744 3486 3028 5 43008 43009 64334 64333 64336
45745 3486 3221 8 43009 43006 135670 134974 64474 64476 64436 64374
45746 3486 2723 5 43006 43008 135668 135401 135398
45747 3028 3221 5 43007 43009 64373 135297 64445
45748 3958 3196 7 43010 43011 64349 64350 66201 65454 65453
45749 6384 3196 7 43011 43012 48908 66093 66092 66471 66472
45750 7834 7509 6 43013 43014 47761 46454 46455 49315
45751 7912 7509 6 43015 43013 49317 49412 44618 44617
45752 9625 9882 5 43016 43017 44971 151049 148546
45753 9625 9919 3 43017 43018 44694
45754 9418 9625 7 43016 43018 44695 150996 150997 152598 148545
45755 9919 9882 5 43017 43019 150955 150956 44972
45756 10020 10098 4 43022 43023 151115 151264
45757 8564 8606 8 43027 43028 45128 45133 45094 44991 44774 44773
45758 8564 8520 5 43028 43029 44942 45009 45129
45759 8324 8606 7 43030 43027 45115 45119 45110 45109 45113
45760 8520 8606 3 43028 43030 45114
45761 8203 8361 5 43033 43034 45794 44524 44523
45762 9056 8565 7 43036 43037 44715 154947 44772 44771 44780
45763 5719 5669 6 43038 43039 43154 54107 54338 51064
45764 2596 2682 5 43041 43042 136998 136997 64098
45765 7229 7482 4 43046 43047 46478 51464
45766 7480 7482 7 43047 43048 46629 46630 46398 44368 44366
45767 7480 7229 4 43045 43047 45930 45929
45768 7482 7436 5 43046 43048 52375 52784 52783
45769 5994 6583 6 43052 43053 49473 49474 49768 49998
45770 5994 11923 4 43053 43050 50004 50017
45771 6583 11923 8 43051 43053 49078 49077 49994 50035 50018 44632
45772 4720 4222 6 43055 43056 49580 49579 66309 62890
45773 4720 3439 5 43054 43055 43764 43763 133553
45774 3459 3659 9 43057 43058 48311 64414 66124 66125 66127 66131 66135
45775 3459 3857 3 43058 43059 48312
45776 3603 3857 8 43059 43060 66123 66068 62863 62862 64745 48580
45777 3603 3659 3 43060 43057 66122
45778 3603 3459 8 43057 43059 48579 66138 66146 133894 66140 66134
45779 4570 4855 8 43062 43063 58395 66735 62918 62921 66761 66758
45780 4570 4363 5 43063 43064 66347 66348 58396
45781 4433 4570 3 43062 43064 66757
45782 4480 5176 3 43065 43066 67281
45783 5299 5679 4 43067 43068 50048 65604
45784 5299 5942 4 43068 43069 50179 50047
45785 5738 5299 5 43067 43069 43388 43389 64689
45786 4048 3669 3 43070 43071 66313
45787 8262 7150 3 43076 43077 49350
45788 8262 7345 6 43077 43075 43078 43853 44735 49349
45789 7226 7915 3 43079 43081 43827
45790 9814 9871 7 43083 43084 155085 133175 133173 155159 155055
45791 9871 10692 4 43083 43085 150265 155056
45792 7423 7345 5 43088 43086 43306 44448 43133
45793 7423 6924 5 43086 43087 43303 43302 43305
45794 6478 7386 3 43089 43090 49125
45795 6478 6437 7 43090 43091 44610 66154 66265 49124 49122
45796 7073 6478 4 43089 43091 44609 49126
45797 7190 7218 7 43092 43093 52594 52595 45146 45147 53166
45798 7485 7218 6 43094 43092 53167 53904 54044 53995
45799 7135 7218 6 43093 43094 53996 54049 53993 53992
45800 8069 8113 4 43095 43096 44252 44253
45801 7733 8113 4 43097 43095 44348 43150
45802 7939 8113 7 43096 43097 43149 44401 49216 44455 44456
45803 6969 6610 3 43098 43099 49463
45804 6969 6820 8 43099 43100 43393 43394 49929 49933 50033 49464
45805 6555 6820 6 43100 43101 49810 49478 49479 48595
45806 6555 6610 6 43101 43098 49481 49610 43331 43333
45807 6820 6610 7 43099 43101 44235 44234 49096 49993 49465
45808 6427 6157 5 43102 43103 43110 43531 43532
45809 6854 6157 5 43103 43104 49661 43314 43112
45810 6922 6626 5 43105 43106 44329 43500 43245
45811 9129 8565 6 43109 43107 48212 43118 43120 155195
45812 8113 8368 5 43114 43115 48864 44741 44740
45813 8113 8262 4 43115 43116 43853 44734
45814 7981 8113 6 43114 43116 43854 43366 43365 44779
45815 8764 9129 5 43118 43119 49059 44598 44599
45816 9556 9129 5 43119 43120 155161 150723 49060
45817 9556 8565 6 43120 43117 155145 44715 44716 49064
45818 9556 8764 5 43117 43119 49058 154017 155092
45819 7588 7600 5 43121 43122 44184 44310 44541
45820 7031 7600 5 43124 43121 44511 43557 43556
45821 7104 7600 5 43122 43124 44327 49582 44185
45822 8464 8229 6 43126 43127 48841 49326 48863 48861
45823 8464 8459 6 43127 43128 48968 49304 49232 48842
45824 8374 8459 5 43128 43129 45853 46439 48969
45825 8374 8229 5 43129 43126 49047 49261 45852
45826 8374 8464 5 43126 43128 46192 46194 47016
45827 8459 8229 5 43127 43129 45851 49325 48843
45828 5527 5573 6 43131 43132 64840 62315 43287 43286
45829 5527 5338 4 43132 43130 64577 64579
45830 5527 5226 5 43130 43131 65534 67971 65564
45831 6954 7311 3 43135 43136 43515
45832 6954 6562 5 43136 43134 43709 43527 43513
45833 6954 7120 7 43134 43135 43566 43417 43139 43138 43818
45834 6744 6954 5 43139 43140 43712 43224 43225
45835 6954 6359 3 43138 43140 43747
45836 5558 5639 8 43142 43143 65557 65377 64772 64771 65581 65527
45837 5780 5639 6 43144 43142 65268 65267 50118 50117
45838 6009 5639 4 43143 43144 50110 50112
45839 5685 5575 4 43147 43145 65436 65460
45840 7516 7939 3 43151 43149 44402
45841 7516 8113 5 43149 43150 43364 43366 44249
45842 5856 5927 8 43152 43153 46425 51668 54457 43664 43262 43260
45843 5719 5927 5 43154 43152 43660 43662 53739
45844 6854 6899 4 43156 43157 43907 43905
45845 5078 5421 5 43158 43159 65705 65703 77515
45846 5294 5078 5 43158 43160 72244 72245 77639
45847 7268 6770 3 43161 43162 43163
45848 6291 6954 4 43165 43164 43215 43595
45849 7333 6744 5 43166 43167 43223 43225 43267
45850 7126 7423 6 43168 43169 43218 43305 43306 44533
45851 7423 6744 3 43167 43169 43216
45852 5657 5036 3 43172 43170 66396
45853 7170 7205 6 43173 43174 52871 53305 44115 44113
45854 7170 7346 3 43174 43175 52872
45855 7333 6954 6 43178 43179 43417 43225 43221 43195
45856 6719 6736 6 43180 43181 43892 54072 54284 43864
45857 5675 4855 6 43185 43183 58319 58320 66762 66761
45858 5723 4855 5 43184 43185 62921 62920 66397
45859 8920 8885 3 43187 43188 46907
45860 8440 8734 4 43189 43190 45660 46226
45861 8323 7983 5 43192 43193 44531 44625 45509
45862 7912 8374 5 43194 43191 44454 47908 49261
45863 7912 8323 4 43191 43193 44259 44258
45864 7983 8374 4 43192 43194 45852 45853
45865 8043 7859 5 43196 43197 45213 43565 43564
45866 8043 8052 5 43197 43198 44387 44482 45209
45867 7917 7859 5 43199 43196 46610 45872 45172
45868 8052 7859 4 43197 43199 45171 45212
45869 6291 6458 6 43200 43201 67295 43653 43215 43212
45870 6773 6899 8 43203 43204 44192 43905 43906 43959 44280 53050
45871 6895 6899 3 43204 43205 44217
45872 8528 8374 5 43208 43209 44187 44623 43545
45873 8113 8374 4 43211 43208 43547 44455
45874 8113 8528 5 43208 43210 44049 44050 43546
45875 6458 7268 5 43212 43213 43219 43222 43214
45876 6954 6458 5 43214 43215 43652 43224 43221
45877 6458 7126 3 43217 43218 43304
45878 7423 6458 6 43216 43218 43302 43220 43219 43237
45879 6458 7333 4 43221 43222 43237 43223
45880 6941 6767 3 43226 43227 53130
45881 6786 7110 3 43228 43229 53991
45882 6786 6767 8 43229 43226 53131 54450 54043 51445 51334 51331
45883 8821 7915 5 43230 43231 44506 44911 44931
45884 8624 7915 3 43233 43230 44037
45885 8624 8821 9 43230 43232 44518 154217 43399 43397 44427 44429 44930
45886 6773 6427 4 43234 43235 44193 54108
45887 6640 6972 5 43241 43238 53933 53137 53136
45888 6640 7040 6 43238 43240 54099 53644 53645 53932
45889 6443 6972 4 43239 43241 53816 43955
45890 8040 7790 5 43242 43243 44663 44254 44256
45891 8035 7790 6 43243 43244 44472 44470 44471 44658
45892 7790 7516 5 43242 43244 44592 44585 44584
45893 6626 6854 4 43245 43246 43294 43293
45894 4993 4846 3 43249 43250 58262
45895 4452 4129 8 43252 43253 66936 67240 67256 67262 67263 67271
45896 4252 4452 7 43252 43254 66974 67255 67254 67258 67266
45897 7080 7179 6 43256 43257 43835 52882 44108 44107
45898 7080 7285 3 43257 43255 43834
45899 7080 7192 9 43255 43256 44109 44078 44079 54071 53604 43945 43946
45900 5856 6142 4 43260 43261 54029 54246
45901 5856 6202 6 43261 43262 43663 54475 52885 52887
45902 5927 6202 6 43262 43263 43280 49740 49741 43665
45903 5927 6142 4 43263 43260 43660 43278
45904 7516 7551 3 43264 43266 43948
45905 9805 9828 8 43269 43270 155675 155429 153967 153968 154054 44446
45906 9805 9195 5 43270 43268 147515 147514 155665
45907 9805 9549 4 43268 43269 44444 154119
45908 5956 5610 4 43272 43273 44063 54376
45909 6031 5958 4 43274 43271 54319 54348
45910 6031 5956 5 43271 43273 44064 54272 54271
45911 5610 5958 6 43272 43274 54344 54341 51292 51290
45912 6461 6840 4 43275 43276 53984 43634
45913 6461 6255 5 43276 43277 53953 46507 46510
45914 6142 6104 6 43278 43279 54346 54402 54438 43661
45915 6202 6104 5 43279 43280 51283 51096 51098
45916 6104 5927 8 43278 43280 53986 43433 43435 54388 53738 43662
45917 5539 6623 4 43282 43283 48893 66293
45918 6437 6623 5 43283 43284 44611 44610 48895
45919 6437 6347 6 43284 43281 43816 49609 49608 49771
45920 6437 5539 6 43281 43283 48894 66022 48951 43815
45921 6623 6347 5 43282 43284 49707 49706 66045
45922 5562 5527 4 43287 43288 43451 43449
45923 3031 3439 4 43289 43290 62903 66421
45924 3236 3439 8 43291 43289 58532 58531 62325 62889 62885 62887
45925 3103 3439 4 43290 43291 64314 62905
45926 6379 6272 6 43295 43296 43539 43886 43538 43420
45927 7126 6924 5 43297 43298 43305 43304 43309
45928 6924 6693 4 43299 43300 43301 43303
45929 6924 6744 3 43307 43308 43309
45930 7917 7600 5 43310 43311 44045 44046 44396
45931 7917 7584 7 43311 43312 45871 45872 44728 44727 44434
45932 7575 7584 8 43312 43313 49598 49291 49293 54055 53203 45984
45933 7575 7600 6 43313 43310 44312 44184 44185 49586
45934 7575 7917 4 43310 43312 45824 44395
45935 8828 8861 8 43320 43321 46416 46419 48365 48363 49183 49184
45936 8741 8861 4 43323 43320 48070 48069
45937 8596 8861 4 43321 43323 48883 49248
45938 10112 10232 5 43325 43326 150739 150737 152427
45939 6406 6009 3 43328 43329 44552
45940 6346 6221 6 43330 43327 50003 49954 49956 50111
45941 6346 6406 6 43327 43329 44551 49763 49762 50019
45942 6610 6158 4 43332 43333 44235 44236
45943 6555 6158 8 43333 43334 49687 49611 49613 49274 49272 49810
45944 7345 7013 3 43336 43337 49370
45945 7345 7541 8 43337 43335 49634 49381 44676 44675 46452 49368
45946 6581 6900 6 43338 43339 49704 49697 49698 49902
45947 6581 6648 8 43339 43340 46568 49603 48912 48913 49648 49705
45948 5699 5780 7 43341 43342 49719 49718 65039 51069 49589
45949 5699 5764 6 43342 43343 49798 65037 49836 49783
45950 5775 5699 3 43341 43343 49590
45951 6912 6930 4 43344 43345 49390 49091
45952 6930 6648 5 43344 43346 49587 44473 44475
45953 7132 7252 4 43347 43348 44354 51204
45954 7305 7252 6 43350 43347 49452 44173 44174 49292
45955 7305 7132 4 43347 43349 45952 51203
45956 7015 7252 5 43348 43350 45438 45436 44356
45957 5341 5482 6 43352 43353 54541 67366 54469 54470
45958 5341 5112 4 43351 43352 63653 65459
45959 5661 5830 6 43354 43355 49881 51811 49812 43381
45960 5947 5830 7 43356 43354 43383 50982 51055 51061 54161
45961 6031 5830 4 43355 43356 44064 44065
45962 6269 6648 7 43357 43358 49035 49033 48911 48912 49602
45963 6269 5990 6 43358 43359 49785 49641 49384 49383
45964 6686 5990 6 43359 43360 44298 44296 51744 49786
45965 6686 6648 8 43360 43357 49811 46568 44474 44473 49649 49667
45966 6686 6269 3 43357 43359 49784
45967 5990 6648 5 43358 43360 49665 49663 49457
45968 9823 9056 3 43361 43362 44447
45969 7516 8081 4 43367 43364 44349 44453
45970 7286 7146 4 43368 43369 53230 53093
45971 7187 7228 5 43370 43371 51248 51250 51465
45972 7187 7146 5 43371 43368 52925 52922 52972
45973 7187 7286 7 43368 43370 53385 52220 46675 46676 53094
45974 7228 7146 7 43369 43371 52983 53378 51631 51630 52767
45975 8059 7814 6 43372 43373 45332 45333 44129 44130
45976 8300 8059 4 43372 43374 46407 44374
45977 8193 7814 6 43373 43375 46618 44219 44218 45856
45978 5657 6562 6 43376 43377 43709 43772 43677 43678
45979 5248 5333 8 43378 43379 51065 51066 65490 65488 68212 54331
45980 5486 5333 4 43380 43378 43714 43713
45981 5511 5333 5 43379 43380 68286 67930 65170
45982 5773 5947 4 43382 43383 49856 49855
45983 5773 5830 5 43383 43381 49814 51073 50983
45984 5773 5661 4 43381 43382 51135 49813
45985 6633 6808 9 43384 43385 49776 49113 49112 49660 49604 49606 49555
45986 6633 6129 5 43385 43386 49037 49728 49727
45987 6157 6633 5 43384 43386 49034 49036 49556
45988 6109 5719 4 43390 43391 54265 54440
45989 5949 6109 5 43390 43392 54293 54294 54437
45990 6969 7316 4 43394 43395 49702 49927
45991 6900 7316 5 43395 43396 49616 49617 49625
45992 6900 6820 5 43396 43393 48595 49902 49914
45993 8910 8821 6 43397 43398 154221 153983 44917 44918
45994 9002 8821 3 43398 43399 154216
45995 6930 7010 6 43400 43401 43485 43483 44424 48702
45996 5623 5708 4 43402 43403 66434 68314
45997 5623 5746 6 43403 43404 51093 51091 67289 66433
45998 6771 6429 5 43406 43407 53823 53830 50827
45999 6697 6429 5 43407 43408 51542 51540 53086
46000 6697 6732 8 43408 43405 51424 50592 50590 51646 51596 51598
46001 6697 6771 8 43405 43407 53822 53876 53881 53891 52766 52720
46002 6429 6732 8 43406 43408 51600 51599 51866 52142 53690 50829
46003 5767 6076 5 43409 43410 51760 51759 51175
46004 5767 6068 6 43410 43411 54592 54591 54013 54015
46005 6088 6076 4 43412 43409 51176 54432
46006 6068 6076 6 43410 43412 51565 51564 54477 54456
46007 4919 4387 4 43413 43414 59214 59215
46008 4919 4334 6 43414 43415 66459 66460 67615 67618
46009 4502 4387 6 43416 43413 66923 66922 67473 67128
46010 4334 4387 6 43414 43416 67127 67130 67129 67220
46011 6427 6113 5 43419 43421 43530 43531 43668
46012 5580 5843 7 43427 43428 66218 66219 49803 49801 66617
46013 5970 5843 5 43428 43429 54200 54188 54189
46014 5970 6109 5 43429 43426 54259 54253 54252
46015 5970 5580 4 43426 43428 67243 67242
46016 5669 5442 6 43430 43432 51143 51142 54333 54550
46017 5927 5958 3 43433 43434 53985
46018 6104 5669 3 43435 43436 53737
46019 4943 4961 6 43437 43438 65222 65224 65148 65124
46020 4943 5032 6 43438 43439 65293 65294 68177 65429
46021 4816 5032 8 43439 43440 65127 65128 65510 65547 65029 65030
46022 4816 4961 7 43440 43437 65020 64687 64688 65304 65303
46023 4816 4943 5 43437 43439 65298 65297 65125
46024 5032 4961 5 43438 43440 65427 50030 50029
46025 7143 6449 7 43442 43443 50237 46545 46546 50984 48255
46026 6704 6449 5 43443 43444 50754 50270 50238
46027 6704 7143 4 43441 43443 50236 48401
46028 5176 5072 5 43445 43446 43694 43752 67303
46029 5657 5072 3 43448 43445 67089
46030 5657 5176 5 43445 43447 43617 66176 67288
46031 5661 5527 4 43449 43450 49716 62315
46032 5686 5990 3 43453 43454 49384
46033 6694 6226 3 43455 43456 50735
46034 6504 6855 5 43457 43458 46665 49791 49792
46035 7054 6855 5 43458 43459 44461 49506 46666
46036 7589 7854 5 43460 43461 43851 43925 53107
46037 3272 3105 4 43465 43463 66802 66801
46038 6068 5763 5 43466 43467 54591 54545 54409
46039 5931 6031 7 43468 43469 49787 50562 51199 51198 54348
46040 6329 6172 6 43470 43471 51567 51566 54509 54393
46041 5413 5399 7 43473 43474 51834 68182 61512 51054 51053
46042 5413 5511 3 43474 43472 51812
46043 5413 5486 8 43472 43473 49653 49655 68363 49593 49595 51084
46044 3896 4088 3 43475 43476 64416
46045 6931 6855 7 43478 43479 44052 49971 49554 44422 44423
46046 7467 6855 5 43481 43478 46519 49601 49615
46047 7467 6931 6 43478 43480 44440 44442 43482 43484
46048 7316 6855 4 43479 43481 49600 44053
46049 6931 6930 7 43482 43483 44422 44476 44475 49091 49514
46050 6931 7010 3 43483 43484 44423
46051 7467 7010 5 43484 43485 46505 46504 46519
46052 7467 6930 3 43485 43482 49515
46053 6458 6113 6 43486 43488 66256 43759 43674 43675
46054 5956 5947 6 43489 43490 53852 54161 54272 51120
46055 5956 6686 3 43490 43491 51744
46056 6668 5947 3 43492 43489 51121
46057 6668 5956 7 43489 43491 43568 43567 54287 54317 51119
46058 6686 5947 9 43490 43492 51233 49960 44765 44766 49811 49784 49786
46059 5140 5112 5 43493 43494 68327 68326 62722
46060 5140 5192 6 43494 43495 67499 67502 67485 67487
46061 5443 5192 5 43495 43496 65465 65574 65573
46062 5443 5140 4 43493 43495 54297 54299
46063 5192 5112 3 43494 43496 65464
46064 4765 4953 6 43497 43498 66407 54667 54668 54605
46065 4919 4953 4 43498 43499 54160 66408
46066 4953 5153 6 43497 43499 54159 66990 66989 54606
46067 6720 6922 3 43500 43501 44300
46068 6379 6665 5 43502 43503 43600 43602 51757
46069 9042 8643 5 43507 43508 58308 155282 155338
46070 9042 3319 4 43506 43507 155359 155358
46071 5210 5119 8 43509 43510 43609 43610 49820 49821 67376 66285
46072 5210 5454 3 43510 43511 51149
46073 4858 5454 8 43511 43512 67147 67148 67007 67008 66236 51150
46074 4858 5119 6 43512 43509 65188 65187 67287 67286
46075 5454 5119 4 43510 43512 67300 54187
46076 6562 7428 4 43513 43514 43529 43528
46077 6452 6272 5 43516 43517 43896 43886 43887
46078 7493 7253 8 43519 43520 52726 43995 43994 52943 53787 53664
46079 7182 7253 7 43520 43521 45405 43978 43979 53024 52727
46080 7182 7188 6 43521 43518 45193 53253 44157 44156
46081 7182 7493 3 43518 43520 45192
46082 7253 7188 3 43519 43521 45404
46083 5728 5119 5 43525 43526 43610 43612 43811
46084 5766 6025 4 43541 43542 53009 53012
46085 6007 6025 7 43544 43541 54492 54472 54433 54100 54078
46086 8223 8528 4 43545 43546 48859 48851
46087 8223 8113 8 43546 43547 49216 44733 44734 48864 49251 48860
46088 8374 8223 6 43545 43547 49247 49246 49318 48850
46089 5611 5969 4 43549 43550 54335 54156
46090 5611 5746 7 43550 43551 66242 67023 51091 51094 54336
46091 5728 5611 5 43549 43551 66241 54244 54155
46092 7718 7155 3 43554 43552 43735
46093 7600 7610 8 43557 43555 49584 49562 44435 44045 44047 44509
46094 7600 7117 4 43555 43556 44327 49581
46095 7531 8062 5 43560 43561 44843 44468 44469
46096 7531 8038 4 43558 43560 45816 45740
46097 8062 7766 3 43559 43561 44362
46098 7814 7971 7 43562 43563 45856 45332 45335 44075 44074
46099 7859 7971 5 43565 43562 45968 45944 45945
46100 7859 7814 6 43562 43564 46610 46616 46667 52933
46101 8043 7971 6 43563 43565 45970 46022 44405 44404
46102 6691 5990 4 43569 43570 44290 54237
46103 6691 6668 6 43570 43567 54232 51087 44306 44288
46104 6691 5956 4 43567 43569 54235 54286
46105 5990 6668 4 43568 43570 44289 44296
46106 7479 8046 3 43571 43573 44284
46107 6142 6109 11 43574 43575 54405 53841 51177 51178 54406 54445 54440 54437 54395
46108 6142 6750 6 43575 43576 54455 54453 54452 54454
46109 6319 6750 5 43576 43577 43691 43632 43633
46110 6319 6109 8 43577 43574 43630 43578 43579 54276 51758 43690
46111 6750 6109 4 43575 43577 43689 53724
46112 4986 5140 6 43580 43581 65567 50945 50948 68326
46113 4986 5172 4 43581 43582 65185 65184
46114 5169 5140 5 43583 43580 62722 54299 54298
46115 5169 4986 4 43580 43582 67218 68328
46116 5172 5140 4 43581 43583 66886 66885
46117 9212 9586 4 43587 43588 153445 153465
46118 9212 9097 7 43588 43589 156702 156703 156887 156857 153446
46119 6136 5893 4 43590 43591 43599 51139
46120 5686 5176 4 43592 43593 67298 65221
46121 5657 6954 8 43594 43595 43652 43712 43747 43818 43709 43710
46122 5657 6291 5 43595 43596 66913 67304 43653
46123 6770 5657 4 43594 43596 66899 43817
46124 5754 5615 7 43597 43598 66862 66996 58235 58234 43692
46125 5893 5615 4 43598 43599 51140 66863
46126 6665 6427 4 43600 43601 43987 43604
46127 6665 6319 5 43601 43602 43690 43691 54154
46128 6379 6319 3 43602 43603 51758
46129 7629 7829 4 43605 43606 53192 45685
46130 7629 7728 4 43606 43607 53098 53191
46131 7787 7728 4 43607 43608 52294 52292
46132 7787 7829 8 43608 43605 45687 45710 52746 51388 51385 51431
46133 7787 7629 5 43605 43607 52850 52851 45686
46134 5686 5210 7 43609 43611 65503 54175 54102 51148 51149
46135 4993 5008 6 43613 43614 66253 66892 66893 66956
46136 5217 5008 6 43614 43615 58259 58020 58021 58225
46137 5176 5211 8 43616 43617 50123 50124 64972 67250 67283 67296
46138 5761 5211 3 43618 43616 66284
46139 5657 5211 7 43617 43618 66283 67304 67314 66111 66110
46140 6494 6461 4 43621 43619 51004 44082
46141 6494 6464 5 43619 43620 54369 51267 51003
46142 5462 5594 3 43623 43624 66488
46143 5462 5810 6 43624 43625 51253 54139 54603 54601
46144 5447 5810 3 43625 43626 51254
46145 5447 5594 8 43626 43623 66490 59236 59235 67612 67611 62257
46146 5447 5462 5 43623 43625 51252 67738 66489
46147 5993 6047 6 43628 43629 54339 54368 54327 54292
46148 6109 6047 4 43630 43628 54294 54395
46149 6319 6047 5 43629 43630 54394 54250 54251
46150 6494 6750 5 43631 43632 54153 54186 54031
46151 6786 6750 5 43633 43631 54033 54043 54455
46152 6126 6172 6 43636 43637 54425 54429 54494 54523
46153 6126 6222 8 43637 43638 49739 51282 54421 53960 53961 54426
46154 5927 6222 3 43638 43639 49741
46155 5927 6172 6 43639 43636 54522 54459 43664 43665
46156 5927 6126 9 43636 43638 49740 53986 53985 45877 45876 54578 54524
46157 3272 3266 5 43640 43642 64302 66581 132149
46158 6274 6372 7 43644 43645 45991 45992 53922 51555 51554
46159 6274 6222 5 43645 43643 54426 54397 54396
46160 6602 6436 4 43649 43650 43672 43736
46161 6436 6493 7 43649 43651 43722 54086 54185 43783 43737
46162 5657 6458 6 43652 43653 66283 43742 43741 43711
46163 7311 7155 6 43654 43655 43735 43999 44906 43846
46164 4189 4311 6 43657 43658 66981 67104 67113 67114
46165 4229 4311 4 43658 43659 66608 66982
46166 4229 4291 4 43659 43656 66839 66607
46167 4229 4189 7 43656 43658 66980 67064 67101 67108 67055
46168 6142 5719 8 43660 43661 54439 54440 54447 54444 54247 54246
46169 6104 5719 3 43661 43662 53740
46170 5856 6172 3 43663 43664 54458
46171 6582 6113 4 43667 43668 43676 43675
46172 6914 6809 7 43671 43673 43708 43707 43859 43680 43679
46173 4657 5539 7 43682 43683 66268 43754 43757 65797 65449
46174 4657 5275 8 43683 43684 66113 66289 66290 65456 65455 66269
46175 4318 5275 7 43684 43685 64395 64397 66247 66245 66114
46176 4318 5539 5 43685 43682 65450 66075 65069
46177 4318 4657 3 43682 43684 65448
46178 5995 6008 5 43687 43688 43702 43703 54210
46179 6292 5995 5 43686 43688 43876 43878 54121
46180 6665 6750 8 43691 43689 53720 53722 53999 43795 43794 54153
46181 6665 6109 5 43689 43690 51757 54281 53723
46182 5243 5457 6 43697 43698 57858 43911 43909 54217
46183 5499 5457 6 43698 43699 54616 54615 67706 57859
46184 5457 5118 4 43697 43699 57679 58954
46185 6124 5966 5 43704 43705 54665 54313 54311
46186 6124 6008 6 43705 43702 54124 51782 50979 50976
46187 6124 5995 6 43702 43704 53842 51787 43877 43876
46188 5966 6008 5 43703 43705 54567 54566 54211
46189 7446 6914 3 43706 43707 43902
46190 6914 7203 5 43706 43708 43776 43774 43903
46191 6744 5657 3 43711 43712 43743
46192 5333 5258 7 43714 43715 68289 68287 68220 68213 54331
46193 5653 5486 4 43716 43713 68201 51752
46194 5653 5333 8 43713 43715 68290 68283 68285 65578 65579 68286
46195 6825 6972 4 43717 43718 43953 43955
46196 6640 6325 5 43720 43721 53162 53161 54099
46197 4300 3795 4 43726 43727 66927 66944
46198 3549 3795 6 43727 43728 66695 58357 58356 58418
46199 4803 6770 3 43730 43731 66903
46200 4017 4480 4 43732 43733 43760 64282
46201 6344 7047 3 43738 43739 52358
46202 6344 6574 8 43739 43740 54085 54083 54105 54208 54087 52359
46203 6815 6344 5 43738 43740 54042 43801 43803
46204 5420 5454 7 43744 43745 65480 65478 66303 67147 67300
46205 5420 5938 5 43745 43746 61725 64697 66195
46206 4452 5119 7 43753 43751 66287 66286 65187 65186 67462
46207 5420 4657 4 43754 43755 66971 66303
46208 5420 4713 8 43755 43756 67212 48825 48823 66200 66199 66972
46209 5539 4713 3 43756 43757 65798
46210 5539 5420 6 43754 43756 67213 67199 65479 65478
46211 4713 4657 6 43755 43757 49578 49577 66320 66319
46212 4228 4838 3 43761 43762 49389
46213 4228 4480 4 43760 43761 65204 64283
46214 3439 4318 5 43764 43765 62889 62876 62875
46215 3958 3439 4 43763 43765 62325 62323
46216 4318 4720 5 43764 43766 48542 66075 62890
46217 5750 5786 5 43768 43769 54554 54556 54518
46218 5786 6122 4 43768 43770 53806 54505
46219 7120 5657 3 43772 43773 43818
46220 6436 7203 4 43775 43776 43855 53790
46221 6319 6104 6 43777 43778 54250 54346 51098 51095
46222 6328 6815 4 43780 43781 54068 54011
46223 6660 6696 5 43782 43779 43960 43961 52970
46224 6660 6328 7 43779 43781 54082 54151 54677 53789 53788
46225 5887 6436 3 43783 43784 54219
46226 8841 8763 3 43790 43788 97096
46227 7762 7538 4 43792 43793 44136 44081
46228 7446 7107 3 43798 43799 43839
46229 6292 6344 5 43800 43801 53713 53711 54065
46230 6292 6815 6 43801 43802 54117 54012 54011 54041
46231 6436 6815 4 43802 43803 54034 54076
46232 6436 6344 6 43803 43800 54067 54086 52359 52358
46233 6436 6292 5 43800 43802 54118 54120 54066
46234 8179 7655 3 43805 43806 44095
46235 8238 7689 4 43807 43804 45194 43972
46236 3244 3914 5 43809 43810 66851 133129 66468
46237 3879 4229 6 43812 43813 66828 66898 62410 62412
46238 5714 5539 6 43814 43815 48950 66153 65479 65481
46239 7091 7086 4 43821 43819 53455 51995
46240 7155 5971 5 43823 43824 43826 43845 43844
46241 7060 7155 5 43823 43825 43985 43843 43842
46242 7269 7531 3 43830 43831 52778
46243 7531 7485 9 43829 43831 52777 53167 53175 45823 45816 44469 44263
46244 6369 7155 5 43832 43833 43844 43842 43841
46245 6975 7110 5 43836 43837 44229 44230 43933
46246 7269 7110 3 43837 43838 45880
46247 6239 6160 6 43847 43848 55972 54780 54689 54690
46248 5950 6239 3 43847 43849 52810
46249 7918 7769 5 43852 43850 44003 45261 45023
46250 8113 7345 5 43853 43854 44249 44401 44733
46251 7308 7589 5 43868 43865 52980 53562 53575
46252 7308 7040 6 43865 43867 53568 53652 53654 52979
46253 7253 7589 6 43866 43868 53576 43993 43994 52942
46254 7191 7091 5 43870 43869 43969 43971 43980
46255 6671 6364 8 43872 43871 51457 51459 52997 51560 51559 55087
46256 6429 6450 8 43875 43873 53812 53829 50827 50829 49068 49070
46257 6429 6451 6 43873 43874 51173 43965 43964 52402
46258 6292 6647 6 43878 43879 54116 54117 54118 54119
46259 6647 6124 5 43877 43879 54115 54399 51788
46260 5423 5295 4 43880 43881 67620 54166
46261 5423 5065 8 43881 43882 58218 58219 66966 67619 67630 67621
46262 5243 5065 3 43882 43883 58267
46263 5243 5295 8 43883 43880 54167 66916 66983 58224 58223 58266
46264 5243 5423 6 43880 43882 66917 54215 43909 43908
46265 6736 6665 3 43891 43892 46458
46266 6972 6711 5 43893 43894 53931 53933 54077
46267 6972 7089 4 43894 43895 43913 52759
46268 5970 6452 4 43896 43897 54253 43898
46269 8508 7423 5 43900 43901 44893 44885 44886
46270 5423 5457 6 43909 43910 67368 59237 59238 54216
46271 5745 5243 4 43911 43908 54167 57950
46272 5745 5423 5 43908 43910 67369 67627 54166
46273 7253 7089 7 43913 43914 43977 43979 52034 52033 52760
46274 7253 7066 6 43914 43912 53664 45404 45405 53630
46275 6061 6254 5 43915 43916 54112 53804 53596
46276 6671 6567 6 43917 43918 55090 51561 51560 53896
46277 6671 6901 6 43918 43919 53926 53793 53794 55098
46278 6640 6901 5 43919 43920 52951 53137 53927
46279 6901 6567 5 43918 43920 52878 52879 55078
46280 6914 7601 3 43927 43929 44902
46281 6588 6723 8 43937 43938 53105 53129 50640 50641 53088 51345
46282 6588 6604 4 43935 43937 51020 51019
46283 6723 6621 4 43936 43938 53104 53660
46284 10062 9679 3 43940 43941 154395
46285 6647 7001 5 43949 43950 53955 46459 46460
46286 6696 6376 7 43957 43958 54435 54059 53159 53160 44001
46287 6786 6696 4 43956 43958 54449 53131
46288 6660 6443 7 43961 43962 53789 54708 53135 43968 43967
46289 6660 6325 3 43962 43960 53788
46290 6470 6429 10 43965 43966 51542 51600 51601 55875 51680 51569 51568 51691
46291 6470 6557 8 43966 43963 51470 51471 51301 51300 51330 51541
46292 6470 6451 3 43963 43965 53067
46293 6429 6557 4 43964 43966 51540 52403
46294 7091 7182 6 43970 43971 52868 53455 53629 43978
46295 7152 6987 3 43976 43974 44087
46296 7091 7253 3 43977 43978 53630
46297 7091 7187 4 43980 43981 51995 52868
46298 7191 7187 7 43982 43980 52706 52704 53094 52925 52924
46299 7283 7516 4 43984 43983 44198 44592
46300 7060 7601 4 43985 43986 44007 44008
46301 6494 6720 3 43988 43989 54152
46302 9031 9098 5 43990 43991 152451 154283 44798
46303 9098 9020 4 43990 43992 44582 44642
46304 7253 7694 4 43995 43993 53001 53002
46305 7589 7701 5 43996 43997 53575 53576 53115
46306 7769 7701 5 43998 43996 53116 53561 53557
46307 7689 7701 4 43997 43998 53451 53452
46308 6696 6711 3 44000 44001 53964
46309 7769 7694 4 44002 44003 45406 53116
46310 7601 7366 5 44005 44006 44007 44033 44043
46311 7538 7359 8 44010 44011 45827 53264 45860 45858 45162 44283
46312 10875 10275 6 44014 44015 155315 155392 155337 133081
46313 10875 11182 5 44015 44016 155169 155311 155312
46314 10633 205 5 44018 44019 142559 142562 155463
46315 10119 205 10 44019 44020 133128 142493 132716 132715 58627 58626 133061 146172
46316 10119 9715 5 44020 44017 142344 142345 133127
46317 10119 10633 4 44017 44019 142652 142654
46318 205 9715 3 44018 44020 133126
46319 8681 7601 3 44021 44022 44723
46320 7951 7601 4 44023 44025 44026 44043
46321 1643 753 5 44028 44029 133252 133612 133024
46322 5486 5921 3 44030 44031 51205
46323 5486 5693 8 44031 44032 68772 49594 49595 51085 51626 51627
46324 8533 8559 6 44035 44036 45025 45358 45200 44952
46325 8533 8524 4 44036 44034 45153 45024
46326 9031 8929 6 44038 44039 152829 154227 154223 44403
46327 9020 8929 5 44039 44040 150770 150771 152589
46328 7917 7610 5 44044 44045 44434 49346 44437
46329 7651 7600 4 44046 44047 44507 44436
46330 7651 7610 5 44047 44044 44439 44639 44510
46331 8528 9098 4 44048 44050 48859 44720
46332 4516 4371 6 44056 44057 64753 64751 65314 48732
46333 4516 4145 4 44057 44058 44277 44278
46334 4451 4516 4 44056 44058 50195 48733
46335 10369 10234 7 44059 44060 153834 153835 154633 154631 154628
46336 10369 10220 6 44060 44061 154629 154678 153948 153947
46337 10019 10220 7 44061 44062 153683 153681 153728 153832 154617
46338 10019 10234 3 44062 44059 154361
46339 5830 5610 5 44063 44065 49881 51809 54377
46340 7831 8000 5 44066 44067 45972 46637 53163
46341 7831 8130 5 44067 44068 45947 45948 45971
46342 7837 8130 6 44068 44069 45784 45782 45783 45923
46343 7837 8000 5 44069 44066 53164 45867 45866
46344 8059 8337 5 44071 44072 46563 46685 46814
46345 7582 7814 5 44073 44074 52933 46538 46536
46346 7831 7814 4 44075 44073 53158 46637
46347 7086 7170 3 44085 44086 44117
46348 7152 7170 8 44087 44085 44118 52936 52872 52871 52974 52973
46349 7851 8092 6 44090 44088 53008 53005 53411 53533
46350 7187 7152 5 44093 44094 51466 51250 51251
46351 7152 7188 5 44092 44094 52137 52930 44118
46352 8659 8726 6 44099 44100 45091 45883 46043 44946
46353 8570 8953 4 44101 44098 45016 44660
46354 8570 8659 4 44098 44100 45039 45015
46355 9188 9320 7 44102 44103 153138 153139 152008 152006 153308
46356 9188 9252 4 44103 44104 46921 153315
46357 9301 9320 4 44105 44102 153298 153297
46358 9252 9320 5 44103 44105 153299 152190 152189
46359 7226 7080 3 44106 44107 44109
46360 7548 7203 3 44111 44112 53558
46361 7170 7394 4 44113 44114 53210 53441
46362 7205 7164 6 44115 44116 54826 55246 55192 53579
46363 9585 9758 4 44119 44120 157855 157853
46364 9737 9758 8 44122 44119 157962 47029 47028 153618 147917 147916
46365 9720 9758 4 44120 44122 153610 153611
46366 5285 5226 8 44123 44124 68176 68185 68273 67970 67971 62229
46367 5285 4943 6 44124 44125 65212 68187 68188 68177
46368 5172 5226 5 44126 44123 62231 65433 65223
46369 5172 5285 6 44123 44125 65211 68293 68297 62230
46370 4943 5226 4 44124 44126 65222 65429
46371 8059 7902 3 44128 44129 46295
46372 8186 7814 3 44130 44131 44375
46373 7538 7766 7 44135 44136 45242 53948 53172 45682 45681
46374 7766 7795 7 44135 44137 45901 45912 44182 44183 44206
46375 7953 8238 6 44138 44139 45123 44985 44983 45194
46376 8238 7854 3 44140 44141 45037
46377 9353 9095 6 44143 44144 150876 152608 152694 152460
46378 8872 9095 6 44144 44145 45535 45534 46058 46067
46379 8872 9353 4 44142 44144 47187 44965
46380 9095 9134 5 44143 44145 150658 45928 45927
46381 7568 7548 6 44146 44147 53585 53246 47408 47406
46382 7568 7446 3 44147 44148 45283
46383 7854 7770 4 44149 44150 44179 45228
46384 7854 7638 6 44150 44151 53469 53107 53108 44180
46385 7066 7182 4 44155 44156 45405 53629
46386 7188 7066 4 44154 44156 45404 53663
46387 7182 7086 4 44155 44157 53456 53455
46388 6735 6925 6 44158 44159 49668 49635 49557 49377
46389 7201 7340 5 44160 44161 51295 51316 51311
46390 7399 7340 6 44162 44160 45977 45979 48653 49502
46391 8559 8535 4 44164 44163 45199 44952
46392 8397 8606 5 44165 44166 45181 45307 45119
46393 5152 5002 4 44167 44168 65743 65730
46394 5152 5168 4 44168 44169 65605 65607
46395 4675 5168 5 44169 44170 64749 48575 48573
46396 4675 5152 8 44167 44169 65516 65515 50024 50023 50208 65701
46397 6720 7001 4 44171 44172 44305 44195
46398 7305 7584 6 44174 44175 46399 52912 54056 49293
46399 7305 7482 4 44175 44173 44367 44368
46400 7762 7968 5 44178 44176 44487 45219 45166
46401 7762 8179 5 44176 44177 45328 45330 44486
46402 7971 7795 3 44181 44182 45763
46403 6773 7031 3 44191 44192 44199
46404 6895 7001 3 44194 44195 44303
46405 7031 7516 6 44198 44196 44257 44426 44463 44585
46406 8070 7919 4 44201 44202 47311 46400
46407 7902 8070 5 44201 44203 46636 46569 46401
46408 6922 7733 4 44204 44205 44308 44316
46409 8130 8363 5 44207 44208 44340 44363 45650
46410 8130 8389 5 44208 44209 45031 44604 44341
46411 8273 8389 6 44209 44210 45084 45586 45087 45089
46412 8389 8363 5 44208 44210 45083 44413 44342
46413 7010 7575 5 44211 44212 49586 49598 45437
46414 7010 7104 5 44212 44213 44391 49501 49582
46415 7015 7575 4 44214 44211 45438 44394
46416 7015 7010 8 44211 44213 44392 49296 51076 51077 51313 45436
46417 7865 8003 5 44215 44216 45273 45272 45403
46418 8193 8043 5 44218 44220 45811 44407 44404
46419 7541 8236 6 44223 44224 49080 49338 49339 49413
46420 7541 7939 5 44224 44225 49294 44676 44674
46421 7912 7939 8 44225 44226 44454 44258 44260 44530 44581 44578
46422 7912 8236 6 44226 44223 49412 49049 49048 47908
46423 7912 7541 4 44223 44225 44619 44618
46424 7939 8236 4 44224 44226 47909 49081
46425 7190 6767 4 44227 44228 51331 51332
46426 6975 7190 4 44227 44229 45879 53109
46427 6912 7541 5 44231 44232 49634 49632 49690
46428 7381 7541 6 44232 44233 44616 44619 49294 49381
46429 7541 6900 4 44231 44233 49627 49682
46430 6346 6158 4 44236 44237 44551 44553
46431 6346 6820 4 44237 44234 49098 49763
46432 6158 6820 4 44235 44237 49830 49810
46433 6699 6781 8 44238 44239 51436 51437 51448 52901 51244 51242
46434 6794 6593 6 44240 44241 44562 50705 50704 50395
46435 6794 6699 3 44238 44240 50394
46436 6593 6781 6 44239 44241 44560 49564 51977 51438
46437 5672 6088 7 44242 44243 54836 54609 54610 54487 54479
46438 5672 5906 5 44243 44244 69782 54764 54765
46439 5860 5906 6 44244 44245 50680 51796 51795 54928
46440 5860 6088 4 44245 44242 54480 50679
46441 5906 6088 4 44243 44245 50678 54861
46442 8120 8425 7 44247 44248 46302 46303 46405 49324 46520
46443 8120 8017 6 44248 44246 44689 46139 47714 46554
46444 8081 8069 3 44251 44253 44608
46445 7733 8040 3 44255 44256 44525
46446 7917 7912 6 44259 44260 44438 44437 49427 44532
46447 8035 7485 4 44262 44263 44467 44470
46448 7531 8035 5 44261 44263 44468 45158 44286
46449 7548 7766 3 44265 44264 44842
46450 4702 3857 5 44266 44267 65535 48684 48687
46451 6686 7010 4 44269 44270 48702 48703
46452 6925 6668 3 44271 44268 49557
46453 6925 6686 5 44268 44270 49558 49649 49635
46454 7010 6668 6 44269 44271 44307 44306 44709 44711
46455 6532 6406 4 44272 44273 50014 49762
46456 6532 6725 5 44273 44274 50138 50013 50012
46457 6820 6532 8 44272 44274 50288 50393 49947 49948 49096 49098
46458 6725 6406 6 44273 44275 49448 50720 50719 50015
46459 4516 4325 8 44276 44277 50195 50194 65234 49807 49805 66074
46460 4216 4325 4 44279 44276 66073 64942
46461 4216 4516 4 44276 44278 64753 64750
46462 4145 4325 5 44277 44279 64921 64920 64991
46463 6773 7015 3 44280 44281 53049
46464 7015 6899 5 44280 44282 44392 44393 52770
46465 7479 7551 5 44284 44285 44901 44903 44907
46466 6668 6735 5 44288 44289 44297 49557 44307
46467 6059 5994 3 44291 44292 65765
46468 5299 5245 8 44295 44293 65612 49107 49109 65603 50048 50047
46469 5299 5168 5 44293 44294 50894 62256 65610
46470 6686 6735 4 44297 44298 49667 49635
46471 7031 6720 7 44299 44300 44328 44330 44333 44305 44301
46472 7031 7001 6 44302 44303 44305 44332 44318 44304
46473 7600 7790 5 44312 44310 44508 44436 44396
46474 7575 7790 4 44311 44312 44395 45825
46475 7117 7345 4 44313 44314 49692 49396
46476 7031 6903 5 44317 44318 44339 44335 44319
46477 8725 8688 6 44320 44321 48293 44566 44569 49014
46478 8031 8688 5 44323 44320 49181 44450 44452
46479 8031 8725 4 44320 44322 46335 46334
46480 8449 8688 7 44321 44323 46326 48794 48796 46190 46189
46481 7215 7426 7 44324 44325 49893 48789 47970 47971 48844
46482 6694 7426 5 44325 44326 49428 49399 49398
46483 7426 7399 8 44324 44326 45978 45979 46437 46319 45916 45915
46484 7031 6626 4 44328 44329 44338 44331
46485 7031 6628 5 44330 44331 44336 44335 44334
46486 7031 6719 4 44332 44333 44334 44339
46487 8624 7718 3 44343 44344 44429
46488 7333 7516 3 44347 44345 44522
46489 7750 7461 6 44352 44353 52448 52449 52304 52303
46490 7750 7529 5 44350 44352 52806 53263 52293
46491 7461 7728 4 44351 44353 52536 51479
46492 7252 7081 7 44356 44354 46657 46656 51317 51314 51312
46493 8296 8287 5 44358 44359 46027 45903 45902
46494 8062 8296 5 44357 44359 46026 44986 44987
46495 8038 7953 3 44360 44361 45337
46496 8059 8363 3 44363 44364 46563
46497 7264 7480 6 44365 44366 45930 45322 45321 52856
46498 7305 7480 6 44368 44365 52858 52859 52911 46399
46499 7305 7264 5 44365 44367 49452 51203 53959
46500 8038 7485 4 44369 44370 45816 45822
46501 8913 8774 5 44379 44380 150967 49252 49046
46502 8913 8236 3 44378 44379 49045
46503 8073 8221 8 44381 44383 48222 48224 49331 49313 49312 45919
46504 7917 8120 3 44385 44386 45990
46505 8402 8052 5 44387 44388 44644 46011 44483
46506 7575 7305 6 44389 44390 54048 49293 49292 44394
46507 11013 10506 4 44398 44399 146095 154472
46508 10402 11058 6 44400 44397 153875 153874 132513 132512
46509 7345 7939 6 44402 44401 44677 44676 49382 44615
46510 7971 8250 9 44405 44406 45951 45762 45763 45846 45170 45168 46021
46511 8193 7971 6 44404 44406 45850 45849 46144 45856
46512 9183 8872 3 44409 44410 152700
46513 9057 8966 5 44411 44408 46072 46074 45070
46514 9057 9183 5 44408 44410 152195 152194 152690
46515 8872 8966 6 44409 44411 45069 46956 46955 46954
46516 8531 8052 4 44415 44416 45786 46011
46517 9616 9853 8 44417 44418 152386 152389 150703 150701 152198 152199
46518 9616 9649 6 44418 44419 151726 151724 152105 152491
46519 9803 9649 4 44419 44420 104102 104620
46520 9649 9853 6 44418 44420 104100 151900 151754 151752
46521 7010 6855 10 44423 44424 48703 44711 44710 51077 51315 49573 49572 46519
46522 6855 6930 3 44422 44424 48701
46523 6552 6251 3 44430 44431 45245
46524 6390 6474 3 44432 44433 50555
46525 6474 6251 5 44431 44433 51169 51171 45247
46526 7584 7610 4 44434 44435 49552 49347
46527 7912 7651 3 44438 44439 44530
46528 7912 7610 6 44439 44437 49424 49361 44580 44581
46529 6931 7117 4 44441 44442 49514 48063
46530 7467 7117 7 44442 44443 49353 49418 46506 46505 49515
46531 7117 7381 6 44441 44443 49351 49380 49396 48064
46532 9744 9805 4 44446 44444 154121 154055
46533 9744 9549 8 44444 44445 153688 154110 154206 155262 154139 154120
46534 8164 8031 3 44450 44451 49363
46535 7660 8031 7 44451 44452 46327 48876 48866 48867 48868
46536 7660 8688 3 44452 44449 46326
46537 7660 8164 9 44449 44451 49362 49404 44671 44636 44635 48846 49039
46538 11661 876 10 44457 44458 151205 133805 133808 146480 150864 150865 150980 150981
46539 11661 8782 4 44458 44459 150565 151204
46540 6478 876 5 44460 44457 134012 133997 133998
46541 6478 11661 4 44457 44459 150243 150242
46542 8782 876 4 44458 44460 134020 151081
46543 6930 6686 5 44476 44473 49558 48702 48701
46544 9525 9666 4 44479 44480 152869 152874
46545 8402 8309 6 44481 44483 45854 45855 46092 45812
46546 8721 8891 4 44488 44489 45529 45527
46547 8721 8825 7 44489 44490 46986 46973 46970 45829 45828
46548 8585 8734 5 44492 44493 46091 46090 46991
46549 8872 8585 5 44492 44494 45286 45832 46992
46550 8086 7902 4 44495 44496 46401 46402
46551 9877 9800 5 44500 44501 153809 153893 146856
46552 9487 9383 4 44502 44503 154238 154196
46553 9487 9578 7 44503 44504 154360 154258 154234 154235 154239
46554 9713 9578 5 44504 44505 46049 44951 44948
46555 9713 9383 5 44505 44502 154182 132938 46048
46556 9713 9487 6 44502 44504 154240 152599 152600 152807
46557 9578 9383 7 44503 44505 46047 44803 44802 154117 154210
46558 7600 7733 5 44507 44508 44541 44511 44509
46559 9121 8958 3 44513 44514 46055
46560 8994 9158 3 44515 44516 46054
46561 8821 8686 5 44517 44518 154004 44914 44915
46562 8258 8774 5 44526 44527 49371 49337 49336
46563 8258 8595 6 44527 44528 49340 46017 46015 49372
46564 8707 8595 3 44528 44529 49154
46565 8707 8258 6 44526 44528 49276 49020 48786 48785
46566 8595 8774 4 44527 44529 49153 49156
46567 8623 8928 3 44536 44537 44679
46568 8876 8623 7 44535 44537 49071 48811 46212 46211 46289
46569 7733 7588 3 44538 44539 44541
46570 9823 354 4 44544 44545 48890 48375
46571 11740 9458 3 44546 44543 155176
46572 354 9458 4 44544 44546 155166 48376
46573 7923 8165 4 44547 44548 48644 48226
46574 9691 9750 5 44557 44558 48013 48015 106081
46575 9937 9750 6 44558 44559 105567 150747 105063 105060
46576 9937 9821 5 44559 44556 151621 105550 105548
46577 9937 9691 6 44556 44558 105051 105053 151588 151639
46578 9750 9821 4 44557 44559 105566 105571
46579 6553 6593 5 44562 44560 49566 51581 51361
46580 6553 6781 4 44560 44561 50647 49565
46581 9655 9525 4 44563 44565 148574 151888
46582 8902 8725 4 44566 44567 48294 48291
46583 8688 8902 4 44566 44568 46413 48292
46584 9098 9871 4 44575 44572 154261 151007
46585 9098 9315 5 44572 44574 151037 151041 154264
46586 9129 9871 8 44573 44575 151008 155160 150723 150721 150845 150851
46587 9730 9775 5 44577 44576 44922 153650 147489
46588 7381 7939 5 44578 44579 49378 49382 49294
46589 7381 7610 5 44579 44580 49352 49351 49379
46590 7912 7381 5 44578 44580 49360 44617 44619
46591 7610 7939 4 44579 44581 44639 44640
46592 7802 7829 5 44589 44590 45709 45687 45685
46593 8057 7829 3 44590 44591 53325
46594 8057 7778 8 44591 44588 52702 52703 53319 53281 53280 53328
46595 7829 7778 6 44589 44591 53326 46673 46672 53192
46596 6342 7923 3 44595 44593 48637
46597 6749 7923 8 44594 44595 48669 48680 48324 48323 48646 48226
46598 8894 9129 6 44599 44600 151068 49168 49118 48212
46599 9129 8998 5 44598 44600 151018 150844 150843
46600 8939 8876 5 44601 44602 49071 45700 45617
46601 8939 8928 8 44602 44603 151640 152572 49239 49238 44680 44679
46602 9095 8939 5 44601 44603 44820 44819 44823
46603 8206 8081 4 44605 44607 44666 44627
46604 6623 6478 5 44609 44610 65736 49148 49142
46605 7073 6623 8 44609 44611 49707 45097 45099 44763 44762 49143
46606 9557 9827 6 44612 44613 147904 150971 150969 152517
46607 9640 9827 6 44614 44612 152519 152328 152242 152243
46608 9624 9827 6 44613 44614 152263 152260 148446 147906
46609 7541 7509 7 44616 44618 49413 49344 49218 49217 49627
46610 9680 9592 6 44620 44621 152741 152743 152915 150985
46611 9484 9592 7 44621 44622 153351 153335 152297 152299 152870
46612 8402 8323 6 44624 44625 45508 49009 46012 44644
46613 8236 8164 4 44630 44628 49339 49414
46614 8236 8228 7 44628 44629 49051 49050 48392 48391 49338
46615 7452 11923 3 44631 44632 48496
46616 6694 6820 3 44634 44633 49449
46617 8164 8005 4 44636 44637 46016 44672
46618 8595 7660 3 44638 44635 48847
46619 8005 7660 5 44636 44638 48853 48849 44673
46620 8994 8719 7 44645 44646 46060 46031 46032 153323 46953
46621 8872 8719 6 44648 44645 46955 46957 46995 45832
46622 8726 8719 7 44646 44648 45831 45833 45834 45882 45883
46623 8295 8284 4 44653 44654 44678 46025
46624 8206 8187 5 44655 44656 44692 44666 44665
46625 8762 8953 9 44659 44660 45965 44875 44789 44788 104628 104626 46041
46626 8726 8762 5 44659 44661 45922 46002 46042
46627 8187 8040 4 44662 44663 44664 44665
46628 8544 8958 4 44669 44667 46057 45067
46629 7660 7560 5 44673 44671 49405 49931 48848
46630 7541 8223 6 44674 44675 46451 49043 49042 49080
46631 7939 8223 5 44677 44674 49081 49247 49216
46632 7345 8223 5 44675 44677 44733 44735 46453
46633 9315 9632 3 44684 44685 151065
46634 9993 9632 5 44685 44686 152906 150894 150893
46635 9993 9511 5 44686 44683 151022 151023 154466
46636 8017 7783 7 44687 44689 46138 46428 49445 50488 49530
46637 8335 7654 7 44690 44691 44838 44840 45136 44847 44845
46638 9625 10252 5 44694 44695 152647 151048 44971
46639 9418 10252 3 44695 44696 152648
46640 10252 9919 10 44694 44696 154267 155196 154051 154050 154940 153779 153780 44972
46641 8739 8597 5 44697 44698 46853 45791 45789
46642 10108 9902 5 44699 44700 146816 154038 152789
46643 10353 9902 3 44700 44701 146817
46644 9902 10185 7 44699 44701 153885 154428 154480 154046 152790
46645 5752 10437 7 155964 155965 155987 132993 44703 44705 -1
46646 8284 8528 3 44706 44707 46018
46647 6619 6668 7 44708 44709 51087 54231 54317 49962 49963
46648 6619 7010 4 44709 44710 51076 51088
46649 6855 6619 6 44708 44710 51075 49790 49792 51090
46650 9688 9632 4 44713 44714 152492 152555
46651 8508 9549 7 44717 44719 153920 153919 154061 152727 152726
46652 7565 7814 3 44725 44726 48784
46653 7584 7565 6 44725 44727 49347 49442 48856 48855
46654 8258 8262 3 44730 44731 49015
46655 7899 8175 7 44732 44729 49277 48986 48988 49356 49359
46656 7099 6900 6 44737 44738 49619 49689 49682 49394
46657 7099 6969 4 44736 44737 49393 49926
46658 8368 8743 3 44739 44740 44778
46659 8657 8459 4 44742 44743 49304 44746
46660 8657 8628 5 44743 44744 49242 49236 49235
46661 8629 8459 6 44745 44742 44747 46290 46467 46465
46662 8628 8459 6 44743 44745 46100 46101 46464 49232
46663 8459 8623 8 44746 44747 46289 49159 49008 49007 48969 48968
46664 7013 7386 3 44748 44749 49031
46665 7899 7150 3 44750 44751 49356
46666 7899 7386 6 44751 44748 49032 49128 49138 49359
46667 8623 8531 5 44752 44753 49056 48812 46212
46668 8623 8402 4 44753 44754 49008 49009
46669 8544 8402 6 44754 44755 45855 46119 46118 46282
46670 8544 8623 4 44752 44754 49159 46211
46671 8402 8531 5 44753 44755 45854 46011 46012
46672 10050 10108 7 44759 44760 154153 154083 154084 155278 154619
46673 8565 7981 4 44768 44769 44771 44777
46674 7563 8368 3 44770 44767 49018
46675 7563 8565 5 44767 44769 44772 154946 49017
46676 9056 8743 4 44780 44781 155203 44782
46677 9630 9918 5 44784 44785 152744 152746 154333
46678 10413 10314 6 44790 44791 154388 154515 154455 154454
46679 10269 10085 5 44792 44793 154382 154329 154330
46680 10269 10314 4 44793 44790 154517 154381
46681 8967 8885 6 44795 44796 46040 46950 46908 46910
46682 8967 8891 4 44796 44794 46751 46039
46683 8967 8863 7 44794 44795 46998 47013 152097 47047 46750
46684 9031 9215 3 44797 44798 154274
46685 9186 9244 4 44799 44800 152485 44943
46686 9408 9186 4 44799 44801 154279 44944
46687 9836 9578 3 44803 44804 154191
46688 10334 10245 6 44806 44807 49223 49221 150509 150507
46689 10270 10418 6 44808 44805 147392 147391 148105 153734
46690 10270 10334 3 44805 44807 146898
46691 10245 10418 8 44806 44808 153733 146848 146847 154365 154364 153798
46692 10116 10226 9 44809 44810 154328 154252 154251 154272 154074 154075 152447
46693 10116 9882 5 44810 44811 151049 151050 154326
46694 9713 9882 6 44811 44812 154042 154063 148547 148546
46695 9713 10226 5 44812 44809 44950 44951 153897
46696 9713 10116 4 44809 44811 154164 152448
46697 9882 10226 4 44810 44812 154041 154132
46698 9462 9682 7 44813 44814 156847 156856 153913 153914 156820
46699 9462 9212 5 44814 44815 156915 156857 156848
46700 9565 9212 4 44815 44816 156829 156885
46701 9565 9682 6 44816 44813 155305 153927 153929 156828
46702 9565 9462 5 44813 44815 156914 153482 153484
46703 9212 9682 4 44814 44816 156713 156712
46704 9433 9095 5 44818 44819 44822 45927 152460
46705 8939 9321 6 44820 44817 45516 46107 46106 151640
46706 8939 9433 5 44817 44819 44821 152482 45515
46707 9095 9321 6 44818 44820 49176 49175 152596 152694
46708 9006 8939 5 44823 44821 152458 45701 45617
46709 9006 9433 4 44821 44822 45926 46020
46710 8570 8509 7 44824 44825 44976 45966 45016 45015 45040
46711 8335 8520 5 44826 44827 44942 44830 44829
46712 8335 8181 6 44828 44829 44831 45107 44840 44841
46713 10633 9757 6 44832 44833 142651 142654 154068 155498
46714 10391 10633 3 44832 44834 155499
46715 8335 8025 3 44838 44839 44841
46716 8335 7479 3 44844 44845 44846
46717 10698 10111 6 44848 44849 155368 155679 155491 155492
46718 10192 10111 6 44849 44850 141927 155564 155221 155222
46719 8334 8659 4 44852 44853 45164 45648
46720 8384 8659 6 44853 44854 45779 45778 45773 45165
46721 8384 8361 3 44854 44851 45888
46722 8659 8361 7 44852 44854 45881 45091 45039 45038 45160
46723 8334 8533 4 44856 44857 45649 45164
46724 8431 8334 6 44855 44857 45835 45895 45892 45140
46725 9891 9304 5 44858 44859 58742 154888 142253
46726 9876 8724 5 44860 44861 156844 155668 58349
46727 9710 9623 3 44864 44865 153951
46728 9399 4901 3 44867 44868 154133
46729 9399 5367 6 44868 44869 155266 132969 132760 132761
46730 8643 9399 8 44867 44869 155267 155268 154834 154831 155391 154134
46731 8508 8362 4 44870 44871 44876 44872
46732 8624 8702 3 44873 44874 45050
46733 9050 8850 6 44878 44877 154112 154138 133269 133267
46734 9021 9107 7 44883 44884 153173 153127 152720 152718 153513
46735 9021 9188 5 44884 44882 153210 153324 153310
46736 9021 9239 4 44882 44883 153497 153209
46737 9919 9159 4 44892 44891 155285 151034
46738 10276 11242 4 44895 44896 154116 155228
46739 7 10276 4 44894 44896 133482 133481
46740 11084 10643 4 44897 44898 49011 48992
46741 11084 6534 4 44898 44899 132968 155052
46742 5367 10643 4 44900 44897 48994 155227
46743 5367 11084 6 44897 44899 132760 132762 155030 48993
46744 6534 10643 9 44898 44900 155212 155031 154999 154998 155197 155260 155053
46745 7551 7155 3 44904 44905 44906
46746 7551 7446 4 44907 44908 44910 44909
46747 8821 8673 3 44912 44913 44915
46748 8929 8686 3 44916 44914 154006
46749 9623 9730 6 44921 44922 153670 46050 46052 153931
46750 9800 9491 5 44923 44924 145644 153889 153915
46751 9704 9874 3 44925 44926 153753
46752 9840 9775 4 44927 44928 153594 152706
46753 9840 9704 5 44925 44927 152705 153631 153708
46754 9775 9874 6 44926 44928 153607 153604 153803 153950
46755 8821 8046 3 44929 44930 44931
46756 8702 8524 4 44932 44933 45122 45120
46757 7802 7865 5 44935 44936 53228 53283 53217
46758 7795 7727 4 44937 44934 53207 45770
46759 7795 7802 4 44934 44936 53229 53333
46760 7865 7727 5 44935 44937 45771 45689 45688
46761 9299 9408 5 44944 44945 152685 150564 150563
46762 9244 9299 5 44943 44945 46001 45955 45957
46763 9924 9578 8 44948 44949 153849 154019 154352 154358 154356 154360
46764 9713 9924 5 44948 44950 152448 154163 154240
46765 10226 9578 4 44949 44951 153871 153850
46766 8899 9253 5 44955 44953 152619 157048 152026
46767 8899 9108 3 44953 44954 152618
46768 9546 9347 3 44956 44957 44958
46769 9296 9546 7 44959 44958 152717 153423 156685 156896 153241
46770 8926 8846 7 44960 44961 153151 45456 45457 45475 45476
46771 8926 8659 6 44962 44963 45473 45475 45482 44966
46772 8992 8659 3 44964 44962 44968
46773 9011 8992 6 44967 44968 44988 44989 153799 153962
46774 9011 8926 5 44966 44967 153740 153129 45483
46775 9847 9975 5 44969 44970 147521 152355 152867
46776 10252 9882 4 44971 44972 154007 151050
46777 9875 9801 5 44973 44974 153142 153143 157822
46778 10007 9801 4 44975 44973 157817 157457
46779 8594 8509 5 44976 44977 45997 45998 46019
46780 8380 8524 4 44979 44980 45153 45007
46781 8380 8659 6 44980 44981 45161 45160 45648 45154
46782 8179 7953 5 44982 44983 45327 45328 45329
46783 8899 9090 6 44998 44999 45517 45520 156710 153541
46784 8898 9038 5 45000 44997 45076 157578 157923
46785 9090 9038 4 44998 45000 58601 58602
46786 8039 8153 3 45002 45003 45691
46787 8726 8531 4 45005 45006 46014 45460
46788 10459 10290 5 45011 45012 148087 148433 146769
46789 10459 10334 5 45010 45011 146768 152210 152866
46790 7599 7286 5 45017 45018 51624 52220 53387
46791 8659 8533 7 45024 45025 45469 45471 45165 45164 45154
46792 8570 8360 4 45027 45026 45090 45176
46793 8334 8203 5 45028 45029 45197 45792 45794
46794 8380 8334 7 45028 45030 45894 45835 45649 45648 45795
46795 7020 6679 5 45033 45034 54024 51042 51040
46796 7020 6840 5 45034 45035 53113 53111 54023
46797 6755 6840 5 45035 45036 51349 51048 51046
46798 6755 6679 7 45036 45033 52860 53119 51507 51504 51442
46799 8509 8361 4 45038 45040 45781 45159
46800 9544 9596 7 45043 45044 157079 157551 157106 155888 155887
46801 9790 9596 7 45044 45045 156560 147806 147803 157546 157081
46802 9790 9544 3 45042 45044 157080
46803 9596 9580 3 45043 45045 156559
46804 8344 8397 4 45047 45048 45204 45205
46805 9460 9416 5 45053 45054 157809 157810 156897
46806 9520 9460 4 45053 45055 157158 156898
46807 8898 8954 5 45056 45058 45077 157063 45076
46808 8781 8899 3 45057 45059 45599
46809 8092 8136 5 45063 45064 53517 53520 53545
46810 8220 8092 4 45062 45064 53503 45398
46811 8872 8531 3 45068 45066 45460
46812 9175 9467 5 45071 45072 152801 152799 157955
46813 9166 9287 4 45073 45074 157917 155637
46814 9166 9467 5 45074 45071 153124 153126 157958
46815 9166 9175 7 45071 45073 155636 152762 45453 45452 157966
46816 9287 9467 6 45072 45074 157959 153087 153085 153376
46817 8942 8954 5 45077 45078 46732 46733 157064
46818 8954 9021 5 45079 45080 152720 152719 45500
46819 8954 8924 8 45080 45081 45499 157975 157976 158038 45430 45431
46820 8298 8319 3 45085 45086 45568
46821 8334 8273 4 45087 45088 45711 45661
46822 8537 8564 3 45092 45093 45100
46823 6797 6623 4 45096 45097 49706 66047
46824 7235 6623 7 45099 45096 66056 49030 48554 48553 48967
46825 7807 7917 5 45101 45102 45824 45871 45172
46826 8052 7807 4 45101 45103 45211 45171
46827 8805 8559 3 45105 45104 45308
46828 8606 8790 3 45108 45109 45112
46829 8606 8627 5 45111 45112 45113 45114 45128
46830 8122 8376 4 45125 45126 45620 45530
46831 8105 8376 4 45126 45127 45185 45184
46832 8564 8627 5 45128 45129 45130 45131 45134
46833 8564 8805 3 45133 45134 45135
46834 8238 7654 3 45136 45137 45138
46835 8418 8504 4 45143 45145 45590 46861
46836 7217 7218 6 45149 45146 52947 53942 53941 53937
46837 7308 7218 6 45147 45149 52797 52799 53938 53204
46838 7953 7689 4 45150 45152 45194 45327
46839 7953 8035 4 45155 45156 45158 45157
46840 7359 7209 5 45162 45163 45861 45239 45236
46841 7769 7762 4 45166 45167 53557 45218
46842 7971 8203 3 45169 45170 45845
46843 7807 7859 7 45171 45172 45666 45664 45969 45944 45210
46844 8039 7719 6 45174 45175 53311 53312 53586 53502
46845 8039 7815 4 45173 45174 53290 53288
46846 7317 7102 4 45178 45179 45251 53581
46847 8310 8299 4 45182 45183 45769 45756
46848 8310 8105 4 45183 45184 45754 45755
46849 8082 8092 4 45186 45187 45368 51357
46850 8003 8082 4 45186 45188 45262 51358
46851 7287 7367 5 45189 45190 53560 53584 53600
46852 7367 7317 4 45189 45191 45736 53491
46853 7182 7474 5 45193 45192 52727 53248 53252
46854 8107 8203 4 45197 45198 45780 45793
46855 8614 8559 5 45199 45200 45357 45347 45292
46856 8003 7694 7 45206 45208 53587 45270 45272 45402 52921
46857 8038 7859 4 45212 45210 45945 45213
46858 7949 7975 3 45215 45216 45414
46859 7769 7998 5 45217 45218 53561 45406 45261
46860 8248 8075 5 45221 45222 45259 45371 53548
46861 8014 8125 7 45223 45224 46613 47336 47337 46572 46573
46862 8014 8139 7 45224 45225 47398 47507 47785 47488 46614
46863 8086 8014 4 45223 45225 45821 45818
46864 8139 8125 3 45224 45226 46615
46865 8739 8625 5 45231 45232 45791 46088 45761
46866 8739 8585 5 45232 45230 46994 45787 45789
46867 8739 8674 4 45230 45231 45759 46985
46868 7290 7191 3 45237 45238 53165
46869 7359 7290 4 45236 45238 45859 45858
46870 8650 8319 4 45240 45241 45439 45313
46871 6288 6684 4 45243 45244 51953 55589
46872 6474 6226 6 45246 45247 50709 49415 49416 50576
46873 6079 6457 6 45252 45253 54779 54777 56761 52964
46874 6079 6239 7 45253 45254 54639 54885 53626 51354 51355
46875 6456 6079 4 45252 45254 54638 52965
46876 8319 8379 4 45256 45257 45325 45389
46877 8132 8434 5 45260 45258 45294 45293 45296
46878 7546 7878 4 45263 45264 52957 52958
46879 7851 7878 3 45265 45263 53259
46880 7546 7838 3 45266 45267 53507
46881 7612 7546 7 45266 45268 53282 53291 53256 53255 53284
46882 7694 7744 7 45270 45271 45868 52059 53303 53304 53588
46883 7694 7865 4 45271 45272 45401 45869
46884 8003 7744 4 45273 45270 53231 53124
46885 7865 7744 6 45271 45273 53123 45771 45772 45870
46886 7694 7727 3 45274 45275 53303
46887 7719 7727 4 45275 45276 53238 53239
46888 7599 7656 7 45280 45281 53241 52217 52216 53444 45400
46889 7949 8026 7 45290 45289 45414 53516 53519 53409 53410
46890 8614 8519 3 45291 45292 45346
46891 6834 6987 3 45297 45298 53470
46892 8847 8659 7 45299 45300 46069 45484 45482 45494 45496
46893 8847 8860 5 45300 45301 45390 153494 46068
46894 8772 8860 6 45301 45302 45647 45777 45574 45391
46895 8772 8659 5 45302 45299 45498 45778 45646
46896 8860 8659 4 45300 45302 45645 46061
46897 7878 7966 4 45303 45304 53476 53475
46898 7873 7815 3 45305 45306 53506
46899 7873 7966 5 45306 45303 53508 53449 53450
46900 7873 7878 7 45303 45305 53259 52958 52959 53433 53511
46901 8397 8805 6 45307 45308 45310 45480 45311 45309
46902 8590 8650 7 45313 45314 45448 45446 45547 45595 45570
46903 8590 8434 3 45314 45315 45341
46904 8319 8590 6 45313 45315 45340 45571 45568 45567
46905 8694 8846 6 45317 45318 45392 45470 45495 45536
46906 7318 7169 9 45319 45320 52861 52791 52790 53893 51483 51484 51485
46907 7480 7169 4 45322 45319 45940 45929
46908 7480 7318 7 45319 45321 52855 52859 45815 45814 45875
46909 8379 8220 3 45326 45325 45370
46910 8287 7762 3 45331 45330 45758
46911 7971 8000 5 45334 45335 45972 45848 45849
46912 7971 8059 3 45332 45334 46144
46913 8000 7814 5 45333 45335 46637 53114 46595
46914 7728 7722 6 45339 45338 46806 46805 46808 52536
46915 8220 8028 3 45348 45349 53504
46916 8590 8719 4 45351 45352 45644 45765
46917 9168 9365 6 45353 45354 46918 46919 153330 153228
46918 9287 9365 5 45356 45353 153230 153207 152163
46919 9287 9168 6 45353 45355 153520 147986 147987 153229
46920 8846 8559 5 45357 45358 45472 45476 45360
46921 8846 8533 4 45358 45359 45392 45469
46922 8075 7918 3 45363 45364 53495
46923 8136 8075 3 45371 45372 53540
46924 9505 9287 4 45374 45375 152163 46532
46925 9344 9287 4 45375 45376 153272 153207
46926 9344 9521 8 45376 45373 153105 153106 157617 158006 157943 157918
46927 9344 9505 3 45373 45375 153206
46928 9287 9521 5 45374 45376 153451 153452 46533
46929 9175 9264 3 45377 45378 155636
46930 8319 8233 4 45386 45387 45388 45389
46931 8723 8694 6 45396 45397 45412 45413 45511 45536
46932 8431 8723 4 45395 45397 45447 45449
46933 7694 7998 6 45401 45402 45407 45406 53218 53219
46934 7998 7865 5 45401 45403 45677 45676 53227
46935 8115 7703 5 45415 45416 53492 53037 53038
46936 7966 8153 5 45418 45419 53220 53509 53301
46937 8153 7930 8 45418 45420 53513 51328 51327 53321 53020 53019
46938 7851 7484 3 45422 45423 53296
46939 8756 9006 4 45426 45427 152459 45701
46940 9168 8924 3 45429 45430 158036
46941 8954 9107 3 45431 45428 152720
46942 8954 9168 7 45428 45430 158039 157981 153244 153245 152719
46943 7802 8100 5 45432 45433 45709 53324 53233
46944 7802 7787 5 45433 45434 53189 45686 45687
46945 7837 7787 5 45434 45435 45867 53187 53186
46946 7837 8100 5 45435 45432 45785 45784 45866
46947 7837 7802 7 45432 45434 53190 53334 53229 53228 53232
46948 7787 8100 4 45433 45435 45865 45710
46949 7575 7252 4 45437 45438 49292 49291
46950 8711 8853 4 45441 45442 45502 45504
46951 8650 8723 4 45449 45446 45510 45488
46952 8942 9166 5 45453 45454 157876 147764 147761
46953 8926 8847 5 45457 45455 152827 45483 45482
46954 8926 9058 4 45455 45456 153149 152826
46955 9810 9707 6 45461 45462 152250 103355 103354 145484
46956 9810 9986 7 45462 45463 153273 157804 158598 104031 104029
46957 9888 9707 5 45464 45461 158301 152259 152258
46958 9888 9810 4 45461 45463 147406 147404
46959 9986 9707 4 45462 45464 153277 152251
46960 9364 9373 4 45465 45466 150929 152535
46961 9364 9170 9 45466 45467 152579 152529 152515 152499 152500 152505 150930
46962 9222 9364 6 45465 45467 152580 152581 152584 152536
46963 9170 9373 3 45466 45468 150931
46964 8846 8659 5 45469 45470 45494 45475 45472
46965 8694 8659 5 45470 45471 45773 45498 45496
46966 8926 8559 4 45473 45474 45477 45476
46967 8519 8805 4 45478 45479 45481 45480
46968 8847 9011 4 45483 45484 46070 153128
46969 8332 8418 4 45487 45485 46825 46795
46970 9134 9006 4 45491 45492 45928 45926
46971 8958 9145 6 45493 45490 152462 152649 152631 152613
46972 9006 9145 5 45491 45493 152459 152458 46020
46973 8694 8847 4 45495 45496 45497 45511
46974 8853 8950 7 45503 45504 46681 46494 46495 46949 46909
46975 8711 8885 4 45505 45502 46231 46983
46976 8950 8885 4 45503 45505 46982 46910
46977 8459 8323 4 45508 45509 46439 49007
46978 9610 9767 4 45514 45512 153767 153768
46979 9610 9710 7 45512 45513 153627 153752 153867 153869 153884
46980 8899 9046 3 45517 45518 45519
46981 8991 9090 3 45520 45521 156711
46982 8590 8683 6 45523 45524 45526 45582 45598 45584
46983 8436 8590 4 45522 45524 45525 45572
46984 8273 8301 4 45531 45532 45714 45713
46985 9095 8958 3 45535 45533 150658
46986 8721 8674 5 45537 45538 46970 46972 46968
46987 8797 8674 4 45538 45539 46980 46971
46988 8543 8418 4 45540 45541 45575 45576
46989 8658 8573 5 45544 45546 45609 45611 46161
46990 7736 7719 3 45551 45552 52989
46991 7444 7622 4 45557 45558 51641 51642
46992 7747 7622 4 45560 45557 53177 53278
46993 7747 7444 4 45557 45559 51877 52935
46994 7736 7622 7 45558 45560 53355 53354 53364 53404 53222
46995 8863 8568 3 45561 45563 46866
46996 8504 8815 3 45562 45564 46865
46997 8349 8590 4 45567 45569 45594 45570
46998 8155 8071 5 45577 45578 48095 47818 47817
46999 8155 8527 5 45578 45579 95568 50256 50254
47000 8788 8527 8 45579 45580 48453 48454 48396 48397 48762 48763
47001 8788 8071 3 45580 45577 47998
47002 8788 8155 6 45577 45579 96727 96728 96355 47997
47003 8527 8071 5 45578 45580 48114 48115 96406
47004 8590 8647 6 45582 45583 45594 45595 45596 45601
47005 8389 8384 4 45585 45586 45662 45658
47006 7137 7447 5 45588 45589 53415 53414 54976
47007 7205 7137 6 45587 45589 53418 53417 55215 54826
47008 8301 8337 7 45591 45592 45714 45715 45716 46822 46899
47009 8590 8898 4 45597 45598 45601 45600
47010 7622 7824 3 45602 45603 53349
47011 8573 8757 3 45608 45606 46122
47012 8573 8729 4 45610 45611 46160 46154
47013 9144 8729 4 45613 45614 152094 152601
47014 8855 8903 4 45615 45616 46330 152662
47015 8855 8729 8 45616 45613 46990 46989 46369 46149 46148 46328
47016 8855 9144 6 45613 45615 152654 152202 152201 152620
47017 7888 7728 4 45622 45623 46674 46806
47018 9187 9090 5 45626 45627 153242 153414 157737
47019 8589 8332 4 45630 45628 46612 46611
47020 8301 8332 4 45629 45630 46898 46822
47021 9516 9585 5 45632 45633 153413 157160 157855
47022 9516 9460 7 45633 45631 153146 153145 153213 153212 153412
47023 9516 9501 5 45631 45632 157854 157860 153427
47024 8860 8719 8 45634 45635 45636 46031 45645 45647 45774 45644
47025 8426 8337 3 45637 45638 45643
47026 10181 10104 8 45640 45641 104485 104486 152397 152106 152107 147858
47027 10205 10104 4 45641 45642 144691 150017
47028 10104 10122 4 45640 45642 144689 147860
47029 8719 8659 6 45645 45646 45779 45881 45883 46060
47030 8719 8772 3 45646 45647 45776
47031 8719 8384 8 45657 45658 45891 45888 45779 45776 45774 45765
47032 7480 7807 3 45663 45664 53091
47033 7480 7859 4 45664 45665 46667 53087
47034 7584 7859 4 45665 45666 45872 46616
47035 7584 7807 5 45666 45663 53092 45984 45871
47036 7584 7480 6 45663 45665 46664 46398 46399 52910
47037 7977 8168 4 45672 45671 47594 47635
47038 8023 8112 5 45673 45674 46738 46850 46778
47039 8128 8112 6 45675 45673 46779 46897 46870 46788
47040 7956 8112 6 45674 45675 46782 46781 46799 46739
47041 7766 7582 5 45682 45679 51050 51051 53146
47042 7187 7474 5 45683 45684 53252 46677 46675
47043 8153 7973 8 45691 45692 53509 52918 52919 53039 53250 53102
47044 8337 8270 3 45694 45696 45716
47045 8299 8072 4 45697 45698 45702 45769
47046 8072 8448 3 45697 45699 45757
47047 8299 8589 3 45704 45705 45707
47048 7071 7278 3 45724 45725 55190
47049 7330 7112 4 45726 45727 46524 52992
47050 7330 7278 6 45727 45724 53027 53026 52028 46523
47051 7484 7273 4 45729 45730 51419 51420
47052 7484 7442 7 45730 45731 53460 52717 52718 53293 53362
47053 7181 7290 3 45732 45733 53949
47054 7317 7525 5 45735 45736 53490 53610 53556
47055 8057 7746 4 45738 45739 52757 52703
47056 7807 7531 4 45740 45741 53145 45823
47057 8193 8000 3 45743 45742 45849
47058 8671 8507 3 45745 45746 46109
47059 7840 8011 4 45750 45751 52781 52779
47060 7956 8077 4 45752 45753 46799 46800
47061 8825 8625 4 45760 45761 46089 46973
47062 8825 8674 5 45759 45760 46970 46971 46981
47063 7795 8250 6 45763 45764 45925 45911 45910 45912
47064 8250 7831 3 45762 45764 45948
47065 8310 8039 3 45766 45767 45768
47066 7795 7744 4 45772 45770 53185 53040
47067 8384 8860 3 45774 45775 45777
47068 8585 8719 7 45787 45788 45837 46254 45831 45832 46997
47069 8585 8597 5 45788 45789 45790 46712 45838
47070 7848 7911 7 45799 45800 46862 47668 47499 47497 47401
47071 7848 8264 5 45800 45801 46271 46274 46863
47072 8312 8264 6 45801 45802 47440 47278 47275 46756
47073 8312 7848 4 45799 45801 46755 47402
47074 8264 7911 4 45800 45802 47289 46864
47075 8874 8793 3 45805 45806 98043
47076 8770 8793 10 45806 45807 47034 47019 47021 47134 47438 98083 98046 98044
47077 8628 8579 4 45808 45809 46415 46370
47078 7688 7480 4 45813 45814 45874 46537
47079 7480 7582 7 45813 45815 52911 52910 53091 53087 46538
47080 8016 8014 7 45818 45819 47331 50930 47544 46570 46573
47081 8016 7919 4 45819 45820 47311 47332
47082 8086 8016 5 45818 45820 47310 47513 47375
47083 7919 8014 8 45819 45821 47398 47506 47411 47409 52323 47333
47084 7807 7485 6 45822 45823 53174 54044 45844 45843
47085 7807 7575 7 45824 45825 45836 45844 54045 53202 45984
47086 7474 7538 5 45826 45827 53266 53214 53188
47087 9209 9137 13 45839 45840 152632 46145 46146 150961 152520 152561 152655 152652 152653 152660 152645
47088 9209 9377 3 45840 45841 152646
47089 9354 9377 6 45841 45842 46925 150728 49214 49213
47090 9354 9137 3 45842 45839 46924
47091 9354 9209 7 45839 45841 152650 46077 46075 150899 152612
47092 9377 9137 6 45840 45842 46923 152490 150887 150886
47093 8250 7766 3 45846 45847 45912
47094 8130 7971 4 45848 45850 45951 45971
47095 7983 8229 6 45851 45852 48916 48915 49254 49322
47096 7341 7359 5 45859 45860 53260 53099 53101
47097 7341 7538 5 45860 45857 46602 53176 53265
47098 7341 7290 5 45857 45859 53165 52883 46601
47099 7787 8000 5 45865 45867 53048 52763 52746
47100 7865 7729 4 45869 45870 53041 53227
47101 7729 7744 6 45868 45870 53040 53029 53031 52060
47102 7436 7318 4 45875 45873 52869 51485
47103 7436 7688 7 45873 45874 52845 53120 53173 51416 51417
47104 6126 5669 3 45877 45878 54295
47105 5805 6126 9 45876 45878 53854 53855 54290 54289 54419 54520 54579
47106 8361 8719 5 45881 45882 45884 45889 45888
47107 6095 6004 4 45885 45886 88760 88761
47108 6004 6016 5 45885 45887 89002 89334 89335
47109 8334 8719 3 45889 45890 45891
47110 8334 8179 3 45893 45894 45895
47111 7146 7461 5 45897 45898 51630 52768 52205
47112 7350 7461 4 45898 45899 52406 51632
47113 7350 7243 8 45899 45896 52171 52173 51534 51533 52724 52404
47114 7461 7243 7 45897 45899 52405 52689 52143 52144 52206
47115 8225 8141 5 45908 45909 93699 97587 47220
47116 8225 8272 6 45909 45907 50559 47674 47675 47842
47117 8225 8365 6 45907 45908 47219 47000 46999 52508
47118 7534 7426 5 45916 45917 47971 47972 46321
47119 7534 7399 4 45914 45916 46320 49503
47120 7426 7374 3 45915 45917 48844
47121 8221 8806 5 45919 45920 49308 49309 49310
47122 8177 8806 5 45920 45921 48359 48888 49260
47123 7795 8130 4 45923 45924 45925 45947
47124 7436 7585 4 45932 45933 51263 51261
47125 7436 7461 5 45933 45934 47388 51229 52303
47126 7871 7950 4 45936 45937 49444 47724
47127 7534 8014 3 45938 45935 47411
47128 7534 7871 7 45935 45937 49443 49882 49883 52316 47410
47129 7950 8014 6 45936 45938 47506 47507 46579 46581
47130 7436 7169 5 45939 45940 51485 52870 46150
47131 7242 7169 3 45942 45943 53978
47132 8454 8459 5 45950 45949 46406 46101 46099
47133 7305 7122 8 45952 45954 53878 53947 53121 52857 52858 53959
47134 9423 9244 4 45955 45956 150602 46000
47135 9117 9207 3 45958 45959 157912
47136 9117 9259 7 45959 45960 157846 157847 157902 157906 157904
47137 9038 9259 6 45960 45961 150824 157173 157175 157734
47138 9038 9207 5 45961 45958 58600 58602 150823
47139 9038 9117 7 45958 45960 157598 156782 156784 157578 157919
47140 9259 9207 9 45959 45961 150822 157907 157141 157125 156528 156530 157869
47141 10411 10192 4 45963 45964 141927 153764
47142 10411 10633 6 45964 45962 152788 142754 141662 141660
47143 10411 10495 6 45962 45963 153762 155689 155790 152786
47144 8762 8509 3 45965 45966 46019
47145 7582 7859 4 45968 45969 53087 52933
47146 7807 7582 9 45967 45969 53091 53092 53202 54046 53174 53145 51051
47147 7840 7863 5 45973 45974 52772 52780 52781
47148 6855 7340 7 45976 45977 51311 51318 49574 49572 49601
47149 7426 6855 5 45976 45978 49428 49600 49615
47150 8411 8340 4 45980 45981 46818 46719
47151 10747 10248 5 45982 45983 151492 150045 106050
47152 7209 7341 4 45985 45986 52883 51482
47153 7169 7191 5 45987 45988 52877 53143 53144
47154 7169 7209 5 45985 45987 53895 53894 51483
47155 7191 7341 5 45986 45988 52876 53101 53165
47156 6293 6255 7 45993 45994 53953 54233 54234 53962 53963
47157 6293 6372 4 45994 45991 48092 48093
47158 6293 6274 3 45991 45993 54396
47159 6255 6372 4 45992 45994 46507 46509
47160 9244 9434 4 46000 46001 150809 150603
47161 10857 11178 3 46004 46005 154900
47162 10857 11144 5 46005 46006 154390 154391 154899
47163 10895 11144 3 46006 46007 146719
47164 10895 11178 8 46007 46004 154902 146946 146760 131154 131153 145807
47165 11144 11178 7 46005 46007 146609 146608 145401 145400 154897
47166 9883 10226 5 46010 46008 154162 154328 154132
47167 9883 10298 6 46008 46009 132998 132995 153778 153777
47168 8296 7971 3 46021 46022 46023
47169 8665 8907 3 46028 46029 46030
47170 8994 9021 5 46032 46033 153495 153209 153210
47171 8860 8994 5 46031 46033 153493 46068 46061
47172 8645 8377 4 46035 46036 46325 46324
47173 8352 8504 4 46037 46034 46823 47095
47174 9141 8885 4 46040 46038 46907 46927
47175 9141 8891 3 46038 46039 46906
47176 8994 8659 5 46043 46044 46069 46061 46060
47177 9522 9623 3 46045 46046 46052
47178 10050 9713 5 46048 46049 153897 154042 132940
47179 10050 9578 6 46049 46047 154191 154209 153870 153871
47180 10050 9383 5 46047 46048 132939 154076 154180
47181 9730 9652 8 46050 46051 153698 153657 153658 153539 153540 153662
47182 9730 9522 4 46051 46052 153932 153697
47183 8762 9121 4 46055 46056 104626 104625
47184 9144 9172 5 46063 46064 152592 152692 46176
47185 8797 9172 5 46064 46065 46079 46071 46073
47186 8797 9147 5 46065 46062 104475 48798 48797
47187 8797 9144 4 46062 46064 152415 104474
47188 9172 9147 6 46063 46065 152381 152556 152607 46177
47189 9095 9057 4 46066 46067 150876 152532
47190 8994 8847 4 46068 46069 46070 153328
47191 9172 8966 5 46071 46072 152761 152084 46078
47192 9172 9057 6 46072 46073 152592 152693 152691 152690
47193 8797 9057 5 46073 46074 46392 46394 152415
47194 9321 9209 8 46075 46076 46929 46105 46106 49174 49175 150898
47195 9589 9209 4 46076 46077 152651 46930
47196 8920 9172 4 46078 46079 152381 152085
47197 9183 9252 5 46081 46082 152463 46921 46922
47198 9172 9141 7 46083 46084 47125 151817 152556 152085 152084
47199 9172 9252 3 46084 46081 47123
47200 9172 9183 6 46081 46083 152761 152690 150975 147868
47201 9141 9252 5 46082 46084 47124 153225 152464
47202 8855 8819 6 46085 46086 152591 152656 46332 46148
47203 8855 9138 6 46086 46087 152074 151014 151013 152571
47204 8775 8855 8 46085 46087 152077 48025 47063 46368 46367 46149
47205 10094 10129 6 46093 46094 148414 152274 152266 148002
47206 10094 10288 6 46094 46095 152368 148416 148417 148415
47207 10290 10094 3 46093 46095 148003
47208 9442 9041 4 46096 46097 152628 47079
47209 9314 9041 7 46097 46098 152065 151720 151718 152032 152611
47210 9041 9126 8 46096 46098 152078 152028 48022 48021 133971 47080
47211 8484 8459 5 46099 46100 46465 46280 46281
47212 9299 9696 5 46102 46103 152806 150562 150564
47213 9331 9696 4 46103 46104 150527 150528
47214 9696 9434 5 46102 46104 152940 154040 152760
47215 9256 9321 5 46105 46107 151010 151009 48002
47216 9924 9625 4 46110 46111 154163 154212
47217 10116 9625 6 46111 46112 154307 151048 151049 154164
47218 9625 9791 5 46110 46112 154123 154086 154085
47219 8966 8719 5 46113 46114 46955 46953 153322
47220 9021 8966 5 46113 46115 46938 153173 153310
47221 8484 8544 7 46117 46118 46280 46466 46489 46469 46225
47222 9078 9076 5 46120 46121 47009 151960 152080
47223 10097 9644 6 46124 46125 152419 152821 152822 151031
47224 10097 9662 5 46125 46126 152417 150543 150544
47225 10006 9644 5 46127 46124 151033 154078 154213
47226 10006 10097 5 46124 46126 152418 152430 151032
47227 8767 8584 7 46130 46131 46322 47949 47964 48032 47812
47228 8741 8579 5 46132 46133 46313 46198 46196
47229 8741 8584 5 46133 46130 47562 47338 46535
47230 8579 8584 9 46131 46133 46534 47300 47082 47084 47273 47937 46323
47231 8228 8258 5 46134 46135 49335 49336 48785
47232 8228 8175 3 46135 46136 49374
47233 8223 8258 3 46137 46134 48786
47234 8223 8228 6 46134 46136 49040 49042 48391 48390
47235 8017 8144 4 46138 46139 47663 46429
47236 7726 7340 3 46140 46142 49502
47237 7482 7565 3 46141 46143 48856
47238 9209 8861 4 46146 46147 152622 150962
47239 8573 8738 4 46153 46154 46683 46969
47240 10718 10474 8 46156 46157 149408 150744 150719 150720 150717 49228
47241 6226 6390 3 46158 46159 46697
47242 8729 8721 4 46162 46160 46684 46989
47243 8658 8721 4 46161 46162 46693 46210
47244 9524 9467 6 46167 46168 157269 157896 157894 157895
47245 9524 9504 4 46168 46169 157151 157270
47246 9504 9467 5 46168 46170 157939 157938 157271
47247 9361 9442 6 46171 46172 49194 152030 152029 152606
47248 9361 9440 6 46172 46173 152708 49211 49209 49195
47249 9172 9440 4 46173 46174 151872 152687
47250 9172 9442 5 46174 46171 152607 151817 151816
47251 9172 9361 5 46171 46173 152707 46176 46177
47252 9361 9147 4 46175 46177 152606 46257
47253 9411 9279 3 46179 46180 47113
47254 9411 9072 5 46178 46179 47111 97828 97325
47255 8819 8633 5 46181 46183 46233 46338 46184
47256 8465 8120 5 46188 46186 47658 46554 46302
47257 8465 8144 3 46186 46187 47657
47258 8595 8449 4 46190 46191 48800 48799
47259 8449 8930 4 46189 46191 46294 46291
47260 8464 8623 4 46192 46193 46403 48968
47261 8374 8943 5 46194 46195 49182 49318 47018
47262 8943 8623 5 46193 46195 49180 49179 46404
47263 9361 9342 7 46202 46203 152509 152510 46256 46257 152029
47264 9584 9342 5 46205 46202 150252 150251 151556
47265 9584 9361 4 46202 46204 152564 152030
47266 9639 9342 4 46203 46205 152604 152605
47267 9147 9342 4 46207 46208 46257 46255
47268 9442 9342 4 46208 46209 150252 152029
47269 9442 9317 5 46209 46206 152615 47191 47190
47270 9442 9147 7 46206 46208 152606 152607 152627 152628 152629
47271 9342 9317 7 46207 46209 150251 151554 152103 152486 152594
47272 8068 8016 7 46213 46214 47362 47400 47556 47513 47514
47273 8011 7977 5 46215 46216 47323 47322 47539
47274 8011 8016 5 46216 46213 46300 46299 52357
47275 8011 8068 5 46213 46215 47377 47376 47545
47276 9328 9411 8 46218 46219 97416 97417 104285 104051 104052 94006
47277 9587 9411 3 46219 46220 95420
47278 9587 9328 5 46217 46219 104920 106190 98189
47279 9411 9494 5 46218 46220 95418 103941 94007
47280 8987 8889 6 46222 46223 104153 98017 98018 98022
47281 9047 8996 8 46224 46221 104185 103759 97036 97037 97063 98038
47282 9047 8987 3 46221 46223 104180
47283 8889 8996 4 46222 46224 97766 97764
47284 5870 5875 5 46227 46228 77863 90777 68166
47285 8633 8729 3 46232 46233 46366
47286 8579 8729 5 46234 46232 46381 46383 46415
47287 8017 8014 3 46236 46237 46581
47288 8017 7871 6 46237 46235 47138 50457 49445 47724
47289 7977 7921 5 46239 46240 52408 90155 52436
47290 8484 8629 6 46241 46242 46486 46487 46466 46465
47291 7667 7646 5 46246 46247 52372 52371 52298
47292 7845 7667 4 46245 46247 52373 52013
47293 9143 9075 4 46249 46250 49877 49879
47294 9143 9101 5 46250 46248 104114 104782 104781
47295 9143 9387 5 46248 46249 97243 97127 97126
47296 8505 8493 6 46251 46252 50371 46574 46576 46893
47297 9144 9342 4 46255 46256 152593 152594
47298 9263 9367 4 46259 46260 103988 103989
47299 9367 9231 6 46258 46260 158277 158264 47193 47195
47300 8749 8997 3 46261 46263 47128
47301 7246 6982 6 46264 46265 50586 50588 51368 90837
47302 7246 6902 3 46265 46266 50587
47303 6870 6982 4 46267 46264 90856 52244
47304 8496 8147 4 46268 46269 48169 48186
47305 8159 8147 4 46269 46270 48078 48155
47306 8037 7848 5 46271 46272 50429 47819 46755
47307 8037 7755 5 46272 46273 90420 50388 50389
47308 7755 7848 6 46272 46274 47718 50286 50287 50430
47309 8211 8612 3 46279 46277 96956
47310 8544 8459 5 46282 46280 46467 46477 49159
47311 8865 11928 6 46285 46286 48335 48336 96169 95564
47312 8865 8209 3 46286 46283 96366
47313 8865 8880 5 46283 46285 95563 106115 96365
47314 11928 8209 7 46284 46286 96482 96878 96877 96921 96922
47315 8876 8459 3 46290 46289 46477
47316 8725 8930 5 46291 46292 48877 48291 48293
47317 8725 11931 4 46292 46293 48852 48878
47318 8449 11931 7 46293 46294 48800 48792 48787 48671 48672
47319 11931 8930 5 46292 46294 49226 134004 48879
47320 8000 7902 7 46296 46295 46595 53047 52763 52396 52395
47321 8016 8070 5 46300 46301 47311 47310 47514
47322 7863 8016 5 46299 46301 47332 47331 52038
47323 6446 6808 5 46304 46305 49459 49774 49090
47324 6479 6273 7 46306 46307 73848 73851 91803 91781 90918
47325 6479 6339 4 46307 46308 88809 91843
47326 6324 6339 6 46308 46309 91401 91402 92031 88810
47327 6324 6273 6 46309 46306 47624 47623 73866 91444
47328 6339 6273 4 46307 46309 91445 92003
47329 8691 8504 5 46312 46310 47061 47059 46390
47330 8325 8037 6 46316 46317 47165 48101 49886 48075
47331 8385 8037 6 46317 46318 48105 50439 47319 47166
47332 8385 8413 5 46318 46315 46564 46566 48088
47333 8037 8413 6 46316 46318 48104 49470 50283 48076
47334 7399 7783 4 46319 46320 46551 46436
47335 7426 7783 4 46321 46319 46438 49513
47336 8728 8584 4 46322 46323 47938 47940
47337 8449 7660 4 46326 46327 48875 49039
47338 8729 8928 4 46328 46329 46411 46331
47339 8928 8855 4 46328 46330 152657 46332
47340 8073 8725 4 46334 46336 48650 49014
47341 8293 8031 7 46335 46337 47846 48089 48156 48298 48297
47342 7783 7468 6 46341 46339 49530 49529 49549 49513
47343 7783 7338 4 46339 46340 50340 50488
47344 8111 8147 7 46344 46345 48169 48155 48153 48315 47848
47345 8111 8214 5 46345 46342 47634 50445 48185
47346 8111 8101 3 46342 46344 47633
47347 8147 8214 4 46343 46345 48186 48220
47348 7900 7947 5 46346 46347 96804 96805 97709
47349 8141 7864 7 46348 46349 90289 90157 90156 97798 97630
47350 8141 7947 5 46349 46346 97587 97515 97229
47351 8141 7900 4 46346 46348 93698 93699
47352 7864 7947 4 46347 46349 97228 97252
47353 9109 9667 3 46350 46351 151709
47354 9109 9482 7 46351 46352 105554 48072 48073 48208 151320
47355 8976 9667 6 46353 46350 151713 151666 151300 151302
47356 8976 9109 9 46350 46352 104623 104622 95520 95522 151505 151504 151712
47357 9482 9667 7 46351 46353 96286 96285 105475 105551 150025
47358 10046 10296 5 46354 46355 151375 151613 149673
47359 10046 10059 4 46355 46356 105389 105387
47360 10271 10046 7 46354 46356 151617 151371 151370 104133 104132
47361 8997 8767 3 46358 46359 47944
47362 9138 8997 6 46357 46359 47958 48019 152001 151692
47363 8544 8545 4 46361 46362 46424 46388
47364 8286 8352 6 46364 46365 46694 47547 47346 47345
47365 7224 7542 3 46372 46373 52892
47366 7411 7224 6 46372 46374 50657 50656 52820 52841
47367 8139 8144 4 46375 46377 47787 47574
47368 8352 8139 3 46379 46380 46828
47369 8139 8318 7 46378 46380 46831 46833 47490 46614 46615
47370 6852 6840 5 46386 46387 51049 51048 51304
47371 6852 6979 6 46387 46384 50757 50632 49965 49967
47372 6852 6552 6 46384 46386 51303 51509 51274 51275
47373 6094 5983 7 46397 46395 50606 51675 51674 55815 51679
47374 6429 5983 3 46396 46397 51569
47375 8425 8459 5 46406 46405 48843 48842 46464
47376 8059 8445 5 46407 46408 46499 46500 46501
47377 8186 8445 4 46408 46409 46813 46631
47378 8944 8902 5 46413 46414 46449 46450 49264
47379 8861 8657 5 46416 46418 46483 46482 49248
47380 8913 8828 3 46417 46419 48886
47381 8425 8628 5 46420 46421 46464 49233 49236
47382 9074 8828 3 46426 46427 49184
47383 8017 7950 5 46428 46429 46580 46581 47724
47384 9417 9315 4 46432 46430 150504 150503
47385 9417 9905 6 46433 46434 150504 150920 149510 106044
47386 9674 9905 6 46434 46435 149095 149097 150891 150505
47387 9905 9695 4 46433 46435 150872 106046
47388 7565 7399 4 46436 46437 48653 46552
47389 8499 8568 4 46441 46442 47058 47457
47390 10154 10264 8 46443 46444 48832 151359 150944 150945 151347 151345
47391 10154 10337 4 46444 46445 150921 48833
47392 10248 10337 6 46445 46446 105317 134201 150021 150020
47393 10248 10264 6 46446 46443 150460 150200 150201 105316
47394 10248 10154 4 46443 46445 151216 151215
47395 8902 9132 3 46448 46450 109314
47396 7345 8175 4 46452 46453 49349 49348
47397 7834 7660 4 46455 46456 47708 47759
47398 7559 7660 5 46456 46457 49487 48639 47709
47399 7559 7509 4 46457 46454 49451 49462
47400 7660 7509 8 46455 46457 49490 49491 49699 49405 49404 49407
47401 6665 6647 6 46458 46460 53721 53720 53723 54073
47402 10747 11226 8 46462 46463 48239 48237 49230 134565 151334 151066
47403 11377 10747 4 46461 46463 46473 46475
47404 8484 8903 4 46468 46469 46488 46486
47405 9098 8707 3 46471 46472 48858
47406 10747 11172 5 46473 46474 48321 48238 48239
47407 11377 11172 7 46476 46473 148860 148859 149789 149791 150215
47408 10765 11172 4 46474 46476 150322 48835
47409 8293 8165 6 46480 46481 48298 48544 48306 48305
47410 8293 8449 3 46481 46479 48297
47411 8657 8928 4 46483 46484 49238 48909
47412 8629 8861 7 46485 46482 48883 48069 48068 150963 150962
47413 8928 8861 4 46483 46485 152622 48910
47414 8484 8928 3 46487 46488 46489
47415 7321 6982 8 46490 46491 90757 52391 52314 47684 47685 52341
47416 7244 6982 4 46493 46490 52264 52263
47417 7221 6982 4 46491 46493 52262 90755
47418 8853 9148 3 46495 46496 46939
47419 8924 8950 5 46497 46494 46682 46763 158043
47420 9148 8950 6 46495 46497 103732 103731 46948 46945
47421 7117 7340 4 46506 46503 49553 49433
47422 6372 6461 6 46507 46508 54240 54238 48091 48093
47423 6372 6652 5 46508 46509 53922 53967 54310
47424 6652 6461 4 46508 46510 53984 54025
47425 8802 8841 5 46512 46513 97006 96870 96873
47426 8641 8841 4 46513 46514 47472 47470
47427 8641 8656 6 46514 46511 96894 90268 90270 97019
47428 8641 8802 5 46511 46513 47474 47473 97000
47429 8068 8086 4 46515 46516 47513 47419
47430 8068 8070 5 46516 46517 47546 47545 47514
47431 8352 8068 5 46515 46517 47547 47549 47418
47432 7444 7278 3 46522 46523 52027
47433 7210 7338 5 46526 46527 50619 50042 50043
47434 7098 7338 6 46527 46528 50523 50263 50262 50620
47435 7098 7210 3 46525 46527 47835
47436 8596 8584 3 46534 46535 47301
47437 7688 7814 7 46536 46537 52845 52987 52988 53114 53158
47438 9156 8996 6 46540 46541 97036 103758 103873 98097
47439 8925 8996 6 46543 46540 98099 97913 97429 97428
47440 8925 9156 7 46540 46542 97043 47120 47119 103482 98098
47441 9068 8996 4 46541 46543 97064 97037
47442 7143 6472 4 46544 46545 50357 47735
47443 6725 6449 4 46546 46547 49983 50986
47444 6725 6472 5 46547 46544 47737 50013 49982
47445 6725 7143 6 46544 46546 50136 48129 48130 47736
47446 6934 6774 4 46548 46549 55481 90849
47447 6934 6629 4 46549 46550 89528 55482
47448 6791 6934 7 46548 46550 89529 47613 47612 90924 90850
47449 7726 7399 6 46551 46552 49502 49435 49434 49503
47450 6552 6848 3 46558 46559 49563
47451 7233 6606 9 46561 46562 90364 95664 95665 95780 95801 95790 95765
47452 8413 8539 4 46564 46565 47877 47876
47453 7911 8016 6 46570 46571 47400 47399 52374 47542
47454 7911 8125 4 46571 46572 47595 47603
47455 8014 7911 4 46570 46572 47596 47543
47456 8125 8016 4 46571 46573 47375 47556
47457 8159 8505 7 46574 46575 48145 48173 50446 50041 50040
47458 8423 8325 4 46577 46578 47879 47442
47459 8242 7950 4 46579 46580 47662 47786
47460 7911 7845 8 46583 46584 47499 47498 52373 47399 47169 46725
47461 7911 7801 4 46584 46582 47677 47668
47462 9755 9637 6 46585 46586 97231 105400 105070 105069
47463 5947 6221 4 46588 46589 49644 49643
47464 7246 7511 3 46592 46593 47597
47465 7358 7246 7 46592 46594 50588 51367 89352 50506 47727
47466 6619 6840 5 46596 46597 49790 49789 50798
47467 7534 7863 3 46599 46600 51423
47468 7534 7919 7 46600 46598 46668 46669 47411 47410 52296
47469 7977 7845 6 46604 46605 46725 47170 47363 52058
47470 7977 8019 7 46605 46603 90263 47645 47644 47635 46724
47471 7977 7757 7 46603 46604 52320 52433 52435 52436 90262
47472 8584 8566 8 46606 46607 47273 47939 47940 47949 47965 47860
47473 8584 8338 4 46607 46608 47083 47084
47474 8014 8318 3 46613 46614 47489
47475 7466 7451 6 46621 46622 47413 47414 52003 51999
47476 7466 7637 4 46622 46623 47742 89850
47477 7521 7637 5 46623 46624 90248 90151 47744
47478 7521 7451 5 46624 46621 52001 90351 90247
47479 7521 7466 7 46621 46623 47743 96810 90386 52354 52000
47480 7637 7451 4 46622 46624 89938 89851
47481 6861 6530 8 46625 46626 47608 95247 96688 77454 50274 50126
47482 6865 7325 5 46627 46628 96426 77761 50420
47483 6865 6861 3 46625 46627 50127
47484 7325 6530 4 46626 46628 96519 47610
47485 7585 7667 6 46632 46633 51412 52825 52828 51414
47486 7585 7863 5 46633 46634 52780 46658 46661
47487 8011 7667 5 46635 46632 47321 47323 52357
47488 7863 7667 5 46633 46635 52038 52039 51413
47489 7169 7132 5 46641 46642 52846 52847 52861
47490 7132 7020 4 46640 46642 47653 47652
47491 7006 6840 7 46646 46647 49299 53112 53113 51046 51049
47492 7006 7081 4 46647 46645 51296 49298
47493 7692 7511 4 46652 46653 46659 46660
47494 7692 7302 4 46653 46654 52671 52669
47495 7534 7511 6 46655 46652 51423 52296 52316 52254
47496 7302 7511 5 46653 46655 52036 52035 52801
47497 7692 7585 8 46658 46659 52669 52670 52788 51261 51262 52782
47498 7863 7511 6 46660 46661 51413 52302 52295 51423
47499 7511 7585 6 46659 46661 51412 52826 52830 52801
47500 7187 7359 4 46676 46677 52705 52704
47501 8346 8416 3 46678 46679 47571
47502 7752 7587 6 46686 46687 89754 89756 98445 89826
47503 7518 7400 5 46688 46689 98506 89645 89646
47504 7518 7752 4 46686 46688 89836 89827
47505 7400 7587 3 46687 46689 98096
47506 8077 8289 5 46690 46692 47394 46698 46699
47507 8286 8070 4 46694 46695 47395 47546
47508 8077 8104 6 46699 46700 46800 51371 46730 46710
47509 8077 8112 4 46700 46698 47297 46799
47510 8615 8862 8 46701 46702 98092 98306 47069 47070 98090 97460
47511 8701 8550 5 46703 46704 97237 90301 90299
47512 8701 8862 6 46704 46701 97462 93692 93694 97235
47513 8701 8615 4 46701 46703 98196 97461
47514 8550 8862 3 46702 46704 97236
47515 7977 8141 5 46707 46708 47645 90157 52408
47516 8141 8023 3 46707 46709 46762
47517 9232 9081 3 46715 46716 110411
47518 9085 9126 8 46717 46714 157837 151631 151632 48023 48022 47025
47519 9085 9232 5 46714 46716 110412 157265 157267
47520 9081 9126 6 46715 46717 47026 152115 152114 152117
47521 7911 7977 4 46724 46725 47171 47594
47522 8365 8140 7 46726 46727 47219 90297 97621 97622 90216
47523 8168 8141 6 46728 46729 47641 47525 47523 47446
47524 8168 8140 7 46729 46726 47796 47389 47391 90826 90828
47525 8168 8365 3 46726 46728 47445
47526 8141 8140 5 46727 46729 97517 97515 47220
47527 9153 8954 4 46731 46732 158045 157975
47528 8954 9175 7 46731 46733 157639 157953 157981 158037 157976
47529 8418 8337 4 46735 46736 46824 46795
47530 8011 8112 5 46738 46739 47297 47393 46869
47531 9085 8950 4 46745 46743 47014 158206
47532 8504 8507 5 46746 46748 47061 47060 47417
47533 9023 8996 4 46753 46754 98136 104217
47534 9023 8987 9 46754 46752 103750 103751 103927 103926 93693 93695 98133
47535 9023 9270 4 46752 46753 104201 103823
47536 8470 8135 5 46758 46759 47447 46878 46880
47537 8470 8420 5 46757 46758 47373 97799 47312
47538 8747 8950 4 46763 46764 158050 158044
47539 7292 7169 5 46765 46766 52769 52877 52952
47540 7169 7011 3 46765 46767 52954
47541 6999 7056 4 46768 46769 54805 54807
47542 6999 6843 6 46769 46770 51966 51967 52050 52049
47543 6818 6843 4 46770 46771 54772 52063
47544 6818 7056 5 46771 46768 55033 55032 54770
47545 6818 6999 7 46768 46770 52062 53147 51997 51996 53813
47546 8118 8112 4 46775 46776 46782 46788
47547 8128 8135 4 46779 46777 52563 46895
47548 8112 8135 5 46778 46779 46896 47360 46851
47549 9164 9436 5 46783 46784 103416 103417 147958
47550 7757 7745 7 46789 46790 47636 47639 90329 90330 97640
47551 8019 7745 3 46791 46789 52272
47552 7801 7745 5 46790 46791 52271 52280 47638
47553 8982 9199 4 46793 46794 103107 103294
47554 9534 9454 6 46797 46798 158590 157172 153222 153223
47555 9534 9489 8 46798 46796 158024 158151 157980 157979 158118 158591
47556 9534 9325 6 46796 46797 158199 158224 158032 158023
47557 8779 8807 5 46810 46811 157973 98076 98052
47558 8779 9028 7 46811 46809 98144 98020 98019 47132 47131
47559 8779 8874 3 46809 46810 98051
47560 8543 8445 6 46812 46813 46960 46961 46966 46965
47561 8340 8350 6 46818 46819 47294 46872 46873 46836
47562 8377 8139 5 46827 46828 46831 46832 46829
47563 8300 8377 4 46830 46832 46834 46962
47564 8711 8540 3 46837 46838 46839
47565 11932 8532 4 46840 46841 47894 150906
47566 8785 8532 7 46842 46840 150992 48778 48777 48345 48303
47567 8601 8532 7 46841 46842 48151 47772 47774 48651 47895
47568 9661 9677 8 46843 46844 96389 107408 107419 107421 107229 107230
47569 9661 9332 4 46844 46845 107061 96390
47570 9328 9332 7 46845 46846 108174 108110 108105 104947 104946
47571 9328 9677 4 46846 46843 107338 108157
47572 9328 9661 6 46843 46845 107253 107252 106190 106189
47573 9332 9677 4 46844 46846 108179 96391
47574 9567 9521 4 46848 46849 152191 153363
47575 9646 9567 5 46847 46849 152192 153187 153355
47576 8112 8286 4 46850 46851 47361 46869
47577 8793 8749 5 46857 46854 47437 47438 98084
47578 8282 8504 4 46860 46859 46861 46885
47579 7848 7825 7 46862 46863 47718 50526 47753 47732 47733
47580 8264 7825 6 46863 46864 47288 97250 97607 47719
47581 8011 8286 6 46868 46869 47397 47396 47395 47376
47582 8340 8128 4 46870 46871 46883 47003
47583 8340 8256 4 46873 46874 46876 46875
47584 8271 8340 5 46872 46874 46877 47309 47299
47585 8340 8241 5 46876 46877 47318 46883 46882
47586 8135 8195 9 46878 46879 52539 52578 46895 46896 47342 47343 47370
47587 8135 8245 6 46879 46880 47372 48099 48100 52464
47588 8470 8195 5 46881 46878 47448 47307 47295
47589 8245 8195 4 46879 46881 47296 52148
47590 8112 8348 3 46886 46888 47160
47591 10255 10616 3 46890 46891 48743
47592 10645 10616 6 46891 46892 149610 134065 134064 48745
47593 8128 8195 6 46897 46895 52576 47317 47316 47003
47594 8112 8195 5 46896 46897 47004 47160 47291
47595 8540 8301 3 46898 46899 46900
47596 9735 9798 9 46903 46904 157922 157946 157947 157985 158065 157803 46914
47597 9651 9798 3 46904 46905 153581
47598 9798 9737 8 46903 46905 153579 153618 153619 153455 153456 46915
47599 8853 8967 3 46908 46909 46952
47600 8950 8967 7 46909 46910 46998 47014 158242 46959 46958
47601 9645 9606 4 46911 46912 103405 157787
47602 9734 9606 8 46912 46913 157757 157582 157580 158178 157920 103406
47603 9606 9504 6 46911 46913 153174 153176 157271 157270
47604 8966 8924 5 46916 46917 46938 153048 46940
47605 9317 9137 4 46923 46924 152645 152489
47606 9317 9354 7 46924 46925 152090 152487 152486 152595 152612
47607 9377 9317 4 46923 46925 152089 152449
47608 7633 7483 7 46932 46933 52330 96780 96779 95744 50514
47609 7755 7483 6 46933 46934 50484 90221 97637 52331
47610 7755 7633 6 46931 46933 52329 50388 50315 47780
47611 9085 9041 3 46936 46935 48022
47612 8966 9148 8 46939 46940 153049 153321 153264 152066 46947 46945
47613 9567 9663 5 46941 46942 153187 153101 148534
47614 9567 9568 8 46942 46943 153352 153362 153367 153364 152191 152192
47615 9635 9568 5 46943 46944 152033 153136 153155
47616 9635 9567 7 46941 46943 153353 153356 153354 152197 148535
47617 8966 8950 4 46945 46946 46958 46949
47618 9148 9141 5 46947 46948 158016 157983 152067
47619 9141 8950 4 46946 46948 158015 46959
47620 8967 8966 4 46950 46951 46958 46952
47621 8966 8994 4 46953 46954 153226 153320
47622 8739 8872 3 46956 46957 46975
47623 8739 8784 6 46974 46975 46996 46994 46985 46976
47624 8543 8579 3 46977 46978 46979
47625 8721 8853 3 46986 46987 46988
47626 8784 8585 5 46991 46992 46997 46994 46993
47627 8784 8719 3 46995 46996 46997
47628 8365 8204 3 47000 47001 90297
47629 8251 8204 7 47001 47002 90099 97221 97645 97204 97202
47630 8251 8225 3 47002 46999 90098
47631 8204 8225 7 47000 47002 90097 95143 97705 97704 90298
47632 9321 9144 5 47005 47006 150898 152596 152695
47633 8507 8512 5 47007 47008 47114 47293 47038
47634 8967 9085 5 47013 47014 158243 151633 151632
47635 8236 8943 5 47017 47018 49005 49006 48782
47636 8374 8236 6 47016 47018 49246 47909 47908 49047
47637 8793 8687 3 47020 47021 47135
47638 10042 9612 4 47024 47023 47892 47891
47639 9126 8969 7 47025 47026 152113 48005 48006 152079 152028
47640 9785 9737 4 47031 47028 153579 153580
47641 9668 9737 4 47029 47031 153582 157856
47642 8757 8933 3 47032 47033 47140
47643 10745 10724 5 47039 47040 154546 154411 152986
47644 10745 10522 4 47040 47041 147517 147520
47645 10582 10522 6 47041 47042 146577 154284 154059 154056
47646 10582 10724 5 47042 47039 145549 145546 146576
47647 10582 10745 4 47039 47041 153956 152987
47648 10522 10724 7 47040 47042 146575 154675 154615 154614 154656
47649 9701 9616 7 47043 47044 150701 105077 105076 152552 150383
47650 9639 9616 8 47046 47043 147980 147977 152178 152604 152387 152389
47651 9804 9616 3 47044 47046 150703
47652 9495 9517 6 47050 47051 152098 158075 158257 153094
47653 9495 9819 5 47051 47052 158225 158305 152099
47654 9617 9819 10 47052 47053 105016 151966 151965 151945 151944 153421 158317 158226
47655 9617 9517 6 47053 47050 104025 104027 147766 105015
47656 9617 9495 4 47050 47052 103857 103859
47657 9049 9041 4 47054 47055 151721 151720
47658 8775 8804 3 47062 47063 48017
47659 9232 9078 3 47065 47066 103815
47660 9110 9078 6 47066 47067 104042 151986 47252 47250
47661 9110 9126 3 47067 47064 104041
47662 9110 9232 4 47064 47066 103816 151879
47663 9078 9126 7 47065 47067 104040 48004 48006 152080 152081
47664 8615 8730 5 47070 47071 90054 93576 97667
47665 8858 8730 6 47071 47072 93683 93682 98219 90055
47666 8858 8615 3 47069 47071 90053
47667 9722 10032 5 47074 47073 103785 103784 147822
47668 8408 8539 6 47076 47077 47811 47810 47878 47815
47669 9442 9141 9 47078 47079 152627 151817 151818 153225 152231 152230 158252
47670 9141 9126 6 47078 47080 133972 151631 157836 158253
47671 8579 8242 4 47085 47082 47508 47793
47672 9308 9124 7 47088 47089 49065 47945 47106 47104 104632
47673 9124 9254 3 47088 47090 104633
47674 9364 9377 7 47091 47092 151623 105523 105524 147861 147862
47675 9364 9513 3 47092 47093 152533
47676 9688 9364 6 47091 47093 152523 152525 152539 152538
47677 9513 9377 9 47092 47094 150773 150729 150728 152089 149987 49279 49278
47678 9138 8728 3 47097 47098 47958
47679 9865 9588 3 47100 47101 108260
47680 9308 9482 4 47105 47106 47946 151761
47681 9124 9482 5 47106 47107 48208 48210 47947
47682 9124 9389 3 47107 47104 151319
47683 9068 9279 3 47109 47110 103968
47684 9068 9075 8 47110 47108 47954 97171 96973 96972 97045 97044
47685 9396 9072 3 47111 47112 47224
47686 9411 9396 9 47111 47113 103944 103942 97389 97390 103934 103739 97827
47687 8507 8271 5 47114 47115 47308 47299 47298
47688 8613 8365 4 47116 47117 97918 98103
47689 8365 8755 7 47116 47118 98035 93470 47266 47265 97889
47690 9156 9072 7 47120 47121 97828 47224 47226 104800 103694
47691 9051 8925 6 47122 47119 97347 97310 97308 97306
47692 9051 9156 3 47119 47121 97945
47693 9072 8925 4 47120 47122 96984 96983
47694 9141 9301 3 47124 47125 151818
47695 9301 9172 7 47123 47125 151816 151872 152689 150976 147868
47696 9154 9262 6 47129 47130 152013 158335 158288 152044
47697 9154 8779 6 47130 47131 157973 152120 151999 151997
47698 9028 9154 6 47129 47131 152111 103275 103274 152043
47699 8779 9262 4 47130 47132 97936 97935
47700 8499 8793 6 47134 47135 47468 47527 47454 47437
47701 7871 8054 7 47137 47138 50421 50332 50334 50364 47577
47702 8804 8757 5 47139 47140 47151 47155 47141
47703 8804 8863 4 47147 47148 47150 47155
47704 7751 7757 7 47152 47153 51827 52281 52360 52431 52320
47705 8055 8272 8 47156 47157 97796 97254 47841 47675 47673 97662
47706 8055 7921 6 47157 47158 97656 97655 97794 97797
47707 7972 8272 4 47159 47156 48098 48097
47708 7972 8055 5 47156 47158 97734 97793 97721
47709 7921 8272 4 47157 47159 90339 90338
47710 8465 8584 5 47161 47163 47300 47301 47338
47711 8264 8385 6 47166 47164 96932 96933 47276 47275
47712 8264 8325 4 47164 47165 47881 47879
47713 8804 8997 7 47167 47168 151968 48024 48017 48016 48020
47714 7845 8068 3 47169 47170 47362
47715 8068 7911 7 47169 47171 47593 47605 47604 47603 47400
47716 7906 7707 6 47174 47175 47588 47586 97686 90162
47717 7858 7707 6 47176 47174 90164 89943 89944 52300
47718 9123 9025 4 47177 47178 157576 157574
47719 9123 9040 5 47178 47179 158092 157777 157775
47720 8904 8871 7 47180 47181 98134 97427 94098 94099 97784
47721 8904 8701 4 47181 47182 98064 98130
47722 8547 8701 8 47182 47183 47228 47227 90300 90299 98196 98065
47723 8547 8871 3 47183 47180 98003
47724 8547 8904 6 47180 47182 98063 47255 47257 97782
47725 8701 8871 9 47181 47183 98002 94029 94028 97008 97455 97876 98132
47726 9286 9517 5 47184 47185 134723 153093 158257
47727 9405 9517 5 47186 47184 158075 152232 151974
47728 9317 9584 5 47189 47190 150251 151555 152175
47729 9351 9442 3 47191 47192 152504
47730 9351 9584 6 47192 47189 146901 146900 152506 152503
47731 9351 9317 5 47189 47191 152616 152637 152176
47732 9442 9584 7 47190 47192 152502 152511 152516 152030 150252
47733 9231 9154 9 47193 47194 148633 103760 103761 152233 158335 152024 152022
47734 9231 9010 4 47194 47195 152014 148634
47735 9829 9963 8 47196 47197 103592 104409 47245 47243 103874 94093
47736 9866 9829 6 47196 47198 104411 90502 90501 94094
47737 9498 9573 8 47199 47200 152025 152023 158146 158145 158101 103838
47738 9498 9267 7 47200 47201 103858 103856 147851 152122 158052
47739 9262 9267 9 47201 47202 152044 104023 103851 103850 158056 104024 104026
47740 9262 9573 5 47202 47199 103840 158334 158288
47741 9262 9498 4 47199 47201 151934 103839
47742 9267 9573 3 47200 47202 158112
47743 9748 9554 7 47204 47205 104544 104315 104316 104517 104634
47744 9407 9554 7 47205 47206 47993 47995 97070 97069 104103
47745 9311 9176 5 47208 47209 151935 96256 96257
47746 9311 9388 6 47207 47208 145303 103348 103347 152057
47747 8892 9007 4 47211 47212 93674 93675
47748 8892 9043 6 47212 47210 103639 98011 94005 94004
47749 10839 10964 3 47214 47215 145421
47750 10839 11092 4 47215 47213 102873 102872
47751 10839 11034 8 47213 47214 158926 112389 112388 158115 144634 143591
47752 7077 7243 6 47216 47217 51536 51395 51396 52187
47753 7077 7141 4 47217 47218 51400 51401
47754 8140 8225 4 47220 47219 90298 97586
47755 9396 9156 6 47224 47225 97477 98097 98098 97827
47756 8701 8521 3 47228 47229 98002
47757 8458 8521 7 47229 47230 97684 97672 97527 97525 98013
47758 8458 8547 5 47230 47227 97772 97888 97834
47759 8458 8701 6 47227 47229 94029 94030 97767 97771
47760 8521 8547 5 47228 47230 97783 97782 98003
47761 8755 8547 4 47232 47233 47255 47256
47762 8755 8722 5 47233 47231 97765 96979 96981
47763 9192 9198 5 47235 47236 103752 98158 97903
47764 9273 9323 6 47237 47234 104035 98071 98072 97728
47765 9273 9192 6 47234 47236 103383 103385 104176 104138
47766 9198 9323 4 47235 47237 97729 97905
47767 9479 9419 4 47239 47240 149294 149295
47768 9324 9574 3 47241 47238 104007
47769 9324 9479 5 47238 47240 151866 104962 104964
47770 9419 9574 5 47239 47241 104008 151948 151959
47771 9909 9963 7 47244 47245 104410 110666 110635 104371 103479
47772 9909 9774 4 47242 47244 103478 103686
47773 8874 8815 3 47246 47247 47248
47774 9286 9078 5 47250 47251 151960 152081 103815
47775 9049 9110 7 47252 47249 147865 147867 152017 152002 151985
47776 8676 8874 6 47253 47254 98080 98032 98034 94019
47777 8456 8547 7 47256 47257 97783 97834 97820 97339 93875
47778 10035 10267 6 47258 47259 158355 151733 151734 104444
47779 10035 10351 3 47259 47260 157258
47780 10210 10351 9 47260 47261 147045 148360 110640 110465 110464 103505 103504
47781 10210 10267 3 47261 47258 104446
47782 10210 10035 6 47258 47260 157257 151629 151630 104445
47783 8476 8364 4 47262 47263 98679 98322
47784 8364 8314 9 47262 47264 93815 98204 98203 98235 98269 98268 98303
47785 8770 8755 7 47267 47268 98081 98077 98078 98083 98012
47786 7481 7704 3 47269 47270 90090
47787 7502 7618 3 47271 47272 86549
47788 7618 7704 10 47270 47272 90244 90243 90242 89882 89881 90149 52520 52521
47789 8385 8408 5 47276 47277 47810 47887 97057
47790 8312 8408 5 47277 47278 47441 47532 47811
47791 8408 8264 4 47276 47278 47439 97058
47792 8697 8668 7 47280 47281 98139 98150 98154 98155 98356
47793 8697 8722 4 47281 47282 98073 98140
47794 8779 8722 5 47282 47283 97745 97746 98040
47795 8779 8668 4 47283 47280 98357 98116
47796 8779 8697 8 47280 47282 98074 98144 98051 98052 98075 98088
47797 8722 8668 6 47281 47283 98117 98054 98055 98095
47798 8320 8419 5 47284 47285 97777 97778 97826
47799 8320 8515 4 47285 47286 97877 97874
47800 8516 8515 7 47286 47287 95457 95456 97911 97328 97329
47801 8516 8419 6 47287 47284 97490 97023 93812 93811
47802 8516 8320 8 47284 47286 97909 97908 97959 97779 95526 95525
47803 8515 8419 5 47285 47287 97004 97003 97499
47804 8264 8168 6 47288 47289 47440 47439 47392 47391
47805 8195 8289 3 47290 47291 47342
47806 8507 8350 4 47292 47293 47298 47294
47807 8195 8271 8 47295 47296 52149 52575 47317 47315 47309 47308
47808 8063 8297 7 47305 47306 86904 90148 98274 97533 90231
47809 8063 8047 3 47303 47305 90229
47810 8297 7870 3 47304 47306 86902
47811 8749 8717 4 47314 47313 47717 47471
47812 8195 8241 3 47315 47316 47318
47813 7691 7667 4 47320 47321 51414 52465
47814 8068 8125 7 47324 47325 47418 47419 47556 47603 47541
47815 8416 8125 4 47325 47326 47538 47537
47816 7246 7210 3 47327 47328 47755
47817 7291 6870 3 47329 47330 50577
47818 7863 8014 4 47331 47333 52302 52039
47819 8338 8125 3 47335 47336 47491
47820 8465 8741 3 47338 47339 47563
47821 8289 8135 4 47340 47341 47360 47342
47822 8286 8416 4 47344 47346 47548 47431
47823 7929 7618 4 47348 47349 52428 89881
47824 7929 7720 7 47349 47347 52461 52460 52692 52590 52427
47825 7574 7244 5 47350 47351 52407 89561 47611
47826 7614 7592 6 47352 47353 90459 90460 47423 47421
47827 7614 7539 6 47353 47354 97580 75749 75750 90490
47828 7431 7592 4 47355 47352 90496 90498
47829 7431 7614 6 47352 47354 97712 97573 97120 97118
47830 7539 7592 4 47353 47355 97577 90491
47831 7542 7720 7 47356 47357 52590 52691 52682 52582 52534
47832 7542 7699 7 47357 47358 89417 52151 52154 52581 52589
47833 7618 7699 5 47358 47359 52428 89882 89810
47834 7618 7542 6 47356 47358 52573 52574 89863 52535
47835 7699 7720 3 47357 47359 52427
47836 7845 8016 5 47362 47363 52014 52013 47399
47837 8421 8458 6 47365 47366 97672 97673 97675 97676
47838 8421 8088 6 47364 47365 93962 93961 97841 97844
47839 7857 7869 7 47367 47368 97373 97215 97216 97717 97699
47840 7857 7466 4 47368 47369 97713 97374
47841 7707 7857 6 47367 47369 97636 97635 47587 47586
47842 8407 8195 4 47370 47371 47449 47448
47843 8420 8245 4 47372 47373 90170 90171
47844 8286 8068 6 47376 47378 47412 47548 47547 47546
47845 7502 7360 5 47383 47380 89731 89848 89766
47846 7502 7415 6 47380 47382 90088 90089 89329 89330
47847 7489 7360 6 47381 47383 89765 90044 87086 87085
47848 7341 7436 6 47387 47388 51228 51417 52869 52870
47849 8140 8455 6 47389 47390 97079 97077 97622 47795
47850 8140 8264 6 47390 47391 97250 95272 95273 96833
47851 8168 8455 4 47392 47389 47797 97059
47852 8264 8455 5 47390 47392 97058 96933 96931
47853 8011 8289 3 47393 47394 47397
47854 8312 8168 4 47404 47405 47441 47440
47855 8168 8346 4 47403 47405 47531 47530
47856 7568 7308 5 47407 47408 53247 52979 52980
47857 7919 7871 3 47409 47410 52319
47858 7384 7451 4 47414 47415 90512 52004
47859 7451 7481 7 47413 47415 90511 89973 89940 89937 89851
47860 7457 7614 5 47420 47421 97118 90488 90486
47861 7457 7592 6 47421 47422 95288 90272 90273 90496
47862 7803 7592 5 47422 47423 97553 97554 95289
47863 7803 7614 6 47423 47420 52469 52468 95760 95759
47864 7803 7457 5 47420 47422 95287 97605 97619
47865 7646 7848 8 47424 47425 47496 47497 47630 47723 50518 47753
47866 7668 7801 7 47426 47427 47734 96901 96900 52280 47752
47867 7668 7848 3 47427 47424 47732
47868 7668 7646 6 47424 47426 47535 47534 50519 47754
47869 7801 7848 5 47425 47427 47733 47668 47667
47870 7543 7452 9 47430 47428 48609 48872 48874 49094 49095 48496 48495
47871 7543 8031 5 47428 47429 47854 48866 48608
47872 7257 7094 4 47435 47433 86826 86825
47873 7257 7472 8 47433 47434 90024 98486 98501 98498 98320 98319
47874 8499 8749 6 47436 47437 47453 47460 47461 98001
47875 8770 8749 3 47438 47436 98012
47876 8149 8475 3 47443 47444 95541
47877 8149 8423 7 47442 47443 97139 97280 97205 96834 47880
47878 8499 8837 3 47453 47454 47517
47879 8499 8403 5 47461 47459 47522 90217 98000
47880 8403 8162 3 47463 47464 47520
47881 8141 8420 3 47465 47462 91446
47882 8641 8717 5 47470 47471 47874 47476 47474
47883 8641 8749 5 47471 47472 97019 97020 47875
47884 8802 8717 6 47474 47475 94702 97047 151700 97006
47885 8539 8641 6 47476 47473 47694 47693 47886 47878
47886 8539 8802 4 47473 47475 94703 97034
47887 10845 10764 6 47478 47479 106226 106500 106853 106478
47888 11938 10558 4 47480 47477 96114 106035
47889 11938 10845 5 47477 47479 106225 106535 96113
47890 7889 7662 6 47481 47482 52231 97617 47511 47509
47891 8149 7889 8 47481 47483 95781 97458 97261 52485 52484 97062
47892 9065 9061 4 47487 47484 103980 104151
47893 9065 9197 5 47484 47486 152012 104087 103979
47894 9273 9061 4 47485 47487 104172 103385
47895 8139 8338 5 47488 47490 47572 47574 47784
47896 6989 6876 11 47492 47493 52223 77842 96663 90957 90960 94893 90991 90992 91047
47897 6989 7048 5 47493 47494 50152 50150 52224
47898 6528 6989 4 47492 47494 91006 96796
47899 7048 6876 3 47493 47495 52225
47900 7646 7911 4 47497 47498 52372 47631
47901 7845 7848 3 47499 47496 47667
47902 8661 9112 5 47501 47502 96961 104980 96947
47903 7914 8149 5 47504 47505 52485 52486 95763
47904 7914 8085 6 47505 47503 47565 48179 48178 90458
47905 7914 8325 4 47503 47504 49886 47564
47906 7889 7867 4 47509 47510 97599 97062
47907 7889 7642 4 47510 47511 97264 97262
47908 7662 7642 8 47511 47512 97602 97698 90353 90352 96789 97618
47909 8370 8420 3 47518 47519 47521
47910 8370 8141 3 47523 47524 47526
47911 8370 8793 3 47527 47528 47529
47912 7646 7583 6 47533 47534 50517 47723 47722 50662
47913 7626 7646 5 47533 47535 47751 52326 50663
47914 7668 7583 3 47534 47536 50498
47915 8068 8346 3 47540 47541 47604
47916 8016 7871 3 47542 47544 50929
47917 8421 8521 9 47550 47551 97631 97672 97683 98037 97671 97184 97183
47918 6995 7177 7 47552 47553 52195 52553 51391 51392 52906
47919 6882 6995 4 47552 47554 52905 52908
47920 6817 7177 3 47553 47555 52196
47921 7583 7534 4 47560 47561 49883 52254
47922 7583 7338 6 47561 47559 50043 49438 47746 47747
47923 7583 7302 5 47559 47560 52036 47568 47566
47924 7291 7302 5 47567 47568 52035 52831 51375
47925 8505 8214 3 47569 47570 48123
47926 8338 8144 3 47573 47574 47788
47927 8454 8338 3 47575 47576 47791
47928 5152 4930 6 47578 47579 49989 65762 65699 65662
47929 5152 5245 6 47579 47580 65743 65607 65606 49990
47930 4759 5245 5 47580 47581 65655 65618 65617
47931 4759 5152 5 47578 47580 65730 65701 65661
47932 5245 4930 4 47579 47581 65719 49991
47933 8566 8728 4 47582 47583 47940 47948
47934 7857 7906 5 47585 47586 97699 90076 90075
47935 7819 7906 6 47588 47585 97614 97613 90271 52366
47936 6716 6949 5 47589 47590 89291 90432 89382
47937 6716 6891 7 47590 47591 52212 89273 89271 92024 89292
47938 7199 6891 5 47591 47592 90434 90441 52214
47939 7199 6949 8 47592 47589 51854 51856 55388 55385 88978 90433
47940 7199 6716 4 47589 47591 52213 89034
47941 6891 6949 5 47590 47592 89388 89387 89293
47942 7626 7511 8 47597 47598 50664 50663 52325 52362 52324 47728
47943 7246 7196 4 47599 47600 90334 47757
47944 7248 7062 3 47601 47602 50372
47945 7248 7246 10 47599 47601 50585 47755 47756 49496 51297 51409 90457 47758
47946 7911 8370 3 47605 47606 47607
47947 6861 6950 8 47608 47609 50414 50672 50673 77350 77351 95248
47948 6950 6530 5 47608 47610 76980 76978 95249
47949 6934 6716 5 47613 47614 90926 90961 90917
47950 7069 6716 5 47614 47615 52213 52212 90736
47951 7069 6791 3 47615 47612 89035
47952 6716 6791 8 47613 47615 89034 89382 90430 90832 90792 90791
47953 7487 7232 6 47617 47618 48049 48050 49950 96707
47954 7412 7487 6 47616 47618 50379 49193 48187 48189
47955 7049 7220 5 47620 47621 93006 55714 55712
47956 7049 7124 7 47621 47619 92116 92127 91990 89923 89921
47957 7049 7557 6 47619 47620 92898 92991 94674 92115
47958 6273 6218 6 47622 47623 73867 73816 73818 89374
47959 6314 6324 6 47624 47625 91136 91087 91088 90919
47960 6314 6218 10 47625 47622 89040 89042 90866 91299 91352 91351 91368 91134
47961 6314 6273 4 47622 47624 90918 90884
47962 6324 6218 4 47623 47625 91135 73868
47963 7946 8090 4 47626 47627 97335 89663
47964 7961 8090 6 47629 47626 52555 50278 50277 52385
47965 7972 8090 6 47627 47629 52487 52463 52462 97793
47966 7646 7871 5 47630 47631 52371 52318 47722
47967 7963 8111 8 47633 47634 50444 50422 48160 48159 48316 47848
47968 7963 8214 6 47634 47632 48207 48206 50346 50424
47969 7963 8101 7 47632 47633 47847 48318 48319 48718 48253
47970 7757 7626 4 47636 47637 51827 47640
47971 7801 7626 5 47637 47638 47752 47751 51828
47972 8019 8162 3 47642 47643 47644
47973 8141 8019 6 47641 47643 47645 90289 97229 97517
47974 7926 7473 3 47646 47647 96679
47975 7521 7707 4 47651 47648 47743 47744
47976 7521 7842 4 47648 47650 97697 96810
47977 7745 7707 5 47649 47651 89963 89962 95733
47978 7020 7149 3 47653 47654 53853
47979 7006 7132 5 47655 47652 51481 49299 49298
47980 7006 7020 8 47652 47654 53899 53969 53864 53863 53113 51480
47981 8242 8144 8 47656 47657 47725 47790 47788 47787 47662 47663
47982 8120 8242 3 47656 47658 47714
47983 7523 7248 5 47661 47659 49533 50528 50529
47984 7483 7248 5 47660 47661 50530 90454 47758
47985 8879 8802 3 47664 47665 50271
47986 7412 8029 3 47669 47670 49898
47987 7963 8029 7 47670 47671 49493 48279 48278 48161 48162
47988 8327 8055 5 47672 47673 97574 95720 95721
47989 8327 8272 6 47673 47674 50557 97804 90168 90169
47990 8225 8055 4 47675 47672 47769 47768
47991 7801 7825 5 47676 47677 47733 47734 97696
47992 7291 6982 4 47679 47678 50589 50586
47993 7667 8014 4 47681 47682 50930 52039
47994 7871 7511 6 47683 47680 52318 52317 52316 52319
47995 7871 7667 5 47680 47682 50929 52377 52371
47996 8014 7511 4 47681 47683 52323 52302
47997 7385 7321 5 47688 47689 90208 52364 52209
47998 7409 7613 6 47690 47691 52381 52419 52422 52228
47999 7409 7385 3 47688 47690 52210
48000 8641 8475 4 47694 47692 96894 97000
48001 7395 7048 5 47696 47697 50241 48491 48494
48002 7143 7487 5 47698 47695 49477 50379 48049
48003 7048 7487 4 47696 47698 48050 49949
48004 7961 7929 7 47699 47700 52461 52450 50280 50278 52517
48005 7667 7581 6 47703 47701 52828 52465 52383 52024
48006 7616 7595 4 47704 47705 50044 77034
48007 7616 8211 8 47705 47706 96757 96763 95730 95728 96752 50045
48008 7597 8211 3 47706 47707 90948
48009 7597 7595 5 47707 47704 95641 95724 90946
48010 7597 7616 6 47704 47706 96756 96750 96748 95640
48011 8211 7595 7 47705 47707 90947 96742 96741 96918 50046
48012 7777 7660 5 47708 47709 48638 48867 47760
48013 7458 7503 5 47710 47711 96480 95102 91029
48014 7424 7082 6 47712 47713 50434 96543 50404 50402
48015 7424 7458 4 47710 47712 94931 91030
48016 7082 7503 4 47711 47713 50433 96451
48017 8408 8717 4 47717 47716 47815 47874
48018 7825 7755 6 47719 47718 50493 50313 50310 97606
48019 6107 6504 5 47721 47720 50574 51258 51257
48020 8242 8454 5 47725 47726 47793 47791 47792
48021 7626 7358 4 47727 47728 52169 50508
48022 7393 7518 5 47730 47731 89616 89617 90245
48023 7518 7275 6 47729 47731 89874 89700 89558 89560
48024 7668 7825 7 47734 47732 47754 50494 50313 50312 97692
48025 6472 7312 4 47735 47737 50139 50386
48026 7997 7906 5 47738 47739 97613 93193 93194
48027 7997 7908 7 47739 47740 90281 90279 97822 97513 97514
48028 8021 7908 5 47740 47741 52453 90193 90197
48029 8021 7997 4 47738 47740 97138 96479
48030 7908 7906 5 47739 47741 52452 90264 90271
48031 7395 7338 8 47745 47746 49437 50625 50262 50264 50261 49409
48032 7871 7338 7 47747 47745 49410 50421 50457 50340 49882
48033 7862 7517 7 47748 47749 90306 90305 90423 97194 97691
48034 7862 7745 3 47749 47750 47807
48035 7668 7862 5 47748 47750 47806 96901 97692
48036 7825 7646 3 47753 47754 50520
48037 7483 7246 5 47757 47758 90456 90469 90398
48038 8073 7660 5 47759 47760 48868 49362 49407
48039 8700 8868 6 47762 47763 47986 47900 47899 47932
48040 8584 8868 5 47763 47764 47966 47965 47964
48041 8413 8475 6 47767 47766 47877 96996 97114 96978
48042 8055 7999 8 47769 47770 97723 97731 97730 98388 95723 95721
48043 7900 7999 4 47770 47771 97375 97376
48044 7900 8225 7 47771 47768 47842 93699 97709 97707 97706
48045 7900 8055 5 47768 47770 97722 97255 47841
48046 7999 8225 5 47769 47771 97716 97197 97196
48047 8532 11926 3 47773 47774 48670
48048 6683 6857 4 47777 47778 52011 91036
48049 6918 6683 6 47776 47778 52010 90956 90955 91028
48050 6857 7021 5 47777 47779 89724 90392 90391
48051 6488 6276 4 47782 47783 50971 50707
48052 6488 6145 8 47783 47781 49417 50744 49939 49482 49484 49834
48053 6488 6226 4 47781 47782 50575 49416
48054 8242 8139 4 47784 47785 47786 47787
48055 8242 8300 3 47789 47790 47792
48056 8403 8455 6 47797 47795 90212 90213 96935 97055
48057 8403 8140 3 47795 47796 90216
48058 8209 8263 5 47801 47802 96888 96912 95423
48059 8209 8460 3 47802 47799 47840
48060 8209 8593 4 47799 47801 95422 47839
48061 8263 8460 6 47800 47802 89951 47844 47845 96940
48062 7842 7862 7 47806 47807 90306 90304 97122 52274 52275
48063 7668 7842 3 47806 47808 96900
48064 11927 8155 7 47818 47816 96863 96864 96572 49538 48094
48065 7473 7514 11 47822 47820 49911 49913 50336 50335 50339 50358 50251 50163 50162
48066 9778 10086 6 47823 47824 47920 47918 97268 105602
48067 9778 10166 5 47824 47825 97093 95487 95488
48068 10189 10086 5 47826 47823 105604 104482 104483
48069 10189 9778 6 47823 47825 97094 105599 104667 104666
48070 10166 10086 9 47824 47826 104488 110130 110129 104791 104790 104785 103881
48071 7970 7785 4 47828 47829 94594 96678
48072 7784 7970 6 47827 47829 94595 48177 48175 49793
48073 5614 5458 7 47830 47831 94468 94467 95810 91277 91279
48074 5614 5234 6 47831 47832 74066 75056 75059 94889
48075 5117 5234 6 47832 47833 75186 74775 74774 74067
48076 5117 5458 5 47833 47830 76666 76667 77319
48077 5117 5614 4 47830 47832 74065 91623
48078 5234 5458 7 47831 47833 77320 77711 77113 77115 94891
48079 8915 9292 5 47838 47836 105091 105092 105084
48080 8915 9128 7 47836 47837 105093 105146 105145 105212 105090
48081 8211 8209 11 47839 47840 96888 95155 95157 96918 96835 91143 91145 94968 96956
48082 7900 8272 4 47842 47841 97256 93698
48083 8263 8463 5 47845 47843 96720 96941 96942
48084 7963 8147 3 47847 47848 48317
48085 8505 7965 6 47852 47849 50041 50039 50438 49471
48086 8505 7989 6 47849 47851 48123 50448 50447 50446
48087 8413 7965 3 47850 47852 49470
48088 7543 7777 5 47854 47855 50356 48640 48638
48089 9112 9060 3 47857 47858 151595
48090 9003 9112 7 47856 47858 150902 47903 47901 96947 104981
48091 8539 8584 4 47860 47861 47927 47966
48092 8923 9063 5 47863 47864 97361 97362 97891
48093 8923 9059 7 47864 47865 93960 93958 97331 97371 97364
48094 8802 9018 5 47866 47867 96873 96871 97066
48095 8763 9018 9 47868 47866 97068 97172 97173 97806 97548 97549 97096
48096 8656 9018 3 47867 47868 97085
48097 9689 9230 4 47870 47871 152110 151989
48098 7803 8421 6 47872 47873 97658 97633 97568 97569
48099 8641 8408 5 47874 47875 97056 47887 47878
48100 8264 8423 5 47879 47880 96833 96931 96932
48101 8421 8423 7 47883 47884 97184 97670 97657 90495 90493
48102 8357 8423 6 47884 47885 97139 97140 95618 95616
48103 8357 8421 3 47882 47884 97183
48104 8423 8254 4 47883 47885 97280 97648
48105 9612 9842 8 47890 47891 151735 151736 152582 151738 48010 48011
48106 10074 9842 4 47893 47890 97136 106010
48107 10074 9612 5 47890 47892 152450 151760 97135
48108 8532 9012 8 47895 47894 150907 48778 48775 49013 48307 48304
48109 9152 9292 6 47898 47896 104121 104123 105108 105126
48110 9303 9292 3 47897 47898 105133
48111 9173 9112 3 47902 47903 150901
48112 9691 9869 3 47905 47906 151639
48113 9783 9869 5 47906 47907 105536 105535 149854
48114 9783 9821 3 47907 47904 148843
48115 9783 9691 11 47904 47906 151588 151589 151863 151954 151611 151610 151642 150989 150991
48116 9869 9821 8 47905 47907 148842 149927 151635 149971 149970 151621
48117 10769 10910 6 47910 47911 48964 48963 134080 151149
48118 10769 11385 4 47911 47912 134074 134073
48119 11542 11385 9 47912 47913 105829 134643 134645 134573 134572 151277 151161
48120 11542 10910 5 47913 47910 151150 151085 105828
48121 11542 10769 4 47910 47912 151160 151151
48122 11385 10910 4 47911 47913 105827 151170
48123 9276 9243 7 47914 47915 104158 104157 104178 99450 93525
48124 9276 9023 7 47915 47916 104202 104221 104217 104201 104173
48125 8971 9243 5 47917 47914 93527 103994 103990
48126 8971 9276 4 47914 47916 102757 93526
48127 9023 9243 6 47915 47917 103925 103927 103986 104137
48128 9778 9753 6 47918 47919 104956 97230 97160 97161
48129 8138 8095 7 47922 47923 95758 90282 90285 97273 97222
48130 7898 8138 3 47921 47923 95757
48131 8095 7938 3 47922 47924 97223
48132 8566 8767 4 47925 47926 47948 47949
48133 8769 8071 5 47928 47929 96379 48115 48113
48134 8769 8044 5 47929 47930 96373 96371 96380
48135 11928 8071 8 47931 47928 48171 96922 96550 96474 95517 95518
48136 8044 8071 4 47929 47931 48487 48486
48137 8584 8633 3 47937 47938 47939
48138 8916 9142 4 47941 47942 48459 104829
48139 8972 9142 6 47942 47943 104618 105297 104904 48461
48140 9142 8915 6 47941 47943 104616 104898 105092 104831
48141 9292 9482 4 47946 47947 95099 95100
48142 10031 9661 6 47955 47956 106627 107419 106321 105635
48143 9754 9661 5 47957 47955 105636 108078 107252
48144 9725 9661 6 47956 47957 107253 107061 94152 94154
48145 11932 8655 4 47961 47962 48080 48135
48146 8343 8534 8 47967 47968 93553 95604 94784 94783 95643 95561
48147 7426 7468 7 47970 47972 49513 49550 49499 49498 48791
48148 8880 8461 3 47974 47975 96967
48149 9066 8461 7 47975 47976 95396 48498 48499 107163 96969
48150 9066 8209 3 47976 47973 95395
48151 8461 8209 7 47974 47976 95394 94969 91145 91144 96914
48152 8868 8822 3 47978 47979 47982
48153 8767 9037 3 47980 47981 47987
48154 7458 7764 4 47984 47985 95101 95102
48155 7458 7569 6 47983 47984 96480 96854 96855 96848
48156 8767 8700 5 47986 47987 48038 48033 48032
48157 8044 11925 5 47988 47989 96506 96462 96387
48158 11928 11925 4 47990 47988 95519 95517
48159 9554 9270 3 47994 47995 104054
48160 9407 9396 3 47996 47993 98069
48161 5228 5534 5 48000 48001 77356 77357 69047
48162 5228 5826 6 48001 47999 95947 94259 94261 96014
48163 5228 5882 6 47999 48000 69046 76896 91388 91387
48164 9126 8922 5 48004 48005 152112 152114 157832
48165 9389 9691 4 48009 48007 151743 151641
48166 9593 9842 4 48012 48010 151609 105784
48167 9750 9842 7 48011 48012 105785 150092 149816 106009 97136
48168 9750 9854 5 48013 48014 150904 105061 105060
48169 8997 8775 5 48017 48018 48019 152075 48025
48170 8863 9126 3 48021 48023 152097
48171 8997 8855 3 48024 48025 151967
48172 8972 8963 6 48029 48030 97408 105318 96923 48497
48173 8972 8666 7 48030 48031 96875 96874 96880 97312 97407
48174 8461 8972 6 48029 48031 94970 94969 96723 48498
48175 8700 8822 3 48035 48036 48038
48176 9572 9523 6 48040 48041 151544 105465 105402 105224
48177 9291 9523 4 48042 48040 96927 96926
48178 9340 9523 4 48041 48042 96930 151539
48179 9317 9513 5 48043 48044 147106 152090 152089
48180 9317 9616 6 48044 48045 152091 151555 151554 147107
48181 9138 9616 3 48045 48046 147329
48182 9138 9513 5 48046 48043 149987 149988 147328
48183 9138 9317 7 48043 48045 150696 150693 152659 152489 152449
48184 8944 8464 5 48048 48047 49075 49286 49231
48185 8101 8257 3 48053 48051 48219
48186 3742 3579 4 48059 48060 48694 65836
48187 3742 3664 6 48060 48061 48688 66041 66043 48695
48188 11919 3664 4 48061 48062 65374 48689
48189 11919 3579 7 48062 48059 65837 66003 65981 65870 65372
48190 3664 3579 6 48060 48062 65373 65993 64551 48696
48191 7117 6912 5 48063 48064 49692 49391 49390
48192 11934 11933 7 48065 48066 151513 151338 151339 151341 151383
48193 11932 11933 3 48067 48065 151363
48194 9074 8861 5 48068 48070 49184 49185 152385
48195 9109 9291 3 48071 48072 105553
48196 9128 9482 6 48073 48074 104643 95098 95099 48210
48197 9128 9291 5 48074 48071 105142 105140 104641
48198 9128 9109 6 48071 48073 48209 105121 104622 104621
48199 9482 9291 6 48072 48074 104642 105223 96927 96929
48200 8147 8177 4 48077 48078 48153 48300
48201 8661 8487 3 48083 48082 48137
48202 2370 1618 5 48085 48086 121696 121694 76532
48203 2411 1618 4 48086 48087 64519 64521
48204 2411 2064 4 48087 48084 122061 76812
48205 7777 8293 4 48090 48089 48157 48277
48206 8155 7969 5 48094 48095 50254 50255 49539
48207 7969 11927 3 48094 48096 49540
48208 8272 8245 5 48098 48099 90171 90169 97662
48209 8135 8272 6 48097 48099 97654 97284 90340 90339
48210 8245 7972 4 48098 48100 52462 97721
48211 6087 7259 5 48103 48102 48947 48946 48945
48212 8037 8505 3 48104 48105 49471
48213 7893 7503 5 48106 48107 96449 48469 48467
48214 7758 7503 5 48109 48106 96487 96484 91206
48215 7926 7503 6 48107 48109 91207 96676 96679 96450
48216 8785 8177 4 48111 48110 48302 48888
48217 8527 8769 7 48115 48112 48454 96010 96012 96382 96413
48218 8527 8880 3 48112 48114 48453
48219 7338 8054 5 48116 48117 48190 48188 50421
48220 8017 7468 4 48118 48119 49531 49530
48221 8017 7338 4 48116 48118 50488 50457
48222 7468 8054 4 48117 48119 50475 50338
48223 7338 7412 4 48124 48125 48187 48190
48224 7468 7412 6 48127 48124 50338 50396 50385 50384
48225 7312 7412 8 48125 48127 50383 50392 50293 48199 48198 49193
48226 7303 7196 5 48131 48132 50538 50690 49532
48227 7303 7395 6 48132 48133 49436 49437 50624 50539
48228 7523 7303 5 48131 48133 49537 50527 49533
48229 7395 7196 5 48132 48134 48492 48491 50512
48230 7204 6879 3 48139 48140 49519
48231 7021 6879 5 48142 48139 49520 91032 91033
48232 7037 6879 7 48140 48142 48195 48194 91050 91054 95984
48233 11929 8527 6 48147 48146 95568 48763 48761 48435
48234 2727 4425 3 48148 48149 121819
48235 2727 4114 5 48149 48150 121823 121896 121868
48236 8111 8159 7 48154 48155 48170 48173 48433 48434 48160
48237 8111 8177 4 48153 48154 48159 48314
48238 8177 7963 4 48158 48159 48280 48161
48239 7963 8159 5 48158 48160 50374 50246 48162
48240 8648 8496 3 48163 48164 48191
48241 8716 8463 6 48165 48166 95661 48181 48182 97267
48242 8716 8666 5 48166 48167 96952 96880 96881
48243 8844 8463 5 48168 48165 97089 97053 97050
48244 8496 8111 5 48169 48170 48172 50449 48185
48245 8505 8111 3 48172 48173 50447
48246 7620 7970 5 48176 48177 96074 96002 91895
48247 7914 7698 4 48178 48180 90258 90255
48248 8716 8357 4 48182 48183 96903 97257
48249 8638 8463 4 48184 48181 95663 96942
48250 8638 8716 6 48181 48183 49526 49527 97317 95662
48251 8357 8463 6 48182 48184 96941 97143 97141 97153
48252 7487 7338 5 48187 48188 49410 49409 49192
48253 7412 8054 7 48189 48190 50338 50471 50459 50296 50295
48254 8147 8293 6 48193 48192 48284 48300 48315 48317
48255 6879 6918 4 48195 48196 91028 91033
48256 6939 6918 8 48196 48197 50509 50511 90954 89926 89927 90955
48257 6939 6879 4 48194 48196 91015 91016
48258 7412 6677 7 48199 48200 50259 50327 48436 48439 49028
48259 7143 6677 6 48200 48201 50357 50237 50236 50260
48260 7143 7412 5 48198 48200 50258 50382 50379
48261 6677 7312 4 48199 48201 50386 50294
48262 7764 8257 3 48203 48202 48530
48263 7514 8074 4 48204 48205 49669 50162
48264 7514 7963 7 48205 48206 50345 49516 49517 50350 49670
48265 7963 8074 4 48205 48207 48253 48721
48266 9109 9124 9 48208 48209 149920 104203 104204 150028 104633 104632 151319
48267 9400 8226 4 48213 48214 48387 105158
48268 8866 8226 5 48214 48215 48765 48764 48389
48269 8226 9149 9 48213 48215 48525 48524 133853 133852 151337 151305 106054
48270 4362 4578 5 48218 48216 64500 64849 64848
48271 4362 4626 7 48216 48217 49651 77343 72737 62162 62163
48272 8045 8073 5 48223 48224 49328 49253 49255
48273 9176 9230 5 48227 48228 151992 148420 148419
48274 9176 9060 5 48228 48229 151984 151990 151993
48275 8997 9230 5 48230 48227 152000 151692 151690
48276 8997 9176 7 48227 48229 151906 93834 93831 149883 149881
48277 8055 8090 4 48231 48232 97335 97793
48278 8245 8061 5 48233 48234 52230 97817 97753
48279 8245 8090 7 48234 48231 52462 52464 52148 52150 52229
48280 8245 8055 6 48231 48233 97576 97574 97662 97721
48281 8654 8915 3 48235 48236 96726
48282 10747 11299 4 48237 48238 48320 49229
48283 11226 11172 4 48239 48240 148861 148860
48284 11172 11299 8 48238 48240 150363 150397 150398 151290 150216 48322
48285 9969 8689 3 48242 48243 149688
48286 9969 11933 5 48243 48241 151341 105781 105780
48287 8769 7910 5 48244 48245 96382 96403 96381
48288 8165 8226 9 48247 48248 48565 48766 48767 133852 48840 48644 48645
48289 7579 8226 3 48249 48247 48652
48290 7239 8226 5 48248 48249 48664 48628 48566
48291 1252 11900 8 48250 48251 48593 48614 76983 105956 66038 66039
48292 1728 11900 6 48251 48252 134144 133279 48634 48594
48293 6565 6098 4 48257 48258 48533 48534
48294 6059 6550 5 48259 48256 50160 77461 48425
48295 6059 6565 6 48256 48258 50131 50180 50248 50159
48296 6098 6550 5 48257 48259 48426 72822 49916
48297 7476 7239 3 48260 48261 50411
48298 4574 4504 9 48263 48264 68478 68239 68240 68482 68505 68504 67866
48299 4574 4491 3 48264 48265 68459
48300 11009 11190 4 48266 48267 151252 134707
48301 11009 11243 9 48267 48268 150104 151404 150293 150294 48485 48483 151253
48302 11197 11243 5 48268 48269 151247 131647 131650
48303 11197 11190 8 48269 48266 134708 151036 150835 133835 133834 151211
48304 11243 11190 4 48267 48269 151274 151254
48305 8654 8788 3 48272 48270 96728
48306 3459 3648 8 48273 48274 61328 48311 48312 48579 66137 66106
48307 3459 3745 5 48274 48275 66126 66124 61329
48308 3153 3459 7 48273 48275 66128 66127 66132 66130 66105
48309 3745 3648 7 48274 48276 65248 65943 64735 64737 61330
48310 8293 7963 7 48277 48278 48280 48316 48317 48318 48281
48311 8487 8293 4 48284 48283 48301 48299
48312 9772 9821 8 48285 48286 105565 102862 102864 105566 105548 105549
48313 9772 9896 5 48286 48287 95434 95435 105552
48314 9949 9896 7 48287 48288 105155 105156 104676 104677 105569
48315 9949 9821 7 48288 48285 149818 149971 151636 150783 150041
48316 9949 9772 3 48285 48287 105568
48317 8930 8902 7 48291 48292 49264 109314 150900 151271 49271
48318 8902 8843 5 48294 48295 49282 151269 49271
48319 8806 8843 3 48295 48296 48882
48320 8843 8725 5 48294 48296 48881 48878 48877
48321 8293 8785 4 48301 48302 48887 48345
48322 8532 8165 6 48304 48306 48717 48771 48670 48651
48323 8293 9012 3 48305 48307 49012
48324 3648 3659 3 48311 48313 64415
48325 8293 8111 3 48314 48315 48316
48326 10564 11299 3 48320 48322 150203
48327 7923 7052 3 48324 48325 48377
48328 8182 6749 4 48326 48323 48666 48568
48329 8182 7923 5 48323 48325 48378 48340 48339
48330 5489 5492 6 48327 48328 69206 72198 55829 55827
48331 5489 5517 8 48328 48329 52124 89170 72401 72400 69388 69207
48332 5788 5517 5 48329 48330 56160 54893 52125
48333 5788 5492 6 48330 48327 89129 87225 87223 72174
48334 5788 5489 3 48327 48329 52123
48335 5517 5492 8 48328 48330 72173 72238 71961 71960 70746 69208
48336 9149 9595 5 48331 48332 134251 151227 105167
48337 9149 11931 7 48332 48333 150958 151303 151322 131620 131618
48338 9697 9149 5 48331 48333 150957 105176 105168
48339 11931 9595 3 48332 48334 134252
48340 8865 8278 5 48336 48337 95857 95855 96239
48341 8820 8278 5 48337 48338 91545 95497 95495
48342 8820 11928 4 48338 48335 96482 91543
48343 8278 11928 5 48336 48338 91544 96154 96153
48344 8279 8182 5 48340 48341 105159 48424 48423
48345 5170 4782 3 48342 48343 77476
48346 5289 4782 6 48344 48342 65745 65744 76967 76660
48347 10734 10700 6 48348 48349 148306 146960 146958 146959
48348 10734 10647 7 48349 48346 128902 128901 146914 146913 149343
48349 10734 10502 3 48346 48348 150724
48350 10700 10647 3 48347 48349 149344
48351 9170 8806 4 48350 48351 151235 151233
48352 8654 8257 3 48355 48357 48712
48353 11930 8527 5 48360 48361 48372 48396 96010
48354 11930 8182 3 48361 48362 48373
48355 9205 8861 5 48363 48364 150113 151650 150925
48356 8944 8861 3 48364 48365 49057
48357 1745 1740 5 48366 48367 48613 48380 48381
48358 1745 942 8 48367 48368 48682 65988 151423 151424 134061 134050
48359 2960 942 4 48368 48369 77145 48683
48360 2960 1745 7 48366 48368 48681 64594 134186 120457 65956
48361 942 1740 6 48367 48369 121830 121807 79360 79359
48362 8182 8866 5 48373 48374 48389 48388 48452
48363 8866 8527 4 48372 48374 48764 48397
48364 354 6308 8 48375 48376 155167 150327 150326 133996 133769 133771
48365 7923 6420 5 48377 48378 48395 48394 48680
48366 1745 2481 7 48381 48382 48633 133928 65908 65909 65956
48367 11900 1740 5 48383 48380 48614 76982 64094
48368 11900 1745 4 48380 48382 48594 48593
48369 2481 1740 5 48381 48383 64093 134162 65957
48370 9400 8182 4 48387 48388 105174 105159
48371 8707 8236 4 48392 48393 49006 49019
48372 8707 8228 4 48390 48392 49245 48785
48373 8236 8223 6 48391 48393 49005 49246 49081 49080
48374 9849 9935 10 48398 48399 151826 96772 96771 148231 148230 151779 151780 151813
48375 9849 9907 3 48399 48400 149997
48376 7052 6778 4 48402 48404 77525 75867
48377 3742 5477 5 48407 48408 48656 48654 48691
48378 3742 6568 7 48408 48409 48412 48411 133989 48625 48626
48379 5849 5477 6 48410 48407 65825 65816 64903 64904
48380 5849 3742 4 48407 48409 48686 48685
48381 6568 5477 4 48408 48410 64155 48690
48382 8226 11932 3 48413 48414 48524
48383 8226 8601 5 48414 48415 48754 48767 133853
48384 8788 8226 6 48413 48415 48755 48762 48765 48525
48385 4102 4157 6 48416 48417 76837 76835 78268 73537
48386 4102 4382 9 48417 48418 78378 78379 77416 77297 65846 63875 63876
48387 4337 4102 3 48416 48418 73538
48388 8078 8044 8 48419 48420 96507 96462 96463 96457 96399 96371
48389 8078 7123 3 48420 48421 96504
48390 8689 8279 4 48424 48422 105180 105173
48391 6550 5861 3 48425 48426 95539
48392 6098 5861 6 48426 48427 50130 50143 77434 77433
48393 5920 5426 4 48428 48429 77150 96290
48394 5920 6340 6 48429 48430 96357 77000 77002 77151
48395 6420 5426 6 48431 48428 77167 77169 77210 77161
48396 6420 5920 4 48428 48430 48600 48602
48397 6340 5426 7 48429 48431 77162 77195 74857 65851 65850
48398 8111 7606 3 48434 48432 50422
48399 8111 7989 6 48432 48433 50447 50449 50445 50444
48400 7514 7476 5 48437 48438 50358 50362 49517
48401 6677 7514 3 48436 48438 50339
48402 3477 3277 3 48440 48441 64309
48403 3477 3655 7 48441 48442 62370 62098 62099 62281 62282
48404 3267 3655 3 48442 48443 63488
48405 6583 7235 5 48445 48446 48596 49742 49746
48406 6583 6753 3 48444 48445 49110
48407 6550 6950 4 48447 48448 77531 77571
48408 8165 11929 3 48449 48450 48766
48409 9340 9140 8 48456 48457 96183 96185 105139 105137 151540 96930
48410 9080 9291 4 48458 48455 105141 105140
48411 9080 9340 5 48455 48457 105243 105181 105163
48412 9140 9291 6 48456 48458 105142 105553 96929 96926
48413 9142 9072 5 48461 48459 104907 105017 104903
48414 8972 9072 3 48460 48461 104902
48415 6970 7353 5 48462 48463 50453 50036 50038
48416 6776 6932 5 48464 48465 95812 95612 95613
48417 6776 7353 6 48465 48462 96317 95335 95337 95811
48418 6776 6970 7 48462 48464 91178 48479 48481 77347 96316
48419 7569 7503 6 48467 48468 96480 96451 96452 96487
48420 7764 7503 7 48468 48469 96603 96602 88864 88861 95102
48421 9359 9577 6 48471 48472 104986 104987 104863 104861
48422 9359 9392 6 48472 48470 105003 105306 105322 105321
48423 9359 9558 6 48470 48471 105068 105357 105362 105002
48424 8449 8430 3 48473 48474 48787
48425 6170 6193 9 48477 48478 68758 91164 90909 77850 77852 90890 90588
48426 6161 6170 4 48476 48478 68757 50284
48427 6970 6089 3 48479 48480 77398
48428 6970 6432 5 48480 48481 77346 96776 77399
48429 6776 6432 4 48481 48482 77872 77348
48430 6776 6089 5 48482 48479 77742 76593 76594
48431 6432 6089 8 48480 48482 77373 77334 77336 91014 76908 76910
48432 11009 11023 6 48483 48484 48902 132915 151379 151323
48433 11009 11940 4 48484 48485 151391 48901
48434 1706 2285 4 48489 48490 133684 133887
48435 11906 1706 7 48488 48490 133685 133940 133939 48938 48937
48436 7196 7362 4 48492 48493 50330 50540
48437 7048 7362 6 48493 48494 49949 49534 49536 50331
48438 7048 7196 4 48491 48493 50329 50513
48439 9066 8972 4 48497 48498 50405 50406
48440 7561 7171 5 48501 48502 50461 50464 95403
48441 7078 7171 9 48502 48503 95864 95871 96000 96653 95814 95813 96715
48442 7078 6960 7 48503 48500 77007 77607 77606 94750 94749
48443 7171 6960 3 48501 48503 95863
48444 6196 6403 6 48504 48505 96520 96428 96429 96468
48445 6196 6085 5 48505 48506 96565 96689 96521
48446 5331 6196 5 48504 48506 77553 77554 96143
48447 8534 8666 3 48508 48509 97334
48448 8534 8963 5 48509 48507 94778 94779 97333
48449 5797 5256 6 48510 48511 94881 92347 92345 75675
48450 5797 5459 5 48511 48512 95867 95866 96031
48451 5067 5797 5 48510 48512 96051 95902 75674
48452 7616 7570 4 48513 48514 95550 95548
48453 7616 7623 5 48514 48515 50044 50045 96744
48454 7353 7623 6 48515 48516 95234 96857 96669 77035
48455 7353 7616 8 48513 48515 77034 95640 96749 95329 95327 95962
48456 7623 7570 6 48514 48516 95233 96847 96884 96745
48457 8257 8124 3 48517 48519 96856
48458 11921 5396 6 48522 48523 50225 50224 65370 77326
48459 11921 6507 3 48523 48520 96025
48460 3436 3594 6 48528 48529 78724 78777 78778 121962
48461 3436 3502 5 48529 48527 77076 77078 78649
48462 3436 3181 5 48527 48528 121960 78610 78490
48463 4481 4451 6 48531 48532 64902 64900 65134 50215
48464 6565 6432 4 48534 48535 50141 49915
48465 6370 6432 5 48535 48536 50748 50267 50265
48466 6432 6098 8 48534 48536 50749 50750 77334 77374 72823 49916
48467 7926 6950 4 48537 48538 91207 77069
48468 6749 7644 4 48539 48541 48663 48669
48469 10309 11939 5 48548 48545 134358 150049 150048
48470 10309 11125 3 48545 48547 134357
48471 11742 11939 4 48546 48548 106064 106039
48472 8174 7463 3 48549 48550 95540
48473 8174 7046 7 48550 48551 95492 91334 91335 76875 76876
48474 7439 7046 4 48551 48552 94731 95628
48475 7439 7463 7 48552 48549 95884 94813 94814 94711 94710
48476 9184 7259 9 48555 48556 134729 151224 48944 48943 131626 131625 132233
48477 8121 9184 3 48555 48557 132234
48478 2771 1724 5 48559 48560 134030 133977 133978
48479 3742 2838 5 48561 48562 133560 133989 133970
48480 3742 2771 4 48559 48561 133969 133980
48481 6420 7883 3 48563 48564 95963
48482 7239 6749 7 48567 48568 48664 48665 48571 48570 48572
48483 5448 5168 7 48573 48574 64608 65726 50060 50061 65605
48484 5335 5168 5 48574 48575 65546 65545 64610
48485 7410 7038 5 48577 48578 50545 90931 97485
48486 7410 7371 5 48576 48577 95766 95767 50376
48487 3603 3648 3 48579 48580 65833
48488 3646 3359 5 48581 48582 49401 49402 66087
48489 3646 3103 4 48582 48583 66101 64727
48490 3352 3103 5 48583 48584 135625 135593 66142
48491 3352 3646 6 48581 48583 66141 66090 66007 66009
48492 3103 3359 9 48582 48584 135677 135684 66362 66363 64314 64315 64398
48493 3702 3341 3 48585 48586 64588
48494 3386 3341 10 48586 48587 63754 120553 135462 65977 65975 65967 65964 64671
48495 3341 3491 6 48585 48587 63753 63827 64558 64590
48496 11920 4425 9 48588 48589 76989 64797 64798 65417 77179 77211 77198
48497 11920 4474 6 48589 48590 76987 77252 77206 76990
48498 5471 4474 8 48590 48591 77187 121914 66042 48655 48657 64680
48499 5471 4425 5 48591 48588 77200 121905 77186
48500 5471 11920 6 48588 48590 76988 77209 77201 77199
48501 4474 4425 3 48589 48591 76991
48502 1745 1252 6 48592 48593 48613 134050 121717 65912
48503 1728 1745 6 48592 48594 48633 133973 65941 65913
48504 2481 2379 3 48597 48598 63798
48505 3085 2379 7 48598 48599 62739 62740 120688 120687 63799
48506 2379 11900 6 48597 48599 134149 133986 133987 135494
48507 5920 7361 7 48600 48601 65933 65932 77174 77172 96357
48508 5920 7223 5 48601 48602 96290 65871 65872
48509 6420 7223 5 48602 48603 151418 77170 77167
48510 7223 7361 6 48601 48603 134727 95552 95551 96396
48511 11742 11060 4 48604 48605 134287 134288
48512 11742 416 5 48605 48606 48758 48756 129046
48513 11897 11060 5 48607 48604 134412 151197 149692
48514 11897 11742 8 48604 48606 105711 106126 106125 104966 104965 134411
48515 416 11060 12 48605 48607 133966 133965 151408 151381 151380 151385 151413 151428 151430 151121
48516 8201 7543 3 48608 48609 48871
48517 10758 10654 8 48611 48612 151169 151166 151220 151221 134229 134227
48518 10758 10058 3 48610 48611 134009
48519 6568 5471 5 48615 48616 48627 48626 48690
48520 1884 1599 6 48617 48618 64631 64632 134100 134098
48521 1884 1307 5 48618 48619 121175 121176 135007
48522 2021 1884 9 48617 48619 134946 135411 134155 134154 119997 119999 134156
48523 10467 10225 3 48620 48621 151500
48524 10467 9896 5 48621 48622 151501 134200 134199
48525 10304 9896 5 48622 48623 150051 104677 104679
48526 10304 10467 8 48620 48622 151439 151251 150332 149435 149437 151488
48527 9896 10225 6 48621 48623 146930 146931 150068 150067
48528 3742 3063 7 48624 48625 133560 133559 65898 65900 66043
48529 5471 3063 7 48627 48624 66044 134189 133931 133929 65512
48530 5471 3742 5 48624 48626 48656 48655 66041
48531 6568 3063 7 48625 48627 65513 48829 48828 133729 133728
48532 11190 11385 6 48629 48630 151170 134073 134072 151127
48533 11190 11130 4 48630 48631 151293 151250
48534 11325 11130 6 48631 48632 150303 150516 150518 151299
48535 11325 11385 5 48632 48629 151096 133943 133944
48536 11325 11190 6 48629 48631 151297 151261 66028 66025
48537 11130 11385 7 48630 48632 150302 150530 150140 105829 105827
48538 1728 2481 4 48633 48634 133278 133913
48539 8005 8201 3 48635 48636 48853
48540 7543 7559 4 48639 48640 49495 49488
48541 7543 7660 9 48638 48639 49486 49491 49701 48873 48872 48871 48866
48542 6320 6536 4 48641 48642 50092 50067
48543 6532 6536 4 48642 48643 49714 49715
48544 6536 11923 5 48641 48643 49076 49078 50017
48545 6749 8226 5 48645 48646 48666 48664 48652
48546 5538 4318 6 48648 48647 64397 66249 66250 66251
48547 5477 5471 5 48656 48657 64681 64156 48690
48548 6536 5737 3 48658 48659 49472
48549 5994 5737 8 48659 48660 65524 65651 49919 49920 49770 49474
48550 5737 6009 8 48658 48660 65498 64899 50122 50120 49873 49671
48551 11932 9400 6 48667 48668 151364 151363 149809 105175
48552 8165 11931 4 48673 48671 48788 151303
48553 10138 9881 3 48675 48676 133686
48554 8595 9284 6 48677 48679 134005 149562 150994 134205
48555 1 942 6 48682 48683 77147 77185 151465 65989
48556 1 2960 6 48683 48681 64596 121898 78726 77146
48557 1 1745 3 48681 48682 64595
48558 3857 5849 5 48686 48687 65832 66019 48693
48559 5849 4702 4 48685 48687 65826 65825
48560 3664 4474 6 48689 48688 66042 121903 65739 65738
48561 4702 5477 6 48691 48692 65814 50209 50210 65825
48562 3664 3407 6 48695 48696 64550 65911 65910 65996
48563 1592 1303 6 48697 48698 135014 135015 135143 135141
48564 1592 904 5 48698 48699 64004 64002 64344
48565 1111 1303 9 48700 48697 135210 135211 135181 133456 133458 135119 135127
48566 1111 1592 6 48697 48699 134805 134804 64174 64173
48567 904 1303 4 48698 48700 135129 135128
48568 11519 11723 8 48708 48709 151095 151276 151136 120504 120502 134202
48569 11519 11325 5 48709 48710 66027 66025 151096
48570 72 11325 4 48710 48711 150149 150148
48571 72 11723 5 48711 48708 134204 150498 150497
48572 72 11519 6 48708 48710 134013 134015 151129 134203
48573 11325 11723 4 48709 48711 133945 133943
48574 8155 8257 5 48712 48713 96561 96473 50419
48575 8155 8444 4 48713 48714 50171 77663
48576 7963 7579 4 48718 48720 49670 48721
48577 5335 5567 3 48722 48723 64743
48578 5699 5567 7 48723 48724 65328 65038 65037 65473 65559
48579 4031 3821 4 48725 48726 62922 65048
48580 4031 4047 4 48726 48727 64153 62923
48581 3779 4031 6 48725 48727 64152 62313 62312 66235
48582 5808 5930 5 48728 48729 49909 50064 65588
48583 5808 6361 4 48729 48730 50025 49910
48584 5849 5930 6 48731 48728 65344 65345 66020 48989
48585 5849 5808 5 48728 48730 50055 64903 65792
48586 6361 5930 5 48729 48731 48990 49102 49099
48587 4524 4516 7 48732 48733 50194 50220 50221 64686 65218
48588 2723 2700 7 48735 48736 64443 64444 64352 64353 133790
48589 2723 2760 4 48736 48737 133803 66084
48590 2299 2760 5 48737 48738 135485 135486 135609
48591 2299 2723 5 48735 48737 133420 133421 133791
48592 2760 2700 7 48736 48738 117964 117965 134304 135288 66085
48593 9701 9698 6 48739 48740 150791 152527 152553 105076
48594 9701 9925 4 48740 48741 104134 150792
48595 9971 9698 5 48742 48739 105078 96898 96897
48596 9971 9701 6 48739 48741 104135 152526 152550 105077
48597 10255 10284 8 48743 48744 150926 151103 150937 150938 151552 134225
48598 10284 10616 5 48743 48745 151294 151601 134226
48599 11934 9896 5 48746 48747 105709 105476 105193
48600 11934 9947 6 48747 48748 151518 151542 151546 151516
48601 10248 9947 4 48748 48749 151468 151469
48602 10248 9896 6 48749 48746 105194 150068 134201 134200
48603 9947 9896 7 48747 48749 151501 104679 104676 105464 105463
48604 11364 11467 8 48751 48752 121685 77038 77037 150425 106049 77022
48605 11401 11467 6 48752 48753 105831 105641 105639 106026
48606 11401 11364 3 48750 48752 106052
48607 11467 11734 4 48751 48753 105988 77023
48608 11742 11940 9 48756 48757 150155 149910 149911 106038 106039 106065 129047
48609 11742 455 5 48757 48758 105711 150035 150036
48610 416 11940 5 48759 48756 129048 151430 150323
48611 455 11940 6 48757 48759 150324 150868 151395 150158
48612 8226 8527 4 48760 48761 48762 48764
48613 8165 8101 4 48768 48769 48771 48770
48614 10654 11197 3 48773 48774 150033
48615 10654 10599 8 48774 48772 151384 151310 151296 151167 151166 151195
48616 10654 11009 9 48772 48773 150032 151406 150293 150292 151122 151124 151361
48617 8806 8785 10 48776 48777 48887 48888 49259 49224 49225 151235 151236 150060
48618 8785 9012 3 48776 48778 150062
48619 8774 8464 3 48781 48783 49046
48620 11931 8201 3 48792 48793 48801
48621 8164 8449 3 48794 48795 49039
48622 5275 5344 7 48804 48805 65271 65272 67009 50197 50199
48623 8430 8595 3 48806 48807 48889
48624 10221 636 8 48808 48809 155355 155516 132789 132790 133092 133093
48625 439 636 7 48809 48810 132863 133025 133026 155218 155217
48626 636 2721 5 48808 48810 132862 132881 132883
48627 4994 4769 5 48813 48814 50865 68653 63586
48628 4751 4769 6 48816 48813 63587 68369 68805 68804
48629 4751 4994 4 48813 48815 50889 50890
48630 4823 4769 3 48814 48816 50867
48631 7099 7560 6 48817 48818 49713 49926 49219 49220
48632 7099 7073 3 48818 48819 49620
48633 1448 1724 6 48820 48821 133878 133855 133856 134030
48634 5082 5420 3 48822 48823 67088
48635 5082 4713 8 48823 48824 67309 67306 67119 49674 49672 67206
48636 5461 4713 3 48824 48825 67252
48637 5461 5420 7 48825 48822 63996 63998 66973 67199 67217
48638 3063 9184 5 48829 48826 150812 151226 151225
48639 6568 9184 4 48827 48829 151389 151224
48640 8980 8430 6 48830 48831 49283 150189 151321 48839
48641 10154 10225 7 48832 48833 105547 105545 150654 150655 151092
48642 10765 10564 7 48834 48835 149400 106164 106163 150037 151525
48643 5849 6342 4 48836 48837 64904 50055
48644 8226 8430 4 48838 48839 151337 48840
48645 8464 8425 6 48841 48842 49233 49234 49329 49327
48646 8425 8229 4 48841 48843 49324 49323
48647 8201 7660 8 48847 48846 48875 48876 48871 48869 48854 48853
48648 7235 7660 6 48848 48849 48854 48870 48873 49934
48649 8236 8229 4 48861 48862 49048 49047
48650 8073 8229 5 48862 48863 49253 48915 48914
48651 8223 8368 3 48864 48865 49295
48652 7660 7452 3 48869 48870 48872
48653 7543 7235 3 48874 48873 49684
48654 8930 8843 4 48879 48877 49271 151270
48655 11931 8843 4 48878 48879 150256 49188
48656 8843 9012 5 48881 48882 49282 150255 49188
48657 8657 8944 5 48884 48885 49286 49288 49314
48658 2505 354 5 48890 48891 64896 64895 133771
48659 5539 5438 6 48893 48894 66076 65069 65070 66291
48660 6437 5438 4 48894 48895 66154 66254
48661 7259 8782 4 48897 48898 134207 132233
48662 6384 8782 6 48898 48899 48978 48979 134020 134208
48663 10815 11009 5 48901 48902 132913 151122 151443
48664 10815 11023 4 48902 48903 134413 132914
48665 11940 10815 7 48901 48903 133152 129047 129048 151440 151442
48666 8121 8201 3 48905 48906 48940
48667 6087 6384 5 48907 48908 48949 48947 48975
48668 8928 8913 4 48909 48910 152640 49239
48669 6648 6302 3 48911 48913 49647
48670 7912 8073 5 48917 48914 49049 49317 49316
48671 7912 8229 4 48914 48916 49261 49048
48672 7983 8073 4 48915 48917 49450 49255
48673 2425 3103 5 48918 48919 133847 133861 133830
48674 3154 3103 7 48919 48920 66173 66102 66101 66142 133848
48675 3103 2423 4 48918 48920 132239 132238
48676 5551 7563 5 48921 48922 132416 65337 65338
48677 5551 8185 5 48922 48923 66262 66296 132415
48678 4437 4381 6 48924 48925 66620 67222 67227 66491
48679 4437 4770 4 48925 48926 65230 65231
48680 4469 4770 4 48926 48927 67215 65284
48681 4469 4381 5 48927 48924 64262 64261 67140
48682 4770 4381 6 48925 48927 67214 67216 66232 66230
48683 3237 2838 6 48930 48928 133970 133974 133661 133660
48684 2136 2838 5 48929 48930 48933 48932 64799
48685 2838 876 5 48931 48932 65369 134299 66470
48686 3196 2838 4 48931 48933 133660 66471
48687 1706 1277 4 48934 48935 121891 121892
48688 2604 11906 5 48938 48939 133786 133779 133777
48689 2604 2136 5 48939 48936 134029 134027 133983
48690 11906 2136 4 48937 48939 133984 133985
48691 10536 9184 3 48942 48943 134010
48692 372 474 7 48953 48954 134426 134427 134401 134399 120606
48693 871 474 7 48954 48955 105853 105854 107646 107644 134363
48694 871 430 4 48955 48952 121309 134431
48695 871 372 5 48952 48954 134428 134432 121308
48696 474 430 5 48953 48955 134403 134131 120607
48697 365 405 6 48956 48957 151017 133964 133962 134269
48698 405 11898 7 48958 48959 150947 151229 151412 134273 65990
48699 876 11898 5 48959 48960 65369 134300 150948
48700 10813 11190 9 48961 48962 150974 151036 150190 150193 151281 151297 151293
48701 10813 10769 5 48962 48963 134078 151246 150973
48702 10910 11190 4 48964 48961 151250 151170
48703 10910 10813 5 48961 48963 134079 149511 151288
48704 10769 11190 6 48962 48964 134073 133836 133835 150834
48705 6302 6555 5 48965 48966 49613 49676 49677
48706 6145 5918 3 48971 48972 49988
48707 6907 6478 5 48976 48977 49134 49148 65737
48708 6907 8782 4 48977 48978 48991 49133
48709 3989 4317 5 48981 48982 63635 63636 62264
48710 4097 3799 5 48983 48984 67110 62383 62365
48711 4097 4317 4 48984 48981 62266 67155
48712 7541 7899 3 48986 48987 49319
48713 7013 8175 3 48988 48985 49355
48714 5930 6753 5 48989 48990 49110 49745 66050
48715 1051 11084 6 48992 48993 155029 154989 154778 49010
48716 9632 9679 7 48995 48997 152270 152204 152206 152896 154395
48717 3154 2632 4 48999 49000 64723 64725
48718 340 560 5 49003 49004 133697 134239 131646
48719 340 392 8 49004 49001 150446 131866 131867 134190 134663 133696
48720 340 333 4 49001 49003 131645 150442
48721 8258 8894 6 49015 49016 49305 49340 49276 49275
48722 9385 9697 6 49022 49023 106077 105667 49197 49198
48723 9972 9697 8 49023 49024 150838 150837 96415 96416 151292 151561
48724 9972 9667 7 49024 49021 151354 150595 96907 96906 106082
48725 9972 9385 4 49021 49023 151551 151534
48726 9697 9667 3 49022 49024 105447
48727 3857 3196 6 49025 49026 65075 49760 49761 62863
48728 6532 7476 4 49029 49027 49947 49946
48729 6532 7412 4 49027 49028 50293 50393
48730 6269 6633 4 49033 49034 49037 49656
48731 6269 6157 5 49034 49035 49383 49375 49038
48732 6648 6157 5 49035 49036 49657 49661 49457
48733 6648 6633 7 49036 49033 49647 49648 49605 49606 49642
48734 8228 7541 3 49041 49042 49338
48735 8223 8164 3 49043 49040 49044
48736 8774 8228 5 49050 49052 49333 49336 49245
48737 6684 6697 4 49053 49054 50591 50590
48738 6423 6697 6 49054 49055 51596 50652 50653 50661
48739 6697 6415 3 49053 49055 51646
48740 9618 8764 8 49058 49059 134712 134710 150813 155044 155165 154015
48741 9618 9129 5 49059 49060 150721 150842 150843
48742 9556 9618 4 49058 49060 150722 154016
48743 8591 6308 4 49063 49061 66302 66297
48744 9112 9308 6 49065 49066 151710 151595 150902 150901
48745 6363 6450 8 49067 49068 53689 51635 51633 52117 55396 53692
48746 6363 6429 6 49068 49069 54894 53082 53080 53690
48747 6094 6450 4 49070 49067 53068 53069
48748 6094 6363 7 49067 49069 51604 51603 55997 55868 53693
48749 7 10643 6 49074 49072 132697 155232 155231 155223
48750 753 10643 3 49073 49074 132858
48751 11923 6610 4 49076 49077 49993 50026
48752 6583 6610 5 49077 49079 49481 49463 49465
48753 6907 5438 4 49082 49083 66077 65737
48754 7030 6902 4 49084 49086 50454 50456
48755 6969 6583 8 49092 49093 49742 49923 49480 49463 49464 50035
48756 6969 7452 3 49093 49094 49683
48757 7543 6583 3 49095 49092 50018
48758 7543 6969 8 49092 49094 49684 49701 49700 49932 49933 50032
48759 6532 6610 4 49096 49097 49714 50026
48760 6532 6346 7 49097 49098 49762 50008 50007 50091 49715
48761 6028 5930 5 49099 49100 49984 49985 49909
48762 6028 6583 4 49100 49101 50031 49998
48763 6583 5930 9 49100 49102 49110 49746 49923 49876 49874 49769 49768
48764 6797 6633 5 49103 49104 49729 49111 49112
48765 6555 6633 5 49104 49105 49678 49677 49773
48766 6633 6900 5 49103 49105 49697 49659 49660
48767 5017 5245 3 49106 49107 65611
48768 5017 5299 8 49107 49108 64905 68376 68375 62254 62256 65609
48769 5015 5299 4 49108 49109 65644 64907
48770 5015 5245 6 49109 49106 65615 65618 65243 65244
48771 5015 5017 7 49106 49108 64906 68904 64768 64769 65614
48772 7013 6633 3 49113 49111 49730
48773 4528 4886 4 49114 49115 78210 73027
48774 5078 4886 5 49115 49116 72906 72907 73018
48775 4886 4558 6 49114 49116 78300 78293 77457 73028
48776 8785 8828 3 49119 49120 49224
48777 8764 6478 9 49121 49122 49125 49126 49142 49134 49135 151056 146162
48778 6308 6437 6 49123 49124 66264 65336 65339 133274
48779 6308 6478 9 49124 49121 132055 132057 150242 134012 65301 65302 66266
48780 6308 8764 4 49121 49123 155005 146163
48781 8764 7073 4 49126 49127 49129 49143
48782 8764 8005 5 49130 49131 49149 49146 49132
48783 8764 6907 6 49133 49134 49147 49145 49146 49151
48784 8764 7981 3 49139 49140 49141
48785 8764 6623 4 49142 49143 49144 49147
48786 8764 8121 3 49149 49150 49151
48787 8774 8894 7 49152 49153 49157 150769 151071 49168 49155
48788 8688 8894 3 49157 49158 150583
48789 9853 9852 8 49160 49161 149914 152350 104081 104079 152278 152343
48790 9853 9640 4 49161 49162 152092 149915
48791 9738 9852 5 49163 49160 148579 148580 152141
48792 9170 9074 3 49165 49166 152500
48793 8774 9129 3 49167 49168 150848
48794 10976 11270 5 49169 49170 77036 151453 151506
48795 10976 11467 5 49170 49171 151237 150424 77037
48796 9213 9002 4 49172 49173 154198 153936
48797 8928 9209 11 49177 49174 152572 152640 152622 152521 152520 152562 152657 152663 152577
48798 8928 9321 3 49174 49176 151640
48799 9095 9209 3 49175 49177 152578
48800 9036 8861 5 49185 49183 150925 149886 149885
48801 10535 2838 4 49186 49187 134197 134299
48802 9595 8980 6 49190 49191 151227 151377 151451 151449
48803 9595 9184 6 49191 49189 151387 151434 134252 134251
48804 9595 10058 4 49189 49190 134042 134043
48805 7312 7487 4 49192 49193 49477 49475
48806 9385 11932 6 49198 49199 150906 151349 151301 105446
48807 9012 9385 6 49197 49199 150907 150062 150061 105668
48808 11932 9697 7 49198 49200 105176 105175 149810 150838 105447
48809 9772 10154 6 49201 49202 149419 105425 105426 105538
48810 9772 10117 4 49202 49203 105558 105559
48811 9937 10117 5 49203 49204 95232 105527 150747
48812 9937 10154 4 49204 49201 105539 95230
48813 9937 9772 5 49201 49203 105567 105548 105537
48814 10117 10154 6 49202 49204 95231 150946 150945 149420
48815 9511 9674 3 49206 49207 149603
48816 9632 9205 3 49208 49205 152559
48817 9361 9525 5 49209 49210 152722 152603 152602
48818 9361 9484 3 49210 49211 152709
48819 9440 9525 3 49212 49209 152484
48820 9484 9525 7 49210 49212 104130 104129 150826 152869 152723
48821 9354 9294 3 49213 49215 152650
48822 7509 7560 5 49218 49219 49930 49405 49345
48823 7099 7509 4 49217 49219 49393 49394
48824 10334 10201 3 49221 49222 152441
48825 8628 8464 3 49232 49233 49235
48826 8657 8596 5 49240 49241 49242 49249 49248
48827 8223 8565 5 49250 49251 49295 49354 49306
48828 8229 8045 5 49253 49254 49321 49323 49326
48829 8223 8895 4 49256 49257 49306 49303
48830 8806 8497 4 49258 49259 49260 49308
48831 8175 8894 3 49262 49263 49275
48832 8930 8944 3 49264 49265 109315
48833 5861 5638 5 49266 49267 50143 77449 95648
48834 5713 5638 7 49267 49268 64569 64571 77412 77560 50144
48835 5638 5679 7 49266 49268 65544 65543 77475 77499 95650
48836 7560 8175 3 49269 49270 49277
48837 6555 6581 6 49273 49274 49676 49678 49698 49479
48838 6555 6406 3 49272 49273 49478
48839 9612 9377 3 49278 49280 151623
48840 9269 9513 4 49279 49281 152508 149988
48841 9184 7644 5 49284 49285 151225 151389 134729
48842 8073 8657 3 49287 49288 49313
48843 7302 7374 4 49289 49290 50137 49887
48844 8221 8944 4 49310 49311 49314 49312
48845 8073 7509 5 49317 49315 49407 49406 49411
48846 8229 8120 4 49321 49322 49325 49324
48847 8464 8045 4 49326 49327 49332 49328
48848 8464 8221 4 49329 49330 49331 49332
48849 8774 8164 3 49333 49334 49337
48850 6820 7312 4 49341 49343 50392 50288
48851 7509 8164 5 49344 49345 49404 49406 49414
48852 7565 7610 6 49346 49347 49551 49419 49420 49424
48853 7150 8175 6 49348 49350 49358 49356 49355 49367
48854 7610 7467 4 49352 49353 49420 49361
48855 8175 7386 3 49357 49358 49359
48856 6302 5775 4 49365 49366 49826 49386
48857 5775 6269 4 49364 49366 49825 49631
48858 7541 7150 3 49367 49368 49369
48859 8258 8688 3 49371 49372 49373
48860 5686 6269 5 49375 49376 65200 49640 49384
48861 7381 7733 4 49378 49379 49380 49395
48862 7381 7345 5 49381 49382 49395 49396 49688
48863 6302 6158 6 49385 49386 49857 49778 49613 49612
48864 4342 4228 9 49388 49389 65204 65257 66375 66376 67269 67270 67020
48865 6969 7509 7 49392 49393 49930 49699 49700 49928 49702
48866 7509 6900 5 49392 49394 49627 49626 49625
48867 6725 6694 6 49397 49398 49892 50966 49448 49449
48868 3685 3359 4 49402 49403 66175 66088
48869 3685 3710 7 49403 49400 64136 64134 66217 66192 66189
48870 3685 3646 6 49400 49402 66086 66118 66117 66004
48871 3359 3710 10 49401 49403 66190 66210 61971 61970 66334 62886 62888 64398
48872 7871 7487 5 49410 49408 50016 50333 50332
48873 7509 8236 4 49411 49412 49413 49414
48874 6474 6145 3 49417 49415 50710
48875 7565 7117 3 49418 49419 49433
48876 6451 6588 6 49421 49422 52402 51011 51012 51451
48877 7565 7912 4 49424 49425 49426 49427
48878 6557 6652 4 49429 49430 51508 51494
48879 6557 6390 8 49430 49431 51444 51443 51510 51499 51497 51503
48880 6391 6557 7 49429 49431 51496 51471 51469 53052 51493
48881 7303 7338 4 49437 49438 50042 50621
48882 7468 7467 6 49440 49441 49545 49546 49548 49499
48883 7559 7468 6 49439 49441 49541 49543 50385 49497
48884 7783 7871 4 49443 49444 49445 50340
48885 6581 6820 4 49446 49447 49902 49479
48886 5730 5547 4 49453 49454 88859 88858
48887 5730 5542 10 49454 49455 72645 72646 90310 90311 91281 91264 91262 91270
48888 5268 5547 6 49456 49453 89138 72454 72455 87407
48889 5268 5730 4 49453 49455 73918 89137
48890 5542 5547 3 49454 49456 88475
48891 7373 7559 7 49461 49462 49487 49488 49494 49865 49497
48892 7509 7373 5 49460 49462 49490 49489 49928
48893 6820 6583 3 49464 49465 49994
48894 8869 9009 10 49466 49467 99305 98796 98794 98820 99400 99285 99286 99375
48895 8869 8962 5 49467 49468 99223 99327 99306
48896 8605 8962 6 49468 49469 98776 92870 92869 99225
48897 8605 9009 3 49469 49466 99363
48898 8605 8869 6 49466 49468 99224 99380 99378 99377
48899 8962 9009 8 49467 49469 99316 99315 98775 98774 98828 99169
48900 5737 6583 4 49474 49472 49671 49769
48901 7312 7395 3 49475 49476 50261
48902 6145 6444 3 49482 49483 49894
48903 6145 6401 5 49483 49484 49833 49840 49895
48904 6488 6401 3 49484 49485 49835
48905 6401 6444 7 49483 49485 49709 49708 51983 50927 49896
48906 7373 7660 3 49486 49487 49490
48907 7543 7509 3 49491 49489 49700
48908 7476 8029 3 49492 49493 50380
48909 6122 6388 4 49507 49508 54512 51181
48910 6122 6192 4 49508 49509 54441 54460
48911 6017 6528 5 49510 49511 91148 73768 50900
48912 6098 6528 4 49511 49512 50750 77335
48913 7204 6876 5 49518 49519 95700 95699 96663
48914 6879 6876 6 49519 49520 95441 50299 50298 95984
48915 6989 6698 6 49521 49522 90993 90991 50302 50303
48916 6989 6704 6 49522 49523 91018 96796 91047 91048
48917 7134 6698 5 49524 49521 96162 96159 96664
48918 7134 6989 5 49521 49523 91019 91038 91043
48919 6704 6698 5 49522 49524 96665 95869 95868
48920 7952 7468 8 49529 49531 50475 50396 49543 49542 49546 49547
48921 7362 7232 5 49534 49535 50501 96708 49950
48922 8155 7758 4 49538 49539 90953 96573
48923 7468 7834 3 49541 49542 49545
48924 7559 7952 4 49543 49544 50472 50397
48925 7565 7468 4 49547 49548 49550 49549
48926 7340 7610 5 49551 49552 49562 49583 49553
48927 6905 6633 3 49555 49556 49642
48928 7229 7271 6 49559 49560 51461 51235 51234 51464
48929 7264 7271 4 49561 49559 51277 51276
48930 7149 7271 4 49560 49561 50611 50610
48931 6467 6553 8 49565 49566 51583 51946 51986 51719 51440 50649
48932 6467 6593 3 49566 49564 51582
48933 4125 4430 3 49569 49567 57880
48934 4125 4342 4 49567 49568 65257 67136
48935 6855 7252 3 49573 49574 51314
48936 6146 6221 7 49575 49576 50702 50703 50963 49636 49639
48937 4657 4720 3 49578 49579 65797
48938 4222 4713 5 49580 49577 66379 67274 67277
48939 4222 4657 8 49577 49579 65449 65448 66113 65444 65443 66317
48940 4720 4713 7 49578 49580 67278 67309 67252 67212 65798
48941 7010 7610 3 49583 49584 49585
48942 6925 6648 5 49587 49588 49664 49668 49649
48943 5624 5775 8 49590 49591 49744 51086 49781 49779 65317 49799
48944 5624 5699 5 49589 49590 49798 65473 51070
48945 5486 5393 4 49593 49594 68934 68362
48946 5693 5393 5 49594 49596 51192 51108 51105
48947 7010 7584 3 49597 49598 49599
48948 5947 6648 3 49602 49603 49811
48949 6912 6633 4 49604 49605 49703 49659
48950 6158 5685 4 49611 49612 49628 49808
48951 6808 6900 4 49619 49618 49660 49658
48952 5661 6221 3 49621 49622 49795
48953 5780 5653 3 49623 49624 49717
48954 5653 6221 6 49622 49624 49885 49639 49638 51001
48955 5764 5708 3 49629 49630 65180
48956 5775 5708 6 49630 49631 49849 49782 49779 65181
48957 5708 6269 6 49629 49631 49847 49641 49640 65199
48958 6912 7345 6 49633 49634 49688 49692 49693 49694
48959 6107 6146 6 49636 49637 49987 50993 51257 51035
48960 6107 5653 6 49637 49638 51000 51124 51037 49986
48961 6302 6633 6 49646 49647 49656 49728 49726 49677
48962 6633 6581 5 49646 49648 49703 49697 49678
48963 4626 4411 6 49650 49651 76886 65390 64628 63911
48964 5248 5413 3 49653 49654 51053
48965 5185 5413 7 49654 49655 68365 68112 68113 61510 51054
48966 5185 5486 3 49655 49652 68143
48967 6648 6854 5 49661 49662 49664 49666 49663
48968 6648 6735 4 49665 49666 49668 49667
48969 7514 7579 4 49669 49670 50252 50163
48970 5082 5176 5 49672 49673 58185 64972 67205
48971 5082 4430 3 49673 49674 58186
48972 5429 6009 4 49680 49681 49997 64899
48973 5429 5335 7 49681 49679 49844 65802 65245 64979 49995
48974 6009 5699 8 49685 49686 49718 49996 49997 50122 50121 49870
48975 6555 5699 3 49687 49685 49809
48976 6158 5699 5 49686 49687 49808 49783 49719
48977 6912 7099 3 49689 49690 49691
48978 6912 6924 3 49694 49695 49696
48979 7660 6969 4 49699 49701 49934 49931
48980 6581 6912 3 49703 49704 49705
48981 6797 7560 4 49711 49712 49924 49713
48982 5527 5780 7 49717 49716 64840 64579 64578 50118 49884
48983 904 1100 5 49721 49722 132176 132178 134813
48984 904 1424 6 49722 49720 134903 64005 64002 64345
48985 904 1454 3 49720 49721 134902
48986 4445 5093 6 49723 49724 61480 49756 49754 49858
48987 4445 4050 6 49724 49725 65368 64616 64618 61481
48988 3857 4445 6 49723 49725 64386 64385 66255 65381
48989 6347 6633 6 49726 49727 49776 49730 49729 49773
48990 6088 6265 5 49731 49732 54463 54464 54867
48991 6254 6192 6 49733 49734 51552 53699 53700 54196
48992 6254 6265 5 49734 49731 53045 53044 51551
48993 6254 6088 4 49731 49733 54195 54868
48994 6054 5916 7 49738 49735 68767 50134 50133 50833 50688
48995 6054 5616 3 49735 49737 68679
48996 5704 5916 4 49736 49738 50536 50535
48997 6126 6202 3 49739 49740 51283
48998 5775 5773 4 49743 49744 50983 49856
48999 4445 4216 6 49747 49748 65064 64752 64750 66073
49000 4445 4051 4 49748 49749 62134 66155
49001 4088 4445 5 49747 49749 62133 64401 64403
49002 4051 4216 5 49748 49750 64375 64522 66115
49003 3976 3998 6 49751 49752 65689 65858 64442 64441
49004 3998 4131 4 49751 49753 64695 65962
49005 4445 4966 10 49754 49755 65236 65237 65166 65167 66196 66248 66246 49859
49006 4445 5142 4 49755 49756 66072 65323
49007 5093 5142 6 49756 49757 65407 65410 65986 65987
49008 5142 4966 7 49755 49757 65406 62209 62211 65126 65324
49009 4318 3685 4 49758 49759 64134 66244
49010 3857 3685 7 49761 49758 64385 64384 66104 66156 66068
49011 3857 4318 5 49758 49760 65074 66251 66255
49012 3196 3685 5 49759 49761 66067 66004 64136
49013 6330 6428 6 49764 49765 50002 50005 49979 49980
49014 6330 6221 3 49765 49766 49954
49015 5928 6428 5 49767 49764 49992 50755 50974
49016 6221 6428 5 49765 49767 50702 50020 50003
49017 5930 5737 9 49769 49770 49985 50064 65343 65345 65829 64747 49873
49018 5994 5930 3 49768 49770 49984
49019 6347 6808 4 49774 49775 49776 49777
49020 5624 5708 6 49779 49780 68307 67343 65468 65351
49021 5624 5781 4 49780 49781 51117 68309
49022 5775 5781 4 49781 49782 49852 51056
49023 5947 5990 6 49785 49786 53852 51061 49851 49848
49024 5855 6031 3 49787 49788 50561
49025 6504 6619 5 49792 49789 50799 51118 51089
49026 6449 6677 5 49796 49797 49941 50238 50237
49027 5408 5843 5 49801 49802 67372 67360 66619
49028 5611 5580 3 49803 49800 65073
49029 5611 5408 4 49800 49802 67371 65072
49030 4675 4516 4 49804 49805 65238 65239
49031 4816 4325 3 49806 49807 65235
49032 4816 4675 9 49804 49806 65313 65080 64748 64749 54329 54330 65428
49033 5685 5699 6 49808 49809 49870 65346 65038 49836
49034 5562 5830 4 49814 49812 68280 51072
49035 6320 5881 8 49817 49818 65760 50213 50099 50098 50070 50068
49036 5994 5881 4 49818 49819 50063 65751
49037 5881 6028 4 49817 49819 49906 49908
49038 4720 6534 4 49823 49824 58388 58391
49039 5775 5947 8 49825 49826 49854 49853 49856 50982 49852 49849
49040 876 1799 5 49827 49828 132628 132629 146480
49041 1255 876 3 49827 49829 150864
49042 6532 6330 4 49832 49831 50007 50005
49043 6145 6548 5 49833 49834 50970 50972 49841
49044 5575 6129 5 49838 49839 65378 65409 50190
49045 6269 5575 4 49837 49839 65200 65199
49046 6548 6351 4 49841 49842 50291 50289
49047 3854 4411 5 49845 49846 64733 64794 64795
49048 5947 5708 4 49847 49848 49850 49849
49049 5947 5781 4 49850 49851 51055 49852
49050 4445 5538 4 49858 49859 66250 65381
49051 3534 3587 6 49860 49861 64292 64293 66553 66425
49052 3534 4222 5 49861 49862 61968 61969 66327
49053 3465 3534 5 49860 49862 64307 66333 66426
49054 7412 7373 5 49864 49865 50384 50383 50391
49055 3153 3125 6 49866 49867 66105 65839 65841 66081
49056 3651 3676 6 49868 49869 66010 66008 66120 66065
49057 6009 5930 4 49873 49874 49875 64746
49058 6555 5930 6 49875 49876 49921 49922 66061 65383
49059 9075 8900 6 49877 49878 97176 97179 97178 104279
49060 9143 9093 5 49879 49880 151711 97244 97243
49061 9143 8900 6 49880 49877 104781 104783 95461 95460
49062 9093 8900 4 49878 49880 151223 97177
49063 4660 4659 4 49889 49890 65633 65648
49064 4577 4752 5 49891 49888 68788 68856 65602
49065 4577 4660 4 49888 49890 65634 68787
49066 6225 6444 7 49894 49896 50869 50868 51611 50637 49940
49067 7412 8159 5 49897 49898 50246 50297 50296
49068 5808 6028 6 49905 49906 49917 49918 49909 49910
49069 6342 5881 5 49907 49908 50068 50071 64635
49070 6342 5808 5 49905 49907 64634 50055 50025
49071 7606 7473 5 49911 49912 50552 50452 50361
49072 7232 7473 4 49912 49913 50352 77573
49073 6432 6550 5 49915 49916 72821 95870 50142
49074 5808 5737 5 49918 49919 65732 65587 50064
49075 5994 5808 4 49917 49919 65731 50063
49076 5737 6028 3 49918 49920 49985
49077 6969 7560 5 49924 49925 49931 49930 49926
49078 6969 7373 4 49927 49928 49932 49929
49079 7424 6710 4 49936 49937 77591 77592
49080 7134 7473 7 49938 49935 96654 50352 50336 50326 50328
49081 7134 7424 5 49935 49937 96159 96161 96705
49082 6710 7473 5 49936 49938 50410 50408 50407
49083 6225 6488 4 49939 49940 50639 50746
49084 7755 7871 3 49943 49944 50287
49085 6820 11923 6 49948 49945 50034 50033 49994 49993
49086 6330 6346 8 49951 49952 50089 50007 50002 49954 49955 50115
49087 5942 6346 3 49953 49951 50094
49088 5928 6346 3 49955 49956 50113
49089 6406 6031 4 49957 49958 49959 50699
49090 6686 6031 3 49959 49960 50700
49091 6619 6338 6 49961 49962 54318 54291 51259 51118
49092 6694 6338 4 49964 49961 50489 50491
49093 6694 6619 4 49961 49963 51090 51089
49094 6668 6338 6 49962 49964 50987 50988 51121 51119
49095 7242 6852 7 49965 49966 52838 53977 51404 51363 50631
49096 7006 6852 6 49966 49967 51049 51047 53864 52839
49097 7271 7482 6 49968 49969 51302 52783 51464 51277
49098 6406 6855 3 49970 49971 49972
49099 6621 6786 6 49974 49975 53988 53888 53890 53882
49100 6621 6372 5 49975 49973 51555 53967 54309
49101 3915 3740 3 49978 49976 61324
49102 3915 3770 4 49976 49977 64675 64711
49103 5921 6107 4 49986 49987 50734 50732
49104 5245 5679 7 49990 49991 65548 65549 50048 50049 65608
49105 5679 4930 6 49989 49991 65720 65687 65686 65763
49106 5213 5737 6 49999 50000 65343 65587 65806 65711
49107 5849 5737 4 50000 50001 64670 65345
49108 5737 5142 4 49999 50001 64669 65712
49109 6346 6428 4 50002 50003 50019 50008
49110 6532 6428 5 50006 50005 50008 50014 50012
49111 4522 3490 3 50009 50010 72791
49112 4007 3490 7 50010 50011 76809 76806 77156 77154 72792
49113 6428 6406 5 50014 50015 50701 50020 50019
49114 4791 4675 3 50022 50023 50065
49115 5152 4791 5 50021 50023 50207 65699 50202
49116 5226 5032 6 50028 50029 65429 68176 65569 65555
49117 4961 5335 3 50030 50027 65431
49118 4961 5226 6 50027 50029 65222 65223 65100 65101
49119 5032 5335 7 50028 50030 62208 62210 65510 65545 65556
49120 11923 6969 3 50032 50033 50035
49121 7353 7082 4 50037 50038 96317 96486
49122 8505 8054 5 50039 50040 50371 50378 50466
49123 8211 7623 5 50045 50046 95157 95158 96753
49124 5942 5245 4 50047 50049 65781 50178
49125 11918 4007 4 50053 50054 77158 72792
49126 4007 5077 7 50052 50054 77103 77104 96347 96293 96294
49127 3055 2975 7 50058 50059 117371 120487 119742 119741 120549
49128 3055 2782 3 50056 50058 119004
49129 2975 2835 5 50057 50059 117370 65308 65307
49130 5448 5245 6 50061 50062 65791 65781 65608 65606
49131 5639 5448 6 50060 50062 65789 65773 64770 64771
49132 4675 4411 8 50065 50066 65430 64644 50234 50233 65360 50208
49133 6320 6342 4 50068 50069 50073 50072
49134 5881 6749 4 50070 50071 65327 50155
49135 5421 5379 4 50075 50076 50085 50083
49136 5186 5293 4 50077 50074 68963 72695
49137 5599 5379 6 50084 50085 67380 51110 51112 69051
49138 5599 5421 8 50085 50082 91247 96624 77566 72745 72747 72766
49139 5599 5637 4 50082 50084 91058 91056
49140 5252 5928 3 50086 50087 68839
49141 6320 6346 4 50089 50090 50092 50091
49142 5639 6346 7 50093 50094 50115 50113 50111 50112 65557
49143 5994 5639 4 50093 50095 65376 65377
49144 6247 6059 6 50096 50097 50159 50160 77463 50154
49145 5881 6247 8 50096 50098 50155 65379 65819 96516 76928 50153
49146 4317 4320 8 50100 50101 62029 62030 67107 62264 62266 67112
49147 4311 4320 4 50103 50100 67114 67124
49148 4311 4317 5 50100 50102 66415 66975 67113
49149 4658 4320 6 50101 50103 67123 67122 67328 67512
49150 4672 4752 6 50106 50107 72809 77616 77595 77367
49151 4890 4752 7 50107 50108 64989 64988 50368 50369 69000
49152 5639 6330 3 50114 50115 50116
49153 4853 5211 3 50125 50123 66110
49154 7351 6530 4 50128 50126 50276 96427
49155 6618 7143 5 50135 50136 50984 50318 50316
49156 7312 6532 5 50138 50139 50294 50293 50288
49157 6432 6704 7 50141 50142 95868 91048 91049 50266 50265
49158 6098 5638 6 50143 50144 77559 77481 77482 77450
49159 7698 7605 8 50145 50146 95587 96774 96832 94689 90258 90256
49160 7698 7289 5 50146 50147 95961 95788 95588
49161 7608 7289 5 50147 50148 90326 95708 95709
49162 7608 7605 5 50148 50145 97629 96794 90324
49163 7204 6989 8 50149 50150 96798 96662 96663 96701 96680 96681
49164 7204 7048 5 50150 50151 50331 50329 91035
49165 11924 6989 6 50152 50149 91037 91019 91018 91006
49166 6247 5861 4 50153 50154 77550 76927
49167 6861 6200 5 50156 50157 77454 96687 96691
49168 6861 6231 6 50164 50165 96694 50322 50323 96268
49169 6776 6236 4 50166 50167 77194 50417
49170 6776 6231 6 50167 50164 95991 77872 76594 76591
49171 6776 6861 6 50164 50166 50416 95614 50308 50307
49172 6236 6231 4 50165 50167 77193 96647
49173 4659 4816 4 50169 50170 65312 65080
49174 8654 8124 4 50172 50173 96696 96424
49175 4474 4006 6 50174 50175 65738 65921 65917 65918
49176 4474 3701 5 50175 50176 64514 121902 65739
49177 4131 3701 3 50176 50177 64515
49178 4131 4006 7 50177 50174 65888 64696 64695 65359 65358
49179 7871 7785 4 50181 50182 50334 50333
49180 3270 3122 5 50183 50185 118643 82160 82046
49181 3923 3770 6 50186 50187 64512 63830 63831 64675
49182 3923 3661 5 50187 50188 64807 64805 64513
49183 3730 3923 3 50186 50188 64676
49184 5575 6347 3 50189 50190 65452
49185 11925 7669 5 50192 50193 96464 96387 95519
49186 11925 8071 5 50191 50192 95517 96441 96439
49187 5454 5344 3 50196 50197 67008
49188 5575 5275 4 50198 50199 65435 65436
49189 5575 5344 7 50199 50196 67156 67336 65467 65466 65437
49190 5575 5454 8 50196 50198 65460 65484 65452 65409 65408 66236
49191 5184 4791 5 50201 50202 65823 65915 65815
49192 452 1228 3 50204 50205 121831
49193 942 1228 4 50205 50206 106134 121807
49194 942 615 3 50206 50203 65863
49195 1228 615 6 50204 50206 106133 121605 121640 134170
49196 4411 5152 4 50208 50207 65662 65661
49197 5213 5477 4 50210 50211 65817 65816
49198 6320 5679 3 50212 50213 65761
49199 4481 4524 3 50214 50215 65300
49200 4524 4393 5 50217 50218 64789 64790 65300
49201 4325 4393 4 50218 50219 64874 64872
49202 4393 4674 4 50217 50219 60085 60084
49203 4524 4816 4 50221 50222 64777 64687
49204 4674 4816 8 50222 50223 65235 65313 65312 65299 65297 64778
49205 4674 4516 3 50223 50220 65234
49206 5882 5783 5 50226 50227 96544 90995 90998
49207 5572 6200 4 50228 50229 96262 96412
49208 5572 5783 7 50229 50226 96009 77502 77503 96564 96260
49209 6200 5783 5 50227 50229 96261 96691 96546
49210 5232 6487 5 50230 50231 77522 96547 65426
49211 5232 6485 3 50231 50232 77521
49212 4235 4675 5 50234 50235 64814 64816 64646
49213 6159 6116 5 50242 50243 77613 77611 91218
49214 6159 6143 5 50243 50244 72785 72783 95887
49215 5902 6143 5 50244 50245 50355 91110 91170
49216 5902 6116 7 50245 50242 77837 77836 91528 87383 50353
49217 5902 6159 4 50242 50244 91216 91219
49218 6143 6116 5 50243 50245 50354 91079 95888
49219 6320 6565 4 50247 50248 50250 50249
49220 7514 7675 4 50251 50252 50350 50362
49221 7675 7473 3 50251 50253 50363
49222 8155 7926 6 50255 50256 95567 96473 96729 90953
49223 8527 7969 6 50257 50254 96406 96413 96172 96156
49224 7134 7412 5 50258 50259 50326 50337 50360
49225 6528 6432 8 50266 50267 50747 50750 77336 77669 77670 91866
49226 7606 7633 3 50268 50269 91012
49227 8879 8900 6 50271 50272 95051 95049 97178 97086
49228 8638 8900 6 50272 50273 96971 97115 97104 97087
49229 8900 8802 9 50271 50273 96970 94703 94702 97046 102684 97066 97067
49230 8090 7929 4 50278 50279 52554 52556
49231 8271 7961 3 50280 50277 52387
49232 8271 8090 7 50277 50279 52446 52445 52150 52149 52386
49233 7989 8037 3 50282 50283 95785
49234 6548 6385 7 50289 50290 50751 50758 50760 50973 50972
49235 6351 6528 5 50291 50292 50900 52066 50398
49236 6351 6385 5 50292 50289 50941 50902 50899
49237 6876 6685 6 50299 50300 91864 91865 95615 96667
49238 6729 6685 7 50300 50301 50779 50776 72650 76909 76911
49239 6729 6879 4 50301 50298 91054 91053
49240 6729 6876 6 50298 50300 96778 96777 96786 96453
49241 6685 6879 4 50299 50301 90724 90721
49242 6989 7315 6 50303 50304 90981 96680 91042 91043
49243 7082 7315 5 50304 50305 50404 50403 90982
49244 7082 6698 7 50305 50302 95688 96677 50309 50306 96543
49245 7082 6989 5 50302 50304 90980 94894 94893
49246 7315 6698 4 50303 50305 96160 96162
49247 6861 6698 6 50306 50307 96268 77349 77350 96483
49248 7082 6776 5 50308 50309 96316 96317 96446
49249 7082 6861 5 50306 50308 96445 50433 50434
49250 6776 6698 5 50307 50309 77347 77348 95991
49251 7517 7755 4 50310 50311 90221 97638
49252 7825 7517 4 50310 50312 97691 97639
49253 7668 7755 4 50311 50313 50482 50484
49254 7965 7633 4 50314 50315 50387 76810
49255 5834 5827 5 50320 50321 50873 50926 50537
49256 6861 6312 5 50323 50324 95465 77351 77349
49257 6148 6231 5 50325 50322 96606 96539 91141
49258 6148 6861 4 50322 50324 96247 96693
49259 6312 6231 5 50323 50325 91140 96552 96411
49260 7473 7412 3 50326 50327 50335
49261 7473 6677 6 50327 50328 50410 50412 50359 50339
49262 7514 7134 3 50336 50337 50351
49263 8666 8095 3 50344 50341 97273
49264 7606 7963 6 50345 50346 50423 50422 50374 50373
49265 7106 7232 4 50347 50348 96711 50501
49266 7106 7134 5 50348 50349 91038 91044 96712
49267 6116 6070 5 50353 50354 77404 77405 87382
49268 5902 6070 3 50355 50353 87384
49269 6143 6070 8 50354 50355 91109 91155 52086 52087 91438 91080
49270 7476 7473 5 50359 50358 50363 50413 50411
49271 5025 4752 4 50367 50368 68911 68932
49272 4890 4971 3 50369 50366 68999
49273 4890 5025 5 50366 50368 68903 68902 69001
49274 4752 4971 6 50367 50369 68998 68855 68856 68894
49275 7483 7410 4 50376 50377 90429 96790
49276 7483 7371 5 50375 50376 97544 96811 96808
49277 7412 6820 4 50390 50391 50392 50393
49278 7412 7952 3 50396 50397 50471
49279 7764 7989 6 50399 50400 96841 96075 88863 88864
49280 7441 7424 5 50401 50402 94931 94930 96586
49281 7441 7082 5 50402 50403 96684 96418 96419
49282 7315 7424 5 50404 50401 96587 96161 96160
49283 7315 7441 4 50401 50403 95817 95818
49284 6950 7473 3 50407 50409 50906
49285 6950 7758 4 50415 50414 91206 77069
49286 6776 7078 6 50416 50417 96651 95814 95337 95336
49287 8155 11929 5 50418 50419 95567 95568 96727
49288 7989 7963 3 50423 50424 50444
49289 7698 7616 8 50426 50427 96791 97022 95547 95548 95962 95961
49290 7830 7616 4 50427 50428 95019 96307
49291 7965 7848 3 50429 50430 50431
49292 7503 6861 5 50432 50433 96452 96484 50672
49293 6861 7424 4 50432 50434 96483 50673
49294 9392 9761 6 50437 50435 106471 106472 105397 105396
49295 9392 9796 4 50435 50436 103799 105270
49296 7965 8385 4 50438 50439 50440 50467
49297 7303 7626 3 50441 50442 50527
49298 7626 7248 5 50441 50443 51297 50534 50528
49299 7989 8496 3 50448 50449 50450
49300 7785 7473 3 50451 50452 50551
49301 8054 7559 4 50459 50460 50473 50472
49302 7595 7683 5 50462 50463 90946 90947 76889
49303 7171 7683 5 50463 50464 95405 94722 94721
49304 7171 7595 5 50461 50463 95724 95725 96715
49305 7683 7561 4 50462 50464 95404 76890
49306 8054 8385 3 50465 50466 50467
49307 8054 8221 5 50468 50469 50470 50485 50487
49308 8054 7952 6 50471 50472 50486 50485 50476 50475
49309 8054 7834 4 50473 50474 50487 50486
49310 7620 8124 4 50481 50479 91893 91895
49311 7523 7668 7 50482 50483 50529 50500 50498 50519 50494
49312 7483 7668 4 50483 50484 90222 50530
49313 6406 6504 3 50490 50492 50574
49314 7523 7825 4 50493 50494 50520 50526
49315 7194 7038 5 50496 50497 90762 90763 50545
49316 7194 6939 4 50497 50495 50511 90989
49317 7523 7626 4 50499 50500 50528 50527
49318 7261 7289 6 50502 50503 96093 95739 95589 95588
49319 7353 7289 5 50505 50502 95788 95327 90921
49320 7246 7372 4 50506 50507 90451 89351
49321 7626 7372 4 50507 50508 52056 52054
49322 7483 7362 3 50514 50516 95743
49323 7523 7646 4 50517 50518 50520 50519
49324 7248 7668 5 50529 50530 90455 51409 50534
49325 7707 7602 3 50531 50532 52300
49326 5916 5827 4 50536 50537 50925 50688
49327 7592 7982 5 50541 50542 90460 97553 94022
49328 7592 7596 7 50542 50543 97303 97304 97531 90491 90459
49329 7775 7596 5 50543 50544 90394 90395 97555
49330 7775 7982 6 50544 50541 94023 52567 52566 90514
49331 7775 7592 5 50541 50543 97466 95748 94021
49332 6683 6939 4 50546 50547 90955 91015
49333 6683 6662 6 50547 50548 73915 89654 91017 90956
49334 6614 6939 6 50549 50546 91016 91051 91778 88637
49335 6614 6683 6 50546 50548 73914 91102 90723 90722
49336 6662 6939 5 50547 50549 88636 89928 89927
49337 7606 7365 5 50550 50552 77572 96512 91012
49338 6257 6474 6 50554 50555 51169 51127 51126 50697
49339 6257 6552 4 50553 50554 50695 51352
49340 8225 8394 11 50558 50559 52508 90098 90097 95141 97837 97720 97718 97529 97528
49341 8394 8272 3 50557 50559 52507
49342 5855 6107 4 50560 50561 51124 50981
49343 7067 7145 9 50565 50566 52668 52189 52188 52843 55318 55450 55266
49344 7067 7403 3 50566 50563 52041
49345 7145 7403 4 50564 50566 52714 52533
49346 7946 7858 5 50568 50569 90228 97653 89500
49347 7946 7793 5 50567 50568 89499 89970 89972
49348 6763 6990 7 50570 50571 89578 90659 92818 92927 92928
49349 6763 6635 8 50571 50572 92943 92969 92965 92964 92947 89579
49350 6739 6635 7 50572 50573 52237 52239 87939 88222 88224
49351 6739 6990 5 50573 50570 89717 89716 90014
49352 6739 6763 4 50570 50572 90697 90696
49353 6635 6990 4 50571 50573 92951 89580
49354 6577 6307 8 50579 50580 85256 70980 70983 70801 70804 91808
49355 6533 6307 6 50580 50581 91776 88922 77471 77472
49356 6533 6577 5 50578 50580 92137 92414 52057
49357 6307 6726 6 50579 50581 92065 72581 72583 92139
49358 5061 5375 3 50583 50584 61504
49359 4955 5061 7 50582 50584 61503 68054 68685 51901 51900
49360 6982 7358 5 50589 50588 51369 52314 52315
49361 6697 6781 5 50591 50592 51425 51448 50661
49362 6853 6682 4 50593 50594 50722 52166
49363 6682 6580 4 50593 50595 51699 51700
49364 6180 6041 6 50596 50597 55878 55789 55788 55264
49365 6180 5964 5 50597 50598 55152 55153 55376
49366 6101 6041 3 50599 50596 51964
49367 5964 6041 6 50597 50599 51963 55515 55811 55810
49368 4226 4615 6 50603 50600 64766 68761 68774 61262
49369 4456 4615 5 50601 50603 61263 64831 64850
49370 6022 5983 8 50606 50604 51265 51264 51359 68068 51727 51692
49371 4671 4623 6 50609 50607 78196 78198 61173 61172
49372 4894 4623 4 50608 50609 73371 73383
49373 5805 5610 8 50613 50614 54341 54342 51153 51152 65251 68265
49374 5931 5805 4 50612 50614 54343 51214
49375 6026 5983 4 50617 50618 51264 51266
49376 6026 5655 7 50618 50616 68270 54585 54581 51628 51360
49377 6026 6106 5 50616 50617 51739 51740 68269
49378 7030 7338 4 50619 50620 50625 50621
49379 7030 7395 4 50622 50623 50624 50625
49380 6424 6376 5 50629 50626 51515 51512 53792
49381 6424 6068 4 50626 50628 54679 51763
49382 6325 6376 5 50627 50629 53162 53159 54061
49383 6852 7271 3 50631 50632 50756
49384 6391 6360 4 50636 50633 53051 51469
49385 6470 6360 5 50634 50636 51470 53067 51691
49386 6444 6474 4 50637 50638 50850 51933
49387 6697 6723 3 50641 50642 53876
49388 5870 5637 5 50643 50644 90416 91246 91056
49389 5870 5807 6 50644 50645 50804 90862 90860 90417
49390 5784 5807 5 50645 50646 72641 91259 50806
49391 5784 5637 4 50646 50643 91058 72640
49392 5807 5637 5 50644 50646 72639 72731 72732
49393 6467 6902 4 50648 50649 51441 51660
49394 6504 6979 3 50651 50650 50989
49395 6470 6699 4 50654 50655 51330 51329
49396 6470 6697 5 50655 50652 51598 51542 51541
49397 6470 6423 7 50652 50654 51190 51188 55877 51601 51597
49398 6699 6697 7 50653 50655 51543 51544 51546 52904 51448
49399 7309 7411 3 50658 50656 52226
49400 6511 6713 5 50659 50660 55466 55600 51957
49401 7511 7646 5 50662 50663 52299 52298 52318
49402 7583 7511 6 50662 50664 52037 52036 52254 52317
49403 6299 6306 7 50665 50666 52569 90768 91063 91356 91205
49404 6027 6393 6 50667 50668 51574 51573 51817 51929
49405 6027 6306 4 50668 50665 90870 90065
49406 6027 6299 7 50665 50667 89930 68921 68919 73645 73642
49407 6393 6306 4 50666 50668 89396 52570
49408 7175 7183 6 50671 50669 90584 90583 90616 90136
49409 7281 7208 3 50675 50676 51748
49410 7313 7024 3 50677 50674 55543
49411 7313 7281 8 50674 50676 51749 52061 52492 55580 55454 55456
49412 7208 7024 5 50675 50677 55544 55545 55503
49413 6094 5906 5 50680 50678 53715 52652 51864
49414 6094 6088 7 50678 50679 51742 51743 54465 54464 54862
49415 6066 6106 5 50681 50682 51305 50766 50767
49416 5983 6066 5 50681 50683 51584 55874 51803
49417 6146 6226 6 50684 50685 50992 50993 51255 50735
49418 6618 6276 6 50686 50687 50707 51007 51006 50969
49419 7349 7267 3 50691 50692 89832
49420 7349 7354 7 50692 50693 55555 52811 52812 87695 87693
49421 7354 7267 7 50692 50694 89728 89703 89702 90652 90350
49422 6593 6474 6 50696 50697 51826 51974 51361 50705
49423 6686 6338 4 50698 50700 51233 50988
49424 6406 6146 5 50701 50703 50962 50718 50719
49425 5984 6226 5 50708 50709 51137 50743 50742
49426 6540 6570 5 50711 50712 85591 85590 87163
49427 6667 6540 5 50711 50713 89657 87574 87162
49428 4149 4188 3 50714 50715 81086
49429 4149 4008 4 50715 50716 71273 81085
49430 4098 4008 5 50716 50717 81803 81060 71275
49431 4098 4188 10 50717 50714 74166 71610 71612 81225 81224 82814 79708 79709
49432 4098 4149 7 50714 50716 71274 71560 81287 81249 81114
49433 6406 6618 3 50720 50718 50999
49434 6882 6853 7 50721 50722 55653 52494 52257 52255 52168
49435 5173 5574 4 50723 50724 68853 69102
49436 5393 5574 6 50724 50725 68062 51108 51106 68854
49437 5574 5514 5 50723 50725 65147 65146 69081
49438 5252 5011 5 50726 50727 50895 50896 68970
49439 5021 5011 5 50728 50726 68944 68862 68440
49440 4973 5011 4 50727 50728 68441 50898
49441 4842 4976 7 50729 50730 56102 56103 69489 69286 68154
49442 4822 4842 6 50729 50731 54656 69358 69548 68155
49443 5921 5877 7 50732 50733 50741 51103 51205 51038 51036
49444 6694 6146 6 50735 50736 50962 50963 51035 51256
49445 5834 6225 4 50739 50740 50926 50949
49446 6225 5916 4 50738 50740 50925 50833
49447 6488 5984 3 50744 50745 50746
49448 6385 6432 3 50747 50748 50749
49449 6548 6704 5 50751 50752 50753 50754 50759
49450 6852 6892 8 50756 50757 51275 51243 51245 52909 51405 51363
49451 6548 6370 3 50758 50759 50761
49452 6774 6982 3 50762 50763 70922
49453 6774 6712 6 50763 50764 88898 88897 89336 90219
49454 6853 6982 5 50765 50762 70923 52256 52255
49455 6853 6774 6 50762 50764 55553 52128 52129 70921
49456 6066 6305 6 50767 50768 51522 51523 55882 51803
49457 6257 6066 4 50766 50768 51346 51348
49458 6774 7095 4 50770 50771 52129 71064
49459 6769 7095 5 50771 50772 88142 88143 52130
49460 7095 6791 7 50770 50772 90898 51853 51855 90714 71065
49461 6193 6351 3 50773 50774 91101
49462 6490 6614 6 50777 50778 91639 91715 91108 91102
49463 6729 6614 7 50778 50779 91053 91055 91760 91685 91640
49464 6729 6490 6 50776 50778 91638 95896 77610 72649
49465 6614 6685 4 50777 50779 90724 90723
49466 5827 5918 5 50780 50781 50873 50961 50960
49467 6426 5946 5 50783 50784 68819 91751 91749
49468 6045 6316 3 50785 50782 90130
49469 6045 6426 4 50782 50784 68818 90313
49470 5946 6316 6 50783 50785 90129 91756 91680 91679
49471 5960 6027 5 50786 50787 68921 68920 51591
49472 6001 6161 5 50788 50789 51852 50936 50933
49473 6001 6027 8 50789 50786 51593 51881 55846 51820 51819 51817
49474 6161 6027 4 50787 50789 51929 89930
49475 5351 5185 5 50792 50793 68113 67517 67519
49476 5378 5616 7 50795 50796 68971 68249 68247 68388 68386
49477 5378 5433 5 50794 50795 68913 68915 69057
49478 5790 5587 4 50801 50802 89142 87668
49479 5542 5430 5 50803 50800 88991 68727 68658
49480 5542 5790 5 50800 50802 89143 91262 89131
49481 5587 5430 4 50801 50803 68657 72353
49482 5870 5886 4 50804 50805 68166 91091
49483 5886 5807 5 50804 50806 91225 91226 91092
49484 5510 5405 5 50807 50808 91506 88886 73979
49485 5510 5583 5 50808 50809 88427 88428 91507
49486 5296 5510 7 50807 50809 92377 73228 73227 73281 73978
49487 5838 5514 3 50810 50812 68838
49488 4595 4622 7 50814 50815 68493 68330 68216 68214 68476
49489 4595 4481 6 50815 50816 54381 54382 64844 68494
49490 4648 4622 4 50817 50814 68167 67915
49491 4648 4595 6 50814 50816 64889 64888 67344 67345
49492 4481 4622 8 50815 50817 67916 68226 68228 67935 67934 68345
49493 6357 6350 5 50819 50820 52586 55733 55741
49494 6214 6350 8 50820 50821 50944 51576 51575 90901 52115 52114
49495 6214 6288 4 50821 50818 51821 50942
49496 6214 6357 7 50818 50820 52069 52067 89188 53179 53180
49497 6350 6288 7 50819 50821 50943 51607 51805 51343 51342
49498 6416 6262 7 50824 50825 51975 51655 51653 51531 51529
49499 5984 6262 5 50826 50824 51615 51165 51125
49500 6474 6262 4 50825 50826 51126 51826
49501 6450 6732 3 50828 50829 53689
49502 6145 6385 4 50830 50831 50941 50972
49503 6385 6276 4 50830 50832 50990 50973
49504 6188 6412 5 50834 50835 91011 91010 91521
49505 6188 6083 4 50835 50836 89119 91526
49506 6404 6412 5 50837 50834 91792 91767 91766
49507 6404 6188 5 50834 50836 89118 91133 91804
49508 6083 6412 5 50835 50837 91779 72693 72691
49509 5252 5285 3 50838 50839 50874
49510 5427 5258 3 50840 50841 50849
49511 5427 5285 6 50841 50838 68276 68275 67970 51101
49512 5258 5285 6 50839 50841 51102 68287 67340 50876
49513 5922 5894 6 50843 50844 72567 72568 73261 73263
49514 6170 5894 5 50844 50845 72015 91210 73917
49515 6170 5917 5 50845 50842 90909 91163 72014
49516 6170 5922 5 50842 50844 73916 77851 77850
49517 5894 5917 4 50843 50845 72013 91084
49518 6031 6091 3 50847 50848 51199
49519 4555 4388 5 50855 50856 68776 65592 65591
49520 4555 4206 6 50856 50857 68472 61382 61383 68762
49521 4331 4388 6 50858 50855 68335 68492 65002 65001
49522 4331 4555 5 50855 50857 68125 68126 68331
49523 4206 4388 6 50856 50858 64944 64943 65131 68777
49524 5230 5327 5 50860 50861 72711 73930 73887
49525 5349 5327 7 50861 50862 51377 51376 51517 72351 72506
49526 5349 5304 3 50862 50859 72530
49527 5349 5230 5 50859 50861 72492 72491 72562
49528 5327 5304 6 50860 50862 72428 72427 63563 63560
49529 5338 5168 8 50863 50864 65472 65582 64608 64610 65539 65538
49530 4823 4787 5 50866 50867 68747 68193 68192
49531 6444 6161 4 50869 50870 51931 50927
49532 6467 6161 6 50870 50871 51947 51920 51825 51823
49533 6467 6225 3 50871 50868 51613
49534 6467 6444 5 50868 50870 51930 51946 51612
49535 4973 5285 9 50874 50876 67339 68189 68188 68186 68185 68274 68276
49536 5141 5205 5 50877 50878 68564 68396 68354
49537 5399 5086 4 50879 50880 61527 68142
49538 5399 5205 7 50880 50877 68064 68063 68081 61512 61511
49539 5399 5141 6 50877 50879 54255 54257 68350 68355
49540 5086 5205 5 50878 50880 61498 61497 68516
49541 4994 5045 6 50883 50884 67353 67351 68653 60310
49542 4874 4994 3 50883 50885 60311
49543 4915 5045 3 50884 50886 67408
49544 4971 4994 4 50888 50889 68644 68755
49545 4751 5096 4 50890 50887 68367 63587
49546 4751 4971 7 50887 50889 51777 51776 68855 69010 68878
49547 5268 5430 5 50891 50892 68727 73911 72380
49548 5179 5430 3 50893 50891 72195
49549 6017 6351 7 50899 50900 73769 50910 50911 50923 50901
49550 6287 6193 5 50903 50904 73919 77529 90890
49551 6083 6193 5 50905 50903 77852 72625 72626
49552 6404 6490 5 50908 50909 91766 91108 91059
49553 6017 5875 6 50911 50912 77863 50913 50914 50924
49554 6170 5813 4 50918 50919 91174 91404
49555 6170 5952 8 50919 50916 72015 72014 91237 68758 68757 91113
49556 6170 5762 5 50916 50918 91406 91211 91210
49557 5813 5952 5 50917 50919 91173 91165 91130
49558 6017 6225 3 50922 50923 50924
49559 5898 6161 7 50933 50934 51920 51525 51528 51886 51476
49560 5898 6350 6 50934 50935 51880 51532 51530 51645
49561 6001 6350 8 50935 50936 51818 51819 50944 50943 51608 51801
49562 6350 6161 4 50934 50936 51824 51825
49563 5373 5445 4 50937 50938 65570 65201
49564 5373 5469 7 50938 50939 51163 54040 51068 51067 65571
49565 5484 5469 4 50939 50940 54560 51164
49566 5484 5445 11 50940 50937 65203 54539 54538 67431 68042 68044 68088 68115 54558
49567 5484 5373 4 50937 50939 51162 65202
49568 5469 5445 7 50938 50940 54559 68109 68175 68351 65572
49569 6288 6001 3 50942 50943 51606
49570 6001 6214 5 50942 50944 51820 51892 51822
49571 4995 4986 6 50945 50946 68139 67164 51774 51772
49572 4995 5063 7 50946 50947 67486 68253 68255 67587 67586
49573 5140 5063 4 50947 50948 68327 67487
49574 5140 4995 6 50945 50947 67485 67500 67496 65566
49575 5063 4986 4 50946 50948 67507 67506
49576 6370 5862 4 50950 50951 50954 50952
49577 5945 6073 8 50958 50959 89031 89032 89081 70327 55596 55593
49578 5945 6108 7 50959 50956 88239 88802 56257 56256 89204
49579 5945 6298 3 50956 50958 88238
49580 6073 6108 6 50957 50959 89194 88394 88393 55173
49581 6694 6221 3 50963 50964 51027
49582 6548 6276 5 50971 50970 50973 50991 51007
49583 5839 6008 6 50976 50977 54599 57399 54564 54567
49584 6124 6154 6 50978 50979 51783 54113 54229 54230
49585 6124 5839 4 50976 50978 54653 54665
49586 5775 5830 4 50982 50983 51086 51056
49587 6449 6618 6 50984 50985 51009 51006 51005 50986
49588 5993 6691 6 50994 50995 54364 54237 54235 54370
49589 5693 5877 4 50998 50997 51627 51103
49590 6618 6548 4 51007 51008 51010 51009
49591 6450 6588 5 51013 51011 53812 51558 51557
49592 5542 5537 8 51014 51015 69045 70967 70966 72646 68698 68151
49593 5542 5432 6 51015 51016 68009 68010 56114 56117
49594 5774 5432 6 51016 51017 69048 55705 55703 69195
49595 5774 5537 7 51017 51014 68153 69079 69085 69083 69082
49596 5774 5542 4 51014 51016 69194 68152
49597 5432 5537 5 51015 51017 69084 68650 68649
49598 6730 6588 7 51020 51021 51556 51558 53873 53089 51345
49599 5486 5838 4 51023 51024 51085 51084
49600 5924 5511 4 51025 51022 51781 67445
49601 5924 5486 4 51022 51024 51626 51625
49602 5838 5511 6 51023 51025 67446 54649 51833 51812
49603 6107 6694 4 51026 51027 51035 51258
49604 6126 5958 6 51028 51029 53987 53985 54295 53854
49605 6126 6293 6 51029 51030 53962 53960 54423 54322
49606 6091 5958 5 51031 51028 53856 54345 54358
49607 6091 6126 4 51028 51030 54424 53855
49608 6870 6712 4 51032 51034 52244 90789
49609 5653 5877 6 51037 51036 51039 51752 68202 51138
49610 5258 5877 3 51039 51038 51206
49611 7020 6652 4 51041 51042 54020 51433
49612 6679 6723 4 51043 51040 52860 53129
49613 6652 6723 5 51041 51043 53105 53104 51434
49614 6593 6433 5 51044 51045 51438 51976 51707
49615 6755 7006 3 51046 51047 53863
49616 6755 6852 7 51047 51048 51350 51498 51502 51545 53862
49617 5399 5185 4 51054 51052 61527 61511
49618 5993 5956 6 51057 51058 51284 54366 54235 54236
49619 5840 5956 3 51060 51057 54316
49620 5840 5993 5 51057 51059 51134 54347 54355
49621 5669 5482 5 51064 51062 54550 67325 67322
49622 5719 5482 7 51063 51064 67323 67392 66304 66306 54541
49623 5248 5373 5 51066 51067 65628 65627 67964
49624 5469 5333 4 51068 51065 65170 54039
49625 5373 5333 8 51066 51068 54038 65561 51281 51278 54373 67505
49626 5226 5699 4 51069 51070 65559 65558
49627 5780 5226 4 51069 51071 65405 65554
49628 5830 5624 5 51072 51073 51086 51117 68300
49629 5562 5624 5 51074 51072 51160 51161 65240
49630 6391 6026 3 51079 51080 51083
49631 6391 6007 5 51078 51079 51082 53920 54100
49632 6007 6255 4 51081 51082 53921 54417
49633 5623 5611 3 51091 51092 67330
49634 5623 5669 7 51092 51093 54177 51291 51144 51142 54334
49635 5746 5669 5 51093 51094 54354 51237 51238
49636 5669 5611 7 51092 51094 54323 54324 54338 67322 67331
49637 6222 6104 4 51095 51096 51282 51293
49638 6319 6222 3 51095 51097 51294
49639 5563 5393 5 51105 51106 68922 69002 68934
49640 5410 5379 8 51109 51110 67378 68833 72483 68165 68164 65642
49641 5410 5599 4 51110 51111 68665 67379
49642 5704 5379 3 51112 51109 65643
49643 5410 5433 9 51113 51114 68913 68933 68783 68161 68159 68165 55894
49644 5410 5096 3 51114 51115 68914
49645 5045 5433 4 51116 51113 55896 69107
49646 5045 5410 6 51113 51115 68660 68662 68833 55895
49647 5096 5433 7 51114 51116 69106 69061 69060 69058 68915
49648 5947 6338 4 51120 51121 51233 51232
49649 6251 6026 4 51122 51123 51663 51212
49650 6262 6257 6 51125 51126 51687 51577 51346 51166
49651 4924 4845 5 51132 51133 67575 67574 67880
49652 4924 5003 7 51133 51131 67450 59271 59273 64817 64819
49653 4924 5146 7 51131 51132 67988 69372 69322 67954 67869
49654 6109 5893 5 51139 51140 67282 54259 54258
49655 5442 5623 4 51141 51142 54332 65485
49656 5610 5669 4 51143 51144 51292 54342
49657 5610 5623 6 51144 51141 67950 54377 54376 51290
49658 5610 5442 5 51141 51143 51153 51151 67949
49659 6109 6379 8 51145 51146 54277 51758 51757 54280 54254 54252
49660 6379 5843 3 51145 51147 54200
49661 5686 4858 3 51150 51148 54103
49662 5610 5373 5 51151 51152 54040 54038 68279
49663 4540 4442 6 51154 51155 68471 61389 61390 68468
49664 4540 4461 4 51155 51156 61502 61569
49665 4762 4442 4 51157 51154 68466 65285
49666 4762 4540 6 51154 51156 61501 65159 68524 68469
49667 4461 4442 7 51155 51157 65286 65289 61529 61528 68353
49668 5456 5465 8 51158 51159 68304 68298 68296 68295 68294 68277
49669 5456 5624 7 51159 51160 68300 68309 68307 68302 68303
49670 5562 5456 4 51158 51160 68280 68278
49671 5805 5469 5 51163 51164 51326 51325 65251
49672 5805 5484 5 51164 51162 65487 67430 67435
49673 6262 5924 4 51165 51166 51347 51887
49674 6604 6376 3 51167 51168 53817
49675 6429 6360 4 51173 51174 51685 51691
49676 6076 6122 7 51175 51176 54430 54391 54390 54461 53924
49677 6142 5966 4 51178 51179 54311 54312
49678 5995 6142 3 51177 51179 53842
49679 5501 5548 5 51182 51183 52666 55837 55838
49680 5501 5664 6 51183 51184 68732 55991 55989 52665
49681 5518 5548 6 51185 51182 55901 69226 69806 69144
49682 5518 5501 5 51182 51184 67902 67901 55900
49683 6091 5855 4 51186 51187 51213 51215
49684 5983 6423 3 51188 51189 55879
49685 6363 6206 7 51194 51195 55996 55998 55868 55867 56000
49686 6075 6206 5 51195 51196 52089 53847 55783
49687 6338 5931 3 51197 51198 54349
49688 5402 5337 6 51200 51201 51728 51768 51770 66595
49689 5236 5337 5 51201 51202 67170 67824 51730
49690 5337 5409 10 51200 51202 67168 54552 54551 67439 57301 57300 68005 68004
49691 5877 5486 6 51205 51206 51752 51780 51625 51627
49692 6425 6517 4 51208 51209 88733 89277
49693 6425 6285 4 51209 51207 89312 88731
49694 6425 6569 8 51207 51208 90810 90817 89304 89282 86573 86575
49695 5877 6026 7 51211 51212 51672 51740 68268 51230 51216
49696 5855 6026 3 51215 51216 51231
49697 4945 5499 5 51217 51218 57678 54616 54614
49698 5277 5057 7 51219 51220 67361 57751 57750 57029 57030
49699 5277 5499 4 51220 51217 67663 67381
49700 5057 5499 6 51218 51220 60227 57805 57802 57813
49701 5655 6022 5 51221 51222 51629 51360 51359
49702 5337 5237 5 51223 51224 55685 55686 54551
49703 5337 4884 3 51224 51225 68049
49704 5033 4884 10 51225 51226 67975 67957 59274 59272 53729 53728 61387 61388
49705 5033 5237 5 51226 51223 54553 67419 68015
49706 5033 5337 9 51223 51225 54093 54092 54595 54594 67824 67444 54552
49707 4884 5237 5 51224 51226 68016 68035 68040
49708 7529 7436 4 51228 51229 52806 51416
49709 5781 5669 3 51238 51236 54177
49710 5443 5484 6 51239 51240 54531 65487 65202 65203
49711 5341 5484 3 51241 51239 54539
49712 5856 5484 6 51240 51241 54538 67365 57846 54532
49713 6699 6852 7 51243 51244 52902 51546 51502 51501 51274
49714 6781 6852 3 51244 51245 52903
49715 7228 7083 4 51248 51249 53225 52983
49716 5593 5462 6 51252 51253 54137 67759 67757 67758
49717 6504 6146 3 51255 51256 51257
49718 7750 7436 5 51263 51260 53173 52806 52303
49719 7750 7692 4 51260 51262 52807 53171
49720 5895 6118 9 51270 51271 56266 56265 56264 56161 51713 51712 56039
49721 5941 6118 4 51271 51272 56287 56268
49722 5941 5660 5 51272 51269 56054 56053 56286
49723 5941 5895 7 51269 51271 56267 56270 88692 56120 56122
49724 6118 5660 3 51270 51272 56283
49725 5046 5333 4 51278 51279 54379 54372
49726 5373 5046 3 51278 51280 54371
49727 5172 5333 5 51279 51281 65560 68293 67434
49728 6126 6104 6 51282 51283 53986 53987 54322 54422
49729 6780 6410 4 51286 51287 51288 54239
49730 6780 6786 7 51288 51289 54006 53913 53912 53988 54308
49731 5623 5958 4 51290 51291 54374 54375
49732 7534 7271 5 51298 51299 51302 51384 51383
49733 6852 6390 4 51303 51304 51350 51499
49734 6066 5924 5 51305 51306 51888 51347 51348
49735 6721 6947 7 51308 51309 55532 55011 53055 52815 52816
49736 6743 6721 3 51308 51310 56482
49737 7081 7010 3 51312 51313 51315
49738 7081 7340 3 51316 51317 51318
49739 5923 5776 7 51320 51321 56694 56563 56565 69786 56071
49740 6173 5776 5 51321 51322 55063 55062 56777
49741 6173 5897 8 51322 51319 56541 56543 54957 54958 56539 56548
49742 6173 5923 4 51319 51321 56776 56540
49743 5776 5897 5 51320 51322 56549 56086 56072
49744 5511 5655 6 51323 51324 68270 68237 54649 54568
49745 5469 5655 6 51326 51323 54569 68111 54559 54560
49746 5805 5655 5 51324 51326 67435 54583 54585
49747 6786 7135 5 51333 51334 51447 53994 53992
49748 7135 6767 4 51332 51334 51446 53110
49749 7243 7224 6 51336 51337 52143 51426 51427 51536
49750 7243 7403 5 51337 51338 52724 52723 52689
49751 7211 7243 5 51336 51338 51533 51398 51395
49752 7403 7224 6 51337 51339 52796 52795 52891 52690
49753 6288 6707 4 51340 51342 55621 51953
49754 6066 6262 7 51346 51347 51889 51924 51948 51521 51522
49755 6390 6755 4 51349 51350 51497 51442
49756 6390 6699 3 51351 51353 51443
49757 6079 6173 5 51355 51356 55062 54776 54779
49758 5844 6079 4 51354 51356 55053 53627
49759 7242 6892 3 51362 51363 51403
49760 7139 6982 5 51368 51369 52391 87263 87262
49761 7139 7246 4 51367 51368 90836 90389
49762 8252 7840 4 51370 51372 52309 52308
49763 7271 7291 4 51373 51374 52821 51375
49764 5515 5349 7 51377 51378 52713 69326 69327 72562 72530
49765 5349 5561 5 51376 51378 52711 51580 51518
49766 5521 5763 5 51379 51380 67952 67763 67651
49767 5767 5763 6 51380 51381 54591 54590 67997 67953
49768 5763 5839 6 51379 51381 54545 53767 53766 67652
49769 7271 7692 5 51382 51383 52671 52670 51422
49770 7787 7902 4 51387 51388 52763 53046
49771 7787 7840 4 51385 51387 52866 51430
49772 7902 7829 3 51386 51388 52396
49773 7692 7814 4 51389 51390 51411 52987
49774 6781 7177 5 51392 51394 52009 52258 52260
49775 7145 7243 4 51396 51398 51534 52189
49776 7077 6995 6 51399 51400 52761 52198 52194 52195
49777 7224 7141 4 51401 51402 51429 51427
49778 7224 6995 4 51402 51399 52553 52552
49779 6892 7293 5 51405 51403 51415 52792 52893
49780 6852 7293 5 51404 51405 52894 52895 53982
49781 7365 7315 7 51406 51407 95815 95818 96587 96706 96710
49782 7633 7315 3 51407 51408 96661
49783 7315 7362 5 51406 51408 96557 96335 96337
49784 7668 7246 3 51409 51410 90452
49785 7484 7741 6 51418 51419 53362 53313 53314 53458
49786 7293 7692 3 51421 51422 52788
49787 6995 6697 6 51424 51425 52904 52818 52765 52720
49788 7309 7243 3 51426 51428 52144
49789 7750 7787 5 51430 51431 52294 52293 52867
49790 7020 6974 9 51432 51433 54021 52854 52853 52653 52655 53141 53142
49791 6723 6974 7 51434 51432 53687 53686 52648 52647 53660
49792 6652 6974 4 51433 51434 53919 53916
49793 6712 6553 3 51439 51440 51718
49794 7032 6786 6 51445 51447 54007 54006 54032 54033
49795 5877 6127 3 51450 51449 51672
49796 6416 6415 4 51453 51454 51653 51654
49797 6416 6350 4 51454 51455 51530 51531
49798 6467 6416 10 51453 51455 51644 51947 51613 51612 51583 51582 51978 51802
49799 6364 6563 4 51457 51458 53084 54742
49800 6364 6388 5 51458 51459 52996 53848 53085
49801 6671 6388 4 51459 51460 53073 52998
49802 6975 7032 3 51462 51463 53880
49803 7488 7585 6 51467 51468 52202 52203 52824 52829
49804 7457 7662 5 51472 51473 97619 90486 90487
49805 7457 7608 6 51473 51474 89816 89817 96717 97605
49806 7371 7608 7 51474 51475 96795 90324 90326 94628 94627
49807 7371 7662 5 51475 51472 95767 97544 97601
49808 7371 7457 6 51472 51474 97597 95795 95794 95766
49809 7608 7662 5 51473 51475 97600 52231 52232
49810 7122 7006 3 51480 51481 53112
49811 6332 6690 5 51487 51488 54904 54902 55444
49812 6594 6690 5 51488 51489 55613 55157 55055
49813 6690 6454 6 51487 51489 55616 55618 55660 56030
49814 6364 6498 4 51490 51491 52996 52997
49815 6567 6498 5 51492 51490 53896 53897 53898
49816 6254 6498 5 51491 51492 53698 53699 53905
49817 6557 6852 4 51498 51499 51509 51501
49818 6699 6755 3 51500 51502 51544
49819 6557 6679 4 51503 51504 51505 51508
49820 6755 6566 3 51506 51507 53118
49821 6557 6552 3 51509 51510 51511
49822 6498 6192 4 51513 51514 53699 53875
49823 6424 6192 5 51514 51515 51763 54678 53700
49824 6424 6498 5 51512 51514 53698 53898 53791
49825 6192 6376 5 51513 51515 51762 51548 51550
49826 5327 5498 7 51516 51517 70830 70831 71956 71957 87299
49827 5561 5498 6 51518 51516 70816 70815 88900 51578
49828 5349 5498 4 51517 51518 51579 72352
49829 6423 6262 5 51524 51521 51944 51934 51670
49830 6423 6066 4 51521 51523 55881 51949
49831 6305 6262 5 51522 51524 51671 51686 51577
49832 6416 5898 6 51525 51526 51614 51529 51530 51644
49833 6161 6416 3 51525 51527 51947
49834 6225 5898 4 51526 51528 51928 51652
49835 6262 5898 6 51532 51529 51615 51887 51889 51879
49836 7211 7350 3 51535 51533 52715
49837 7145 7350 4 51534 51535 52714 52668
49838 6408 6443 6 51539 51537 52538 52537 53135 54674
49839 6408 6069 4 51537 51538 53901 52941
49840 6697 6852 5 51545 51546 52818 52819 53971
49841 6329 6376 7 51547 51548 53886 51790 51789 53483 53481
49842 6388 6376 3 51550 51547 53874
49843 6254 6388 4 51552 51551 53848 53905
49844 6621 6274 3 51555 51553 53966
49845 6588 6563 3 51556 51557 53871
49846 6411 6671 3 51561 51559 55089
49847 6076 6329 4 51565 51566 54430 54432
49848 6172 6068 3 51567 51564 51793
49849 5791 6066 3 51570 51571 51619
49850 5988 6066 8 51571 51572 51924 51950 55871 51750 51751 51620
49851 6066 5898 5 51570 51572 51889 51888 51669
49852 6393 6214 4 51574 51575 89395 89396
49853 6350 6027 3 51576 51573 51819
49854 6214 6027 6 51574 51576 51820 55845 88762 90065
49855 5498 5533 6 51578 51579 55808 55806 68464 88245
49856 5349 5533 5 51579 51580 88699 72398 72397
49857 5533 5561 6 51578 51580 87835 73977 73976 88954
49858 6416 6593 6 51581 51582 51977 51976 51975 51974
49859 6553 6416 4 51581 51583 51945 51973
49860 6013 5846 6 51585 51586 88574 88573 88831 88829
49861 6013 6123 5 51586 51587 90910 91302 91300
49862 5965 6123 4 51587 51588 72235 72234
49863 5965 5846 6 51588 51585 73698 73699 88658 88660
49864 5965 6013 4 51585 51587 73870 73869
49865 5813 6001 4 51592 51593 51876 51874
49866 5813 6027 6 51593 51591 91165 73645 73644 51882
49867 7145 7056 10 51594 51595 55531 55362 55361 52741 52743 53298 55450 55043
49868 6732 6423 4 51596 51597 51599 51867
49869 6732 6470 3 51597 51598 51600
49870 6429 6423 5 51599 51601 55818 51734 51733
49871 6041 6094 7 51604 51605 55206 55814 55815 55876 54895
49872 6041 5978 9 51605 51602 55264 51964 51963 55514 55796 51955 51954
49873 6041 6363 4 51602 51604 54894 55788
49874 6094 5978 5 51603 51605 51865 51864 52651
49875 6288 6063 6 51606 51607 51804 55464 55465 51821
49876 6350 6063 4 51607 51608 51800 51806
49877 6416 6444 4 51611 51612 51945 51933
49878 5825 5488 3 51616 51617 54905
49879 6164 5978 5 51623 51621 55953 55950 55794
49880 6450 6713 3 51636 51633 52118
49881 6771 6713 7 51634 51636 55412 55411 55369 55371 53591
49882 6547 6469 3 51637 51638 52146
49883 7444 7418 9 51640 51641 52663 52661 53234 52939 52937 55273 53215
49884 7619 7622 4 51642 51643 53245 53177
49885 7619 7444 5 51640 51642 52935 52934 52955
49886 6467 5898 3 51644 51645 51920
49887 7108 7069 5 51647 51648 90369 90368 90378
49888 7254 7069 5 51649 51647 89933 52134 52131
49889 7175 7069 6 51648 51649 89392 90444 91462 90844
49890 6416 6433 5 51654 51655 51976 51979 51802
49891 6262 6433 5 51655 51656 51670 51671 51707
49892 7542 7355 8 51658 51657 52152 52151 52572 52574 89865 52634
49893 6127 6255 3 51664 51665 51666
49894 5927 5885 5 51667 51668 54488 54522 54524
49895 5983 5786 5 51675 51673 68067 51726 51692
49896 5003 4960 6 51676 51677 62189 67593 54517 54516
49897 5120 4960 4 51678 51676 61435 61437
49898 5033 4960 6 51677 51678 61638 61637 53728 53727
49899 6094 6470 3 51680 51679 55876
49900 6004 6281 5 51681 51682 55795 55862 55690
49901 6004 6368 5 51682 51683 89338 55467 55470
49902 6357 6368 7 51683 51684 55728 51861 51862 52016 89288
49903 6357 6281 6 51684 51681 55463 53850 53849 55743
49904 6357 6004 5 51681 51683 89187 53179 53178
49905 6368 6281 7 51682 51684 55744 55754 52126 51970 51969
49906 6262 6593 5 51686 51687 51826 51975 51707
49907 5860 5978 5 51690 51688 51796 51865 51954
49908 4678 4738 6 51693 51694 69715 67857 67855 69056
49909 4678 4667 5 51694 51695 69760 69729 69716
49910 4754 4667 6 51695 51696 55448 55449 57039 57037
49911 4754 4738 5 51696 51693 57044 57045 69622
49912 4754 4678 7 51693 51695 69238 69240 69915 69917 69966
49913 4667 4738 9 51694 51696 53857 53859 60041 69656 69659 59053 59052
49914 6357 6768 3 51697 51698 51861
49915 6357 6580 9 51698 51699 55730 55732 52586 52069 52068 52015 51862
49916 6682 6768 7 51700 51697 55729 52109 52111 55652 52166
49917 6580 6768 6 51698 51700 52167 90102 52136 51863
49918 5586 5697 4 51704 51705 69122 67646
49919 5908 5697 4 51705 51706 55964 55963
49920 5908 5586 6 51703 51705 69123 69201 55959 55902
49921 5697 5692 5 51704 51706 56002 56052 67647
49922 6197 6108 5 51708 51709 55172 55173 55719
49923 6197 6227 3 51709 51710 89280
49924 6327 6108 4 51711 51708 55721 89158
49925 6327 6197 6 51708 51710 72131 55597 55598 55720
49926 6227 6108 6 51709 51711 89054 89053 85644 85642
49927 5354 5198 3 51714 51715 68981
49928 5354 5407 6 51715 51716 67983 67984 69211 68980
49929 5236 5407 4 51716 51717 69813 69801
49930 5236 5198 7 51717 51714 69901 69321 69311 69310 69812
49931 5236 5354 6 51714 51716 69800 69375 69377 69900
49932 5407 5198 7 51715 51717 57122 57121 67454 57342 57339
49933 5518 5120 4 51721 51722 69283 68060
49934 5146 5485 3 51723 51720 57548
49935 5146 5518 5 51720 51722 68263 67552 67553
49936 5120 5485 4 51721 51723 57549 67938
49937 5690 5983 3 51726 51727 68066
49938 5402 5146 4 51728 51729 68264 67552
49939 5236 5146 9 51729 51730 57540 57539 67954 69321 69902 69377 68435
49940 5146 5337 6 51728 51730 54594 54593 57548 67553
49941 6415 6429 5 51732 51733 51866 52141 53746
49942 6423 6246 5 51734 51731 51944 51949 55817
49943 6429 6246 4 51732 51734 55816 53748
49944 5934 5894 5 51735 51736 88931 91287 91285
49945 5934 6046 6 51736 51737 55612 55611 61180 61181
49946 5424 6046 6 51737 51738 91213 91214 88220 88221
49947 5424 5894 5 51738 51735 91364 72036 72035
49948 5424 5934 5 51735 51737 91193 91194 91363
49949 6046 5894 5 51736 51738 91215 91151 88932
49950 6094 6122 4 51743 51741 54505 54504
49951 6094 5750 4 51741 51742 54574 54518
49952 6258 6176 7 51745 51747 53574 56606 56605 56689 56471
49953 4915 4939 5 51754 51755 68534 68799 61361
49954 4764 4939 3 51755 51756 68535
49955 4764 4798 8 51756 51753 61343 57361 57363 68829 68825 68821
49956 4764 4915 4 51753 51755 67333 67332
49957 4939 4798 6 51754 51756 68822 68824 68846 61362
49958 6076 5856 6 51760 51761 54457 54458 54475 54456
49959 6076 5885 8 51761 51759 53924 54490 54491 54502 54521 54488
49960 4852 4963 7 51765 51766 57411 69368 69369 69910 69323
49961 5116 4852 4 51764 51766 54627 54626
49962 4963 5138 3 51765 51767 58221
49963 5518 5402 7 51768 51769 67962 68080 68021 68022 67552
49964 5541 5402 4 51769 51770 66594 67963
49965 5046 4995 4 51771 51772 65566 65500
49966 5046 4986 5 51772 51773 65014 65184 65567
49967 4980 4986 3 51773 51774 65016
49968 4980 4995 7 51774 51771 65501 68344 68398 68145 67165
49969 4980 5046 5 51771 51773 65015 67179 65499
49970 4971 4823 6 51777 51778 68896 68912 68754 68644
49971 4577 4751 7 51779 51776 68788 68787 68786 68785 68380
49972 4577 4971 5 51776 51778 68897 68895 68856
49973 5518 5690 4 51784 51785 67962 55393
49974 5518 5672 4 51785 51786 69373 68080
49975 5786 5518 8 51784 51786 69807 69144 68041 57801 57800 55392
49976 6109 6124 3 51787 51788 53841
49977 6376 6202 4 51790 51791 54416 54407
49978 6202 6068 7 51792 51793 54477 52885 52886 54320 54407
49979 5906 5664 4 51794 51795 54927 51903
49980 5978 6081 5 51797 51798 52651 55999 55782
49981 6075 6081 5 51799 51797 53847 53846 54890
49982 6350 5988 5 51800 51801 51880 51843 51841
49983 6288 6246 4 51804 51805 51932 55727
49984 6063 6246 6 51806 51804 55734 55377 55378 51936
49985 6608 6690 5 51807 51808 55217 55619 55618
49986 5456 5610 7 51809 51810 65575 65577 68279 67949 67950
49987 5456 5661 5 51810 51811 68278 68277 65576
49988 5830 5456 6 51809 51811 68280 68300 68308 68281
49989 5912 5890 6 51813 51814 89152 56109 56108 89114
49990 5912 5751 4 51814 51815 89073 89153
49991 6101 5890 5 51816 51813 89163 55469 55468
49992 6101 5912 7 51813 51815 89074 89157 89079 89078 89162
49993 5751 5890 6 51814 51816 89105 89106 89134 89141
49994 6001 6393 3 51817 51818 51852
49995 6214 6063 4 51822 51821 53180 51891
49996 7751 7626 6 51827 51828 52326 52325 52361 52282
49997 6197 6382 10 51829 51830 68972 89324 88888 88880 88881 89360 88912 88913
49998 6197 6425 4 51830 51831 89279 68973
49999 6294 6425 7 51831 51832 89378 86576 86575 89312 89285
50000 6294 6382 5 51832 51829 89000 91200 90695
50001 6294 6197 5 51829 51831 87848 87847 88999
50002 6425 6382 5 51830 51832 89333 56193 56195
50003 5838 5399 4 51834 51833 54650 68181
50004 5791 5574 5 51835 51836 68062 65147 51897
50005 6318 6112 5 51837 51838 87148 55973 55976
50006 6318 6396 6 51838 51839 88587 87795 87796 88247
50007 6244 6396 4 51839 51840 86385 87010
50008 6244 6112 4 51840 51837 87295 86384
50009 6244 6318 8 51837 51839 88678 89139 89193 89233 89195 89135
50010 6396 6112 5 51838 51840 56090 56088 56219
50011 6246 5988 6 51841 51842 51950 55812 55790 51936
50012 6262 5988 4 51842 51843 51879 51924
50013 6013 5980 10 51844 51845 73869 88829 88830 91502 91503 92017 91443 91393
50014 6013 6037 5 51845 51846 88456 90910 73870
50015 6333 6037 4 51846 51847 64987 88458
50016 6333 5980 6 51847 51844 91385 91026 73758 64985
50017 6333 6013 5 51844 51846 88457 91233 91394
50018 6037 5980 5 51845 51847 64986 51917 51916
50019 6692 6662 6 51849 51850 90852 90945 91017 89268
50020 6716 6662 5 51850 51851 90848 92019 90853
50021 6716 6438 5 51851 51848 89124 90413 90846
50022 6716 6692 8 51848 51850 90851 90963 90917 90791 90048 89123
50023 6662 6438 5 51849 51851 90847 88355 88356
50024 6791 6949 4 51853 51854 89382 90431
50025 6791 7199 7 51854 51855 87510 87508 90924 89035 89034
50026 7095 6949 5 51856 51853 90647 90646 90713
50027 6089 5722 7 51857 51858 77330 77331 77360 77363 91020
50028 6089 6083 4 51858 51859 77425 77426
50029 6395 5722 3 51860 51857 96542
50030 6580 6368 3 51862 51863 52017
50031 6253 6049 8 51868 51869 56063 55490 55491 55936 56298 56094
50032 5813 5774 4 51873 51874 51875 69079
50033 5813 5854 7 51875 51876 51882 91067 90312 68699 68700
50034 5854 6027 4 51881 51882 90842 55847
50035 5514 5432 7 51883 51884 69050 69048 69084 68496 65537
50036 6004 6214 7 51891 51892 55845 88761 89335 89186 53179
50037 6001 6004 4 51890 51892 55846 55781
50038 5485 5786 3 51894 51895 57800
50039 5825 5541 3 51896 51893 67735
50040 5825 5485 6 51893 51895 57799 68136 53903 53902
50041 5786 5541 5 51894 51896 68067 55394 55392
50042 5061 4874 4 51901 51898 68870 68869
50043 5950 5664 6 51902 51903 69309 67530 67529 55954
50044 6613 6281 7 51904 51905 55754 55758 55759 55983 55750
50045 6286 6613 5 51904 51906 51959 54960 54961
50046 6608 6281 3 51905 51907 52126
50047 5255 5238 6 51909 51910 61443 61444 72484 69154
50048 5255 5363 6 51910 51908 68132 69182 69333 69156
50049 6666 6523 3 51911 51912 56302
50050 6666 6354 6 51912 51913 53683 53684 55427 55428
50051 6634 6523 7 51914 51911 56303 55649 55648 56477 56480
50052 6634 6666 4 51911 51913 55472 55471
50053 6354 6523 6 51912 51914 56478 56445 56444 56448
50054 5980 6019 7 51917 51918 72323 72322 90728 73758 70496
50055 5965 6019 4 51918 51919 89067 73600
50056 5965 6037 7 51919 51916 73870 72234 72233 71927 71929
50057 5965 5980 6 51916 51918 73599 73696 73698 73869
50058 6019 6037 7 51917 51919 89094 55595 55594 87842 70497
50059 6613 6682 6 51921 51922 55758 55747 52109 52110
50060 6613 6415 6 51922 51923 52141 55749 55984 55759
50061 6193 6641 4 51926 51927 77873 77874
50062 6393 6444 5 51930 51931 51983 51984 51987
50063 6297 6314 7 51940 51941 91782 90884 89040 89041 88833
50064 6297 6662 4 51941 51942 90965 90964
50065 6334 6662 6 51942 51943 88356 89268 89654 89652
50066 6334 6314 5 51943 51940 88834 72142 72141
50067 6662 6314 5 51941 51943 88355 91088 91787
50068 6246 6066 4 51948 51949 55873 51950
50069 6101 5978 6 51951 51952 51964 55263 55953 55486
50070 5860 6041 3 51956 51954 55206
50071 5825 6041 8 51955 51956 55814 55813 55872 55870 55831 55830
50072 6713 6613 6 51957 51958 55761 55760 53591 53590
50073 5512 5630 4 51960 51961 69992 69789
50074 5452 5630 6 51961 51962 57338 56068 56067 70042
50075 5630 5496 5 51960 51962 57337 67781 67780
50076 6999 6690 5 51965 51966 52062 55506 55534
50077 6943 6843 8 51967 51968 55220 55219 87117 88769 55552 52241
50078 6943 6690 4 51968 51965 54968 54965
50079 6943 6999 6 51965 51967 52240 52599 52598 55533
50080 6843 6690 8 51966 51968 53004 53003 55157 55615 55217 52063
50081 7022 7096 5 51971 51972 52164 52165 55564
50082 6416 6781 3 51977 51978 51979
50083 5980 5547 3 51980 51981 88617
50084 5833 5547 6 51981 51982 89098 72503 72504 88955
50085 5547 5680 8 51980 51982 89097 91131 89043 89045 90873 88618
50086 6393 6553 3 51985 51986 51987
50087 7410 7431 8 51992 51993 86821 90354 90355 97120 97119 89876
50088 7326 7431 4 51993 51994 89976 86823
50089 7431 7194 5 51992 51994 87725 87724 89877
50090 6999 6947 9 51997 51998 55539 55536 55505 52597 52598 55532 53148
50091 6909 6999 6 51996 51998 55538 55508 55504 53814
50092 7385 7451 5 52001 51999 52352 90208 90207
50093 7385 7466 4 51999 52000 52353 52351
50094 7284 7451 5 52003 52004 90725 90349 52352
50095 7284 7384 4 52004 52002 90485 90658
50096 6095 6382 4 52005 52006 69073 91200
50097 6095 6214 7 52006 52007 88761 88762 90869 91272 69074
50098 6016 6214 3 52007 52008 89335
50099 6016 6382 6 52008 52005 89000 88913 88914 89334
50100 6214 6382 5 52006 52008 89186 89188 69075
50101 6692 6857 6 52011 52012 89954 90401 90403 90871
50102 6692 6918 6 52012 52010 90945 90944 90963 89952
50103 6692 6683 7 52010 52011 90897 90893 90894 91304 91017
50104 6489 6357 4 52015 52016 89287 90449
50105 6489 6368 10 52016 52017 52135 55400 55764 55484 55485 55636 89361 89286
50106 6580 6489 6 52015 52017 52136 90100 90323 90569
50107 7214 7177 4 52018 52019 52479 52480
50108 7214 7244 6 52019 52020 52476 52587 52496 52497
50109 7018 7214 4 52018 52020 52475 52545
50110 7581 7751 5 52024 52025 52360 52434 52384
50111 7521 7751 4 52025 52026 52282 52281
50112 7447 7278 5 52027 52028 53368 53276 52875
50113 7350 7403 7 52041 52040 52478 52725 52724 52715 52714
50114 7793 7682 5 52042 52043 89721 89942 89955
50115 7793 7502 5 52043 52044 52400 52526 89722
50116 7526 7682 4 52045 52042 89956 90041
50117 7147 7127 8 52052 52053 86199 86198 86656 86655 89685 88226
50118 7147 7050 8 52051 52052 88225 89620 89622 89647 89469 89468
50119 7517 7372 5 52054 52055 89948 89950 90451
50120 7744 7474 5 52060 52059 53224 53213 53188
50121 6395 6401 4 52064 52065 77568 90888
50122 6395 6528 9 52065 52066 73768 91013 77669 77667 73463 73465 77569
50123 6351 6395 5 52064 52066 73769 90787 91101
50124 6537 6357 4 52067 52068 90449 90447
50125 6526 6197 3 52070 52071 89324
50126 6526 6538 6 52071 52072 89407 89177 56194 56192
50127 6462 6538 4 52072 52073 55599 89289
50128 6462 6197 6 52073 52070 88888 88889 89320 55598
50129 6462 6526 7 52070 52072 71012 71011 89160 89159 89325
50130 6538 6197 6 52071 52073 55597 72132 68973 68972
50131 6190 6267 4 52074 52075 55116 56855
50132 6921 6803 4 52078 52079 90660 89811
50133 7019 6803 5 52079 52080 86710 86707 89174
50134 7019 6921 4 52077 52079 92994 93001
50135 6578 6349 6 52081 52082 92048 88128 88127 87829
50136 6578 6398 6 52082 52083 88368 89294 89297 92053
50137 6327 6578 9 52081 52083 88367 89458 52182 52183 72049 72048 87830
50138 6134 6412 7 52084 52085 91541 91927 91008 91011 72691
50139 6134 6070 8 52085 52086 91716 91061 91062 91724 88093 88091
50140 6143 6412 4 52087 52084 72693 91780
50141 6143 6134 3 52084 52086 72692
50142 6070 6412 4 52085 52087 91770 91542
50143 6237 6341 6 52090 52091 89844 89845 88102 88101
50144 6237 6177 6 52091 52092 86227 86228 91071 92012
50145 6289 6177 7 52092 52093 88218 71910 71912 77862 77859
50146 6289 6237 4 52090 52092 85866 85865
50147 6177 6341 4 52091 52093 88217 91483
50148 5980 5778 7 52095 52096 88839 73696 73697 88830 91499
50149 5515 5778 6 52096 52097 91519 88853 88854 89046
50150 5515 5883 4 52097 52094 72602 91512
50151 5515 5980 6 52094 52096 90778 88617 88616 72601
50152 5778 5883 3 52095 52097 91501
50153 6537 6672 7 52098 52099 89384 90914 90782 89303 89305
50154 6537 6769 4 52099 52100 89945 89385
50155 6651 6672 7 52101 52098 90604 90815 90816 90840 90766
50156 6651 6537 4 52098 52100 89946 90603
50157 6751 6947 4 52105 52106 53053 53055
50158 6943 6947 6 52107 52105 55011 52598 52600 55339
50159 7280 6947 5 52106 52107 55338 55340 56083
50160 6613 6768 5 52108 52109 55746 55914 55985
50161 6817 6768 5 52111 52108 55262 55261 55654
50162 6817 6613 4 52108 52110 55321 55320
50163 6350 6580 3 52112 52114 52586
50164 6214 6712 3 52113 52115 90770
50165 6563 6713 8 52118 52116 53668 53669 55375 55414 55413 55412
50166 6563 6363 3 52116 52117 55948
50167 4984 5139 3 52120 52121 70432
50168 5010 4928 4 52122 52119 69153 69150
50169 5010 4984 8 52119 52121 70433 72071 71897 70740 70741 70410
50170 5790 5489 8 52123 52124 89169 89132 89127 88891 55826 55827
50171 5790 5517 3 52124 52125 54892
50172 5788 5790 9 52123 52125 54891 86102 86101 89166 88959 88960 89129
50173 6853 6769 5 52130 52128 55554 90390 90384
50174 7199 7069 11 52131 52132 90483 90379 88988 88986 90927 89035 52213 52214 89392
50175 7199 7326 3 52132 52133 90482
50176 7254 7326 5 52133 52134 89934 89976 90335
50177 7254 7199 6 52131 52133 90481 89402 89401 89393
50178 7326 7069 6 52132 52134 89835 89834 90418 90478
50179 6489 6768 4 52135 52136 90101 55401
50180 6079 5852 5 52138 52139 54972 53627 53626
50181 5673 5852 5 52139 52140 53763 54911 54912
50182 5852 6084 6 52138 52140 53708 53707 53704 54691
50183 6613 6429 4 52141 52142 53080 53083
50184 7461 7224 4 52145 52143 52690 52695
50185 6374 6547 8 52146 52147 53719 53717 55684 55913 55968 55949
50186 8090 8195 4 52148 52149 52577 52539
50187 7699 7355 5 52151 52153 52201 52560 52559
50188 7799 7945 4 52155 52156 52754 52505
50189 8178 7799 5 52155 52157 52677 52676 52506
50190 7878 7930 6 52158 52159 53462 53474 53476 53500
50191 7930 7838 6 52158 52160 53406 53360 53359 53501
50192 7177 7077 6 52161 52162 52775 52774 52196 52195
50193 7243 7067 4 52172 52173 52189 52187
50194 6868 6911 6 52174 52175 52897 52896 53017 55934
50195 6732 6868 3 52174 52176 55319
50196 6589 6584 6 52180 52181 89301 89516 89261 89200
50197 6589 6578 5 52181 52182 89457 89542 89302
50198 6327 6584 6 52183 52180 89202 89313 55167 55169
50199 6578 6584 3 52181 52183 87812
50200 7077 6868 8 52184 52185 52198 52896 53016 52744 52742 55626
50201 7077 6817 4 52185 52186 52196 52194
50202 6882 7077 5 52184 52186 52774 52776 55629
50203 7077 7067 3 52187 52188 52842
50204 7077 7022 6 52191 52192 52775 52776 55628 55513
50205 7225 7022 5 52192 52193 52730 52481 52482
50206 7225 7145 4 52193 52190 52197 55362
50207 7022 7145 3 52191 52193 55361
50208 6995 6868 3 52198 52199 52897
50209 7355 7710 3 52200 52201 86922
50210 7488 7309 6 52203 52204 52696 52226 52227 52365
50211 7488 7461 7 52204 52202 52449 52287 52288 52752 52695
50212 7022 7177 5 52207 52208 52480 52482 52775
50213 7069 6891 5 52212 52214 90444 90718 90720
50214 7656 7746 3 52217 52215 53279
50215 7488 7322 3 52218 52219 52227
50216 6989 6881 4 52223 52224 96798 77843
50217 6881 6876 4 52223 52225 96768 77844
50218 7372 7139 3 52234 52235 89508
50219 6959 6635 4 52236 52237 92951 90627
50220 6785 6739 5 52238 52239 87940 89322 89409
50221 6785 6959 7 52236 52238 89541 89416 89415 90649 90626
50222 6943 7161 4 52240 52241 55551 55507
50223 6580 6769 7 52242 52243 89385 90322 90100 90102 55554
50224 7189 7307 5 52245 52246 89670 90119 89852
50225 7216 7307 5 52246 52247 89824 90038 89671
50226 7402 7216 5 52249 52250 89671 89669 89775
50227 7199 7384 6 52252 52253 90485 90480 89402 89403
50228 7199 7349 5 52251 52252 88977 55385 55387
50229 6982 6781 3 52258 52259 52261
50230 7284 7385 5 52265 52266 52351 52352 52364
50231 6769 6812 6 52267 52268 88141 88142 90899 90765
50232 6769 6779 4 52268 52269 90739 90370
50233 6651 6779 7 52269 52270 89176 89253 87311 87312 89057
50234 6651 6812 6 52270 52267 90766 90841 86878 86877
50235 6779 6812 8 52268 52270 89175 88927 56199 56200 86829 86847
50236 7842 8019 6 52272 52273 52274 97251 97253 97628
50237 7801 7842 4 52271 52273 52275 96900
50238 8019 7862 5 52276 52274 97579 97603 97689
50239 7801 7862 4 52275 52276 97696 96901
50240 7647 7635 3 52277 52278 99024
50241 7530 7647 6 52277 52279 86545 92940 92942 98352
50242 6393 6389 4 52283 52284 89028 89060
50243 7744 7746 3 52291 52289 53240
50244 7787 7529 5 52292 52293 52931 52848 52850
50245 7511 7919 4 52295 52296 52319 52323
50246 7511 7751 3 52297 52299 52325
50247 7858 7602 5 52301 52300 52346 52343 89735
50248 7574 7685 5 52305 52307 52471 52472 52550
50249 7682 8021 8 52313 52311 52453 90191 52335 52337 89747 52332
50250 7858 8021 5 52312 52313 52333 89697 89805
50251 7006 7169 3 52322 52321 53899
50252 7759 7483 5 52330 52331 96813 96816 97484
50253 7709 7682 5 52332 52334 89721 89723 98382
50254 8021 7959 6 52335 52336 97850 98297 90195 90192
50255 8021 7804 4 52336 52337 89748 97763
50256 7682 7959 3 52338 52335 90139
50257 7177 7321 3 52341 52342 52382
50258 7793 7602 3 52343 52344 89955
50259 7858 7526 3 52345 52346 89944
50260 7053 7332 6 52347 52348 90320 90050 90052 90472
50261 7053 7036 4 52348 52349 91794 90321
50262 7175 7036 6 52349 52350 87961 90584 90883 91391
50263 7667 7626 3 52361 52362 52363
50264 6838 6540 4 52368 52369 88753 89682
50265 6766 6807 3 52370 52367 89658
50266 6766 6838 7 52367 52369 88754 89675 89300 89299 89680
50267 6540 6807 4 52368 52370 89657 89656
50268 7667 7911 4 52372 52373 52374 52377
50269 7757 7685 3 52378 52380 52435
50270 7994 8090 5 52385 52386 52577 52579 52487
50271 7994 8271 6 52386 52387 52451 52542 52544 52575
50272 7961 7994 5 52385 52387 52450 52459 52488
50273 8351 8541 4 52388 52389 99292 99210
50274 7336 7429 5 52392 52393 87084 89909 90039
50275 7613 7691 3 52397 52398 52418
50276 6429 6588 6 52402 52403 53086 53823 53873 53812
50277 7243 7445 3 52404 52405 52723
50278 7244 7263 4 52409 52411 89878 52416
50279 7136 7263 5 52412 52413 89823 89821 89538
50280 7136 7096 5 52413 52414 52642 89920 89916
50281 7094 7096 5 52414 52415 86925 89772 52643
50282 7094 7136 8 52412 52414 52639 52638 89884 89711 89709 89539
50283 7096 7263 6 52413 52415 86924 87756 89878 89879
50284 7244 7393 6 52417 52416 89861 89860 89866 89561
50285 7183 7276 6 52420 52421 97590 95771 91964 91963
50286 7720 7664 7 52424 52425 52681 52582 52551 52549 52580
50287 7956 7720 3 52423 52425 52680
50288 7613 7751 3 52431 52432 52434
50289 8076 8218 7 52438 52439 55588 99043 86594 86592 98610
50290 8157 8076 4 52437 52439 55587 98986
50291 8218 8161 5 52438 52440 98925 98973 98611
50292 7837 7688 4 52444 52441 53187 53164
50293 7837 7705 5 52441 52443 52884 53190 53186
50294 7831 7688 5 52442 52444 53163 53158 52748
50295 7929 7994 5 52450 52451 52543 52745 52460
50296 8281 8050 3 52455 52456 90144
50297 8339 8050 5 52456 52457 93626 93625 90145
50298 8339 8093 4 52457 52454 93706 97824
50299 8050 8093 6 52455 52457 97823 97849 97848 97833
50300 8090 8135 4 52463 52464 52539 52579
50301 7857 7662 4 52466 52467 97698 97714
50302 7857 7803 8 52467 52468 97596 97632 97568 93948 93949 95791
50303 7614 7662 5 52469 52466 97573 90489 90486
50304 7614 7857 5 52466 52468 97581 97580 97712
50305 7613 7687 7 52473 52474 89423 90328 90332 90183 52561
50306 7889 7759 5 52483 52484 97599 97262 97263
50307 7914 7889 6 52483 52485 90458 90255 90257 97598
50308 7337 7339 6 52490 52491 86647 86646 86830 86559
50309 7552 7281 5 52492 52493 89770 55581 55579
50310 6141 5939 6 52502 52503 56454 55224 55223 56316
50311 5899 6141 4 52501 52503 56451 56315
50312 7687 7637 8 52513 52514 89961 89964 90248 89938 89924 89410
50313 7810 7637 3 52514 52515 90226
50314 7810 7793 5 52515 52512 89499 89498 90225
50315 8061 7961 4 52517 52516 52541 52555
50316 7618 7637 4 52521 52518 89410 89925
50317 7704 7637 4 52519 52521 90090 52527
50318 7900 7869 6 52522 52523 97707 96805 96806 97694
50319 7900 7906 4 52523 52524 97375 97706
50320 7810 7906 5 52524 52525 90162 90163 90178
50321 7810 7869 3 52525 52522 97687
50322 7810 7900 7 52522 52524 97376 97722 97702 97701 97695
50323 7906 7869 5 52523 52525 97686 97699 97708
50324 7685 7720 4 52529 52528 52550 52549
50325 9499 9601 3 52530 52531 103114
50326 8061 7946 5 52541 52540 90172 97336 89663
50327 7056 7024 3 52546 52548 53839
50328 7497 7400 6 52557 52558 90034 89646 89644 89820
50329 7355 7400 7 52560 52557 87635 87636 87840 89758 86922
50330 7699 7400 4 52558 52560 86923 90028
50331 8135 7994 5 52562 52563 52578 52579 52564
50332 7997 7775 4 52565 52566 97487 97061
50333 6629 6299 3 52568 52569 89251
50334 6629 6306 7 52569 52570 89394 90317 90318 90744 90767
50335 6393 6629 8 52568 52570 89395 90902 90864 90775 90742 89250
50336 7497 7542 3 52572 52573 89417
50337 7618 7355 3 52574 52571 89668
50338 7618 7497 6 52571 52573 89810 90242 89618 89615
50339 7994 8195 4 52575 52576 52578 52577
50340 7927 7913 4 52583 52584 92074 92075
50341 7913 7780 6 52583 52585 99065 86869 86868 98612
50342 7355 7244 4 52587 52588 89860 52634
50343 6974 7218 4 52595 52596 54052 52947
50344 7208 6947 3 52600 52597 55358
50345 7164 6965 4 52601 52602 52834 55195
50346 7296 7160 5 52603 52604 52616 55558 55502
50347 7296 7056 4 52604 52605 55571 52617
50348 7161 7296 7 52603 52605 55574 55576 55455 55323 55322
50349 7160 7067 5 52607 52608 55359 55266 55265
50350 6883 7067 8 52608 52609 54983 54982 53061 53062 55318 55360
50351 6883 6999 5 52609 52606 54807 53813 53814
50352 6883 7160 3 52606 52608 54806
50353 6959 6913 6 52610 52611 87937 89416 87962 87965
50354 7116 6913 6 52611 52612 89898 89690 89642 87938
50355 6913 7216 3 52610 52612 89793
50356 7388 7472 7 52613 52614 97211 97213 98319 90033 90032
50357 7819 7621 5 52621 52618 90474 90544 95697
50358 7596 7621 6 52619 52621 95696 90513 90394 70687
50359 7085 6956 6 52622 52623 89554 52629 52627 55037
50360 7085 7119 5 52623 52624 89738 89441 89440
50361 6889 7085 3 52622 52624 89737
50362 7119 6956 5 52623 52625 87027 89641 89555
50363 7007 7085 5 52626 52627 55035 86811 55527
50364 7116 7007 4 52626 52628 52645 55526
50365 7007 7033 6 52630 52631 55035 55036 86756 89777
50366 6926 7033 4 52632 52630 89779 89782
50367 7043 7033 6 52631 52632 86895 86894 87006 87024
50368 7136 6864 6 52635 52636 89917 52640 52638 89893
50369 7136 7095 7 52636 52637 90646 89822 89823 89916 89918
50370 6812 7136 4 52635 52637 90295 89915
50371 7136 6887 4 52639 52640 89919 52642
50372 6864 6887 6 52640 52641 89718 89593 89427 89428
50373 6864 7094 5 52641 52638 86791 86785 86786
50374 6887 7094 5 52639 52641 89713 89715 52643
50375 6887 7096 4 52642 52643 89071 89072
50376 7007 6948 4 52644 52645 86789 86790
50377 7116 6948 5 52645 52646 89690 89885 89776
50378 6948 6956 4 52644 52646 89689 89424
50379 7253 7474 5 52649 52650 52727 52726 53002
50380 6094 6081 6 52651 52652 53714 54587 54685 55997
50381 6974 7181 6 52653 52654 52659 54052 54004 52864
50382 7292 7341 6 52656 52657 52991 53099 52876 52769
50383 7217 7181 3 52659 52660 53942
50384 7418 7736 3 52663 52664 53222
50385 7418 7346 7 52664 52661 53235 53366 53399 53400 53403
50386 7736 7346 5 52662 52664 53404 53405 53466
50387 5552 5501 6 52665 52666 54134 54136 68119 68095
50388 5552 5548 6 52666 52667 54149 54148 69906 69189
50389 5664 5552 5 52665 52667 69308 67530 67528
50390 7302 7585 4 52672 52669 52801 52831
50391 7271 7585 5 52670 52672 52821 52786 52785
50392 7225 7641 5 52673 52674 52686 52697 52794
50393 8102 7799 4 52675 52677 52679 52678
50394 7888 8057 3 52684 52685 53280
50395 7224 7488 5 52695 52696 52820 52840 52891
50396 7225 7403 3 52697 52698 52796
50397 7182 7187 6 52705 52706 52868 53456 53253 53252
50398 7265 7330 6 52707 52708 55330 53027 53028 53367
50399 7350 7330 3 52710 52707 53365
50400 7350 7265 6 52707 52709 53374 53379 53384 53380
50401 5625 5561 6 52711 52712 88852 88894 87834 87835
50402 5625 5515 7 52712 52713 72432 72430 88841 91520 88853
50403 5349 5625 4 52711 52713 88697 88699
50404 6995 6771 4 52719 52720 52764 52898
50405 6995 6892 4 52721 52722 52893 52909
50406 7346 7599 8 52731 52732 53387 53014 53015 53401 53405 53464
50407 7281 6973 7 52737 52738 53155 53345 55499 86091 86816
50408 7281 7300 3 52738 52739 53156
50409 7355 6973 4 52740 52737 86818 55567
50410 7355 7281 5 52737 52739 55495 87636 86817
50411 7300 6973 6 52738 52740 55566 55573 55572 53157
50412 7056 7077 4 52741 52742 55625 55513
50413 7056 6868 6 52742 52743 53297 55032 55516 55624
50414 7145 6868 3 52743 52744 53299
50415 7488 7403 3 52752 52751 52891
50416 7973 7727 3 52755 52756 53318
50417 7973 8057 6 52756 52757 53319 53320 53149 53150
50418 6771 7141 5 52766 52764 52899 52999 53974
50419 6697 7141 4 52765 52766 53975 52819
50420 7032 6899 4 52770 52771 53885 53050
50421 7840 7692 5 52772 52773 53170 52807 52782
50422 7840 7585 5 52779 52780 52782 52808 52844
50423 7224 7641 5 52794 52795 52840 52841 52892
50424 7218 7290 7 52797 52798 53956 53957 53949 53940 53937
50425 7218 7538 5 52798 52799 53948 52915 52913
50426 6197 6175 6 52802 52803 88962 89320 55720 55719
50427 6197 5890 6 52803 52804 56154 88912 89362 88963
50428 6073 5890 7 52804 52805 88394 89030 89032 71947 56156
50429 6073 6175 3 52805 52802 88393
50430 6073 6197 6 52802 52804 56155 87847 55171 55173
50431 6239 5852 6 52809 52810 54690 54691 53626 53628
50432 7408 7354 3 52813 52811 89474
50433 7328 7354 7 52812 52813 90206 89705 89702 90628 90419
50434 6666 6947 5 52814 52815 53053 56083 56045
50435 6947 6564 4 52814 52816 56498 56046
50436 6995 6852 6 52817 52818 52902 52903 52909 52894
50437 6852 7141 4 52817 52819 53979 52895
50438 7585 7291 5 52821 52822 52832 52830 52831
50439 7585 7409 6 52823 52824 52833 52825 52826 52832
50440 7585 7581 4 52827 52828 52833 52829
50441 7011 6771 5 52836 52837 53824 53000 52999
50442 7011 6723 4 52837 52835 53828 53879
50443 7011 7020 6 52835 52836 53972 52954 52953 53827
50444 7229 6852 3 52838 52839 53970
50445 7787 7705 5 52851 52848 52932 53186 53189
50446 7629 7705 4 52849 52851 53200 53201
50447 6974 7122 3 52854 52852 54019
50448 6974 7159 5 52852 52853 52864 53914 53915
50449 7480 7122 3 52855 52856 52858
50450 7305 7318 5 52859 52857 53122 54051 53168
50451 7688 7840 4 52865 52866 53205 53170
50452 7688 7787 7 52866 52867 52931 52932 53187 53048 53046
50453 7750 7688 5 52865 52867 53263 53173 53171
50454 7152 7205 5 52871 52873 53350 53369 53306
50455 7447 7112 4 52874 52875 53277 53415
50456 7191 7292 7 52876 52877 53877 53021 53022 53198 53100
50457 6202 5817 3 52886 52887 54030
50458 7000 6909 5 52889 52890 53422 53428 54729
50459 7000 6888 8 52890 52888 53035 53036 53485 55004 55158 53421
50460 7000 7112 6 52888 52889 55161 53393 53394 53392
50461 6911 6771 6 52898 52899 53000 53825 55369 52900
50462 6995 6699 3 52901 52902 52904
50463 6995 6707 4 52906 52907 52920 52908
50464 7582 7305 4 52911 52912 54050 53168
50465 7584 7582 5 52910 52912 54054 53203 53092
50466 7218 7582 9 52913 52914 53904 54046 54047 54054 54050 53958 53956
50467 7218 7531 6 52914 52915 53939 53204 53166 53167
50468 7538 7531 3 52915 52916 53172
50469 7531 7582 5 52914 52916 53146 53145 53175
50470 8153 7703 4 52919 52917 53020 53038
50471 8153 7815 4 52917 52918 53301 53019
50472 7011 7191 7 52923 52924 53023 53821 53828 53827 53021
50473 7191 7146 4 52923 52925 53093 53022
50474 6595 6893 5 52927 52928 55013 55012 55071
50475 6595 6572 6 52926 52927 55123 53755 53754 54930
50476 7470 7152 3 52929 52930 52936
50477 7112 7418 3 52938 52939 52992
50478 6516 6069 7 52940 52941 54701 56744 54719 54718 54722
50479 6751 6690 5 52945 52946 53004 54965 54966
50480 7323 7568 4 52948 52949 53246 53247
50481 6731 6640 4 52950 52951 53136 53750
50482 7020 7292 3 52952 52953 53877
50483 7492 7444 5 52955 52956 53413 55151 53215
50484 7554 7164 3 52960 52961 55301
50485 5612 6344 4 52962 52963 54172 54144
50486 6268 6079 6 52964 52965 55009 55010 55104 56759
50487 6563 6888 5 52966 52967 55375 55023 53831
50488 6563 6834 5 52967 52968 53074 53838 55414
50489 6885 6888 9 52969 52966 53832 55070 53479 53480 53036 53034 55422
50490 6885 6563 3 52966 52968 53075
50491 6834 6888 3 52967 52969 55417
50492 7083 7146 4 52972 52971 53317 52983
50493 7000 7152 5 52974 52975 53032 53394 53306
50494 7577 7546 4 52984 52985 53255 53254
50495 7688 7692 5 52986 52987 53120 53171 53170
50496 7902 7688 5 52986 52988 53047 53046 53205
50497 7538 7705 3 52993 52994 53269
50498 6388 6498 8 52998 52996 53905 53875 53874 54003 53639 53637
50499 7851 8026 3 53005 53007 53410
50500 7873 8092 3 53006 53008 53449
50501 5750 5885 4 53010 53011 54385 54226
50502 6025 5885 5 53011 53012 54492 54490 54489
50503 6025 5750 4 53009 53011 54513 54495
50504 6883 6868 6 53016 53017 55994 55034 53297 53299
50505 7930 7815 5 53018 53019 53300 53500 53501
50506 7278 7346 5 53025 53026 53368 53351 53352
50507 7744 7706 5 53029 53030 53213 53206 53185
50508 7744 7538 3 53030 53031 53188
50509 7000 7083 4 53032 53033 53035 53392
50510 7688 8000 5 53047 53048 53164 53163 53114
50511 6721 6751 5 53054 53055 54967 54966 55731
50512 5587 5725 5 53056 53057 68076 69149 69148
50513 6885 7011 3 53059 53060 55420
50514 7067 6713 4 53061 53063 55141 55028
50515 6142 5817 6 53065 53066 54030 54029 54247 54131
50516 6142 6068 4 53066 53064 53833 54320
50517 6142 5839 5 53064 53065 54129 53096 53095
50518 6094 6265 7 53070 53068 53693 54686 54587 54588 54464
50519 6885 6671 5 53075 53076 53794 55093 53832
50520 6663 6608 6 53077 53078 55677 55620 55619 55617
50521 6923 6608 4 53078 53079 55623 55627
50522 6429 6180 5 53082 53083 53746 53748 55789
50523 6180 6613 6 53081 53083 55749 55982 55750 54961
50524 6771 6588 4 53088 53089 53823 53822
50525 7191 7286 4 53093 53094 53197 53198
50526 6376 6142 6 53097 53095 53833 54416 54451 54435
50527 6154 6142 5 53096 53097 54434 54229 54228
50528 7589 7638 6 53106 53107 53555 53615 53611 53127
50529 7638 7568 5 53106 53108 53117 53242 53128
50530 7122 6840 4 53111 53112 53936 54017
50531 7159 7305 4 53121 53122 54053 53946
50532 7568 7317 3 53125 53126 53128
50533 7638 7317 5 53127 53128 53243 53491 53490
50534 7802 7706 5 53138 53139 53199 53334 53333
50535 7629 7706 5 53139 53140 53237 53270 53201
50536 7706 7727 5 53138 53140 53223 53206 53207
50537 7020 7191 5 53142 53143 53877 53827 53826
50538 7169 6974 3 53144 53141 53895
50539 6999 6661 4 53147 53148 55541 55506
50540 8105 7973 5 53149 53151 53322 53336 53335
50541 5755 5763 7 53153 53154 53907 67654 67650 53834 53835
50542 6010 5755 3 53152 53154 53906
50543 7281 7296 9 53155 53156 55495 87839 55581 55582 55454 55455 53346
50544 7296 6973 5 53155 53157 55571 55574 53347
50545 6696 6640 5 53160 53161 53644 53646 53964
50546 7582 7485 3 53174 53175 53904
50547 6063 6357 4 53180 53178 55463 55465
50548 7190 7477 3 53182 53183 53184
50549 7802 7705 4 53189 53190 53199 53200
50550 6405 6271 7 53193 53194 87097 87096 87187 86976 86410
50551 6405 6259 6 53194 53195 56367 56368 87229 87220
50552 6570 6405 3 53193 53195 86411
50553 7575 7582 3 53202 53203 54047
50554 7877 7627 5 53208 53209 53285 53473 53459
50555 7474 7706 5 53213 53214 53274 53237 53223
50556 7492 7418 3 53216 53215 55274
50557 7802 8122 4 53232 53233 53323 53283
50558 7719 7744 4 53239 53240 53312 53304
50559 7287 7638 4 53242 53243 53600 53583
50560 7470 7612 3 53256 53257 53431
50561 7529 7538 6 53264 53265 53271 53269 53267 53266
50562 7529 7706 4 53267 53268 53270 53274
50563 7529 7582 3 53271 53272 53273
50564 7205 7112 6 53277 53275 53369 53393 53419 53418
50565 7205 7278 4 53275 53276 53351 53350
50566 7546 7866 3 53294 53295 53307
50567 7056 6883 6 53297 53298 55360 54806 54807 55033
50568 7000 7205 5 53305 53306 53393 55193 53579
50569 7146 7265 5 53315 53317 53378 53374 53370
50570 7778 8100 3 53326 53327 53328
50571 6724 6605 5 53329 53330 56767 56766 56793
50572 6268 6409 5 53341 53342 55009 55019 55006
50573 6048 6409 6 53342 53343 54946 54945 53659 53658
50574 6409 6337 7 53341 53343 55107 55137 54710 54709 55007
50575 7296 7024 3 53346 53347 55576
50576 7599 7622 5 53357 53358 53401 53364 53363
50577 7418 7265 3 53366 53367 53380
50578 6764 6564 5 53377 53375 56046 56492 56486
50579 6636 6564 5 53376 53377 56487 56520 55429
50580 7346 7286 3 53385 53386 53387
50581 7405 7051 4 53389 53391 53799 55280
50582 7147 7324 7 53395 53396 86963 86505 86506 86198 86200
50583 7147 7425 6 53396 53397 86413 86571 86960 86969
50584 7425 7324 3 53396 53398 86840
50585 7346 7622 4 53401 53402 53403 53404
50586 7838 7756 3 53406 53407 53498
50587 7949 8092 4 53411 53409 53520 53534
50588 7112 6946 4 53419 53416 55140 55161
50589 7205 6946 5 53417 53419 55193 55192 55216
50590 6727 7000 3 53421 53422 53426
50591 6909 6727 7 53420 53422 53427 53632 55357 55439 55383
50592 5512 5100 6 53423 53424 57082 57081 70038 57217
50593 5452 5100 4 53425 53423 57219 69552
50594 5297 5100 4 53424 53425 69836 69943
50595 6909 6740 3 53427 53428 53633
50596 7878 7975 4 53432 53433 53512 53462
50597 5794 5526 4 53435 53436 85685 55254
50598 5470 5526 6 53436 53437 71039 71161 72115 72114
50599 5470 5726 4 53437 53434 87421 71037
50600 5470 5794 6 53434 53436 88781 88696 87210 87211
50601 5526 5726 5 53435 53437 71038 85514 55255
50602 7577 7599 4 53443 53444 53465 53464
50603 7577 7444 3 53446 53447 53467
50604 7903 7638 4 53453 53454 53555 53469
50605 7484 6871 3 53460 53461 53532
50606 6901 6885 5 53471 53472 53794 55068 53479
50607 8026 7878 4 53474 53475 53511 53512
50608 7822 7708 4 53477 53478 53497 53494
50609 6329 6498 3 53481 53482 54003
50610 6376 6621 5 53483 53484 53817 53818 53882
50611 6621 6498 4 53482 53484 53638 53639
50612 4881 4541 4 53486 53487 67800 67799
50613 4881 4556 5 53487 53488 60467 67748 67801
50614 4945 4556 5 53488 53489 57878 57879 60468
50615 4945 4541 5 53489 53486 66686 66688 61203
50616 8026 8028 6 53504 53505 53510 53516 53521 53523
50617 8026 8153 3 53513 53514 53515
50618 8026 8136 5 53517 53518 53524 53521 53519
50619 8026 8233 3 53522 53523 53524
50620 7047 6696 3 53530 53528 53925
50621 7903 8092 6 53533 53534 53545 53546 53550 53544
50622 7903 8006 5 53535 53536 53551 53550 53549
50623 7903 8136 5 53538 53539 53540 53547 53545
50624 7903 8003 4 53542 53543 53544 53551
50625 7903 8248 4 53546 53547 53548 53549
50626 6760 7087 4 53553 53554 56935 56660
50627 6886 6760 4 53552 53554 56933 56904
50628 7287 7548 4 53558 53559 53585 53589
50629 6278 6627 4 53563 53564 56305 55221
50630 6278 6173 6 53564 53565 56769 56540 56541 56307
50631 6356 6173 6 53565 53566 54747 53672 53673 56770
50632 6356 6627 5 53566 53563 55222 56891 54745
50633 6173 6627 4 53564 53566 54746 56308
50634 7040 7217 4 53567 53568 53649 53650
50635 6176 5909 3 53573 53574 56593
50636 7317 6871 4 53580 53581 53582 53702
50637 7694 8039 3 53586 53587 53588
50638 6337 6605 3 53593 53594 54970
50639 6701 6069 5 53595 53592 55080 54737 54736
50640 6701 6337 5 53592 53594 54969 55143 55121
50641 6605 6069 5 53593 53595 54721 54718 54720
50642 6254 6077 7 53596 53597 54636 54841 54195 54196 53805
50643 7287 7080 4 53601 53602 54069 53604
50644 7589 7442 3 53606 53607 53608
50645 7589 7525 4 53610 53611 53616 53612
50646 7589 7670 4 53613 53614 53616 53615
50647 6642 6572 9 53618 53619 55207 56906 56797 56796 55102 54943 54944
50648 6642 6740 5 53619 53620 55365 55209 55208
50649 6521 6740 5 53620 53621 55124 55162 55355
50650 6521 6572 4 53621 53618 53756 53755
50651 6740 6572 4 53619 53621 55123 55150
50652 5557 5939 3 53622 53623 56231
50653 5557 5899 5 53623 53624 70180 70147 56230
50654 5796 5899 3 53624 53625 56300
50655 5796 5557 8 53622 53624 70181 70179 69406 56322 56320 69620
50656 6727 6946 3 53631 53632 55356
50657 6909 6946 7 53632 53633 54729 55140 55138 55164 55185
50658 6997 6894 4 53635 53636 56740 56836
50659 6997 7005 7 53634 53635 56697 56698 55308 55276 55277
50660 6866 6502 4 53641 53642 56511 56869
50661 6572 6502 7 53642 53643 56780 56791 54930 54929 56512
50662 6572 6748 5 53643 53640 56797 56794 56779
50663 6640 6941 3 53645 53646 54037
50664 6678 6190 7 56542 53647 53648 54913 56860 56949 -1
50665 6409 6079 5 53657 53658 55009 54638 54639
50666 6084 6409 5 53657 53659 54997 55022 54884
50667 7553 7076 6 53667 53665 55298 55297 55310 54842
50668 7553 7137 3 53665 53666 55300
50669 6572 6457 6 53670 53671 54944 53756 53754 56791
50670 6572 6173 3 53671 53672 54943
50671 6356 6457 6 53673 53670 56462 56463 56741 56824
50672 6356 6572 6 53670 53672 55102 56859 56779 56780
50673 7051 7090 5 53674 53675 55296 55285 55239
50674 7090 6787 5 53674 53676 56954 56500 55240
50675 6987 6701 3 53677 53678 55166
50676 7023 6678 7 56943 53679 53680 56953 56948 56949 -1
50677 7023 7090 7 53680 53681 56840 56841 56942 56961 56954
50678 6805 7090 5 53681 53682 55240 55239 55286
50679 6805 6678 6 53682 53679 56336 56335 56506 56499
50680 6805 7023 3 53679 53681 56944
50681 7090 6678 3 53680 53682 56500
50682 7089 6723 4 53688 53686 53870 53865
50683 6265 6363 4 53692 53693 55867 55395
50684 5467 5731 7 53695 53696 69886 69864 69862 69885 69872
50685 5407 5731 4 53696 53697 61462 61463
50686 5407 5496 5 53697 53694 69859 67980 67979
50687 5407 5467 5 53694 53696 69855 69211 69210
50688 5731 5496 5 53695 53697 54886 54888 69287
50689 7442 6972 5 53701 53703 53989 53998 54074
50690 5852 6160 3 53704 53706 54690
50691 5950 6084 4 53705 53707 53709 54775
50692 5731 5852 5 53708 53710 69872 69287 53763
50693 6184 6344 5 53711 53712 54143 54144 54145
50694 6422 6344 5 53712 53713 54042 54085 54084
50695 6094 5982 4 53714 53715 54862 54588
50696 6336 6374 6 53716 53717 55683 55752 55659 55658
50697 6336 6547 3 53717 53718 55682
50698 6511 6374 4 53719 53716 55748 55466
50699 6767 6665 3 53721 53722 54000
50700 4685 5033 3 53729 53727 62190
50701 5871 5217 4 53732 53730 66984 58176
50702 5403 5619 4 53733 53734 54845 57133
50703 6705 6443 4 53735 53736 54724 53781
50704 5927 5949 4 53738 53739 54106 54386
50705 5949 6104 4 53738 53740 54438 54389
50706 5202 5052 4 53741 53742 67662 67677
50707 5202 5055 5 53742 53743 67554 68007 67661
50708 5034 5202 7 53741 53743 55590 55592 68045 68023 67676
50709 6671 6730 3 53745 53744 53819
50710 6180 6415 3 53746 53747 55749
50711 6180 6246 7 53747 53748 55878 55376 55377 55841 55982
50712 6457 6595 5 53757 53754 56792 55125 55118
50713 6521 6595 5 53755 53757 53774 53773 55124
50714 5652 6079 4 53759 53760 54952 54697
50715 5810 6010 5 53764 53765 53906 54730 54744
50716 5810 5763 4 53765 53766 67653 53907
50717 5839 6010 4 53767 53764 54249 54248
50718 5839 5810 5 53764 53766 57398 54599 54598
50719 5522 5585 5 53769 53770 69724 54307 54306
50720 5522 5503 4 53770 53771 69989 70034
50721 5274 5503 4 53771 53772 69838 69839
50722 5274 5585 5 53772 53769 57092 57094 70020
50723 5274 5522 6 53769 53771 69988 67791 67789 67785
50724 5503 5585 8 53770 53772 70022 70021 58178 58177 57328 57327
50725 6595 6456 5 53774 53775 55127 55126 55118
50726 6527 6456 5 53775 53776 54840 54837 55020
50727 6527 6521 5 53776 53773 55162 55344 55077
50728 6527 6595 9 53773 53775 55128 55145 55095 55094 55147 55130 55129
50729 5720 5619 4 53777 53778 56723 54845
50730 6701 6443 4 53780 53781 54737 55081
50731 5815 6344 8 53782 53783 54208 54184 54067 54065 54145 54172
50732 5278 5341 7 53784 53785 67525 54499 54497 65083 67440
50733 7296 7440 5 53796 53797 55500 55556 55582
50734 7296 7389 6 53797 53798 55322 55502 55560 55501
50735 7313 7296 4 53796 53798 55323 55454
50736 7405 6764 4 53799 53800 55325 55279
50737 6424 6077 6 53803 53805 54678 54679 54695 54586
50738 6730 6429 3 53829 53830 53873
50739 6888 6671 5 53831 53832 55092 55332 55024
50740 6213 6141 5 53836 53837 56315 56450 55453
50741 7161 7024 8 53839 53840 55551 55544 55543 55578 55576 55575
50742 6124 6142 7 53841 53842 54311 54227 54229 54400 54399
50743 6241 6114 6 53843 53844 55772 55735 55736 56269
50744 5941 6241 4 53843 53845 70825 56270
50745 6281 6288 4 53850 53851 55727 55464
50746 6415 6281 5 53849 53851 55726 55759 55745
50747 5805 5958 5 53856 53854 54340 54341 54343
50748 4738 4976 4 53857 53858 69923 69622
50749 4738 4817 5 53858 53859 60040 69559 69822
50750 4667 4817 5 53859 53860 55449 69278 60042
50751 4667 4976 3 53860 53857 55448
50752 4817 4976 8 53858 53860 55447 68156 68154 69260 69261 69924
50753 6852 7020 7 53862 53864 53970 53977 53982 53979 53971
50754 6025 6127 3 53866 53867 54078
50755 6697 7020 4 53891 53892 53971 53975
50756 6069 6014 6 53900 53901 54701 56745 54703 54702
50757 6621 6566 3 53908 53909 53910
50758 6974 6780 6 53915 53912 53917 53916 54021 54019
50759 7159 6780 4 53913 53915 54018 54008
50760 6780 6621 4 53917 53918 54309 53988
50761 6122 5885 4 53924 53923 54385 54489
50762 6711 6901 5 53926 53927 54077 53934 53928
50763 7218 7318 5 53929 53930 53957 53958 54051
50764 7218 7766 3 53938 53939 53948
50765 7209 7218 3 53940 53941 53943
50766 7159 7135 5 53945 53946 53993 53994 54001
50767 7135 7122 3 53945 53947 53952
50768 6691 7032 3 53951 53950 53954
50769 6126 6255 7 53961 53962 54424 54290 54288 54417 54427
50770 6255 6222 3 53961 53963 54397
50771 7020 7229 4 53968 53969 53970 53976
50772 7020 7141 6 53972 53973 53983 53979 53975 53974
50773 7020 7242 4 53976 53977 53981 53978
50774 7020 7293 4 53980 53981 53982 53983
50775 7218 7575 6 53995 53996 54048 54055 54047 54045
50776 7032 7159 4 54001 54002 54008 54007
50777 6780 7020 5 54020 54021 54022 54023 54024
50778 6184 6417 5 54027 54028 54143 54141 54140
50779 5612 6184 7 54026 54028 54144 54180 54714 54760 54519
50780 6136 5815 4 54035 54036 54218 54178
50781 5610 5469 4 54039 54040 65251 67931
50782 5610 5333 5 54038 54039 67930 65579 65577
50783 7218 7807 3 54044 54045 54046
50784 7218 7305 6 54048 54049 54053 54051 54050 54056
50785 7218 7584 3 54054 54055 54056
50786 6154 6696 5 54059 54060 54114 54113 54434
50787 6815 6647 4 54063 54064 54076 54117
50788 5815 6436 5 54066 54067 54185 54219 54218
50789 6719 6647 3 54072 54073 54282
50790 5611 5993 5 54079 54080 54335 54336 54323
50791 5949 5993 6 54081 54079 54325 54326 54292 54293
50792 6344 6493 3 54086 54087 54184
50793 6077 6068 6 54088 54089 54679 54694 54680 54474
50794 6077 6192 4 54089 54090 54196 54678
50795 6088 6077 7 54088 54090 54195 54835 54609 54608 54473
50796 5337 4990 6 54091 54092 55907 68199 68395 67452
50797 5063 5033 3 54093 54094 61388
50798 5063 4990 6 54094 54091 67453 68100 54527 54526
50799 5033 4990 6 54092 54094 61387 61637 67660 55908
50800 6122 6274 6 54096 54097 54403 54510 54392 54390
50801 6391 6122 3 54095 54097 54404
50802 6274 6025 4 54096 54098 54433 54462
50803 5575 5686 6 54102 54103 65408 65378 65200 54176
50804 5575 4858 4 54103 54101 67156 66236
50805 5575 5210 4 54101 54102 54174 67336
50806 3629 3572 7 54109 54110 59405 59570 59358 59357 59362
50807 3867 3572 6 54111 54109 59364 59526 59516 59515
50808 3841 3572 4 54110 54111 59522 59406
50809 6292 6136 4 54119 54120 54178 54121
50810 4294 4685 4 54122 54123 67893 67892
50811 5612 5940 4 54125 54127 54519 54732
50812 5857 6142 8 54131 54129 54228 54227 54312 54406 54446 54444
50813 5857 5839 7 54129 54130 54530 67687 54664 54653 54607
50814 5501 5346 9 54135 54136 68262 68205 68204 69066 69163 55900 55838
50815 5501 5325 3 54134 54135 55837
50816 5593 5755 4 54137 54138 67654 67760
50817 5755 5462 6 54137 54139 67649 67648 67684 67733
50818 5467 5536 8 54146 54147 69837 69862 69863 69869 55832 55835
50819 5467 5552 6 54147 54148 69905 69831 69832 69833
50820 5548 5467 4 54146 54148 69903 69219
50821 5552 5536 4 54147 54149 69308 69307
50822 5728 5843 5 54157 54155 54245 66218 54189
50823 5153 5423 4 54158 54159 67622 54661
50824 4919 5423 6 54160 54158 54663 54216 54215 66988
50825 4953 5423 6 54159 54160 58217 58219 66967 67597
50826 5237 5202 8 54162 54163 67999 55898 55899 67438 68045 55909
50827 5237 5273 4 54163 54164 67816 67817
50828 5004 5273 5 54164 54165 67805 67778 67779
50829 5004 5202 5 54165 54162 55591 55590 67554
50830 5004 5237 4 54162 54164 68048 55910
50831 5273 5202 7 54163 54165 68007 57123 57124 67994 67995
50832 6014 6149 3 54169 54171 54787
50833 5708 5575 7 54176 54174 65467 65351 65181 65180 65199
50834 5708 5210 6 54174 54175 65502 68306 67343 67335
50835 4952 5057 6 54183 54181 57754 57755 67655 57737
50836 5307 5057 6 54182 54183 57738 57771 57772 57809
50837 6493 5815 6 54184 54185 54223 67019 54207 54206
50838 5995 5654 3 54192 54193 67082
50839 5966 5654 5 54194 54192 67084 54270 54268
50840 5615 5654 6 54193 54194 54263 54264 67420 67686
50841 5940 6008 3 54197 54198 54716
50842 6154 5940 7 54197 54199 54706 54705 54740 54275 54273
50843 5805 6007 4 54202 54203 54419 54420
50844 5805 5885 3 54203 54201 54520
50845 6574 5815 4 54204 54205 54208 54206
50846 5966 5594 3 54209 54211 67658
50847 4683 5525 4 54212 54213 58059 58058
50848 5635 5525 5 54214 54212 58075 58076 58293
50849 5023 5525 4 54213 54214 58272 58191
50850 5243 4919 6 54217 54215 66461 66460 67616 58953
50851 5457 4919 5 54216 54217 58954 67041 67426
50852 4577 4622 5 54222 54220 65162 67936 67935
50853 6124 5857 4 54230 54227 54313 54653
50854 6154 5857 3 54228 54230 54607
50855 6464 6668 3 54231 54232 54287
50856 5993 5990 6 54236 54237 54363 54357 54356 54355
50857 6372 6410 5 54238 54239 54241 54242 54314
50858 6372 6780 5 54239 54240 54310 54309 54308
50859 5386 5843 3 54245 54243 66219
50860 5141 5248 7 54255 54256 65626 65627 68233 68231 68337
50861 5141 5469 4 54256 54257 68351 68361
50862 6109 5654 4 54260 54261 54263 54268
50863 5857 6109 4 54260 54262 54406 54269
50864 5843 5627 4 54266 54267 66619 66617
50865 5966 5857 6 54269 54270 67688 54664 54313 54312
50866 6154 5810 5 54273 54274 54744 54598 54600
50867 6109 6427 3 54276 54277 54278
50868 6109 6719 5 54279 54280 54281 54282 54284
50869 6109 6736 3 54283 54284 54285
50870 6126 6026 3 54288 54289 54418
50871 5140 5373 7 54297 54298 66886 54371 54373 67504 67499
50872 4765 4498 6 54301 54302 67393 66991 66992 67047
50873 4765 4804 6 54302 54303 67644 67028 67029 67643
50874 4861 4804 5 54303 54304 64853 66883 66880
50875 4861 4498 5 54304 54301 67531 54548 54547
50876 5342 5522 6 54305 54306 67785 69874 70033 69405
50877 5796 5522 5 54307 54305 69406 69945 69725
50878 5956 6619 3 54317 54318 54321
50879 5669 5993 4 54325 54323 54354 54362
50880 4816 5142 4 54330 54328 65128 65126
50881 4816 5335 4 54328 54329 65546 65510
50882 5623 5352 7 54334 54332 65486 66942 66941 67289 67330
50883 5669 5352 4 54333 54334 67331 67325
50884 5931 5958 5 54343 54344 54348 54349 54345
50885 5586 5950 5 54351 54352 54633 67529 55959
50886 5852 5630 4 54353 54350 67781 54812
50887 5852 5586 5 54350 54352 54634 56611 56612
50888 5950 5630 4 54351 54353 54813 55866
50889 5072 4953 9 54359 54360 62243 62244 67321 57782 57783 54606 54605
50890 5072 4760 4 54360 54361 65470 67049
50891 5993 6735 3 54363 54364 54365
50892 5993 6464 5 54366 54367 54368 54369 54370
50893 5046 5140 6 54371 54372 54378 65566 65567 66885
50894 5333 5140 4 54372 54373 67503 54380
50895 5046 5083 6 54378 54379 67348 67349 65499 65500
50896 5140 5083 4 54380 54378 67496 68341
50897 5333 5083 8 54379 54380 65491 65488 68219 68220 68292 67434
50898 4595 4232 5 54382 54383 68334 68462 64845
50899 4326 4595 4 54381 54383 64890 64889
50900 4232 4481 3 54382 54384 64846
50901 5927 6047 3 54386 54387 54388
50902 6122 6172 3 54391 54392 54509
50903 6142 6047 4 54394 54395 54436 54402
50904 6142 6696 7 54400 54401 54452 54448 54449 54435 54434
50905 6647 6142 4 54399 54401 54454 54405
50906 5779 6167 4 54410 54411 70681 70682
50907 5779 6067 6 54411 54412 88797 88721 88719 88848
50908 6099 6067 4 54412 54413 87493 87494
50909 6099 6167 6 54413 54410 88792 88798 87402 87401
50910 6099 5779 4 54410 54412 87416 87415
50911 6067 6167 7 54411 54413 88786 87776 87775 88685 88849
50912 5034 5066 7 54414 54415 67894 68023 68046 67973 67955
50913 6126 6007 7 54417 54418 54419 54503 54493 54429 54428
50914 6126 6410 3 54421 54422 54423
50915 6126 6274 4 54425 54426 54427 54428
50916 6329 6122 7 54430 54431 54460 54512 54511 54510 54509
50917 6142 5949 4 54436 54437 54439 54438
50918 6210 6088 4 54442 54443 54463 54465
50919 6142 5627 3 54445 54446 54447
50920 6767 6142 3 54448 54450 54453
50921 5927 6076 3 54457 54459 54488
50922 6025 6076 4 54462 54461 54490 54472
50923 6365 6296 6 54466 54467 55443 55510 56135 56134
50924 6365 6690 6 54467 54468 56026 56028 56030 55444
50925 5408 5482 7 54471 54469 66305 66304 67372 67371 67374
50926 6076 6202 3 54475 54476 54477
50927 5860 5750 5 54480 54478 54555 54556 54574
50928 5227 5291 7 54483 54484 69540 69541 69847 69851 69850
50929 5227 5414 4 54484 54485 56536 69727
50930 5403 5414 7 54485 54486 57216 57128 57129 69954 56537
50931 5403 5291 3 54486 54483 57238
50932 5403 5227 8 54483 54485 56535 57221 54874 54876 69844 69849
50933 6076 6126 3 54493 54494 54502
50934 5555 5278 4 54496 54497 65081 67690
50935 5555 5341 4 54497 54498 67635 65082
50936 5627 5341 8 54498 54499 67730 67406 67404 67367 67366 67387
50937 5627 5278 6 54499 54496 67691 67671 67672 67729
50938 5615 5383 7 54500 54501 67094 67079 67080 67703 67327
50939 6126 5885 6 54502 54503 54520 54580 54524 54523
50940 5506 5887 4 54506 54507 67626 66978
50941 5615 5506 9 54506 54508 66638 67713 67704 67080 67081 58232 58234
50942 4960 4827 6 54517 54514 68030 68513 68515 67814
50943 4960 5030 5 54514 54516 61435 61434 68029
50944 5003 4827 4 54515 54517 67813 67823
50945 5885 6172 3 54521 54522 54523
50946 4990 4884 4 54525 54526 61387 61636
50947 4767 5063 7 54527 54528 67583 60833 60836 68255 68101
50948 4767 4990 6 54525 54527 68099 68580 68532 67598
50949 5063 4884 7 54526 54528 67745 67744 68040 68049 61388
50950 5839 5654 4 54529 54530 57626 57625
50951 5705 5484 6 54531 54532 57845 68070 67436 67430
50952 5482 5386 3 54535 54536 67374
50953 5611 5259 3 54537 54534 67370
50954 5611 5482 7 54534 54536 67371 67373 67323 67322 67403
50955 5856 5445 3 54538 54540 67355
50956 5072 5153 5 54542 54543 67637 54604 54606
50957 4566 4498 6 54546 54548 67070 67072 67475 67604
50958 5442 5482 4 54550 54549 67498 67324
50959 5409 5033 3 54552 54553 67418
50960 5237 5409 9 54551 54553 67417 55899 54622 54624 67358 67423 67422
50961 5445 5655 3 54558 54559 68110
50962 5655 5484 6 54558 54560 67435 67436 68069 68116
50963 5484 5750 5 54561 54562 68072 57303 57302
50964 5484 5766 5 54562 54563 57846 57845 68071
50965 5767 5484 5 54561 54563 67365 67431 68043
50966 5530 5839 5 54564 54565 67687 57626 57624
50967 5530 5966 6 54565 54566 67658 67083 67084 67688
50968 6008 5530 4 54564 54566 67682 57728
50969 5966 5839 4 54565 54567 54665 54664
50970 5655 5399 5 54568 54569 67947 67946 54650
50971 5356 5163 4 54570 54571 56715 69561
50972 5356 5476 6 54571 54572 57228 57142 57143 56716
50973 5353 5163 6 54573 54570 57705 57707 68543 68545
50974 5353 5356 5 54570 54572 57229 69950 69562
50975 5476 5163 5 54571 54573 69268 69267 56717
50976 4461 4469 7 54576 54577 67118 66613 66614 65289 65290
50977 4469 4663 4 54575 54577 67364 67363
50978 5705 6126 3 54578 54579 54580
50979 5705 6026 3 54581 54582 54584
50980 5767 5687 5 54590 54592 54611 54612 67998
50981 5120 5337 5 54593 54595 55907 67940 57549
50982 5049 4624 3 54596 54597 57747
50983 5462 5499 7 54601 54602 60226 60227 67381 66489 66488
50984 5462 5648 5 54602 54603 67649 54671 54672
50985 4765 5072 4 54604 54605 67030 67028
50986 5447 5499 5 54614 54615 66490 66489 67663
50987 5457 4945 4 54616 54613 67041 57679
50988 5457 5447 5 54613 54615 59236 59238 67426
50989 5108 4970 9 54618 54619 62426 57246 57247 57130 57132 67674 69791
50990 5116 4970 5 54619 54620 69776 57491 57492
50991 5116 5080 5 54620 54617 69190 54626 54628
50992 5116 5108 5 54617 54619 62425 69841 69780
50993 4970 5080 3 54618 54620 69808
50994 5504 5237 3 54622 54623 55898
50995 5509 5237 6 54623 54624 57352 57354 67817 67999
50996 5509 5409 5 54624 54621 67442 67441 67359
50997 5509 5504 5 54621 54623 67993 67917 67919
50998 4739 5116 4 54627 54628 69776 57412
50999 4739 4852 9 54625 54627 57411 69371 69643 69914 69916 69876 69796
51000 4963 4773 5 54629 54630 64206 67850 67848
51001 4633 4914 3 54631 54632 67777
51002 4633 4773 6 54632 54629 67797 57369 57368 67776
51003 4633 4963 9 54629 54631 67826 69368 60944 60945 67835 67842 67845
51004 5586 5552 7 54633 54634 69831 69907 68117 68095 67528
51005 5950 5552 5 54635 54633 67530 69307 69833
51006 5852 5552 3 54634 54635 69832
51007 6409 6239 5 54639 54640 54981 55050 54884
51008 6456 6409 5 54638 54640 54838 54837 55019
51009 5868 6435 4 54641 54642 56567 56804
51010 6435 6053 6 54641 54643 57005 56815 56221 56220
51011 5447 5278 3 54646 54647 67395
51012 5153 5530 3 54648 54645 54756
51013 5153 5447 7 54645 54647 54660 54658 54662 54661 54755
51014 5278 5530 7 54646 54648 67707 67690 67691 67741 67396
51015 4822 4594 6 54656 54657 67879 68741 68742 69359
51016 4594 4845 4 54655 54657 61236 61238
51017 5447 4919 5 54662 54663 67426 67427 57773
51018 5423 5447 6 54661 54663 59238 59235 57838 57837
51019 4765 4538 7 54666 54667 67061 67476 66993 66991 67329
51020 4658 4538 6 54669 54666 67122 67051 58271 58270
51021 4658 4765 5 54666 54668 67030 67029 67328
51022 4953 4538 3 54667 54669 66964
51023 5462 5479 5 54670 54671 67648 67683 67728
51024 5334 5648 5 54672 54673 57542 57791 57857
51025 5334 5462 6 54670 54672 60226 60228 67362 67401
51026 5940 6408 3 54674 54675 54692
51027 6328 5940 4 54676 54677 54707 54706
51028 5115 5463 8 54681 54682 69404 69402 69573 68171 68169 68203
51029 5501 5425 7 54683 54684 69237 69230 69227 69228 69066
51030 5501 5463 5 54684 54681 68205 69301 69300
51031 5501 5115 3 54681 54683 68204
51032 5425 5463 4 54682 54684 68036 68038
51033 6094 6206 3 54685 54686 55868
51034 6362 6353 8 54687 54688 54851 54850 55111 55113 55074 55076
51035 6084 6239 6 54689 54691 54885 54884 55061 54781
51036 6077 6325 3 54693 54694 54695
51037 6064 6079 5 54696 54697 55008 56760 55104
51038 6337 6480 5 54710 54711 55109 55110 55135
51039 6476 6409 3 54712 54709 55015
51040 6476 6337 6 54709 54711 55108 55121 55142 55120
51041 6480 6409 4 54710 54712 55016 55066
51042 6184 5594 4 54713 54714 57068 67633
51043 6184 5810 4 54715 54717 57068 54760
51044 6069 6362 5 54719 54720 55085 55086 56747
51045 6069 6705 4 54721 54722 54724 54736
51046 7005 6946 5 54725 54726 55317 55210 55213
51047 7005 6743 6 54726 54727 56867 56873 55308 55306
51048 6893 7005 5 54725 54727 54809 54811 55241
51049 6743 6946 6 54726 54728 55048 55356 55185 55183
51050 4608 4952 4 54733 54734 54748 57162
51051 4608 4891 4 54734 54735 57989 54749
51052 4611 4608 9 54733 54735 58005 57976 57977 58679 59148 57920 57161
51053 5940 6325 3 54738 54739 54740
51054 6356 6642 4 54747 54745 56890 55102
51055 4952 4777 5 54750 54748 57533 57754 57756
51056 4891 4777 3 54749 54750 57840
51057 4801 5023 4 54751 54752 57308 57746
51058 5383 5153 6 54755 54756 58227 58226 66990 67622
51059 5383 5530 6 54756 54754 67634 67703 67705 67707
51060 5383 5447 4 54754 54755 57837 57836
51061 6724 6733 8 54757 54758 56544 56545 56908 56868 56577 56578
51062 6512 6733 3 54758 54759 56692
51063 5672 5982 4 54765 54763 54834 54836
51064 5868 6051 3 54767 54768 55105
51065 7056 6608 5 54770 54771 55677 55627 55516
51066 6843 6608 4 54771 54772 55217 55620
51067 6411 6048 3 54773 54774 54945
51068 6224 6079 4 54776 54777 56781 56782
51069 6224 6457 4 54777 54778 56824 56823
51070 6173 6224 6 54776 54778 56770 56769 56776 56777
51071 6465 6084 3 54781 54782 55029
51072 4852 4641 4 54783 54784 69858 69793
51073 4852 4924 6 54784 54785 54998 54999 69918 69871
51074 4822 4924 7 54785 54786 67880 67988 55003 55002 69854
51075 4822 4641 5 54786 54783 69556 67879 67878
51076 4822 4852 6 54783 54785 69231 69142 69143 69792
51077 4924 4641 7 54784 54786 67574 57367 57364 57397 67868
51078 6176 5848 3 54788 54789 56143
51079 6279 6356 3 54793 54794 56371
51080 6279 6520 6 54794 54791 56509 55283 55282 55291
51081 6886 6512 8 54795 54796 56916 56692 56691 56743 56742 56750
51082 6512 6705 5 54797 54798 56742 56749 56671
51083 5330 5329 3 54799 54800 57164
51084 5118 4945 7 54802 54803 57678 57679 67040 58184 57898
51085 5057 5118 4 54801 54803 57813 57847
51086 4945 5049 3 54802 54804 57865
51087 6866 7005 5 54808 54809 56867 56696 56697
51088 6894 6893 4 54810 54811 54992 54989
51089 6894 6866 7 54808 54810 55065 56736 56790 56789 56836
51090 5630 5772 9 54812 54813 55865 55924 55922 70186 69993 69789 67780
51091 5273 5277 4 54814 54815 67779 67816
51092 5277 5509 6 54814 54816 67699 57745 57355 57354
51093 4881 4800 6 54817 54818 67748 67747 67624 62419
51094 4881 4669 6 54818 54819 56706 57196 67800 67801
51095 4956 4800 5 54820 54817 62420 67526 61659
51096 4956 4881 3 54817 54819 56707
51097 4669 4800 5 54818 54820 61660 67793 67792
51098 5581 5687 5 54822 54823 67998 67448 57713
51099 5763 5409 5 54824 54821 67953 67952 67441
51100 5763 5581 3 54821 54823 67997
51101 5687 5409 4 54822 54824 67442 57714
51102 7164 7137 3 54825 54826 55181
51103 5897 5742 8 54827 54828 56516 56539 56547 56086 56084 54962
51104 5502 5939 8 54833 54829 54830 56519 69335 56229 56226 -1
51105 5502 5742 5 54830 54827 54964 69875 56518
51106 5502 5897 4 54827 54829 54831 54963
51107 5939 5742 3 54828 54830 56517
51108 6190 5939 4 56542 54832 54833 -1
51109 5982 6088 6 54835 54836 54861 54862 54867 54868
51110 6409 6465 4 54838 54839 55051 54981
51111 6527 6465 6 54839 54840 55077 55342 55088 55058
51112 6527 6409 8 54837 54839 55057 55059 55016 55015 55007 55006
51113 7076 6946 6 54843 54844 55214 55216 55212 55210
51114 5403 5720 5 54845 54846 56713 69962 57181
51115 6362 6014 3 54850 54852 54881
51116 6279 6224 6 54854 54853 56371 55291 55292 56595
51117 6224 5923 7 54857 54858 56776 56694 55039 55040 56872
51118 6232 6224 4 54857 54859 56595 56864
51119 6805 6636 5 54864 54865 55175 55272 56335
51120 7280 6805 3 54863 54865 55174
51121 6636 7297 4 56337 54864 54866 -1
51122 5054 5100 7 54869 54870 70121 70049 70001 70002 70012
51123 5054 4899 4 54870 54871 60689 70119
51124 4814 5100 5 54872 54869 69976 57264 57266
51125 4899 5100 6 54870 54872 69681 69818 69817 70122
51126 5182 5403 4 54874 54875 69777 57220
51127 5116 5403 5 54875 54876 69802 69803 69778
51128 5116 5227 6 54876 54873 69790 69841 69846 69843
51129 6600 6396 6 54877 54878 56458 56456 87184 87795
51130 6600 6497 5 54878 54879 89421 87115 87114
51131 6496 6396 5 54880 54877 88587 87010 87009
51132 6496 6600 6 54877 54879 89422 89596 87862 87861
51133 6497 6396 5 54878 54880 87062 86157 86158
51134 6512 5985 3 54882 54883 56746
51135 5496 5566 6 54886 54887 61255 68645 67981 67979
51136 5731 5566 5 54889 54886 61462 57190 57192
51137 5673 5566 5 54887 54889 69829 69709 61256
51138 5789 5790 6 54891 54892 89169 88429 88430 88997
51139 5789 5517 4 54892 54893 56158 89170
51140 5788 5789 6 54891 54893 56159 88870 72021 72020
51141 6429 6041 6 54895 54894 55789 55816 55818 55875
51142 5346 5425 5 54896 54897 69342 69065 69066
51143 5375 5425 4 54898 54896 69228 69212
51144 6182 6092 4 54900 54901 87014 87016
51145 6182 5979 4 54901 54899 70839 70840
51146 6182 6020 6 54899 54900 87424 70242 70244 86390
51147 6332 6296 6 54902 54903 55931 55757 55512 55443
51148 6748 6787 6 54907 54908 56820 56970 56878 56876
51149 6743 6787 5 54909 54907 55328 55327 55252
51150 5496 5852 8 54910 54911 69287 56610 56612 67781 67782 69878
51151 5852 5776 5 54910 54912 54972 55054 69879
51152 6678 6232 3 54913 54914 56838
51153 6383 6362 5 54916 54917 56651 55075 55076
51154 6457 6383 4 54915 54917 56461 56463
51155 6394 6279 4 54920 54918 55283 55284
51156 6313 6072 3 54921 54922 56774
51157 6067 6020 6 54923 54924 87705 87703 88813 87533
51158 6178 6195 3 54925 54926 72255
51159 6178 6020 7 54926 54923 87535 89213 87409 86391 86390
51160 6178 6067 6 54923 54925 72253 88787 88631 87534
51161 6195 6020 4 54924 54926 70244 70243
51162 5906 5536 5 54927 54928 69782 69824 69835
51163 6742 6502 3 54929 54931 56613
51164 5382 5712 6 54933 54934 70100 87221 56139 56137
51165 5392 5712 5 54934 54935 69129 69130 70101
51166 5392 5446 7 54935 54932 56255 70140 70139 70138 69276
51167 5392 5382 5 54932 54934 70099 71067 56254
51168 5712 5446 5 54933 54935 69277 69223 69139
51169 4843 4894 8 54936 54937 71877 71875 73267 73272 73383 71878
51170 4843 4902 5 54937 54938 72010 71644 71645
51171 4653 4902 5 54938 54939 70367 71776 72012
51172 4653 4843 4 54936 54938 72011 71879
51173 5494 5434 9 54941 54942 70241 70240 70191 70190 70080 70081 70083
51174 5434 5365 5 54940 54942 70339 71987 70258
51175 6409 6015 3 54946 54947 55107
51176 6411 6409 7 54945 54947 55137 55066 55059 55021 54997
51177 6496 6331 5 54948 54949 89064 55348 55349
51178 6244 6331 3 54949 54950 89139
51179 6331 6282 7 54948 54950 89192 89224 55518 55520 56190
51180 6079 5776 8 54951 54952 55008 56762 56782 55062 55053 54972
51181 6772 6634 4 54953 54954 55929 55930
51182 6772 6754 5 54954 54955 56399 56332 56333
51183 6822 6754 5 54955 54956 56374 87033 56400
51184 6822 6634 5 54956 54953 56403 55649 55651
51185 6173 5796 6 54958 54959 55937 55938 56191 56295
51186 5742 5735 4 54962 54964 70025 56443
51187 6943 6721 4 54967 54968 55533 55011
51188 6721 6690 5 54966 54968 55534 55542 56006
51189 6362 6701 3 54971 54969 55122
51190 5074 5297 7 54973 54974 69928 69943 69955 57087 56753
51191 5074 4976 6 54974 54975 69964 57089 57088 69609
51192 5080 5074 7 54973 54975 56528 56525 57199 57095 56754
51193 5163 4999 8 54977 54978 69742 70084 70007 69745 69744 69987
51194 5163 4733 3 54978 54979 61555
51195 4766 4733 7 54979 54980 69731 69730 69752 69751 61556
51196 4766 4999 6 54980 54977 69979 69978 69981 69982
51197 4766 5163 5 54977 54979 61554 69588 69814
51198 4733 4999 9 54978 54980 69984 67922 67854 67856 59141 59138 69743
51199 7067 6909 3 54983 54984 55504
51200 4709 4929 8 70177 70175 54986 54987 71452 82850 82851 -1
51201 4709 4790 6 54987 54985 70280 71669 71437 71436
51202 4709 4923 4 54985 54986 70154 70155
51203 6742 7164 6 54990 54991 55195 55197 55199 55194
51204 6894 6742 5 54989 54991 55196 56677 55065
51205 6590 6760 8 54993 54994 56903 56904 56879 56881 56887 56912
51206 6590 6788 5 54994 54995 56676 56915 56914
51207 6491 6760 3 54996 54993 56534
51208 6491 6590 6 54993 54995 56675 56889 56920 56913
51209 5198 4822 4 55001 55002 69232 69142
51210 4924 4976 3 55003 55000 69372
51211 4924 5198 5 55000 55002 69312 69311 69322
51212 6268 6527 4 55005 55006 55020 55128
51213 6527 6337 4 55005 55007 55120 55145
51214 6888 6595 4 55014 55012 55073 55130
51215 6901 6595 5 55013 55014 55147 55148 55103
51216 6480 6527 4 55016 55017 55097 55067
51217 6409 6364 5 55021 55022 55050 55051 55057
51218 6888 6465 4 55023 55024 55333 55374
51219 6868 6818 4 55034 55032 55517 55992
51220 7085 7033 6 55037 55035 87024 87025 89738 89737
51221 6956 7033 3 55036 55037 86757
51222 5835 6224 3 55038 55040 56752
51223 5923 6128 3 55039 55041 56563
51224 7160 7145 3 55043 55044 55266
51225 6053 5841 3 55046 55047 55106
51226 5841 6051 5 55045 55047 55105 56807 56659
51227 6743 6740 4 55048 55049 55209 55363
51228 6364 6239 3 55050 55052 55061
51229 5844 5776 8 55054 55053 55063 56549 56550 57329 57330 69882
51230 6364 6527 4 55058 55057 55060 55087
51231 6411 6527 5 55060 55059 55067 55091 55089
51232 6527 6901 6 55068 55069 55147 55079 55078 55098
51233 6885 6527 3 55068 55070 55093
51234 6595 6740 5 55071 55073 55129 55124 55123
51235 6476 6731 3 55082 55083 55084
51236 6527 6671 8 55087 55088 55331 55092 55093 55098 55090 55089
51237 6595 6476 3 55095 55096 55142
51238 6742 6901 4 55100 55101 55165 55103
51239 6987 6742 5 55099 55101 55166 55202 55194
51240 6353 6605 3 55112 55113 56766
51241 5835 5869 6 55115 55114 55117 56987 56628 56627
51242 6595 6268 4 55127 55128 55146 55134
51243 6394 6491 6 55133 55131 56833 56834 56913 56534
51244 6337 6411 3 55135 55136 55137
51245 6909 7137 4 55138 55139 55149 55163
51246 6595 6337 5 55142 55143 55144 55146 55145
51247 6180 6063 3 55153 55154 55377
51248 6281 6063 6 55154 55155 55690 55463 55464 55734
51249 6281 5964 4 55155 55152 55608 55862
51250 6843 6594 5 55157 55156 86387 55632 55614
51251 6742 6871 6 55159 55160 55189 55202 55199 55200
51252 6986 6909 6 55163 55164 55184 55309 55538 55287
51253 6584 6517 5 55167 55168 90804 89316 89315
51254 6584 6632 9 55168 55169 87812 89301 89517 86879 86880 90794 90795
51255 6327 6632 3 55169 55170 72049
51256 6327 6517 5 55170 55167 72605 72606 72048
51257 6632 6517 8 55168 55170 72047 88126 72497 72498 90820 90805
51258 6197 6298 7 55171 55172 89280 72131 72132 89279 87848
51259 6946 7164 5 55176 55177 55192 55212 55213
51260 5891 5892 4 55178 55179 55710 55601
51261 6211 5892 7 55180 55178 55603 87285 87287 88630 88402
51262 5814 5892 8 55179 55180 87213 87212 88373 88372 88847 88604
51263 7164 7076 8 55182 55181 55246 55212 55211 55315 55302 55301
51264 6743 6986 8 55183 55184 55268 55269 55328 56875 55307 55306
51265 6495 6445 6 55186 55188 56808 56809 56813 56581
51266 6742 7025 4 55197 55198 55201 55200
51267 5911 5729 4 55203 55204 56223 87368
51268 5979 5729 7 55204 55205 87352 87354 87296 56313 56225
51269 5729 5777 6 55203 55205 87372 87376 70264 70263
51270 7076 7005 5 55210 55211 55314 55277 55275
51271 7205 7076 3 55215 55216 55246
51272 6627 6678 7 55221 55222 56863 56507 56506 56508 56306
51273 5939 6220 4 55224 55225 56404 56449
51274 6947 6764 7 55226 55227 55279 55340 56045 56046 55267
51275 6947 7051 4 55227 55228 55346 55280
51276 6986 6764 5 55229 55226 55269 55326 55251
51277 6986 6947 6 55226 55228 55347 55539 55309 55268
51278 6644 6599 7 55231 55232 87657 56408 56409 88577 88682
51279 6644 6645 6 55232 55233 87076 55522 55525 86184
51280 6835 6645 8 55233 55234 55821 55820 87932 87930 86653 86654
51281 6835 6644 5 55231 55233 87075 87088 87333
51282 6645 6599 3 55232 55234 88241
51283 5897 6564 4 55235 55236 56538 56543
51284 6252 6354 8 55237 55238 56245 56244 56447 56444 56275 55751
51285 6354 6564 7 55236 55238 56044 55427 55429 56460 56459
51286 6661 6547 6 55243 55244 55305 55438 56495 56027
51287 5749 6049 4 55250 55247 70183 56282
51288 5895 6049 4 55248 55250 56281 56039
51289 6743 6627 4 55253 55252 55336 56493
51290 5526 5779 5 55254 55255 85513 88712 85684
51291 6042 5832 3 55257 55258 56038
51292 5836 5853 4 55259 55256 87250 87297
51293 5836 6042 7 55256 55258 56087 87320 87217 70262 70261
51294 6868 6768 4 55260 55262 55985 55622
51295 6743 6764 5 55269 55267 56492 55336 55327
51296 6764 6627 5 55270 55271 56486 55336 55335
51297 6636 6627 4 55271 55272 56508 56487
51298 6627 6805 4 55270 55272 56506 55337
51299 6986 7005 4 55275 55276 55306 55317
51300 6947 7405 7 55279 55280 55345 55505 55358 55339 55338
51301 6394 6267 5 55284 55281 56911 56764 56763
51302 6394 6520 5 55281 55283 55295 55294 56910
51303 7071 6986 3 55287 55288 55537
51304 6224 6267 8 55290 55289 55292 56864 56872 56752 56751 56835
51305 6520 6798 7 55295 55293 56650 56649 56822 56532 56509
51306 6520 6760 3 55293 55294 56887
51307 7076 7370 5 55302 55303 55310 55311 55312
51308 6997 6743 3 55307 55308 56874
51309 7076 7273 4 55312 55313 55314 55315
51310 6613 6868 7 55319 55320 55985 55986 55992 55994 55934
51311 6787 6764 4 55326 55327 55335 55329
51312 6671 6727 3 55331 55332 55334
51313 6727 6521 6 55343 55344 55355 55364 55367 55435
51314 6947 7137 4 55345 55346 55347 55536
51315 6525 6213 7 55350 55351 55932 55933 55987 56007 56350
51316 6213 6331 4 55349 55351 56001 56190
51317 7272 7347 4 55352 55353 86622 86621
51318 7566 7272 4 55352 55354 86758 86994
51319 6727 6743 6 55356 55357 55434 55367 55366 55363
51320 7067 7056 3 55360 55359 55450
51321 6727 6642 3 55364 55365 55366
51322 6743 6521 3 55367 55368 55436
51323 6713 6732 3 55370 55371 55760
51324 6208 6033 6 55372 55373 55887 55888 89237 87154
51325 6713 6888 8 55374 55375 55417 55422 55424 55418 55384 55382
51326 6246 5964 4 55376 55378 55790 55810
51327 6357 6684 3 55379 55380 55589
51328 6707 6357 6 55379 55381 55730 55742 55741 55621
51329 7349 6949 6 55385 55386 86874 89832 87693 87694
51330 7349 7275 4 55386 55387 88408 86875
51331 7275 6949 5 55386 55388 90713 90700 86876
51332 5582 5652 4 55397 55398 69961 69960
51333 6489 6663 9 55400 55401 89966 89326 89327 89444 56185 56186 55765
51334 6663 6368 3 55400 55402 55688
51335 4869 4910 5 55403 55404 68209 68517 68631
51336 4869 5088 4 55404 55405 57222 68210
51337 4903 5088 6 55405 55406 68556 68052 68053 57224
51338 4903 4910 4 55406 55403 68621 68555
51339 4903 4869 7 55403 55405 57223 68432 68433 68630 68627
51340 6637 6757 9 55407 55408 87050 56419 56417 87645 86978 86977 87141
51341 6637 7127 4 55408 55409 86792 87004
51342 7200 6637 6 55407 55409 56433 56430 86445 86488
51343 7127 6757 6 55408 55410 87087 87072 86918 86915
51344 6713 6834 5 55414 55415 55416 55421 55417
51345 6885 6713 4 55420 55421 55422 55426
51346 6713 7083 4 55423 55424 55426 55425
51347 6636 6354 5 55428 55429 56274 56275 56448
51348 6751 6636 3 55431 55432 55473
51349 6547 6521 5 55435 55436 55458 55440 55441
51350 6743 6547 6 55434 55436 55459 56501 55438 55437
51351 6239 6547 8 55440 55442 55968 55970 56036 56037 56503 55457
51352 6365 6332 5 55443 55444 56029 55967 55511
51353 4754 4976 7 55447 55448 69622 57090 57089 69860 69262
51354 6213 6220 6 55452 55453 56453 56472 56479 56406
51355 7281 7161 3 55455 55456 55578
51356 6547 6642 4 55457 55458 55459 56502
51357 5891 5858 4 55460 55461 72462 72461
51358 5814 5858 6 55462 55460 68090 68091 87413 87412
51359 5890 6004 6 55467 55468 89105 89003 89002 89358
51360 6368 5890 5 55467 55469 89205 89362 89359
51361 6101 6004 6 55468 55470 55795 55861 55679 55681
51362 6636 6634 5 55473 55471 56303 56403 55930
51363 6678 6636 8 56337 56335 56508 56520 56274 55474 55475 -1
51364 5939 6636 5 55475 55476 56386 56387 -1
51365 6636 6252 4 55474 55476 56441 56275
51366 5439 5054 4 55477 55478 69254 69255
51367 5439 5272 6 55478 55479 69408 56206 56207 70148
51368 5287 5272 5 55479 55480 57073 57075 69809
51369 5287 5054 6 55480 55477 70048 70001 69601 62435
51370 5287 5439 5 55477 55479 70032 69991 69990
51371 5272 5054 5 55478 55480 62434 69572 70120
51372 6934 6916 7 55481 55482 90915 90920 90923 90913 90854
51373 6774 6916 4 55483 55481 90855 89336
51374 6629 6916 6 55482 55483 89337 90405 90400 90402
51375 6999 7137 5 55488 55489 55535 55536 55540
51376 6365 6173 6 55492 55493 56034 56032 56035 56370
51377 6365 6049 5 55493 55490 56135 56277 56157
51378 6173 6049 5 55491 55493 55886 55885 55938
51379 6575 6737 6 55496 55497 70731 85962 87672 87341
51380 6575 6800 4 55497 55498 88537 70732
51381 6540 6575 6 55496 55498 87804 87606 87608 87342
51382 6365 6114 6 55510 55511 55966 56048 56050 56277
51383 6296 6114 4 55512 55510 56279 55756
51384 6332 6114 5 55511 55512 55738 55735 55773
51385 5878 6041 5 55515 55514 55797 55831 55869
51386 6608 6868 5 55516 55517 55986 55622 55623
51387 6282 6241 6 55518 55519 56175 56260 56263 89223
51388 6282 6332 4 55519 55520 55724 55722
51389 6331 6241 4 55521 55518 89225 55774
51390 6380 6644 8 55522 55523 89248 89171 87126 87127 55643 55642
51391 6380 6375 8 55523 55524 88741 88742 86945 86944 86966 86964
51392 6645 6380 5 55522 55524 89239 89357 88705
51393 6375 6644 5 55523 55525 86185 56408 56410
51394 7085 7094 5 55527 55528 86825 86824 86812
51395 7056 7211 3 55529 55530 55531
51396 6999 6721 4 55532 55533 55534 55541
51397 6986 6999 4 55537 55538 55539 55540
51398 7024 6943 6 55545 55546 87113 88768 55552 55551
51399 7329 7573 3 55548 55549 86490
51400 7443 7455 3 55550 55547 86913
51401 7443 7329 7 55547 55549 86533 86534 87956 99077 87555
51402 7573 7455 6 55548 55550 86914 98392 86943 86491
51403 7296 7552 4 55556 55557 89771 55581
51404 7296 7262 4 55558 55559 55561 55560
51405 6973 7022 4 55562 55563 55564 55573
51406 6973 7096 6 55564 55565 89071 89772 55567 55566
51407 5136 5196 6 55568 55569 70145 68557 61122 61120
51408 4991 5196 4 55569 55570 70094 70144
51409 6973 7161 3 55574 55575 55577
51410 7281 7440 3 55579 55580 55582
51411 7324 7151 3 55583 55584 86505
51412 7438 7151 6 55584 55586 86949 86950 86956 86961
51413 7797 8076 6 55587 55588 99041 99039 99002 98987
51414 5202 5071 3 55591 55592 55909
51415 6037 6073 3 55593 55594 87843
51416 5945 6019 3 55595 55596 70328
51417 5945 6037 8 55593 55595 71928 71927 88680 88995 88239 88238
51418 6327 6462 5 55598 55599 89290 89198 89196
51419 6327 6538 5 55599 55597 72133 89202 89201
51420 6111 5891 6 55601 55602 87152 88771 56145 55709
51421 5892 6111 3 55601 55603 55708
51422 5919 5741 6 55604 55605 55778 55779 88869 87257
51423 5919 5712 3 55605 55606 87314
51424 5788 5712 5 55606 55607 87225 88960 87316
51425 5788 5741 8 55607 55604 87259 89103 88323 87323 87325 87223
51426 5788 5919 7 55604 55606 87315 89166 55823 55825 87258
51427 5712 5741 9 55605 55607 87224 87337 87221 87222 55945 55944 89068
51428 5883 5934 6 55610 55611 88646 91096 91098 73659
51429 6046 5883 5 55609 55611 73817 73196 73193
51430 5934 5709 5 55610 55612 91193 91082 73660
51431 6663 6843 5 55614 55615 55620 55676 55631
51432 6690 6663 4 55613 55615 55619 55616
51433 6923 7077 4 55625 55626 55629 55628
51434 6663 6973 6 55630 55631 55675 55638 55639 88827
51435 6973 6594 5 55630 55632 86386 87131 88418
51436 6213 6252 5 55633 55634 56244 56453 56450
51437 6300 6368 4 55636 55637 89205 89363
51438 6782 6600 8 55640 55641 56395 56393 87133 89597 89598 56169
51439 6782 6380 4 55641 55642 88705 89260
51440 6644 6600 3 55643 55640 56171
51441 6644 6782 7 55640 55642 87076 87075 87031 86722 56170
51442 6380 6600 6 55641 55643 87185 87184 87172 87171
51443 5741 6050 7 55644 55645 55944 55780 55779 89164 87175
51444 5741 5895 3 55645 55646 55945
51445 5836 5895 6 55646 55647 56129 56233 59595 70127
51446 5836 6050 6 55647 55644 87177 87249 87320 56127
51447 5836 5741 7 55644 55646 87222 87167 87166 87350 87176
51448 5895 6050 7 55645 55647 56128 87271 55854 55851 55946
51449 6523 6822 4 55649 55650 87058 56402
51450 6768 6882 4 55652 55653 55655 55654
51451 7526 7270 4 55663 55661 90572 89947
51452 7384 7270 4 55662 55663 89404 89403
51453 6635 6434 4 55664 55665 89572 89582
51454 6635 6289 7 55665 55666 89475 92964 88095 88098 89573
51455 6597 6289 3 55666 55667 88726
51456 6597 6434 8 55667 55664 88751 86366 86365 88285 88729 88725
51457 6597 6635 7 55664 55666 89476 92969 89455 89454 89581
51458 6289 6434 7 55665 55667 88723 88722 88298 88297 88625
51459 6175 6245 6 55669 55670 87844 89197 89109 89108
51460 6300 6245 3 55670 55671 87846
51461 6245 6208 5 55669 55671 88867 56164 56163
51462 5890 6055 4 55673 55672 56213 56215
51463 6663 7056 4 55674 55675 55676 55677
51464 6365 6336 8 55682 55683 56003 56049 55966 55967 56031 55792
51465 6365 6374 3 55683 55684 55911
51466 6547 6365 9 55682 55684 55912 56036 56035 56494 56027 56026 55793
51467 5063 5237 4 55687 55685 68040 67580
51468 5445 5237 4 55686 55687 67425 67422
51469 5664 5786 4 55691 55692 69145 68041
51470 5389 5392 4 55694 55695 70273 70274
51471 5246 5392 5 55695 55696 72057 68559 68558
51472 5246 5417 4 55696 55693 69174 69176
51473 5246 5389 7 55693 55695 70408 70409 69121 69120 69180
51474 5392 5417 6 55694 55696 71066 70099 70101 71871
51475 5587 5799 6 55697 55698 68076 68075 69193 69191
51476 5198 5182 6 55699 55700 55926 67454 68050 67166
51477 5198 5055 4 55700 55701 67661 55927
51478 5052 5198 9 55699 55701 67662 69310 69312 69232 56725 56727 67167
51479 5770 5432 3 55704 55705 69050
51480 6111 6033 5 55708 55709 56146 87154 87288
51481 5892 6033 8 55710 55708 87285 87284 89214 89027 89026 88604
51482 5891 6033 7 55709 55710 88603 88836 89102 55850 55849
51483 7449 7049 3 55711 55712 92898
51484 7449 7220 8 55712 55713 90693 90691 92806 92805 93074 92899
51485 7276 7220 3 55713 55714 93008
51486 7276 7049 8 55714 55711 92991 95126 92158 92072 92071 93007
51487 7276 7449 6 55711 55713 93023 92104 92105 92990
51488 6250 6229 6 55715 55716 88044 88043 88284 88283
51489 6250 6099 5 55716 55717 87402 87403 88453
51490 6166 6229 4 55718 55715 88310 88312
51491 6166 6250 7 55715 55717 88465 88466 88647 70886 70888
51492 6099 6229 7 55716 55718 88443 88208 88207 88522 88454
51493 6175 6327 5 55720 55721 89203 89197 89196
51494 6175 6108 6 55721 55719 88393 87145 87144 87272
51495 6282 6118 5 55722 55723 55839 56264 56175
51496 6332 6213 5 55724 55725 55931 55932 56001
51497 6332 6118 5 55725 55722 55737 55738 55757
51498 6246 6281 5 55726 55727 55734 55841 55983
51499 6682 6368 4 55729 55728 55744 55747
51500 6712 6357 3 55732 55733 55742
51501 6241 6118 4 55736 55737 56175 56265
51502 6118 6114 6 55736 55738 55756 56280 56268 56266
51503 5297 5467 8 55739 55740 69210 69209 69890 69903 69905 69909
51504 6281 6682 4 55743 55744 55758 55745
51505 6613 6368 4 55746 55747 55754 55755
51506 6103 6336 3 55752 55753 56003
51507 6613 6911 5 55761 55762 55934 55993 55935
51508 6489 6454 4 55763 55764 55765 89218
51509 6259 6092 5 55767 55768 87016 87013 70812
51510 6259 6020 4 55768 55766 87395 87424
51511 5351 5432 6 55770 55771 56119 65537 68497 68975
51512 5351 5395 3 55771 55769 56118
51513 5351 5238 5 55769 55770 68974 69511 68702
51514 6336 6114 5 55773 55772 55776 55939 55966
51515 5919 5912 8 55777 55778 87314 87315 89165 56109 56107 70285
51516 6050 5912 7 55780 55777 56141 56142 55852 55851 89052
51517 6050 5919 3 55777 55779 70286
51518 5741 5912 3 55778 55780 89068
51519 6206 5978 3 55782 55783 55996
51520 6349 6171 6 55784 55785 92049 89311 89309 88609
51521 6349 6341 4 55785 55786 72447 92050
51522 6168 6171 6 55787 55784 87437 87438 88672 88671
51523 6341 6171 6 55785 55787 91470 91424 91425 92051
51524 5988 5964 4 55790 55791 55798 55811
51525 6511 6365 4 55792 55793 56028 56047
51526 6041 5683 3 55796 55797 55830
51527 5717 5170 5 55799 55800 73735 76526 76527
51528 5717 5123 5 55800 55801 96590 96633 73736
51529 5331 5123 4 55801 55802 72828 72829
51530 5331 5717 7 55799 55801 77492 77491 96597 96015 77528
51531 5123 5170 7 55800 55802 77354 72739 72738 77498 73737
51532 5988 5683 3 55803 55804 55805
51533 5498 5371 5 55806 55807 70831 72145 68463
51534 5498 5340 4 55807 55808 72352 70830
51535 5533 5340 5 55808 55809 72227 72228 72397
51536 5533 5371 5 55809 55806 68465 72269 72268
51537 5340 5371 7 55807 55809 72392 72394 72418 72417 70832
51538 6041 5988 5 55811 55812 55871 55870 55869
51539 6246 6041 6 55810 55812 55873 55817 55816 55878
51540 5983 6041 6 55813 55815 55880 55879 55884 55874
51541 6041 6423 6 55817 55818 55877 55879 55883 55881
51542 6505 6835 3 55821 55819 72478
51543 6055 5788 4 55823 55824 86100 86101
51544 5891 5788 7 55824 55825 89102 89103 89104 72021 72022
51545 5891 5919 3 55825 55822 55850
51546 5891 6055 5 55822 55824 88770 56145 55849
51547 5790 5492 3 55827 55828 89129
51548 5712 5492 7 55828 55829 67967 67966 71849 87224 87225
51549 5712 5489 3 55829 55826 72252
51550 5712 5790 5 55826 55828 88960 88650 88652
51551 5354 5467 6 55832 55833 69209 69211 69797 69798
51552 5354 5325 6 55833 55834 69867 69375 69376 69889
51553 5536 5325 5 55834 55835 69220 68019 68020
51554 5536 5354 3 55832 55834 69866
51555 5325 5467 4 55833 55835 69219 69890
51556 5325 5548 7 55836 55837 69189 69904 69219 69220 69226
51557 5548 5346 3 55836 55838 55901
51558 6118 6244 3 55840 55839 56161
51559 6102 6349 3 55842 55843 88508
51560 6102 6168 6 55843 55844 72475 70844 70842 88371
51561 6135 6102 6 55842 55844 72474 87363 72611 72613
51562 6004 6027 4 55845 55846 55847 88760
51563 5912 6244 5 55852 55853 72500 89234 89195
51564 5895 5912 5 55851 55853 72499 88692 88691
51565 6244 6050 5 55852 55854 87274 87295 89135
51566 5789 5814 5 55855 55856 88870 89033 68090
51567 5789 5554 7 55856 55857 56131 56132 89167 56158 56159
51568 5470 5554 10 55857 55858 71265 71267 72266 69070 69067 72368 72369 88811
51569 5470 5814 5 55858 55855 68091 88696 87366
51570 5470 5789 3 55855 55857 68089
51571 5554 5814 4 55856 55858 87367 88752
51572 6004 5964 4 55859 55860 55862 55861
51573 5630 5908 4 55865 55866 55902 55903
51574 6066 6041 6 55871 55872 55874 55882 55881 55873
51575 6041 6470 4 55875 55876 55880 55877
51576 6041 6305 3 55882 55883 55884
51577 6151 6033 5 55888 55889 87255 89025 89024
51578 4925 4893 11 55890 55891 72076 72078 72083 72074 70511 70512 70482 70211 70212
51579 4925 5269 4 55891 55892 72301 72077
51580 5267 5269 6 55892 55893 70477 70809 70835 72300
51581 5267 4925 7 55890 55892 72304 71984 71983 70929 70930
51582 5145 5410 3 55894 55895 72483
51583 5202 5409 4 55897 55899 67437 65093
51584 5346 5518 4 55900 55901 69225 69164
51585 4811 4598 4 55905 55906 71545 71544
51586 4811 4603 4 55906 55904 81106 81065
51587 4811 4563 6 55904 55905 81119 81127 81123 81122
51588 5120 4990 5 55907 55908 67910 68552 68200
51589 5071 5237 9 55909 55910 68014 68001 68000 68016 68015 68017 68047
51590 6365 6103 8 55911 55912 56033 56034 56157 56050 56051 56003
51591 6547 6103 3 55912 55913 55970
51592 5908 5664 4 55915 55916 55954 69201
51593 4631 4735 6 55917 55918 69679 69678 70052 70070
51594 4631 4585 4 55918 55919 70059 70066
51595 4494 4585 7 55919 55920 69586 61715 59924 59921 69412
51596 4494 4631 5 55917 55919 70060 59429 59428
51597 4585 4735 5 55918 55920 69585 70076 70079
51598 5630 5660 5 55922 55923 56312 56311 57344
51599 5772 5660 4 55925 55922 70187 56188
51600 5692 5660 6 55923 55925 56187 56053 56052 67987
51601 5198 5273 4 55926 55927 57123 57121
51602 5055 5273 6 55927 55928 56682 56685 67805 68007
51603 5273 5182 6 55926 55928 61143 61145 69684 67455
51604 6253 5796 4 55936 55937 56455 56301
51605 5796 6049 7 55936 55938 56099 56100 70181 56300 56299
51606 5439 5446 5 55940 55941 56176 67819 70030
51607 5439 5058 5 55941 55942 69254 70148 56177
51608 5318 5058 6 55942 55943 60078 60077 70123 69256
51609 5318 5446 6 55943 55940 69925 69574 61191 61193
51610 5318 5439 8 55940 55942 69255 69990 56015 56017 67709 67708
51611 5058 5446 5 55941 55943 70128 70143 56178
51612 5895 5712 8 55945 55946 88691 56120 56121 69223 69222 70127
51613 5712 6050 3 55944 55946 89052
51614 6180 6164 3 55950 55951 55952
51615 5649 5434 3 55955 55956 70080
51616 5649 5798 6 55956 55957 87090 70195 69397 69398
51617 5651 5798 5 55957 55958 70579 87202 87174
51618 5798 5434 5 55956 55958 70578 70189 70081
51619 6213 6751 3 55961 55962 56007
51620 6213 6634 6 55960 55961 56350 56351 56480 56293
51621 5697 5941 9 55964 55965 56077 56082 89156 56123 56122 56054 56002
51622 5600 5697 7 55963 55965 56021 56019 56514 56515 69122
51623 6374 6239 4 55968 55969 55972 55971
51624 6078 6050 6 55974 55975 89099 89164 70286 56141
51625 6112 6050 7 55975 55976 87295 87294 87322 87249 87248
51626 6112 6078 4 55973 55975 89100 87147
51627 6050 6318 4 55974 55976 89135 56142
51628 5160 5270 7 55978 55979 71970 72062 70520 70523 71895
51629 5160 5220 4 55979 55977 71836 71835
51630 5160 5151 5 55977 55978 71894 72067 71886
51631 5941 6103 3 55980 55981 56289
51632 6613 6246 3 55982 55983 55984
51633 5586 5501 6 55988 55989 68095 68118 69300 69237
51634 5586 5664 5 55989 55990 69201 67529 67528
51635 5600 5501 4 55991 55988 69230 69229
51636 5600 5586 6 55988 55990 69123 69122 68037 68039
51637 6613 6883 3 55993 55994 55995
51638 6363 6081 3 55997 55998 55999
51639 7357 7387 5 56004 56005 87923 86086 86085
51640 5524 5397 4 56008 56009 56569 56570
51641 5476 5524 5 56008 56010 57228 56574 56573
51642 5546 5557 5 56011 56012 56097 56095 56320
51643 5546 5272 7 56012 56013 69336 69334 69320 69318 69391
51644 5342 5272 6 56013 56014 69408 69809 69811 70028
51645 5342 5557 5 56014 56011 56322 69405 69407
51646 5342 5546 4 56011 56013 69926 56321
51647 5272 5557 4 56012 56014 56206 56208
51648 5439 5522 5 56015 56016 69295 70033 69991
51649 5439 5630 5 56016 56017 56310 56311 57343
51650 5318 5630 4 56017 56018 56067 56065
51651 5318 5522 6 56018 56015 57064 57066 70039 70041
51652 5630 5522 6 56016 56018 70042 69992 69993 69296
51653 5600 5676 6 56019 56020 61270 56203 56204 70137
51654 4640 4698 6 56022 56023 74744 81396 81436 68891
51655 4692 4681 4 56024 56025 72666 72355
51656 4692 4698 4 56025 56022 68893 71829
51657 6365 6454 4 56029 56030 56047 56031
51658 6365 6239 3 56032 56033 56036
51659 6173 6547 3 56037 56035 56497
51660 6259 6396 5 56041 56042 56368 87230 86838
51661 6637 6396 5 56042 56043 56458 86158 56369
51662 6637 6667 5 56043 56040 86224 86225 56457
51663 6637 6259 4 56040 56042 56367 87094
51664 6396 6667 5 56041 56043 56456 87186 86839
51665 6365 6075 3 56048 56049 56051
51666 5221 4868 6 56055 56056 59941 59942 69544 70003
51667 5221 4711 4 67874 56056 56057 -1
51668 5502 4711 4 56057 56058 57078 -1
51669 5502 4868 3 56058 56055 57077
51670 4567 4758 5 56059 56060 61239 61240 67537
51671 4817 4644 5 56061 56062 69530 69531 61269
51672 4817 4758 6 56062 56059 60989 60991 69483 69550
51673 4817 4567 5 56059 56061 61268 67803 69618
51674 4644 4758 5 56060 56062 61470 61469 61701
51675 6296 6049 4 56063 56064 56279 56135
51676 5318 5463 7 56065 56066 68172 68171 69574 67710 67709
51677 5318 5452 6 56066 56067 70041 57218 57219 69162
51678 5452 5463 6 56066 56068 69140 69301 69110 69108
51679 4483 4862 5 60322 60319 56069 56070 -1
51680 5776 5707 5 56071 56072 56085 56271 69787
51681 5321 5417 6 56073 56074 69173 69174 72221 72175
51682 5321 5209 5 56074 56075 70376 72183 72177
51683 5365 5209 5 56075 56076 71873 71874 70378
51684 5365 5321 6 56073 56075 70377 70666 70667 71962
51685 5209 5417 3 56074 56076 72140
51686 5798 5494 4 56081 56078 69398 70081
51687 5798 5641 4 56078 56080 70197 69397
51688 5633 5494 4 56079 56081 70083 70082
51689 5707 5742 5 56084 56085 56272 58179 56443
51690 5776 5742 5 56085 56086 56550 60953 56273
51691 6248 6112 6 56088 56089 69273 87268 87301 56218
51692 6240 6112 5 56089 56090 86384 87294 69275
51693 6545 6468 6 56091 56092 87531 87603 87609 87610
51694 5936 6468 5 56093 56091 86072 86074 87575
51695 6153 6468 5 56092 56093 87576 87579 87532
51696 5546 5584 7 56095 56096 70184 70205 70163 70132 70133
51697 5546 5451 5 56096 56097 69391 70098 70185
51698 5557 5451 5 56097 56098 69249 56205 56208
51699 5557 5584 7 56098 56095 69620 56231 56230 69946 69343
51700 5451 5584 3 56096 56098 69344
51701 5796 5772 4 56100 56101 69945 70179
51702 5796 5844 6 56101 56099 56191 56296 69726 69725
51703 5146 4842 3 56102 56104 68596
51704 5030 4976 5 56103 56105 69135 69279 69505
51705 6043 5912 5 56107 56108 89113 89190 89189
51706 5890 5919 3 56109 56106 87283
51707 6033 5741 7 56111 56112 89026 88837 88836 87259 87257
51708 5987 5741 7 56112 56113 87175 87176 87353 87355 88873
51709 5987 6078 5 56113 56110 87256 89100 89099
51710 5987 6033 6 56110 56112 89027 89212 89211 87255
51711 5741 6078 4 56111 56113 89164 88869
51712 5432 5147 5 56116 56117 68649 68648 68975
51713 5147 5542 4 56115 56117 69045 71919
51714 5895 5697 4 56121 56122 56222 70135
51715 5941 5712 3 56123 56120 88693
51716 5697 5712 6 56121 56123 89154 69132 69129 69277
51717 5028 4936 5 56125 56126 71805 69507 69493
51718 4936 4836 6 56124 56126 69171 69172 69515 68723
51719 6050 5925 4 56127 56128 87270 87319
51720 5789 5858 7 56130 56131 68089 68090 72461 72460 88430
51721 5498 5554 5 56132 56133 68464 68463 72146
51722 5498 5858 6 56133 56130 88431 88504 88900 88245
51723 5498 5789 4 56130 56132 89168 88429
51724 5554 5858 4 56131 56133 88246 88811
51725 5529 5712 4 56137 56138 69222 69139
51726 5836 5712 4 56138 56139 87222 70127
51727 5836 5382 4 56139 56136 70103 87167
51728 6078 5912 4 56140 56141 70285 89189
51729 5912 6318 5 56140 56142 89195 89220 89190
51730 5268 5304 7 56148 56149 72032 72031 63561 63563 72454
51731 5268 5606 6 56149 56147 73918 70965 70964 72446
51732 5268 5659 4 56147 56148 89138 89137
51733 6599 6229 3 56150 56151 88043
51734 6599 6597 8 56151 56152 87758 87759 87017 87018 88559 89241
51735 6486 6597 3 56152 56153 87399
51736 6486 6599 7 56150 56152 86861 86862 87805 69026 69028
51737 6597 6229 5 56151 56153 87398 88285 88284
51738 6197 6016 4 56154 56155 88999 88913
51739 5890 6016 8 56156 56154 88914 89002 89001 91243 89092 71945
51740 6073 6016 5 56155 56156 71946 89048 89089
51741 5788 5554 6 56159 56160 72174 87325 87326 88752
51742 5554 5517 9 56158 56160 72173 72279 72266 72265 72319 72367 72401
51743 6375 6245 7 56164 56165 88795 88589 88590 89413 89199
51744 6375 6111 3 56165 56162 89191
51745 6375 6208 6 56162 56164 88743 88742 89182 89181
51746 6318 6043 4 56167 56168 89190 56197
51747 6318 6300 9 56168 56166 89107 89209 89228 89227 89226 89233 89220
51748 6667 6644 6 56170 56171 87127 87129 87574 86723
51749 6667 6600 6 56171 56169 89140 56457 56456 87185
51750 6667 6782 5 56169 56170 56390 56391 89383
51751 6837 6754 8 56172 56173 89610 87116 87110 87074 87057 87033
51752 6837 6496 4 56173 56174 89422 89612
51753 6497 6837 6 56172 56174 89421 87066 87056 87032
51754 5439 5451 5 56176 56177 56207 56205 67818
51755 6746 6822 5 87454 86489 56180 56181 -1
51756 7198 7200 8 86841 86608 86607 86993 86463 56182 56179 -1
51757 7198 6746 3 56179 56181 -1
51758 6822 7200 4 56180 56182 86444 86445
51759 6462 6300 9 56183 56184 89107 88868 87846 87845 88889 88890 89159
51760 6462 6663 6 56184 56185 89350 89349 89603 89208
51761 6489 6462 4 56183 56185 89445 89160
51762 6663 6300 6 56184 56186 89222 89221 89230 89209
51763 6049 5660 7 56187 56188 70182 56282 56281 56283 56286
51764 5692 6049 3 56187 56189 56284
51765 6526 6382 7 56192 56193 89332 89266 89267 89325 89324
51766 6526 6425 4 56193 56194 89178 89331
51767 6538 6425 7 56194 56195 68973 89276 89277 90810 89179
51768 6538 6382 3 56195 56192 68972
51769 6779 6948 4 56200 56198 86504 86827
51770 6779 6913 5 56198 56199 88926 86759 86503
51771 5136 5392 6 56201 56202 70273 68558 68557 70140
51772 5136 5676 4 56202 56203 67992 67990
51773 5600 5392 3 56204 56201 70139
51774 5600 5136 6 56201 56203 69400 69399 69403 70141
51775 5676 5392 7 56202 56204 70138 69131 69130 71871 70274
51776 5439 5557 7 56205 56206 69407 69295 57343 56325 56326
51777 6708 6674 7 56209 56210 87207 87612 87556 87557 -1
51778 7068 6708 5 56209 56211 87091 87093 -1
51779 6804 6674 4 56210 56212 86220 86219
51780 6055 5790 5 56214 56215 72348 72349 86101
51781 5890 5790 14 56215 56216 89184 89030 89029 89148 89147 91263 89143 89142 89141 89152 87283 87275
51782 5890 5962 4 56216 56213 56429 87146
51783 5790 5962 6 56214 56216 89183 88998 88997 86102
51784 6248 6151 7 56217 56218 87300 72085 70659 70662 89552
51785 6396 6151 4 56219 56217 89556 88247
51786 6112 6151 5 56218 56219 87148 87147 87302
51787 5911 6092 5 56223 56224 56436 56356 56359
51788 5651 5272 6 70150 69319 69320 56227 56228 -1
51789 5502 5272 6 56228 56229 69336 70028 70029 -1
51790 5502 5651 3 56226 56228 -1
51791 5272 5939 3 56227 56229 69334
51792 5584 5939 5 56231 56232 70050 70132 69621
51793 5899 5584 4 56230 56232 70051 70146
51794 5455 5597 6 56235 56236 70374 71902 71903 72110
51795 5455 5271 6 56236 56234 70407 70406 70375 70373
51796 5455 5282 3 56234 56235 70928
51797 6442 6217 6 56237 56238 85698 86055 86054 85853
51798 6442 5954 6 56238 56239 71041 85814 85815 85697
51799 6199 5954 4 56239 56240 85713 71042
51800 7206 6956 4 56241 56242 89554 89555
51801 7100 7206 5 56241 56243 89842 90017 89701
51802 6213 6354 5 56244 56246 56293 56478 56472
51803 4375 4403 6 56247 56248 57451 57452 70301 81471
51804 4308 4403 5 56249 56247 68958 68959 78328
51805 5377 5464 4 56250 56251 70833 70670
51806 5196 5392 5 56254 56255 68557 68559 71824
51807 5196 5446 6 56255 56253 70161 70143 70144 70145
51808 5196 5382 5 56253 56254 70389 70390 70160
51809 6108 6029 6 56257 56258 88716 88717 89053 88803
51810 5858 5945 6 56259 56256 88503 88504 88164 88163
51811 5858 6108 4 56256 56258 89210 89265
51812 6029 5945 6 56257 56259 88228 88689 89101 88804
51813 5895 6282 3 56260 56261 56264
51814 6241 6244 4 56262 56263 89236 72500
51815 6241 5895 6 56260 56262 72499 56270 56269 56265
51816 5895 6114 3 56266 56267 56269
51817 5503 5707 6 56271 56272 58178 69997 68034 68032
51818 5503 5742 3 56272 56273 58177
51819 5776 5503 7 56271 56273 57328 57330 69755 59033 59032
51820 6049 6114 5 56277 56278 56288 56280 56279
51821 5941 6049 7 56284 56285 56292 56289 56288 56287 56286
51822 6049 5908 3 56290 56291 56292
51823 5742 6173 3 56294 56295 56539
51824 5742 5796 6 56295 56296 69816 56518 56517 56516
51825 5844 5742 5 56294 56296 69639 56550 56547
51826 5939 6049 3 56297 56298 56299
51827 6636 6523 8 56303 56302 56448 56441 56386 56362 56360 56402
51828 6278 6564 5 56304 56305 56307 56538 56459
51829 6627 6564 7 56305 56306 56487 56486 56493 56484 56308
51830 6564 6678 4 56304 56306 56520 56460
51831 5439 5463 3 56309 56310 67709
51832 5660 5439 6 56309 56311 56325 56327 70030 67708
51833 5853 5979 4 56313 56314 70312 87250
51834 5165 5500 5 56317 56318 70131 70129 70385
51835 5651 5500 9 56318 56319 68086 68085 70203 70202 70207 69317 69319
51836 5500 5434 3 56317 56319 70191
51837 5796 5546 5 56320 56321 69927 70134 70133
51838 4667 4321 4 56323 56324 56439 56440
51839 5439 5529 4 56326 56327 67819 67818
51840 5660 5529 4 56327 56328 67536 70031
51841 5660 5557 6 56328 56325 57344 70187 70182 67535
51842 5529 5557 5 56326 56328 67534 69343 69249
51843 7184 7320 3 56329 56330 56343
51844 6678 7297 4 56943 56336 56337 -1
51845 5963 6131 8 56338 56339 86974 86973 86700 86698 86872 87095
51846 5963 5853 3 56339 56340 87203
51847 5651 6131 4 56341 56338 85868 85870
51848 5651 5963 6 87151 56338 56340 87202 87371 -1
51849 7207 7304 3 56344 56342 86619
51850 6807 7050 3 56346 56347 89620
51851 6807 6828 7 56347 56348 87029 87030 89631 88734 88736
51852 6867 6828 4 56348 56349 89633 87125
51853 6828 7050 5 56347 56349 89632 89648 89622
51854 7731 7636 7 56352 56353 86363 86367 87957 86431 86432
51855 7260 7279 6 56354 56355 86346 56375 56378 86334
51856 7260 7731 4 56352 56354 86333 86440
51857 5963 5911 5 56356 56357 87336 87390 56435
51858 5963 5798 7 56357 56358 86974 87203 87202 70217 70216
51859 6092 5963 4 56356 56358 86973 56434
51860 5798 5911 5 56357 56359 87368 70294 70292
51861 6636 5651 4 56361 56362 56387 -1
51862 6636 6405 4 87059 56360 56361 -1
51863 7327 6906 6 56363 56364 87800 92922 87944 87943
51864 7241 6906 4 56364 56366 86794 87346
51865 7459 7178 4 56376 56377 87902 86023
51866 7279 7178 5 56377 56378 86298 86296 87910
51867 7279 7459 9 56375 56377 87909 86529 86323 86183 86181 86326 86325
51868 7178 7260 5 56376 56378 86415 86019 86017
51869 6112 5987 7 56381 56382 87301 87302 89100 87248 87216
51870 6112 6092 3 56382 56383 87268
51871 6042 5987 4 56384 56381 70262 70259
51872 6042 6112 6 56381 56383 69273 69275 87322 87217
51873 6092 5987 4 56382 56384 87251 87303
51874 5939 6523 4 56385 56386 56442 56404
51875 6807 6782 4 56389 56390 86722 87029
51876 6667 6867 3 56391 56388 88668
51877 6667 6807 7 56388 56390 86723 89657 89658 89681 88667
51878 6782 6867 7 56389 56391 89149 88351 88350 89655 87125
51879 6814 6782 4 56392 56393 87132 89649
51880 6814 6600 7 56393 56394 87107 89206 89596 87120 87118
51881 6801 6600 5 56394 56395 87171 86713 86712
51882 6801 6782 5 56395 56392 87011 87012 89260
51883 6801 6814 6 56392 56394 87108 87130 89544 89651
51884 7184 7339 3 56396 56397 86959
51885 7339 7127 6 56396 56398 86199 86658 86659 86668
51886 6644 6235 6 56409 56410 89248 87646 70818 70819
51887 6375 6235 5 56410 56411 88168 86967 86964
51888 6375 6599 6 56411 56408 87658 88713 89506 89587
51889 6235 6599 8 56409 56411 89588 86097 86096 69027 69026 88578
51890 5863 5787 4 56412 56413 88778 88700
51891 5863 5801 5 56413 56414 73968 88877 88779
51892 5734 5801 4 56414 56415 92418 73970
51893 5734 5787 6 56415 56412 88702 73131 73133 92417
51894 5734 5863 8 56412 56414 73969 88648 88865 88968 89009 88701
51895 5801 5787 5 56413 56415 92416 91473 88780
51896 6570 6637 8 56416 56417 87644 86412 86411 87094 86224 85965
51897 6570 6757 4 56417 56418 87541 87540
51898 6766 6757 5 56418 56419 86995 86997 87404
51899 6766 6637 3 56419 56416 85966
51900 5911 6115 5 56420 56421 87471 87463 72249
51901 5777 6115 3 56421 56422 87472
51902 6115 6020 8 56420 56422 87476 87705 70243 70242 87395 72251
51903 6837 6822 6 56426 56427 86444 86443 87032 87033
51904 6837 7198 3 56427 56428 86463
51905 6837 6637 4 56430 56431 87056 86443
51906 7200 6830 4 56432 56433 86793 86509
51907 6830 6637 6 56431 56433 86792 86851 86848 87067
51908 5963 6117 4 56434 56435 86699 86700
51909 5911 6117 6 56435 56436 87298 72250 72249 87391
51910 4517 4321 5 56438 56439 57115 57477 61647
51911 4667 4347 4 56440 56437 56583 60951
51912 4667 4517 6 56437 56439 57038 57037 69760 56582
51913 4321 4347 6 56438 56440 60952 61645 61643 69699
51914 6523 6252 4 56441 56442 56446 56444
51915 6252 6220 5 56446 56447 56453 56452 56449
51916 6220 6354 3 56445 56447 56472
51917 6252 6141 4 56450 56451 56454 56452
51918 6600 6637 5 56457 56458 87114 86848 86849
51919 6502 6457 5 56461 56462 56791 56792 56854
51920 6962 7672 7 56845 56641 56465 56466 56592 56894 -1
51921 7138 7392 3 56467 56464 56932
51922 6798 7174 4 56470 56468 56927 56926
51923 7138 7174 4 56469 56470 56939 56941
51924 5868 6592 4 56473 56474 56805 56642
51925 6523 6496 4 56475 56476 56477 56481
51926 6523 6213 4 56478 56479 56481 56480
51927 6743 6564 7 56482 56483 56501 56496 56493 56492 56498
51928 6564 6642 5 56484 56485 56504 56502 56496
51929 5385 5297 4 56488 56489 57087 69951
51930 5496 5200 7 56490 56491 67980 67981 69184 68103 68102
51931 5200 5297 6 56489 56491 57341 57340 56755 56753
51932 6564 6547 6 56494 56495 56501 56502 56503 56497
51933 6678 6787 5 56499 56500 56953 56862 56507
51934 6564 6239 3 56503 56504 56505
51935 6724 6866 5 56510 56511 56868 56736 56737
51936 6572 6724 3 56510 56512 56614
51937 5600 5463 6 56515 56513 69403 69404 68038 68037
51938 5600 5446 5 56513 56514 70137 70139 70141
51939 5303 5300 6 56522 56523 56652 57031 57454 57275
51940 5062 5300 4 56523 56524 56674 56654
51941 5300 5347 6 56522 56524 56673 57204 57661 57276
51942 4999 5074 11 56525 56526 67769 67770 69055 69921 70058 70007 69969 57147 57149
51943 4999 4852 3 56526 56527 69796
51944 4852 5074 5 56526 56528 69964 69965 69876
51945 5261 5414 4 56530 56531 56731 56730
51946 5397 5261 6 56529 56531 57189 57252 57069 57070
51947 6798 6649 4 56532 56533 56967 56821
51948 5385 5414 6 56536 56537 69939 69877 57473 57471
51949 5403 5385 4 56535 56537 69953 69281
51950 6886 6733 6 56546 56544 56692 56925 56933 56934
51951 6965 6733 4 56545 56546 56930 56909
51952 5897 5844 3 56547 56548 56549
51953 4517 4495 5 56551 56552 60955 69627 56582
51954 4517 4514 5 56552 56553 69772 69763 60956
51955 4347 4514 3 56553 56554 69533
51956 4347 4495 7 56554 56551 56583 61449 61448 59927 59926
51957 4514 4495 5 56552 56554 69532 69670 60957
51958 5582 5620 9 56555 56556 69934 69935 61687 61688 68979 68978 69598
51959 5582 5707 7 56556 56557 69787 68032 68033 69930 69952
51960 5923 5620 4 56558 56555 57022 57020
51961 5923 5582 4 56555 56557 69786 69944
51962 5707 5620 4 56556 56558 56576 56575
51963 5652 5385 5 56559 56561 69281 69960 69932
51964 5227 5496 3 56560 56562 68102
51965 5776 5835 3 56564 56565 69938
51966 5868 6215 5 56567 56568 56642 56771 56772
51967 5524 5620 5 56570 56571 69934 56575 56573
51968 5414 5524 4 56569 56571 69933 56608
51969 5620 5397 5 56570 56572 56724 57116 57062
51970 5524 5707 4 56574 56575 69952 69920
51971 5620 5476 7 56576 56573 57062 57117 56986 56988 57020
51972 5707 5476 6 56574 56576 57023 56990 56989 57142
51973 4667 4495 7 56583 56582 69729 59051 59053 69683 61707
51974 5225 5204 4 56585 56586 58313 58621
51975 5450 4649 4 56587 56584 58563 58610
51976 6971 6866 5 56588 56589 56827 56789 56787
51977 6971 6748 3 56589 56590 56828
51978 6798 6748 7 56590 56591 56929 56822 56821 56968 56922
51979 6798 6866 3 56591 56588 56924
51980 4733 4638 9 56596 56597 70086 70087 70106 69710 69711 69629 69631
51981 4733 4634 6 56597 56598 59770 69749 69751 70056
51982 4514 4638 4 56599 56596 57458 57457
51983 4514 4733 3 56596 56598 59771
51984 4934 4733 5 56601 56602 70106 59140 59138
51985 4735 4733 3 56602 56603 70087
51986 4735 4862 6 56603 56600 70052 70054 70053 70085
51987 4735 4934 5 56600 56602 70104 69680 69678
51988 4733 4862 7 56601 56603 70086 70056 61556 61555 69743
51989 6176 6216 4 56604 56605 56688 56818
51990 5852 5467 5 56610 56611 69832 69834 69872
51991 5841 5869 4 56618 56615 56799 57100
51992 5841 6149 6 56615 56617 56658 56659 56806 56798
51993 5244 4970 3 56621 56619 56758
51994 5244 4912 7 56619 56620 57212 57433 69948 69949 56757
51995 4631 4488 7 56622 56623 59957 69263 69265 70059 70060
51996 4631 4249 5 56623 56624 57734 69999 59958
51997 4277 4631 4 56622 56624 57735 59429
51998 4249 4488 5 56623 56625 61630 61623 59959
51999 5620 5869 4 56626 56628 56986 57118
52000 4517 4754 6 56629 56630 57036 57037 69238 69241
52001 4517 4406 5 56630 56631 61646 57477 57476
52002 4523 4754 3 56632 56629 69426
52003 4523 4517 6 56629 56631 57332 57331 69692 69425
52004 4406 4754 6 56630 56632 69484 69633 69467 69466
52005 5607 5691 3 56638 56636 56646
52006 7057 6962 3 56639 56640 56973
52007 6733 6520 4 56648 56649 56902 56888
52008 6798 6590 3 56650 56647 56881
52009 6798 6733 6 56647 56649 56929 56924 56923 56880
52010 5062 5137 5 56653 56654 57156 57556 57134
52011 5260 5565 7 56655 56656 57157 57652 57587 57585 57662
52012 6971 6760 5 56660 56661 56852 56928 56936
52013 6971 6884 3 56661 56662 56851
52014 5753 5909 4 56665 56666 56670 56672
52015 6894 6724 4 56677 56678 56908 56736
52016 4519 4454 6 56679 56680 57475 59342 57581 57496
52017 4519 4458 5 56680 56681 57534 59283 57474
52018 5273 5116 5 56682 56684 56704 61146 61143
52019 5154 5055 4 56683 56685 67788 67786
52020 3971 4364 3 56686 56687 79808
52021 6176 6495 5 56688 56689 56808 56810 56819
52022 6224 5776 4 56693 56694 56777 56782
52023 6997 6748 8 56698 56695 56828 56922 56974 56878 56877 56874
52024 6997 6866 4 56695 56697 56836 56827
52025 7005 6748 3 56696 56698 56873
52026 5062 4706 5 56702 56703 57435 57423 57425
52027 5262 5116 5 56704 56705 57414 69803 69804
52028 4669 5111 3 56708 56706 57197
52029 5329 5397 4 56709 56710 57189 57243
52030 5110 5403 4 56711 56712 69802 69844
52031 5403 5652 6 56713 56714 57220 57221 69281 69961
52032 5476 5221 5 56716 56717 69544 60857 60859
52033 5221 5163 6 56715 56717 59942 59939 70010 69972
52034 5691 5985 5 56718 56719 56720 56721 56722
52035 5080 5052 3 56726 56727 69138
52036 5291 5329 7 56728 56729 57201 57379 57382 69850 57238
52037 5261 5329 4 56729 56731 57189 57203
52038 6228 5544 3 56733 56735 57688
52039 6971 6997 8 56739 56740 56827 56828 56921 56958 56843 56842
52040 6894 6971 5 56738 56740 56789 56788 56882
52041 6512 6069 4 56744 56745 56746 56747
52042 6512 6920 3 56748 56749 56750
52043 5200 5074 3 56753 56754 57086
52044 5201 4912 3 56756 56757 57131
52045 4970 5201 4 56756 56758 57263 57130
52046 6128 6079 5 56759 56760 56762 56781 56761
52047 6356 6748 3 56778 56779 56850
52048 11819 194 4 56784 56785 154189 154892
52049 11788 194 6 56786 56784 154853 154145 132811 132664
52050 11 194 7 56785 56786 132665 131238 131239 132484 132482
52051 6971 6733 5 56787 56788 56937 56936 56923
52052 6866 6733 6 56790 56787 56924 56896 56869 56868
52053 6894 6733 5 56788 56790 56908 56909 56931
52054 6572 6649 3 56794 56796 56859
52055 6149 5809 4 56800 56801 56802 56806
52056 5502 5967 4 57058 56811 56812 -1
52057 6445 6435 4 56813 56814 57004 56815
52058 6176 5948 4 56816 56817 56818 56819
52059 7023 7297 5 56839 56840 56944 56943 -1
52060 7672 7979 3 56845 56846 -1
52061 5868 5565 5 56848 56849 57157 56976 56892
52062 5468 5868 4 56847 56849 57631 56883
52063 7174 6760 4 56852 56853 56980 56927
52064 6232 6267 5 56855 56856 56871 56864 56857
52065 6649 6190 3 56860 56861 56947
52066 6267 5923 3 56870 56871 56872
52067 6748 6986 3 56875 56876 56877
52068 6760 6733 5 56879 56880 56936 56935 56933
52069 6590 6267 5 56885 56886 56917 56911 56901
52070 7672 7023 3 56895 56894 -1
52071 6733 6748 4 56896 56897 56902 56929
52072 3275 3253 5 56898 56899 63057 62729 62730
52073 3275 2986 5 56899 56900 63173 63174 63058
52074 3259 3275 7 56898 56900 136880 137392 63089 63078 62944
52075 6590 6886 5 56904 56905 56915 56916 56925
52076 6884 6590 3 56903 56905 56914
52077 6590 6394 5 56910 56911 56919 56913 56912
52078 6590 6149 4 56917 56918 56920 56919
52079 6997 6798 3 56922 56921 56959
52080 6733 7087 5 56930 56931 56937 56935 56934
52081 7023 6649 7 56947 56948 56952 56969 56967 56966 56950
52082 6190 7023 8 57003 56999 56964 56962 56951 56947 56949 -1
52083 6232 7023 3 56950 56951 56963
52084 7023 6787 5 56952 56953 56954 56975 56970
52085 7023 6997 6 56958 56959 56974 56975 56961 56960
52086 7023 6279 4 56962 56963 56966 56965
52087 7023 6748 4 56968 56969 56970 56974
52088 6962 7298 3 56977 56978 56979
52089 5412 5967 7 57482 56982 56983 57099 57057 57058 -1
52090 3860 4019 7 56985 56984 57210 57208 58109 57997 57999
52091 5476 5835 4 56987 56988 57021 57019
52092 5502 5707 4 56991 56989 57144 70024
52093 6110 6962 4 56993 56994 56997 -1
52094 6798 6110 6 56992 56994 56998 57000 56996 56995
52095 6110 7023 5 56997 56998 56999 57001 -1
52096 6110 6190 3 56999 57000 57002
52097 5967 7023 3 57001 57003 -1
52098 6435 6313 4 57004 57005 57007 57009
52099 6313 6554 5 57006 57007 57010 57011 57008
52100 6313 6849 4 57011 57012 57014 57013
52101 3190 3045 10 57017 57018 62664 62715 133199 141966 141977 58722 58721 58959
52102 3045 3314 5 57016 57018 62663 62482 59012
52103 5923 5476 5 57020 57021 57025 57024 57023
52104 4952 5262 3 57026 57027 57537
52105 5057 5111 3 57028 57030 57727
52106 5300 5330 3 57032 57031 57646
52107 4632 4569 6 57033 57034 57831 57832 57911 58873
52108 4562 4569 4 57035 57033 58875 59144
52109 4880 4569 6 57034 57035 59173 57930 57929 57921
52110 4539 4517 4 57036 57038 57115 57476
52111 3965 4637 5 57040 57041 57927 57926 58882
52112 5074 5100 9 57042 57043 57264 69975 57079 57082 69943 69608 57088
52113 5074 4738 5 57043 57044 69056 69055 57265
52114 4754 5100 3 57045 57042 57090
52115 4754 5074 6 57042 57044 69966 69967 69965 57089
52116 4738 5100 6 57043 57045 69923 69822 69681 57266
52117 5403 5670 3 57047 57048 57128
52118 5691 5403 6 57046 57048 57129 69963 57181 57133
52119 4258 3668 4 57050 57051 57677 57389
52120 3892 3668 6 57053 57050 57391 57819 57731 57730
52121 3892 4258 6 57050 57052 57703 59328 57941 57390
52122 5473 5809 4 57054 57055 57163 57667
52123 5412 5476 8 57056 57057 57098 57117 57097 57096 57373 60857
52124 5502 5412 6 57078 57077 60858 57056 57058 -1
52125 5397 5412 6 57060 57061 57116 57097 57072 57070
52126 5287 5522 5 57063 57064 69991 69874 67789
52127 5287 5318 4 57064 57065 70048 69990
52128 5100 5318 7 57065 57066 57217 57219 69551 70123 70049
52129 5100 5522 4 57066 57063 67791 70038
52130 5100 5287 4 57063 57065 70001 67790
52131 5309 5412 4 57071 57072 57096 57315
52132 4934 5287 4 57073 57074 67820 62435
52133 5221 5287 4 57074 57075 69810 67822
52134 5412 4711 4 57078 57076 57559 -1
52135 5274 5512 6 57080 57081 69988 69839 69840 69994
52136 5100 5274 6 57079 57081 67791 67790 70002 70006
52137 5512 5074 4 57080 57082 69955 69956
52138 4868 5309 4 57083 57084 57315 57314
52139 4868 5476 5 57084 57085 69267 69544 57373
52140 5244 4868 7 57083 57085 69266 69815 69977 57433 57434
52141 5074 5385 8 57086 57087 69956 69996 69970 61062 57198 57095
52142 4976 5100 5 57090 57088 69610 69924 69923
52143 5342 5274 5 57092 57093 69973 69873 67785
52144 5356 5274 5 57093 57094 61692 61690 69986
52145 5356 5585 6 57094 57091 61627 70023 70021 70019
52146 5412 5869 5 57098 57099 57100 57119 57118
52147 2964 3795 3 57102 57103 132689
52148 3282 2964 6 57101 57103 141965 142185 142437 132870
52149 3795 3693 5 57102 57104 58451 58568 58594
52150 4629 4454 5 57106 57107 57469 57496 57311
52151 4711 4629 4 57105 57107 57470 57506
52152 4454 4772 3 57106 57108 57186
52153 5507 5753 7 57109 57110 57232 57230 57239 57240 57632
52154 4718 4854 5 57111 57112 57424 57443 69416
52155 4718 5062 3 57112 57113 57423
52156 4912 4854 7 57114 57111 69417 67843 67841 57387 57386
52157 4912 4718 7 57111 57113 57403 57402 69983 57409 57410
52158 5412 5620 4 57116 57117 57118 57127
52159 5198 5202 5 57122 57123 67661 67662 69812
52160 5273 5407 5 57124 57121 67455 69754 69853
52161 5202 5407 5 57122 57124 69868 69861 69813
52162 4912 5108 4 57131 57132 67673 69949
52163 4629 4706 6 57135 57136 57145 57506 57504 57139
52164 4832 4718 6 57137 57138 57443 61706 59282 57151
52165 4832 4706 3 57138 57135 57141
52166 4718 4706 9 57136 57138 57424 57423 57403 57400 69732 57420 57146
52167 4854 4706 5 57141 57139 57505 57425 57424
52168 4854 4629 3 57139 57140 57413
52169 5707 5356 7 57142 57144 70023 69997 69931 69930 69920
52170 4617 4706 6 57145 57146 57421 69762 57292 57293
52171 5074 5108 4 57148 57149 57199 57198
52172 5074 5201 4 57147 57148 61062 69968
52173 4832 4519 4 57150 57151 57579 57578
52174 5295 5036 7 57152 57153 67018 66926 66925 66960 66835
52175 5295 5240 5 57153 57154 67015 67016 67026
52176 5981 5036 3 57155 57152 66837
52177 5166 5212 7 57158 57159 57588 57586 57182 57183 57501
52178 5137 5212 5 57160 57158 57650 58014 57206
52179 5300 5212 4 57159 57160 57205 57634
52180 4608 4661 5 57161 57162 57532 57807 57919
52181 5303 5507 6 57165 57166 57258 57279 57280 57635
52182 442 2169 5 57167 57168 59792 155437 155436
52183 2473 2169 4 57168 57169 58733 58735
52184 2169 696 6 57167 57169 142192 126040 126039 155450
52185 4678 4739 7 57170 57171 69761 69914 69917 67772 67771
52186 4678 4613 7 57171 57172 69630 69785 69628 69626 69756
52187 4733 4613 8 57172 57173 60852 69748 69750 59770 59771 69631
52188 4733 4739 4 57173 57170 67922 60851
52189 4733 4678 5 57170 57172 69629 67857 67854
52190 4613 4739 4 57171 57173 57710 57709
52191 3271 4061 4 57174 57175 58866 58716
52192 3271 3965 8 57175 57176 142251 58898 58896 58934 58884 58883
52193 3081 3965 3 57176 57177 142252
52194 3081 4061 5 57177 57174 58718 140798 142077
52195 3081 3271 5 57174 57176 142249 59043 58717
52196 3333 3361 6 57179 57180 57672 59337 59336 59762
52197 4975 4883 6 57184 57185 57614 59145 57656 57654
52198 4975 5166 3 57182 57184 57602
52199 4883 5212 3 57183 57185 57503
52200 4507 4772 7 57186 57187 57560 57561 57572 57283 57284
52201 4507 4711 6 57559 57557 57187 57188 59489 -1
52202 5566 5504 4 57190 57191 69827 61461
52203 5566 5687 6 57191 57192 69829 69828 69826 69825
52204 5731 5504 5 57193 57190 61463 69886 67592
52205 5687 5504 7 57191 57193 67449 57713 57714 67919 67918
52206 5291 5303 3 57201 57202 57299
52207 5473 5212 5 57205 57206 57788 57647 57633
52208 5300 5473 5 57205 57207 57646 57454 57456
52209 5020 5110 8 57213 57214 67838 57380 57381 57306 57304 57305
52210 5262 5020 4 57213 57215 57294 57378
52211 5318 5512 3 57217 57218 70039
52212 4869 4857 9 57222 57223 68701 68686 68530 68208 68207 68520 68521
52213 4903 4857 4 57223 57224 68550 68613
52214 4624 4175 4 57227 57225 57823 57957
52215 4365 4175 5 57226 57227 57956 58096 58050
52216 5356 5524 5 57228 57229 69958 69957 69920
52217 5507 5802 3 57231 57232 57233
52218 5023 4358 7 57234 57235 58205 58210 58212 67625 67078
52219 5507 5565 4 57240 57241 57280 57636
52220 5670 5507 4 57239 57241 57279 57242
52221 5397 5303 3 57243 57245 57252
52222 5108 5291 5 57247 57248 68651 69541 57262
52223 5005 5291 5 57248 57249 57377 57289 57288
52224 5005 5108 3 57246 57248 68652
52225 4454 3704 5 57256 57255 59403 59579 59971
52226 5691 5303 3 57257 57258 57278
52227 3921 4138 6 57261 57259 58691 58849 61821 58835
52228 3921 4258 4 57259 57260 57677 57905
52229 5291 5201 5 57262 57263 59259 69392 69540
52230 5074 4814 4 57264 57265 69921 69974
52231 5058 4916 6 57267 57268 69640 70096 70403 70107
52232 5058 4899 7 57268 57269 69645 69646 70122 70119 69641
52233 4948 4899 4 57269 57270 69579 69580
52234 4948 4916 7 57270 57267 69396 69395 71693 70115 70114
52235 4948 5058 4 57267 57269 70062 70093
52236 4899 4916 6 57268 57270 70112 69650 69649 69642
52237 5670 5303 6 57271 57272 57277 57278 57279 57281
52238 5303 5565 5 57274 57275 57455 57280 57281
52239 5300 5565 6 57275 57276 57662 57639 57634 57456
52240 4507 4601 5 57282 57283 57573 59209 57583
52241 4629 4601 5 57285 57282 57584 58437 57464
52242 4629 4507 4 57282 57284 57311 57582
52243 4772 4601 4 57283 57285 57463 57574
52244 5084 5110 5 57286 57287 67831 69717 69852
52245 5084 5005 5 57287 57288 68652 67830 67829
52246 5291 5110 5 57289 57286 69851 57382 57381
52247 5291 5084 4 57286 57288 68651 69847
52248 5005 5110 4 57287 57289 57380 67832
52249 4766 4711 5 57290 57291 57416 70011 69733
52250 4766 4706 6 57291 57292 69730 57400 57401 57415
52251 4617 4766 4 57290 57292 69752 69734
52252 5330 5020 4 57296 57297 57305 57378
52253 5409 5484 4 57301 57302 68043 68042
52254 5750 5337 3 57303 57300 68074
52255 5484 5337 4 57301 57303 68073 68044
52256 5329 5020 3 57306 57307 57379
52257 4967 4831 4 57316 57317 67717 67718
52258 4967 4827 4 57317 57318 68030 68028
52259 4691 4827 6 57318 57319 67590 67895 68514 68513
52260 4691 4831 4 57319 57316 67905 67589
52261 4691 4967 7 57316 57318 68572 68574 68578 68573 67904
52262 4827 4831 5 57317 57319 67588 68222 68224
52263 4052 3818 4 57320 57321 61590 62262
52264 3813 3818 6 57323 57320 62252 60745 60316 60313
52265 3813 4052 6 57320 57322 60707 60709 61579 62263
52266 4016 3818 5 57321 57323 60323 60782 61591
52267 5081 4832 5 57325 57326 57372 57536 57348
52268 4832 5020 4 57324 57326 57371 67849
52269 5585 5776 3 57328 57329 60953
52270 5844 5503 4 57330 57327 70034 69941
52271 5844 5585 5 57327 57329 69639 69726 69724
52272 4422 4517 6 57331 57333 69674 69767 69694 69693
52273 4661 4396 5 57336 57334 57347 59275 59304
52274 4661 4633 4 57334 57335 57369 57346
52275 5407 5200 5 57341 57342 68051 67982 67980
52276 5407 5297 5 57339 57341 69859 69210 68980
52277 5200 5198 5 57340 57342 68050 69305 69233
52278 5630 5557 4 57344 57343 69296 70186
52279 4422 4661 5 57346 57347 59117 59118 57370
52280 4422 4396 8 57347 57345 69672 69694 69688 61641 59002 59003
52281 4422 4633 6 57345 57346 57368 59280 59277 61704
52282 4763 4806 7 57349 57350 68635 68636 68628 68629 68836
52283 4763 4574 8 57350 57351 68811 61292 61291 68624 68625 68633
52284 4473 4763 3 57349 57351 68810
52285 5237 5521 5 57352 57353 67968 67924 67358
52286 5237 5277 6 57353 57354 67816 68048 68014 68013
52287 5509 5521 6 57355 57352 67359 67763 67761 57744
52288 5277 5521 5 57353 57355 57743 67753 67755
52289 4562 4730 3 57358 57359 59070
52290 4787 4764 3 57361 57362 60473
52291 4615 4798 3 57363 57360 65331
52292 4685 4641 7 57364 57365 61393 61396 67742 67567 57395
52293 4685 4783 7 57365 57366 64818 67594 68542 67523 67522
52294 4924 4783 4 57366 57367 67575 64819
52295 4924 4685 5 57364 57366 64817 67881 57396
52296 4783 4641 5 57365 57367 61235 61237 67546
52297 4773 4661 7 57369 57370 67796 67795 67749 67750 67798
52298 4422 4773 5 57368 57370 67811 67810 67794
52299 4978 4832 3 57375 57376 57466
52300 4978 4729 5 57374 57375 57555 57543 57384
52301 4883 4772 3 57385 57383 57621
52302 4883 4729 6 57383 57384 57544 57545 59290 57630
52303 4854 5005 3 57387 57388 67840
52304 4389 3892 4 57390 57391 58988 57943
52305 4389 3668 4 57391 57389 57906 58987
52306 4389 4258 7 57389 57390 57942 58678 58133 58132 57905
52307 4476 4618 6 57393 57394 69615 69543 69542 69669
52308 4476 4899 4 57394 57392 69560 69617
52309 4476 4738 5 57392 57393 69657 60041 60040
52310 4666 4685 8 57395 57396 67543 67545 67547 67861 67892 67568
52311 5593 5839 7 57398 57399 57624 57625 67631 67641 67652
52312 4766 4912 4 57401 57402 69981 57461
52313 4718 4766 4 57400 57402 69982 69731
52314 4912 4706 4 57401 57403 57435 57462
52315 4561 4258 4 57404 57405 59329 59299
52316 4611 4258 6 57406 57404 59300 59147 58679 58678
52317 4423 4258 5 57405 57406 57942 57941 59327
52318 4739 4718 5 57408 57409 69985 60851 57710
52319 4912 4604 5 57410 57407 59270 69545 69417
52320 4912 4739 4 57407 57409 67784 59269
52321 4718 4604 7 57408 57410 69416 61706 61705 69635 57711
52322 4739 4963 4 57411 57412 60943 60944
52323 4868 4766 7 57415 57416 69587 69588 69815 69978 57461
52324 4592 4396 3 57417 57418 57570
52325 4519 4396 6 57418 57419 59318 59283 59281 57579
52326 4706 4613 3 57420 57421 69748
52327 4617 4613 6 57421 57422 57481 60033 69747 69750
52328 4613 4718 6 57420 57422 57479 57711 57710 60852
52329 3921 3524 4 57427 57428 58108 57757
52330 3860 3524 5 57428 57429 58208 58471 58109
52331 3860 3330 4 57429 57426 57645 58207
52332 3974 4374 4 60156 57430 57431 -1
52333 4483 4374 5 57431 57432 60321 60322 -1
52334 4374 4073 7 57430 57432 70000 60082 60070 60072 60153
52335 1790 2525 6 57436 57437 142379 131291 131292 132890
52336 1790 2233 6 57437 57438 137595 127387 127385 132670
52337 2725 1790 4 57436 57438 142393 132891
52338 4182 3931 7 57440 57441 57530 59308 59321 59322 59360
52339 4138 3813 9 57442 57439 59142 59035 58430 58432 59123 59078 58999
52340 4138 4182 3 57439 57441 57531
52341 3931 3813 7 57440 57442 58802 58800 59524 59351 59352
52342 4231 4297 5 57446 57444 81177 81330 81047
52343 4260 4297 3 57445 57446 81046
52344 3509 3458 7 57447 57448 82540 82541 82581 82667 81600
52345 3509 3331 3 57448 57449 82668
52346 3042 3509 6 81601 57447 57449 82486 82484 -1
52347 4375 4619 5 57452 57453 69439 69438 70272
52348 4508 4375 5 57451 57453 71460 82806 67550
52349 5473 5303 4 57454 57455 57635 57664
52350 4638 4613 4 57458 57459 69630 69631
52351 4505 4613 4 57459 57460 69671 69785
52352 4613 4514 9 57458 57460 60957 60956 69676 60031 60033 59772 59771
52353 4729 4601 5 57463 57464 58780 58950 57628
52354 5201 5414 5 57471 57472 67773 69392 69727
52355 4182 4519 8 57474 57475 59359 59322 59320 59307 59305 59318
52356 4406 4321 6 57477 57478 60839 60837 60908 61418
52357 4406 4539 5 57478 57476 69466 69468 69599
52358 4458 4718 5 57479 57480 57534 59284 69635
52359 4613 4458 6 57479 57481 60031 61683 61606 61605
52360 5967 4507 3 57482 57483 -1
52361 4934 5239 4 57484 57485 69606 69758
52362 4934 5274 6 57485 57486 70006 69600 67820 67821
52363 5074 4934 6 57484 57486 69975 69974 70058 69757
52364 4138 3802 6 57487 57488 58432 58433 61805 58835
52365 4138 3545 3 57488 57489 59123
52366 5084 4970 4 57492 57493 67830 62426
52367 5084 4963 4 57493 57490 67831 67829
52368 5084 5116 5 57490 57492 62425 69846 69717
52369 4970 4963 6 57491 57493 67828 67834 60945 60943
52370 554 139 3 57499 57500 142971
52371 5166 4891 3 57501 57502 57649
52372 4883 4891 8 57502 57503 57614 59199 59200 59295 57545 57547
52373 4891 5212 8 57501 57503 57613 59205 57955 57954 57965 57650
52374 4649 2860 5 57508 57507 142218 142217 142257
52375 3391 3263 4 57512 57513 59607 60730
52376 3496 3263 7 57513 57514 59170 60295 60250 60252 59609
52377 3496 3249 3 57514 57511 59169
52378 3496 3391 5 57511 57513 59608 60594 59606
52379 3263 3249 5 57512 57514 59168 60287 60284
52380 3566 3532 4 57515 57516 63332 63490
52381 3532 3313 3 57515 57517 63195
52382 4016 4089 5 57520 57521 59213 57718 57715
52383 4016 3929 4 57521 57518 60318 59211
52384 4089 3929 4 57519 57521 59212 60004
52385 5468 5122 3 57523 57525 57940
52386 3940 3681 5 57526 57527 60811 60812 61845
52387 3940 4097 6 57527 57528 58042 58040 67000 62404
52388 3777 4097 5 57528 57529 66624 62403 59186
52389 3777 3681 5 57529 57526 61846 62655 66623
52390 3777 3940 5 57526 57528 59185 61675 61673
52391 4097 3681 8 57527 57529 62382 62383 67109 67087 66547 62405
52392 5033 5236 3 57540 57541 67824
52393 4399 4046 6 57550 57551 67490 67539 67428 61588
52394 4294 4046 4 57551 57552 61916 61915
52395 4729 5062 4 57553 57554 57555 57556
52396 4507 4868 3 57557 57558 57560
52397 1720 1514 7 57562 57563 140749 138062 138063 127794 58794
52398 1539 1514 11 57565 57562 58796 126154 138451 60383 60385 125940 141678 141681 141776
52399 1539 1720 3 57562 57564 58795
52400 1868 1514 3 57563 57565 141775
52401 3152 3284 4 57567 57568 59841 59849
52402 3152 3233 5 57568 57566 138379 59824 59822
52403 3152 3087 6 57566 57567 59865 59863 59864 138378
52404 4592 4832 8 57569 57570 57578 58952 58951 58822 58823 58911
52405 4832 4207 3 57569 57571 58912
52406 4730 4601 4 57573 57574 57628 58949
52407 4772 4730 6 57572 57574 57629 57621 57619 57618
52408 4266 4271 4 57576 57577 59057 59004
52409 4266 4193 7 57577 57575 60864 60865 60739 60737 59263
52410 4266 4396 5 57575 57576 59002 61640 61713
52411 4507 4519 7 57581 57582 57583 59285 59320 58865 58864
52412 5260 5212 4 57586 57587 57651 57603
52413 5565 5212 5 57587 57588 57634 57633 57648
52414 5565 5166 3 57588 57585 57639
52415 5507 5473 5 57589 57590 57632 57636 57635
52416 2406 2693 7 57591 57592 132045 132044 140024 140217 137438
52417 2731 2349 3 57593 57594 64306
52418 5263 5204 4 57598 57600 57787 58054
52419 3040 3194 6 57604 57605 58555 58554 58789 141734
52420 3040 2946 6 57605 57606 138233 138236 57907 57910
52421 3053 3040 3 57604 57606 141917
52422 5752 6110 3 57609 57607 -1
52423 3931 4270 7 57610 57611 59326 59330 57668 57670 59346
52424 4891 4975 3 57613 57614 59201
52425 5468 5260 5 57615 57616 57631 57652 57651
52426 4730 4978 4 57619 57620 57659 57622
52427 4730 4883 7 57621 57622 57655 57656 59146 59262 57630
52428 5654 5530 8 57626 57623 67601 67639 67686 67082 67084 67689
52429 5654 5593 4 57623 57625 67632 67600
52430 4730 4729 4 57628 57629 57630 58948
52431 6453 5336 4 57641 57642 57968 57903
52432 3860 3349 5 57645 57643 58495 58153 58154
52433 5260 4883 4 57653 57654 57655 57663
52434 4978 5260 4 57657 57658 57659 57663
52435 5260 5300 3 57660 57661 57662
52436 4270 4561 6 57668 57669 59323 59324 59329 59331
52437 3931 4507 5 57670 57671 59321 58865 58863
52438 3931 4561 4 57671 57668 59309 59308
52439 4507 4561 6 57669 57671 59319 59285 59209 59208
52440 4364 4223 12 57674 57675 71424 71398 69243 69244 71149 71150 79807 79808 71475 69520
52441 4364 4367 4 57675 57676 82768 82813
52442 4343 4364 6 57674 57676 82653 82655 71576 69521
52443 3121 3734 5 57680 57682 66702 66701 132718
52444 3602 3748 5 57683 57684 62766 62934 62765
52445 3666 3816 4 57685 57686 62088 66618
52446 3666 3748 4 57686 57683 62105 62086
52447 3666 3602 5 57683 57685 64692 61213 61214
52448 3816 3748 7 57684 57686 62087 61536 61538 61851 62055
52449 5736 5544 5 57689 57690 57699 57700 57696
52450 6044 4637 5 57692 57693 58642 58645 57740
52451 4637 4649 4 57691 57693 58640 57927
52452 5544 5926 3 57700 57701 57702
52453 5163 5239 6 57705 57706 69759 69758 69972 69561
52454 5163 5415 5 57706 57707 69224 69745 70008
52455 5353 5239 3 57708 57705 69562
52456 4613 4604 6 57709 57711 61605 61604 69690 69756
52457 5581 5504 4 57712 57713 67447 68077
52458 4190 4193 4 57716 57717 60865 59397
52459 4193 4089 5 57716 57718 60002 60003 59399
52460 2014 2099 6 57721 57722 137432 137694 133343 133342
52461 2014 1649 4 57722 57723 132395 137433
52462 2091 1649 6 57723 57724 135723 129929 129930 132060
52463 2091 2014 7 57721 57723 132394 133784 137839 137831 137135
52464 3447 3668 4 57730 57732 58649 58648
52465 3624 3892 5 57731 57733 58870 58877 57821
52466 4631 4374 7 57734 57735 59428 70070 60320 60321 70000
52467 4277 4374 6 57735 57736 60070 59367 59368 59430
52468 4374 4249 3 57734 57736 60082
52469 5057 5113 8 57737 57738 57770 57752 57750 57748 67560 67559
52470 5499 5218 5 57741 57742 57856 57803 57802
52471 5462 5521 3 57743 57744 67757
52472 5462 5509 6 57744 57745 67736 67732 67733 67759
52473 5277 5462 8 57743 57745 67400 67362 67361 67381 67738 67758
52474 4881 5113 3 57748 57749 67712
52475 5057 5334 7 57751 57752 57769 57772 57804 57805 60228
52476 3720 3887 5 57759 57760 62184 59187 57896
52477 5648 5218 6 57762 57763 57791 57856 57765 57764
52478 5336 6215 4 57766 57767 57968 57873
52479 5057 5316 3 57769 57770 57771
52480 5222 5277 6 57775 57776 67754 67755 68013 67698
52481 4334 5008 3 57778 57779 67069
52482 5008 4810 7 57778 57780 58240 57848 57850 58256 66939
52483 5383 4953 6 57781 57782 67093 67094 67597 66990
52484 4953 5408 3 57781 57783 66989
52485 5204 4801 4 57786 57787 58026 57886
52486 5336 5473 4 57788 57789 57973 58015
52487 5212 5336 5 57788 57790 57964 57965 58014
52488 5334 5218 4 57791 57792 57804 57803
52489 5206 5222 6 57793 57794 67715 67969 67727 67725
52490 5206 5278 6 57794 57795 67524 67525 67729 67714
52491 4956 5206 6 57793 57795 59242 59239 67391 67724
52492 4075 4106 8 57797 57798 61800 62421 62291 62027 62026 62463
52493 4075 4387 5 57796 57797 58039 58041 67125
52494 5334 5499 4 57803 57805 60226 57857
52495 4556 4661 6 57807 57808 57879 67796 59118 58853
52496 4556 4777 4 57808 57806 61204 57878
52497 3912 3693 6 57812 57810 58057 58593 58568 58569
52498 3912 3900 5 57810 57811 58332 58345 58056
52499 4714 4703 5 57814 57815 66969 66965 58193
52500 4703 4853 4 57814 57816 66756 58194
52501 5577 3910 5 57817 57818 58314 58321 58323
52502 3624 4569 3 57820 57821 58879
52503 4569 3892 7 57819 57821 58878 58873 58875 59143 58988
52504 2860 4394 5 57824 57825 142217 142274 59370
52505 2860 6044 4 57825 57826 142236 142218
52506 3678 6044 6 57826 57827 57872 155980 142240 142237
52507 5336 4891 4 57828 57829 57965 58008
52508 5122 4891 7 57829 57830 58004 59197 57928 57931 57954
52509 5506 5423 9 57838 57839 67081 67619 67628 67626 67369 67368 67657
52510 5506 5383 4 57839 57836 67634 67080
52511 5506 5447 4 57836 57838 67612 67614
52512 5423 5383 5 57837 57839 67079 67597 67622
52513 10908 11064 8 57841 57842 146836 146837 154803 154185 154186 154538
52514 10981 11090 6 57843 57844 132860 132649 132651 154478
52515 10981 11064 7 57844 57841 154539 154904 154918 154914 154913
52516 10981 10908 4 57841 57843 154477 154495
52517 11090 11064 3 57842 57844 146840
52518 4810 5295 3 57848 57849 58266
52519 4810 5065 6 57849 57850 58254 58220 58218 58267
52520 5008 5065 4 57850 57851 66736 58257
52521 5008 5295 6 57851 57848 58223 58225 66253 66926
52522 5324 5658 3 57854 57855 58274
52523 5815 5457 4 57858 57859 67640 57951
52524 3678 3291 3 57861 57862 155986
52525 3723 3188 3 57864 57863 57945
52526 2350 2749 4 57867 57868 60444 60442
52527 2627 2287 7 57869 57866 141343 141376 141747 141303 141297
52528 2627 2350 4 57866 57868 141093 141342
52529 2261 2445 7 57874 57875 141718 141939 141902 138301 138302
52530 2261 2795 4 57875 57876 136743 136741
52531 2627 2445 4 57877 57874 138384 137366
52532 2627 2261 5 57874 57876 141747 141749 141783
52533 4430 4252 5 57880 57881 58016 67254 67238
52534 3620 3723 5 57883 57884 66500 66499 66698
52535 3887 3879 6 57885 57882 58197 66697 67038 58330
52536 3887 3620 3 57882 57884 58196
52537 3723 3879 4 57883 57885 58331 66650
52538 3123 2827 8 57892 57893 58985 58723 58719 58720 141736 132373
52539 2827 3044 5 57891 57893 59027 141822 141823
52540 5295 5723 4 57894 57895 66836 66835
52541 4041 3720 6 57896 57897 58812 58986 59000 59188
52542 4777 5118 3 57898 57899 58182
52543 3213 3093 5 57902 57900 58670 58667 141952
52544 2992 3040 6 57907 57908 141741 141991 141817 141798
52545 2992 3204 6 57908 57909 141813 141996 142014 141742
52546 2946 2992 4 57907 57909 141763 141762
52547 3204 3040 5 57908 57910 58555 58553 58935
52548 2704 2893 3 57912 57913 63206
52549 2731 2893 4 57913 57914 62648 62649
52550 2893 2693 9 57912 57914 63072 63073 140331 60511 60509 60344 60345
52551 3429 3799 4 57915 57916 62650 62682
52552 3429 3590 6 57916 57917 64311 64312 66507 62651
52553 3507 3590 4 57917 57918 64167 64165
52554 3507 3799 7 57918 57915 66627 66645 66604 66603 66602
52555 3507 3429 5 57915 57917 66478 66165 66164
52556 3590 3799 5 57916 57918 63696 63697 62652
52557 4271 4608 6 57919 57920 59163 61547 61546 58852
52558 2193 2469 7 57923 57924 141476 141339 141340 141279 141280
52559 2193 2528 6 57924 57925 141482 141483 141485 141477
52560 2229 2193 8 57923 57925 141484 141479 137705 137704 137017 137016
52561 4891 4880 4 57930 57931 57955 59204
52562 4891 4569 3 57928 57930 59203
52563 11029 11443 7 57933 57934 155461 141744 141743 155588 142300
52564 11029 10890 4 57934 57932 133116 155542
52565 11029 10530 5 57932 57933 142299 155451 133115
52566 959 1348 5 57935 57936 66550 142444 132871
52567 959 1947 3 57936 57937 66551
52568 1098 1947 7 57937 57938 155508 142347 133106 58543 58544
52569 1098 1348 4 57938 57935 132873 155507
52570 1098 959 7 57935 57937 142328 142327 141404 141403 132872
52571 1947 1348 8 57936 57938 154827 142499 142498 142528 142526 66552
52572 5122 5212 4 57939 57940 57964 57954
52573 4389 4423 5 57942 57943 59166 59171 58848
52574 3374 3188 9 57945 57944 58363 58970 141971 66505 62414 58297 58296
52575 4175 3712 3 57947 57948 58422
52576 3898 3912 3 57949 57946 58094
52577 3898 4175 7 57946 57948 58421 58135 58120 58096 58095
52578 3712 3912 6 57947 57949 57998 58000 58469 58470
52579 4019 4624 6 57957 57958 59071 58165 58068 58067
52580 2696 2479 5 57959 57960 126669 140982 141180
52581 2696 2763 4 57960 57961 127230 126670
52582 2944 2763 7 57961 57962 140095 140594 140563 140561 127231
52583 2944 2479 6 57962 57959 141182 140541 140091 140092
52584 2944 2696 5 57959 57961 59010 59009 141181
52585 2763 2479 6 57960 57962 140094 59456 59455 59842
52586 5122 4608 4 57966 57967 57976 57992
52587 3261 3289 6 57970 57971 59763 59651 59649 59568
52588 3204 3144 7 57972 57969 59566 59565 59744 59746 141996
52589 3204 3261 3 57969 57971 59795
52590 3289 3144 5 57970 57972 142012 59538 59535
52591 4611 4389 4 57977 57975 58848 58678
52592 4611 5122 5 57975 57976 58002 58004 59172
52593 4672 4511 8 57981 57982 72771 77367 77594 68964 68965 69003
52594 4250 4578 6 57983 57984 63884 63883 64847 64849
52595 4250 4511 6 57984 57981 69004 73364 63816 63818
52596 4250 4672 5 57981 57983 77353 65879 65880
52597 4578 4511 4 57982 57984 72840 72772
52598 3312 3044 6 57988 57986 141829 59029 58747 58472
52599 3312 3082 3 57986 57987 141828
52600 5143 4608 5 57989 57990 57991 57992 58005
52601 5621 5366 4 57993 57994 58282 58031
52602 4019 3712 3 57998 57999 58093
52603 3860 3912 3 58000 57997 58471
52604 5143 4611 3 58002 58003 58005
52605 5336 5137 5 58007 58008 58014 58015 58009
52606 4430 4460 4 58016 58017 66977 66976
52607 5217 4535 4 58018 58020 58241 58035
52608 5008 5243 4 58019 58021 58223 58240
52609 11404 36 5 58022 58023 58522 132794 154721
52610 11404 11556 7 58023 58024 154183 152989 152990 154171 58523
52611 11702 11404 5 58022 58024 142578 66833 66832
52612 11556 36 4 58023 58025 132447 58524
52613 10326 10530 8 58027 58028 155543 131137 131138 133114 133115 152796
52614 10326 9930 3 58028 58029 142659
52615 9891 10326 5 58027 58029 142660 142763 152797
52616 4387 3940 5 58039 58040 67130 67131 67609
52617 4387 4097 5 58040 58041 67610 67128 67127
52618 4075 4097 4 58041 58042 59186 62402
52619 4075 3940 6 58042 58039 62463 62460 62337 59185
52620 5450 7186 4 58044 58045 58285 58048
52621 4175 4110 4 58046 58047 58120 58050
52622 6203 5450 3 58048 58049 58279
52623 3524 3912 7 58056 58057 58468 58469 58471 58485 58486
52624 5053 5971 4 58060 58061 58303 58302
52625 5053 6430 5 58061 58062 58063 58080 58195
52626 4979 5577 5 58069 58071 58327 58260 58261
52627 4726 5324 3 58073 58074 58246
52628 4858 5344 9 58082 58083 67246 67247 68312 67337 67156 67008 67009
52629 4858 4770 8 58083 58084 66231 66230 65231 64966 64969 67244
52630 4697 5344 5 58085 58082 65272 65209 65108
52631 4697 4858 6 58082 58084 67239 65060 65057 65457
52632 4770 5344 3 58083 58085 65109
52633 4224 4760 3 58087 58088 66940
52634 4224 4810 4 58088 58086 66712 66939
52635 4224 5008 8 58089 58090 66956 66958 67011 66940 66939 67069
52636 2509 1211 3 58091 58092 132721
52637 2853 2855 5 58097 58098 60114 59876 59874
52638 2853 2866 4 58098 58099 60034 60212
52639 2866 2855 4 58098 58100 115471 60213
52640 1984 1353 3 58102 58103 133058
52641 1622 1984 6 58101 58103 132775 132774 133056 66401
52642 3334 3339 6 58104 58105 60547 60633 61890 61891
52643 3334 3176 4 58105 58106 61991 60546
52644 3209 3176 6 58106 58107 59809 140319 137419 61992
52645 3209 3339 4 58107 58104 60437 59808
52646 3176 3339 9 58105 58107 58925 58922 60685 60659 60658 60635 60548
52647 4019 3524 4 58108 58109 58485 58484
52648 3269 3074 4 58110 58111 66571 66573
52649 3010 3074 6 58111 58112 62289 64264 64266 64267
52650 3074 3009 6 58110 58112 62287 135735 66565 66564
52651 3706 3653 5 58115 58113 59153 59794 59810
52652 3822 3653 3 58114 58115 59811
52653 3600 3727 5 58117 58118 62044 62042 62173
52654 3778 3777 4 58119 58116 62207 61920
52655 3778 3600 4 58116 58118 62694 62770
52656 3727 3777 7 58117 58119 61919 62328 61675 61674 62174
52657 4433 5675 6 58124 58125 58320 66934 66873 66871
52658 4035 3874 7 58127 58128 61865 61866 61932 62488 62246
52659 4172 3874 3 58128 58129 61681
52660 4172 4035 7 58126 58128 61867 59130 59129 61962 61665
52661 3874 4030 6 58127 58129 61680 62109 62393 62247
52662 4608 4138 6 58134 58131 59148 59163 61812 58849
52663 4608 4258 3 58131 58133 58679
52664 4389 4138 3 58132 58134 58691
52665 4358 3860 3 58136 58137 61100
52666 4358 4608 5 58139 58140 67208 62295 61809
52667 4777 4358 7 58138 58140 67576 58183 58182 58209 58205
52668 4224 3723 4 58142 58143 58331 66651
52669 3723 4118 4 58142 58144 58174 66696
52670 3368 3369 6 58145 58146 58981 62348 62786 62107
52671 3252 3369 4 58147 58145 58887 58886
52672 3362 3369 5 58146 58147 61764 61765 58983
52673 2964 2870 5 58149 58150 142506 132647 132648
52674 2111 2870 7 58150 58151 58811 142307 142409 142411 142507
52675 2111 2300 8 58151 58148 142514 142515 142581 142385 141851 58809
52676 2111 2964 3 58148 58150 142505
52677 2870 2300 4 58149 58151 58810 133075
52678 3712 3349 5 58154 58152 58368 58647 58439
52679 9676 8681 5 58159 58160 153852 153853 133113
52680 4189 4065 7 58161 58162 67053 67068 67065 67064 67099
52681 4189 3799 7 58162 58163 67057 67110 67036 67035 67054
52682 3470 3799 6 58163 58164 66646 66645 66442 66443
52683 3470 4065 6 58164 58161 66765 66764 66844 66841
52684 3470 4189 4 58161 58163 67056 67100
52685 3799 4065 3 58162 58164 66842
52686 7282 5525 5 58166 58167 58286 58249 58248
52687 4224 4358 3 58169 58168 58265
52688 3879 4278 3 58170 58171 62759
52689 4224 4002 3 58172 58173 58284
52690 3713 4118 7 58174 58175 58355 58474 58477 58475 66642
52691 5585 5707 5 58178 58179 70027 70024 70023
52692 5742 5585 7 58177 58179 70025 69875 69816 69639 60953
52693 5525 6551 5 58180 58181 58213 58248 58618
52694 4358 4945 4 58183 58184 66687 66688
52695 5118 4358 5 58182 58184 67591 58212 58211
52696 5082 4838 7 58185 58186 67119 67307 67308 67310 64973
52697 5509 5602 5 58188 58189 69795 67767 67665
52698 5509 5687 7 58189 58190 67443 67442 67919 67920 69826
52699 5755 5509 6 58188 58190 67650 67760 67733 67664
52700 4714 4465 5 58192 58193 66209 66207 66744
52701 3558 3887 6 58196 58197 60813 58429 58428 60847
52702 726 1098 5 58199 58200 155509 142347 58516
52703 726 483 4 58200 58201 155376 155488
52704 711 1098 5 58202 58199 58518 142472 141964
52705 711 726 5 58199 58201 133048 58629 58517
52706 3283 3244 7 58203 58204 62870 62871 65883 66866 66852
52707 3712 3330 4 58206 58207 58439 58709
52708 4358 5049 3 58209 58210 58211
52709 4538 4502 8 58214 58215 62292 67606 66993 66994 67154 67063
52710 4502 4275 3 58214 58216 66979
52711 5423 4810 4 58217 58218 66917 66988
52712 4953 5065 6 58219 58220 58255 62243 62245 66968
52713 4963 5055 5 58221 58222 67786 67787 69323
52714 5295 5217 7 58224 58225 66252 67016 67017 67002 66984
52715 5408 5278 3 58228 58229 67440
52716 5278 5383 5 58227 58229 65083 65081 67707
52717 5754 5036 3 58230 58231 66960
52718 5506 5065 3 58232 58233 67619
52719 5506 5754 4 58233 58234 66978 67628
52720 5615 5065 4 58235 58232 66966 66968
52721 4275 4229 7 58236 58237 62410 67086 66840 66607 66608
52722 4275 4490 6 58237 58238 62186 62187 67010 62411
52723 4460 4490 5 58238 58239 66208 66206 62406
52724 4460 4275 4 58236 58238 58269 58268
52725 4490 4229 4 58237 58239 66879 62412
52726 3990 3162 5 58242 58244 58251 142288 142356
52727 5525 5324 7 58246 58247 58253 58273 58274 58293 58272
52728 3461 3162 5 58251 58252 142268 59666 59665
52729 5008 4760 6 58256 58257 66737 62188 62185 66940
52730 4358 4334 7 58263 58265 62129 62128 67220 67618 67078
52731 5871 5525 5 58273 58275 58294 58278 58276
52732 6203 5525 7 58277 58278 58290 58289 58288 58279 58281
52733 5525 5621 3 58280 58281 58282
52734 5525 7186 4 58285 58286 58287 58288
52735 5525 6256 4 58290 58291 58292 58294
52736 3388 3374 5 58297 58298 66669 62653 62415
52737 3388 3165 4 58298 58295 66511 66700
52738 3388 3188 5 58295 58297 62413 132372 66510
52739 3520 3795 4 58299 58301 58419 58356
52740 1458 2023 5 58304 58305 133597 133599 133600
52741 1458 1804 4 58305 58306 133589 133591
52742 1218 1804 9 58306 58307 62798 132538 66413 65674 65676 132526 133638
52743 1218 2023 3 58307 58304 62797
52744 1218 1458 7 58304 58306 133636 133605 133576 133471 133473
52745 1804 2023 6 58305 58307 62796 132344 64287 64284
52746 7774 3910 4 58314 58316 155413 58322
52747 2233 2019 4 58325 58326 142130 142131
52748 4726 4496 4 58328 58329 58561 58608
52749 376 511 5 58336 58337 132610 132615 132616
52750 376 811 8 58337 58338 132483 58578 58579 132621 132012 132013
52751 194 811 4 58338 58339 132142 132484
52752 194 376 6 58336 58338 132482 154189 154881 132806
52753 2870 3093 5 58341 58342 58452 58453 141930
52754 2870 3271 5 58342 58343 142263 142261 142358
52755 2233 3271 3 58343 58344 141664
52756 2233 2870 7 58341 58343 142305 141844 141843 142307 142308
52757 902 495 3 58346 58347 142343
52758 3162 3059 3 58351 58352 59666
52759 3162 2509 9 58352 58350 155728 142260 142259 142273 142269 142271 142268
52760 3162 2577 6 58350 58351 59665 142288 142357 155727
52761 3282 3549 5 58357 58358 66708 62912 62913
52762 175 11443 7 58361 58359 154887 154886 143000 141745 141744
52763 2678 2597 5 58364 58365 133041 137286 136536
52764 2678 2955 6 58365 58366 135970 66516 62872 62873
52765 2578 2955 6 58366 58367 132508 66530 66528 133336
52766 2578 2678 6 58364 58366 137061 137290 137296 136537
52767 2955 2597 4 58365 58367 66445 66444
52768 5513 6658 5 58369 58370 58386 58638 58662
52769 11500 11584 5 58371 58372 156250 156238 132765
52770 11489 11584 6 58372 58373 146611 156151 156245 156249
52771 11584 11461 4 58371 58373 146597 132766
52772 337 826 5 58374 58375 142146 142147 142715
52773 1432 337 4 58374 58376 142742 142741
52774 846 826 4 58375 58377 143316 143304
52775 5513 6215 3 58378 58379 58662
52776 2976 3165 3 58381 58382 132535
52777 3282 2530 6 58383 58380 133060 133070 142396 142362
52778 3282 2976 6 58380 58382 132753 62910 62912 133059
52779 3165 2530 5 58381 58383 132893 66788 66790
52780 11858 11605 5 58384 58385 155341 155483 153560
52781 1938 8591 4 58389 58390 155032 133691
52782 6534 1938 5 58388 58390 155031 132103 66590
52783 8591 4720 4 58389 58391 66295 66301
52784 10298 10353 3 58393 58394 154025
52785 10353 10402 6 58392 58394 154444 154286 146096 144429
52786 3520 4278 5 58397 58398 58408 58407 58565
52787 5907 5225 3 58399 58400 58562
52788 4101 4002 4 58404 58405 62605 66720
52789 3910 4002 4 58409 58406 66928 58420
52790 3914 3620 4 58416 58417 66704 66637
52791 3914 3482 5 58415 58416 66635 66851 133130
52792 3910 3795 4 58418 58419 58420 66927
52793 3713 4175 5 58421 58422 58481 58482 58474
52794 3573 3940 6 58426 58427 61845 61673 60627 60628
52795 3573 3558 7 58427 58428 60846 62628 62678 62438 62341
52796 3887 3940 7 58429 58426 59187 59189 67001 62404 60811
52797 3887 3573 4 58426 58428 60845 62184
52798 3558 3940 3 58427 58429 60812
52799 3813 4122 6 58430 58431 60709 59313 59312 59034
52800 3813 3802 5 58431 58432 59167 61755 61579
52801 4138 4122 4 58433 58430 59036 61804
52802 3802 4122 6 58431 58433 61803 62465 59084 59085
52803 3511 3349 4 58434 58435 58726 58724
52804 4629 4592 4 58437 58438 58952 58779
52805 3512 3510 5 58441 58442 59355 59612 59559
52806 3312 3663 4 58444 58446 59115 59116
52807 2829 2740 8 58447 58448 141946 133198 132792 131327 131328 133194
52808 2829 2518 4 58448 58449 132867 141935
52809 2297 2518 10 58449 58450 141950 141949 141932 141667 62608 58826 58827 132868
52810 2297 2740 4 58450 58447 141954 141953
52811 2297 2829 4 58447 58449 132582 132584
52812 2870 3070 5 58453 58454 132648 133075 133076
52813 3070 3093 8 58453 58455 58542 58900 58917 141724 141756 141931
52814 906 1373 5 58457 58458 141536 141537 143414
52815 1003 1373 6 58459 58457 143418 143400 141242 141240
52816 1066 1373 5 58458 58459 141575 143321 143248
52817 2767 3044 7 58460 58461 141888 142035 142036 142047 142050
52818 3044 2939 3 58460 58462 142016
52819 1362 1349 6 58463 58464 141608 141688 138286 138287
52820 1362 1324 4 58464 58465 142720 141609
52821 1136 1324 4 58465 58466 132572 142628
52822 1136 1349 8 58466 58463 141666 141665 141689 141691 141690 132571
52823 1136 1362 6 58463 58465 131253 131252 138448 138447
52824 3912 3713 6 58468 58470 58481 58479 58478 58593
52825 3713 4002 4 58476 58477 58482 58479
52826 4002 3912 4 58479 58480 58569 58483
52827 3912 3795 3 58478 58480 58568
52828 11731 44 7 58487 58488 154837 154838 133727 133726 133094
52829 11731 9 7 58488 58489 132956 132957 132523 132521 155257
52830 511 11731 3 58487 58489 133090
52831 2361 3165 5 58490 58491 142293 142361 142359
52832 3017 3165 5 58491 58492 58972 58971 141923
52833 3165 2803 5 58490 58492 59642 132886 132884
52834 3921 3802 5 58493 58494 58836 58835 61819
52835 2055 1516 4 58496 58497 138064 130970
52836 2725 2671 8 58498 58499 58962 58963 141755 127356 58890 58891
52837 2725 2827 3 58499 58500 132373
52838 3291 2656 5 58503 58504 58834 142025 137403
52839 3291 3892 7 58504 58501 59349 58842 58841 58867 58832
52840 2656 3892 3 58502 58504 58833
52841 3368 3199 5 58506 58507 62053 62384 62671
52842 3469 3600 6 58508 58505 62173 62172 62693 62673
52843 3469 3368 6 58505 58507 58982 58981 62347 62667
52844 867 629 7 58510 58511 58582 142125 142157 143337 143383
52845 820 629 6 58512 58510 143380 143190 143151 143153
52846 1163 629 3 58511 58512 58584
52847 236 1622 3 58514 58515 132157
52848 1622 711 11 58517 58518 132779 132781 132828 132778 132156 132157 132626 132625 58631
52849 1622 1098 4 58518 58516 133106 133107
52850 1622 726 5 58516 58517 58630 142372 142348
52851 3696 4106 8 58519 58520 62462 62026 61894 61895 62171 62466
52852 3696 3720 7 58520 58521 59091 58787 58785 62397 62461
52853 11556 11628 6 58523 58524 146482 154728 146506 146508
52854 3126 3247 6 58525 58526 137302 62512 62515 62552
52855 3216 3126 4 58525 58527 62387 62389
52856 3053 3247 3 58526 58528 137303
52857 2883 2305 9 58529 58530 132046 132049 133594 132953 66185 66188 133228
52858 3439 2305 4 58532 58529 133294 66421
52859 3439 2883 6 58529 58531 62323 133553 133552 133558
52860 2790 2651 7 58533 58534 132681 66807 66806 132213 132845
52861 2790 1946 8 58534 58535 66430 66431 137322 62494 62497 132682
52862 1744 2790 5 58533 58535 132450 132945 141861
52863 1946 2651 3 58534 58536 66754
52864 1947 2156 6 58537 58538 142395 142399 142477 142526
52865 1947 3282 5 58538 58539 142321 142322 142396
52866 2361 3282 5 58539 58540 142361 142437 142510
52867 2361 2156 7 58540 58537 142529 142167 132841 132840 142359
52868 2361 1947 4 58537 58539 142509 142528
52869 3282 2156 4 58538 58540 142360 142362
52870 1098 1892 3 58544 58545 142328
52871 1609 1947 5 58546 58543 133108 141717 142399
52872 1609 1098 6 58543 58545 142327 142468 142472 133107
52873 1892 1947 5 58544 58546 142477 66552 66551
52874 2969 2523 8 58547 58548 141286 141287 141288 142144 141833 141835
52875 2969 2473 3 58548 58549 58894
52876 3291 2523 4 58550 58547 141284 58777
52877 2473 2523 5 58548 58550 58776 142082 141841
52878 3165 2964 5 58551 58552 141923 142293 142185
52879 711 966 8 58556 58557 141964 132780 132781 132829 131894 131895
52880 483 966 7 58557 58558 132712 142441 132896 132897 141405
52881 413 11028 6 58560 58559 142134 142133 155851 155866
52882 5907 4649 5 58563 58562 58590 58612 58611
52883 724 1154 7 58570 58571 142933 142952 142932 142931 139713
52884 724 1120 7 58571 58572 141630 141632 142842 142962 142934
52885 1159 1120 5 58572 58573 142096 142098 143096
52886 1159 1154 5 58573 58570 131251 131250 142811
52887 1159 724 7 58570 58572 143239 143267 142840 141815 139714
52888 451 567 5 58575 58576 143286 143287 143462
52889 638 567 8 58576 58577 131023 131024 141499 141497 142921 142919
52890 638 451 5 58574 58576 143501 142868 142870
52891 567 420 6 58575 58577 126950 126949 142577 142576
52892 376 330 7 58579 58580 133067 142625 142623 132757 132758
52893 57 811 4 58581 58578 64918 64916
52894 57 376 4 58578 58580 132856 132604
52895 330 811 4 58579 58581 131974 132730
52896 867 1113 5 58582 58583 142074 143305 142126
52897 1113 629 5 58582 58584 143153 137849 137848
52898 9867 9787 5 58586 58587 142753 153923 153924
52899 10411 9787 5 58587 58588 142489 141661 141662
52900 10411 9867 5 58585 58587 142754 155527 155556
52901 9787 9891 3 58586 58588 155738
52902 3693 3713 4 58593 58594 132688 58595
52903 63 347 7 58596 58597 143639 143645 143505 143506 143807
52904 63 11890 4 58597 58598 144043 143640
52905 96 63 5 58596 58598 144046 143525 143526
52906 9166 9207 6 58599 58600 157912 157869 157870 157736
52907 9166 9038 4 58600 58601 157923 157919
52908 9090 9207 6 58602 58599 157737 157878 157879 153541
52909 9090 9166 5 58599 58601 157868 153415 153414
52910 4637 5907 4 58603 58604 58644 58645
52911 8791 7450 6 58606 58607 141842 142169 155660 155659
52912 8791 4649 3 58605 58606 155386
52913 9179 9733 4 58613 58614 142184 142182
52914 5225 6551 5 58615 58616 58623 58618 58617
52915 5225 3965 4 58620 58621 58624 58622
52916 205 1947 6 58625 58626 133062 154828 142499 133087
52917 3520 1947 6 58628 58625 133089 142322 142419 142353
52918 3520 205 4 58625 58627 141957 133088
52919 10119 1947 6 58626 58628 141715 141714 142291 133063
52920 726 636 8 58629 58630 133111 133109 132791 132789 142791 133047
52921 711 636 4 58631 58629 133049 133026
52922 1622 636 4 58630 58631 133025 133051
52923 2138 4496 5 58632 58633 142335 141369 141370
52924 60 11880 5 58635 58637 142904 144797 146022
52925 4394 4649 6 58639 58640 58641 142217 142275 58655
52926 4394 5907 3 58643 58644 58646
52927 3442 3668 7 58649 58650 59045 58715 58714 58781 58803
52928 964 869 6 58651 58652 142154 142290 142132 142135
52929 964 914 5 58652 58653 58761 58760 142155
52930 2019 914 4 58653 58654 142198 59042
52931 2019 964 6 58651 58653 59041 142250 155830 142209
52932 2971 2725 4 58656 58657 59862 59860
52933 2971 3213 8 58657 58658 141994 141992 142031 142026 58669 58667
52934 3171 3213 5 58660 58661 58707 142031 59857
52935 11198 10996 5 58664 58665 146694 147340 147307
52936 11194 10963 5 58666 58663 156266 156415 147667
52937 10996 10963 6 58664 58666 147666 155572 155574 147308
52938 2971 3093 4 58667 58668 59859 59862
52939 2499 2628 6 58671 58672 137046 136907 136909 137277
52940 2499 2761 4 58672 58673 135895 135896
52941 2516 2761 6 58673 58674 66724 66722 63098 63097
52942 2516 2628 6 58674 58671 137278 137279 137283 133329
52943 2218 2827 4 58681 58682 141496 138330
52944 2218 2777 6 58682 58680 137127 137129 141900 141984
52945 2218 2671 8 58680 58681 58893 58890 127358 142600 62607 62606
52946 2969 2725 5 58683 58684 59860 59861 138209
52947 2969 2409 4 58684 58685 141287 141285
52948 2233 2409 5 58685 58686 137595 137596 141289
52949 2233 2969 5 58683 58685 141288 142143 138210
52950 3511 3324 3 58688 58689 58728
52951 8791 10670 3 58694 58695 155792
52952 1211 914 3 58698 58699 142103
52953 1596 914 7 58699 58700 58761 59042 142197 142149 142105
52954 1596 885 3 58700 58697 58759
52955 1596 1211 8 58697 58699 142104 138185 138186 141845 132721 132722
52956 914 885 5 58698 58700 58760 58756 58755
52957 3152 2957 5 58701 58703 138379 138378 140128
52958 3000 3082 5 58704 58705 59781 142005 59757
52959 3082 3137 5 58704 58706 59474 59537 59536
52960 3469 3369 5 58710 58711 62143 58981 58983
52961 3314 3369 4 58713 58710 61765 59631
52962 3314 3469 6 58710 58712 62453 62645 62646 62578
52963 3415 3369 6 58711 58713 59630 62624 62786 62144
52964 3045 2827 5 58722 58723 58984 141879 141978
52965 3511 3668 3 58724 58725 58781
52966 3289 3686 4 58729 58727 58778 59059
52967 3966 4089 6 58730 58731 60001 60002 59213 59212
52968 3950 4089 5 58732 58730 60004 60965 69652
52969 2475 2473 7 58733 58734 58776 142140 142073 142071 142191
52970 3435 3233 6 58736 58737 59664 59583 59584 59822
52971 3171 3435 3 58736 58738 59823
52972 3324 3233 3 58737 58739 58916
52973 10411 9676 4 58740 58741 142488 142489
52974 2138 2577 6 58743 58744 132869 142504 155818 142357
52975 3990 2138 5 58743 58745 142335 142336 142356
52976 3966 3867 7 58748 58749 59691 59510 59382 59383 60001
52977 3867 4162 5 58748 58750 59999 60000 60005
52978 1432 1139 6 58752 58753 142060 142061 143064 143065
52979 1748 1139 8 58753 58754 143254 143350 140387 140388 140722 141727
52980 1748 1432 3 58751 58753 142109
52981 1139 1568 3 58752 58754 143227
52982 844 678 4 58757 58758 142164 142039
52983 844 914 5 58758 58755 142103 142105 142150
52984 844 885 4 58755 58757 132487 132488
52985 678 914 5 58756 58758 142163 142156 142155
52986 1596 964 5 58761 58759 132722 132723 59041
52987 962 175 5 58762 58763 132429 132428 142585
52988 3087 3022 5 58764 58765 59866 59863 59812
52989 2358 2371 5 58767 58768 116842 137546 137547
52990 2478 2371 5 58769 58767 140435 140468 115727
52991 2389 2371 5 58768 58769 115726 139315 116844
52992 2860 647 4 58770 58771 142242 142228
52993 604 190 7 58772 58773 142837 141188 141189 142809 142810
52994 604 314 9 58773 58774 142679 142678 142827 142691 142689 141618 141619
52995 90 314 4 58774 58775 142591 142881
52996 90 190 6 58775 58772 142453 142452 155546 142589
52997 314 190 4 58773 58775 142590 142632
52998 2475 2523 8 58776 58777 141283 142127 142144 142136 142137 142138
52999 4592 4729 6 58779 58780 59210 58851 58850 58951
53000 3993 4212 5 58782 58783 59994 59992 59224
53001 3993 4122 5 58783 58784 59084 62464 61096
53002 3573 3720 9 58785 58786 61770 62407 58994 58995 62184 60628 60629
53003 3194 3045 6 58788 58789 133297 133298 62481 59012
53004 4182 3972 6 58793 58790 59365 59360 59359 59361
53005 4182 3867 3 58790 58792 59286
53006 4193 3972 3 58791 58793 59056
53007 1514 1271 5 58794 58796 124874 124873 127793
53008 3293 2946 6 58797 58798 59748 59478 59476 59677
53009 3216 3293 4 58797 58799 59659 59678
53010 3706 3813 5 58800 58801 59554 59530 59525
53011 3686 3813 6 58801 58802 58999 59079 59149 59556
53012 2829 2769 3 58805 58806 131328
53013 2829 2790 8 58806 58807 141936 141969 141973 132583 132584 133194
53014 3132 2790 6 58807 58808 132359 62621 62623 132947
53015 3132 2829 6 58805 58807 66322 66324 132793 131327
53016 2790 2769 7 58806 58808 132352 62746 62748 62719 62716
53017 2300 2525 5 58809 58810 132874 132875 141850
53018 2870 2525 5 58810 58811 142308 141930 133076
53019 2525 2111 5 58809 58811 142306 124833 124832
53020 2192 1883 5 58813 58814 142078 142099 142087
53021 2192 2055 6 58814 58815 142021 142022 142089 142079
53022 2400 1883 5 58816 58813 141398 141397 126870
53023 2400 2192 6 58813 58815 59022 59024 142081 142085
53024 2876 2720 6 58818 58819 140182 139803 139802 140080
53025 2661 2720 4 58819 58820 140010 140009
53026 2661 2685 6 58820 58817 140138 140140 140197 140269
53027 2661 2876 6 58817 58819 140183 137312 137311 140144
53028 2720 2685 6 58818 58820 140270 140230 140116 140081
53029 4592 4952 3 58821 58822 58850
53030 4611 4592 6 58821 58823 59260 58837 58838 58851
53031 2671 2518 3 58825 58826 62606
53032 2297 2777 3 58827 58824 141812
53033 2297 2671 6 58824 58826 62607 142599 142162 141811
53034 2518 2777 8 58825 58827 141909 141935 141947 141974 137128 137127
53035 3561 3360 3 58829 58830 59709
53036 3755 3360 6 59546 59545 59827 58830 58831 -1
53037 3755 3233 4 58831 58828 59735 -1
53038 3291 3447 4 58834 58832 58869 58901
53039 3892 4061 5 58840 58841 58866 58881 58871
53040 3545 3686 5 58843 58844 59149 59552 59541
53041 3574 3684 3 58847 58845 60470
53042 4556 4271 6 58852 58853 59077 59075 61792 61730
53043 3948 4030 7 58854 58855 62423 62239 62237 62391 62109
53044 3948 4106 5 58855 58856 61895 61896 62291
53045 3993 4106 5 58856 58857 59994 61096 62171
53046 3993 4030 5 58857 58854 61680 61578 59992
53047 4106 4030 4 58855 58857 59993 62421
53048 2936 3137 3 58859 58860 58885
53049 2946 2856 6 58861 58858 140157 140234 141305 141301
53050 4519 3931 3 58865 58862 59322
53051 4519 3972 4 58862 58864 59342 59359
53052 3892 3271 5 58866 58867 58868 58870 58883
53053 4637 3892 4 58871 58872 58876 58882
53054 3892 4632 4 58873 58874 58876 58880
53055 3892 3965 6 58877 58878 58880 58882 58881 58883
53056 3369 3383 4 58887 58888 62624 62107
53057 3247 3369 5 58886 58888 59630 59631 61764
53058 2725 2262 5 58891 58892 132034 132891 137398
53059 2218 2725 3 58890 58892 127357
53060 2473 2971 4 58895 58894 141841 142080
53061 3093 3965 3 58896 58897 58932
53062 2971 3447 6 58901 58902 142026 142030 142028 142024
53063 1551 1516 4 58904 58905 142748 142484
53064 1551 1850 5 58905 58903 141754 142115 142638
53065 1551 1612 6 58903 58904 142483 142685 142674 141752
53066 3158 3351 7 58906 58907 62575 62579 63137 62446 62066
53067 3334 3351 5 58909 58906 60656 60655 61953
53068 3334 3158 3 58906 58908 62067
53069 4592 4661 3 58910 58911 59260
53070 10125 10026 3 58915 58913 147776
53071 3246 3169 5 58918 58919 59620 59619 60162
53072 3246 3325 5 58919 58920 59251 59297 59548
53073 3397 3169 4 58921 58918 59904 59903
53074 3397 3246 6 58918 58920 59252 59623 60755 60163
53075 3422 3339 7 58922 58923 59679 61515 59442 59443 60591
53076 3422 3260 5 58923 58924 60673 60727 59680
53077 3176 3422 4 58922 58924 60672 60715
53078 3260 3339 4 58923 58925 59808 59681
53079 3650 3747 6 58926 58927 61974 61972 62034 62035
53080 3650 3696 5 58927 58928 60808 60809 62096
53081 3874 3747 8 58929 58926 62487 62488 62491 62378 62379 60477
53082 3874 3650 4 58926 58928 61543 62503
53083 3696 3747 3 58927 58929 60476
53084 3330 3461 3 58930 58931 58933
53085 3368 3338 4 58936 58937 62753 62366
53086 3342 3252 6 58938 58939 62632 137388 63083 63082
53087 3342 3338 8 58939 58936 62368 62590 62540 62539 62604 62631
53088 3342 3368 5 58936 58938 62474 62475 62367
53089 3293 3397 4 58941 58942 59340 59593
53090 2949 2761 8 58944 58945 137220 137094 132425 132426 62598 62597
53091 2704 2761 7 58945 58946 137396 137115 135896 135883 135885
53092 2704 2914 5 58946 58943 62498 62500 137232
53093 2704 2949 4 58943 58945 137222 137162
53094 4561 4730 6 58948 58949 59208 59323 59261 59262
53095 4729 4561 6 58948 58950 59210 59276 59294 59290
53096 4919 5118 5 58953 58954 67040 67591 67617
53097 3703 3663 4 58956 58957 61740 62449
53098 3545 3703 6 58955 58957 61741 61677 61676 61679
53099 3159 3017 9 58960 58961 58969 58971 141922 141958 141959 141738 141739
53100 2725 3093 8 58963 58964 141952 59862 59861 141967 142294 141756
53101 3123 2671 4 58965 58962 141736 141735
53102 3093 2671 4 58963 58965 141725 141724
53103 3558 3469 5 58967 58968 62678 62673 62532
53104 3558 3392 5 58968 58966 62445 62629 62628
53105 3558 3370 8 58966 58967 62531 66583 66662 62441 62004 62003
53106 3188 3017 5 58969 58970 141970 59641 58972
53107 2795 2827 8 58974 58975 141496 141985 141802 141803 141818 141823
53108 2795 2262 5 58975 58973 133197 139813 139814
53109 3889 3804 7 58977 58976 61723 61722 61983 62083 61472
53110 3512 3755 4 58978 58979 59816 59542
53111 3586 3755 7 58979 58980 59528 59453 59452 59545 59817
53112 3040 2827 6 58984 58985 59027 141817 141803 141801
53113 3684 3396 8 58990 58991 59230 59159 59160 60469 60470 59246
53114 3684 3248 6 58991 58992 63516 62568 59292 59231
53115 3248 3396 3 58991 58993 59232
53116 3573 3723 5 58995 58996 62627 60846 60845
53117 3374 3573 3 58994 58996 62408
53118 3799 3882 5 58997 58998 62777 62381 62365
53119 4041 4106 4 59000 59001 67058 60425
53120 4422 4271 5 59003 59004 59058 59077 59117
53121 3564 3404 4 59005 59006 59356 59400
53122 3572 3404 5 59006 59007 59347 60732 59358
53123 2696 2785 5 59008 59009 141410 141282 140309
53124 2716 2944 5 59010 59011 127181 140608 127231
53125 2716 2785 6 59011 59008 140311 116878 116876 127179
53126 2944 2785 5 59009 59011 127180 127311 141411
53127 2965 2880 7 59017 59015 66804 136999 137065 137364 137359
53128 2965 2828 5 59015 59016 136739 141925 66803
53129 2823 2828 6 59018 59019 137073 137074 137350 137066
53130 2823 2880 4 59019 59020 63074 137076
53131 2922 2880 5 59020 59021 60646 60648 63076
53132 2922 2828 6 59021 59018 137067 137377 60637 60636
53133 2922 2823 6 59018 59020 63075 136962 62519 62521
53134 2192 2767 6 59022 59023 142058 142086 142020 142021
53135 2192 3233 6 59023 59024 141806 141805 142083 142059
53136 2400 3233 4 59024 59025 140556 140554
53137 3040 3044 4 59027 59028 59029 141991
53138 5582 5385 6 59030 59031 69960 69953 69939 69940
53139 5503 5385 4 59033 59030 67959 67958
53140 5503 5582 4 59030 59032 68032 68031
53141 4271 4122 8 59036 59034 59311 59264 59057 59058 59075 61791
53142 3785 3890 5 59037 59038 61742 61976 60164
53143 3785 3897 4 59038 59039 61745 61743
53144 3801 3897 6 59039 59040 61318 61990 61922 61746
53145 3801 3785 4 59037 59039 61465 60165
53146 3650 3647 4 59046 59047 62034 61266
53147 3650 3824 6 59047 59048 60860 62009 62503 62035
53148 3521 3824 3 59048 59049 60862
53149 3521 3650 6 59046 59048 60861 61980 61952 61265
53150 4638 4667 3 59051 59052 69716
53151 4738 4495 3 59053 59050 69612
53152 4738 4638 7 59050 59052 69715 69711 69713 70075 69611
53153 3867 4454 5 59054 59055 69668 60894 60000
53154 3435 3289 6 59059 59060 59543 59851 59854 59484
53155 3296 3531 4 59062 59063 62052 62354
53156 3531 3351 4 59061 59063 60741 60743
53157 4021 3731 5 59066 59067 61071 63472 61989
53158 4021 4247 6 59064 59066 61987 61620 61618 61066
53159 4423 4975 6 59068 59069 59157 59206 59201 59145
53160 4730 4423 5 59068 59070 59082 59261 59146
53161 3583 3288 5 59072 59074 59915 59914 59777
53162 4556 4422 6 59076 59077 59118 67811 59223 59222
53163 4556 4122 4 59075 59076 59183 59184
53164 3813 3700 3 59078 59079 59124
53165 3802 3993 3 59083 59084 62346
53166 3703 3785 4 59086 59087 61785 60710
53167 3703 3824 5 59087 59088 62454 62455 62009
53168 3861 3824 4 59088 59089 62006 62008
53169 3861 3785 6 59089 59086 60712 61726 61743 61742
53170 3824 3785 7 59087 59089 61976 59110 59109 60862 60860
53171 3663 3696 5 59090 59091 62183 62181 62449
53172 3338 3345 6 59092 59093 62539 59635 59634 62506
53173 3338 3536 6 59093 59094 62537 62538 62588 62540
53174 3663 3194 4 59096 59097 62557 59102
53175 3329 3275 7 59101 59098 61535 62799 63115 63062 62729
53176 3329 3381 5 59098 59100 62804 62736 61534
53177 3382 3275 5 59099 59101 62730 62944 62779
53178 3785 3774 6 59110 59107 60959 60958 60165 60164
53179 3785 3647 3 59107 59109 61544
53180 3824 3774 4 59108 59110 61975 62001
53181 4290 4225 8 59112 59113 61963 61938 61941 61856 60854 60855
53182 4290 4035 3 59113 59114 61964
53183 4180 4290 6 59112 59114 61967 61948 61524 61523
53184 3396 3251 6 59119 59120 59155 60532 59232 59230
53185 3396 3256 7 59120 59121 60740 60791 60817 60751 59154
53186 3521 3396 4 59119 59121 59162 59159
53187 3813 3545 8 59123 59124 59149 59557 59558 59629 61679 59167
53188 3570 3202 3 59125 59126 59437
53189 3570 3321 5 59126 59127 59798 59799 59892
53190 3041 3321 7 59127 59128 59733 60584 60308 60307 59826
53191 3041 3570 5 59125 59127 59825 60279 59438
53192 4035 4034 6 59130 59131 61798 61931 61866 61864
53193 4150 4035 3 59129 59131 61797
53194 4034 4172 5 59130 59132 59229 59220 59219
53195 4262 4378 6 59133 59134 61478 59250 59249 61955
53196 4296 4491 4 59135 59136 61561 61532
53197 4296 4378 7 59136 59133 61954 61878 61879 68500 61560
53198 4296 4262 6 59133 59135 61493 61492 61609 61875
53199 4491 4378 4 59134 59136 61559 61479
53200 4934 4999 5 59138 59139 70058 70084 69942
53201 4733 4814 4 59140 59141 69712 69710
53202 4814 4999 4 59139 59141 69922 69921
53203 4569 4423 6 59143 59144 59173 59203 59202 59166
53204 3512 3653 4 59153 59151 59819 59793
53205 3512 3561 4 59151 59152 59542 59820
53206 3256 3276 4 59154 59156 60686 60750
53207 4423 4880 5 59157 59158 59173 59204 59207
53208 3321 3496 9 59169 59170 60309 59826 59798 59414 59413 59431 59606
53209 3321 3263 4 59170 59168 60306 60303
53210 4423 5122 4 59171 59172 59197 59202
53211 3584 3496 4 59174 59175 60357 60567
53212 3856 3950 5 59178 59179 60966 60883 60189
53213 3856 3797 8 59179 59177 61040 60007 60006 60977 60987 60967
53214 3856 3917 7 59177 59178 60187 59587 59586 59889 61038
53215 4406 4214 4 59181 59180 59985 67566
53216 4122 4106 7 59182 59184 61791 61804 61803 62466 61096
53217 3777 4075 5 59185 59186 62401 62329 62328
53218 3940 3720 6 59187 59188 60424 62461 60630 60628
53219 3940 4041 5 59188 59189 67037 67131 60425
53220 3351 3209 6 59190 59191 62040 62066 60656 60561
53221 3256 3351 3 59190 59192 60562
53222 3251 3209 3 59191 59193 59507
53223 3247 3194 4 59194 59195 133317 62481
53224 4423 4891 7 59197 59198 59199 59201 59205 59204 59203
53225 4423 5212 3 59205 59206 59207
53226 3929 3966 6 59211 59212 59496 59497 59691 60317
53227 4016 3966 5 59213 59211 59509 59382 59384
53228 4358 4541 5 59216 59217 67208 67576 66688
53229 4358 4387 7 59217 59214 67220 67221 67608 62294 62295
53230 4358 4919 6 59214 59216 66687 67591 67625 67618
53231 4541 4387 6 59215 59217 67207 67510 66921 66923
53232 4172 3993 6 59218 59219 61867 61681 61578 59224
53233 4052 4172 3 59218 59220 59225
53234 4556 4523 4 59221 59223 66359 61756
53235 3962 3866 7 59227 59228 62385 62490 62344 61834 59244
53236 3787 3962 3 59226 59228 62330
53237 3684 3251 3 59230 59231 59291
53238 3337 3415 6 59233 59234 62554 62502 60676 60674
53239 5423 5594 3 59235 59237 67657
53240 4884 5206 5 59239 59240 67744 68035 67389
53241 4884 4950 6 59240 59241 67571 67569 67812 67745
53242 4956 4884 4 59239 59241 67532 67390
53243 4950 5206 5 59240 59242 67524 62417 62416
53244 3962 4036 6 59243 59244 61833 62342 61672 61670
53245 4036 3834 4 59243 59245 61924 61926
53246 3649 3396 3 59247 59246 60798
53247 4404 4262 6 59248 59249 61957 61899 60907 60909
53248 3246 3418 5 59251 59252 59335 59333 59296
53249 3601 3762 5 59255 59256 63795 62170 62168
53250 3601 3811 4 59256 59257 63843 63796
53251 3725 3601 7 59255 59257 63844 63846 63421 63419 63552
53252 4193 4122 5 59263 59264 59310 59313 60708
53253 3778 3962 7 59266 59267 62330 62385 62489 62394 62392
53254 3834 3778 7 59265 59267 62194 62193 62195 62770 62207
53255 3962 3948 5 59266 59268 62082 62238 62237
53256 5003 4884 3 59272 59273 67871
53257 4924 5033 3 59274 59271 67451
53258 4523 4633 3 59277 59278 61702
53259 4523 4557 11 59278 59279 66358 61756 60850 60849 67561 67563 69426 69425 69569
53260 4422 4557 3 59279 59280 67794
53261 4557 4633 7 59278 59280 67776 67777 67826 69370 69570
53262 4396 4718 4 59281 59282 61705 59284
53263 4396 4458 7 59283 59284 61603 61606 59972 59316 59315
53264 3333 3510 5 59288 59289 59302 59303 59355
53265 4561 4891 3 59293 59294 59295
53266 3202 3246 4 59296 59297 59463 59464
53267 3202 3325 4 59297 59298 59459 59460
53268 3333 3284 3 59303 59301 59736
53269 4182 4561 4 59306 59307 59319 59308
53270 4182 4122 3 59310 59311 59312
53271 4182 4396 4 59314 59315 59318 59317
53272 4182 4507 3 59319 59320 59321
53273 4270 4258 6 59325 59326 59332 59329 59327 59328
53274 4270 4207 3 59330 59331 59332
53275 3246 3404 5 59334 59335 59623 60736 59581
53276 3361 3545 6 59337 59338 59396 59395 59615 59539
53277 3289 3361 4 59336 59338 59436 59763
53278 3293 3564 4 59340 59341 59663 59592
53279 4270 3972 3 59343 59344 59346
53280 3813 3972 3 59350 59352 59365
53281 731 715 6 59353 59354 143405 143432 143431 143424
53282 3564 3629 6 59356 59357 59627 62089 60292 59613
53283 3813 3572 7 59364 59362 59628 59558 59553 59530 59527
53284 3813 3629 5 59362 59363 60745 62090 59627
53285 4434 4374 6 59368 59369 61608 69648 61685 60976
53286 4434 4162 4 59369 59366 69702 61607
53287 4434 4277 6 59366 59368 60975 69662 69673 69705
53288 4374 4162 8 59367 59369 59936 59938 59970 60146 60155 60072
53289 3261 3137 6 59371 59372 59567 59568 59683 59684
53290 3325 3137 3 59374 59371 59644
53291 3325 3261 6 59371 59373 59796 59754 59753 59755
53292 3293 3137 7 59372 59374 59643 59682 59476 59409 59408
53293 2781 2819 4 59375 59376 116938 116939
53294 2781 3018 5 59376 59377 141150 141326 141243
53295 2716 3018 6 59377 59378 127181 127179 139877 139878
53296 2716 2819 6 59378 59375 59575 59577 140088 140608
53297 3018 2819 5 59376 59378 140628 140558 140560
53298 4424 4307 5 59381 59379 61592 69596 69444
53299 3966 4193 3 59383 59384 60002
53300 3670 3760 6 59391 59388 81585 81584 61168 60057
53301 2943 2596 7 59393 59392 140124 140235 137063 137064 141919
53302 3204 3361 5 59396 59394 59566 59795 59436
53303 4292 4190 8 59397 59398 69695 69696 69766 69687 61712 60863
53304 4292 4089 7 59398 59399 69686 69666 61045 61043 69697
53305 4193 4292 7 59397 59399 69667 60056 59974 59973 60864
53306 3404 3397 5 59400 59401 59623 60749 59614
53307 4507 3704 4 59580 59403 59402 -1
53308 3841 3527 6 59404 59406 59519 59520 59423 59422
53309 3137 3144 6 59407 59408 59567 59535 59536 59756
53310 3004 3293 3 59409 59410 59478
53311 3004 3144 6 59410 59407 141269 141997 59746 59745
53312 3004 3137 5 59407 59409 59477 141091 141092
53313 3496 3527 5 59414 59415 60358 60357 59797
53314 3404 3496 3 59413 59415 59432
53315 2989 2869 6 59416 59417 140303 140210 137040 137041
53316 2989 2900 9 59417 59418 137341 139883 140221 140320 140321 140322 140302
53317 2876 2869 4 59419 59416 137309 137311
53318 2876 2989 6 59416 59418 137340 140017 59674 59676
53319 3584 3570 4 59420 59421 60799 60567
53320 3527 3570 5 59423 59420 59797 59799 59800
53321 3841 3570 7 59421 59423 59626 59625 60103 60982 60800
53322 3260 3146 4 59425 59426 60531 140187
53323 3256 3146 6 59426 59427 140171 60542 59508 59506
53324 3256 3114 5 59427 59424 59622 60538 139852
53325 3256 3260 6 59424 59426 59662 59661 60817 59621
53326 3146 3114 3 59425 59427 140170
53327 4374 4494 5 59430 59428 70005 61684 60976
53328 4277 4494 5 59429 59430 60975 69660 69661
53329 3321 3474 3 59431 59433 60595
53330 3581 3639 6 59434 59435 62476 62375 62374 62322
53331 3544 3570 8 59437 59438 60281 60125 59624 59626 59800 59892
53332 3422 3293 6 59443 59444 60716 59592 59593 60592
53333 3328 3422 6 59442 59444 60717 60699 60696 62250
53334 3293 3339 4 59443 59445 60659 60593
53335 3981 4069 5 59446 59447 59955 59954 82709
53336 3981 4483 7 82743 59447 59448 82438 82749 82760 -1
53337 4360 4483 7 59448 59449 60081 61624 60822 60823 82439
53338 4360 4069 4 59449 59446 82711 60080
53339 4360 3981 7 59446 59448 81625 73100 73099 82837 82710
53340 3572 3544 4 59450 59451 59469 59514
53341 3867 3586 3 59453 59454 59516
53342 3586 3704 5 59452 59454 59513 59512 59547
53343 2613 2763 4 59458 59455 59844 139663
53344 2613 2479 4 59455 59457 141187 59843
53345 2617 2763 6 59456 59458 138322 138324 140054 140636
53346 3151 3325 4 59460 59461 59734 59548
53347 2341 2717 8 59465 59466 140500 115953 115954 116997 60334 60337
53348 2341 2398 8 59466 59467 115179 115640 136929 136930 140337 140499
53349 2567 2717 7 59468 59465 60360 63253 139460 139458 139462
53350 2567 2341 4 59465 59467 115180 60359
53351 2398 2717 4 59466 59468 140369 140485
53352 3460 3209 5 59470 59471 62436 60437 59660
53353 3460 3506 9 59471 59472 60792 60794 60882 61783 61784 61739 61737
53354 3256 3460 4 59470 59472 60791 59661
53355 3137 3152 4 59473 59474 59741 59672
53356 1863 1469 8 59479 59480 141356 141355 141585 141672 141683 141674
53357 1865 1584 4 59481 59482 130984 138291
53358 1865 1469 7 59482 59479 127318 127319 139740 130938 130939
53359 1865 1863 8 59479 59481 138395 138394 141643 141877 141656 141655
53360 1584 1469 6 59480 59482 130983 138470 138469 141506
53361 3435 3512 10 59483 59484 59853 59850 59845 59846 59815 59816 59820 59819
53362 3841 3972 3 59486 59487 59977
53363 4374 4507 4 59580 59488 59489 -1
53364 4374 4711 5 59489 59490 69719 70061 -1
53365 4454 4374 6 59488 59490 69718 59937 59938 59579
53366 3538 3729 5 59492 59493 83268 83129 83013
53367 3729 3814 5 59491 59493 83269 83131 83097
53368 3649 3626 7 59494 59495 61050 60193 60046 60047 60140
53369 3929 3841 5 59497 59498 60979 60942 59692
53370 3950 3929 6 59496 59498 60968 60966 60964 60004
53371 4223 4560 4 59499 59500 61081 71149
53372 3994 4560 7 82759 82685 59501 59499 71151 82852 -1
53373 4292 4348 8 59502 59503 69707 69774 61583 61581 61043 61044
53374 4292 4458 6 59503 59504 59974 59972 61683 69677
53375 4454 4348 5 59505 59502 59935 59937 69721
53376 4454 4292 6 59502 59504 60056 69668 69666 69634
53377 4458 4348 4 59503 59505 69723 69708
53378 3209 3146 9 59506 59507 62040 62447 62636 140200 140264 140317 60531
53379 3251 3146 6 59507 59508 60540 60539 63138 62041
53380 3966 3885 3 59509 59510 60317
53381 3867 3885 5 59510 59511 60315 60314 60687
53382 3704 3572 5 59513 59514 59521 59522 59515
53383 3704 3527 3 59518 59519 59521
53384 3841 3544 3 59520 59517 59626
53385 3755 3813 4 59523 59524 59525 59527
53386 3755 3572 4 59526 59527 59529 59528
53387 2936 3018 5 59532 59533 141324 141326 138228
53388 3151 2856 3 59534 59531 115431
53389 3151 2936 5 59531 59533 141322 141270 115430
53390 3018 2856 8 59532 59534 139611 141291 116778 116777 139877 138229
53391 3289 3137 5 59535 59537 59741 59742 59568
53392 3082 3144 4 59536 59538 142011 59757
53393 3435 3152 6 59543 59544 59823 59822 59841 59847
53394 1742 1995 7 59550 59551 127198 127200 141442 141372 141371
53395 1742 1539 7 59551 59549 114568 141589 127445 127447 141143
53396 1742 1271 3 59549 59550 114567
53397 3512 3813 4 59553 59554 59556 59557
53398 3360 3512 4 59559 59560 59846 59610
53399 2192 1748 10 59561 59562 142100 142078 142079 142088 142392 59830 59833 141805
53400 2192 1995 5 59562 59563 142085 142087 142101
53401 2785 1995 4 59563 59564 141300 141443
53402 2785 1748 5 141298 59564 59561 141807 -1
53403 2785 2192 4 59561 59563 142081 141806
53404 1995 1748 6 143399 142102 59562 59564 141299 -1
53405 3572 3474 3 59569 59570 60732
53406 2936 2958 5 59571 59572 59801 139350 139353
53407 2647 2900 4 59573 59574 140139 140141
53408 2647 2958 4 59574 59571 140242 140216
53409 2647 2936 6 59571 59573 141328 141327 141310 141311
53410 2819 2869 6 59575 59576 80705 136115 116940 116939
53411 2819 2560 5 59576 59577 140087 140071 80706
53412 2560 2869 5 59576 59578 140228 140307 80707
53413 4374 3704 5 60148 59970 59579 59580 -1
53414 3435 3284 5 59584 59585 59845 59848 59841
53415 3360 3435 6 59583 59585 59846 59828 59827 59709
53416 3917 4126 3 59587 59588 60208
53417 3983 3856 3 59589 59586 59891
53418 4126 3856 6 59587 59589 60911 60946 68162 60209
53419 3422 3397 7 59593 59594 60293 60746 60673 60672 60695
53420 3564 3422 6 59592 59594 60292 60697 60699 60718
53421 5529 5895 4 59595 59596 69221 69222
53422 5529 5749 7 59596 59597 70209 69947 67534 67536 70047
53423 3264 3711 6 59598 59599 59881 59900 60200 -1
53424 3264 3544 4 59599 59600 60281 59882
53425 3041 3711 4 59929 59601 59598 -1
53426 3041 3264 9 59598 59600 60279 60280 60307 60246 60243 140582 -1
53427 3544 3711 4 59599 59601 59930 59883
53428 4939 5135 5 59602 59603 61482 68603 68400
53429 4939 5185 6 59603 59604 68560 68561 68549 61483
53430 5001 5185 5 59604 59605 68339 68373 68384
53431 5001 4939 8 59602 59604 68594 68593 68849 61362 61361 68399
53432 3391 3438 7 59607 59608 60670 60721 60338 60023 60021
53433 3263 3438 4 59609 59607 60731 60734
53434 3512 3284 5 59610 59612 59736 59760 59845
53435 3629 3397 4 59613 59614 60748 60293
53436 3545 3564 7 59615 59616 59629 61676 60719 60718 59663
53437 3114 3151 6 59617 59618 60568 60570 140191 141270
53438 3169 3151 7 59620 59617 115430 115431 59765 59758 59734
53439 3256 3249 5 59622 59621 60751 60750 60537
53440 3570 3704 3 59624 59625 60104
53441 3564 3813 4 59627 59628 59629 61678
53442 3067 3101 7 59632 59633 60441 60440 140203 62399 59710
53443 3067 3338 4 59633 59634 62390 62388
53444 3345 3101 5 59635 59632 59712 62572 62600
53445 3338 3101 4 59633 59635 62604 62570
53446 2341 2162 5 59636 59637 139200 115954 115955
53447 2341 2101 6 59637 59638 115849 139982 139983 139199
53448 2228 2101 4 59638 59639 116810 115851
53449 2228 2162 4 59639 59636 116813 116814
53450 2228 2341 5 59636 59638 115850 136930 140338
53451 2101 2162 9 59637 59639 118483 139189 139186 139666 139420 139419 139201
53452 2803 3188 4 59641 59642 141929 141972
53453 2834 2720 6 59645 59646 136863 136965 139802 139800
53454 2834 2531 6 59646 59647 59872 140280 140416 136862
53455 2679 2720 7 59648 59645 140075 140182 140009 139931 139930
53456 2679 2834 3 59645 59647 59873
53457 2531 2720 6 59646 59648 140065 140213 140215 136864
53458 3261 3242 5 59649 59650 59753 59685 59683
53459 3261 3333 4 59650 59651 59762 59754
53460 3289 3242 5 59652 59649 59742 59743 59851
53461 4447 4463 4 59653 59654 69563 69078
53462 4315 4463 6 59654 59655 71619 71621 81831 69564
53463 1951 1903 3 59657 59658 137365
53464 3260 3209 6 59662 59660 59808 59809 140318 60531
53465 3260 3460 6 59660 59661 60819 60729 59680 59681
53466 2746 2885 8 59667 59668 136881 136882 139137 136875 136876 136936
53467 2746 2830 3 59668 59669 136967
53468 2894 2830 7 59669 59670 60545 136991 140347 140357 136968
53469 2894 2885 3 59670 59667 60544
53470 2894 2746 8 59667 59669 136966 115499 115496 60465 60462 115437
53471 2830 2885 8 59668 59670 60543 136945 136980 136979 137456 140206
53472 3137 3242 6 59671 59672 59742 59683 59686 139835
53473 3152 3242 6 59672 59673 59865 59849 59847 59743
53474 2834 2876 6 59674 59675 139801 139802 140159 140158
53475 2858 2876 6 59675 59676 137309 137312 59732 59730
53476 3422 3460 7 59679 59680 60728 60767 60590 60588 61514
53477 3339 3460 5 59681 59679 61516 61891 60437
53478 3261 3169 3 59684 59685 59755
53479 3242 3169 6 59685 59686 139836 59764 59758 59759
53480 2644 2830 7 59687 59688 140206 136967 136968 140298 62524
53481 2644 2590 6 59688 59689 140325 136906 136883 136884
53482 2503 2590 5 59689 59690 136470 136471 140326
53483 2503 2644 6 59687 59689 138649 138650 140297 62523
53484 3929 3867 4 59691 59692 60941 60687
53485 3438 3574 7 59694 59695 60694 60693 60734 60671 60472
53486 3438 3480 5 59695 59693 60341 60752 60790
53487 2508 2420 3 59696 59697 137488
53488 2945 2963 6 59699 59700 82336 82393 115384 115383
53489 2945 3052 4 59700 59701 60100 60101
53490 2972 3052 6 59701 59702 114430 59723 59724 82514
53491 2972 2963 3 59702 59699 115467
53492 2972 2945 6 59699 59701 82400 82397 79876 79875
53493 3288 3263 5 59703 59704 60250 60294 60133
53494 3288 3574 6 59704 59705 59916 59914 60124 60251
53495 3285 3574 7 59705 59706 60725 60726 60192 60190 59964
53496 3285 3263 5 59706 59703 60135 60781 60780
53497 3574 3263 5 59704 59706 60777 60734 60252
53498 2936 2781 7 59707 59708 141327 141346 141325 141326 59778
53499 3334 3101 6 59712 59710 60682 60681 63163 62571
53500 3334 3067 6 59710 59711 60631 60547 60546 62400
53501 2936 2989 4 59713 59714 140302 140303
53502 3114 2989 9 59716 59713 140210 59877 59879 139852 140170 59913 59912
53503 3114 2936 5 59713 59715 141270 141323 141149
53504 3169 2989 4 59714 59716 140323 140322
53505 2384 1558 3 59717 59718 114114
53506 2553 2036 3 59719 59720 114390
53507 2553 1558 5 59720 59717 112904 112905 113929
53508 2553 2384 8 59717 59719 114954 113864 113863 115031 114968 114113
53509 2972 3133 3 59724 59721 82483
53510 3052 3133 4 59722 59724 81952 81954
53511 3245 3172 5 59725 59726 82545 82622 82620
53512 3245 3307 8 59726 59727 82553 82421 82258 82260 82502 82546
53513 3274 3172 4 59728 59725 82425 82279
53514 3274 3245 5 59725 59727 82554 82589 82618
53515 3307 3172 5 59726 59728 81801 81800 82432
53516 2705 2858 6 59729 59730 140212 140293 140305 137056
53517 2705 2876 4 59730 59731 139803 139801
53518 2679 2876 4 59731 59732 140183 140182
53519 2679 2858 3 59732 59729 137057
53520 9845 9621 5 59737 59738 155929 142430 142433
53521 9845 9125 5 59738 59739 155733 155528 155529
53522 9242 9621 6 59740 59737 156002 156255 156722 156811
53523 9242 9845 4 59737 59739 155918 156001
53524 9125 9621 4 59738 59740 156628 155930
53525 3144 2946 3 59744 59745 59748
53526 3204 3004 3 59746 59747 141813
53527 1393 1216 7 59751 59752 127931 127932 128181 127915 127916
53528 1393 1377 8 59752 59749 139924 141073 141024 141023 141074 141075
53529 1216 1377 5 59750 59752 141076 127274 127276
53530 3000 3144 4 59756 59757 142010 141269
53531 3512 3242 3 59760 59761 59850
53532 3169 3018 3 59764 59765 139611
53533 1600 1259 4 59766 59767 127423 114872
53534 1256 1600 4 59766 59768 141177 114873
53535 4613 4634 3 59770 59772 69747
53536 1347 1411 6 59774 59775 127806 141059 141057 141058
53537 1347 1377 6 59775 59773 141049 140928 140923 127805
53538 1347 1359 5 59773 59774 139721 139720 141038
53539 3583 3264 7 59776 59777 59897 59896 59900 60199 -1
53540 2938 2869 7 59779 59780 116940 140006 137042 137040 140211
53541 2938 2781 4 59780 59778 141243 116938
53542 2938 2936 5 59778 59779 141323 141322 141324
53543 3000 2939 6 59781 59782 140918 59788 59789 142003
53544 3022 2939 5 59782 59783 140056 141388 140919
53545 9206 8669 6 59785 59786 156790 156791 156903 156837
53546 8973 9248 5 59787 59784 156579 156578 157025
53547 8973 9206 4 59784 59786 156904 157067
53548 3000 3004 6 59789 59790 141090 141092 141269 142002
53549 2946 3000 3 59788 59790 141305
53550 3291 442 3 59791 59792 155962
53551 2900 3016 5 59802 59803 140249 137420 63077
53552 3016 2958 9 59801 59803 140248 140277 140205 140204 140226 59886 59884
53553 1349 1149 3 59804 59805 137979
53554 1349 1499 8 59805 59806 131317 141685 138284 138285 131353 131354
53555 1105 1499 4 59806 59807 137914 131318
53556 1105 1149 9 59807 59804 138188 138252 126149 109868 109867 130442 130441
53557 1499 1149 6 59805 59807 137913 131404 131403 137980
53558 3435 3755 4 59816 59817 59827 59821
53559 3586 3435 3 59815 59817 59828
53560 3435 3653 3 59818 59819 59829
53561 3496 3041 3 59826 59825 60280
53562 1568 2192 5 59830 59831 115574 115575 142391
53563 1748 2473 5 142999 59832 59833 142084 -1
53564 2767 2409 8 59834 59835 142043 142045 142036 142032 142034 142020
53565 2767 2287 4 59835 59836 141257 142044
53566 2055 2409 6 59837 59834 142022 137234 133195 133196
53567 2055 2767 4 59834 59836 141256 142021
53568 9179 6044 4 59838 59839 155990 155931
53569 7450 9179 6 59838 59840 141842 142168 155928 155932
53570 2560 2613 7 59843 59844 140071 140072 140566 140343 140342
53571 2560 2763 5 59844 59842 126670 139585 140087
53572 2560 2479 5 59842 59843 140788 140787 126669
53573 3435 3242 5 59847 59848 59850 59852 59851
53574 3435 3333 3 59852 59853 59854
53575 2957 3044 5 59855 59856 141993 141888 141857
53576 2957 3213 3 59856 59857 141992
53577 3093 2969 4 59859 59861 141728 141729
53578 3087 3242 3 59865 59866 59867
53579 3764 3902 8 59868 59869 81505 81506 81617 79809 79810 81639
53580 3764 3766 7 59869 59870 71148 71146 61252 61253 79783
53581 3642 3766 7 59870 59871 79729 79626 79625 79815 79816
53582 3642 3902 5 59871 59868 81626 81288 79727
53583 3642 3764 7 59868 59870 81489 82315 79765 73113 73115
53584 3766 3902 4 59869 59871 79728 81546
53585 2834 2705 6 59872 59873 139800 139801 140212 140279
53586 2853 3050 6 59875 59876 60115 60400 60401 137512
53587 2989 2938 6 59877 59878 140160 60624 60625 137040
53588 2989 3112 4 59878 59879 139853 140129
53589 3114 3112 5 59879 59880 60570 60536 60538
53590 3114 2938 5 59880 59877 140211 141323 140191
53591 3112 2938 6 59878 59880 116962 60480 60481 140161
53592 3264 3633 6 59881 59882 60277 60275 59898 59896
53593 3544 3633 4 59882 59883 60126 60125
53594 3016 2811 3 59884 59885 140145
53595 3249 3426 3 59887 59888 60815
53596 3897 3983 5 59890 59891 60825 60118 60119
53597 3897 3856 7 59891 59889 61028 60916 60918 60947 60911
53598 3897 3917 3 59889 59890 61026
53599 3739 3915 4 59893 59894 60037 60038
53600 3661 3915 5 59894 59895 63778 64807 63451
53601 3264 3574 4 59897 59898 60274 60124
53602 3633 3574 8 59898 59899 60218 60902 60597 60471 60472 60276
53603 3633 3583 3 59899 59896 59901
53604 3574 3583 6 59897 59899 60210 60211 59917 59914
53605 3711 3583 4 59901 59900 60201 60210
53606 3176 3397 4 59902 59903 60598 60672
53607 3397 3260 5 59902 59904 60163 60747 60673
53608 3167 3569 6 59905 59906 60888 60889 81268 61052
53609 3583 3765 6 60199 60201 60211 59908 59909 -1
53610 3974 3765 6 59909 59910 60175 60157 60156 -1
53611 3765 3626 5 59908 59910 60142 60047 60048
53612 2989 3176 5 59911 59912 140323 140321 140319
53613 3260 2989 4 59911 59913 140187 140318
53614 3288 3626 3 59915 59916 59963
53615 3574 3626 5 59916 59917 60048 60046 59964
53616 3607 3350 5 59919 59920 81735 60242 60241
53617 3607 3599 5 59920 59918 82568 82283 82282
53618 3607 3476 5 59918 59919 81401 81556 81555
53619 4482 4434 5 59922 59923 69662 61451 61450
53620 4494 4434 7 59923 59924 61716 60891 60892 60976 60975
53621 4494 4482 4 59921 59923 69660 69411
53622 4434 4585 4 59922 59924 61714 69714
53623 4495 4348 3 59925 59926 69532
53624 4505 4347 3 59927 59928 59991
53625 4505 4348 5 59928 59925 69653 69647 59989
53626 4347 4348 7 59926 59928 59990 61582 61583 69773 69533
53627 3440 3346 5 59931 59932 81947 79821 79822
53628 3478 3346 4 59933 59931 82942 82444
53629 3462 3346 7 59932 59933 82443 82571 82590 82446 81948
53630 4454 4162 7 59938 59935 69634 60893 60000 59978 59971
53631 4862 5163 6 59939 59940 61554 61555 69742 70009
53632 4862 4868 4 59940 59941 67875 69587
53633 4868 5163 5 59940 59942 69267 69266 69588
53634 4434 4505 8 59945 59946 69648 59989 59991 61664 61714 61716
53635 4434 4634 4 59946 59943 60892 61685
53636 4434 4638 3 59943 59945 60891
53637 4476 4247 5 59949 59950 69480 69080 61224
53638 3726 3784 5 59952 59953 83174 83091 83090
53639 3784 3961 7 59951 59953 83224 80360 80359 70382 70384
53640 4631 4483 6 59957 59958 70057 60321 60319 69218
53641 4249 4483 5 59958 59959 60081 60074 60075
53642 4483 4488 5 59957 59959 61624 69558 69571
53643 4695 4492 5 59960 59961 71811 72525 70271
53644 4813 4492 6 59961 59962 70380 71670 71671 71790
53645 4492 4619 5 59960 59962 70379 70302 70272
53646 3582 3537 4 59966 59967 60113 61075
53647 3574 3711 4 59968 59969 60210 60218
53648 3704 4162 5 59970 59971 59976 59975 60147
53649 4292 4396 7 59972 59973 61713 61712 69688 69771 61682
53650 4162 3972 4 59976 59977 59999 59978
53651 4364 4560 6 59979 59980 61249 81644 71151 71149
53652 4364 4612 3 59980 59981 61250
53653 4546 4560 4 59982 59979 61081 61083
53654 4546 4364 6 59979 59981 81494 71658 69245 69244
53655 4612 4560 6 59980 59982 82650 81311 81310 61251
53656 4180 4172 7 59983 59984 61948 61965 61665 61467 61466
53657 4180 4406 5 59984 59985 67491 61525 61524
53658 4214 4180 4 59983 59985 67573 61613
53659 4349 4402 4 59986 59987 71373 71702
53660 4349 4314 8 59987 59988 71706 81402 81246 79081 79082 71372
53661 4268 4349 8 59986 59988 71707 79611 81526 81524 80493 80492
53662 4348 4434 5 59989 59990 69700 61607 61608
53663 4347 4434 6 59990 59991 61448 61451 69673 69701
53664 4081 4225 5 59995 59996 61849 61475 61476
53665 4035 4081 4 59995 59997 61768 61892
53666 3867 4089 5 60003 60001 60005 60894 69686
53667 3797 3684 4 60007 60008 60723 61039
53668 3652 3856 4 60009 60006 60214 60215
53669 3684 3856 5 60007 60009 60917 60916 61027
53670 4026 4073 6 60011 60012 60073 60069 60067 60066
53671 4026 3917 7 60010 60011 60724 60208 60187 60188 60197
53672 4301 4315 7 60013 60014 61245 61628 68951 61699 61698
53673 4315 4424 3 60013 60015 61633
53674 4170 4386 6 60017 60018 71450 81537 73103 71445
53675 4279 4386 3 60018 60019 71332
53676 4279 4390 7 60019 60016 81729 83254 71489 70997 70996
53677 3276 3391 3 60020 60021 60730
53678 3276 3438 5 60021 60022 60564 60693 60731
53679 3249 3438 4 60022 60023 60339 60566
53680 3249 3276 7 60020 60022 60565 60750 60533 60285 60284
53681 4572 4515 7 60024 60025 85278 85279 85348 85340 85338
53682 4572 4332 3 60025 60026 84179
53683 4392 4515 4 60027 60024 71206 71208
53684 4392 4572 6 60024 60026 81003 81002 80405 80406
53685 4332 4515 6 60025 60027 85328 71223 71225 85148
53686 3225 3331 4 60028 60029 82604 82605
53687 3331 3440 6 60028 60030 82668 81635 81636 81947
53688 4514 4458 5 60031 60032 69722 69708 69677
53689 4514 4617 3 60032 60033 69739
53690 2681 2866 6 60034 60035 116507 115507 115506 140467
53691 3739 3911 5 60036 60037 63450 79527 63688
53692 3973 3739 7 60036 60038 64529 79528 81527 78306 63689
53693 4817 4476 5 60042 60040 69560 67803 67804
53694 523 715 4 60043 60044 127252 126536
53695 523 462 8 60044 60045 127164 126375 126373 126331 126332 127253
53696 699 523 5 60043 60045 127208 143728 126535
53697 4103 3865 5 60050 60051 61063 60391 60392
53698 4066 4103 6 60050 60052 61293 60390 60388 61334
53699 3195 3417 5 60053 60054 63362 63361 82143
53700 3417 3173 4 60053 60055 82371 82145
53701 3977 3788 4 60058 60059 61533 62191
53702 3916 3762 5 60060 60061 62213 63230 60608
53703 3916 3788 4 60061 60058 62192 62212
53704 3584 3426 7 60062 60063 60411 60762 60144 60145 60764
53705 3422 3629 6 60064 60065 60293 60292 60587 60590
53706 3422 3426 5 60065 60062 60728 60727 60746
53707 3422 3584 3 60062 60064 60767
53708 3629 3426 4 60063 60065 60748 60412
53709 4026 3983 3 60066 60068 60724
53710 4073 4162 4 60071 60072 60154 60073
53711 5058 5124 4 60076 60077 70124 69646
53712 4991 5318 4 60078 60079 61194 61193
53713 4991 5058 6 60076 60078 70128 70094 70062 69645
53714 5318 5124 6 60077 60079 68170 68172 69162 69551
53715 4249 4360 5 60080 60081 61623 61632 82793
53716 4577 4481 6 60086 60083 65079 67935 65165 65164
53717 4577 4674 5 60083 60085 65249 65511 65078
53718 4393 4481 6 60084 60086 65140 65133 65134 65300
53719 3285 3649 4 60090 60087 60193 60190
53720 4067 4238 8 60091 60092 82824 82836 82788 82789 82807 81819
53721 4067 3994 5 60092 60093 82533 82721 82738
53722 4223 4067 5 60091 60093 71623 69526 69525
53723 3994 4238 3 60092 60094 82772
53724 2948 3112 3 60095 60096 60480
53725 2948 3151 5 60096 60097 140051 137921 116961
53726 3057 3151 4 60097 60098 60580 60583
53727 3057 3112 6 60098 60095 60481 60757 60534 60535
53728 3057 2948 8 60095 60097 140052 140539 140104 140085 139879 60479
53729 3151 3112 5 60096 60098 60569 60570 116962
53730 2945 3042 5 60099 60100 82400 82398 82396
53731 3170 2945 4 60099 60101 82336 82394
53732 3052 3042 5 60100 60102 81955 81952 82514
53733 4044 4130 4 60109 60110 70915 70850
53734 4044 4059 5 60110 60108 80587 71730 70914
53735 3569 3582 3 60112 60113 61074
53736 3537 3569 5 60111 60113 61073 60889 60890
53737 3080 3050 6 60115 60116 61060 61058 61070 115604
53738 3080 2855 5 60116 60114 60213 115123 114864
53739 3897 3731 6 60119 60117 61922 61029 61028 61026
53740 3897 4247 7 60117 60118 60824 60949 60950 61319 61990
53741 4067 3968 5 60120 60121 82720 82533 71623
53742 4067 3953 8 60121 60122 69525 81819 82782 82771 69566 69565
53743 3971 4067 3 60120 60122 69526
53744 3953 3968 3 60121 60123 81312
53745 3582 3626 3 60129 60127 61077
53746 3222 3302 5 60131 60132 63510 60356 60355
53747 3222 3248 4 60132 60130 62976 63518
53748 3222 3110 6 60130 60131 60478 63202 63105 62975
53749 2983 3288 3 60133 60134 139456
53750 2983 3285 7 60134 60135 117250 116682 115605 114900 114901
53751 3263 2983 5 60133 60135 127324 116775 116774
53752 3401 3187 5 60137 60138 82255 79740 79741
53753 3322 3187 9 60138 60139 79850 79956 79953 82224 82223 82234 82233
53754 3187 3212 5 60137 60139 79849 115429 82284
53755 3983 3626 3 60140 60142 60143
53756 3711 4162 6 60146 60147 60177 60195 60184 60183
53757 4374 3711 4 60182 60146 60148 -1
53758 3765 4162 4 60154 60155 60183 60171
53759 4374 3765 5 60156 60153 60155 60182 -1
53760 4527 4472 4 60158 60159 70270 70268
53761 4527 4549 8 60159 60160 82192 82193 82574 82728 82683 81832
53762 4546 4549 3 60160 60161 70457
53763 4546 4527 8 60158 60160 82756 61085 61084 61083 61082 81502
53764 3774 3801 4 60165 60166 62117 61464
53765 3890 3774 5 60164 60166 61946 61947 61975
53766 4526 4623 4 60167 60168 70345 73190
53767 4526 4503 4 60168 60169 81201 70346
53768 4640 4503 5 60169 60170 80720 81328 81203
53769 4640 4623 5 60170 60167 81076 74744 74743
53770 4640 4526 8 60167 60169 81202 81398 81420 81433 81436 81075
53771 4503 4623 7 60168 60170 79654 78198 78197 81242 70347
53772 2736 2498 4 60179 60180 115531 115530
53773 2501 2498 6 60180 60181 140459 115124 115125 115413
53774 2501 2712 7 140733 60181 60178 114859 115520 115522 -1
53775 2501 2736 4 60178 60180 115455 114858
53776 2498 2712 4 60179 60181 140384 140385
53777 4116 3977 8 60185 60186 61533 62219 62297 62298 61880 61881
53778 4026 3856 5 60189 60187 60209 61711 60884
53779 3302 3574 3 60191 60192 60801
53780 3765 3264 3 60199 60200 -1
53781 2453 2419 4 60202 60203 115666 115667
53782 4557 4914 5 60205 60207 67825 67777 67775
53783 2866 3080 7 60212 60213 115449 81755 81753 140518 140467
53784 3285 3529 3 60216 60217 61034
53785 3794 3781 7 60222 60223 81711 81712 82190 82114 81810
53786 3794 3905 4 60223 60224 79743 81710
53787 3903 3905 6 60224 60225 79789 79790 81097 79745
53788 3905 3781 7 60223 60225 80921 80936 79599 79601 79775
53789 5462 5057 3 60227 60228 67361
53790 2619 2606 10 60229 60230 115483 115322 115323 140740 115592 82272 82270 115055
53791 2619 2549 4 60230 60231 115136 115230
53792 2621 2549 6 60231 60232 114349 115160 115158 115138
53793 2621 2606 3 60232 60229 114348
53794 2621 2619 9 60229 60231 115137 115476 115694 115679 82239 82240 115475
53795 2549 2606 6 60230 60232 114347 115211 115210 115387
53796 4380 4462 3 60235 60236 79734
53797 4380 4349 7 60236 60237 81437 81516 81665 71801 71802
53798 4500 4349 4 60237 60238 71586 81315
53799 4500 4462 6 60238 60235 81211 81457 81394 71585
53800 4500 4380 6 60235 60237 73216 73217 81217 81210
53801 4349 4462 7 60236 60238 71584 71700 71373 71372 79735
53802 3167 3607 6 60240 60241 81401 60887 60888 61068
53803 3350 3193 9 60242 60239 82356 82408 79829 79830 81650 81652 81733
53804 3350 3167 4 60239 60241 81400 82355
53805 3607 3193 4 60240 60242 81734 61069
53806 2940 3264 4 60243 60244 140543 140581
53807 2940 3057 8 60244 60245 140539 140538 140564 140610 137422 137423
53808 3041 3057 6 60245 60246 60308 60581 60583 140052
53809 3041 2940 5 60243 60245 60267 60269 139529
53810 3057 3264 5 60244 60246 60305 60304 116773
53811 4842 4783 4 60247 60248 67913 67912
53812 4845 4783 6 60248 60249 67723 67575 61235 61238
53813 4783 4827 9 60247 60249 67813 67814 68542 67895 61652 61654 68641
53814 3288 3496 3 60250 60251 60273
53815 3574 3496 5 60251 60252 60671 60276 60274
53816 2988 2903 8 60253 60254 82440 116173 81962 81961 115191 114716
53817 2988 3056 5 60254 60255 61151 61152 82441
53818 3104 3056 4 60255 60256 82429 82430
53819 3104 2903 5 60256 60253 114718 114554 114556
53820 3104 2988 5 60253 60255 114326 114325 114717
53821 3056 2903 6 60254 60256 115381 115385 116099 82442
53822 3170 3582 3 60258 60259 82388
53823 3170 3529 4 60259 60257 82392 82387
53824 2580 2744 4 60261 60262 115551 115804
53825 2580 2550 5 60262 60260 115432 115689 115550
53826 3825 3565 5 60263 60264 82404 82405 82746
53827 3825 3737 5 60264 60265 82780 82401 82403
53828 3683 3825 5 60263 60265 61103 61105 82744
53829 3737 3565 3 60264 60266 82278
53830 2940 2948 5 60267 60268 139958 139957 140539
53831 2940 2944 5 60268 60269 139530 140580 140594
53832 3041 2944 7 60269 60270 127312 127311 141416 140541 139531
53833 3041 2948 5 60270 60267 140052 140051 140577
53834 2944 2948 5 60268 60270 140578 140562 140563
53835 2607 2718 7 60271 60272 140040 138421 138423 139326 115554
53836 3264 3496 7 60273 60274 60275 60278 60280 60309 60295
53837 3570 3264 4 60277 60278 60279 60281
53838 4043 3816 7 60282 60283 64927 65786 62204 62205 62774
53839 3276 3057 4 60285 60286 60756 60534
53840 3263 3057 6 60286 60287 60306 60304 116775 60779
53841 3263 3276 7 60284 60286 60778 60780 60777 60731 60730
53842 3057 3249 6 60285 60287 60563 60581 60580 60535
53843 3414 3608 4 60288 60289 63182 63183
53844 3604 3452 3 60290 60291 63441
53845 3452 3608 6 60289 60291 63439 79801 79802 79698
53846 3264 3263 5 60294 60295 60303 60304 116774
53847 2617 2773 8 60296 60297 115535 115533 115537 140054 140055 140627
53848 2863 2718 7 60298 60299 139627 139625 140291 136117 136116
53849 2863 2617 3 60296 60298 136643
53850 2718 2773 4 60297 60299 140585 115554
53851 3099 2791 5 60302 60300 117004 117003 140381
53852 3099 2853 4 60300 60301 60399 60401
53853 3321 3057 4 60305 60306 60563 60308
53854 3321 3264 4 60303 60305 60307 60309
53855 4787 5045 3 60312 60310 68671
53856 3813 3885 3 60313 60315 60324
53857 4374 4862 6 70061 70055 70054 60320 60322 -1
53858 3760 3913 4 60328 60330 61037 61092
53859 2644 2565 3 60331 60332 140295
53860 2529 2565 6 60332 60333 137509 137507 137508 140011
53861 2565 2531 10 60331 60333 140001 137500 137497 140214 140215 140283 136834 136836
53862 2548 2341 5 60334 60335 116698 116699 116996
53863 2548 2466 4 60335 60336 140403 139135
53864 2717 2466 4 60336 60337 60360 63254
53865 2717 2548 7 60334 60336 136496 136495 115464 115461 116995
53866 2466 2341 6 60335 60337 60359 115683 140353 139136
53867 3438 3372 5 60338 60339 60802 60752 60722
53868 3294 3378 6 60346 60347 63296 63400 62159 62157
53869 3294 3279 5 60347 60348 61030 60760 60758
53870 3417 3378 5 60349 60346 79648 61331 61333
53871 3417 3294 5 60346 60348 63361 82308 79647
53872 3279 3378 5 60347 60349 62764 63132 63134
53873 1600 1767 5 60350 60351 126377 139920 128386
53874 1600 1815 3 60351 60352 126378
53875 1714 1815 4 60352 60353 140477 140475
53876 1714 1767 8 60353 60350 128388 140826 141378 141202 141200 141199
53877 1815 1767 8 60351 60353 141198 140096 127470 127469 141119 126379
53878 3099 3222 7 60354 60355 60478 63204 137916 60418 60417
53879 2466 2567 7 60359 60360 63255 115881 136090 136089 115684
53880 1567 1358 6 60361 60362 127904 139229 138942 128248
53881 1567 1590 6 60362 60363 137796 137797 138632 127903
53882 1482 1590 7 60363 60364 116893 117198 138800 138732 138722
53883 1482 1358 6 60364 60361 128250 126607 126608 116892
53884 1482 1567 4 60361 60363 138721 128249
53885 1590 1358 3 60362 60364 116891
53886 3852 3986 4 60367 60368 81609 81575
53887 3852 3820 4 60368 60369 80931 81838
53888 3960 3820 5 60369 60370 80626 80625 80932
53889 3494 3230 7 60373 60371 63855 64023 63859 63858 63359
53890 3494 3432 6 60371 60372 64109 64070 64043 63854
53891 2355 2697 5 60375 60376 119059 79422 79423
53892 2775 2556 5 60377 60374 116847 119195 119171
53893 2775 2355 3 60374 60376 116846
53894 2697 2556 4 60375 60377 119172 119288
53895 2973 3167 6 60378 60379 117351 116825 116826 139403
53896 2973 3086 4 60379 60380 116784 117352
53897 3086 3167 4 60379 60381 61003 79902
53898 1410 1514 3 60382 60383 140058
53899 1469 1539 3 60384 60385 125942
53900 1469 1514 6 60385 60382 137941 137940 141585 125941
53901 1469 1410 7 60382 60384 141525 140916 140915 141571 140057
53902 3029 3222 5 60393 60394 60418 63160 63161
53903 2974 2894 8 60395 60396 136943 115436 115437 60544 60545 136990
53904 2974 3110 7 60396 60397 136688 140339 136989 63202 63203
53905 2985 3110 9 60397 60398 60573 140312 140127 62791 62789 135879 136690
53906 2985 2894 6 60398 60395 140340 140346 140348 60571
53907 2985 2974 3 60395 60397 136689
53908 3110 2894 5 60396 60398 60572 119007 119006
53909 3099 2983 4 60402 60399 115688 116682
53910 3050 2983 4 60400 60402 115605 115604
53911 3050 3285 5 60403 60404 60886 61070 115605
53912 3251 3110 4 60405 60406 63205 60539
53913 3092 3109 9 60407 60408 62894 62892 135812 135811 63246 63245 63567
53914 3393 3109 4 60410 60407 61902 61904
53915 3393 3092 5 60407 60409 63870 63620 63568
53916 3208 3109 4 60408 60410 64048 63360
53917 3404 3426 7 60411 60412 60749 60736 60735 60785 60763
53918 3099 3279 4 60413 60414 60419 60417
53919 3029 3086 5 60415 60416 79803 139451 139452
53920 3029 3099 4 60413 60415 139994 60418
53921 3086 3279 4 60414 60416 63323 60420
53922 2977 2863 8 60422 60423 115569 115568 140086 140611 140597 140181
53923 2977 2989 6 60423 60421 140143 140130 140129 140160
53924 2977 2834 6 60421 60422 140180 139938 139939 140142
53925 3940 4106 5 60424 60425 67609 62463 62462
53926 2430 2560 7 60426 60427 63262 139913 140342 140788 140789
53927 2430 2528 6 60427 60428 141482 140169 139724 63261
53928 2035 2528 3 60428 60429 141483
53929 2035 2560 4 60429 60426 141179 141486
53930 2035 2430 9 60426 60428 141481 140101 140102 140110 140111 141519 141178
53931 2528 2560 8 60427 60429 141485 141250 139864 139862 137502 63263
53932 3276 3112 5 60430 60431 60686 60533 60534
53933 3581 3787 6 60433 60434 60830 60831 62476 62771
53934 3581 3647 6 60434 60435 62679 61267 61266 61780
53935 3531 3787 6 60436 60433 62772 62989 63525 61012
53936 3531 3581 4 60433 60435 60575 60576
53937 3647 3787 4 60434 60436 61013 61781
53938 2967 3067 6 60439 60440 140244 137363 137361 137319
53939 3101 3126 5 60441 60438 137338 62630 62570
53940 3101 2967 6 60438 60440 140255 62601 62603 62827
53941 2350 2587 8 60442 60443 141295 139397 139398 141421 141334 140229
53942 2749 2469 5 60444 60445 141272 141247 141094
53943 2469 2587 6 60443 60445 141389 141314 141313 141296
53944 2265 2337 5 60446 60447 140041 139504 60524
53945 2201 2167 6 60448 60449 139759 139758 139872 139876
53946 2201 2337 4 60449 60446 60526 137707
53947 2167 2337 4 60447 60449 139953 139955
53948 1718 1377 7 60451 60452 141046 139497 139495 139736 139924
53949 1718 1750 7 60452 60450 139615 127887 127889 141061 141045
53950 1718 1359 4 60450 60451 139922 139921
53951 3176 3328 4 60453 60454 62339 60658
53952 2942 2893 5 60456 60457 60621 60516 60517
53953 2707 2893 5 60457 60458 60511 60510 135227
53954 2707 2942 3 60455 60457 136896
53955 2893 2871 6 60456 60458 140331 140336 140000 136946
53956 2885 3068 5 60459 60460 136145 136147 140240
53957 3090 3068 6 60460 60461 63186 63139 63141 139940
53958 3068 2941 4 60459 60461 136798 136854
53959 2924 2746 6 60462 60463 115318 136874 136876 115435
53960 2924 2745 5 60463 60464 140367 139270 115317
53961 2894 2745 6 60464 60465 139390 140294 139998 139997
53962 2894 2924 4 60462 60464 140365 115436
53963 2745 2746 4 60463 60465 61048 61049
53964 4945 4773 4 60466 60468 67795 67809
53965 4615 4835 4 60474 60475 63378 63377
53966 4835 4764 8 60473 60475 68796 68795 68794 67334 67332 61343
53967 2948 2938 7 60479 60480 116961 137920 140559 115566 115567
53968 3057 2938 3 60481 60479 139880
53969 2421 2440 3 60482 60483 140457
53970 2421 2467 6 60483 60484 138648 140398 136973 136974
53971 2503 2467 3 60484 60485 138650
53972 2503 2440 7 60485 60482 137005 137007 137560 137589 140297
53973 2503 2421 6 60482 60484 138649 140326 140394 140393
53974 2705 2661 4 60486 60487 137056 140306
53975 2560 2679 5 60488 60489 137502 137501 140078
53976 2560 2661 5 60489 60486 140228 139863 139862
53977 2560 2705 4 60486 60488 140289 140307
53978 2644 2675 5 60490 60491 140328 62523 62524
53979 2707 2529 4 60492 60493 62696 140011
53980 2529 2675 4 60491 60493 62695 136591
53981 2595 2627 6 60495 60496 140162 140021 137229 137230
53982 2596 2414 7 60497 60494 63136 137358 138340 138341 140037
53983 2596 2595 3 60494 60496 63135
53984 2627 2414 3 60495 60497 139927
53985 2807 2835 7 60498 60499 136126 119968 119969 135909 136046
53986 2807 3055 5 60499 60500 135541 135542 136127
53987 3138 3055 6 60500 60501 78712 76780 76781 135568
53988 3138 2835 5 60501 60498 136047 119332 119333
53989 3138 2807 4 60498 60500 135567 135999
53990 3787 3738 6 60502 60504 62253 62988 62989 63524
53991 3002 2941 6 60505 60506 135504 135596 135594 136798
53992 3002 3161 7 60506 60507 63260 136800 136891 119133 119134
53993 3090 3002 4 60505 60507 63187 63186
53994 3161 2941 3 60506 60508 135505
53995 4167 3806 5 60512 60513 61885 63601 63932
53996 3365 3189 3 60514 60515 63055
53997 2984 3021 5 60518 60519 136887 133905 133903
53998 2984 2893 7 60519 60516 60623 136898 136899 136961 136886
53999 2984 2942 5 60516 60518 62957 62958 60622
54000 3021 2893 7 60517 60519 115579 63100 63099 137330 136946
54001 2918 2953 9 60520 60521 140208 140100 137353 137356 140151 140332 140149
54002 2918 3101 4 60521 60522 140266 140218
54003 3064 3101 7 60522 60523 62603 62829 63162 63163 63177
54004 3064 2953 8 60523 60520 63093 63092 62565 62563 137320 62602
54005 3064 2918 4 60520 60522 140265 140150
54006 3101 2953 4 60521 60523 62601 140219
54007 2229 2337 7 60526 60524 139506 141315 137016 137018 137706
54008 2229 2265 5 60524 60525 140147 139586 139505
54009 2573 2661 3 60527 60528 139837
54010 2573 2595 6 60528 60529 137229 137227 139700 139701
54011 2647 2595 4 60529 60530 140198 140021
54012 2595 2661 5 60528 60530 140197 137465 137464
54013 3112 3249 5 60533 60535 60569 60536 60537
54014 3146 2977 5 60540 60541 140142 140143 60542
54015 2974 2885 9 60543 60544 136936 136935 136870 136871 136145 62955 62956
54016 2830 2974 3 60543 60545 136944
54017 3067 3339 3 60547 60548 60632
54018 3176 3067 4 60546 60548 60634 62471
54019 3169 2856 5 60549 60550 139836 139611 115431
54020 3222 3243 9 60553 60551 60774 60776 63105 136988 136877 63268 63227
54021 3222 3380 3 60551 60552 61366
54022 2503 2545 4 60556 60554 137481 136859
54023 2582 2545 9 60555 60556 136573 136572 133281 133280 63038 63037 135663
54024 2823 2731 10 60558 60559 62648 62647 137344 137349 137074 137075 63074 63075
54025 2693 2953 8 60560 60557 63073 140333 140151 140152 140275 132960
54026 2693 2823 3 60557 60559 63072
54027 2731 2953 4 60558 60560 63090 63091
54028 3438 3396 5 60566 60564 60694 60790 60802
54029 3249 3396 6 60565 60566 60803 60815 60816 60751
54030 2894 2834 6 60571 60572 139938 140294 140430 140349
54031 3110 2834 5 60572 60573 140048 140050 139939
54032 2834 2985 3 60571 60573 140314
54033 3531 3394 6 60574 60575 60744 60741 62052 62352
54034 2918 2645 4 60577 60578 137356 137354
54035 2918 2693 4 60578 60579 137842 140151
54036 3249 3041 3 60581 60582 60584
54037 3132 3392 8 60585 60586 62526 62525 62625 66322 132947 62617
54038 3703 3422 5 60587 60588 62249 60696 60697
54039 3703 3460 5 60588 60589 62154 61783 61782
54040 3629 3460 3 60589 60590 60768
54041 3629 3703 6 60587 60589 62155 62251 62090 62089
54042 3422 3325 4 60591 60592 60695 60715
54043 3325 3339 3 60591 60593 60685
54044 3391 3474 6 60594 60595 60733 60784 60753 60670
54045 3429 3477 4 60599 60600 64311 66478
54046 3477 3363 4 60599 60601 62285 66589
54047 1989 2108 6 60602 60603 132113 132114 137192 137191
54048 1989 2090 4 60603 60604 131357 131358
54049 2113 2090 4 60604 60605 137567 133404
54050 2113 1989 6 60602 60604 133403 137791 136607 136605
54051 3977 3837 3 60606 60607 63110
54052 3248 3303 8 60611 60609 61386 63214 62974 62976 63515 62568
54053 3521 3303 4 60610 60611 62081 62079
54054 4011 3933 7 60615 60616 61754 61884 62091 61008 61010
54055 3933 3916 5 60614 60616 61753 62258 62259
54056 1772 1909 4 60617 60618 139145 139428
54057 1772 1796 6 60618 60619 114796 114794 128052 139146
54058 1822 1796 6 60619 60620 139548 139335 116643 116642
54059 1822 1909 6 60620 60617 139650 139659 139551 139547
54060 1822 1772 7 60617 60619 137972 137971 139601 139444 139445
54061 1796 1909 4 60618 60620 139546 139147
54062 2830 2984 5 60622 60623 137091 136982 136980
54063 2830 2942 7 60621 60622 136945 136944 136991 136895 136896
54064 2863 2938 6 60626 60624 115569 115566 140005 140006
54065 2858 2938 3 60625 60626 137042
54066 3727 3720 3 60629 60630 62397
54067 3727 3940 5 60630 60627 61675 62337 62459
54068 3337 3334 4 60631 60633 62448 62529
54069 3176 3337 5 60634 60635 62339 62338 62472
54070 3126 2922 3 60637 60638 137373
54071 2922 2967 6 60636 60638 137169 137171 60649 60646
54072 2793 2946 3 60640 60641 141249
54073 3004 2793 5 60639 60641 141319 142008 141321
54074 2215 1975 7 60642 60643 141362 137405 137404 141878 141883
54075 1903 1975 5 60645 60642 138237 137669 137668
54076 1903 2215 4 60642 60644 137445 141882
54077 2006 1975 5 60643 60645 136593 130933 130934
54078 2880 2953 7 60647 60648 63090 132960 140099 140100 140209
54079 2922 2953 6 60648 60649 137320 136963 136962 63091
54080 2953 2967 5 60647 60649 62602 62601 140225
54081 3053 3016 5 60650 60651 60680 60679 60667
54082 3993 3703 3 60652 60653 60714
54083 2943 2965 6 60662 60663 141915 137064 137065 137326
54084 3053 2943 4 60662 60664 60667 62505
54085 2946 2965 3 60663 60665 141916
54086 2943 3016 4 60666 60667 62504 140226
54087 3338 3415 4 60674 60675 62536 62537
54088 3016 3337 4 60680 60677 62472 61789
54089 3016 3067 7 60677 60679 62504 140204 62399 62400 62471
54090 3053 3337 3 60678 60680 61790
54091 3101 3016 4 60682 60683 140205 62399
54092 3209 3016 6 60683 60684 61992 137420 140263 140277
54093 3209 3101 5 60681 60683 140278 140266 63177
54094 3016 3334 4 60682 60684 61991 62400
54095 4742 4899 5 60689 60690 67865 69642 69641
54096 3574 3276 4 60692 60693 60777 60725
54097 3703 3564 5 60697 60698 61676 61678 62089
54098 3328 3564 3 60698 60699 60719
54099 3328 3703 4 60696 60698 61677 62248
54100 3119 3208 4 60701 60702 63275 119764
54101 3412 3138 4 60703 60700 79433 78907
54102 3208 3138 7 60701 60703 78534 63385 62999 62996 119772
54103 4016 4266 3 60705 60706 60739
54104 4266 4190 7 60704 60706 60865 60863 61640 61642 61732
54105 4052 4193 4 60707 60708 60737 60738
54106 3506 3785 5 60712 60710 61786 61718 61717
54107 3506 3703 6 60710 60711 62377 61783 60868 60866
54108 3874 3703 6 60713 60714 61815 62396 62455 61543
54109 3422 3545 3 60716 60717 60718
54110 3391 3483 4 60720 60721 60753 60787
54111 3426 3460 5 60728 60729 60805 60766 60764
54112 3351 3394 7 60741 60742 62101 62102 63190 61997 61998
54113 3351 3647 4 60742 60743 63503 62326
54114 3647 3394 4 60742 60744 62679 62327
54115 3397 3426 5 60746 60747 60755 60749 60748
54116 3057 2977 9 60756 60757 139880 139879 140086 140610 140599 127325 60779
54117 3294 3161 4 60758 60759 63401 63296
54118 3294 3073 6 60759 60760 61031 63355 63305 63304
54119 3426 3474 4 60763 60762 60788 60784
54120 3584 3460 6 60764 60765 60882 62154 60768 60767
54121 3514 3460 4 60765 60766 60793 60794
54122 3811 3677 3 60770 60771 63519
54123 3889 3657 4 60772 60769 61399 61397
54124 3455 3243 3 60773 60774 62073
54125 3455 3222 8 60774 60775 63518 63510 63508 62116 61368 61366
54126 3303 3222 4 60775 60776 62975 62976
54127 3303 3243 6 60776 60773 63248 63225 62010 62012
54128 2977 3263 4 60779 60778 60781 127324
54129 3391 3426 4 60784 60785 60786 60787
54130 3396 3460 5 60791 60792 60793 60805 60819
54131 3426 3396 6 60795 60797 60805 60818 60815 60814
54132 3396 3372 4 60802 60803 60814 60804
54133 3650 3703 6 60807 60808 61543 62009 61785 60866
54134 3536 3696 5 60809 60810 62181 62182 62398
54135 3536 3703 8 60810 60807 60868 61782 62249 62248 61741 61740
54136 3536 3650 6 60807 60809 62458 61951 61952 60867
54137 3887 3681 5 60813 60811 62405 66546 66697
54138 3396 3260 4 60816 60817 60819 60818
54139 4618 4549 6 60820 60821 82728 69740 69534 69535
54140 4618 4483 6 60821 60822 69558 69577 69578 82703
54141 4360 4549 5 60823 60820 69537 70424 81832
54142 4360 4618 5 60820 60822 69557 69567 69536
54143 4483 4549 3 60821 60823 82683
54144 3897 4126 4 60824 60825 60911 60948
54145 4290 4303 3 60826 60827 60854
54146 4290 4294 5 60827 60828 61097 61523 60855
54147 4404 4290 7 60826 60828 61098 61899 61958 61945 61856
54148 3581 3747 5 60829 60830 61780 61972 61787
54149 3778 3787 7 60831 60832 62386 62330 62194 61841 61839
54150 3778 3581 4 60829 60831 62375 61788
54151 3787 3747 5 60830 60832 62484 62492 61781
54152 4663 4767 5 60833 60834 67577 67891 67581
54153 5063 4584 3 60835 60836 67587
54154 5063 4663 6 60833 60835 67586 67506 67508 67582
54155 4584 4767 7 60834 60836 68258 68257 68324 67548 67549
54156 4406 4499 4 60838 60839 69599 60853
54157 4321 4404 3 60840 60837 60909
54158 4385 4178 4 60841 60842 61136 61548
54159 4385 4461 4 60842 60843 61634 61135
54160 4303 4461 5 60843 60844 68353 61569 61570
54161 4461 4178 7 60842 60844 61528 61530 66613 61814 61137
54162 3723 3558 7 60846 60847 66500 62443 62004 62005 62629
54163 4557 4212 5 60850 60848 61663 61611 61612
54164 4557 4214 3 60848 60849 67564
54165 4718 4733 5 60851 60852 69732 69731 69984
54166 4294 4225 4 60855 60856 61942 61935
54167 5221 5412 3 60857 60858 70003
54168 3650 3785 4 60860 60861 61786 61785
54169 3521 3785 6 60861 60862 61544 60959 60960 61718
54170 4266 4292 3 60863 60864 61713
54171 3506 3536 4 60867 60868 61784 61981
54172 3506 3650 4 60866 60867 61980 61786
54173 3784 4055 5 60870 60871 81867 70384 70383
54174 3729 4055 3 60871 60872 83051
54175 3729 4039 7 60872 60869 83528 83025 83026 83131 83270
54176 4055 4039 9 60870 60872 80895 80896 83135 83420 82775 75562 75563
54177 3637 3672 5 60874 60875 80200 80198 61170
54178 3501 3672 5 60875 60876 78239 78238 80572
54179 3501 3815 5 60876 60873 80899 80670 80669
54180 3501 3637 6 60873 60875 80961 82100 79165 79164
54181 3672 3815 4 60874 60876 75811 61171
54182 4793 4448 7 60877 60878 69423 81444 71754 71752 70501
54183 4793 4621 3 60878 60879 69424
54184 4779 4448 6 60880 60877 70502 71769 71768 71755
54185 4779 4793 6 60877 60879 71698 71699 61109 61106
54186 4068 4026 3 60884 60885 60935
54187 3950 4068 5 60883 60885 60934 60965 60964
54188 3537 3607 5 60890 60887 81556 81557 81213
54189 3537 3167 4 60887 60889 81269 82613
54190 3569 3607 4 60888 60890 81156 81155
54191 4089 4454 3 60893 60894 69666
54192 3117 3250 8 60898 60899 82003 81932 81930 82166 82167 71447
54193 3117 2932 8 60899 60900 82036 115700 116106 81915 79898 79899
54194 3091 3250 5 60901 60898 71449 82139 82125
54195 3091 3117 4 60898 60900 82037 71448
54196 2932 3250 4 60899 60901 81835 81837
54197 4339 4529 5 60903 60904 61110 80503 81154
54198 4529 4520 7 60903 60905 71517 71172 71169 74814 74811
54199 4262 4406 5 60907 60908 61419 60922 60923
54200 2826 2909 5 60912 60913 63685 63686 82115
54201 2826 2637 7 60913 60914 82317 82919 82920 115677 115093
54202 2806 2637 5 60914 60915 115143 115332 82318
54203 2806 2909 8 60915 60912 82116 114563 115591 115054 115053 115142
54204 2637 2909 4 60913 60915 80920 80917
54205 3897 3684 5 60919 60916 61029 61746 61745
54206 4246 4290 7 60920 60921 61855 61853 61938 61939 61958
54207 4246 4406 3 60921 60922 61913
54208 4262 4290 3 60923 60920 61899
54209 4262 4246 8 60920 60922 61763 61760 61876 61875 61955 61957
54210 4406 4290 7 60921 60923 61098 61097 61524 61936 61930
54211 3890 4087 8 60925 60926 61874 61959 62017 61773 61772 61868
54212 4262 3801 5 60927 60924 61318 62000 61984
54213 4087 3801 4 60925 60927 61917 61869
54214 4036 3933 4 60928 60929 62260 62258
54215 3881 4084 4 60930 60931 62045 62065
54216 3881 3933 6 60931 60928 62259 62373 61015 61014
54217 3881 4036 6 60928 60930 62064 61833 61835 62069
54218 4084 3933 6 60929 60931 61828 61827 61884 61883
54219 3569 3357 3 60932 60933 61052
54220 4219 4026 5 60935 60936 61709 68163 61711
54221 3950 4219 4 60934 60936 61708 69652
54222 4219 4321 4 60938 60939 61643 69698
54223 4126 4219 7 60937 60939 61644 69704 69675 68163 68162
54224 3929 3818 4 60940 60941 60942 60985
54225 4347 4482 6 60951 60952 61658 69654 61451 61449
54226 4517 4613 6 60955 60956 69764 69691 69690 69626
54227 4613 4495 4 60955 60957 69671 69628
54228 3684 3785 6 60960 60958 61465 61745 61726 61717
54229 4081 4045 5 60961 60962 61909 61892 61476
54230 3797 3929 5 60967 60968 60979 60985 60988
54231 3890 4034 5 60969 60970 61870 62007 61959
54232 2197 1882 3 60972 60973 140572
54233 2085 1882 5 60973 60974 139555 115854 115857
54234 2085 2098 4 60974 60971 140675 140656
54235 2085 2197 9 60971 60973 140574 140576 140570 140571 137536 137535 139566
54236 1882 2098 5 60972 60974 140657 141161 140573
54237 3818 3797 5 60977 60978 60984 60985 60986
54238 3797 3570 3 60981 60982 60983
54239 3797 3885 3 60986 60987 60988
54240 4758 4899 4 60989 60990 61403 67537
54241 4923 4918 4 60992 60993 70155 70279
54242 4928 4918 5 60993 60994 69153 69151 70156
54243 4918 4984 5 60992 60994 70410 71659 70288
54244 3943 3507 4 60997 60998 66604 66281
54245 3943 3470 4 60998 60995 66841 66646
54246 3507 3470 5 60996 60998 66645 66579 66580
54247 3437 3343 5 61000 61001 71400 81706 81705
54248 3395 3343 10 61001 61002 81921 82306 82248 82249 82299 79207 79208 71401
54249 3395 3468 5 61002 60999 82335 81788 81787
54250 3395 3437 3 60999 61001 71399
54251 3357 3167 7 61003 61004 81212 61052 61051 61165 79901
54252 3960 4098 12 61006 61007 81060 71562 71560 81286 81087 81089 81163 71735 71732 71704
54253 4098 3810 4 61005 61007 81803 79709
54254 3933 3952 6 61008 61009 61016 61014 61828 61826
54255 4011 3952 4 61011 61008 61910 61286
54256 3889 3952 6 61009 61011 61285 61979 61983 61549
54257 3952 3786 4 61016 61017 61982 61549
54258 3952 3881 5 61017 61014 62045 62153 62176
54259 4644 4842 7 61018 61019 61400 69531 69553 69538 69528
54260 4644 4797 4 61019 61020 69589 61401
54261 4693 4842 3 61021 61018 69112
54262 4693 4644 5 61018 61020 68733 68735 69529
54263 4034 4068 4 61022 61023 61693 61489
54264 3731 3917 5 61024 61025 61042 61038 61026
54265 3731 3856 4 61027 61028 61038 61040
54266 3195 3294 5 61030 61031 63354 82316 63361
54267 3517 3080 5 61032 61033 81829 61057 61058
54268 3731 3797 4 61039 61040 61042 61041
54269 4292 4162 3 61044 61045 69634
54270 2689 2676 4 61046 61047 135931 116063
54271 2745 2676 5 61049 61046 116064 139269 115317
54272 2745 2689 9 61046 61048 139390 139440 139442 61053 61055 115731 115730
54273 2746 2676 5 61047 61049 115318 115463 115462
54274 2689 2531 8 61053 61054 115161 115497 115498 140415 140416 140458
54275 2689 2478 7 61054 61055 116018 116017 115727 115728 115162
54276 2745 2478 6 61055 61056 132851 132852 140062 140064
54277 2745 2531 3 61056 61053 139436
54278 2478 2531 7 61054 61056 127676 127677 138108 138110 115163
54279 3170 3517 3 61057 61059 81887
54280 3517 3582 6 61074 61075 61090 61076 61077 61091
54281 3737 3517 4 61078 61079 61091 61080
54282 4612 4865 6 61086 61087 70158 70159 71667 81311
54283 4612 4527 3 61084 61086 82650
54284 4865 4546 3 61085 61087 71720
54285 3680 3787 4 61094 61095 63525 63524
54286 3786 3680 4 61093 61095 61140 61139
54287 4294 4406 5 61099 61097 61525 67492 67893
54288 4106 4358 5 61100 61101 62294 61809 61810
54289 4067 3825 7 61102 61103 82780 82739 82721 82720 69565
54290 4067 3683 4 61103 61104 82835 82823
54291 3746 3683 5 61104 61105 82669 82632 82631
54292 3746 4067 6 61102 61104 82832 82830 82770 69566
54293 4602 4793 4 61106 61107 71572 70501
54294 4602 4836 4 61107 61108 71432 71571
54295 4779 4602 5 61106 61108 71431 71504 70502
54296 4836 4793 5 61107 61109 69168 69165 71573
54297 4618 4593 6 61112 61113 69584 69614 69543 69077
54298 4618 4643 5 61113 61114 69534 69651 69583
54299 4463 4643 5 61114 61115 69461 69458 69460
54300 4463 4618 5 61112 61114 69535 69536 69078
54301 4206 4011 5 61118 61116 62224 61897 61513
54302 4206 3811 4 61116 61117 61209 61210
54303 5246 5196 4 61121 61122 68559 72119
54304 5246 5136 7 61122 61119 69436 69433 69442 70408 68558
54305 5246 5085 8 61119 61121 72117 72138 72137 71589 71591 71901
54306 3979 4066 7 61123 61124 63526 61334 61311 61142 61141
54307 4296 4206 10 61125 61126 61567 68512 68372 61391 61392 61912 61898 61513
54308 4296 3979 4 61123 61125 61452 61243
54309 2724 2765 6 61127 61128 102059 113381 112977 112978
54310 2724 1921 8 61128 61129 113693 84004 84007 113633 113259 102060
54311 2951 1921 5 61129 61130 113608 113752 113694
54312 2951 2765 4 61130 61127 113596 113595
54313 2951 2724 6 61127 61129 113673 83863 83865 113629
54314 1921 2765 5 61128 61130 113557 113472 102061
54315 3450 3523 6 61131 61132 78230 79505 82300 79782
54316 3450 3532 4 61132 61133 79791 78231
54317 3378 3523 3 61134 61131 61331
54318 3378 3450 5 61131 61133 62158 62157 79648
54319 3532 3523 6 61132 61134 61332 63470 79488 78232
54320 4399 4178 7 61136 61137 61813 61843 67428 67541 67551
54321 3680 3657 4 61138 61139 62227 61526
54322 5182 5602 5 61144 61145 69623 69624 69777
54323 5273 5602 6 61145 61146 67766 67764 67767 69685
54324 5602 5116 4 61144 61146 69804 69778
54325 3862 3836 3 61148 61149 81614
54326 3862 4032 6 61149 61147 72689 72688 81590 81612
54327 3862 3902 6 61147 61148 81629 81628 79761 79762
54328 3168 2988 4 61150 61152 82189 79646
54329 3056 3083 5 61151 61153 61321 82431 82430
54330 3832 3783 5 61155 61156 70069 82369 82716
54331 3783 3971 4 61154 61156 70067 81102
54332 4644 4746 4 61157 61158 68057 61469
54333 4644 4892 6 61158 61159 69589 68733 68734 69539
54334 5127 4644 6 61157 61159 61401 61400 69530 61470
54335 4892 4746 5 61158 61160 61474 69303 69302
54336 3173 3184 6 61162 61163 82298 82119 82118 139266
54337 3173 3193 5 61163 61161 82206 82371 82376
54338 3173 3167 5 61161 61162 117351 79902 79901
54339 3357 3193 4 61165 61166 82372 82206
54340 3909 3760 3 61167 61168 79779
54341 3637 3820 6 61169 61170 82086 81912 80931 80932
54342 3672 3820 8 61170 61171 75812 80585 80770 80842 80845 82084
54343 3820 3815 7 61169 61171 75810 80666 80667 80623 80625
54344 4623 4681 5 61173 61174 74745 74743 79654
54345 4839 4623 5 61172 61174 73405 73382 73371
54346 4681 4671 4 61173 61175 73245 79655
54347 3947 3772 3 61177 61178 61189
54348 5934 6218 5 61179 61180 88646 91231 91089
54349 6060 6046 6 61181 61182 88903 88905 91066 88932
54350 6060 6218 5 61182 61179 90867 89042 89039
54351 6060 5934 5 61179 61181 88931 91365 91090
54352 6046 6218 5 61180 61182 89376 73818 73817
54353 4548 4532 4 61183 61184 81482 72991
54354 3902 3905 6 61185 61186 80936 79809 74499 74500
54355 3902 3984 5 61186 61187 81504 81506 80935
54356 4177 3984 6 61187 61188 63706 63705 71250 71249
54357 4177 3905 5 61188 61185 81291 81098 79790
54358 4177 3902 7 61185 61187 81092 79770 79769 81190 81290
54359 3984 3905 4 61186 61188 79789 80921
54360 5446 5115 4 61191 61192 70126 69573
54361 5446 4991 5 61192 61193 70128 70144 70142
54362 5318 5115 4 61194 61191 68171 68170
54363 4991 5115 7 61192 61194 68638 68640 69482 68720 68721
54364 4491 4473 7 61200 61201 68714 68460 68459 61562 61405
54365 4239 4491 7 61200 61202 61445 61531 61532 61573 61406
54366 4541 4777 4 61203 61204 61669 67576
54367 3095 3182 6 61212 61211 78895 79531 118860 78958
54368 3666 3639 5 61214 61215 62356 62106 62105
54369 4699 4789 6 61216 61217 72572 72514 72001 72000
54370 4699 4736 5 61217 61218 63793 68961 68960
54371 4548 4736 4 61218 61219 72412 63794
54372 4548 4789 8 61219 61216 71936 71935 81341 73154 73135 72410
54373 4736 4789 6 61217 61219 72411 73125 70476 70473
54374 4001 4236 4 61220 61221 78395 78483
54375 4123 4236 8 61221 61222 75319 78248 77578 74840 74839 76845
54376 4236 4137 6 61220 61222 75318 76613 75244 75246
54377 3274 3212 6 61225 61226 81839 81841 81796 81795
54378 3350 3212 6 61226 61227 81939 81653 81650 82050
54379 4443 4056 5 61228 61229 70357 71355 71396
54380 4443 4004 4 61229 61230 81862 70356
54381 3939 4056 5 61231 61228 71174 71176 83094
54382 4226 4239 4 61233 61234 61264 61295
54383 4641 4845 4 61235 61236 67878 67574
54384 4783 4594 6 61237 61238 67913 67914 61654 61655
54385 4567 4779 5 61240 61241 71768 68725 67538
54386 4701 4779 5 61241 61242 69360 71504 71769
54387 4701 4758 4 61242 61239 61701 68056
54388 4364 4536 8 61249 61250 81494 81495 82769 82786 82784 81643
54389 4536 4560 4 61249 61251 82748 81645
54390 3984 3766 4 61253 61254 78454 78452
54391 3766 3815 6 61252 61254 73542 73541 80389 80196
54392 5652 5566 4 61255 61256 69625 68647
54393 3811 4021 3 61260 61261 62978
54394 4615 4372 5 61262 61263 64830 68756 68764
54395 3650 3581 5 61265 61266 61972 61973 61951
54396 5425 5676 6 61270 61271 68728 69183 67991 67992
54397 5600 5425 8 61270 61272 69117 69230 68039 68038 69401 69400
54398 3962 4187 6 61273 61274 62238 62225 61985 61986
54399 4030 4187 7 61274 61275 61468 61728 61727 62424 62239
54400 3764 3919 4 61277 61278 79810 79600
54401 3667 3919 6 61278 61279 76353 76354 79593 79597
54402 3667 3781 4 61279 61276 81158 81157
54403 3667 3764 7 61276 61278 81639 73115 73114 79811 81547
54404 3919 3781 4 61277 61279 79776 79601
54405 4391 4586 6 61283 61284 71808 71810 81386 71746
54406 4391 4397 7 61284 61281 80341 61349 61351 73326 81305
54407 4391 4677 4 61281 61283 71745 71783
54408 4586 4397 4 61282 61284 63695 63694
54409 4045 3952 5 61285 61286 61909 61978 61977
54410 3996 3783 5 61287 61288 81102 70517 70515
54411 3771 3783 9 75341 75338 61289 61287 71263 82612 70332 70329 -1
54412 3845 3783 6 61288 61289 79752 79754 70069 70067
54413 4764 4763 5 61290 61291 68763 68825 68826
54414 4763 4615 3 61290 61292 68816
54415 4677 4802 7 61297 61298 61302 61300 81513 71654 71653
54416 4717 4586 6 61299 61296 71746 69456 69457 81451
54417 4717 4677 5 61296 61298 71739 71740 71745
54418 4802 4586 7 61297 61299 81450 69361 69363 79184 71705
54419 4677 4913 7 61300 61301 72621 81510 81430 81428 81511
54420 4677 4727 6 61301 61302 71739 68693 68694 72622
54421 4802 4727 4 61302 61303 71858 71766
54422 4727 4913 5 61301 61303 71864 71920 71921
54423 4328 4676 4 61305 61306 71847 71845
54424 4548 4676 6 61306 61307 63792 63794 72793 72991
54425 4548 4328 5 61304 61306 81482 71617 71616
54426 4676 4466 4 61305 61307 80583 80582
54427 4319 4397 5 61308 61309 71940 71941 73326
54428 4177 4397 4 61310 61308 61351 61348
54429 4211 4397 4 61309 61310 71806 81219
54430 3519 3680 5 61314 61312 62837 62838 62084
54431 3635 3763 6 61317 61315 63847 63853 79824 63404
54432 3056 3133 5 61321 61322 82023 82621 82434
54433 3688 3788 4 61325 61326 64912 63862
54434 3682 3788 4 61326 61327 63588 64887
54435 3459 3896 3 61328 61329 64414
54436 3523 3417 8 61331 61332 63467 63465 79747 81548 82302 79782
54437 3578 3471 8 61336 61337 63722 63913 64555 64568 64703 64978
54438 3471 3542 3 61335 61337 63721
54439 4444 4484 6 61339 61340 73105 71843 71844 63693
54440 4586 4484 6 61342 61339 63695 71808 71074 71073
54441 4586 4444 3 61339 61341 63694
54442 4677 4484 4 61340 61342 71937 73106
54443 4398 4319 7 61344 61345 71842 72009 72008 71760 71763
54444 4398 4444 5 61345 61346 79772 73122 71843
54445 4211 4444 6 61346 61347 81219 73101 73102 81340
54446 4444 4319 4 61345 61347 71940 71844
54447 4322 4391 5 61349 61350 81270 71519 71520
54448 4177 4391 5 61350 61351 70506 70505 81272
54449 4177 4322 6 61348 61350 81271 81500 79635 71807
54450 4375 4223 3 61354 61352 71424
54451 3497 3559 6 61356 61357 78597 78598 79517 79521
54452 3497 3739 5 61357 61355 63449 63446 63458
54453 4796 4839 4 61360 61358 68969 71602
54454 4796 4866 5 61358 61359 73311 73304 68968
54455 3530 3364 6 61363 61364 78574 78506 77061 77059
54456 3364 11913 4 61363 61365 76737 76736
54457 3455 3313 3 61367 61368 62115
54458 4594 4504 4 61369 61370 61651 61719
54459 4378 4504 7 61371 61369 61721 68499 61560 61559 61557
54460 4499 4504 3 61370 61371 61558
54461 4473 4066 4 61372 61373 61564 61405
54462 3748 3941 4 61374 61375 61851 62054
54463 3748 4058 4 61375 61376 61537 61538
54464 4036 3941 4 61377 61374 61927 61858
54465 4058 3941 7 61375 61377 61859 62307 62308 62167 61852
54466 3265 3142 7 61380 61378 63123 63549 63550 62990 62057
54467 3265 3210 5 61378 61379 62723 62724 63122
54468 4540 4206 5 61381 61382 61390 61391 68371
54469 4206 4574 8 61381 61383 68760 68484 68483 68482 68512 68519
54470 3251 3303 3 61386 61385 63147
54471 4296 4442 3 61392 61389 65291
54472 4296 4540 4 61389 61391 65506 65508
54473 4206 4442 6 61390 61392 65292 68347 68474 68472
54474 4642 4685 7 61393 61394 68539 68538 68406 67521 67522
54475 4642 4594 10 61394 61395 61655 61653 68403 61506 61507 61719 61720 68540
54476 4641 4642 3 61393 61395 67546
54477 4594 4685 3 61394 61396 67743
54478 4797 5127 5 61401 61402 69504 69453 69452
54479 4779 4899 7 61403 61404 69579 70112 69582 68726 67538
54480 4066 4491 3 61405 61406 61563
54481 4873 4909 7 61409 61410 70623 71508 71691 71689 71588
54482 4873 5085 4 61410 61407 70663 70622
54483 4873 5105 5 61407 61409 71587 71855 71856
54484 4909 5085 5 61408 61410 70621 71813 71773
54485 4913 5144 5 61412 61413 71716 72459 68877
54486 4951 5144 5 61413 61414 71814 69471 69472
54487 4951 4909 5 61414 61411 71509 70623 70621
54488 4951 4913 4 61411 61413 71715 71920
54489 5144 4909 7 61412 61414 71813 72215 72344 68598 68597
54490 4663 4096 4 61415 61416 67074 67073
54491 4437 4096 6 61416 61417 61844 66486 66487 67224
54492 4096 4399 6 61415 61417 61843 61588 61587 67602
54493 5375 5238 3 61422 61423 68702
54494 5268 4942 3 61428 61426 72172
54495 4892 4806 4 61429 61430 68717 68121
54496 4857 4806 4 61431 61429 68122 68530
54497 4799 4955 4 61432 61433 68977 68703
54498 4983 5120 5 61436 61437 61639 67910 68236
54499 4983 4960 5 61437 61434 68392 67659 61638
54500 4983 5030 3 61434 61436 68235
54501 4742 4618 5 61439 61440 69577 69575 67865
54502 4488 4618 7 61440 61441 69242 69663 69568 69557 69558
54503 4488 4742 4 61438 61440 69571 69263
54504 5255 4936 5 61444 61442 69497 71062 71061
54505 5255 5127 5 61442 61443 69156 69332 69495
54506 4495 4482 4 61449 61450 69682 61707
54507 4434 4495 4 61448 61450 69714 61664
54508 5161 5251 5 61454 61455 73276 73902 73708
54509 5249 5251 6 61455 61456 73613 73575 73573 73277
54510 5249 5128 6 61456 61453 72587 73200 73201 73648
54511 5249 5161 3 61453 61455 72586
54512 3495 3806 4 61459 61460 63289 62267
54513 3806 3432 4 61458 61460 63288 64084
54514 5407 5566 6 61461 61462 67979 67982 69753 69754
54515 5504 5407 7 61461 61463 69855 67984 67986 69868 69853
54516 3801 3684 5 61464 61465 61746 61921 62118
54517 4172 4187 3 61468 61466 61614
54518 4758 5127 4 61470 61471 69590 69550
54519 4746 4758 7 61469 61471 69591 69594 69115 69114 68056
54520 3889 3890 3 61473 61472 61868
54521 4296 4225 5 61477 61475 61850 61878 61900
54522 4045 4225 5 61476 61477 61596 61595 61893
54523 4542 4378 4 61478 61479 61557 61491
54524 4445 5213 4 61480 61481 65305 66072
54525 4939 4910 7 61482 61483 67555 67556 68555 68620 68602
54526 5135 4910 6 61484 61482 68584 68583 65492 65493
54527 5185 4910 3 61483 61484 67911
54528 5150 5095 6 61485 61486 72381 72382 72531 73598
54529 5150 5013 5 61486 61487 70986 70984 72099
54530 5317 5013 5 61487 61488 73198 73197 72647
54531 5317 5095 4 61488 61485 72871 72873
54532 5317 5150 5 61485 61487 71002 71001 73597
54533 5013 5095 5 61486 61488 73895 73894 72710
54534 3969 4064 6 61494 61495 64061 63930 63931 64892
54535 3969 3740 5 61495 61496 64700 64950 64062
54536 3770 3969 4 61494 61496 64699 64893
54537 5205 5185 5 61498 61499 67517 61510 61511
54538 5088 5185 5 61499 61500 68561 68230 67519
54539 4584 4540 7 61501 61502 61568 68457 68456 68097 65160
54540 5088 5061 6 61503 61504 68002 68230 68562 68052
54541 5088 5375 6 61504 61505 69499 68419 67943 67944
54542 4642 4542 3 61507 61508 68229
54543 4693 4594 4 61509 61506 68404 61649
54544 4542 4594 4 61507 61509 61648 61651
54545 3536 3422 4 61514 61515 62250 62249
54546 3460 3536 6 61514 61516 61889 62037 61784 61782
54547 3566 3657 4 61519 61517 62014 63240
54548 4187 4208 4 61520 61522 61914 61986
54549 4163 4461 3 61529 61530 66614
54550 3332 3329 5 61534 61535 62451 62450 62737
54551 3748 4046 4 61536 61537 61925 61923
54552 3816 4058 3 61538 61539 61852
54553 3816 4046 6 61539 61536 62103 63592 63591 62166
54554 3430 3531 7 61541 61542 63505 62354 62352 63036 62075
54555 3430 3380 5 61542 61540 63308 63307 63507
54556 4479 4271 3 61545 61546 61730
54557 4271 4106 5 61545 61547 61811 61791 61792
54558 4225 4404 3 61551 61552 61856
54559 4378 4225 5 61550 61552 61941 61940 61878
54560 4766 4862 5 61554 61556 70013 70011 69587
54561 4504 4296 7 61560 61561 61575 61566 61567 68505 68498
54562 4504 4066 7 61563 61564 61572 68240 61565 61566 61574
54563 4473 4504 4 61562 61564 61571 68478
54564 4206 4504 3 61565 61567 68482
54565 4303 4584 5 61570 61568 63426 63427 61635
54566 4303 4540 5 61568 61569 68471 65508 65505
54567 4226 4504 3 61571 61572 68239
54568 4504 4239 3 61573 61574 61575
54569 4219 4292 4 61580 61581 69697 69695
54570 4347 4292 4 61583 61580 69696 69765
54571 4347 4219 8 61580 61582 69701 69703 61644 61643 69502 69501
54572 4648 4680 4 61584 61585 65135 65136
54573 4326 4680 3 61586 61584 65233
54574 4215 4096 5 61589 61587 67043 67045 67111
54575 4046 4096 7 61588 61589 63589 63591 67116 66611 66609
54576 4034 3818 4 61590 61591 61617 61616
54577 4087 4246 5 61593 61594 61760 61761 61853
54578 4087 4045 6 61594 61595 61944 61977 61950 61949
54579 4225 4246 5 61596 61593 61938 61940 61900
54580 4225 4087 4 61593 61595 61943 61963
54581 4045 4246 4 61594 61596 61877 61876
54582 5004 5055 7 61599 61597 69912 67787 67788 67805 67554
54583 5004 4924 5 61597 61598 61689 67859 69918
54584 5113 4914 6 61600 61602 67712 67560 64208 64207
54585 4458 4604 3 61603 61605 69635
54586 4613 4396 4 61604 61606 61682 69691
54587 4800 4212 4 61610 61611 61662 67793
54588 4214 4187 7 61614 61613 67460 67461 67595 61729 61728
54589 3703 4034 5 61615 61616 62395 62396 62454
54590 4488 4360 4 61623 61624 69557 61631
54591 4360 4447 7 61631 61632 82797 69414 69413 69563 69567
54592 4990 4960 6 61636 61637 67659 68575 68531 67598
54593 4983 5033 3 61639 61638 67660
54594 4190 4396 3 61640 61641 61712
54595 4190 4422 6 61641 61642 61747 61750 69674 69687
54596 4126 4347 4 61644 61645 61658 69655
54597 4499 4693 3 61649 61650 68551
54598 4827 4642 5 61652 61653 68537 67588 67590
54599 4827 4594 3 61653 61654 68536
54600 4783 4642 5 61655 61652 67520 67522 67546
54601 4669 4666 5 61660 61661 62427 62333 62334
54602 4666 4956 6 61659 61661 67097 67096 67532 67533
54603 4212 4666 4 61663 61662 62334 62336
54604 4208 4399 5 61666 61668 67490 67540 67551
54605 3962 4208 5 61671 61672 62364 62132 61986
54606 3777 3573 5 61673 61674 62530 62654 61846
54607 3703 3813 6 61678 61679 61755 62263 62252 62090
54608 4613 4292 4 61682 61683 69676 69764
54609 5582 5691 4 61686 61687 69959 69963
54610 5356 5239 5 61690 61691 69562 69561 69971
54611 5356 5415 8 61691 61692 70019 69998 69931 69929 69958 69950
54612 4567 4476 8 61694 61695 61697 69613 67802 67803 69617 69615
54613 4593 4567 6 61694 61696 71775 68725 68724 69614
54614 4567 4301 4 61697 61698 69445 69443
54615 4301 4476 5 61697 61699 69386 69480 69481
54616 4604 4523 4 61702 61703 69692 69569
54617 4604 4422 4 61703 61704 69672 69693
54618 4219 3856 3 61710 61711 68162
54619 4505 4494 3 61715 61716 69605
54620 4642 4378 5 61720 61721 68510 68538 68541
54621 4504 4642 6 61719 61721 68511 67866 67867 68229
54622 5866 5420 4 61724 61725 64698 66315
54623 4266 4034 3 61731 61732 61751
54624 3334 3460 5 61736 61737 62436 61891 61889
54625 3334 3506 3 61737 61738 62437
54626 3521 3460 3 61739 61736 62037
54627 3861 3890 4 61742 61744 61870 62006
54628 4422 4034 4 61747 61749 61752 61751
54629 4094 3933 4 61754 61753 62260 61883
54630 4087 4150 7 61761 61762 61874 61799 61797 61961 61854
54631 4150 4246 4 61761 61763 61913 61855
54632 3362 3314 4 61765 61766 62179 62578
54633 3362 3247 4 61766 61764 62574 62178
54634 4081 3952 5 61767 61768 61909 61910 61826
54635 4084 3952 4 61769 61767 61828 62045
54636 4035 3890 3 61773 61771 61863
54637 4049 3982 3 61774 61775 65013
54638 3946 3756 5 61778 61779 65112 66484 63585
54639 3946 3751 5 61776 61778 63584 67163 66622
54640 3756 4272 5 61777 61779 65111 65095 65094
54641 3647 3747 5 61780 61781 62477 62036 62034
54642 4479 4215 5 61794 61795 62433 62432 67126
54643 4566 4187 6 61796 61793 66919 67461 67459 61801
54644 4566 4479 4 61793 61795 67072 66918
54645 4087 4034 4 61798 61799 61959 62015
54646 4106 4138 5 61804 61805 61821 61812 61811
54647 4106 4365 3 61806 61807 61810
54648 4178 4437 7 61814 61813 61844 67230 67231 67232 67117
54649 4317 4043 5 61817 61818 63635 63634 66485
54650 4106 3921 4 61819 61820 61822 61821
54651 3534 3277 4 61824 61825 66456 66558
54652 3534 3779 7 61825 61823 62276 64292 66327 66326 66423
54653 3933 4081 3 61826 61827 62091
54654 3142 3318 4 61831 61832 63121 63302
54655 3142 3243 4 61829 61831 63030 63029
54656 3318 3210 6 61830 61832 63120 62724 62581 62583
54657 3962 3881 3 61833 61834 62343
54658 3866 3881 8 61834 61835 62070 63317 62121 62123 62196 62198
54659 3380 3566 3 61837 61838 62232
54660 3566 3632 6 61836 61838 62047 62046 63070 62014
54661 3778 3639 6 61839 61840 62195 62694 62376 62375
54662 3778 3748 3 61840 61841 62193
54663 3787 3639 4 61842 61839 62476 62954
54664 3748 3639 8 61840 61842 62949 62938 62936 62765 62105 62104
54665 4096 4178 6 61843 61844 64984 62306 62305 66609
54666 3681 3573 4 61845 61846 62439 62341
54667 3816 3941 7 61851 61852 62166 62206 62205 62776 62056
54668 4087 4290 6 61853 61854 61960 61967 61964 61963
54669 4150 4290 4 61854 61855 61930 61937
54670 4058 3916 3 61859 61860 67174
54671 3916 4036 8 61858 61860 67173 62261 62258 62069 62068 61929
54672 4035 3824 7 61863 61861 62201 62486 61932 61931 62016
54673 3890 3824 7 61862 61863 62017 62007 62006 61976 61975
54674 4035 3993 3 61864 61865 61867
54675 3774 3804 4 61873 61871 61947 62001
54676 4296 4246 4 61875 61877 61900 61954
54677 4116 4011 4 61881 61882 62224 61993
54678 4094 4116 5 61880 61882 62236 63031 63652
54679 4167 4080 4 61885 61887 62268 62270
54680 4045 4035 4 61892 61893 61944 61978
54681 4106 3727 3 61894 61896 62027
54682 4094 4206 4 61897 61898 61911 62236
54683 3434 3109 4 61901 61902 63567 63164
54684 3609 3109 6 61904 61901 63166 63222 63221 64048
54685 6741 6869 6 61906 61907 90821 90823 90529 90532
54686 6573 6741 3 61905 61907 92021
54687 6869 6543 3 61906 61908 90556
54688 4206 4303 4 61912 61911 63032 65292
54689 4187 4046 4 61914 61916 62226 61985
54690 3801 4021 7 61917 61918 62038 63474 61989 61987 61984
54691 3801 3731 6 61921 61922 61988 61989 63475 62119
54692 3941 3738 5 61927 61928 63555 62056 62054
54693 3824 3874 5 61932 61933 62455 62503 62487
54694 4034 3824 6 61931 61933 62454 62008 62007 62015
54695 4290 4172 4 61936 61937 61960 61948
54696 4246 4378 5 61939 61940 61954 61955 61956
54697 4378 4290 3 61939 61941 61945
54698 4246 4404 3 61956 61957 61958
54699 4087 4172 4 61960 61961 61962 61965
54700 4087 4180 3 61965 61966 61967
54701 3534 3359 7 61969 61970 66333 66436 66568 66424 66326
54702 3710 3534 3 61968 61970 64307
54703 3650 3727 4 61973 61974 62096 62458
54704 3801 4247 4 61987 61988 61990 62000
54705 3189 3318 3 61995 61996 63247
54706 3370 3374 6 62002 62003 62444 66503 62414 62415
54707 3723 3370 3 62002 62004 62442
54708 3558 3374 3 62003 62005 62445
54709 3243 3110 5 62011 62012 63105 136989 63294
54710 3303 3110 4 62012 62013 62974 62975
54711 3303 3158 6 62013 62010 62580 62579 63147 63214
54712 3824 4087 3 62015 62016 62017
54713 3380 3310 3 62019 62020 63054
54714 3318 3310 9 62020 62021 63043 63108 63109 63120 63121 63303 63247
54715 3318 3365 3 62021 62018 63042
54716 3310 3365 7 62019 62021 62217 62216 64058 63274 63055
54717 3142 3007 6 62022 62023 63035 63002 63003 62990
54718 3207 3007 6 62024 62022 62991 64107 62984 62933
54719 3696 4075 3 62025 62026 62460
54720 3727 4075 5 62027 62025 62337 62328 62290
54721 4317 4437 6 62030 62028 66937 66938 66485 66487
54722 4317 4804 5 62028 62029 67465 67464 67509
54723 3824 3747 6 62035 62036 62478 62480 62486 62487
54724 3677 4021 3 62038 62039 63368
54725 3351 3146 3 62040 62041 62446
54726 3368 3727 6 62042 62043 63085 62681 62668 62667
54727 3639 3727 5 62043 62044 62376 62374 63086
54728 3592 3313 5 62048 62049 63497 64037 62952
54729 3592 3566 5 62049 62046 63071 63306 63496
54730 3592 3632 6 62046 62048 62951 63531 62138 62139
54731 3816 3738 5 62055 62056 63556 62927 62767
54732 3207 3265 6 62057 62058 62731 62973 64104 62991
54733 2522 2566 7 62059 62060 135602 134762 134760 136478 135805
54734 2522 2395 4 62060 62061 136472 135603
54735 2289 2395 5 62061 62062 130664 130665 133518
54736 2289 2566 3 62062 62059 135807
54737 2395 2566 8 62060 62062 131400 131402 135795 135768 135770 135604
54738 4035 3881 6 62065 62064 62343 62198 62175 62153
54739 3881 3916 4 62069 62070 62372 62259
54740 3934 3770 5 62076 62077 63739 63737 64512
54741 3934 3616 4 62077 62078 78345 64682
54742 3661 3934 5 62076 62078 78343 64806 64513
54743 3684 3303 3 62080 62081 62568
54744 3816 3834 5 62087 62088 66403 66402 62103
54745 2986 3156 3 62094 62095 62929
54746 3477 3598 4 62097 62098 62369 64433
54747 3590 3655 4 62099 62100 67184 66409
54748 3590 3477 6 62097 62099 64168 64165 64311 64313
54749 3655 3598 4 62098 62100 66626 62371
54750 3834 3639 4 62104 62106 62666 62195
54751 3383 3368 5 62107 62108 62753 62785 62788
54752 4094 4036 5 62110 62111 62260 62261 67135
54753 3532 3457 9 62113 62114 63849 63492 63490 63195 63196 63226 62241
54754 3532 3630 8 62114 62112 63864 63463 63464 63745 63746 63848
54755 3731 3709 3 62119 62120 63477
54756 3786 3866 5 62122 62123 62197 62202 62479
54757 2624 2719 5 62124 62125 79362 137027 137026
54758 2624 2522 7 62125 62126 137033 136478 136477 133346 79363
54759 2747 2522 4 62126 62127 63279 63281
54760 2747 2624 4 62124 62126 137030 137029
54761 2522 2719 3 62125 62127 79364
54762 4334 4110 3 62129 62130 66877
54763 4041 4358 3 62131 62128 67221
54764 4041 4334 6 62128 62130 66846 66847 67037 67129
54765 4049 4445 7 62133 62134 66238 64383 64386 65368 65366
54766 4049 4051 8 62134 62135 64412 65012 65013 65365 65728 66237
54767 4088 4049 3 62133 62135 64413
54768 3762 3632 4 62137 62138 63530 62218
54769 3592 3762 6 62136 62138 63529 64051 63810 63795
54770 3507 3821 5 62140 62141 64166 64167 66602
54771 3507 3475 5 62141 62142 66630 65090 65091
54772 3543 3369 3 62143 62144 62348
54773 3266 3031 7 62145 62146 133154 62906 62909 62750 62751
54774 3266 3465 4 62146 62147 66581 133153
54775 3587 3031 3 62148 62145 66425
54776 3587 3266 5 62145 62147 64302 64301 66553
54777 3465 3031 10 62146 62148 66426 66361 62904 62903 133230 133229 133582 133155
54778 3449 3799 5 62149 62150 66442 66627 62682
54779 3449 3681 5 62150 62151 64418 64419 66441
54780 3546 3681 6 62151 62152 62778 62773 62641 62639
54781 3546 3799 6 62152 62149 62650 62652 66606 62777
54782 3546 3449 4 62149 62151 66545 62683
54783 3681 3799 6 62150 62152 62381 62383 67057 66443
54784 3450 3294 6 62156 62157 79647 82307 79857 79730
54785 3379 3294 4 62159 62156 63277 63276
54786 3379 3450 8 62156 62158 79791 79502 79499 63331 63328 79731
54787 4707 4672 7 62160 62161 64269 64270 63983 63981 76995
54788 4707 4626 5 62161 62162 72736 72807 77541
54789 4362 4672 5 62163 62160 78366 77353 64500
54790 4362 4707 5 62160 62162 65333 65332 78407
54791 4626 4672 4 62161 62163 64499 68953
54792 3365 3505 5 62164 62165 63042 62217 62214
54793 4046 3941 3 62166 62167 67116
54794 3609 3762 3 62168 62169 63580
54795 3777 3469 3 62174 62172 62530
54796 3881 3804 4 62175 62176 62180 62196
54797 3132 3247 6 62177 62178 62514 62512 137301 62665
54798 3314 3132 6 62177 62179 62646 62526 62528 62663
54799 5008 4490 5 62187 62188 66894 66893 66958
54800 5008 4275 3 62185 62187 67011
54801 4490 4760 5 62186 62188 66962 66961 62406
54802 5003 4685 5 62189 62190 67871 64817 64818
54803 3788 3806 10 62191 62192 63566 63631 64084 62896 62897 63588 64885 62220
54804 3866 3804 4 62196 62197 62200 62199
54805 3866 4035 5 62198 62199 62201 62485 62344
54806 3824 3866 4 62200 62201 62480 62202
54807 4043 4096 6 62203 62204 63633 63634 66486 64984
54808 3941 4096 5 62206 62203 62306 62308 67116
54809 3941 4043 5 62203 62205 62775 64210 64983
54810 3816 4096 4 62204 62206 63591 63590
54811 5032 5142 3 62210 62211 65128
54812 5032 4966 4 62211 62208 65427 65127
54813 3516 3505 6 62214 62215 63613 62835 62836 63534
54814 3516 3310 3 62215 62216 63612
54815 3310 3505 7 62215 62217 63043 63520 63521 63522 63614
54816 4116 3806 5 62219 62220 64915 63601 63600
54817 3614 3628 8 62221 62222 64961 64219 64218 64113 64112 64139
54818 3806 3628 3 62223 62221 63300
54819 5465 5172 4 62230 62231 65434 68298
54820 875 520 4 62233 62234 131115 131116
54821 520 11863 5 62233 62235 133641 133713 133776
54822 5754 4953 4 62244 62245 66996 67320
54823 5754 5072 4 62242 62244 67318 67223
54824 3874 3962 4 62246 62247 62394 62491
54825 5252 5017 4 62254 62255 68674 68830
54826 5168 5017 4 62255 62256 63672 63674
54827 4320 3989 4 62264 62265 66615 67106
54828 4080 4116 4 62269 62270 63600 62297
54829 4237 3920 5 62271 62272 64881 64882 63879
54830 4237 3988 3 62272 62273 65117
54831 4235 3988 5 62273 62274 64977 65033 65035
54832 4235 3920 4 62274 62271 63881 64971
54833 4235 4237 8 62271 62273 65118 64954 64828 64829 64975 63880
54834 3988 3920 8 62272 62274 64976 65008 65006 65005 65004 65003
54835 3669 3534 4 62275 62276 64293 66628
54836 4050 4049 4 62277 62278 65368 65367
54837 3477 3821 4 62280 62281 64168 64166
54838 3475 3477 6 62280 62282 64309 64308 65092 65091
54839 3306 3269 3 62286 62284 62727
54840 3477 3269 7 62285 62286 62726 66469 66369 65092 65089
54841 3019 3010 4 62288 62289 64265 133539
54842 3019 3009 4 62287 62288 133537 135287
54843 4810 4502 3 62292 62293 67466
54844 3977 4163 4 62296 62298 63643 63640
54845 4237 4218 7 62299 62300 65119 64883 64881 65117 65118
54846 4410 4327 4 62302 62303 65123 65141
54847 4327 4435 4 62302 62304 65107 65152
54848 4178 3941 6 62306 62307 67176 67175 65050 64983
54849 4058 4096 3 62308 62305 66611
54850 4058 4178 7 62305 62307 67174 67132 67134 67541 66610
54851 5083 4980 8 62309 62310 65499 65501 67138 67137 68333 68246
54852 4973 5083 4 62309 62311 67339 67341
54853 4227 4031 5 62312 62314 66884 63570 63569
54854 5573 5661 3 62315 62316 65122
54855 4435 4650 6 62318 62319 67933 63748 63751 65228
54856 4243 4650 4 62319 62320 63662 63660
54857 4243 4353 6 62320 62317 63051 64502 64501 64587
54858 4243 4435 6 62317 62319 67932 64898 64877 63050
54859 4650 4353 4 62318 62320 64827 68349
54860 3958 2883 5 62323 62324 65329 133567 133566
54861 3639 3503 5 62331 62332 62940 62937 62936
54862 4214 4666 8 62336 62333 62429 67460 67573 67566 67565 67564
54863 4214 4669 4 62333 62335 67595 62428
54864 3543 3368 8 62347 62348 62787 62785 62366 62367 62680 62668
54865 3158 3021 7 62349 62350 135878 63295 63293 136887 115579
54866 3021 3064 4 62349 62351 63092 63100
54867 3430 3296 7 62353 62354 63506 63307 62584 62582 62586
54868 3306 3130 6 62357 62359 62853 64129 64694 62707
54869 2589 2448 6 62360 62361 117123 137266 119079 62813
54870 2589 2545 4 62361 62362 136667 117122
54871 2680 2448 6 62363 62360 62815 137035 137034 137910
54872 2680 2589 6 62360 62362 135659 135661 135884 62814
54873 2545 2448 5 62361 62363 137909 137613 117124
54874 3543 3342 3 62367 62368 62591
54875 3543 3338 6 62368 62366 62561 62536 62538 62589
54876 3495 3598 6 62369 62371 66625 64288 64204 64205
54877 3874 3778 4 62380 62378 62394 62393
54878 3882 3681 5 62381 62382 66623 66198 62778
54879 3778 3866 3 62385 62386 62483
54880 3126 3338 6 62388 62389 62552 62553 62631 62570
54881 3778 4030 3 62391 62392 62393
54882 3392 3573 5 62407 62408 62627 62628 62677
54883 3720 3392 5 62407 62409 62587 62684 62692
54884 4275 3879 5 62410 62411 67024 67038 67085
54885 3370 3188 3 62413 62414 66504
54886 5063 4950 7 62418 62416 67745 67583 67582 65253 65255
54887 4075 4030 4 62421 62422 62424 62423
54888 5084 5108 5 62425 62426 68652 68651 69845
54889 4566 4214 3 62428 62429 67461
54890 4566 4669 7 62427 62428 66919 66918 67070 67092 67091
54891 4387 4498 4 62430 62431 66921 66922
54892 4215 4498 7 62433 62430 67474 67044 67043 67603 67475
54893 4215 4387 5 62430 62432 67125 67610 67473
54894 4479 4498 5 62431 62433 67072 67071 67511
54895 3600 3573 4 62438 62439 62654 62693
54896 3600 3681 5 62439 62440 62773 66198 62655
54897 3558 3600 5 62438 62440 62758 62672 62673
54898 3723 3388 5 62442 62443 66499 66670 62653
54899 3329 3198 4 62451 62452 62808 62799
54900 3296 3329 5 62450 62452 62585 62586 62643
54901 3216 3415 3 62457 62456 62502
54902 3696 3940 4 62459 62460 62462 62461
54903 3696 4122 3 62464 62465 62466
54904 2344 2296 5 62467 62468 64740 133015 133656
54905 2344 2895 5 62468 62469 133017 133014 64741
54906 2188 2344 7 62467 62469 133018 133584 133502 62848 62846
54907 2895 2296 4 62468 62470 133548 64742
54908 3581 3368 4 62475 62473 62681 62680
54909 3747 3786 4 62477 62478 62479 62492
54910 3747 3866 6 62479 62480 62485 62490 62483 62484
54911 3045 3247 4 62481 62482 62665 133318
54912 3747 4035 4 62485 62486 62488 62493
54913 3747 3962 4 62489 62490 62493 62491
54914 2502 2790 6 62494 62495 62719 62718 137617 137321
54915 1946 2502 6 62494 62496 133333 133331 131392 131393
54916 2914 2731 4 62499 62500 137233 137344
54917 2731 2915 4 62499 62501 62649 62647
54918 2943 3067 6 62504 62505 137326 137362 137363 140246
54919 3232 3364 5 62510 62511 64435 76737 63861
54920 3232 3055 5 62511 62508 119742 77117 64434
54921 3132 3126 4 62512 62513 66542 66541
54922 3252 3126 7 62513 62515 62553 62632 137389 137246 137242
54923 3259 3311 3 62516 62518 62697
54924 2823 2914 7 62520 62521 137066 137394 137344 62613 62614
54925 2922 2914 3 62521 62522 137067
54926 2922 2993 7 62522 62519 136963 137170 137169 137373 137377
54927 3392 3314 4 62526 62527 62684 62645
54928 3190 3132 6 62528 62525 62626 132793 62714 62664
54929 3558 3199 6 62531 62532 62672 62640 62642 64417
54930 2435 2514 4 62534 62535 62972 133585
54931 3536 3342 3 62540 62541 62577
54932 2641 2499 4 62542 62543 137044 136907
54933 2502 2426 6 62544 62545 62712 62713 137314 137315
54934 2502 2499 5 62545 62542 136909 137276 136817
54935 2502 2641 4 62542 62544 137351 136908
54936 2426 2499 5 62543 62545 136816 63269 63271
54937 2682 2641 3 62546 62547 137317
54938 2608 2641 7 62547 62548 137352 137351 137331 137013 137012
54939 2287 1981 3 62550 62551 141722
54940 2287 2056 5 62551 62549 137004 141276 141278
54941 3337 3314 4 62554 62555 62559 62556
54942 3337 3194 4 62557 62558 62560 62559
54943 3543 3383 3 62562 62561 62785
54944 3064 2893 6 62564 62565 63100 115580 136957 137047
54945 3064 2993 7 62563 62564 137304 137305 62829 62828 137170
54946 3101 3198 5 62571 62572 62599 137343 63162
54947 3318 3296 4 62583 62584 63239 63231
54948 3318 3430 6 62584 62581 62725 63108 63527 63308
54949 3338 3581 3 62588 62589 62590
54950 2817 2813 6 62592 62593 66447 66446 66663 66664
54951 2817 3098 7 62593 62594 62741 66593 66587 66588 66448
54952 3470 3098 7 62594 62595 133310 64151 62840 62841 62743
54953 3470 2817 4 62592 62594 62742 133179
54954 3098 2813 3 62593 62595 66449
54955 2931 2949 3 62596 62597 136527
54956 3101 3342 5 62599 62600 62604 62630 137339
54957 2967 3064 4 62602 62603 62828 137171
54958 2297 2218 4 62607 62608 141668 142383
54959 2218 2518 5 62606 62608 135102 135101 137127
54960 2810 2990 7 62609 62610 137097 137168 63113 63111 66555
54961 2810 3088 4 62610 62611 137095 137096
54962 3010 2810 7 62609 62611 64296 64295 137106 137118 137120
54963 3088 2990 8 62610 62612 66524 66674 66676 133240 137159 137098
54964 2915 2823 3 62613 62615 62647
54965 3132 3370 3 62616 62617 62623
54966 2962 3025 5 62618 62619 132461 132357 132356
54967 2962 3186 3 62619 62620 137181
54968 3054 2962 6 62618 62620 132479 132478 133334 133386
54969 2790 3199 4 62621 62622 131479 132358
54970 3017 3132 3 62626 62625 66324
54971 3723 3392 3 62627 62629 62644
54972 3126 3342 4 62630 62631 62632 137337
54973 4043 4163 3 62634 62635 63637
54974 4080 4043 5 62633 62635 63638 64210 64209
54975 3198 3210 5 62637 62638 62808 63116 63117
54976 3546 3558 3 62640 62641 62758
54977 3681 3199 3 62642 62639 64418
54978 3429 3546 5 62650 62651 66518 66519 62683
54979 2373 1715 6 62656 62657 133260 133264 133215 132469
54980 2090 1715 5 62658 62656 131599 131601 132369
54981 1878 1715 8 62657 62658 131971 131972 131982 131981 132180 133257
54982 2499 2589 6 62659 62660 137262 119079 119080 135895
54983 2499 2433 5 62660 62661 133300 137268 137263
54984 2516 2433 4 62661 62662 63098 133301
54985 2516 2589 3 62662 62659 63097
54986 2433 2589 4 62660 62662 63096 137020
54987 11647 11582 7 62674 62675 154953 154958 130534 130535 154919
54988 56 11647 3 62674 62676 105908
54989 2792 2299 4 62685 62686 135609 133420
54990 2796 2299 6 62686 62687 135760 135465 135466 135486
54991 2299 2238 8 62685 62687 135757 134788 134786 135368 135367 133421
54992 2673 2865 4 62688 62689 133444 64123
54993 2673 2755 3 62689 62690 134346
54994 2695 2865 5 62691 62688 64125 133512 133511
54995 2695 2673 7 62688 62690 134345 135767 135766 135773 64124
54996 2755 2865 8 62689 62691 64228 64038 64040 135781 135882 135959
54997 2508 2529 5 62696 62695 136592 137475 137508
54998 3821 3751 6 62702 62700 66336 67163 67162 67182
54999 3914 3879 4 62703 62704 66711 66704
55000 3150 3088 4 62705 62706 62708 137038
55001 3306 3088 8 62706 62707 62728 62727 66389 66390 62843 62709
55002 2253 2152 6 62710 62711 135086 135085 66738 66741
55003 2253 2426 6 62711 62712 136816 137316 137454 137597
55004 2502 2152 7 62713 62710 132022 132023 141791 137570 137569
55005 2502 2253 5 62710 62712 136817 136839 136838
55006 2426 2152 5 62711 62713 62807 62806 137598
55007 2740 3190 3 62714 62715 132792
55008 2740 2769 6 62716 62717 137238 66639 66640 131328
55009 2790 2740 4 62716 62718 141954 133194
55010 2502 2769 5 62717 62719 137109 137108 137239
55011 3745 3846 4 62721 62720 64737 64716
55012 3265 3318 3 62724 62725 63109
55013 3088 3477 3 62728 62726 66332
55014 3371 3198 3 62733 62734 62941
55015 3342 3275 4 62735 62732 63083 137384
55016 3198 3275 9 62733 62735 137383 136932 136933 63118 63116 62799 62800
55017 3085 2845 4 62740 62738 64277 64279
55018 3085 2604 5 62738 62739 134148 133767 133711
55019 2817 3283 7 62741 62742 133178 62870 62868 66482 133097
55020 3098 3283 4 62743 62741 66532 66458
55021 2769 2678 5 62746 62747 133284 133285 132351
55022 2769 2483 4 62747 62748 137109 133327
55023 3266 3269 6 62749 62750 62818 62816 66549 66513
55024 3534 3031 6 62751 62752 62917 66436 66426 66425
55025 3534 3266 5 62749 62751 66553 66628 66514
55026 3031 3269 3 62750 62752 62916
55027 2928 2792 6 62755 62756 63627 63628 132804 132802
55028 3019 2792 4 62756 62757 132693 135287
55029 2792 2917 9 62755 62757 64458 64457 135669 66561 66560 132321 132319
55030 4452 4460 5 62761 62762 67257 67255 66976
55031 4714 4460 7 62763 62761 66977 66743 66207 66206 66605
55032 3602 3738 3 62766 62767 62926
55033 4047 3587 4 62769 62768 62915 66352
55034 3787 3464 5 62771 62772 62988 62987 62954
55035 3368 3415 3 62786 62787 62788
55036 2985 3158 3 62789 62790 135878
55037 2985 3012 7 62790 62791 140126 140288 140300 140125 136978
55038 3413 3228 6 62792 62793 74139 80024 78420 78422
55039 3413 3270 4 62793 62794 79055 74138
55040 3280 3270 5 62794 62795 77990 79760 79057
55041 3280 3413 6 62792 62794 79056 80594 79859 79858
55042 1512 1804 3 62798 62796 132907
55043 1512 2023 8 62796 62797 133600 133261 133263 133246 133248 133101
55044 3277 3163 5 62801 62802 133535 64231 64215
55045 3277 3174 4 62802 62803 64477 134826
55046 2152 2347 4 62805 62806 137687 137043
55047 3348 3492 6 62810 62811 79926 80469 76077 70901
55048 3413 3299 4 62812 62809 79933 80024
55049 3492 3299 6 62810 62812 75714 75713 78815 70902
55050 2704 2448 6 62815 62813 63270 63272 130057 130059
55051 2704 2589 4 62813 62814 135883 119080
55052 3266 3238 6 62816 62817 66537 66538 66543 66544
55053 3266 3009 5 62817 62818 62909 62907 64202
55054 3009 3238 4 62817 62819 66661 66660
55055 3140 3432 5 62822 62820 62902 63044 63572
55056 2993 2967 4 62827 62828 137169 137371
55057 3101 2993 5 62827 62829 137343 137339 137338
55058 3098 3025 6 62831 62832 66393 66394 63023 63022
55059 3098 3186 3 62832 62833 66512
55060 3199 3025 4 62834 62831 132376 132461
55061 3516 3680 5 62836 62837 63502 63536 63535
55062 3470 3449 8 62839 62840 64150 66652 66643 66441 66442 66579
55063 3363 3098 10 62841 62842 66233 66234 66387 66388 66675 64169 64170 66458
55064 3363 3449 4 62842 62839 66166 66163
55065 3363 3470 4 62839 62841 66457 66580
55066 3219 3393 4 62844 62845 64346 63925
55067 1983 2344 5 62846 62847 62850 62851 133656
55068 2023 2344 5 62847 62848 133226 133003 133004
55069 2305 2344 5 62851 62852 66185 66187 133015
55070 2305 1967 5 62852 62849 66171 132821 132953
55071 2305 1983 4 62849 62851 133577 66170
55072 3495 3130 3 62853 62854 64130
55073 3938 3969 5 62858 62859 65047 65000 64970
55074 3839 3969 6 62860 62858 64965 64963 64960 64955
55075 3143 3603 6 62861 62862 64744 66146 133893 66147
55076 3603 3196 5 62861 62863 66067 66108 66109
55077 1806 1989 6 62864 62865 137716 137717 137821 131464
55078 1823 1858 5 62866 62867 131359 137771 132305
55079 1823 1989 6 62867 62864 131465 137765 133403 131357
55080 1858 1989 5 62865 62867 131358 132113 132115
55081 2817 2629 6 62868 62869 66633 66631 133011 66481
55082 2817 3244 3 62869 62870 132807
55083 3283 2629 4 62871 62868 66477 65882
55084 3244 2629 6 62869 62871 65881 66782 66779 132136
55085 2813 2955 7 62873 62874 131375 133312 66449 66447 66444
55086 2955 2962 5 62872 62874 131373 132357 66517
55087 4318 4222 7 62877 62875 62890 65450 65448 66114 66259
55088 2002 1854 4 62879 62880 64981 63014
55089 2112 2002 6 62878 62880 64980 132165 132350 133430
55090 2933 2966 6 62881 62882 66476 66525 133622 133163
55091 2933 3283 6 62882 62883 66812 66813 66482 66477
55092 3272 2933 6 62881 62883 132149 133241 133466 133162
55093 3283 2966 4 62882 62884 65883 65882
55094 3439 3359 4 62886 62887 64314 66357
55095 3236 3359 3 62887 62888 64315
55096 2899 3092 6 62891 62892 64448 64446 135528 136001
55097 2899 3109 6 62892 62893 136789 136813 63789 63790
55098 3127 2899 4 62891 62893 136788 136062
55099 3640 3806 4 62897 62895 63300 63301
55100 1834 1454 6 62898 62899 135628 63622 63623 133842
55101 1834 1580 6 62899 62900 128955 128958 135657 135629
55102 1445 1580 6 62900 62901 134776 133953 133955 135470
55103 1445 1454 6 62901 62898 135647 134689 134459 134458
55104 1445 1834 5 62898 62900 135469 135464 135463
55105 1580 1454 5 62899 62901 134775 134934 134953
55106 3103 3465 3 62904 62905 66363
55107 2895 3266 4 62906 62907 64200 133256
55108 2895 3009 6 62907 62908 135736 64338 64339 64201
55109 3031 3009 6 62908 62909 62916 62917 66570 135744
55110 3031 2895 8 62906 62908 135746 133549 64742 64741 132110 132109
55111 2976 3734 5 62910 62911 133131 132717 132718
55112 2976 3549 4 62911 62912 133098 133133
55113 3282 3734 5 62913 62910 66701 66693 66694
55114 3587 3779 4 62914 62915 66368 64292
55115 4855 5036 7 62918 62920 66396 66985 66970 66098 66097
55116 5723 4570 4 62919 62921 66951 66685
55117 3821 4129 7 62924 62922 65049 66336 66335 67050 67194
55118 4047 4129 6 62923 62924 67195 67200 67263 65018
55119 3503 3738 7 62926 62927 67189 62986 62985 62937 62935
55120 3816 3503 3 62925 62927 67188
55121 3265 3495 3 62931 62932 63236
55122 3179 3265 5 62930 62932 63235 63573 62973
55123 3503 3748 3 62934 62935 62936
55124 3738 3639 3 62937 62938 62948
55125 3342 3332 4 62942 62943 63188 63095
55126 2105 2235 5 62945 62946 136479 136481 136619
55127 2120 2235 4 62947 62945 133400 130663
55128 2289 2235 7 62946 62947 130664 135807 135806 137832 136618
55129 3464 3748 3 62949 62950 62987
55130 3592 3365 4 62951 62952 63857 63533
55131 2974 2942 7 62956 62957 136842 136688 136689 136990 136944
55132 2984 2885 6 62958 62955 136147 140324 136981 136980
55133 2984 2974 6 62955 62957 133903 133902 136867 136146
55134 2942 2885 3 62956 62958 136945
55135 3007 3130 4 62959 62960 135829 64235
55136 3179 3130 4 62962 62959 64237 64198
55137 2413 2085 6 62963 62964 138366 138368 139888 140570
55138 2413 2162 3 62964 62965 136039
55139 2157 2162 8 62965 62966 139338 128011 128010 135240 135241 136040
55140 2157 2085 10 62966 62963 140571 139348 139347 139583 139641 139610 139607 139337
55141 2157 2413 6 62963 62965 136038 140470 140374 140375
55142 2162 2085 5 62964 62966 127710 127711 139929
55143 2815 2747 6 62967 62968 137031 137029 136923 136922
55144 2891 2935 5 62969 62970 120114 136559 136560
55145 2891 2815 5 62967 62969 137077 136749 136748
55146 2935 2747 5 62968 62970 120113 136925 136927
55147 2514 2188 4 62971 62972 133502 133435
55148 3811 3566 8 62977 62978 63128 63129 63071 63070 63240 63519
55149 3889 3566 3 62979 62977 63367
55150 4021 3566 8 62978 62979 63368 63474 63472 63471 63473 63151
55151 2768 2843 9 62980 62981 66576 137021 137226 133369 133324 133322 137215
55152 2460 2753 4 62982 62983 137134 137133
55153 2460 2768 6 62980 62982 137183 131319 131321 135903
55154 2753 2843 5 62981 62983 137148 137146 66578
55155 3265 3007 3 62991 62990 63687
55156 2648 2616 7 62993 62994 137083 135856 133375 133376 132532
55157 2507 2616 6 62994 62995 64234 135712 120559 120558
55158 2507 2663 5 62995 62992 137088 137124 64233
55159 2507 2648 4 62992 62994 137085 137084
55160 2616 2663 5 62993 62995 64232 131943 132533
55161 2887 3327 6 62997 62998 120626 120624 120536 120537
55162 3208 3327 6 62998 62999 63386 63744 63604 63603
55163 3208 2887 7 62996 62998 136086 136159 135993 121874 121873
55164 2935 3140 5 63000 63001 64117 133407 133405
55165 2935 3007 4 63001 63002 63034 64116
55166 3142 3140 5 63003 63000 63547 63546 63550
55167 2998 2935 6 63005 63006 133407 133406 64121 64119
55168 2998 2991 7 63006 63004 135944 135478 64032 64034 135755
55169 2998 2735 3 63004 63005 135813
55170 2623 2635 5 63008 63009 64073 64074 135009
55171 2741 2635 5 63009 63010 135260 135490 135216
55172 2741 2798 5 63010 63007 136037 136157 135258
55173 2741 2623 4 63007 63009 135215 135982
55174 2635 2798 5 63008 63010 135259 136136 136025
55175 2831 2730 8 63011 63012 136849 136782 136596 136597 64188 64189
55176 2831 2848 3 63012 63013 136855
55177 2780 2831 5 63011 63013 136857 136588 136587
55178 1854 1878 7 63014 63015 133415 132260 130589 130591 133217
55179 2884 3006 6 63017 63018 133424 133906 64041 64039
55180 3019 2884 4 63016 63018 133425 129909
55181 3006 3013 7 63017 63019 64030 63800 63801 64199 133373
55182 2955 2990 5 63020 63021 132188 132677 66666
55183 2955 3098 8 63021 63022 132375 133310 66449 66448 66530 66529
55184 3025 2990 4 63023 63020 66668 133240
55185 3025 2955 5 63020 63022 132376 132357 66667
55186 3098 2990 7 63021 63023 66676 66675 66672 66671 66683
55187 3084 3115 6 63025 63026 64022 135673 135674 64115
55188 2984 3068 7 63027 63028 136079 136080 136147 136146 136869
55189 2984 3142 7 63028 63029 119086 119084 136961 137052 136841
55190 3243 2984 7 63027 63029 136082 136866 133905 133902 136877
55191 4303 4116 4 63031 63032 68346 64875
55192 3142 2815 5 63033 63035 135997 135996 137077
55193 2545 2735 4 63038 63039 63280 136041
55194 2747 2735 6 63039 63040 136927 137031 137030 63281
55195 2747 2545 4 63037 63039 63279 135664
55196 2735 2582 6 63038 63040 136926 136924 136912 136913
55197 3505 3318 4 63042 63043 63527 63528
55198 3281 3432 6 63044 63045 63854 64042 64067 64029
55199 2507 2395 6 63046 63047 64225 137085 120558 120561
55200 2519 2219 4 63048 63049 133182 133180
55201 2519 2395 7 63049 63046 134858 135604 135603 136446 134955
55202 2519 2507 4 63046 63048 135868 134857
55203 2219 2395 5 63047 63049 134956 135439 64226
55204 4243 4237 5 63051 63050 64878 64956 64975
55205 3612 3904 8 63053 63052 64732 64626 64627 64702 65010 64857
55206 3275 3142 6 63057 63058 137058 63118 63114 63062
55207 2931 3199 3 63059 63060 132477
55208 2703 2631 8 63063 63064 118583 118584 118919 118952 118955 118923
55209 2703 2602 4 63064 63065 118229 118648
55210 2699 2602 5 63065 63066 79146 79329 118230
55211 2699 2631 3 63066 63063 79145
55212 2699 2703 7 63063 63065 115871 115873 118960 79332 79331
55213 2602 2631 7 63064 63066 79144 118638 118737 118797 118920
55214 2959 2931 6 63067 63069 137249 137245 137244 137380
55215 2922 2731 3 63075 63076 63091
55216 2731 2880 7 63074 63076 63090 132961 140232 137178 137180
55217 3371 3259 4 63078 63079 63080 63088
55218 3252 3275 4 63083 63081 63089 137387
55219 3252 3371 4 63081 63082 63084 63088
55220 3371 3727 3 63085 63086 63087
55221 2953 3012 5 63093 63094 137329 140334 140149
55222 3021 2953 3 63092 63094 63099
55223 2761 2433 6 63098 63096 133350 133349 137130 135739
55224 2761 2589 7 63096 63097 135895 135883 135884 137186 137019
55225 1719 1320 4 63101 63102 138245 136708
55226 1598 1530 7 63103 63104 138232 131534 131533 137948 137946
55227 1598 1320 6 63104 63101 129690 129689 131313 131311
55228 1598 1719 4 63101 63103 138113 136709
55229 1530 1320 4 63102 63104 137436 137437
55230 3430 3310 3 63107 63108 63520
55231 3310 3265 7 63107 63109 63122 63123 64016 63523 63521
55232 2810 2690 5 63111 63112 131551 137105 66554
55233 2810 2662 7 63112 63113 137165 137121 137117 137116 131552
55234 3210 3275 3 63114 63115 63116
55235 3210 3310 3 63119 63120 63122
55236 3688 3644 4 63124 63125 63759 63905
55237 3688 3725 6 63125 63126 63761 63862 64836 63760
55238 3609 3725 5 63126 63127 63552 63580 63581
55239 3725 3644 7 63125 63127 63419 63420 63723 63375 63372
55240 3979 3566 3 63131 63128 63151
55241 3378 3457 4 63132 63133 63398 63226
55242 3378 3161 4 63133 63134 63296 63399
55243 3251 3158 5 63137 63138 63205 63216 63147
55244 3068 3222 5 63140 63141 136868 136869 63268
55245 3222 3189 4 63140 63142 63228 63227
55246 2800 2766 7 63143 63144 115921 115286 115288 118961 115439
55247 2929 2824 6 63145 63146 115578 115442 63349 63348
55248 2929 2766 8 63146 63143 115441 112965 112966 115902 116033 115891
55249 2929 2800 4 63143 63145 115829 115440
55250 2824 2766 6 63144 63146 115627 82148 82147 115636
55251 3644 3601 4 63148 63149 63551 63419
55252 3630 3601 5 63150 63148 63421 63851 63848
55253 3457 3601 8 63149 63150 63849 63412 63411 63540 63860 63812
55254 2006 2347 5 63152 63153 137043 137688 137255
55255 2798 2887 11 63154 63155 136032 136159 136153 136154 136155 135258 135259 119980 119978
55256 2798 2857 7 63155 63156 135906 64540 64542 119635 119636
55257 2968 2857 10 63156 63157 120105 120106 135984 135985 136119 135972 135971 135908
55258 2968 2798 3 63154 63156 135907
55259 2857 2887 4 63155 63157 121874 135992
55260 2924 2974 6 63158 63159 137915 115436 115435 136935
55261 2924 3222 3 63159 63160 137916
55262 3029 2974 4 63161 63158 136870 136872
55263 3222 2974 8 63159 63161 140352 136868 136867 136988 63202 63204
55264 3230 3609 5 63165 63166 64066 64089 63359
55265 2854 2909 6 63167 63168 63684 63685 80917 80918
55266 2854 2855 6 63168 63169 115481 65884 65887 82263
55267 2619 2855 4 63169 63170 115590 115482
55268 2619 2909 7 63170 63167 82240 115053 82270 82269 115491
55269 2619 2854 4 63167 63169 115480 82239
55270 2855 2909 6 63168 63170 115589 115433 82464 82461
55271 2959 2915 6 63171 63172 135939 135940 137060 136931
55272 2959 2986 4 63172 63173 66523 66521
55273 3275 2915 4 63174 63171 136933 137058
55274 3275 2959 5 63171 63173 136880 137385 136932
55275 2480 2433 7 63178 63179 137269 133300 133301 135739 133382
55276 2480 2323 7 63179 63180 137292 133379 133380 137213 137455
55277 2460 2480 4 63178 63180 137281 133383
55278 3508 3553 9 63184 63185 77086 77085 77278 77277 63991 63989 64603
55279 3351 3332 3 63188 63189 63190
55280 2158 2211 5 63191 63192 136719 137736 136941
55281 2158 2125 4 63192 63193 138705 136718
55282 2194 2125 6 63193 63194 139972 137987 137986 138706
55283 2194 2211 4 63194 63191 136942 139965
55284 2194 2158 7 63191 63193 138031 138030 137924 136630 136629
55285 2125 2211 5 63192 63194 139973 137545 136720
55286 2552 2329 8 63197 63198 136947 139991 139918 139919 140491 140089
55287 2512 2657 4 63199 63200 115485 115486
55288 2512 2329 7 63200 63197 116833 116832 116840 116834 116836
55289 2512 2552 5 63197 63199 140442 140486 140090
55290 2657 2329 4 63198 63200 116838 116837
55291 2974 3099 4 63203 63204 137915 136943
55292 2494 2428 5 63207 63208 135459 135763 135761
55293 2275 2428 5 63210 63207 135443 133780 133782
55294 2275 2494 5 63207 63209 120033 120035 135965
55295 2551 2428 3 63208 63210 135461
55296 2133 2236 6 63211 63212 136513 121170 121173 135290
55297 2120 2236 3 63212 63213 130824
55298 3158 3248 3 63214 63215 63216
55299 1853 2018 4 63218 63219 115890 114448
55300 2096 2018 7 63219 63220 114944 114943 114948 114930 114929
55301 2096 1977 8 63220 63217 115056 114903 114902 116670 116599 116600
55302 2018 1977 5 63218 63220 116657 116925 114449
55303 3457 3609 6 63222 63223 63949 63811 63812 64066
55304 3916 3680 3 63229 63230 63403
55305 2410 2278 3 63233 63234 136414
55306 2410 2582 6 63232 63233 136915 136921 133281 133283
55307 3432 3265 6 63235 63236 63278 64069 64029 63572
55308 4680 4770 8 63244 63241 65027 65028 65149 65137 65136 65233
55309 4680 4524 6 63241 63243 64776 64777 65019 65325
55310 4600 4770 5 63242 63244 65256 65275 65274
55311 2421 2644 6 63250 63251 138648 138649 140325 139389
55312 2424 2746 4 63252 63249 140351 140380
55313 2424 2421 7 63249 63251 140398 137538 119158 119159 140350
55314 2644 2746 8 63250 63252 140368 136966 136967 136881 136883 136904
55315 2896 2466 6 63254 63255 115883 118926 118927 140403
55316 2896 2567 5 63255 63253 82963 82960 115882
55317 2896 2717 5 63253 63254 136496 136498 136977
55318 2341 2107 6 63256 63257 136771 82243 82241 136325
55319 2341 2366 6 63257 63258 139455 115640 115639 140238
55320 2308 2366 7 63258 63259 119094 82170 82171 115764 116756
55321 2308 2107 9 63259 63256 139217 116861 116863 117140 117139 117187 119093
55322 2308 2341 3 63256 63258 140313
55323 2366 2107 3 63257 63259 119092
55324 2581 2430 4 63261 63262 139911 139723
55325 2581 2560 6 63262 63263 137501 140077 140566 139912
55326 2353 2238 5 63264 63265 135652 132679 132680
55327 2353 2219 5 63265 63266 133290 133289 135651
55328 2210 2219 4 63266 63267 134847 135692
55329 2210 2238 5 63267 63264 132086 132087 134846
55330 2210 2353 8 63264 63266 135640 135639 135708 134754 134753 135734
55331 2499 2448 6 63269 63270 119079 132318 132312 132313
55332 2499 2704 6 63270 63271 137044 137046 135896 119080
55333 2426 2448 4 63272 63269 137316 136515
55334 3310 3313 3 63273 63274 63539
55335 2522 2545 7 63279 63280 136042 136728 133347 79363 79364
55336 2895 2690 4 63282 63283 64339 64337
55337 3467 3424 7 63285 63286 79384 80427 80428 80598 80529
55338 3467 3215 5 63286 63287 79759 80458 79385
55339 3519 3806 5 63289 63288 63631 63632 67185
55340 2885 3029 5 63291 63292 136870 136873 136969
55341 2885 2924 4 63292 63290 136876 136935
55342 2885 2717 5 63290 63291 136498 136495 136875
55343 3243 3021 4 63293 63294 133904 133905
55344 3110 3021 5 63294 63295 135879 139976 140339
55345 2897 3046 6 63297 63298 136045 136044 136087 136070
55346 2897 3049 6 63298 63299 63357 115978 115976 135950
55347 3149 2897 5 63297 63299 63356 136068 136069
55348 4797 4831 6 63309 63310 68546 68592 68221 68222
55349 4642 4831 6 63312 63309 67588 67589 67928 68133
55350 4642 4797 4 63309 63311 68403 68537
55351 4693 4831 3 63310 63312 68356
55352 2919 2583 6 63313 63314 120555 64008 64006 120099
55353 2919 2864 8 63314 63315 135455 135456 119769 119770 135418 135148
55354 2551 2864 3 63315 63316 121881
55355 2551 2583 7 63316 63313 135460 135461 133936 133935 121880
55356 2864 2583 4 63314 63316 121879 135149
55357 2689 2417 4 63319 63320 140433 140431
55358 2389 2417 5 63320 63321 116602 136940 139315
55359 2389 2548 3 63321 63318 116601
55360 2389 2689 6 63318 63320 115726 115728 139457 140444
55361 2774 2576 7 63324 63325 119277 119275 120233 120235 120243
55362 2774 2493 5 63325 63326 79977 119458 119459
55363 2816 2493 6 63326 63327 119952 119965 120158 79978
55364 2816 2576 4 63327 63324 78880 78881
55365 2816 2774 6 63324 63326 79976 119308 119307 120226
55366 3177 3450 3 63328 63329 79886
55367 3177 3466 9 63329 63330 79888 76638 76637 82237 82290 79335 79336
55368 3379 3466 3 63330 63331 79501
55369 3466 3450 6 63329 63331 79500 82305 79852 79853
55370 3763 3959 3 63333 63334 78966
55371 3481 3604 6 63335 63336 73442 79718 79720 80014
55372 3164 3095 4 63337 63338 79181 118835
55373 3107 3400 5 63339 63340 78113 79137 79138
55374 3107 3164 9 63337 63339 79908 80022 80049 80003 80002 115412 115411
55375 1480 1768 4 63341 63342 112519 112522
55376 1480 1725 5 63342 63343 117954 118111 118069
55377 1669 1768 3 63344 63341 116462
55378 1669 1480 7 63341 63343 116262 116264 114481 114478 118085
55379 1725 1768 5 63342 63344 116461 116463 118070
55380 3679 3631 6 63346 63347 75124 75127 79065 79071
55381 3679 3428 7 63347 63345 79120 76768 76770 78939 79680
55382 3679 3515 3 63345 63346 79180
55383 3124 2929 6 63351 63348 115829 115623 115622 115625
55384 3124 2824 3 63348 63350 82416
55385 3168 2929 6 63349 63351 115638 115645 115303 115301
55386 3453 3673 5 63352 63353 80278 82110 80457
55387 3294 3149 6 63355 63354 82314 79857 63460 63459
55388 3073 2897 5 63356 63357 135621 135987 136067
55389 2697 2801 3 63366 63364 119031
55390 2697 2711 6 63364 63365 119544 119153 119152 119030
55391 3740 3644 5 63372 63373 63554 63937 63759
55392 2934 2873 7 63379 63380 135271 78773 78774 135532 135406
55393 3341 2873 6 63381 63379 120554 120553 135277 135279
55394 3153 2873 5 63380 63381 77237 77234 134114
55395 2623 2575 6 63382 63383 135009 63500 63498 136036
55396 2659 2575 8 63384 63382 119991 119989 136333 135538 135540 136182
55397 2798 2575 4 63383 63384 136177 136025
55398 3541 3208 4 63385 63386 63904 76891
55399 4001 3991 6 63387 63388 78486 78481 78376 78364
55400 3991 4201 5 63387 63389 72891 73141 78194
55401 3831 3644 3 63390 63392 63723
55402 3730 3630 4 63391 63393 63740 63741
55403 4382 4092 3 63394 63395 76917
55404 4382 4250 8 63395 63396 78264 65879 65877 77181 78320 76918
55405 4183 4250 3 63396 63397 78266
55406 4183 4092 6 63397 63394 78325 78463 64660 64661
55407 4250 4092 5 63395 63397 77579 77580 76919
55408 3763 3850 3 63404 63405 79190
55409 3580 3862 3 63408 63409 63468
55410 3739 3862 7 63409 63410 79247 79528 81447 79465 79237
55411 3739 3667 3 63410 63407 63842
55412 3739 3580 6 63407 63409 63447 63446 63456 63841
55413 3862 3667 8 63408 63410 78502 78501 79369 79595 79761 63469
55414 3601 3635 5 63412 63413 63813 63847 63850
55415 3592 3457 5 63414 63411 63541 63497 63496
55416 3635 3457 4 63412 63414 63491 63492
55417 3013 3106 7 63415 63416 64199 131257 64035 64033 63808
55418 3013 3163 3 63416 63417 63801
55419 3267 3013 7 63415 63417 63800 64088 64254 64253 63809
55420 3831 3843 5 63422 63423 63647 63719 63691
55421 4486 4584 4 63425 63426 68457 68445
55422 4584 4685 6 63425 63427 67858 67547 67548 68322
55423 3373 3356 6 63428 63429 63865 78898 78975 79539
55424 3539 3356 5 63431 63428 79541 78978 78747
55425 3539 3373 4 63428 63430 79300 79515
55426 3508 3356 4 63429 63431 78701 63866
55427 3630 3559 4 63433 63434 78600 78597
55428 4119 4254 6 63435 63436 63770 63768 79569 81337
55429 4119 4198 6 63436 63437 80053 81572 81571 81587
55430 4436 4198 5 63437 63438 63775 63777 80055
55431 4436 4254 6 63438 63435 81215 78204 73030 73031
55432 4436 4119 5 63435 63437 80054 81579 81578
55433 4198 4254 5 63436 63438 78060 73024 73023
55434 3513 3452 8 63441 63439 79812 79814 81794 79826 79192 79193
55435 3513 3608 5 63439 63440 80201 79818 79817
55436 4316 4313 3 63443 63444 79097
55437 4553 4313 7 63444 63445 78203 75328 75330 78087 78164
55438 4553 4132 5 63445 63442 75233 81281 81368
55439 4553 4316 4 63442 63444 77934 75232
55440 4313 4132 10 63443 63445 81366 79661 79660 81367 81369 81371 73147 73149
55441 3497 3580 4 63446 63448 63455 63457
55442 3661 3911 5 63450 63451 64805 64806 78344
55443 3836 3699 4 63452 63453 78098 78101
55444 3580 3379 6 63454 63455 79557 79558 79502 79504
55445 3630 3497 5 63457 63458 78597 78599 79438
55446 3630 3580 6 63456 63457 79557 63463 63462 78424
55447 3532 3667 6 63464 63461 79488 79490 79733 79732
55448 3532 3580 5 63461 63463 79558 78231 78232
55449 3630 3667 3 63462 63464 79750
55450 3523 3850 3 63465 63466 79746
55451 3523 3635 4 63466 63467 63470 79489
55452 3862 3687 5 63468 63469 81628 79464 79237
55453 3566 3801 4 63474 63475 63495 63476
55454 5563 5486 5 63479 63480 68772 68934 65620
55455 5486 5197 3 63479 63481 65621
55456 4216 3839 6 63482 63483 64368 64369 64522 66116
55457 4371 3839 5 63485 63482 65088 64046 64047
55458 4371 4216 5 63482 63484 64753 64752 65066
55459 3566 3457 4 63489 63490 63491 63496
55460 2623 2312 5 63499 63500 64074 63934 63935
55461 2575 2312 6 63500 63501 135312 121400 121401 135010
55462 2575 2327 8 63501 63498 136043 136219 136218 136310 136163 135952
55463 2312 2327 5 63499 63501 135953 135991 119993
55464 3455 3430 3 63505 63506 63507
55465 3455 3357 4 63508 63509 63512 63511
55466 3455 3302 4 63509 63510 63517 63513
55467 3455 3248 4 63515 63516 63517 63518
55468 3310 3519 3 63522 63523 64118
55469 3516 3762 5 63529 63530 63536 63611 64052
55470 3516 3632 5 63530 63531 63532 63534 63535
55471 3592 3516 4 63529 63531 63533 63856
55472 3281 3189 4 63537 63538 64013 63946
55473 3281 3313 5 63538 63539 64057 64076 64014
55474 3457 3494 4 63540 63541 64024 63859
55475 1756 1437 6 63542 63543 133513 133514 135620 133844
55476 1756 1445 5 63543 63544 134783 134781 135558
55477 1531 1445 6 63544 63545 133956 133955 135633 135617
55478 1531 1437 7 63545 63542 132279 132281 134785 134784 134882
55479 1531 1756 5 63542 63544 135616 135725 133845
55480 1445 1437 5 63543 63545 131930 131931 132275
55481 3265 3140 6 63550 63548 63572 63573 64104 63687
55482 3265 3281 5 63548 63549 64016 64068 64029
55483 4622 4639 6 63558 63559 65162 68196 65593 65116
55484 4622 4762 6 63557 63558 65115 68214 68475 68409
55485 5089 5304 5 63560 63561 72354 72865 73881
55486 5327 5268 6 63562 63563 72455 73912 72380 72379
55487 5327 5089 6 63560 63562 72257 72256 72575 73887
55488 4497 4227 5 63570 63571 66224 64388 64387
55489 2694 2726 6 63574 63575 135348 135402 134948 134109
55490 2694 2674 4 63575 63576 120678 135262
55491 2468 2674 9 63576 63577 119943 121776 120630 120628 120690 120689 120679
55492 2468 2726 3 63577 63574 119941
55493 2468 2694 5 63574 63576 119976 119975 134110
55494 2674 2726 6 63575 63577 119942 78768 78767 134002
55495 4769 5096 3 63586 63587 68368
55496 4096 3989 6 63589 63590 63633 63636 67106 67111
55497 4046 3989 4 63592 63589 66598 66597
55498 3816 3989 5 63590 63592 66402 65787 65786
55499 5563 5918 3 63594 63595 68801
55500 3434 3628 6 63596 63597 64112 63615 63616 64090
55501 3614 3434 5 63598 63599 64112 63927 63926
55502 1734 1685 6 63605 63606 138783 138779 138671 127775
55503 1734 1805 5 63606 63607 138785 138782 138781
55504 3281 3505 3 63613 63614 64083
55505 3434 3596 5 63616 63617 63938 64081 64091
55506 3326 3596 5 63617 63618 64320 63725 63724
55507 3326 3628 4 63618 63615 64113 64323
55508 3393 3058 4 63619 63620 63988 63940
55509 1834 1747 7 63621 63622 135627 135654 135636 64494 64492
55510 1295 1454 5 63623 63624 133920 133922 133843
55511 1295 1747 5 63624 63621 135062 135061 135131
55512 1295 1834 4 63621 63623 133650 133651
55513 1454 1747 3 63622 63624 135256
55514 3219 3327 4 63625 63626 135361 64362
55515 2928 2672 4 63628 63629 135749 135650
55516 3009 2672 4 63629 63630 64338 64340
55517 3009 2792 8 63630 63627 135287 135735 135743 135742 135744 135736
55518 3009 2928 6 63627 63629 135750 137119 133538 133537
55519 2672 2792 10 63628 63630 135737 135747 135446 64181 64180 64299 66149 66151
55520 4317 4096 4 63634 63636 67107 66487
55521 4043 4178 6 63637 63638 64983 64984 67230 64929
55522 4080 4178 4 63638 63639 67177 65050
55523 3977 4178 5 63640 63642 67171 67175 67177
55524 4094 4163 4 63641 63643 63652 64370
55525 5563 5862 5 63645 63646 65533 68260 68259
55526 3614 3842 5 63649 63650 64268 64925 64924
55527 3596 3644 4 63657 63658 63905 63937
55528 3609 3596 5 63656 63658 63906 64081 63715
55529 4372 4243 4 63659 63660 67932 64762
55530 4372 4650 6 63660 63661 69007 64832 64830 67933
55531 4240 4650 6 63661 63662 64827 68792 68793 72844
55532 4240 4372 6 63659 63661 72656 72655 68495 64763
55533 5179 4985 4 63663 63664 73107 72794
55534 3862 4077 7 63665 63666 79497 79498 79657 72688 72690
55535 3862 3831 4 63666 63667 78696 79522
55536 4103 3862 4 63665 63667 78697 73025
55537 5306 5230 5 63668 63669 68150 68148 71003
55538 5515 5230 5 63669 63670 72374 72562 72561
55539 5002 5017 7 63671 63672 65609 65611 65614 65529 64860
55540 5021 5002 5 63671 63673 64812 64811 64861
55541 4072 4139 8 63675 63676 63726 64597 64684 73086 73089 64802
55542 4072 4250 6 63676 63677 68876 68875 77181 63727
55543 4240 4139 4 63678 63675 64710 64708
55544 4240 4072 4 63675 63677 78368 64803
55545 4250 4139 5 63676 63678 73363 73364 63728
55546 3411 3559 5 63679 63680 79517 78519 76709
55547 3411 3504 8 63680 63681 79322 79341 64214 64213 79214 79520
55548 3618 3504 4 63681 63682 79443 79323
55549 3618 3411 3 63679 63681 76710
55550 3504 3559 5 63680 63682 79449 79565 79521
55551 2854 2970 5 63683 63684 82263 82264 79904
55552 2826 2854 6 63683 63685 115093 115786 115707 79903
55553 2909 2970 5 63684 63686 115460 82462 82461
55554 3699 3973 4 63689 63690 79589 78305
55555 3911 3699 4 63688 63690 79590 79526
55556 4397 4484 4 63695 63693 71941 81305
55557 3590 3821 6 63698 63696 64167 64168 66409 67182
55558 4090 3985 4 63699 63700 78055 65864
55559 4090 3877 4 63700 63701 65868 75485
55560 3998 3985 4 63702 63699 65856 65858
55561 3998 4090 6 63699 63701 65867 65866 78388 65865
55562 3877 3985 7 63700 63702 77176 77175 73323 73324 77275
55563 4113 3903 5 63703 63704 81238 81192 81193
55564 4113 4177 8 63704 63705 79793 81197 81198 81664 81667 81237
55565 3984 3903 8 63706 63703 81581 81580 81254 78172 78171 79789
55566 4177 3903 4 63704 63706 79790 81096
55567 4235 4243 6 63707 63709 64975 64502 64503 64808
55568 3875 3792 6 63710 63711 79582 79586 63918 63919
55569 3875 3859 6 63711 63712 79338 73037 73035 79561
55570 4135 3859 4 63712 63713 78267 78445
55571 4135 3792 6 63713 63710 78377 77282 77283 78073
55572 4135 3875 7 63710 63712 78969 78937 65645 65646 79110
55573 3859 3792 6 63711 63713 78022 78021 78272 78448
55574 3763 3782 5 63718 63716 63747 78503 78504
55575 3578 3393 3 63722 63720 63807
55576 4072 4528 4 63726 63727 64525 64528
55577 4250 4528 5 63727 63728 69004 65880 65877
55578 4528 4139 4 63726 63728 75327 64598
55579 4382 4528 8 63729 63730 78401 78406 64527 64525 65877 65878
55580 4382 4741 6 63730 63731 77285 77284 78409 78402
55581 4707 4741 11 63731 63732 77630 69044 69043 69018 68606 68607 72736 65333 65334
55582 4707 4528 6 63732 63729 63981 63980 78210 78209
55583 4707 4382 5 63729 63731 78382 78407 76995
55584 4741 4528 3 63730 63732 78274
55585 4441 4662 4 63733 63734 78090 78088
55586 4330 4597 3 63735 63736 77689
55587 4330 4662 6 63736 63733 73473 73475 77960 77688
55588 4597 4662 5 63734 63736 77653 77652 77707
55589 3934 4005 7 63737 63738 64647 64713 78296 63839 63838
55590 3934 3854 6 63738 63739 64682 72675 72674 64648
55591 3542 3327 4 63743 63744 63894 63806
55592 3532 3763 5 63746 63747 79733 63853 63852
55593 3532 3782 3 63747 63745 79732
55594 4615 4435 6 63748 63749 68780 68775 68765 68756
55595 4650 4639 3 63750 63751 65229
55596 4650 4615 7 63748 63750 68618 68617 64851 64831 64830
55597 4639 4435 6 63749 63751 65227 68473 68196 68197
55598 3491 3327 6 63752 63753 63828 63992 63968 63969
55599 3327 3386 5 63752 63754 65779 65780 64548
55600 3750 3835 5 63756 63757 78384 78681 64637
55601 3791 3553 3 63758 63755 63991
55602 3688 3740 5 63759 63760 64837 63891 63889
55603 4005 3973 5 63762 63763 78181 64144 64145
55604 3433 3227 6 63764 63765 78456 78457 79211 79224
55605 3448 3182 5 63766 63767 79487 78895 78894
55606 3448 3227 3 63767 63764 79309
55607 3182 3227 8 63765 63767 79486 79431 79430 79345 76905 76904
55608 4119 3875 5 63768 63769 81343 81344 79570
55609 4119 4164 4 63769 63770 81587 81586
55610 4254 4164 6 63770 63771 65647 68691 68690 73023
55611 4254 3875 5 63771 63768 79571 79462 65646
55612 4164 3875 7 63769 63771 65645 78228 78227 78294 81589
55613 4420 4436 5 63772 63773 72863 73031 63775
55614 4456 4436 5 63774 63772 63777 81373 72634
55615 4198 4420 7 63775 63776 65718 65715 78336 78219 78060
55616 3991 4234 3 63781 63779 72928
55617 4074 4234 5 63780 63781 78010 78011 68244
55618 3827 3571 4 63783 63784 79243 79244
55619 3872 3571 4 63784 63785 79149 79148
55620 3872 3665 5 63785 63782 80099 80451 80194
55621 4077 3782 3 63786 63787 79497
55622 2899 2882 4 63788 63789 136814 135974
55623 2776 3109 3 63790 63791 135812
55624 2776 2899 5 63788 63790 64448 64447 135975
55625 3109 2882 7 63789 63791 135811 135899 135898 135922 136815
55626 4676 4699 6 63792 63793 72633 72631 72683 80583
55627 2726 2481 8 63797 63798 135493 135491 135498 135509 135513 76961
55628 3085 2726 3 63797 63799 76960
55629 941 1388 4 63802 63803 125046 125044
55630 941 1191 7 63803 63804 118185 124988 124989 125133 125125
55631 1365 1191 8 63804 63805 117851 118080 118081 118100 118101 118130
55632 1365 1388 6 63805 63802 113145 113146 118109 117849
55633 1365 941 5 63802 63804 118186 123031 123029
55634 1191 1388 3 63803 63805 117850
55635 3327 3578 5 63806 63807 63913 63992 63896
55636 3179 3013 5 63808 63809 64237 64236 64122
55637 3601 3843 5 63813 63814 63843 63844 63845
55638 4197 4511 6 63815 63816 72805 72803 78188 72654
55639 4197 4250 3 63816 63817 73363
55640 4240 4511 6 63818 63815 72656 72844 72911 72840
55641 4240 4197 8 63815 63817 64708 64709 78318 77665 77666 72655
55642 4383 4558 7 63819 63820 78195 78408 78220 78221 64804
55643 4383 4511 6 63820 63821 78166 72803 72806 75326
55644 4605 4511 6 63821 63822 72643 72815 64761 64759
55645 4511 4558 3 63820 63822 72642
55646 4388 4237 3 63823 63824 64880
55647 4388 4064 5 63824 63825 64392 64943 64879
55648 4327 4064 3 63825 63826 64393
55649 4327 4388 7 63823 63825 64391 65002 68491 65154 65107
55650 4064 4237 7 63824 63826 64959 64892 64894 64878 64876
55651 3471 3491 4 63827 63828 64555 64559
55652 4000 3923 3 63829 63831 64604
55653 4356 4316 5 63833 63834 69253 69252 81462
55654 4356 4450 4 63834 63835 80621 81391
55655 4268 4316 4 63836 63833 70334 70336
55656 4268 4356 7 63833 63835 80494 80493 71930 71932 81460
55657 4450 4316 10 63834 63836 79550 79552 75231 75232 77935 79566 79568 81413
55658 3923 3934 4 63837 63838 64512 64513
55659 3911 3934 6 63839 63837 64806 63900 63899 73001
55660 3782 3667 6 63842 63840 79750 79732 78503 78502
55661 3782 3580 3 63840 63841 78424
55662 3601 3763 5 63845 63846 63851 63852 63847
55663 3601 3532 4 63848 63849 63850 63852
55664 3230 3457 6 63859 63860 64066 64065 64019 64020
55665 3601 3230 3 63858 63860 64089
55666 3379 3630 4 63864 63863 79438 79557
55667 3373 3026 3 63867 63868 78699
55668 2780 2786 5 63871 63872 136049 63993 63950
55669 2780 2783 6 63872 63873 120001 135954 135955 136000
55670 2713 2783 6 63873 63874 79403 79402 120101 120002
55671 2713 2786 4 63874 63871 63952 136254
55672 2713 2780 8 63871 63873 120000 120104 135384 135383 136005 63951
55673 2783 2786 9 63872 63874 136253 136026 136022 135430 135429 135529 135527
55674 4102 4013 5 63876 63877 77092 76834 76837
55675 4014 4013 6 63877 63878 78321 78050 64613 64611
55676 4014 4382 4 63878 63875 65848 78320
55677 4014 4102 4 63875 63877 77091 65847
55678 4013 4382 6 63876 63878 76918 76917 72839 72837
55679 3770 4237 5 63879 63880 64956 64894 64893
55680 4578 4243 4 63882 63883 64503 64501
55681 4240 4578 5 63882 63884 72840 64835 64586
55682 5044 4967 5 63887 63885 68427 68568 68566
55683 5044 4910 5 63885 63886 65492 67411 67410
55684 3596 3688 6 63888 63889 63905 63906 64091 64064
55685 3596 3740 7 63889 63890 64950 64945 63892 63893 63937
55686 3682 3740 4 63890 63891 64063 64062
55687 4014 3773 6 63897 63898 64583 64612 64613 72673
55688 4014 3911 3 63898 63899 64584
55689 3934 3773 5 63900 63897 72675 78345 78343
55690 3934 4014 6 63897 63899 73000 64713 64712 72674
55691 3911 3773 7 63898 63900 78344 79527 79526 78347 64585
55692 4590 4416 7 63902 63903 73188 73189 81418 81465 81459
55693 4416 4361 7 63901 63903 73373 73374 79083 73052 73053
55694 2620 2665 6 63907 63908 136246 136230 120654 120655
55695 2620 2618 4 63908 63909 136331 136247
55696 2659 2618 6 63909 63910 136133 135539 135538 136334
55697 2659 2665 6 63910 63907 135070 135069 136170 136169
55698 2659 2620 6 63907 63909 136332 119989 119588 119587
55699 2618 2665 5 63908 63910 136097 136096 136248
55700 4759 4411 5 63912 63911 64629 65661 65360
55701 2760 2864 9 63914 63915 133506 133507 135149 135148 133907 133416 133417
55702 3028 2864 3 63916 63914 135488
55703 3153 2864 5 63915 63916 135561 135574 135576
55704 3875 3658 4 63917 63918 79548 79547
55705 3991 3658 4 63920 63917 79480 78254
55706 3991 3875 6 63917 63919 79110 79462 81362 79622
55707 3792 3658 6 63918 63920 77939 77941 79370 79588
55708 2865 2735 5 63922 63923 135946 135914 133512
55709 2865 2648 5 63921 63922 133511 64228 64227
55710 3806 4064 5 63932 63930 64886 64885 64915
55711 2623 2634 5 63933 63934 64073 135215 135220
55712 2551 2312 6 63935 63936 64361 135386 135385 119993
55713 2551 2623 5 63933 63935 119992 135778 135219
55714 2312 2634 3 63934 63936 64075
55715 2776 2713 4 63951 63952 136256 136007
55716 2776 2786 8 63952 63950 63995 64447 64449 136024 136048 136255
55717 2776 2780 4 63950 63951 136006 63994
55718 2626 2570 3 63954 63955 118903
55719 2520 2411 3 63957 63958 120211
55720 2881 2411 4 63958 63959 78208 78207
55721 2881 2324 4 63959 63956 78785 122051
55722 2411 2324 8 63957 63959 122057 64520 64519 76812 121956 120213
55723 2064 2431 5 63960 63961 105966 105967 121734
55724 2144 2431 6 63961 63962 119839 120501 120500 121680
55725 2947 2852 7 63963 63964 114228 118610 112743 112742 115697
55726 2947 3141 6 63964 63965 82274 82198 82199 113710
55727 3048 2852 5 63966 63963 115336 114260 114147
55728 3048 2947 5 63963 63965 82273 116092 115906
55729 3141 2852 6 63964 63966 113108 113107 80206 80205
55730 3364 3491 3 63967 63969 64547
55731 2357 2034 5 63971 63972 120866 120121 120124
55732 1891 2357 7 63970 63972 120859 119850 119852 119889 120275
55733 11901 2123 5 63973 63974 121871 121813 121771
55734 11901 1228 5 63974 63975 120394 120395 121870
55735 1604 1228 5 63975 63976 121788 120809 120808
55736 1604 2123 5 63976 63973 121772 106141 106140
55737 1604 11901 6 63973 63975 76914 76916 96164 96166
55738 1228 2123 5 63974 63976 121886 134035 121872
55739 4114 3355 6 63979 63977 77123 121896 120509 76937
55740 3719 3355 5 63978 63979 64659 64656 65946
55741 4528 4672 5 63981 63982 69003 65880 65878
55742 5078 4672 4 63982 63983 68966 68965
55743 5078 4707 7 63983 63980 73018 73020 77514 65703 65702
55744 3491 3904 4 63984 63985 64626 64615
55745 3058 3136 4 63987 63988 64059 135518
55746 3508 3750 3 63989 63990 64602
55747 2786 2848 3 63993 63995 136063
55748 5420 5831 5 63997 63998 66194 64697 64698
55749 2003 2635 3 64001 63999 135347
55750 1592 1424 5 64002 64003 135130 135015 64343
55751 1592 1295 6 64003 64004 134805 134806 135060 135061
55752 904 1295 6 64004 64005 134136 134139 134649 134648
55753 1295 1424 5 64003 64005 133923 133920 135131
55754 2919 2495 4 64006 64007 119146 120097
55755 2583 2796 4 64008 64009 135466 120557
55756 2583 2495 5 64009 64006 120100 135299 135301
55757 2240 2694 6 64010 64012 134118 119975 119974 119712
55758 3313 3230 4 64014 64015 64020 64023
55759 3756 4232 3 64017 64018 65095
55760 3115 3109 4 64021 64022 135922 136828
55761 3313 3494 5 64023 64024 64037 64036 64076
55762 1867 2000 6 64025 64026 135362 135365 129302 129303
55763 1867 2057 5 64026 64027 116008 116009 135562
55764 1914 2057 5 64027 64028 136271 119336 119335
55765 1914 2000 3 64028 64025 136270
55766 1914 1867 7 64025 64027 119562 129198 119609 118877 118876
55767 2991 3013 6 64032 64033 64122 135788 137101 135479
55768 2991 3106 4 64033 64034 64053 64054
55769 2998 3013 3 64035 64032 131258
55770 2865 3006 7 64039 64040 133429 133428 135785 133374 133373
55771 2755 3006 3 64040 64041 135626
55772 2755 2884 6 64041 64038 64229 135471 64240 64238
55773 3946 3839 6 64045 64046 65087 65321 65320 64859
55774 4371 3946 3 64044 64046 65086
55775 3494 3762 4 64050 64051 64052 64108
55776 3682 4064 5 64061 64063 64838 64887 64886
55777 3519 3281 5 64067 64068 64118 64083 64082
55778 2770 2865 9 64077 64078 135943 135914 64125 64123 133443 135928 64183
55779 2770 2998 5 64078 64079 64119 135813 135944
55780 3084 2865 6 64080 64077 64185 135706 135785 135729
55781 3084 2770 4 64077 64079 64120 64184
55782 2998 2865 5 64078 64080 131259 131258 135478
55783 2930 3084 5 64086 64087 135705 135706 135584
55784 3434 3688 3 64090 64091 64092
55785 2204 11900 4 64094 64095 133880 133882
55786 2204 2481 5 64095 64093 134163 135498 134939
55787 2491 2682 6 64097 64098 141894 141892 141921 137231
55788 2596 2491 5 64096 64098 141907 141906 141911
55789 2405 2246 4 64099 64100 136636 116052
55790 2405 2466 7 64100 64101 136383 136088 136089 135178 135179
55791 2404 2466 6 64101 64102 136389 136639 136652 136384
55792 2404 2246 7 64102 64099 116054 136075 136074 119038 119036
55793 2404 2405 6 64099 64101 136143 136142 119051 116053
55794 2466 2246 5 64100 64102 135570 135571 136637
55795 3140 3207 3 64103 64104 64107
55796 3596 3920 6 64105 64106 64524 64523 64945 64704
55797 2998 3115 3 64114 64115 133406
55798 2770 2935 5 64119 64120 135913 120092 120095
55799 3084 2935 4 64120 64121 135674 135671
55800 2770 2695 3 64124 64125 135772
55801 2861 2871 7 64126 64127 140281 140282 140360 140299 137000
55802 2918 2871 5 64128 64126 137002 140332 137842
55803 2720 2871 4 64127 64128 137843 140316
55804 3267 3130 8 64129 64130 64194 64198 64253 64255 66373 64693
55805 2583 2379 7 64132 64133 64177 64178 133935 135356 117966
55806 2583 2299 8 64133 64131 135485 135466 135301 133781 133783 135553
55807 2583 2700 3 64131 64132 117964
55808 2848 2882 7 64137 64138 135974 136865 136902 136064 135021
55809 2954 2884 5 64141 64142 133387 133906 64238
55810 2708 2954 4 64141 64143 135728 64239
55811 4078 11919 3 64146 64147 65838
55812 4078 4050 6 64147 64148 64616 65367 65842 65843
55813 4675 11919 6 64149 64146 65598 65599 65430 64800
55814 3470 3199 6 64150 64151 133311 132374 66654 66653
55815 4209 3779 3 64154 64152 66078
55816 5477 6342 7 64155 64156 65677 65326 64635 64634 64904
55817 1655 1788 6 64157 64158 121887 121888 135283 135285
55818 1945 1788 4 64158 64159 133867 133868
55819 3594 3691 4 64162 64164 78777 64516
55820 3507 3477 6 64165 64166 65091 65089 66589 66478
55821 3269 3098 3 64171 64169 66672
55822 3238 3098 6 64170 64171 66671 66592 66593 66532
55823 1592 1655 6 64172 64173 135141 135142 135283 134993
55824 1277 1592 3 64172 64174 134994
55825 1111 1655 4 64173 64175 135209 135210
55826 2583 2066 3 64176 64177 135553
55827 2275 2583 5 64176 64178 133936 133782 133783
55828 2792 1886 4 64179 64180 64298 132085
55829 2723 2672 4 64181 64182 133524 133525
55830 2723 1886 5 64182 64179 66330 66331 133357
55831 2723 2792 9 64179 64181 135445 135399 135398 133804 133803 133420 132470
55832 2672 1886 5 64180 64182 134211 134213 64300
55833 2882 3084 7 64184 64185 135705 135897 135898 135673 135671
55834 2865 2882 3 64183 64185 135704
55835 2466 2730 6 64190 64188 136831 118926 118925 118970
55836 3163 2917 4 64192 64193 133535 133536
55837 3267 3156 3 64194 64195 64196
55838 3266 2684 4 64202 64200 66535 66537
55839 3009 2684 5 64201 64202 66660 66659 64341
55840 5113 4773 4 64206 64208 67559 67656
55841 3941 4080 4 64210 64211 67161 65050
55842 3433 3411 4 64212 64213 79210 78457
55843 3411 3443 4 64212 64214 79339 78458
55844 3548 3614 3 64217 64218 64322
55845 3628 3839 3 64219 64216 64960
55846 3614 3839 5 64217 64219 64955 64924 64394
55847 2663 2884 5 64220 64221 132533 132531 135711
55848 2663 2928 6 64221 64222 135798 135801 131944 131943
55849 2981 2928 5 64222 64223 133901 133900 137126
55850 2981 2884 5 64223 64220 136028 129908 129909
55851 2981 2663 4 64220 64222 137086 136027
55852 2383 2507 6 64224 64225 137084 137088 135730 135731
55853 2219 2383 5 64224 64226 65821 65822 133289
55854 2648 2755 4 64228 64229 133376 133377
55855 2884 2648 5 64227 64229 132532 132531 135710
55856 3277 3074 7 64230 64231 64459 64460 66566 66564 66573
55857 2708 2616 5 64234 64232 131945 135818 135713
55858 2708 2663 5 64232 64233 137107 135850 131944
55859 3013 3007 4 64235 64236 135788 135827
55860 3130 3013 6 64235 64237 64253 64249 64251 135828
55861 2755 2954 7 64238 64239 135551 133543 133542 135781 135626
55862 2917 2760 3 64242 64243 66560
55863 2796 2760 7 64244 64242 133395 135486 120557 120556 133907
55864 3221 2760 8 64243 64244 133416 133418 135297 66085 66084 66562
55865 2672 2557 8 64245 64246 133251 135650 66151 66152 134755 133455
55866 2112 2557 3 64248 64245 133335
55867 2112 2672 7 64245 64247 133449 133503 134213 134968 133454
55868 3013 3010 4 64249 64250 64266 64254
55869 3130 2981 3 64251 64252 136994
55870 2981 3010 7 64250 64252 136993 137106 133900 64265 64264
55871 3010 3267 4 64254 64255 66372 64267
55872 990 872 6 64257 64258 132382 131553 131086 131087
55873 990 1109 5 64258 64259 132162 132436 132431
55874 562 1109 6 64259 64260 131710 131608 130435 130436
55875 562 872 3 64260 64257 132007
55876 562 990 7 64257 64259 131629 131628 132657 131631 131632
55877 4707 5186 5 64270 64271 65388 65704 65702
55878 4890 4707 4 64269 64271 65389 77541
55879 5186 4672 7 64270 64272 72809 77617 77596 68964 68966
55880 2845 2904 7 64273 64274 64532 133461 64495 64498 133912
55881 2845 3125 7 64274 64275 133708 134094 133869 133148 64533
55882 3143 3125 6 64275 64276 66144 66069 66070 133709
55883 3143 2904 8 64276 64273 133731 66182 66162 66161 133893 133484
55884 3143 2845 3 64273 64275 133707
55885 3125 2904 5 64274 64276 133485 66048 64534
55886 2845 3407 5 64277 64278 133869 134093 133710
55887 2845 3157 5 64278 64279 133846 133149 133148
55888 3157 3407 4 64278 64280 64382 64380
55889 1964 2023 7 64284 64285 64303 133003 133001 133562 133597
55890 1964 2554 4 64285 64286 132208 64304
55891 1804 2554 5 64286 64287 132345 133165 133200
55892 1804 1964 5 64284 64286 133550 133590 133591
55893 3602 3495 3 64288 64289 67178
55894 3779 3839 4 64290 64291 66465 65320
55895 2810 2843 9 64294 64295 137087 135925 135926 137121 137166 137097 137096
55896 3130 2810 3 64294 64296 137095
55897 3010 2843 3 64295 64297 136993
55898 2792 2210 4 64298 64299 135734 132086
55899 1886 2210 6 64300 64298 132087 135690 135698 134967
55900 2672 2210 6 64299 64300 134968 135499 134755 134753
55901 1964 2514 7 64303 64304 132209 133483 133625 133221 133222
55902 2514 2023 5 64303 64305 133236 133435 133226
55903 3267 3475 3 64310 64308 66370
55904 2632 2505 5 64317 64318 64895 133770 133749
55905 1644 2883 5 64319 64316 132047 132049 133034
55906 2505 2883 5 64317 64319 133033 133565 133567
55907 3548 3326 7 64320 64321 64478 64372 64371 64322 64323
55908 1756 875 7 64324 64325 133515 133513 135558 135556 135679
55909 1756 1455 7 64325 64326 64462 135612 135622 135620 135427
55910 1255 1756 4 64324 64326 64461 135634
55911 1455 875 3 64325 64327 131954
55912 2841 2904 6 64328 64329 64432 64430 133789 133787
55913 2841 3352 5 64329 64330 135624 135593 135592
55914 3028 3352 6 64330 64331 66133 64335 64336 135667
55915 3028 2904 7 64331 64328 133460 133461 66049 66048 133873
55916 3028 2841 4 64328 64330 135676 133899
55917 3352 2904 5 64329 64331 133888 133896 133895
55918 3229 3028 5 64332 64334 64373 135487 135488
55919 2690 3009 6 64339 64340 135750 66554 66556 64341
55920 2690 2672 5 64340 64337 64342 133251 135749
55921 1284 904 7 64344 64345 132176 132177 134808 134809 135128
55922 1284 1424 7 64345 64343 135016 135309 133820 133822 134794
55923 1284 1592 3 64343 64344 135014
55924 3958 2632 7 64350 64348 133772 133749 65329 64724 64723
55925 3958 876 5 64348 64349 133800 133997 134011
55926 2723 2841 5 64351 64352 135676 135624 133860
55927 2425 2700 4 64353 64354 135606 135030
55928 2425 2841 6 64354 64351 133847 64431 64430 135484
55929 2425 2723 5 64351 64353 135029 135376 133861
55930 2700 2841 5 64352 64354 133788 133787 133899
55931 1747 2003 6 64358 64356 64483 121889 129361 135325
55932 1831 2003 7 64357 64358 135326 135318 135319 136238 64469
55933 3219 3221 4 64359 64360 135554 64363
55934 3229 3221 7 64364 64363 133419 133418 64373 64374 64376
55935 3612 3938 3 64365 64366 64951
55936 3221 3548 4 64376 64377 64478 64436
55937 4393 4410 5 64378 64379 64953 65123 65140
55938 3157 3579 6 64381 64382 65788 66017 66001 66000
55939 3157 3125 5 64380 64381 66081 66082 133148
55940 3685 4049 4 64383 64384 66103 66240
55941 4445 3685 5 64383 64385 66244 66217 66216
55942 4227 4371 8 64388 64389 66220 65065 65066 65088 65086 66225
55943 4478 4371 3 64389 64390 65226
55944 4478 4497 7 64390 64387 65138 65056 65053 66995 65225
55945 4478 4227 6 64387 64389 66221 66223 66282 66884
55946 4167 4388 4 64391 64392 64944 65001
55947 5275 5438 3 64395 64396 65070
55948 3103 3710 4 64398 64399 66102 64727
55949 4078 4445 5 64400 64401 65366 64616 64617
55950 4325 4088 7 64402 64403 64942 64921 64919 65021 65024
55951 4325 4445 5 64403 64400 65756 66074 66073
55952 4325 4078 4 64400 64402 65810 65755
55953 4579 4755 5 64404 64405 78250 78190 67457
55954 4579 4812 4 64405 64406 78291 78251
55955 4654 4812 5 64406 64407 73065 73066 78292
55956 4654 4755 4 64407 64404 67458 73076
55957 4654 4579 4 64404 64406 78215 67456
55958 4812 4755 7 64405 64407 73067 69429 69431 73548 73552
55959 2579 2620 8 64408 64409 134866 135382 136187 136191 136192 136230
55960 2579 2757 4 64409 64410 136586 134867
55961 2756 2757 6 64410 64411 120656 135214 136109 136108
55962 2756 2620 3 64411 64408 120654
55963 2757 2620 6 64409 64411 120655 119587 119589 134868
55964 4049 4078 5 64412 64413 65366 65367 65213
55965 3558 3449 4 64417 64419 66643 66583
55966 4090 4112 6 64422 64423 78386 65865 65864 78657
55967 4090 4362 6 64423 64424 64454 64455 65866 78387
55968 4183 4362 8 64424 64425 77294 65335 65332 78265 78266 64661
55969 4183 4090 5 64422 64424 64660 78595 78660
55970 4362 4112 4 64423 64425 77293 77448
55971 4176 4112 5 64426 64427 78066 78564 77100
55972 4176 4337 5 64427 64428 65392 78005 78006
55973 4264 4337 5 64428 64429 65734 65735 65393
55974 4264 4112 10 64429 64426 76964 76963 77183 77182 77188 77266 77383 77184
55975 2841 3154 4 64431 64432 135592 133848
55976 2702 1967 3 64438 64439 132543
55977 3719 3976 5 64440 64441 65961 65174 65173
55978 3877 3976 3 64442 64440 77176
55979 3221 2700 3 64445 64443 66085
55980 3028 2700 7 64444 64445 135288 134756 133459 133460 133899
55981 2899 2786 5 64446 64447 136063 136049 135527
55982 3092 2776 6 64448 64449 135543 135544 135810 135812
55983 3092 2786 4 64449 64446 135529 136023
55984 3724 4241 5 64450 64451 78130 78121 75114
55985 4309 4241 9 64452 64450 75116 78425 78434 78441 78444 78430 78429
55986 4123 4241 5 64451 64452 78431 77029 77028
55987 4090 4092 5 64453 64454 64660 78596 78664
55988 3854 4092 6 64456 64453 78668 78381 78262 77580
55989 3854 4090 5 64453 64455 65867 65868 75484
55990 4362 4092 4 64454 64456 77579 64661
55991 3277 2792 3 64460 64457 135675
55992 3277 2917 6 64457 64459 133535 134826 134825 134975
55993 3074 2792 5 64458 64460 135738 135735 132693
55994 2296 1455 4 64462 64463 130087 133620
55995 2296 1756 8 64461 64462 135404 135405 135658 135662 135615 135614
55996 2700 2845 5 64464 64465 133459 64495 64496
55997 2700 3027 4 64465 64466 134304 134756
55998 3027 2845 6 64465 64467 133149 64533 64532 133505
55999 1831 2275 5 64468 64469 136239 136158 64480
56000 2908 3002 8 64470 64471 134235 135594 129861 129862 136029 136860
56001 2908 2730 7 64471 64472 136779 136010 136009 136736 134236
56002 2848 3002 5 64473 64470 136865 136375 136374
56003 2848 2908 4 64470 64472 136780 136902
56004 2730 3002 5 64471 64473 136581 136900 134237
56005 3221 3277 4 64474 64475 64477 134825
56006 2275 1888 5 64480 64479 135315 135206 135204
56007 1788 2066 6 64481 64482 64493 133519 133522 135514
56008 1788 1747 6 64482 64483 121888 135059 135062 64492
56009 2003 1788 5 64481 64483 121887 133868 133866
56010 1963 2210 7 64484 64485 135716 135690 134846 134847 135691
56011 1963 1531 7 64485 64486 135688 135633 135631 135725 135717
56012 1854 1531 8 64486 64487 108466 108465 132088 129670 129669 134983
56013 1854 2210 7 64487 64484 135695 135693 135694 135700 135702
56014 1854 1963 5 64484 64486 135715 135724 135722
56015 1531 2210 3 64485 64487 135707
56016 2415 2455 4 64490 64491 118845 118846
56017 2415 2391 5 64491 64488 135912 135948 136417
56018 2455 2391 4 64489 64491 136416 136711
56019 1834 1788 7 64492 64493 135169 133020 132041 132040 133651
56020 1834 2066 6 64493 64494 135635 135637 135719 135611
56021 2700 2447 6 64496 64497 133788 135606 134473 134475
56022 2904 2447 7 64497 64498 133730 66182 66183 133826 133789
56023 2904 2700 4 64495 64497 133787 133460
56024 2447 2845 5 64496 64498 133778 133528 133527
56025 4156 4382 3 64504 64505 78378
56026 4156 4580 6 64505 64506 77327 64677 64678 77467
56027 4337 4580 4 64506 64507 78276 77329
56028 4337 4156 6 64504 64506 77328 78375 73539 73538
56029 4580 4382 8 64505 64507 78411 78402 78401 78403 78405 78379
56030 3428 3116 5 64508 64509 76192 77589 80094
56031 3428 3180 5 64509 64510 78981 78812 76193
56032 3047 3180 6 64510 64511 119757 119758 120324 78983
56033 3047 3116 7 64511 64508 80086 80087 118600 78936 78935
56034 3047 3428 6 64508 64510 78982 75572 75569 80095
56035 3180 3116 4 64509 64511 78526 76194
56036 1648 2324 5 64518 64520 122059 106425 78890
56037 4382 4072 5 64525 64526 65846 65848 77181
56038 4382 4383 5 64526 64527 78408 77418 77297
56039 4528 4383 5 64527 64528 64598 75326 78195
56040 4383 4072 5 64526 64528 64597 64683 77298
56041 3125 3027 5 64533 64534 65840 65841 66082
56042 3027 2904 3 64532 64534 66049
56043 2285 3196 4 64538 64539 66181 66180
56044 2857 2713 5 64541 64542 120002 120000 120102
56045 2857 2659 5 64540 64541 135072 135069 136125
56046 5306 5405 8 64543 64544 73945 73946 73979 88887 91516 72482
56047 5306 5095 5 64544 64545 72531 72533 73942
56048 5302 5095 7 64545 64546 73292 72917 72870 72871 73598
56049 5095 5405 4 64544 64546 73805 73903
56050 3664 3085 6 64550 64551 64566 64564 133891 121918
56051 3085 3579 4 64549 64551 66018 65788
56052 3612 3491 5 64558 64559 64567 64626 64721
56053 3793 4157 6 64560 64561 77027 78450 78268 77289
56054 3793 4241 5 64561 64562 78539 78130 77028
56055 4176 4157 5 64563 64560 77290 77759 78005
56056 4176 3793 4 64560 64562 65666 65665
56057 4241 4157 5 64561 64563 78374 78373 77029
56058 3664 3701 6 64565 64566 65993 65740 65739 121901
56059 3664 11915 4 64564 64565 121899 134054
56060 3578 3612 3 64568 64567 64627
56061 5301 5713 4 64569 64570 65649 65594
56062 5422 5713 4 64570 64571 77375 65650
56063 5089 5145 3 64573 64574 72171
56064 5268 5145 8 64574 64575 72032 72446 72153 72152 72429 72172
56065 5268 5104 3 64575 64572 72031
56066 5780 5338 6 64579 64576 65268 65259 65260 64839
56067 5780 5427 3 64576 64578 65267
56068 11922 4131 3 64581 64582 77249
56069 4014 4072 8 64583 64584 73000 68874 68875 65848 65847 72896
56070 3773 4072 5 64585 64583 72897 73087 73089
56071 3911 4072 6 64584 64585 64802 64803 78367 73001
56072 4353 4240 5 64586 64587 64827 68791 64833
56073 3803 3491 4 64589 64590 64721 64615
56074 3341 3803 8 64588 64590 64720 64719 66006 65966 65963 64671
56075 4235 3904 7 64591 64592 64645 64646 65036 64977 64971
56076 7223 1 11 64595 64596 77214 77213 77178 65873 65872 96396 96397 151466 65989
56077 7223 2960 4 64596 64594 121907 121897
56078 4139 4383 6 64598 64597 64685 78217 72804 72806
56079 4973 5002 3 64599 64600 64812
56080 3988 4218 6 64605 64606 65022 65035 65117 65003
56081 4145 4218 7 64607 64605 64996 64998 65119 64992 64920
56082 4088 4218 3 64606 64607 64919
56083 5448 5338 3 64608 64609 65727
56084 4014 3859 4 64611 64612 72896 77091
56085 4013 3773 4 64613 64614 78298 78051
56086 4013 3859 7 64614 64611 77092 78552 78682 65630 65632
56087 3773 3859 8 64612 64614 78297 78684 79448 73036 73037 72897
56088 4675 4445 7 64617 64618 65305 65323 65236 65238 65756
56089 4140 4125 4 64620 64621 66274 66273
56090 3807 3838 8 64622 64623 78679 78827 78591 78589 78606 77279
56091 3807 4141 4 64623 64624 78383 78544
56092 11916 4141 4 64624 64625 78371 78372
56093 11916 3807 8 64622 64624 77287 77204 77203 78752 78391 77280
56094 4141 3838 4 64623 64625 64664 64663
56095 1945 1599 4 64632 64633 135184 135185
56096 1945 1738 7 64633 64630 78772 78769 135397 135394 135389
56097 1945 1884 7 64630 64632 135292 135426 134140 121708 121707
56098 1599 1738 5 64631 64633 135390 135387 135008
56099 3750 3789 4 64636 64637 78680 78614
56100 1015 855 6 64638 64639 106408 106636 105737 105738
56101 1015 71 4 64639 64640 78630 106409
56102 892 71 5 64640 64641 121534 121536 78632
56103 892 855 5 64641 64638 78613 78612 121774
56104 892 1015 6 64638 64640 78631 121380 106356 106355
56105 71 855 7 64639 64641 121867 65398 65400 121340 106410
56106 4930 4791 6 64643 64642 64731 65919 65823 65699
56107 3934 4250 3 64647 64648 64712
56108 4191 4550 6 64650 64651 77848 77745 76462 76463
56109 4191 4265 4 64651 64652 76449 77847
56110 4244 4265 5 64652 64653 76604 76665 76450
56111 4244 4550 4 64653 64650 76664 76603
56112 3803 11919 5 64654 64655 65767 65783 65870
56113 3079 11915 3 64657 64658 134081
56114 11915 3355 5 64657 64659 76937 120508 133812
56115 3838 3955 7 64662 64663 78679 78828 78473 78474 76865
56116 4241 3955 6 64665 64662 76867 78539 78121 78122
56117 4241 3838 4 64662 64664 77071 76866
56118 4141 3955 9 64663 64665 77082 77083 78836 78492 78491 78545 78544
56119 3754 3553 5 64668 64667 78126 78125 77060
56120 5737 5538 5 64669 64670 65829 65828 65984
56121 4383 4288 6 64672 64673 78221 78222 68689 68692
56122 4532 4288 4 64674 64672 72979 72980
56123 4135 4580 6 64678 64679 71788 71787 78405 77468
56124 4580 4201 4 64677 64679 78261 78278
56125 4135 4139 4 64684 64685 78338 78937
56126 4135 4383 7 64685 64683 77417 77418 78220 78222 78337
56127 4135 4072 5 64683 64684 78969 78445 77587
56128 4524 4961 4 64686 64687 65019 65219
56129 4961 4516 3 64686 64688 65220
56130 5301 5299 5 64689 64690 65644 65603 65604
56131 5738 5301 4 64689 64691 65649 65652
56132 3130 3477 4 64693 64694 66332 66469
56133 3920 3969 9 64699 64700 64704 64705 64965 64970 64997 64884 64882
56134 3920 3740 3 64700 64701 64945
56135 3471 3904 3 64702 64703 65011
56136 3596 3969 4 64706 64704 64950 64949
56137 3548 3969 5 64705 64706 64957 64964 64963
56138 4240 3911 4 64709 64710 64803 78319
56139 4014 4005 3 64713 64714 68874
56140 4250 4014 6 64712 64714 68875 78320 78321 78369
56141 3803 3846 6 64715 64716 64736 65785 65767 65318
56142 3803 3745 6 64716 64717 64718 64719 65944 64735
56143 3612 3803 4 64718 64720 64721 64732
56144 3154 3236 5 64725 64726 66172 66173 132183
56145 3154 3958 4 64726 64723 66201 66177
56146 3877 3702 4 64729 64728 65601 78665
56147 4791 4006 3 64730 64731 65917
56148 3854 3998 5 64733 64734 65600 65867 65845
56149 3648 3803 4 64735 64736 65890 65942
56150 11919 3995 8 64738 64739 65838 65598 65597 65784 65783 65981
56151 3603 3550 4 64745 64744 66138 65833
56152 5930 5579 4 64746 64747 65827 65383
56153 4445 4516 6 64750 64751 65355 65237 65238 66074
56154 4445 4371 4 64751 64752 65065 65356
56155 4647 4597 6 64755 64756 77707 72867 72869 76838
56156 4647 4959 5 64756 64757 73264 77754 77706
56157 4886 4597 6 64758 64755 76839 77460 77459 72734
56158 4886 4647 3 64755 64757 73265
56159 4959 4597 4 64756 64758 72733 77652
56160 4420 4511 6 64759 64760 72670 73021 78188 78166
56161 4650 4511 10 64760 64761 72816 72999 77594 72978 72910 72844 69007 69009
56162 4152 4372 6 64762 64763 67493 67495 68764 68194
56163 4890 5017 4 64767 64768 68903 64988
56164 4759 5017 5 64769 64767 64990 65528 65529
56165 5639 5559 4 64772 64770 65757 65376
56166 4626 4890 5 64773 64774 65723 77541 68953
56167 4680 4816 4 64777 64778 65125 65020
56168 4371 4600 3 64779 64780 65274
56169 6510 4522 6 64782 64783 96004 96332 96331 96283
56170 3735 4821 5 64784 64781 76955 76954 77368
56171 3735 6510 5 64781 64783 96005 96249 91675
56172 4522 4821 4 64782 64784 76850 76848
56173 5298 5114 7 64785 64786 77546 73005 73006 76898 76897
56174 5298 4723 3 64786 64787 72830
56175 5289 4723 4 64787 64788 77325 72831
56176 5289 5114 4 64788 64785 96596 77705
56177 4723 5114 10 64786 64788 77704 77393 76907 73665 73667 77713 77698 77567
56178 5559 5737 5 64791 64792 65806 65732 65651
56179 5737 5558 4 64791 64793 65498 65524
56180 11920 5077 6 64798 64796 72826 77227 77226 65415
56181 11920 4606 9 64796 64797 77030 77239 77252 77246 65397 65394 72825
56182 4327 4331 4 64809 64810 68461 65002
56183 4659 4235 6 64814 64815 65637 65638 65641 65523
56184 4325 4235 5 64815 64816 65036 65033 65034
56185 5003 4783 5 64818 64819 67723 67813 67593
56186 4577 4435 6 64821 64820 65165 67936 68473 68785
56187 3842 3277 4 64823 64824 64938 64826
56188 3486 3842 4 64822 64824 64937 66464
56189 3842 3326 4 64825 64826 64939 64925
56190 4660 4353 6 64833 64834 65589 65633 65634 68789
56191 4240 4660 5 64833 64835 72911 68793 68790
56192 4064 3688 4 64836 64837 64838 64912
56193 4442 4331 6 64842 64843 68474 68125 68123 67883
56194 4116 4442 4 64841 64843 68347 68346
56195 4595 4327 4 64844 64845 68461 68491
56196 4327 4481 8 64844 64846 64901 64900 65133 65141 65152 65154
56197 4769 4650 6 64851 64852 68105 68425 68805 68803
56198 4456 4769 4 64850 64852 68104 68802
56199 5599 5616 6 64854 64855 68766 68679 68680 68247
56200 5422 5616 3 64856 64854 68249
56201 3988 3612 3 64857 64858 65008
56202 5199 5099 3 64863 64864 68992
56203 5078 5060 3 64865 64866 68907
56204 5078 5099 7 64866 64863 72245 77690 73020 72907 68906
56205 4973 4577 3 64868 64867 65132
56206 4668 4890 3 64870 64871 65517
56207 4325 4577 4 64873 64874 65249 65586
56208 4064 4435 5 64876 64877 64897 65129 64879
56209 4435 4388 8 64879 64880 65107 65153 68195 68197 68780 65131
56210 4218 3969 3 64883 64884 64998
56211 4218 3920 4 64884 64881 65003 64996
56212 3788 4064 6 64885 64887 64912 64913 64923 64914
56213 4469 4648 5 64891 64888 67645 67215 67140
56214 4469 4595 7 64888 64890 68334 68467 65288 65290 67347
56215 4152 4435 5 64897 64898 68194 68765 65130
56216 5017 5422 3 64905 64906 68923
56217 5015 5422 7 64906 64907 65551 65550 65658 69015 68924
56218 4064 3843 5 64908 64909 64911 64923 64922
56219 11 811 4 64917 64918 132483 132484
56220 3816 3882 5 64928 64927 65787 66403 66618
56221 4272 4178 3 64930 64929 67231
56222 2651 1755 4 64932 64933 131957 133191
56223 1990 1755 9 64933 64934 131043 131044 132463 132524 132462 66811 66809
56224 1990 2651 6 64931 64933 131956 132681 66754 66753
56225 3486 3756 4 64935 64936 66463 64937
56226 3756 3326 3 64939 64940 64941
56227 10605 10443 5 64946 64947 150150 149941 149942
56228 10343 10443 5 64947 64948 151604 151314 151313
56229 10443 10594 8 64946 64948 151559 149796 149795 151362 151360 151304
56230 3969 3628 4 64960 64961 64962 64964
56231 4770 5172 6 64968 64969 65250 65151 65106 65105
56232 4770 4879 5 64966 64968 65215 65284 65230
56233 5172 4858 7 64967 64969 67245 67247 68311 67479 67471
56234 5082 5211 5 64972 64973 67311 67202 67203
56235 1842 1854 7 64981 64982 135700 108464 108465 132184 133217
56236 2112 1842 4 64980 64982 135703 132163
56237 5980 6285 3 64985 64986 70496
56238 6333 6285 7 64987 64985 73759 91340 91362 91836 91369
56239 6037 6285 6 64986 64987 91293 87266 87265 70497
56240 5537 5410 4 64993 64994 68159 68164
56241 5537 5574 8 64994 64995 69025 69023 69083 69081 69102 68160
56242 5784 5537 5 64993 64995 69076 91256 68940
56243 3920 4145 4 64996 64997 64999 65004
56244 3969 4145 6 64997 64998 65121 65045 65044 65000
56245 3920 3982 3 65006 65007 65009
56246 4980 4879 5 65015 65016 67165 68146 67180
56247 4879 4986 8 65014 65016 67164 68140 68332 68329 67218 65185
56248 4209 4129 4 65017 65018 67262 65197
56249 4680 4961 5 65019 65020 65124 65028 65025
56250 4325 3988 4 65021 65022 65033 65023
56251 3904 4325 5 65023 65024 65810 65364 65036
56252 4697 4961 7 65025 65026 65108 65210 65304 65220 65219
56253 4680 4697 3 65025 65027 65325
56254 4770 4961 6 65026 65028 65148 65250 67244 65109
56255 4973 5032 7 65032 65029 65540 65541 65569 68186 65294
56256 4973 4816 3 65029 65031 65198
56257 4778 5032 3 65030 65032 65293
56258 4129 4359 4 65051 65052 67256 65197
56259 4657 4497 3 65053 65054 65441
56260 4657 4359 5 65054 65055 66317 66320 65442
56261 4478 4359 4 65055 65056 65139 66318
56262 4478 4657 7 65053 65055 65443 65445 66197 65059 65058
56263 4657 4858 8 65057 65058 65441 65442 66319 66971 67148 65455
56264 4697 4478 7 65059 65060 65225 65226 66221 65168 65169
56265 4697 4657 4 65057 65059 66378 65456
56266 4478 4858 3 65058 65060 66995
56267 1950 1431 4 65061 65062 131652 131653
56268 1460 1431 8 65062 65063 135004 134852 129956 129958 138770 135082
56269 1431 1888 4 65061 65063 135046 134506
56270 4227 4445 9 65064 65065 66222 66223 66279 66215 66216 66238 66155
56271 4216 4227 4 65064 65066 66116 66115
56272 5386 5408 5 65071 65072 67374 67301 67302
56273 4331 4469 4 65076 65077 68467 67883
56274 5555 5383 5 65081 65082 67326 67327 67705
56275 5341 5383 3 65082 65083 67596
56276 4430 5119 3 65084 65085 66287
56277 4272 4298 4 65096 65097 66325 65099
56278 4961 4966 6 65101 65102 65210 65303 65427 65431
56279 4961 5344 6 65102 65100 65552 67246 65109 65108
56280 4648 4745 7 65103 65104 65135 65182 68167 67345 65563
56281 4648 4770 7 65104 65105 65215 67215 67214 65232 65136
56282 5172 4648 3 65103 65105 65214
56283 4770 4745 4 65104 65106 65150 65137
56284 4272 3842 3 65110 65111 65113
56285 4622 4555 5 65115 65116 65591 68331 68216
56286 4237 4145 3 65119 65120 65121
56287 4680 4943 6 65124 65125 65295 65195 65194 65149
56288 4206 4435 4 65129 65130 68775 65131
56289 4680 4745 5 65135 65137 65194 65196 65183
56290 4031 4478 4 65138 65139 66935 66884
56291 4481 4410 4 65140 65141 65155 65164
56292 4958 5097 4 65142 65143 68887 68749
56293 5514 5774 5 65145 65146 69082 69048 69049
56294 4770 4943 4 65148 65149 65150 65151
56295 4481 4435 5 65152 65153 67934 65165 65155
56296 4481 4388 4 65153 65154 68494 68345
56297 4819 5097 6 65156 65157 68908 68887 68477 68439
56298 5258 5097 4 65157 65158 68179 68882
56299 4926 4584 3 65160 65161 68098
56300 4445 4478 5 65167 65168 66223 65446 65445
56301 4697 4445 5 65166 65168 66222 65356 65355
56302 4478 4966 3 65167 65169 66197
56303 3985 4264 4 65171 65172 65799 76963
56304 3985 3719 6 65172 65173 77175 78760 78390 65800
56305 3976 4264 4 65174 65171 77183 77125
56306 3976 3985 5 65171 65173 77176 65858 65857
56307 3719 4264 5 65172 65174 77124 77064 65801
56308 5678 5913 4 65175 65176 91105 91722
56309 5678 5800 4 65176 65177 90880 91106
56310 5991 5800 9 65177 65178 74940 74563 74564 92231 75407 75406 90882
56311 5991 5913 7 65178 65175 77701 77638 77637 88599 74938
56312 5991 5678 5 65175 65177 90881 94369 94312
56313 5800 5913 4 65176 65178 74939 91107
56314 5775 5575 3 65179 65181 65317
56315 4600 4745 5 65182 65183 65281 65283 68168
56316 4437 4452 6 65189 65186 67469 66937 66936 67222
56317 4437 5119 4 65186 65188 66285 67468
56318 4764 4762 3 65190 65191 68794
56319 4815 4764 8 65190 65192 67937 68763 68821 68535 67333 67334
56320 5443 5445 5 65203 65201 65574 67467 67388
56321 6850 6688 7 65205 65206 90374 90372 95802 91918 91850
56322 6850 6662 4 65206 65207 88636 91111
56323 6614 6688 5 65208 65205 91852 91854 91810
56324 6614 6850 4 65205 65207 88637 91851
56325 6662 6688 6 65206 65208 91753 91752 91371 91112
56326 5083 5285 6 65211 65212 68325 67339 67340 68292
56327 4879 4648 5 65214 65215 67645 67344 65563
56328 4497 4858 6 65216 65217 65441 66995 67239 66231
56329 4961 5172 5 65223 65224 65250 67245 65552
56330 4751 4435 4 65227 65228 68348 68785
56331 4751 4650 12 65228 65229 68618 68616 68805 68842 69020 77615 68770 68768 68792 68349
56332 4675 4966 4 65239 65236 65324 65428
56333 5174 5245 5 65242 65243 65655 65719 65548
56334 5015 5301 4 65244 65241 65551 65644
56335 5015 5174 6 65241 65243 65654 65653 65656 65550
56336 5245 5301 4 65242 65244 65603 65549
56337 5579 5142 4 65246 65247 65407 65406
56338 5142 5429 6 65245 65247 65410 65985 65712 65710
56339 5112 4950 6 65252 65253 67585 67488 65458 65459
56340 5112 5063 6 65253 65254 65464 68327 67507 67508
56341 5443 5063 5 65254 65255 67398 67467 65465
56342 5443 4950 3 65255 65252 67397
56343 5558 5338 5 65258 65259 65527 65582 65727
56344 4819 4958 5 65262 65264 68886 68887 68673
56345 4823 5011 3 65263 65265 68912
56346 5639 5338 4 65268 65266 65472 65527
56347 4966 5579 5 65269 65270 65406 65315 65316
56348 5275 4697 4 65272 65273 65456 65457
56349 4770 4451 4 65275 65276 65277 65278
56350 5021 4819 4 65279 65280 68440 68863
56351 4745 4481 3 65282 65283 68226
56352 4442 4595 5 65285 65286 65288 68123 68124
56353 4461 4595 4 65286 65287 67346 65290
56354 4442 4469 4 65288 65289 67882 67883
56355 4943 4674 3 65295 65296 65297
56356 2836 2975 8 65308 65309 79295 65902 65904 120544 120471 120468
56357 2836 2835 3 65306 65308 78471
56358 2975 2802 3 65307 65309 78576
56359 3846 4411 3 65318 65319 65766
56360 6749 5477 4 65326 65327 65380 65771
56361 4183 4741 5 65334 65335 77345 77286 77285
56362 4183 4707 3 65332 65334 78382
56363 4741 4362 4 65333 65335 77344 72737
56364 5551 6308 7 65336 65337 150232 66296 66297 66299 66263
56365 7563 6308 3 65337 65339 133273
56366 5783 5534 5 65341 65342 90997 90998 96009
56367 5783 6089 4 65342 65340 96641 96589
56368 5783 5718 5 65340 65341 77502 77501 96638
56369 5213 5930 3 65343 65344 65588
56370 1706 166 4 65348 65349 133884 134271
56371 1026 166 6 65349 65350 134040 134039 133963 133885
56372 1026 1397 5 65350 65347 77110 77109 134231
56373 1026 1706 6 65347 65349 133883 134270 133937 133675
56374 166 1397 5 65348 65350 134232 134715 134272
56375 5881 5559 6 65353 65354 65700 65751 65760 65741
56376 5881 5152 3 65352 65353 65668
56377 4006 3719 4 65359 65357 65947 65970
56378 4006 11915 3 65357 65358 65532
56379 5121 4715 7 65363 65361 65585 72882 72881 72843 72763
56380 5078 4715 3 65362 65363 72762
56381 4941 5396 6 65370 65371 77764 77717 76880 76881
56382 3579 4006 4 65372 65373 65992 65869
56383 3664 4006 4 65373 65374 65738 65740
56384 5994 5558 5 65377 65375 65524 65522 65521
56385 5994 5559 8 65375 65376 65758 65765 65759 65751 65731 65651
56386 5477 6247 4 65379 65380 65772 65818
56387 3857 5538 7 65382 65381 66251 66024 66023 66019 65830
56388 5551 6693 3 65384 65385 65447
56389 4707 4932 8 65388 65389 72807 68607 68605 72997 72995 73009
56390 5123 4626 4 65390 65391 65724 76887
56391 4337 4241 8 65393 65392 78374 78375 78428 78436 78282 78281
56392 5331 5232 10 65395 65396 77527 96469 96143 77493 77492 72829 72827 76855
56393 11920 5232 3 65396 65397 77248
56394 11920 5331 4 65394 65396 72755 72753
56395 5232 4606 5 65395 65397 77247 77238 76856
56396 855 2150 7 65398 65399 121666 105737 78611 78612 121773
56397 855 11546 5 65399 65400 121341 106640 106639
56398 71 2150 3 65401 65398 121930
56399 11546 2150 6 65399 65401 121884 96343 96345 121667
56400 5881 5232 6 65403 65404 65775 96559 96554 65819
56401 5232 5184 5 65402 65404 65774 65776 65938
56402 3956 3942 8 65412 65413 79046 78095 76731 76079 76082 77931
56403 3547 3956 4 65411 65413 79048 75265
56404 5077 5520 7 65415 65416 77104 96348 91575 77225 77223
56405 5520 11920 3 65415 65417 77180
56406 6778 6865 6 65419 65420 77524 77525 96508 96509
56407 6530 6778 3 65418 65420 96461
56408 6865 6085 3 65419 65421 96518
56409 6236 6355 4 65422 65423 96570 96575
56410 5864 6355 9 65423 65424 95851 95852 95933 91580 91583 91585 96022
56411 5232 6247 5 65425 65426 96548 65819 65818
56412 5172 5344 5 65433 65434 68305 67247 65552
56413 5344 5465 4 65432 65434 68304 65553
56414 5454 5714 4 65439 65440 65480 65481
56415 4657 4445 4 65444 65445 66196 66289
56416 4478 4222 5 65446 65443 66318 66935 66282
56417 4445 4222 6 65444 65446 66279 66261 66259 66260
56418 5539 4222 3 65449 65450 66309
56419 5275 4858 4 65457 65455 67007 67009
56420 5685 5454 4 65460 65461 65462 65483
56421 5344 5708 3 65467 65468 67335
56422 4995 5092 7 65475 65476 67501 67500 68340 68344 68421
56423 4995 5141 3 65476 65474 68352
56424 4995 4982 8 65474 65475 68420 68489 68256 68254 68253 68402
56425 5420 5714 5 65479 65480 66195 66194 66973
56426 5454 5764 3 65482 65483 65484
56427 5456 5623 8 65485 65486 68184 68316 68314 68310 68281 67950
56428 5248 5083 4 65488 65489 67137 68377
56429 5333 5092 4 65490 65491 67503 67505
56430 5092 5083 5 65489 65491 68341 68340 67138
56431 5135 5044 5 65494 65492 68455 68429 68428
56432 5378 5056 4 65495 65496 68936 68939
56433 5378 5422 7 65496 65497 68888 68248 68249 69022 68937
56434 4995 5083 4 65500 65501 68340 67496
56435 5608 5686 3 65503 65504 67248
56436 4486 4540 6 65505 65506 68371 67909 67907 68457
56437 4486 4296 6 65506 65507 68500 68498 68503 68372
56438 3063 7644 5 65512 65513 151225 120795 120793
56439 5558 6346 3 65520 65521 65557
56440 5168 5032 4 65539 65540 65547 65545
56441 5032 5338 4 65539 65541 65555 65556
56442 5679 5301 6 65544 65542 65549 65604 65652 65594
56443 5679 5174 6 65542 65543 77474 65722 65720 65548
56444 5456 5333 6 65560 65561 65577 65578 68295 68299
56445 5456 5373 4 65561 65562 68217 68279
56446 5226 5427 3 65564 65565 67970
56447 5226 4973 3 65568 65569 68185
56448 5373 5192 7 65570 65571 65628 65622 65625 67499 65573
56449 5469 5192 4 65571 65572 68361 67338
56450 5456 5653 4 65575 65576 68294 65578
56451 5168 5558 3 65581 65582 65726
56452 4874 4715 4 65585 65583 73150 72884
56453 4874 4605 6 65583 65584 72718 72599 72598 73153
56454 5213 5808 7 65587 65588 65792 65817 65764 65692 65693
56455 4388 4639 4 65592 65593 68197 68779
56456 4388 4622 6 65593 65591 68335 68493 68345 68195
56457 3904 11919 4 65599 65597 65824 65835
56458 3854 3877 4 65600 65601 75486 65868
56459 5002 5299 3 65609 65610 65612
56460 5002 5245 6 65611 65612 65613 65743 65617 65615
56461 5002 5015 3 65614 65615 65616
56462 5563 5135 4 65619 65620 69002 69063
56463 5135 5197 5 65619 65621 68884 68883 69071
56464 5141 5373 3 65622 65623 65627
56465 5192 5092 4 65624 65625 67502 67501
56466 5192 5141 9 65622 65624 68352 68251 68252 68393 68370 68361 65626
56467 5092 5373 5 65623 65625 67504 67505 67964
56468 5192 5248 3 65628 65626 67338
56469 3754 3859 3 65629 65630 76773
56470 3754 4013 6 65630 65631 65808 78380 78648 78683
56471 3616 4013 4 65631 65632 78298 65809
56472 3616 3859 4 65632 65629 76774 78297
56473 4353 4659 4 65633 65635 65641 65640
56474 4659 4218 3 65636 65637 65639
56475 5784 5379 7 65643 65642 68940 91260 72641 72640 69051
56476 4135 4254 5 65646 65647 77408 77410 78193
56477 4135 4164 5 65647 65645 78338 78337 78333
56478 5174 4890 5 65656 65657 72535 77540 65660
56479 5422 4890 4 65657 65658 69016 72536
56480 3835 3955 5 65663 65664 78474 78129 78128
56481 3835 4176 6 65664 65665 77290 77758 77316 77317
56482 3793 3955 4 65666 65663 78569 78539
56483 4176 3955 4 65664 65666 76867 76865
56484 5679 5184 4 65669 65667 65763 65774
56485 3935 4821 8 65673 65670 76850 77368 77191 77190 77134 77133
56486 3935 4748 3 65670 65672 76849
56487 11917 4821 3 65671 65673 77245
56488 5298 5400 5 65678 65679 77295 77536 77392
56489 4741 5400 6 65679 65680 72686 69018 69019 77265
56490 5400 5079 3 65678 65680 72684
56491 5436 5400 9 65681 65682 77337 72998 72996 76607 77306 96629 77555
56492 5436 5174 7 65682 65683 77339 77338 77540 76583 76582
56493 5638 5400 5 65684 65681 77557 90887 72716
56494 5638 5436 5 65681 65683 77413 77412 77556
56495 5174 5400 3 65682 65684 72715
56496 5123 5679 6 65687 65688 96633 77499 77498 65722
56497 5679 5232 6 65686 65688 96591 96560 65775 65774
56498 4112 3998 4 65689 65690 65865 65856
56499 5559 5213 5 65691 65693 65806 65805 65804
56500 4156 4441 7 65695 65696 78247 78365 77327 77328 78427
56501 4156 4123 9 65696 65697 78431 78439 72936 72937 78400 78349 78248
56502 4309 4441 7 65698 65695 78430 78089 78088 77581 77577
56503 4309 4156 3 65695 65697 78429
56504 4123 4441 3 65696 65698 77578
56505 4707 5421 5 65703 65704 73009 77517 77513
56506 5448 5942 6 65707 65708 65782 65781 65790 65773
56507 6059 5559 5 65709 65706 65769 65768 65765
56508 6059 5448 3 65706 65708 65770
56509 5942 5559 4 65707 65709 65758 65757
56510 5213 5429 5 65710 65711 65805 65803 65802
56511 4932 4930 3 65714 65713 65725
56512 4197 4420 5 65715 65716 78188 78218 78334
56513 4197 4372 5 65716 65717 72724 72655 72654
56514 4198 4197 5 65715 65717 72723 72945 72942
56515 4372 4420 4 65716 65718 68238 73021
56516 5174 5123 4 65722 65721 65742 72738
56517 5123 4932 5 65724 65725 65742 72739 77355
56518 3676 4051 3 65728 65729 66213
56519 4264 4782 5 65733 65734 77184 65853 65855
56520 5289 4724 6 65744 65746 72777 72776 72831 77233
56521 969 981 5 65747 65748 134589 122762 122763
56522 969 832 4 65748 65749 129938 129936
56523 560 832 6 65749 65750 134692 132155 129847 129844
56524 560 981 3 65750 65747 134690
56525 832 981 6 65748 65750 134691 134674 134675 134590
56526 3290 11910 7 65753 65754 121824 121883 121946 121932 120388
56527 4114 3290 5 65752 65754 121823 77123 77122
56528 5559 6320 4 65759 65760 65761 65768
56529 4930 5184 5 65763 65762 65823 65936 65776
56530 11919 3846 4 65766 65767 65784 65824
56531 2873 3191 4 65777 65778 133828 121785
56532 2873 3386 5 65778 65779 120553 135451 134111
56533 3327 2873 6 65777 65779 120554 135406 120536 120538
56534 3803 3995 4 65783 65785 65890 65982
56535 5448 5668 3 65789 65790 65791
56536 5436 5599 5 65793 65794 77563 72745 72746
56537 5436 5713 5 65794 65795 77375 77412 77562
56538 5738 5436 3 65793 65795 72752
56539 5713 5599 3 65794 65796 77564
56540 3719 11916 5 65800 65801 77065 78753 78391
56541 3854 4013 6 65808 65809 78051 78050 78263 78262
56542 3854 3754 4 65807 65808 78381 78667
56543 8995 942 4 65812 65813 151457 77185
56544 8995 452 9 65811 65812 65929 65928 65924 65925 65948 65980 77140
56545 5477 4791 3 65814 65815 65914
56546 2099 2383 3 65820 65821 136345
56547 2091 2383 5 65822 65820 135876 135741 133288
56548 5930 5538 7 65827 65829 66020 66050 66060 66059 66061
56549 3125 3028 4 65839 65840 66048 66129
56550 4362 3998 3 65844 65845 65866
56551 4072 4102 5 65846 65847 77314 77587 77298
56552 5426 5520 8 65849 65850 77150 77177 76999 76998 77180 77223
56553 6039 6340 6 65851 65852 77002 77001 96538 74858
56554 6039 5426 5 65849 65851 74856 77228 77224
56555 6340 5520 3 65850 65852 77151
56556 4782 5187 5 65854 65855 76996 76967 76965
56557 4941 4748 4 65859 65860 77465 77262
56558 4941 5187 5 65860 65861 76880 77716 77464
56559 4821 5187 3 65861 65862 76655
56560 3803 3579 7 65869 65870 65982 65942 65944 66006 66015
56561 7223 5520 3 65871 65873 77177
56562 11734 10790 3 65876 65874 106053
56563 11358 10790 8 65875 65876 106114 106073 106061 105246 105248 105802
56564 4382 4672 4 65878 65879 78366 76995
56565 2966 2629 6 65881 65882 66476 66526 133270 132932
56566 2973 2854 4 65884 65885 117248 137919
56567 2973 2925 6 65885 65886 116826 116827 117527 117249
56568 2855 2925 4 65886 65887 82175 82178
56569 2925 2854 6 65885 65887 82264 82447 115616 115735
56570 452 5920 7 65891 65892 96466 78725 65931 65932 65924
56571 8901 5920 4 65893 65891 65926 76985
56572 4007 5920 6 65892 65893 76984 96347 96289 96288
56573 2021 2468 5 65894 65895 134620 134154 120760
56574 2603 2212 3 65896 65897 120677
56575 2603 2468 5 65897 65894 120460 120459 120618
56576 3063 3407 5 65899 65900 65996 65995 133914
56577 3063 1728 6 65898 65899 133913 133973 121909 121910
56578 2603 2975 5 65901 65902 79294 120622 121950
56579 2603 2836 5 65902 65903 120135 119855 79293
56580 3035 2836 6 65903 65904 78865 78864 120518 120645
56581 3035 2975 5 65904 65901 121952 120592 120545
56582 3035 2603 5 65901 65903 120642 120644 120804
56583 2022 2189 4 65906 65907 119616 120486
56584 2022 2128 9 65907 65905 78313 119664 119663 119719 119718 120856 119614
56585 1745 3664 5 65909 65910 65994 134187 120457
56586 3407 1745 3 65908 65910 65995
56587 3664 2481 5 65909 65911 121918 119882 119884
56588 416 1745 5 65912 65913 65939 133966 121716
56589 4474 4791 6 65914 65915 65919 65917 65922 65937
56590 4474 5184 4 65915 65916 65938 65936
56591 4474 4930 5 65918 65919 65936 65923 65920
56592 8995 5920 4 65926 65924 77174 77171
56593 452 7361 3 65927 65928 65932
56594 1 8995 5 65929 65930 96397 151467 77185
56595 1 7361 4 65930 65927 65933 96396
56596 1 452 5 65927 65929 77147 77146 65931
56597 416 250 3 65939 65940 133965
56598 1728 250 5 65940 65941 121909 121908 151410
56599 3579 3745 3 65943 65944 66005
56600 3355 11914 6 65945 65946 78748 78743 78624 78623
56601 3446 3530 4 65949 65950 78721 78722
56602 3446 3807 6 65950 65951 78871 78856 78588 78589
56603 3375 3807 3 65951 65952 78765
56604 3375 3530 6 65952 65949 78584 78583 78759 78762
56605 3375 3446 7 65949 65951 78872 78609 78608 78720 78863
56606 3807 3530 7 65950 65952 78764 78757 78758 78607 78606
56607 3405 3175 6 65954 65955 78797 78798 121834 78625
56608 3405 3375 3 65955 65953 78800
56609 3405 11914 5 65953 65954 78624 78744 78805
56610 2481 2960 5 65956 65957 133982 119883 119884
56611 3071 3386 5 65959 65960 78393 78394 135353
56612 3071 11914 5 65960 65958 78279 76739 76740
56613 3071 3111 5 65958 65959 135330 75512 75514
56614 3719 3341 3 65963 65964 65965
56615 3341 3701 6 65965 65966 66016 65979 65978 65967
56616 5538 6568 3 65968 65969 66023
56617 452 2960 7 65971 65972 66036 133976 77145 77146 78725
56618 4425 2960 8 65974 65971 96467 121898 121897 121905 121869 121819
56619 4425 452 4 65971 65973 105954 96466
56620 11910 2960 4 65972 65974 121818 66037
56621 11915 3341 3 65975 65976 65978
56622 3157 3341 7 65976 65977 135278 135279 66002 66001 65979
56623 3579 3995 3 65981 65982 65983
56624 7223 942 3 65988 65989 151431
56625 1026 405 6 65990 65991 134270 133962 133963 134048
56626 3579 3701 6 65992 65993 66018 66017 66016 66015
56627 3664 3063 4 65996 65994 66044 66043
56628 2447 11906 6 65997 65998 133685 133530 133528 133779
56629 2447 2285 6 65998 65999 66181 66179 133546 133684
56630 3143 2447 5 65997 65999 66184 66182 133732
56631 3153 3157 6 66002 66000 66081 66083 77236 77237
56632 3646 3651 4 66007 66008 66118 66089
56633 3646 3676 4 66008 66009 66087 66086
56634 3352 3651 5 66010 66007 66091 66139 66121
56635 180 222 5 66011 66012 120802 120800 121827
56636 723 455 5 66013 66014 114015 114017 121503
56637 723 222 5 66014 66011 121829 134417 134416
56638 723 180 5 66011 66013 121502 134132 121828
56639 455 222 8 66012 66014 134419 134368 134367 134369 150035 133988
56640 6437 4720 5 66021 66022 66254 66265 66264
56641 11519 11190 6 66025 66026 151274 151211 151126 151127
56642 11519 11299 4 66026 66027 134013 134014
56643 11325 11299 5 66027 66028 150300 150146 150148
56644 11299 11190 7 66026 66028 151262 150193 150192 151252 151254
56645 11337 10535 6 66029 66030 151263 150776 150777 133276
56646 10758 11114 5 66031 66032 134152 151116 151221
56647 10758 11337 5 66029 66031 151220 151222 133277
56648 11114 10535 5 66030 66032 134150 151194 151217
56649 10213 9972 5 66033 66034 96414 96416 151268
56650 10213 10309 6 66034 66035 134022 134024 134026 96425
56651 10248 10213 4 66033 66035 134021 150043
56652 1277 1252 4 66038 66040 121916 129053
56653 5471 3664 5 66041 66042 121915 134187 66044
56654 5538 6347 5 66045 66046 66053 66054 66294
56655 5538 6797 6 66046 66047 66055 66059 66062 66058
56656 5538 5685 5 66051 66052 66053 66058 66063
56657 5538 7235 4 66055 66056 66057 66060
56658 6555 5538 4 66061 66062 66063 66064
56659 3857 3676 3 66066 66065 66104
56660 3603 3685 4 66067 66068 66119 66117
56661 3237 3125 4 66070 66071 134089 133890
56662 4047 4222 3 66079 66080 66352
56663 3027 3157 5 66083 66082 133149 133872 135345
56664 3676 3685 7 66088 66086 66120 66104 66103 66214 66174
56665 3603 3352 5 66090 66091 66140 133896 66143
56666 3603 3651 6 66091 66089 66119 66123 66122 66134
56667 3603 3646 5 66089 66090 66107 66108 66117
56668 3196 6568 3 66093 66094 66096
56669 3237 6384 3 66095 66092 133661
56670 5036 4703 3 66098 66099 66969
56671 4490 4855 3 66100 66097 66735
56672 3459 3125 6 66105 66106 66136 66144 133485 66129
56673 3603 3154 5 66109 66107 66143 133892 66147
56674 4838 5657 3 66111 66112 66870
56675 5275 4222 3 66114 66113 66260
56676 3651 3685 4 66118 66119 66156 66120
56677 3459 3612 3 66125 66126 66128
56678 3028 3459 4 66129 66130 66133 133873
56679 3459 3352 6 66131 66132 66133 133888 66140 66139
56680 3459 3651 3 66134 66135 66139
56681 3459 3550 4 66136 66137 66138 66145
56682 3352 3154 5 66141 66142 135592 133895 66143
56683 3459 3143 4 66144 66145 66146 133484
56684 3154 3143 3 66147 66148 66161
56685 2792 2353 5 66149 66150 132678 132680 135734
56686 2792 2557 4 66150 66151 132804 132803
56687 2672 2353 3 66152 66149 134753
56688 2557 2353 5 66150 66152 134754 133841 133469
56689 2425 1799 6 66158 66159 131941 133544 133545 133797
56690 2296 1799 4 66159 66160 133526 131942
56691 2296 2425 5 66157 66159 131940 135376 133830
56692 3507 3449 4 66164 66166 66579 66627
56693 1255 218 4 66167 66168 133733 133813
56694 1644 218 6 66169 66167 133717 133716 131094 131096
56695 1644 2305 7 66170 66171 132823 132049 132048 133338 133579
56696 3685 3775 4 66174 66175 66189 66193
56697 2425 2447 7 66178 66179 133544 135605 135606 135484 133826
56698 2425 2285 4 66179 66180 133798 133545
56699 3196 2447 4 66181 66178 66183 66184
56700 2344 2883 6 66185 66186 133581 133188 133187 132952
56701 2305 3031 6 66187 66188 133230 66421 66422 133016
56702 3031 2883 3 66186 66188 133229
56703 3710 3775 3 66189 66190 66191
56704 4227 3710 5 66191 66192 66215 66280 66210
56705 4227 3685 5 66192 66193 66214 66240 66216
56706 4657 4966 4 66196 66197 66378 66290
56707 1202 1272 6 66202 66203 134221 134611 134612 134987
56708 1202 1309 5 66203 66204 123142 134793 134222
56709 1463 1309 6 66204 66205 129209 129208 135157 123143
56710 1463 1272 5 66205 66202 134886 134887 134862
56711 1463 1202 6 66202 66204 123141 135249 135113 134986
56712 1309 1272 5 66203 66205 128341 128343 134223
56713 4490 4714 5 66209 66206 66961 66963 66965
56714 4227 3676 4 66212 66213 66239 66214
56715 4445 3710 4 66215 66217 66243 66261
56716 4227 4697 3 66220 66221 66222
56717 4227 4298 3 66224 66225 66226
56718 3590 3311 3 66228 66229 66507
56719 4227 4049 4 66237 66238 66240 66239
56720 4445 4318 7 66243 66244 66255 66250 66246 66245 66259
56721 4318 4966 3 66246 66247 66249
56722 5275 4445 4 66248 66245 66260 66289
56723 5295 4993 4 66252 66253 67018 67026
56724 5176 5866 6 66257 66258 67283 67284 67298 67299
56725 6458 5176 4 66256 66258 67296 66308
56726 4720 6478 3 66265 66266 66267
56727 4657 5454 4 66268 66269 67148 66303
56728 4209 4017 4 66271 66272 67276 66410
56729 835 1243 6 66277 66278 132182 132010 132009 132121
56730 835 1238 6 66278 66275 132386 132401 132406 132411
56731 835 1221 5 66275 66277 132328 132340 132342
56732 1243 1238 6 66276 66278 132408 132187 131820 131519
56733 6458 5211 7 66283 66284 67296 67297 67292 67294 67295
56734 4452 4713 5 66286 66288 67235 67152 67151
56735 5539 5538 4 66291 66292 66294 66293
56736 5551 2505 3 66298 66299 66300
56737 5482 5627 3 66305 66306 67366
56738 5719 5408 3 66307 66304 67360
56739 1666 1343 5 66311 66312 132242 132244 132453
56740 1666 1744 11 66312 66310 130839 130838 142455 142404 141797 132498 132497 132595 132449
56741 1666 1670 3 66310 66311 132193
56742 4047 4048 5 66313 66314 67272 67200 66392
56743 5866 5155 5 66316 66315 67249 67285 67284
56744 4858 4713 5 66321 66319 66972 67287 67151
56745 4359 4713 6 66320 66321 67152 67236 67275 66379
56746 2829 3392 4 66322 66323 141955 141936
56747 2829 3017 8 66323 66324 141890 141898 141896 141961 141970 141956
56748 2238 1952 4 66328 66329 135366 135367
56749 2238 1886 6 66329 66330 132085 132087 135689 135665
56750 2723 1952 6 66331 66328 133791 133790 135029 133356
56751 2723 2238 4 66328 66330 132470 133421
56752 1886 1952 6 66329 66331 133355 135066 134964 134966
56753 3359 3465 5 66334 66333 66361 66363 66357
56754 4669 4187 4 66337 66338 67595 66919
56755 4901 5675 4 66340 66341 66399 66905
56756 5675 4341 4 66340 66342 66871 66876
56757 3105 1051 4 66343 66344 66795 132767
56758 4363 4300 3 66347 66349 66920
56759 8049 5367 4 66350 66351 66763 155266
56760 2578 2373 7 66353 66354 132222 132467 132194 132195 133201
56761 2578 2207 6 66354 66355 133039 133321 137296 132223
56762 1755 2207 6 66355 66356 66452 66811 66810 133040
56763 1755 2373 8 66356 66353 66776 66778 133247 133214 132469 66450
56764 1755 2578 3 66353 66355 133038
56765 2207 2373 3 66354 66356 66451
56766 4773 4523 3 66358 66359 67810
56767 3031 3359 5 66361 66362 135745 66570 66436
56768 2179 1858 3 66364 66365 136568
56769 1915 2090 3 66366 66367 132293
56770 1915 2179 8 66364 66366 133396 133392 133391 134969 137834 137182
56771 2090 1858 8 66365 66367 132291 132369 132393 131359 131358 133216
56772 3269 3267 6 66369 66370 66575 66571 66372 66373
56773 4342 4252 5 66374 66375 67136 67238 67258
56774 4048 4252 6 66377 66374 67266 67197 67142 67005
56775 4048 4342 3 66374 66376 67265
56776 4228 4252 3 66375 66377 67006
56777 692 1433 6 66382 66383 132435 132434 142662 142700
56778 692 1119 4 66383 66380 132725 132601
56779 692 966 7 66380 66382 142701 142682 142247 132836 132834
56780 1433 1119 4 66381 66383 66585 66584
56781 3989 3834 4 66384 66385 66597 66402
56782 3363 3088 4 66388 66389 66559 66674
56783 3306 3098 3 66390 66387 66506
56784 3088 3098 5 66388 66390 66395 66394 66676
56785 4047 3943 4 66391 66392 67195 66405
56786 3821 3943 4 66404 66405 67194 66599
56787 4810 4919 7 66408 66406 67477 67466 66459 66461 66988
56788 4810 4765 3 66406 66407 67061
56789 1218 1353 4 66414 66413 66815 66814
56790 4311 4452 4 66415 66416 67257 66974
56791 1455 1626 6 66418 66419 133819 133587 132608 132609
56792 1793 1626 7 66419 66420 133078 133077 133220 132282 132280
56793 1793 1455 4 66417 66419 133818 135622
56794 1626 1983 5 66418 66420 133664 133598 132752
56795 3486 3534 4 66424 66423 66456 66567
56796 2179 2292 5 66427 66428 133313 133314 133393
56797 2179 1878 4 66428 66429 133396 133415
56798 2790 2297 9 66431 66432 132945 142341 132585 132584 141954 137617 137410
56799 1840 2790 3 66430 66432 132450
56800 5608 5623 5 66433 66434 68316 66943 66941
56801 1289 987 5 66437 66438 130850 130853 137556
56802 1289 1108 5 66438 66439 138149 138516 137777
56803 897 1108 6 66439 66440 131425 131424 138549 138150
56804 897 1289 6 66437 66439 138143 137673 137671 137557
56805 1108 987 6 66438 66440 131526 126868 126869 137778
56806 3681 3470 5 66441 66443 67056 66657 66644
56807 2813 2597 4 66444 66446 133147 133041
56808 2817 2955 4 66445 66447 66448 132508
56809 2090 1755 5 66450 66452 132462 131600 131599
56810 1327 1617 6 66453 66455 132199 134764 132355 131539
56811 3363 3283 4 66457 66458 66531 66534
56812 3779 3756 4 66462 66463 66466 66484
56813 3842 3779 4 66462 66464 66465 66483
56814 3131 3914 5 66467 66468 133134 66856 66854
56815 6384 876 6 66472 66470 151082 134020 133998 133800
56816 617 367 5 66473 66474 131890 134837 134839
56817 617 497 6 66474 66475 121597 133832 134604 131891
56818 4363 4065 4 66479 66480 66746 66747
56819 2933 2817 5 66481 66482 133203 133202 133242
56820 4437 4043 5 66485 66486 67230 67229 67181
56821 4272 4437 6 66491 66492 67234 67231 67229 67228
56822 1374 3319 3 66494 66495 66822
56823 1374 439 7 66495 66493 132229 132624 132623 66750 66749
56824 1374 2721 5 66493 66494 66821 132808 132228
56825 1575 1670 5 66496 66497 131970 132193 132452
56826 2790 3188 7 66504 66505 141973 141929 131246 131244 132372
56827 3374 2790 4 66503 66505 141969 132481
56828 3121 3188 3 66509 66510 131244
56829 3165 3121 9 66509 66511 66702 66703 132535 66790 66789 133161 131245
56830 3475 3266 4 66513 66514 66629 66630
56831 2678 2850 8 66515 66516 135969 137282 137280 137284 133287 133285
56832 2955 2850 5 66516 66517 66667 66666 135834
56833 2850 2962 5 66515 66517 132356 133386 133384
56834 2949 2986 9 66521 66522 137154 137163 137224 137152 137153 137221 137137
56835 3259 2959 7 66523 66520 137103 137249 137250 137391 136880
56836 3259 2949 4 66520 66522 137155 137102
56837 2966 2514 4 66526 66525 133626 133483
56838 2684 2955 4 66528 66529 132188 132676
56839 3098 2578 3 66530 66527 66588
56840 3098 2684 5 66527 66529 66683 66592 66587
56841 3238 3283 6 66531 66532 133097 66813 66543 66533
56842 2684 2933 6 66535 66536 133202 66681 66682 133255
56843 2684 3238 6 66536 66537 66660 66658 66592 66591
56844 3266 2933 7 66538 66535 133256 133154 133153 132149 66812
56845 3238 2933 4 66536 66538 66813 133203
56846 2965 2931 4 66539 66540 137256 136739
56847 3126 2931 6 66542 66539 136740 137381 137244 137242
56848 4275 3681 4 66546 66547 67086 67085
56849 3887 4275 4 66546 66548 67039 67038
56850 959 1892 6 66550 66551 142328 142329 142537 142485
56851 1892 1348 6 66550 66552 142527 142440 142439 142486
56852 3009 2810 4 66554 66555 137120 137119
56853 3009 3277 5 66557 66558 66563 66564 66572
56854 2760 2792 5 66562 66560 133395 135609 133803
56855 3221 2792 4 66561 66562 133804 135670
56856 3486 3074 3 66565 66566 135738
56857 3486 3009 5 66563 66565 135743 66569 66567
56858 3359 3009 4 66568 66569 135742 66570
56859 3269 3277 4 66572 66573 66575 66574
56860 2768 3007 3 66576 66577 136956
56861 3370 3449 3 66582 66583 66652
56862 1744 1433 4 66586 66584 132590 132449
56863 1343 1433 6 66585 66586 132242 131838 131836 132435
56864 3238 2817 4 66593 66591 133203 133097
56865 5581 5337 3 66595 66596 68004
56866 5541 5581 5 66594 66596 68003 68011 68055
56867 3799 3669 3 66600 66601 66603
56868 3943 3799 8 66599 66601 66604 66646 66842 67054 67150 67193
56869 4046 4178 3 66609 66610 67428
56870 4178 4469 3 66612 66613 67117
56871 4215 4320 5 66616 66615 67045 67044 67143
56872 2817 2651 5 66631 66632 66663 133146 133010
56873 2817 3121 6 66632 66633 132807 133178 133179 66664
56874 2629 3121 4 66633 66634 132135 132136
56875 2629 2651 6 66634 66631 133012 133144 133143 133145
56876 3121 2651 6 66632 66634 133069 66787 66789 66665
56877 4065 3482 5 66635 66636 66764 66843 66850
56878 4065 3620 6 66636 66637 66826 66827 67099 66765
56879 2931 2740 6 66639 66641 137256 141933 133362 133364
56880 2090 2662 5 66648 66647 133186 137289 133372
56881 3470 3370 4 66652 66653 66655 66662
56882 3388 3199 3 66656 66654 132322
56883 3238 2990 4 66661 66658 66671 66673
56884 2651 2813 7 66665 66663 133147 137287 66808 66806 132214
56885 2850 3025 6 66667 66668 137157 136958 136959 132356
56886 2990 2850 6 66666 66668 137159 137161 137168 135833
56887 2990 3363 3 66674 66675 133227
56888 1468 1157 9 66677 66678 133621 133643 133644 133646 132989 132987 133575
56889 1468 1185 3 66678 66679 133571
56890 1512 1157 3 66680 66677 132639
56891 1512 1468 6 66677 66679 133572 133569 133470 133472
56892 1185 1157 6 66678 66680 132391 132392 132257 132256
56893 1873 1783 5 66689 66690 129510 131134 131135
56894 1873 1941 5 66690 66691 138728 116760 116761
56895 2199 1941 7 66691 66692 138724 138723 119170 119168 136705
56896 2199 1783 5 66692 66689 138961 128333 128332
56897 2199 1873 3 66689 66691 138960
56898 1941 1783 5 66690 66692 139104 136274 129511
56899 3282 3121 3 66703 66701 132753
56900 2651 2976 4 66705 66706 133145 133069
56901 3014 3520 3 66709 66710 132898
56902 3282 3014 4 66708 66710 133060 133059
56903 10194 10196 3 66713 66714 142647
56904 10511 10194 6 66713 66715 155427 155428 156822 142646
56905 10495 10196 6 66714 66716 155621 155622 66771 66769
56906 822 534 4 66719 66717 142744 142676
56907 678 534 5 66718 66719 142039 142038 142298
56908 2480 2761 3 66722 66723 135739
56909 2850 2761 8 66723 66724 133330 136949 135860 132426 132427 137130
56910 2850 2516 4 66724 66721 137284 133329
56911 2850 2480 5 66721 66723 133382 133383 137280
56912 1458 1439 7 66725 66726 133669 133604 132066 132064 132552
56913 1458 861 4 66726 66727 132988 133668
56914 1157 861 7 66727 66728 132069 132067 132102 133601 132989
56915 1157 1439 4 66728 66725 132554 133167
56916 1157 1458 5 66725 66727 132987 133576 132553
56917 861 1439 5 66726 66728 133168 133237 133611
56918 824 511 9 66731 66732 132719 132720 132763 132925 132908 132909 155060
56919 824 44 8 66730 66731 155051 133755 133753 133634 133633 131960
56920 5036 5008 5 66736 66737 66894 66892 66926
56921 1836 2253 3 66738 66739 136602
56922 1836 1934 6 66739 66740 130930 133414 133412 137204
56923 2152 1934 5 66740 66741 132022 131395 130931
56924 2152 1836 7 66738 66740 127388 127390 130886 130883 136603
56925 1934 2253 7 66739 66741 136838 136837 137762 137783 137638
56926 439 236 5 66750 66751 155350 155301 133046
56927 1474 236 5 66751 66752 66774 155106 155351
56928 1474 1374 7 66752 66749 66822 66821 132825 132824 66772
56929 1474 439 6 66749 66751 155349 155237 155234 132003
56930 4433 4300 8 66759 66757 66920 66932 66930 66929 66945 66934
56931 4855 4300 3 66758 66759 66762
56932 4570 5675 4 66760 66761 66951 66950
56933 5675 4300 5 66760 66762 66934 66946 66949
56934 9497 8508 6 66767 66768 155244 152727 152725 132500
56935 8599 9497 5 66766 66768 155306 154142 154141
56936 10083 10196 5 66770 66771 154669 154668 155615
56937 1374 1051 3 66772 66773 132698
56938 236 1051 6 66773 66774 155107 132796 132226 132224
56939 1051 1474 9 66772 66774 155105 154779 154778 132768 132767 132231 132230
56940 2597 2373 3 66775 66776 133201
56941 2597 1755 7 66776 66777 133211 133191 133189 133040 133038
56942 2976 2629 5 66779 66780 133135 133145 132135
56943 2976 2722 5 66780 66781 133100 133137 133136
56944 3244 2722 4 66781 66782 132933 133009
56945 2722 2629 7 66780 66782 132932 133272 133631 133104 133102
56946 11182 10341 5 66783 66784 133023 133022 154135
56947 10835 10341 7 66785 66783 154137 155300 155280 155281 154792
56948 11157 10341 3 66784 66785 154793
56949 2651 3165 5 66788 66789 132214 132213 132846
56950 3121 2530 3 66790 66787 132534
56951 10275 9042 6 66792 66793 155252 155282 133081 133082
56952 1051 3319 4 66794 66795 132768 154989
56953 11858 11471 7 66796 66797 142333 155503 155521 155482 155341
56954 11463 11471 6 66798 66796 155342 155591 155600 155466
56955 11698 11471 5 66797 66798 155465 155602 142334
56956 2702 2966 5 66799 66800 133163 133224 132992
56957 2702 3272 5 66800 66801 132991 133501 133162
56958 3105 2966 5 66802 66799 132211 131830 131829
56959 2682 2965 6 66803 66804 136997 141894 133305 133304
56960 2651 2483 6 66807 66808 137288 133190 131957 131956
56961 2483 1755 4 66809 66810 133189 131957
56962 1670 1218 4 66815 66816 66817 132538
56963 233 9 6 66819 66820 155291 155250 132611 132474
56964 9 236 4 66818 66820 155347 132805
56965 4229 3620 4 66827 66828 66897 67101
56966 2721 4107 5 66829 66830 155401 132861 132218
56967 2721 3549 5 66830 66831 132880 132883 155343
56968 3014 2721 6 66829 66831 142480 130926 130924 132217
56969 11404 11333 3 66833 66834 142579
56970 11612 11404 8 66832 66834 132335 132334 138269 132490 132491 154721
56971 4097 4229 4 66839 66840 67087 67055
56972 4065 3943 5 66841 66842 67053 66860 66859
56973 4065 3283 6 66843 66844 66859 66848 66849 66852
56974 4433 3131 4 66853 66854 66895 66891
56975 4107 4433 5 66853 66855 66929 66889 66888
56976 5580 5754 5 66861 66862 67320 67318 67316
56977 5893 5580 6 66861 66863 67282 67242 67241 67251
56978 5657 4938 6 66868 66867 66870 67314 66913 66899
56979 4433 5605 4 66872 66873 66945 66889
56980 4938 4803 7 66874 66875 66887 67313 66911 66903 66902
56981 5153 4804 5 66880 66881 67636 67637 67644
56982 4950 4804 5 66881 66883 67225 67488 67489
56983 4229 3681 5 66897 66898 67086 67087 67108
56984 4938 6770 6 66899 66900 66907 66904 66903 66912
56985 4938 6534 4 66901 66902 66904 66914
56986 4938 4901 4 66905 66906 66914 66907
56987 4765 4502 4 66909 66910 66992 66993
56988 4669 4765 4 66908 66910 67047 67623
56989 6291 4938 4 66911 66912 66913 67315
56990 4541 4498 4 66924 66921 67511 67607
56991 4502 4498 7 66922 66924 67048 66992 66994 67542 67474
56992 4300 3914 3 66930 66931 66933
56993 4129 4437 5 66938 66936 67227 67228 67181
56994 5210 5623 3 66942 66943 68184
56995 4300 5605 4 66945 66946 66948 66947
56996 4658 4291 4 66953 66954 67051 67123
56997 4993 4224 3 66956 66957 66959
56998 5423 5615 4 66966 66967 67079 67081
56999 4953 5615 5 66967 66968 66996 67095 67094
57000 5420 4858 4 66971 66972 67286 67147
57001 4311 4252 4 66975 66974 67105 67104
57002 4460 4189 5 66980 66981 67103 67067 67065
57003 5295 5871 4 66983 66984 66999 66997
57004 4855 5065 3 66985 66986 66987
57005 4538 4498 3 66994 66991 67394
57006 5295 6198 5 66998 66999 67002 67027 67025
57007 4334 3940 4 67000 67001 67037 67130
57008 5082 4803 3 67013 67014 67308
57009 4228 4713 3 67020 67021 67280
57010 5746 5352 3 67022 67023 67289
57011 5072 4804 8 67031 67028 67637 67472 67375 67377 67463 67464
57012 4658 4804 4 67029 67031 67465 67512
57013 5277 5004 5 67032 67033 67779 68048 67807
57014 4252 4189 6 67034 67035 67149 67146 67103 67104
57015 4189 4317 5 67034 67036 67155 67112 67113
57016 4498 4096 4 67042 67043 67602 67073
57017 4320 4096 6 67045 67042 67074 67224 67107 67106
57018 4669 4498 6 67047 67048 67607 67071 67070 67531
57019 4538 4291 5 67051 67052 67062 67063 67121
57020 4189 3943 4 67053 67054 67149 67102
57021 3681 4189 5 67056 67057 67109 67108 67115
57022 4387 4110 3 67059 67060 67608
57023 4041 4387 5 67058 67060 67221 67129 67131
57024 4189 4125 4 67067 67068 67102 67146
57025 4334 5023 4 67076 67077 67615 67078
57026 4953 5580 4 67093 67095 67320 67321
57027 4950 4666 4 67098 67096 67571 67572
57028 3620 4189 4 67099 67100 67115 67101
57029 4838 4713 3 67120 67119 67226
57030 4320 4538 5 67121 67122 67329 67394 67154
57031 4178 4036 4 67132 67133 67135 67173
57032 4381 4648 3 67139 67140 67214
57033 3943 4252 5 67141 67142 67196 67150 67149
57034 4320 4502 5 67143 67144 67153 67154 67542
57035 4215 4502 4 67145 67143 67474 67473
57036 4986 4663 5 67157 67158 67506 68139 68140
57037 4986 5112 6 67158 67159 68329 68328 68326 67507
57038 4804 5112 6 67159 67160 67488 67484 67386 67383
57039 4804 4986 3 67157 67159 68332
57040 5112 4663 4 67158 67160 67585 67508
57041 4879 4995 6 67164 67165 68144 68282 67210 67209
57042 5138 5198 4 67166 67167 69865 69305
57043 5066 5337 3 67170 67168 67444
57044 5066 5409 5 67168 67169 67437 67417 67418
57045 3916 4178 5 67171 67172 67173 67174 67176
57046 3751 3590 3 67182 67183 67184
57047 3751 3519 4 67185 67186 67192 67187
57048 3751 3503 5 67188 67189 67192 67190 67191
57049 4129 3943 5 67193 67194 67195 67198 67196
57050 4129 4048 4 67197 67198 67200 67271
57051 5831 5211 5 67204 67202 67293 67292 67305
57052 5155 5211 4 67203 67204 67285 67250
57053 4663 4995 4 67209 67211 67586 68139
57054 5420 4720 3 67212 67213 67217
57055 5169 4879 5 67218 67219 67470 67385 67384
57056 4437 4163 3 67232 67233 67234
57057 4359 4342 3 67236 67237 67261
57058 4342 4452 7 67235 67237 67259 67269 67265 67258 67253
57059 4858 4961 3 67244 67245 67246
57060 4209 4342 4 67261 67259 67270 67279
57061 4209 4452 5 67259 67260 67262 67264 67268
57062 4452 4047 4 67263 67264 67267 67272
57063 4452 4048 5 67265 67266 67271 67272 67273
57064 4452 4228 4 67267 67268 67269 67273
57065 4209 4713 5 67274 67275 67279 67280 67276
57066 5866 5211 4 67283 67285 67305 67297
57067 5211 6291 5 67290 67291 67295 67304 67315
57068 5211 4938 4 67312 67313 67315 67314
57069 5482 5352 5 67324 67325 67403 67402 67497
57070 4765 4320 4 67328 67329 67393 67643
57071 5210 5344 5 67335 67336 67337 68301 67342
57072 5083 5258 5 67340 67341 68246 68218 68220
57073 5624 5210 3 67342 67343 68302
57074 5001 5096 5 67350 67352 69104 69061 68926
57075 5445 5767 4 67354 67355 67431 67927
57076 5767 5341 4 67354 67356 67407 67700
57077 5521 5409 6 67358 67359 67952 67951 68059 67923
57078 5482 5843 3 67372 67373 67392
57079 4804 5119 4 67376 67377 67462 67468
57080 5410 5186 4 67378 67379 68661 68662
57081 5599 5186 5 67379 67380 72766 68889 68666
57082 4879 5112 3 67383 67384 68329
57083 5071 4956 5 67390 67391 67527 67526 67533
57084 5071 5206 5 67391 67389 68000 67727 67726
57085 5462 5262 5 67400 67401 67728 67734 67736
57086 5817 5341 5 67405 67406 67731 67701 67407
57087 4910 4794 7 67409 67410 68426 68518 68517 68632 68508
57088 4926 5044 6 67411 67412 68568 68389 68390 68455
57089 4926 4910 4 67409 67411 68583 68507
57090 5044 4794 3 67410 67412 68427
57091 4869 4831 6 67413 67414 68520 68546 68356 68133
57092 4869 5030 5 67414 67415 68209 68210 68521
57093 4794 5030 4 67415 67416 67719 68518
57094 4794 4831 5 67416 67413 67928 67905 67718
57095 4794 4869 6 67413 67415 68517 68637 68412 68134
57096 5030 4831 6 67414 67416 67717 68224 68221 68522
57097 5066 5237 5 67419 67417 67438 68046 68017
57098 5555 5654 3 67420 67421 67639
57099 5409 5206 5 67423 67424 67925 67996 67923
57100 5445 5409 6 67422 67424 67926 67927 68042 67439
57101 5206 5237 7 67423 67425 67580 68035 68000 67969 67924
57102 4858 5169 4 67432 67433 67471 67470
57103 5202 5066 4 67437 67438 68023 68018
57104 5763 5509 5 67443 67441 67763 67762 67650
57105 5511 6106 5 67445 67446 68237 68269 67870
57106 5672 5504 5 67447 67449 67592 69884 68078
57107 5192 4990 4 67453 67452 68252 68190
57108 5182 5407 4 67455 67454 68051 69753
57109 4579 4313 6 67456 67457 78189 78283 78246 78214
57110 4804 4452 4 67462 67463 67509 67469
57111 4538 4919 3 67477 67476 67606
57112 5172 5210 4 67478 67479 68245 67482
57113 5172 5352 3 67481 67482 67921
57114 5192 4995 5 67485 67486 68402 68352 67501
57115 4372 4100 6 67493 67494 68506 72725 72724 68495
57116 5092 5140 5 67502 67500 68341 67503 67504
57117 5489 5430 6 67513 67514 71944 71943 71958 89127
57118 5489 5389 5 67514 67515 69206 69207 69389
57119 5676 5489 5 67513 67515 72198 72252 88891
57120 5389 5430 5 67514 67516 68157 69052 69355
57121 5088 5351 4 67518 67519 68002 67944
57122 4642 4691 7 67520 67521 68405 68410 67929 67589 67590
57123 4783 4691 3 67523 67520 67895
57124 4685 4691 7 67521 67523 68514 68342 68323 68322 68407
57125 5749 5557 5 67534 67535 70183 70147 69946
57126 4567 4899 6 67537 67538 68724 69616 69617 69618
57127 4399 4058 3 67539 67540 67541
57128 4767 4666 4 67544 67545 67549 67577
57129 4939 5088 5 67556 67557 68561 68562 68556
57130 5086 4939 3 67555 67557 68549
57131 4666 4523 3 67561 67562 67565
57132 4406 4685 4 67567 67568 67893 67815
57133 4884 4663 3 67569 67570 67891
57134 4666 4663 5 67570 67572 67579 67578 67577
57135 4950 4767 3 67583 67581 67812
57136 4783 4960 3 67593 67594 67814
57137 5627 5530 4 67601 67599 67691 67638
57138 5627 5593 5 67599 67600 67679 67669 67671
57139 4498 4399 4 67602 67603 67604 67605
57140 5530 5506 4 67613 67614 67634 67704
57141 4919 5023 4 67615 67616 67617 67625
57142 5423 5887 5 67620 67621 67629 67626 67627
57143 5423 5754 3 67628 67629 67630
57144 5593 5817 4 67631 67632 67679 67642
57145 5530 5555 5 67638 67639 67685 67705 67690
57146 5593 5521 9 67641 67642 67669 67670 67751 67753 67757 67761 67651
57147 5763 5593 5 67651 67652 67653 67654 67762
57148 4773 4952 5 67655 67656 67850 67808 67750
57149 4990 4983 4 67659 67660 67910 68553
57150 5509 5619 5 67664 67665 67768 67737 67732
57151 5068 4902 7 67667 67668 72050 72068 71906 71908 72053
57152 4962 5068 6 67666 67668 72051 72329 72378 71819
57153 5593 5278 4 67670 67671 67741 67752
57154 5627 5521 4 67672 67669 67680 67721
57155 5278 5521 4 67670 67672 67714 67716
57156 4999 4970 3 67674 67675 67783
57157 4912 4999 7 67673 67675 67784 69983 69981 69980 69948
57158 5034 5236 3 67678 67676 67894
57159 5462 5619 4 67683 67684 67732 67734
57160 5530 5857 3 67687 67688 67689
57161 5522 5512 8 67692 67693 69989 69988 70038 70039 70040 69992
57162 5522 5844 5 67693 67694 69725 69724 70034
57163 5772 5512 5 67695 67692 69789 69788 69881
57164 5772 5522 5 67692 67694 69945 70178 69993
57165 5844 5512 5 67693 67695 69880 69882 69941
57166 5071 5277 5 67697 67698 68014 67807 67806
57167 5071 5222 4 67698 67696 67727 68001
57168 5409 5341 4 67700 67701 67925 67926
57169 5409 5817 4 67701 67702 68059 67996
57170 5660 5318 3 67710 67708 69925
57171 5521 5206 6 67714 67715 67924 67923 67720 67721
57172 5521 5222 5 67715 67716 67751 67755 67968
57173 4967 4794 7 67718 67719 68426 68427 68570 68571 67904
57174 5817 5206 4 67722 67720 67996 67731
57175 5627 5206 4 67721 67722 67730 67729
57176 5206 5111 3 67724 67725 67726
57177 5593 5277 4 67753 67754 67756 67758
57178 5593 5509 4 67759 67760 67762 67761
57179 5273 5619 3 67764 67765 67768
57180 4999 4678 4 67770 67771 67854 67855
57181 4739 5074 4 67772 67769 69876 69967
57182 4678 5074 4 67770 67772 69966 69056
57183 5772 5496 3 67780 67782 69788
57184 5274 5287 6 67789 67790 69601 67820 67822 69873
57185 4773 4832 4 67797 67798 67808 67848
57186 5221 5274 5 67821 67822 69973 69986 69607
57187 4963 4557 4 67825 67826 69369 67827
57188 5005 4963 6 67828 67829 67832 67839 67840 67833
57189 4963 4912 4 67833 67834 67835 67841
57190 4912 4633 4 67836 67835 67843 69545
57191 4963 5020 6 67837 67838 67839 67844 67849 67853
57192 4963 4854 5 67840 67841 67842 67846 67844
57193 4854 4633 4 67843 67842 67847 67876
57194 4832 4963 5 67845 67846 67849 67852 67848
57195 4963 4952 4 67850 67851 67853 67852
57196 4999 4738 4 67855 67856 69922 69055
57197 4733 4738 4 67856 67857 69711 69712
57198 4557 4924 4 67859 67860 67868 69871
57199 4892 4473 6 67863 67864 68717 68716 68714 68738
57200 4895 4892 7 67862 67864 68121 68120 68431 68430 68704
57201 5750 5541 6 67872 67873 68072 68074 68012 68011
57202 4711 4862 6 67874 67875 70011 70014 70061 -1
57203 4854 4604 4 67876 67877 69416 69417
57204 4076 4184 4 67887 67888 79584 79554
57205 4076 4010 5 67888 67889 80319 73457 73455
57206 3815 4010 9 67889 67890 78233 78235 80623 80624 81775 80728 80320
57207 3815 4184 3 67890 67887 79556
57208 3815 4076 6 67887 67889 80318 80525 81306 79555
57209 5321 5394 8 67896 67897 72508 72419 72415 72170 72169 69181
57210 5321 5144 4 67897 67898 72217 72507
57211 5246 5144 7 67898 67899 69121 71676 71592 71589 72197
57212 5246 5394 3 67899 67896 69120
57213 5246 5321 6 67896 67898 72216 69175 69174 69180
57214 5144 5394 5 67897 67899 69119 69356 71834
57215 5501 5375 4 67900 67901 69163 69228
57216 5683 5501 5 67900 67902 68732 69229 69227
57217 4794 4691 7 67904 67905 67929 68437 68436 68526 68528
57218 4691 4486 5 67906 67907 68445 68407 68405
57219 4691 4540 6 67907 67908 68436 68525 68501 68456
57220 4574 4486 6 67909 67906 68411 68504 68503 68519
57221 4574 4691 4 67906 67908 68437 68410
57222 4783 4797 3 67914 67912 68641
57223 4622 4600 3 67915 67916 68168
57224 5504 5273 5 67917 67918 69827 69853 67994
57225 5687 5273 3 67918 67920 69825
57226 4794 4642 6 67929 67928 68134 68414 68634 68523
57227 5610 5511 5 67930 67931 68265 68266 68272
57228 4372 4435 4 67932 67933 68756 68194
57229 4435 4622 4 67934 67936 68196 68195
57230 5205 5485 5 67938 67939 68063 68082 68061
57231 5205 5337 5 67939 67940 68199 68354 68064
57232 5205 5375 6 67941 67942 67943 68418 69293 68225
57233 5399 5435 5 67945 67946 68181 68182 68081
57234 5485 5435 5 67948 67945 68082 68138 68136
57235 5485 5399 6 67945 67947 68137 68173 68065 68063
57236 5655 5435 4 67946 67948 68127 68128
57237 5066 4884 4 67955 67956 67957 67972
57238 5512 5415 3 67960 67961 69840
57239 5512 5503 6 67961 67958 69755 69941 69989 69839
57240 5415 5503 7 67959 67961 69838 70022 69998 68034 68031
57241 5492 5389 7 67965 67966 71848 72284 70747 69208 69206
57242 5676 5492 3 67965 67967 72198
57243 5222 5237 4 67968 67969 68001 68013
57244 5071 5066 4 67972 67973 68017 67974
57245 5071 5033 3 67975 67974 68015
57246 4815 5135 4 67976 67977 68603 68584
57247 5097 5135 9 67977 67978 68178 68179 68883 69072 69097 68401 68400
57248 5135 4926 6 67976 67978 68454 68453 68455 68583
57249 5566 5200 3 67981 67982 69185
57250 5354 5504 3 67984 67985 69797
57251 5402 5407 4 67986 67983 69801 69861
57252 5402 5354 6 67983 67985 69798 69866 69867 69800
57253 5389 5136 5 67989 67990 70273 70408 69177
57254 5425 5389 3 67989 67991 69178
57255 5509 5202 3 67995 67993 67999
57256 5409 5541 3 68005 68003 68012
57257 5536 5402 5 68020 68021 69374 69869 69866
57258 5518 5325 8 68022 68019 69226 69225 69292 69288 69283 68263
57259 5518 5536 5 68019 68021 69373 69807 69806
57260 5402 5325 5 68020 68022 68264 68434 69867
57261 4985 5327 5 68024 68025 72575 73930 68442
57262 4985 5144 6 68025 68026 68597 68877 72794 72574
57263 4962 5144 5 68026 68027 68094 72312 68598
57264 4962 5327 4 68027 68024 68444 68092
57265 5144 5327 11 68025 68027 68093 72519 72516 72507 71834 71833 71955 71954 72256
57266 4967 4960 5 68029 68030 68572 68575 68392
57267 5415 5707 3 68033 68034 69931
57268 5425 5586 3 68039 68036 69237
57269 5237 5034 3 68045 68046 68047
57270 4903 4955 5 68053 68054 68684 68614 68550
57271 5061 4903 5 68052 68054 68682 68595 68581
57272 4701 4746 7 68056 68057 69302 68744 68743 71377 69360
57273 5205 5518 5 68060 68061 68198 68225 69288
57274 5337 5399 4 68064 68065 68174 68355
57275 5541 5484 7 68069 68070 68071 68072 68073 68088 68114
57276 5500 5649 6 68083 68085 87164 87318 87317 86800
57277 5651 5494 3 68084 68086 70190
57278 5445 5541 3 68087 68088 68107
57279 5470 5858 6 68091 68089 88811 88441 87208 87210
57280 5327 5340 10 68092 68093 72521 72518 72509 72510 70832 70830 72351 72505
57281 4962 5340 5 68094 68092 72388 72378 72310
57282 5144 5340 3 68093 68094 72311
57283 4982 4584 6 68097 68098 68488 68256 68257 68502
57284 4982 4926 9 68098 68096 68527 68529 68569 68389 68391 68420 68490
57285 4982 4540 3 68096 68097 68501
57286 4982 4990 5 68099 68100 68190 68250 68577
57287 4982 5063 4 68100 68101 68253 68191
57288 4767 4982 6 68099 68101 68254 68257 68509 68579
57289 4874 4769 5 68104 68105 68424 68781 68782
57290 4874 4650 4 68105 68106 72599 68423
57291 5485 5445 6 68107 68108 68173 68109 68110 68115
57292 5469 5485 3 68109 68111 68137
57293 5485 5484 3 68114 68115 68116
57294 5452 5501 4 68118 68119 68262 69301
57295 4857 4895 3 68122 68120 68686
57296 4806 4895 6 68121 68122 68687 68688 68834 68718
57297 4442 4555 5 68124 68125 68472 68468 68466
57298 4331 4595 7 68126 68123 68467 68462 68461 68492 68330
57299 4555 4595 4 68124 68126 68216 68215
57300 4588 4544 6 68129 68130 81422 72002 72003 78255
57301 4590 4588 7 68129 68131 80615 80616 81452 81418 78256
57302 4642 4869 4 68133 68134 68413 68357
57303 5150 5306 8 68147 68148 71001 73947 72531 72532 73700 73950
57304 5150 5230 5 68148 68149 70985 70986 71002
57305 5280 5230 6 68149 68150 72561 72491 72490 73876
57306 5280 5306 6 68150 68147 73949 73259 73256 73257
57307 5854 5537 3 68153 68151 68700
57308 5854 5542 5 68151 68152 69196 90311 68699
57309 5255 5389 6 68158 68157 69054 70409 69177 69178
57310 5115 5124 6 68169 68170 68638 68639 69259 68642
57311 5463 5124 4 68172 68169 68643 69108
57312 5399 5445 4 68173 68174 68350 68175
57313 5285 5032 3 68176 68177 68186
57314 5210 5456 8 68183 68184 68317 68306 68302 68301 68313 68245
57315 4745 5285 3 68187 68189 68325
57316 4982 5192 4 68190 68191 68402 68251
57317 5205 4990 4 68199 68200 68554 68396
57318 5653 5511 5 68202 68201 68286 68272 68271
57319 5346 5463 4 68205 68203 68643 69110
57320 5346 5115 6 68203 68204 69065 69341 69385 68642
57321 4797 4869 3 68206 68207 68546
57322 4693 4869 5 68208 68206 68356 68357 68458
57323 5030 4910 4 68209 68211 68582 68518
57324 5333 5135 3 68212 68213 68219
57325 5135 5083 4 68218 68219 68377 68333
57326 4797 4827 6 68222 68223 69187 68641 68536 68537
57327 5030 4797 5 68221 68223 69186 69504 68591
57328 5044 5248 4 68231 68232 68428 68336
57329 4983 4967 4 68235 68236 68553 68392
57330 4574 4066 3 68240 68241 68483
57331 4284 4146 3 68242 68243 75342
57332 4146 4234 5 68242 68244 72818 72817 75194
57333 5378 5599 5 68247 68248 68666 68665 68938
57334 4990 5141 5 68252 68250 68565 68396 68395
57335 4767 4995 3 68254 68255 68258
57336 5862 5378 5 68261 68259 68971 69022 69021
57337 5325 5146 8 68263 68264 68435 69376 69897 69134 69136 69284
57338 5511 6026 4 68267 68268 68269 68270
57339 5285 5338 3 68273 68274 68275
57340 5333 5285 7 68283 68284 68299 68293 68292 68287 68288
57341 5333 5465 3 68284 68285 68295
57342 5333 5527 3 68288 68289 68290
57343 5456 5285 3 68296 68297 68299
57344 5344 5456 5 68301 68303 68304 68305 68312
57345 5456 5708 5 68306 68307 68315 68314 68318
57346 5781 5456 4 68308 68309 68315 68310
57347 5456 4858 3 68311 68312 68313
57348 5456 5608 3 68316 68317 68318
57349 4962 5070 8 68321 68319 71819 72388 68444 68443 73254 71876
57350 4894 5070 6 68320 68321 71875 73268 73271 73204
57351 4691 4767 6 68323 68324 68509 68578 68532 68343
57352 4584 4691 5 68322 68324 68502 68456 68445
57353 4622 4331 3 68330 68331 68335
57354 4691 4960 5 68342 68343 68531 68572 68513
57355 4751 4353 5 68348 68349 68791 68789 68786
57356 5445 5141 4 68350 68351 68370 68394
57357 5337 5141 5 68354 68355 68394 68393 68395
57358 5197 5056 3 68360 68358 68948
57359 5148 5056 5 68359 68360 68947 68949 68939
57360 5135 5413 3 68363 68364 68365
57361 4751 5045 5 68369 68367 68878 69011 68842
57362 4769 5045 6 68368 68369 68425 68424 68671 68653
57363 4486 4206 3 68371 68372 68519
57364 5056 5017 4 68374 68375 68830 68832
57365 5017 5025 7 68374 68376 68923 68904 68903 68911 68852
57366 5060 5149 5 68378 68379 72726 72728 73508
57367 5045 4971 3 68381 68382 68878
57368 5061 5001 6 68383 68384 68594 68595 68683 68870
57369 5410 5378 7 68385 68386 68913 68914 68660 68661 68665
57370 5410 5616 3 68386 68387 68933
57371 5704 5378 3 68388 68385 68938
57372 4926 5092 5 68390 68391 68421 68422 68453
57373 4995 4926 4 68398 68397 68420 68421
57374 4939 5097 4 68399 68400 68604 68799
57375 4642 4486 5 68405 68406 68510 68511 68411
57376 4869 4806 7 68412 68413 68458 68530 68687 68630 68628
57377 4794 4806 3 68414 68412 68636
57378 4781 4736 4 68416 68417 68962 68961
57379 4781 4776 6 68417 68415 72899 73297 73892 73166
57380 4781 4676 6 68415 68416 72633 72632 73081 72898
57381 4892 4869 3 68431 68432 68701
57382 4903 4895 8 68433 68430 68684 68682 68681 68873 68847 68688
57383 4903 4892 4 68430 68432 68613 68614
57384 4869 4895 4 68431 68433 68687 68686
57385 5236 5325 3 68434 68435 69375
57386 4574 4794 5 68437 68438 68470 68625 68523
57387 5070 5327 5 68444 68442 72711 72506 72505
57388 5070 4985 4 68442 68443 73255 73931
57389 5173 5433 9 68446 68447 69099 69100 69106 69107 72457 69103 68853
57390 5393 5433 4 68448 68446 68854 68922
57391 5135 5433 5 68447 68448 69063 69071 69072
57392 4473 4456 4 68452 68451 68656 71939
57393 5554 5533 4 68464 68465 72369 88246
57394 5554 5371 6 68465 68463 72147 72367 72366 72368
57395 4621 4627 3 68479 68480 71652
57396 5148 5096 5 68486 68487 68752 68751 68901
57397 5148 4971 4 68487 68485 68880 68800
57398 4762 4982 3 68488 68489 68490
57399 4595 4388 4 68491 68492 68493 68494
57400 5432 5173 4 68496 68497 68648 68650
57401 4486 4504 4 68498 68499 68511 68504
57402 4982 4691 6 68501 68502 68509 68573 68528 68527
57403 4296 4574 3 68505 68503 68512
57404 4910 4815 5 68507 68508 68623 68602 68584
57405 4827 4685 3 68514 68515 68542
57406 4831 4857 3 68522 68520 68592
57407 4691 4926 3 68525 68526 68527
57408 4982 4794 3 68529 68528 68571
57409 4691 4990 3 68531 68532 68574
57410 4815 4939 7 68534 68535 68822 68622 68602 68603 68604
57411 4642 4404 3 68539 68540 68541
57412 5163 5201 4 68543 68544 69744 69224
57413 5163 5244 6 68544 68545 69268 69266 69814 69987
57414 4967 4990 8 68552 68553 68575 68574 68580 68577 68565 68554
57415 4939 4903 6 68555 68556 68581 68593 68845 68619
57416 5061 4939 4 68560 68562 68581 68594
57417 4967 5141 4 68563 68564 68565 68576
57418 4967 4982 8 68566 68567 68576 68577 68579 68573 68571 68569
57419 4967 4926 3 68568 68569 68570
57420 4967 4767 3 68578 68579 68580
57421 4199 4279 6 68586 68587 82898 70445 70446 70396
57422 4170 4199 3 68585 68587 71765
57423 4279 4079 3 68586 68588 70397
57424 4797 4542 3 68589 68590 69111
57425 5001 4903 5 68593 68595 68681 68872 68850
57426 4079 3918 6 68599 68600 70936 70937 83054 81239
57427 4059 3918 7 68601 68599 71730 71729 81877 81861 81642
57428 4707 5170 3 68605 68606 69017
57429 4932 4741 4 68607 68608 76751 72808
57430 4932 5170 7 68608 68605 77359 76581 72740 72739 76775
57431 4741 5170 6 68606 68608 76776 77476 77264 69019
57432 3674 3621 7 68609 68610 72704 77011 77192 76553 76554
57433 3036 3621 6 68612 68609 76841 78594 75816 75815
57434 3036 3674 5 68609 68611 76936 76931 76840
57435 3100 3621 6 68610 68612 118482 77015 77014 72706
57436 4787 4751 4 68615 68616 68804 68747
57437 4787 4650 3 68616 68617 68803
57438 4763 4939 5 68619 68620 68622 68824 68843
57439 4763 4910 5 68620 68621 68631 68632 68623
57440 4903 4763 5 68619 68621 68627 68629 68844
57441 4763 4815 6 68622 68623 68626 68624 68763 68823
57442 4763 4794 6 68625 68626 68632 68637 68636 68634
57443 4763 4869 4 68627 68628 68637 68631
57444 4903 4806 4 68629 68630 68688 68848
57445 4763 4642 3 68633 68634 68635
57446 5346 5124 5 68643 68642 69235 69160 69109
57447 5496 5182 3 68645 68646 69184
57448 5566 5182 6 68647 68645 69185 69753 69684 69623
57449 4630 4796 5 68663 68664 68706 72802 72588
57450 5126 5094 5 68667 68668 72205 70233 70236
57451 5126 5070 7 68668 68669 73534 73533 73532 72596 72594
57452 4839 5070 5 68669 68670 73313 73271 73270
57453 4839 5126 4 68667 68669 73899 73854
57454 5070 5094 3 68668 68670 73347
57455 5197 4958 4 68672 68673 68749 68748
57456 4684 4811 7 68675 68676 71544 81119 74177 74176 71080
57457 4684 4708 3 68676 68677 71466
57458 4614 4811 3 68678 68675 71082
57459 4708 4811 7 68676 68678 74185 73762 73760 81065 71545
57460 4895 5061 4 68682 68683 68869 68685
57461 5001 4895 3 68681 68683 68868
57462 4164 4383 7 68689 68690 73022 78335 78216 78217 78337
57463 4288 4254 7 68691 68692 72979 72812 72810 77407 77408
57464 4288 4164 3 68689 68691 78333
57465 4254 4383 6 68690 68692 78180 73030 73029 73024
57466 4602 4727 7 68696 68693 71741 71751 71572 71571 71694
57467 4602 4677 5 68693 68695 81160 71783 71740
57468 4587 4727 5 68694 68696 71695 71759 71838
57469 5813 5542 3 68698 68699 90310
57470 4781 4630 4 68705 68706 73082 73081
57471 4734 4834 4 68707 68708 73569 73571
57472 4734 4796 4 68708 68709 73367 73365
57473 4833 4796 3 68709 68710 73545
57474 4833 4834 7 68710 68707 73480 73479 74908 73763 73579
57475 4833 4734 8 68707 68709 73544 74149 73536 73333 73334 73572
57476 4796 4834 6 68708 68710 73580 73706 73577 73570
57477 4776 4532 4 68713 68711 72887 73072
57478 4892 4491 3 68714 68715 68739
57479 4997 5115 5 68719 68720 69593 69329 69330
57480 4746 4836 7 68722 68723 69514 71758 71432 69116 69115
57481 4593 4899 4 68724 68726 69581 69584
57482 4942 4799 7 68729 68730 72363 72362 72024 72023 72449
57483 4826 4942 5 68729 68731 72543 72542 72450
57484 4487 4892 6 68734 68736 68739 68738 68737 69487
57485 4754 4594 4 68740 68741 69555 69467
57486 4594 4539 4 68740 68742 69547 69468
57487 4746 4799 4 68744 68745 69157 69303
57488 4587 4746 6 68743 68745 69158 69514 71695 71378
57489 4799 4701 4 68744 68746 69427 69304
57490 4994 5197 5 68750 68748 68885 68899 68928
57491 5097 5197 7 68749 68750 68927 69064 68883 68882 68908
57492 4994 5148 3 68753 68751 68899
57493 5011 5148 6 68752 68753 68898 68947 68881 68800
57494 5952 6193 3 68758 68759 91236
57495 4615 4206 6 68760 68761 68773 68775 68777 68762
57496 4615 4152 4 68764 68765 68773 68774
57497 5916 5599 3 68766 68767 68890
57498 4751 4660 5 68768 68769 68787 68789 68790
57499 4751 4752 6 68769 68770 77616 69012 68855 68788
57500 4650 4752 4 68770 68771 72978 77595
57501 4650 4660 4 68771 68768 68793 72910
57502 4615 4388 4 68776 68777 68780 68779
57503 5704 5433 3 68784 68783 68817
57504 4751 4240 3 68790 68791 68792
57505 4764 4639 3 68796 68797 68798
57506 5101 4716 8 68806 68807 74354 72900 72901 74588 74474 73691
57507 5101 4829 6 68807 68808 70988 70989 74573 74677
57508 4744 4829 6 68808 68809 74577 74575 73727 73728
57509 4744 5101 4 68806 68808 73734 73692
57510 4829 4716 4 68807 68809 74718 74678
57511 4757 4763 8 68810 68811 68816 68826 68828 68843 68844 68836
57512 1620 2115 7 68812 68813 121361 121957 121360 121359 106624
57513 1620 2324 5 68813 68814 106425 122060 121362
57514 2144 2115 6 68815 68812 106625 120414 121761 120465
57515 2144 1620 5 68812 68814 106426 122024 106623
57516 2324 2115 5 68813 68815 76975 76977 120327
57517 6533 6426 8 68818 68819 91699 91697 91786 90582 88412 88411
57518 6533 5946 4 68819 68820 77471 88921
57519 6045 6533 6 68818 68820 77472 92137 88334 88335
57520 4798 4815 3 68821 68822 68823
57521 4798 4763 4 68823 68824 68828 68825
57522 4757 4764 3 68826 68827 68829
57523 5021 5056 5 68831 68832 68851 68942 68944
57524 4757 4806 4 68834 68835 68836 68848
57525 5320 5161 5 68840 68841 72586 73276 68990
57526 4757 4903 6 68844 68845 68850 68871 68847 68848
57527 4939 4757 4 68843 68845 68849 68846
57528 5021 5025 4 68851 68852 68932 68935
57529 5013 4878 6 68857 68858 68997 68995 72687 73894
57530 5013 4985 8 68858 68859 69450 73933 73255 73252 71977 71978
57531 5104 4878 7 68860 68857 73890 73164 70475 70474 72982
57532 5104 5013 6 68857 68859 69451 72866 73198 73895
57533 4985 4878 4 68858 68860 73032 73050
57534 4971 5021 6 68862 68863 68895 68894 68935 68942
57535 4819 4971 4 68861 68863 68897 68896
57536 4874 4799 3 68864 68865 68867
57537 4874 4903 3 68871 68872 68873
57538 4005 4072 5 68876 68874 78296 78367 78368
57539 5025 5148 4 68880 68881 68949 68952
57540 5011 5025 3 68879 68881 68946
57541 5422 5186 6 68888 68889 72767 69016 69015 68941
57542 4699 4698 7 68893 68891 81435 70848 70845 73049 71830
57543 4699 4640 3 68891 68892 81433
57544 5197 5096 5 68900 68901 68928 68927 69058
57545 5015 5025 4 68902 68904 68924 69013
57546 4851 5099 3 68905 68906 72905
57547 5784 5599 5 68909 68910 69051 91058 91057
57548 5191 5087 3 68918 68916 71881
57549 5191 5107 6 68916 68917 70999 73990 73989 72237
57550 6027 5952 3 68919 68920 91165
57551 5097 5096 4 68925 68926 69060 68927
57552 4796 4921 7 68931 68929 73580 73545 73367 73246 73247
57553 4796 5161 4 68929 68930 73490 73706
57554 5056 4971 3 68942 68943 68945
57555 5056 5011 6 68943 68944 68970 68948 68947 68946
57556 4447 4301 3 68950 68951 69386
57557 4676 4740 5 68955 68956 72898 72886 72885
57558 4740 4630 4 68954 68956 73082 72802
57559 4308 4413 4 68957 68958 81469 81112
57560 4736 4878 5 68962 68960 70473 70475 73165
57561 5186 4511 3 68967 68964 72999
57562 5078 4511 5 68965 68967 72816 72815 72861
57563 4796 4968 5 68969 68968 73305 73247 71710
57564 5351 5147 4 68974 68975 69113 69513
57565 5297 5354 6 68980 68981 69900 69896 69889 69209
57566 6029 5972 5 68982 68983 88656 88655 88775
57567 6029 6168 5 68983 68984 72475 72476 88866
57568 6000 6168 5 68984 68985 88146 70843 70844
57569 6000 5972 5 68985 68982 88776 88399 88401
57570 6000 6029 5 68982 68984 88360 88129 88131
57571 5199 5343 6 68986 68987 91593 73332 73206 72849
57572 5293 5343 4 68988 68986 72765 72619
57573 5424 5343 8 68987 68988 72618 91357 91194 90800 90801 91183
57574 5405 5161 6 68989 68990 73902 73903 73945 73843
57575 5405 5320 5 68990 68991 73803 73804 73872
57576 5060 5294 4 68993 68994 72774 72728
57577 5294 5099 6 68992 68994 72773 73655 77388 72245
57578 4866 4878 6 68995 68996 73161 73307 72326 72327
57579 4752 5186 4 68998 69000 72809 69012
57580 4511 4528 7 69003 69004 75327 75326 72642 72643 72861
57581 5145 5293 6 69005 69006 69093 69090 72658 72836
57582 4511 4372 5 69007 69008 73021 72654 72656
57583 4511 4456 3 69008 69009 72670
57584 5186 4751 5 69010 69011 69020 77617 69012
57585 5186 5015 3 69013 69014 69015
57586 4707 5400 5 69017 69018 76605 72996 72997
57587 5400 5170 8 69017 69019 76529 76526 72716 72715 77337 77359
57588 5537 5900 4 69024 69025 69076 91208
57589 6599 6250 5 69027 69028 88043 89241 88069
57590 6486 6250 5 69028 69029 87475 88453 88044
57591 6486 6235 5 69029 69026 70632 70631 87474
57592 6250 6235 7 69027 69029 87473 88639 88703 88683 88070
57593 5803 5996 5 69030 69031 84815 84816 90683
57594 6045 5996 4 69031 69032 73250 90602
57595 6095 6285 5 69033 69034 91342 72522 72523
57596 6095 6421 6 69034 69035 91312 91272 91271 91355
57597 6294 6421 5 69035 69036 86574 86576 89377
57598 6294 6285 7 69036 69033 90781 88971 88970 89312 89084
57599 6294 6095 5 69033 69035 91261 91200 91201
57600 6421 6285 6 69034 69036 89083 89527 91362 91360
57601 4402 4302 4 69037 69038 81135 81133
57602 4340 4302 6 69040 69037 81261 72859 72860 74816
57603 4529 4302 6 69038 69040 81154 74811 74813 81132
57604 5223 4849 5 69041 69042 77469 77443 76972
57605 5223 4707 7 69042 69043 76605 76606 77513 77514 77470
57606 4741 4849 6 69044 69041 76973 77486 77542 77544
57607 4741 5223 4 69041 69043 72686 72685
57608 4707 4849 5 69042 69044 77627 77423 77422
57609 5298 5228 3 69047 69046 76898
57610 5144 5255 7 69053 69054 71676 71614 71062 71060 71955
57611 5144 5389 4 69054 69052 69119 69121
57612 5144 5430 4 69052 69053 71833 69356
57613 5197 5433 5 69057 69058 69064 69071 69059
57614 5433 5001 3 69061 69062 69100
57615 5097 5433 5 69060 69062 69099 69072 69064
57616 5290 5554 4 69067 69068 72319 72366
57617 5290 5321 7 69068 69069 70743 70744 72376 72416 72320
57618 5470 5290 5 69067 69069 70970 70968 72399
57619 5321 5554 3 69068 69070 72265
57620 6095 6537 4 69073 69074 91312 91261
57621 6382 6537 7 69075 69073 90695 89333 89332 90448 90447
57622 4447 4618 6 69077 69078 69567 69568 69664 69542
57623 5537 5514 4 69081 69082 69084 69101
57624 6095 5833 3 69087 69088 73646
57625 6019 5833 7 69088 69089 88976 89038 73600 72323 72324
57626 6019 6016 6 69089 69086 72524 89284 89048 88974
57627 6019 6095 5 69086 69088 91074 91343 72522
57628 5833 6016 7 69087 69089 88975 89088 91273 73584 73583
57629 5628 5312 7 69091 69092 72486 72629 72627 91095 91094
57630 5145 5312 4 69092 69093 72566 72487
57631 5145 5628 3 69090 69092 72485
57632 5312 5293 7 69091 69093 72565 72671 72619 72620 91329
57633 5547 5384 5 69095 69096 72018 72017 89045
57634 5547 5304 6 69096 69094 72465 72454 72427 72263
57635 5547 5317 4 69094 69095 89043 72464
57636 5173 5097 3 69097 69098 69099
57637 5173 5096 3 69104 69105 69106
57638 5452 5124 6 69108 69109 69161 69198 69552 69162
57639 4542 4842 4 69111 69112 69528 69282
57640 4746 4779 4 69114 69116 71431 69360
57641 5683 5425 5 69117 69118 69133 69212 69227
57642 5389 5394 7 69119 69120 69181 70747 69390 69389 69355
57643 4873 4951 5 69125 69126 70498 70623 70622
57644 4873 4793 6 69126 69127 70420 70415 70413 70499
57645 4920 4793 5 69127 69128 71674 71555 70422
57646 4920 4951 4 69128 69125 70664 71823
57647 4920 4873 6 69125 69127 70421 71857 71856 70663
57648 4793 4951 5 69126 69128 69166 69165 70500
57649 5697 5392 3 69129 69131 69276
57650 4976 5325 5 69134 69135 69236 69234 69888
57651 5030 5325 6 69135 69136 69285 69290 69294 69280
57652 5138 5080 7 69138 69137 69190 69779 69768 69770 69865
57653 5548 5786 4 69144 69145 69188 69805
57654 5145 5173 5 69146 69147 72493 72456 72457
57655 4865 4918 4 69151 69152 70484 70341
57656 5010 4918 4 69152 69153 70410 70485
57657 4587 4936 5 69158 69159 81472 71838 69515
57658 5124 5325 4 69160 69161 69199 69234
57659 4951 4948 5 69166 69167 69214 69470 71823
57660 4836 4951 5 69165 69167 69213 69171 69170
57661 4948 4793 5 69166 69168 71699 71673 71674
57662 4951 4727 6 69169 69170 70500 70498 71509 71920
57663 4936 4727 5 69172 69169 71921 72622 71838
57664 4936 4951 6 69169 69171 71805 69473 69472 71715
57665 4836 4727 6 69170 69172 71759 71758 71571 71573
57666 5276 5246 7 69175 69176 72057 72119 72117 72148 72242
57667 5276 5321 4 69173 69175 72243 72177
57668 5255 5425 4 69178 69179 69182 69183
57669 5255 5136 6 69179 69177 69442 69440 69332 69333
57670 5321 5389 4 69180 69181 72284 72221
57671 5774 5587 5 69192 69193 69197 69194 69195
57672 5297 5124 5 69198 69199 69887 69928 69836
57673 5297 5325 8 69199 69200 69898 69904 69890 69889 69897 69888
57674 4354 4563 5 69202 69203 81379 81303 72479
57675 4354 4329 6 69203 69204 81377 81390 81381 81380
57676 4438 4563 6 69205 69202 72481 73634 73425 72421
57677 4438 4354 6 69202 69204 81378 81292 81041 72480
57678 5517 5389 3 69207 69208 69390
57679 5028 4951 5 69213 69214 69469 71688 71805
57680 3963 3967 6 69216 69217 71312 71311 81743 81336
57681 3963 4105 6 69215 69216 81335 82776 81561 81560
57682 5052 4822 3 69231 69232 69854
57683 4976 5124 7 69234 69235 69259 69261 69610 69609 69887
57684 4976 5346 5 69235 69236 69279 69490 69385
57685 4678 4517 6 69238 69239 69636 69626 69627 69760
57686 4678 4557 4 69239 69240 69919 69637
57687 4754 4557 6 69240 69241 69426 69484 69632 69857
57688 4557 4517 4 69239 69241 69425 69638
57689 4472 4364 5 69243 69245 71657 70629 70627
57690 4779 4997 3 69246 69247 69257
57691 4948 4779 8 69246 69248 69579 70114 70116 70350 71699 69258
57692 4355 4526 4 69250 69251 81528 81441
57693 4316 4355 4 69250 69252 73011 73010
57694 4356 4526 6 69251 69253 81391 70346 70345 73191
57695 5318 5054 4 69255 69256 70049 70048
57696 5054 5058 6 69254 69256 70121 70119 70118 70120
57697 5115 4976 5 69259 69260 69286 69488 69385
57698 4814 4631 5 69264 69265 70066 69679 69349
57699 5724 5487 4 69269 69270 87478 87547
57700 5724 5578 8 69270 69271 87465 87546 87389 87236 87234 87393
57701 5570 5578 6 69271 69272 70807 70250 70153 70152
57702 5578 5487 7 69270 69272 70808 70759 70760 70441 70443
57703 6248 6042 4 69273 69274 72080 87269
57704 5325 5120 4 69283 69284 69285 69289
57705 5325 5205 4 69288 69289 69290 69293
57706 5325 5375 4 69291 69292 69293 69294
57707 5522 5557 5 69296 69295 69405 69406 70178
57708 4238 4171 6 69297 69298 82764 82807 82736 82737
57709 4892 4701 4 69302 69304 69487 69539
57710 5200 5138 4 69305 69306 69769 69770
57711 5950 5536 5 69307 69309 69835 69870 69837
57712 6125 6099 8 69313 69314 88512 87385 87386 87403 87401 87493
57713 6125 6023 3 69314 69315 88513
57714 5865 6023 5 69315 69316 72027 72028 88530
57715 5865 6099 8 69316 69313 87494 87416 87418 88478 70598 70597
57716 5865 6125 4 69313 69315 85424 85423
57717 6023 6099 5 69314 69316 70782 70781 88489
57718 5500 5546 5 69317 69318 70098 70192 70205
57719 5651 5546 4 69320 69317 70163 70117
57720 5198 5146 4 69321 69322 69842 69894
57721 5416 5280 11 69324 69325 72396 72210 72212 72356 72321 72180 70765 70768 73256
57722 5416 5349 5 69325 69326 88697 72398 72395
57723 5515 5280 4 69327 69324 73257 72561
57724 5515 5416 4 69324 69326 72432 72433
57725 5349 5280 6 69325 69327 72491 72200 72199 72389
57726 4746 5115 3 69328 69329 69591
57727 5363 5136 3 69333 69331 69432
57728 5546 5939 5 69334 69335 70134 70132 70117
57729 5546 5502 4 69335 69336 69926 69927
57730 5360 5133 4 69338 69339 70355 70354
57731 5282 5133 5 69339 69340 70323 70325 70607
57732 5584 5529 5 69343 69344 70184 70206 69947
57733 5721 5374 8 69345 69346 87489 87487 73983 73981 88361 88244
57734 5721 5590 9 69346 69347 87498 87563 88507 88490 88484 88359 88240
57735 5466 5721 3 69345 69347 87497
57736 5590 5374 3 69346 69348 70321
57737 6117 6115 5 69352 69353 72251 72249 87462
57738 6271 6115 4 69354 69352 87459 87305
57739 6259 6115 6 69353 69354 71143 71142 87292 87395
57740 5394 5430 4 69355 69356 71832 71944
57741 4499 4822 3 69359 69358 69546
57742 4586 4588 5 69361 69362 81455 81463 81452
57743 4586 4623 6 69362 69363 81304 81453 81454 81456
57744 4520 4653 3 69365 69366 71517
57745 4492 4653 4 69366 69367 69449 71549
57746 4653 4689 8 69365 69367 69447 72134 71967 71968 80481 71518
57747 4852 4557 8 69369 69370 69856 69919 69857 69858 69871 69911
57748 4633 4852 4 69368 69370 69644 69371
57749 5672 5536 7 69373 69374 69863 69823 69782 69781 69820
57750 5354 5146 3 69376 69377 69896
57751 5414 5415 3 69380 69378 69877
57752 5414 5582 7 69378 69379 69933 69935 69959 69954 69939
57753 4974 4828 4 69382 69383 70612 71197
57754 4988 4813 3 69384 69381 71656
57755 4828 4813 7 69382 69384 71634 71416 71418 70620 70617
57756 5394 5517 5 69390 69388 72414 72170 70746
57757 5394 5489 5 69388 69389 71944 71942 72425
57758 4499 4539 8 69393 69394 69485 69486 69599 69547 69546 69549
57759 5600 5115 3 69399 69401 69404
57760 5136 5463 3 69402 69403 70125
57761 5439 5342 4 69407 69408 70032 70033
57762 5041 5191 5 69409 69410 70999 73185 73183
57763 4488 4494 4 69411 69412 70060 69661
57764 4057 4360 3 69414 69415 79768
57765 4360 4315 4 69413 69415 79766 69564
57766 5625 5778 6 69418 69419 88893 88852 88853 91510
57767 5625 5636 6 69419 69420 88619 87833 87834 88938
57768 5671 5636 4 69420 69421 86153 86152
57769 5671 5778 5 69421 69418 91498 72307 72309
57770 5671 5625 8 69418 69420 88620 88916 88051 88050 88841 91511
57771 5636 5778 4 69419 69421 89010 88939
57772 4793 4695 8 69423 69424 71698 71673 71555 71556 71811 81468
57773 4981 4812 4 69430 69431 72961 72963
57774 4981 4755 6 69431 69428 72664 72665 72584 72585
57775 4981 4688 4 69428 69430 73235 73208
57776 5047 5136 4 69433 69434 69494 69440
57777 5047 5028 6 69434 69435 71687 71688 69507 69506
57778 5246 5028 3 69435 69436 71901
57779 5246 5047 5 69433 69435 71591 71592 69441
57780 4695 4375 5 69437 69438 70271 71974 71679
57781 5255 5246 4 69441 69442 70409 71676
57782 5255 5047 5 69440 69441 71614 69497 69495
57783 4567 4307 4 69443 69444 69619 69613
57784 4590 4689 4 69447 69448 71672 72089
57785 5013 5089 4 69450 69451 72865 73880
57786 4380 4586 4 69455 69456 81386 81217
57787 4416 4586 6 69457 69455 81218 81464 81463 81465
57788 4472 4463 6 69458 69459 70425 71357 71463 71464
57789 4549 4463 4 69459 69460 69535 69537
57790 4302 4552 7 69463 69464 74812 74813 81079 74163 71537
57791 4493 4293 4 69465 69462 71428 71326
57792 4552 4293 4 69463 69465 71325 71538
57793 5085 4951 7 69469 69470 70664 70622 70621 71814 71686
57794 5047 4936 5 69473 69474 69497 69496 69507
57795 5047 5144 5 69474 69471 71590 71592 71614
57796 5047 4951 4 69471 69473 71688 71686
57797 4936 5144 5 69472 69474 71062 71059 71716
57798 4689 4704 5 69475 69476 70472 70471 70509
57799 4602 4448 10 69477 69478 69522 71812 70502 70501 71751 71774 73095 73094
57800 4439 4448 3 69479 69477 71608
57801 4421 4448 4 69478 69479 71607 69524
57802 4758 5115 5 69482 69483 69590 69591 69593
57803 5127 4976 4 69488 69489 69505 69490
57804 5127 5028 4 69491 69492 69506 69493
57805 5127 5047 4 69494 69495 69496 69506
57806 5127 5173 4 69508 69509 69510 69519
57807 5127 5351 4 69511 69512 69519 69513
57808 4587 4836 3 69514 69515 71759
57809 4627 4546 7 69516 69517 70456 70457 82756 71720 71721
57810 4259 4364 6 69520 69521 71574 82784 82881 71474
57811 4602 4315 3 69522 69523 71789
57812 4315 4448 10 69522 69524 81466 81405 71443 71442 71619 71622 71770 71771
57813 3953 4223 5 69527 69525 81820 81681 81680
57814 3971 4223 5 69526 69527 82717 79808 71624
57815 4463 4360 6 69536 69537 70425 71358 69564 69563
57816 4539 4842 4 69548 69549 69553 69554
57817 5100 5124 8 69551 69552 69836 69608 69610 69819 69817 70124
57818 4754 4641 5 69555 69556 69793 69632 69633
57819 4557 4604 5 69569 69570 69856 69637 69638
57820 4742 4916 6 69575 69576 70386 70097 69640 69642
57821 4618 4916 6 69578 69575 69649 69651 69740 82702
57822 4483 4916 5 69576 69578 82682 70431 70387
57823 4643 4899 4 69581 69582 69650 69583
57824 4758 4997 4 69592 69593 69594 69595
57825 5835 5582 4 69597 69598 69944 69938
57826 5274 5054 3 69600 69601 70002
57827 4719 4790 6 69602 69604 82888 71376 70480 70439
57828 5221 5239 4 69606 69607 69971 69972
57829 5124 5074 3 69608 69609 69928
57830 4567 4618 3 69614 69615 69616
57831 5584 5796 3 69620 69621 70133
57832 5602 5566 6 69623 69625 69709 69828 69795 69685
57833 4678 4495 5 69627 69628 69784 69728 69729
57834 4638 4678 6 69629 69630 69783 69728 69716 69715
57835 4678 4604 5 69636 69637 69913 69761 69756
57836 4517 4604 6 69638 69636 69690 69689 69693 69692
57837 5058 4742 4 69640 69641 70118 70095
57838 4604 4852 4 69643 69644 69856 69913
57839 4916 4643 7 69650 69651 69741 71564 71692 70115 70113
57840 4347 4277 4 69654 69655 69703 69673
57841 4667 4585 3 69659 69658 69683
57842 4618 4482 4 69663 69664 69669 69665
57843 4292 3867 3 69667 69668 69686
57844 4514 4292 4 69676 69677 69707 69763
57845 4735 4814 5 69679 69680 70077 70078 70079
57846 5273 5566 6 69684 69685 69794 69825 69827 69754
57847 4422 4292 3 69687 69688 69767
57848 4396 4517 4 69691 69689 69694 69771
57849 4219 4434 4 69700 69701 69705 69702
57850 4219 4277 4 69703 69704 69706 69705
57851 4814 4638 4 69713 69710 70105 70077
57852 4634 4711 6 69719 69720 69737 69735 69733 70014
57853 4454 4634 4 69718 69720 69736 69721
57854 4458 4634 5 69722 69723 69736 69737 69738
57855 4706 4733 4 69730 69732 69748 69762
57856 4634 4766 4 69733 69734 69751 70013
57857 4634 4617 6 69734 69735 69738 69739 69747 69749
57858 4549 4916 5 69740 69741 71563 71628 82574
57859 4862 4999 3 69742 69743 69942
57860 4999 5415 3 69745 69746 69969
57861 4733 4617 4 69749 69750 69762 69752
57862 4934 5163 5 69757 69758 70010 70009 70084
57863 5074 5163 4 69759 69757 70007 70008
57864 4292 4517 7 69763 69764 69771 69767 69766 69765 69774
57865 5227 5138 5 69768 69769 69775 69790 69830
57866 4517 4348 3 69772 69773 69774
57867 5138 5108 3 69779 69780 69830
57868 4678 4505 3 69783 69784 69785
57869 4852 4754 7 69792 69793 69857 69915 69916 69965 69860
57870 5509 5566 3 69794 69795 69826
57871 5504 5467 5 69799 69797 69855 69886 69884
57872 5402 5467 4 69798 69799 69883 69869
57873 5786 5536 4 69805 69807 69820 69821
57874 5287 5342 5 69809 69810 69873 69874 70032
57875 4766 5244 3 69814 69815 69979
57876 5100 4817 4 69818 69819 69924 69822
57877 5536 5731 4 69823 69824 69870 69862
57878 5467 5950 4 69833 69834 69885 69837
57879 5227 5110 5 69843 69844 69848 69851 69852
57880 5227 5084 4 69845 69846 69852 69847
57881 5227 5329 3 69848 69849 69850
57882 5467 5672 4 69863 69864 69884 69883
57883 5852 5512 4 69878 69879 69880 69881
57884 4792 4704 4 69891 69892 70508 70471
57885 4792 4828 8 69892 69893 70417 70620 70619 70481 70483 70518
57886 4530 4792 3 69891 69893 70418
57887 5297 5146 5 69894 69895 69897 69896 69902
57888 5297 5552 5 69898 69899 69907 69905 69906
57889 5297 5236 3 69900 69901 69902
57890 5297 5548 3 69903 69904 69906
57891 5297 5586 3 69907 69908 69909
57892 4852 5004 4 69910 69911 69918 69912
57893 4852 4678 4 69913 69914 69915 69919
57894 4739 4754 3 69916 69917 69967
57895 5356 5582 3 69929 69930 69957
57896 5466 5464 7 69936 69937 70748 70638 70639 70860 70833
57897 5584 5749 5 69946 69947 70220 70149 70146
57898 5403 5582 5 69953 69954 69963 69962 69961
57899 4934 5100 4 69975 69976 70012 70006
57900 4999 4868 3 69977 69978 69980
57901 4718 4999 4 69982 69983 69985 69984
57902 5274 5385 3 69994 69995 69996
57903 5356 5503 3 69997 69998 70021
57904 4631 4073 3 69999 70000 70057
57905 4374 4735 4 70004 70005 70070 70054
57906 4862 4634 6 70013 70014 70055 70053 70088 70056
57907 5207 4998 7 70015 70016 79855 85376 85563 85359 85356
57908 5207 4927 7 70016 70017 85363 85361 85342 85343 79854
57909 4882 4927 7 70017 70018 71290 71284 71287 85174 85175
57910 4882 4998 6 70018 70015 85358 70167 70164 85084
57911 4882 5207 3 70015 70017 85357
57912 4927 4998 3 70016 70018 79856
57913 5585 5415 3 70019 70020 70022
57914 5585 5735 3 70025 70026 70027
57915 5040 5229 5 70035 70037 70575 70452 70451
57916 5522 5452 3 70040 70041 70042
57917 5133 4984 6 70044 70045 70322 70325 70608 70193
57918 4988 4949 7 70046 70043 70398 70436 70437 70319 70318
57919 4984 4949 5 70044 70046 70534 70536 70194
57920 5584 5651 5 70050 70051 70149 70207 70163
57921 5191 4893 6 70063 70064 70994 71916 72059 72078
57922 4893 5224 4 70063 70065 70975 72076
57923 3845 3832 5 70068 70069 82370 82666 82684
57924 5271 5434 8 70073 70074 72150 70375 70361 70362 70541 70540
57925 5271 5139 6 70074 70071 70412 70432 70434 71883
57926 5271 5165 4 70071 70073 70590 70411
57927 5434 5139 5 70072 70074 72139 70339 70241
57928 4735 4738 3 70075 70076 70078
57929 4862 4638 3 70085 70086 70088
57930 4455 4373 4 70089 70090 80732 71534
57931 4455 4471 8 70090 70091 71502 81049 71216 71217 83223 80731
57932 4510 4471 5 70091 70092 70395 81038 71503
57933 4510 4373 5 70092 70089 71535 80751 70394
57934 4510 4455 8 70089 70091 71501 80033 85041 81033 81030 71533
57935 4471 4373 4 70090 70092 70393 80350
57936 5196 5058 6 70093 70094 70143 70162 70402 70107
57937 5272 4916 4 70096 70097 70237 70238
57938 4934 4638 3 70104 70105 70106
57939 4472 4508 4 70109 70110 71460 71657
57940 4508 4546 5 70109 70111 71640 71639 71658
57941 4916 4779 3 70112 70113 70114
57942 4948 4643 3 70116 70115 70349
57943 5058 5100 4 70121 70122 70124 70123
57944 5446 5136 6 70125 70126 70142 70145 70140 70141
57945 5446 5676 3 70136 70137 70138
57946 5578 5483 5 70153 70151 85581 70726 70249
57947 5578 5650 4 70151 70152 87465 87431
57948 4709 4918 5 70155 70156 70341 71668 70280
57949 4709 4928 6 70156 70154 70175 70174 71567 70340
57950 4612 4627 3 70157 70158 71721
57951 5451 5196 4 70160 70161 70162 70401
57952 4904 4998 4 70164 70165 85526 85083
57953 4904 4935 4 70165 70166 70916 85523
57954 4882 4935 4 70166 70167 85387 70917
57955 4935 4998 9 85538 85527 70165 70167 85529 85528 85533 85534 -1
57956 5267 5377 6 70168 70169 72298 70835 70836 70670
57957 5497 5270 4 70170 70171 72126 70651
57958 5270 5377 6 70169 70171 72127 72130 72338 72299
57959 4928 4929 4 70175 70176 70369 70423
57960 5165 4929 4 70370 70176 70177 -1
57961 5165 4709 4 70177 70174 71569 -1
57962 5772 5557 5 70178 70179 70188 70187 70186
57963 5557 6049 5 70180 70181 70188 70182 70183
57964 5546 5529 3 70184 70185 70192
57965 4984 4929 4 70193 70194 70537 70609
57966 5729 5649 5 70195 70196 87360 87359 87089
57967 6400 6270 7 85552 70198 70199 85598 85595 85596 -1
57968 6400 6343 5 70199 70200 87280 87281 86080
57969 6468 6270 4 70201 70198 85554 87573
57970 6468 6400 4 70198 70200 87289 85553
57971 6343 6270 6 70199 70201 87159 87158 87633 86081
57972 5500 5832 3 70203 70204 87164
57973 5749 5500 6 70202 70204 87318 70210 70209 70220
57974 5500 5584 4 70205 70206 70220 70207
57975 4925 4949 5 70212 70213 70437 70435 70930
57976 4828 4949 6 70213 70214 70648 70438 70317 70319
57977 4828 4893 5 70214 70211 70483 71293 71294
57978 5975 5963 4 70215 70216 87336 87098
57979 5441 5963 6 87371 70217 70215 87070 87068 -1
57980 4367 4530 3 70218 70219 71362
57981 5441 5483 5 70224 70221 80774 85594 87254
57982 5441 5216 5 70221 70223 70557 70624 80773
57983 6058 6186 4 70226 70227 87565 87578
57984 5441 5936 6 70228 70225 87253 85594 85593 87628
57985 5441 6058 4 70225 70227 87484 87485
57986 6186 5936 5 70226 70228 87596 86073 86074
57987 5284 5191 5 70229 70230 72271 72270 72273
57988 5284 5158 6 70230 70231 72357 72358 72408 72272
57989 5374 5158 5 70231 70232 70672 72291 72359
57990 5374 5284 10 70229 70231 72292 72294 88595 88361 70282 70281 72161 72160
57991 5158 5191 8 70230 70232 70671 72237 71881 71882 71891 71972
57992 5157 4968 4 70234 70235 73900 73951
57993 5094 5157 5 70233 70235 73901 72452 72204
57994 4968 5126 5 70234 70236 73854 72100 72098
57995 5165 5494 3 70239 70240 70385
57996 6182 6195 7 70244 70245 87293 70616 70613 72254 72255
57997 6182 6115 3 70245 70242 87292
57998 4576 4426 3 70247 70248 85147
57999 4426 4489 5 70246 70248 85146 83485 80846
58000 5281 5578 4 70249 70250 70806 70727
58001 5455 5365 7 70253 70251 70258 71986 72087 72240 72239
58002 5560 5365 3 70252 70253 72159
58003 5914 5822 6 70254 70255 91599 71090 71091 74289
58004 5914 5957 4 70255 70256 84874 91600
58005 5904 5957 6 70256 70257 92400 92136 91672 84876
58006 5904 5822 7 70257 70254 74290 92431 92480 92476 92461
58007 5904 5914 4 70254 70256 84875 74288
58008 5957 5822 5 70255 70257 92460 91860 91601
58009 5979 5836 4 70260 70261 87250 87296
58010 6042 5979 4 70259 70261 70312 70311
58011 5836 5987 6 70260 70262 87216 87177 87176 87356
58012 4761 4694 9 70265 70266 81509 81508 82286 85349 85232 70711 70710
58013 4238 4527 4 70267 70268 81502 80906
58014 4360 4472 5 70269 70270 70424 70425 71356
58015 4360 4527 6 70270 70267 80907 81625 82439 81832
58016 4360 4238 6 70267 70269 71630 82836 73099 73098
58017 4492 4375 4 70271 70272 70301 72526
58018 3981 3728 5 70276 70277 82698 82699 -1
58019 3825 3994 4 70278 70275 82721 79617
58020 3825 3981 5 70275 70277 82402 82401 82739
58021 4918 4790 4 70280 70279 70288 71660
58022 5284 5526 4 70282 70283 71161 71160
58023 5377 5284 7 70281 70283 72274 72337 72299 72298 72188
58024 5526 5374 4 70282 70284 70995 88244
58025 4987 5314 6 70290 70291 73241 74198 74303 74304
58026 4987 5265 4 70291 70289 71005 71004
58027 4987 5323 4 70289 70290 74155 74154
58028 5975 5911 5 70292 70293 87471 87450 87336
58029 5564 5589 5 70299 70300 84938 84940 92551
58030 5564 5250 5 70300 70298 85709 85446 85445
58031 5650 5646 7 70303 70304 87479 87480 85659 85658 87329
58032 6052 5975 7 70305 70306 87527 87233 86379 85608 85606
58033 6052 5646 5 70306 70303 87331 88529 88814
58034 6052 5650 6 70303 70305 85950 87530 87496 87330
58035 4694 4576 4 70309 70310 71307 70708
58036 4694 4882 5 70310 70307 70711 70709 71292
58037 4694 4572 6 70307 70309 70707 85391 85348 85232
58038 4576 4882 3 70308 70310 85253
58039 4689 4805 5 70313 70314 70509 70507 71963
58040 4708 4689 5 70313 70315 71320 71968 71965
58041 4988 4790 5 70318 70320 71656 71880 70535
58042 4984 5282 5 70324 70325 70604 70606 71964
58043 6002 5945 5 70327 70328 71928 71052 71049
58044 6002 6019 6 70328 70326 89036 89038 89067 89094
58045 6002 6073 3 70326 70327 89121
58046 3994 3939 4 82846 70330 70331 -1
58047 3771 3939 8 70331 70332 71175 71176 83096 83172 83173 -1
58048 3771 3994 3 70329 70331 -1
58049 3939 3783 3 70330 70332 82847
58050 4242 4268 5 70334 70335 71663 81461 81460
58051 4053 4316 4 70336 70333 79551 79550
58052 4053 4242 3 70333 70335 71662
58053 5196 5139 7 70337 70338 70402 70401 70390 70388 72070
58054 4865 4709 5 70340 70341 71666 71667 71713
58055 4171 4188 9 70342 70343 82734 82778 74144 74142 82767 82757 82758
58056 4171 4008 5 70343 70344 82727 82725 82735
58057 4503 4356 6 70346 70347 80763 80491 80494 80621
58058 4356 4623 4 70345 70347 81247 73192
58059 4695 4643 5 70348 70349 71692 71685 71677
58060 4695 4948 5 70349 70350 71673 71675 71693
58061 4779 4695 4 70348 70350 71698 71678
58062 6599 6596 4 70351 70352 87758 86861
58063 5193 5360 4 70355 70353 70558 70630
58064 4199 4443 5 70356 70357 70479 70478 81845
58065 5014 4788 5 70358 70359 71506 70570 70571
58066 5271 5560 4 70360 70361 70373 70363
58067 5560 5597 6 70363 70364 86649 88498 72111 70374
58068 4889 4653 7 70366 70367 71777 71967 70724 70722 71992
58069 4889 4902 6 70367 70365 71926 72053 71260 71257
58070 4889 4894 3 70365 70366 71925
58071 5193 4928 4 70368 70369 70602 70589
58072 5276 5139 4 70371 70372 71872 70388
58073 5321 5286 4 70376 70377 70763 70764
58074 5365 5286 6 70377 70378 72030 71987 71986 72086
58075 3997 3961 6 70381 70382 80644 83507 83505 83506
58076 3997 3784 4 70382 70383 81025 80645
58077 4055 3961 4 70384 70381 83273 81866
58078 5196 5276 6 70388 70389 71824 72119 72118 72069
58079 5151 4925 5 70391 70392 70435 70929 72067
58080 4419 4510 5 70394 70395 81077 81072 81071
58081 4471 4419 6 70393 70395 80740 80742 80980 80349
58082 3844 3714 5 70400 70399 81960 83264 83236
58083 5286 5455 5 70405 70406 71988 71986 70828
58084 5271 5220 5 70407 70404 71913 72060 70927
58085 5271 5286 5 70404 70406 72150 71883 71884
58086 5455 5220 8 70405 70407 70928 72110 72124 72129 72064 70829
58087 4873 4717 5 70413 70414 71690 71691 71550
58088 4873 4590 5 70414 70415 71271 71866 71825
58089 4793 4590 5 70415 70416 73120 71791 71272
58090 4793 4717 5 70416 70413 71551 71754 81323
58091 4590 4717 7 70414 70416 81322 81459 81451 71483 71482
58092 4792 4689 7 70417 70418 70471 70507 71554 70919 70920
58093 4828 4689 4 70419 70417 71418 71419
58094 4530 4689 6 70418 70419 71638 71570 71177 70472
58095 4873 4813 4 70420 70421 71865 71271
58096 4813 4793 5 70420 70422 71556 71790 71272
58097 4464 4310 5 70427 70428 70524 70525 82660
58098 4293 4310 7 70430 70427 82763 81227 81226 81131 71428
58099 4293 4464 4 70427 70429 71457 82724
58100 4521 4310 3 70428 70430 71392
58101 5010 5271 4 70433 70434 71884 71913
58102 5727 5578 6 70441 70442 87234 85741 85740 85736
58103 5937 5578 3 70442 70443 87393
58104 5937 5487 6 70443 70440 85625 88270 87549 87478
58105 4199 4285 6 70444 70445 81206 76335 76336 70478
58106 4409 4279 6 70446 70447 71352 71353 82707 79778
58107 4409 4199 4 70444 70446 71354 70479
58108 4279 4285 6 70445 70447 82681 82680 71409 71411
58109 4186 4390 6 70450 70448 83504 80058 80057 80924
58110 4790 4612 5 70454 70455 71437 71434 71636
58111 4790 4619 3 70453 70454 71629
58112 5643 5576 6 70458 70459 88451 87246 87247 72037
58113 5643 5497 5 70459 70460 88449 70550 70552
58114 5597 5497 6 70460 70461 71903 72122 72123 87433
58115 5597 5576 5 70461 70458 72039 72111 71902
58116 5597 5643 4 70458 70460 88455 72038
58117 5497 5576 4 70459 70461 71579 71578
58118 4259 4293 10 70462 70463 82723 82724 82763 82811 81141 81144 82844 82697
58119 4259 4366 4 70463 70464 82708 82842
58120 4940 5242 3 70466 70467 71086
58121 4949 5231 3 70468 70465 70720
58122 4098 4130 8 70469 70470 81080 70563 70562 71558 71733 71732
58123 4878 4789 4 70473 70474 72573 72572
58124 5104 4789 4 70474 70476 73124 72983
58125 4925 4792 5 70481 70482 70908 70907 71904
58126 4893 4792 3 70482 70483 71597
58127 4747 4918 5 70484 70485 71659 71660 71668
58128 4530 4343 5 70486 70487 71362 71642 82655
58129 4493 4343 5 70487 70488 70526 71484 71363
58130 4343 4464 5 70486 70488 70525 71575 71576
58131 4788 4837 9 70490 70491 71527 71500 71498 71499 71507 71487 71476
58132 4576 4788 3 70489 70491 71523
58133 4572 4489 6 70493 70494 85170 71070 71068 83492
58134 4572 4551 4 70494 70495 70707 85341
58135 6019 6285 8 70496 70497 88972 88971 72524 72522 91341 73759
58136 4873 4727 4 70498 70499 71550 71508
58137 4793 4727 6 70499 70500 71573 71572 71752 71551
58138 4355 4319 5 70503 70504 81325 81440 81307
58139 4355 4177 8 70504 70505 81515 81199 81197 81294 81293 81324
58140 4391 4319 4 70506 70503 81309 73326
58141 4391 4355 5 70503 70505 73215 73214 81308
58142 4792 4805 6 70507 70508 70518 71597 70908 70909
58143 4925 4889 6 70510 70511 72073 71900 71899 70907
58144 4805 4889 5 70513 70510 70909 71963 71966
58145 4805 4925 3 70510 70512 70908
58146 4893 4889 5 70511 70513 71973 73388 72075
58147 4056 3783 4 70515 70516 81647 71263
58148 3968 4056 3 70514 70516 81646
58149 4828 4805 3 70518 70519 71293
58150 5050 5160 6 70520 70521 71886 71836 70905 70906
58151 5270 4925 4 70522 70523 71984 72303
58152 5270 5050 3 70520 70522 72163
58153 4925 5160 4 70521 70523 71983 72067
58154 4493 4310 7 70526 70524 71392 71428 81130 81222 71661
58155 4974 5220 7 70530 70527 71914 71915 71959 70668 70669
58156 4974 5286 3 70527 70529 72116
58157 5010 5220 5 70528 70530 71985 72071 71913
58158 4166 4060 5 70531 70532 80957 81179 81166
58159 4260 4060 6 70533 70531 80630 79483 75083 75082
58160 4071 4060 6 70532 70533 72926 72923 80555 80584
58161 5193 5441 9 70545 70538 70539 70553 70558 70557 70626 85551 -1
58162 5193 5271 7 70539 70540 70590 70589 70601 70605 70554
58163 5434 5441 5 70541 70538 70546 70578 70580
58164 5271 5441 4 70539 70541 70581 70555
58165 4636 4518 4 70542 70543 85392 71244
58166 4636 4576 5 70543 70544 85115 85116 85147
58167 4837 4636 8 70542 70544 85067 85068 85088 85406 74258 71245
58168 5651 5441 5 87371 70579 70546 70545 -1
58169 7962 7649 6 70548 70549 93500 93501 100167 100166
58170 7962 7594 4 70549 70547 99413 99415
58171 5497 5604 5 70550 70551 87370 87427 87429
58172 5193 5282 5 70553 70554 70604 70607 70630
58173 4761 5193 3 70561 70560 74519
58174 4173 4098 3 70564 70562 70932
58175 4297 4098 4 70563 70564 70931 81137
58176 4722 4515 6 70565 70566 71206 85338 85225 85223
58177 4596 4515 5 70568 70565 85317 71224 71223
58178 4533 4515 4 70566 70568 85328 71208
58179 5190 5029 6 70574 70572 70718 71178 71205 70794
58180 4940 5229 4 70575 70576 70719 70716
58181 5040 4940 9 70575 70577 71014 71013 85214 85331 71278 71276 70715
58182 8126 7817 5 70582 70583 95107 97560 95571
58183 8126 8095 6 70583 70584 95264 95645 97472 95106
58184 8259 8095 3 70584 70585 95265
58185 8259 7817 5 70585 70582 94554 94556 95602
58186 8259 8126 7 70582 70584 94965 94463 94462 95565 95572
58187 8095 7817 8 70583 70585 95603 95653 95652 95660 95629 95108
58188 4612 4687 3 70592 70593 71636
58189 4896 4882 6 70596 70594 85253 71292 71285 71287
58190 4837 4882 5 70595 70596 85174 85089 85068
58191 6099 6024 5 70598 70599 88436 88207 88209
58192 6040 5865 4 70600 70597 72027 72026
58193 6040 6099 4 70597 70599 70780 70782
58194 6024 5865 6 70598 70600 88533 88544 88536 88479
58195 5193 4923 4 70601 70602 70603 70610
58196 5193 4984 5 70604 70605 70610 70609 70608
58197 6235 6195 6 70613 70614 70633 70631 88540 88541
58198 6235 6413 4 70614 70615 70818 70821
58199 6182 6413 6 70615 70616 87309 87124 87123 87647
58200 6182 6235 8 70613 70615 87646 86965 86967 87849 87851 88784
58201 6413 6195 6 70614 70616 71144 71141 85609 85611
58202 4888 4813 8 70617 70618 70918 71867 71865 71795 71793 71905
58203 4888 4792 5 70618 70619 71904 71553 70919
58204 4792 4813 3 70618 70620 70920
58205 4998 5216 6 70624 70625 83494 85366 85369 82656
58206 4998 5193 6 74518 74519 70625 70626 85550 -1
58207 5441 4998 3 70624 70626 82657
58208 4238 4364 3 70627 70628 71398
58209 4375 4364 5 70628 70629 82806 82813 71424
58210 6235 6540 5 70632 70633 70821 70819 88578
58211 7334 7462 8 70635 70636 92782 93629 94287 84748 84749 84573
58212 7103 7462 4 70636 70637 100941 92783
58213 7103 7154 5 70637 70634 84757 100319 100882
58214 7103 7334 6 70634 70636 92781 94304 100908 84756
58215 7462 7154 6 70635 70637 100653 85916 85918 84574
58216 5466 5242 3 70639 70640 70810
58217 5131 4972 6 70641 70642 85473 85456 85454 85453
58218 5549 4972 5 70642 70643 84805 83238 83240
58219 5663 5695 7 85579 85578 85571 85572 70646 70647 -1
58220 5695 5968 5 82783 70885 70645 70647 -1
58221 4426 4513 5 70649 70650 74278 74276 80815
58222 5470 5533 7 70653 70654 87543 88442 88441 72369 72269
58223 5470 5284 6 70654 70652 72168 72274 71161 71159
58224 5470 5350 5 70652 70653 72267 70968 70969
58225 5305 5254 5 70655 70656 70787 70742 70745
58226 5305 5209 3 70656 70657 70788
58227 5286 5254 3 70658 70655 70764
58228 5209 5254 7 70656 70658 72183 72241 72136 72135 70789
58229 6178 6248 3 70659 70660 70838
58230 6178 6182 10 70660 70661 73897 88517 87852 87851 72253 72255 86390 70839
58231 6151 6182 3 70661 70662 73898
58232 6182 6248 7 70660 70662 87122 87124 87015 87014 70840
58233 5365 5517 4 70667 70665 72240 71961
58234 5365 5305 4 70665 70666 72086 72087
58235 5158 5361 5 70671 70672 71863 71862 73997
58236 5478 5769 3 70676 70673 88166
58237 5478 5622 7 70673 70675 88280 88262 88202 88201 88282
58238 5487 5769 5 70674 70676 88167 88270 87552
58239 6057 6266 5 70678 70679 88341 92528 92531
58240 6439 6266 8 70679 70680 88320 88319 70803 70802 73285 88343
58241 6439 6152 4 70680 70677 74327 74329
58242 6439 6057 5 70677 70679 88342 92719 92513
58243 6266 6152 7 70678 70680 91614 92620 92176 91673 91671
58244 5823 6167 4 70682 70683 88796 88792
58245 6167 5794 7 70681 70683 71034 71031 87215 87214 88849
58246 7596 7572 5 70686 70687 90395 97556 90538
58247 5859 6529 5 70689 70690 86015 86112 85244
58248 6529 5703 6 85604 70688 70690 86014 86284 -1
58249 5597 5777 6 70691 70692 71433 86649 88497 88820
58250 5642 5519 4 70693 70694 87243 88435
58251 5497 5642 4 70693 70695 87430 87427
58252 5288 5308 4 70698 70699 85333 80969
58253 5308 5250 6 70698 70700 83387 83386 83380 80970
58254 5207 5362 4 70701 70702 85389 85426
58255 5207 5235 6 70702 70703 85359 85576 71327 71328
58256 5051 5235 5 70703 70704 74246 85018 85360
58257 5051 5362 4 70704 70701 85415 74245
58258 5051 5207 7 70701 70703 85356 85357 85363 85346 85345
58259 5694 5727 5 70705 70706 85618 85631 85718
58260 4694 4551 6 70707 70708 71306 71158 71156 71427
58261 4694 4904 5 70709 70710 85216 85215 71291
58262 5505 5531 7 70713 70714 85516 85491 83366 83367 85300
58263 5505 5493 6 70714 70712 85381 85382 85486 85515
58264 5505 5682 5 70712 70713 85629 85628 85638
58265 4896 5190 4 70717 70718 71134 71133
58266 5229 5231 4 70720 70719 70725 70851
58267 4863 4889 4 70721 70722 73993 73992
58268 4863 4653 6 70722 70723 80744 74107 74106 74103
58269 4708 4653 4 70723 70724 71968 80482
58270 4708 4889 6 70724 70721 73991 71973 71966 71965
58271 4708 4863 4 70721 70723 80743 74080
58272 5369 5578 9 70726 70727 70805 70759 70761 85740 85681 85583 85580
58273 5190 5257 4 70730 70728 71230 71227
58274 6957 6737 10 70731 70733 89673 86216 72091 72090 87782 84669 84668 85964
58275 5308 5190 6 70735 70736 70971 80969 80970 71219
58276 5231 5224 5 70737 70734 70963 70941 70793
58277 5231 5308 4 70734 70736 70883 70882
58278 5190 5224 4 70735 70737 70794 71204
58279 5254 5321 9 70744 70745 70764 72183 72243 72216 72217 72517 72377
58280 5492 5394 3 70746 70747 72169
58281 3744 3551 6 70751 70752 82673 82946 82947 82073
58282 3568 3488 8 70753 70754 81890 82993 80801 80800 74169 74168
58283 3568 3551 5 70754 70751 82074 83093 81889
58284 3488 3551 7 70752 70754 81745 81747 82901 83056 82674
58285 5156 5359 4 70756 70757 72315 72318
58286 5314 5388 8 70758 70755 73316 73315 74283 71099 71098 71102
58287 5314 5156 4 70755 70757 73335 74028
58288 5359 5388 6 70756 70758 74008 88568 88406 74027
58289 5578 5390 3 70760 70761 85736
58290 5460 5416 7 70765 70766 73280 88844 87379 72295 72178
58291 5460 5296 4 70766 70767 72181 73227
58292 5280 5296 6 70767 70768 73259 73937 73312 72182
58293 5280 5460 3 70765 70767 72179
58294 5296 5416 4 70766 70768 73258 73281
58295 5377 5455 6 70770 70771 72129 72130 72342 72101
58296 5497 5455 5 70771 70772 71579 71903 72124
58297 5455 5526 3 70770 70772 71577
58298 5828 5846 5 70776 70777 91350 88573 88572
58299 5828 5863 6 70777 70778 91190 88700 88701 91468
58300 5972 5863 8 70778 70779 88990 88885 88399 88398 88580 88579
58301 5972 5828 4 70776 70778 91497 91469
58302 5863 5846 4 70777 70779 88993 89007
58303 6099 6150 7 70780 70781 88488 87385 87387 88522 88436
58304 6040 6023 5 70782 70783 87598 72029 72027
58305 6040 6150 4 70783 70780 87593 87594
58306 6023 6150 5 70781 70783 87597 88191 88259
58307 5191 5411 4 70785 70786 70954 70942
58308 6074 6327 5 70790 70791 89203 89158 88772
58309 6245 6327 6 70791 70792 88590 89414 89198 89197
58310 6327 6280 6 70790 70792 88588 88747 88777 88773
58311 5250 4917 4 70795 70796 74440 74441
58312 5250 4946 6 70796 70797 85447 85032 85028 85029
58313 4885 4946 4 70797 70798 74004 85311
58314 4885 4917 6 70798 70795 84929 84988 85040 74003
58315 4885 5250 5 70795 70797 85075 85026 84928
58316 4946 4917 6 70796 70798 74002 80966 74256 74255
58317 5231 5369 4 70799 70800 70858 70883
58318 6266 6577 3 70801 70802 73284
58319 6307 6266 8 70801 70803 90533 91826 91825 92197 92242 92366
58320 6439 6577 5 70802 70804 91809 90542 73286
58321 5464 5578 4 70805 70806 70807 70808
58322 5267 5466 4 70809 70810 70860 70836
58323 5945 5667 5 70813 70814 88989 89085 89130
58324 5945 5561 5 70814 70815 88164 88162 88965
58325 5498 5945 4 70813 70815 88504 88502
58326 5561 5667 6 70814 70816 87419 88405 88695 88817
58327 6644 6540 7 70819 70820 87574 89656 89682 89493 88577
58328 6413 6540 7 70820 70821 85611 85610 87347 87163 87162
58329 6413 6644 5 70818 70820 87129 87126 87647
58330 5604 5595 5 70823 70824 88434 88364 88366
58331 5519 5604 5 70822 70824 88435 87370 87369
58332 5912 6241 5 70825 70826 89219 72500 72499
58333 5912 6164 4 70826 70827 89078 89185
58334 5941 5912 6 70825 70827 89079 89156 88693 88692
58335 5455 5305 8 70828 70829 72063 72342 72334 72336 72340 72087
58336 5327 5371 4 70831 70832 72515 72225
58337 5979 6248 5 70838 70840 87304 87310 72085
58338 6000 6102 5 70844 70841 88318 88918 88360
58339 6000 6138 6 70841 70843 88145 88562 88563 88317
58340 4586 4698 4 70845 70846 81453 73048
58341 4586 4500 10 70846 70847 79785 71075 71074 71810 81217 81218 81457 81454
58342 4699 4500 3 70847 70848 79787
58343 4500 4698 5 70846 70848 81434 81396 81395
58344 5487 5231 7 70852 70853 70874 70859 70858 70882 70963
58345 6664 6761 4 70854 70855 100673 100643
58346 6664 6845 5 70855 70856 92723 92724 100645
58347 6326 6845 6 70856 70857 74007 74005 100688 100646
58348 6326 6761 7 70857 70854 85262 85261 100100 100387 100423
58349 6326 6664 6 70854 70856 100538 100537 85835 85837
58350 6845 6761 9 70855 70857 100395 100288 86122 86121 99788 100420 100421
58351 5251 5312 5 70862 70863 73592 73293 73294
58352 5343 5312 7 70863 70864 72619 72618 91358 91070 73909
58353 5343 4981 5 70864 70861 73205 72849 72765
58354 5343 5251 6 70861 70863 73908 73574 73575 73612
58355 5312 4981 5 70862 70864 72671 72672 73340
58356 5268 5238 3 70866 70867 71918
58357 5147 5179 5 70868 70865 72386 73116 72488
58358 5147 5268 6 70865 70867 71919 72154 72152 72385
58359 5238 5179 5 70866 70868 72489 72484 72420
58360 4704 4551 4 70870 70871 71514 71513
58361 4719 4551 5 70871 70872 71158 71302 71304
58362 4551 4545 6 70870 70872 71156 71361 71360 71456
58363 5231 5464 3 70873 70874 70875
58364 5233 5109 6 70876 70877 76133 74631 74632 100778
58365 5059 5109 5 70879 70876 100728 74534 74536
58366 5064 5109 5 70877 70879 73765 73764 84259
58367 5361 5359 6 70880 70881 88407 74027 72318 72317
58368 6250 6434 4 70887 70888 88283 86365
58369 6166 6434 5 70888 70889 86662 88311 88310
58370 6166 6345 3 70889 70886 86661
58371 6434 6345 6 70887 70889 86660 88634 88633 86366
58372 5208 5311 7 70890 70891 74467 73618 73619 74652 74414
58373 5208 5647 4 70891 70892 74160 74567
58374 5310 5311 6 70893 70890 74325 73771 73772 74378
58375 5310 5208 7 70890 70892 74159 74294 74360 74031 74030
58376 5647 5311 5 70891 70893 74377 91606 74568
58377 5748 5490 4 70894 70895 92494 92379
58378 5617 5490 7 70895 70896 92369 88138 88139 73495 73496
58379 5490 5822 4 70894 70896 92479 92380
58380 6509 6229 6 70897 70898 88555 88384 88383 88724
58381 6509 6484 4 70898 70899 88509 88518
58382 6484 6229 6 70898 70900 86082 88265 87168 87170
58383 3492 3205 6 70901 70902 78814 80078 80090 76078
58384 5305 5160 4 70904 70905 71835 71970
58385 5050 5284 6 70906 70903 72248 72285 72305 72163
58386 5050 5305 5 70903 70905 71827 71826 72247
58387 5160 5284 3 70904 70906 72062
58388 4792 4889 4 70909 70907 71553 71554
58389 4468 5018 4 70912 70910 84919 84918
58390 4468 4625 11 70910 70911 74262 85048 85104 84989 84920 84921 85053 84933 84934
58391 3930 4130 4 70915 70913 71719 71718
58392 3930 4059 4 70913 70914 71729 81633
58393 4888 4689 5 70918 70919 71552 72134 72089
58394 4689 4813 6 70918 70920 71418 71417 71670 71672
58395 6774 7003 7 70921 70922 90219 90855 90849 71063 71064
58396 6853 7003 4 70923 70921 90738 90753
58397 6982 7003 8 70922 70923 90754 90755 90757 87263 87260 90220
58398 5103 5029 4 70925 70926 71205 71234
58399 4166 4098 7 70931 70932 71558 80934 81163 81172 81178
58400 4166 4173 6 70932 70933 80691 71547 71548 71559
58401 3996 3918 3 70935 70936 81726
58402 4079 3722 3 70937 70934 83053
58403 3918 3722 7 70935 70937 80298 80300 80286 80287 81727
58404 6289 6398 4 70938 70939 89573 88625
58405 4837 4756 8 70945 70946 71487 71486 71367 71246 71245 71237
58406 5012 4837 4 70944 70946 71507 71240
58407 5368 5622 5 70950 70947 87514 88262 88281
58408 5368 5674 5 70947 70949 88199 92454 87513
58409 5370 5622 7 70948 70950 88295 71026 71025 72440 72441
58410 4453 4455 4 70952 70953 83589 84602
58411 4453 4428 7 70953 70951 85337 71342 71341 83602 83588
58412 4453 4820 5 70951 70952 84769 84768 85398
58413 5411 5370 4 70955 70954 71027 88295
58414 5411 5478 5 70956 70958 88280 71256 71255
58415 5322 5481 5 70960 70961 84906 84931 82981
58416 5322 5564 4 70961 70959 84767 84905
58417 5606 5542 3 70965 70966 72645
58418 5537 5268 4 70967 70964 72153 72154
58419 5537 5606 7 70964 70966 72644 91203 91202 77865 72445
58420 5589 5478 3 70972 70973 71119
58421 5589 5495 5 70973 70974 85768 83370 71165
58422 7167 7378 3 70976 70977 88414
58423 6991 7070 4 70978 70979 86132 92507
58424 6991 7167 9 70976 70978 94292 92601 92603 101081 94318 94317 88413
58425 7070 7378 7 70977 70979 86131 93098 93100 93778 94286
58426 6238 6577 6 70980 70981 92273 92415 92414 85254
58427 6238 6321 7 70981 70982 92106 88336 88331 73476 73477
58428 6307 6321 3 70982 70983 92366
58429 6321 6577 6 70981 70983 73284 73286 90543 92134
58430 5013 5230 7 70986 70987 73535 73933 73880 73291 72647
58431 5013 5126 5 70987 70984 72100 73899 73534
58432 5230 5126 4 70985 70987 73533 73876
58433 5101 5208 7 70989 70990 74022 73424 73422 74516 74574
58434 5042 5208 6 70990 70991 74409 74358 74359 74024
58435 5042 4829 5 70991 70988 73728 73729 74676
58436 5042 5101 5 70988 70990 74023 74157 73734
58437 5041 4811 5 70993 70992 73244 74041 73260
58438 4489 4279 5 70997 70998 71352 82681 71490
58439 5041 5107 7 70999 71000 73260 74043 74029 73394 73395
58440 5317 5306 4 71001 71003 73109 73231
58441 5265 5022 5 71005 71006 71183 73801 73800
58442 5076 5022 5 71006 71007 73853 85099 71184
58443 5076 4987 5 71007 71004 73241 74172 73852
58444 5076 5265 8 71004 71006 71182 84003 85379 71980 71979 73240
58445 6779 6589 10 71009 71010 89431 89479 86760 86759 89477 89261 89252 87311
58446 6779 6462 5 71010 71011 89445 89350 89348
58447 6526 6589 4 71012 71009 87313 89407
58448 6526 6779 5 71009 71011 89443 89058 87312
58449 6462 6589 8 71010 71012 89289 89290 89412 89411 89447 89432
58450 6290 6036 5 71016 71017 87925 87926 92391
58451 6290 6120 8 71017 71015 71114 87149 88061 88193 88173 88172
58452 6290 6093 4 71015 71016 92599 71113
58453 6238 6032 4 71020 71021 73792 73793
58454 6238 6012 4 71021 71022 88331 88291
58455 6189 6012 4 71022 71023 90562 88332
58456 6189 6032 8 71023 71020 90905 88745 88746 89370 89372 89843
58457 6189 6238 7 71020 71022 73476 73478 91616 72259 72261
58458 6012 6032 9 71021 71023 90641 91487 91489 91310 91309 91379 88292
58459 5622 5374 4 71024 71025 88243 87487
58460 6503 6847 4 71029 71030 92596 94212
58461 6503 6561 6 71030 71028 75055 88601 85726 85728
58462 6503 6717 9 71028 71029 75628 75629 92092 94189 94392 94250 75054
58463 5933 5794 7 71031 71032 73282 73971 88419 87411 87414
58464 5933 6166 7 71032 71033 86971 88432 88945 72607 72608
58465 6167 6166 6 71033 71034 88796 88798 88465 86972
58466 6167 5933 4 71031 71033 86970 88390
58467 6166 5794 3 71032 71034 73283
58468 5801 5702 5 71035 71036 74931 73970 73968
58469 5726 5721 6 71037 71038 88462 88460 88709 88785
58470 5470 5721 5 71039 71037 88532 87543 71159
58471 5526 5721 7 71038 71039 71160 88244 87497 87498 87562
58472 6018 6442 4 71040 71041 85906 99729
58473 6199 6018 5 71040 71042 85712 85908 93387
58474 3597 3241 3 71043 71044 75336
58475 4867 4840 6 71046 71047 80756 80759 75427 74187
58476 4840 4871 4 71046 71048 74260 74188
58477 5953 5945 7 71049 71050 89082 89085 89146 89080 89081
58478 5953 5965 3 71050 71051 89050
58479 6002 5965 5 71051 71052 71929 89067 89051
58480 6002 5953 5 71049 71051 89037 89036 89121
58481 5965 5945 7 71050 71052 71927 88681 88689 88688 89055
58482 6135 6398 3 71054 71055 72613
58483 6135 6227 7 71053 71054 72611 87750 88134 85644 85643
58484 5758 5904 10 71056 71057 92407 92457 92459 92480 92427 92359 92353 92059
58485 6003 5904 4 71057 71058 92178 92177
58486 5179 5144 6 71059 71060 71954 72258 72794 72459
58487 4936 5179 6 71059 71061 72489 72488 73110 72458
58488 7095 7003 6 71064 71065 90715 90751 90752 90738
58489 7003 6791 5 71063 71065 87509 87508 90850
58490 5392 5276 4 71067 71066 72057 71824
58491 4572 4408 5 71068 71069 81002 82538 83491
58492 4572 4285 6 71069 71070 85169 85278 84179 81003
58493 4489 4285 4 71070 71071 82681 82859
58494 4489 4408 6 71071 71068 83493 83485 71488 71490
58495 4285 4408 5 71069 71071 82680 82762 81004
58496 4484 4525 6 71072 71073 71937 71933 71934 71631
58497 4500 4525 4 71075 71072 71633 81421
58498 4500 4484 5 71072 71074 71809 81558 71632
58499 4586 4525 6 71073 71075 81392 71999 71781 71778
58500 4911 4737 8 71076 71077 85373 85374 83374 71368 71369 85229
58501 4721 4780 8 71078 71079 83923 83283 83281 85463 83490 83489
58502 4721 4737 7 71079 71076 85245 85246 83496 83495 85303
58503 4721 4911 4 71076 71078 83433 83432
58504 4780 4737 4 71077 71079 85397 85399
58505 5989 5618 4 71083 71084 92699 86270
58506 5989 5879 9 71084 71085 85833 100858 100860 101103 92497 92498 92700
58507 5914 5748 6 71089 71090 91994 92521 74456 74454
58508 5569 5822 6 71091 71092 92380 92481 92431 88294
58509 5569 5748 7 71092 71089 92452 92465 92272 92271 92379
58510 5569 5914 3 71089 71091 88293
58511 6831 6896 5 71093 71094 74875 74876 100326
58512 5656 5314 3 71097 71098 71100
58513 5388 5656 5 71096 71098 71101 92485 88175
58514 5368 5388 4 71102 71101 92486 74008
58515 5368 5478 5 71103 71104 71243 71256 88262
58516 6976 7029 4 71106 71107 94078 100629
58517 6756 7029 6 71107 71108 100600 92637 85135 85134
58518 6756 6836 3 71108 71105 93334
58519 6756 6976 6 71105 71107 94077 94362 99740 93333
58520 7029 6836 6 71106 71108 100599 100153 100154 100318
58521 5265 5474 8 71110 71111 84617 85378 71980 71981 74323 74311
58522 6234 6290 5 71113 71114 87150 87365 88084
58523 6234 6093 6 71112 71113 92730 92508 88273 73882
58524 5319 5018 6 71115 71116 85062 84926 84927 100799
58525 5319 5091 4 71116 71117 84792 85096
58526 5404 5018 4 71118 71115 100797 84838
58527 5404 5319 5 71115 71117 81000 80999 100531
58528 5091 5018 6 71116 71118 74363 74364 84577 85094
58529 5474 5589 8 71119 71120 88260 92541 84940 84939 83368 71165
58530 5769 6024 4 71122 71123 88536 88439
58531 5937 5769 6 71121 71123 88545 88269 88270 88071
58532 6024 5951 6 71122 71124 88268 88267 87195 87196
58533 5014 4850 3 71125 71126 73761
58534 4158 3927 4 71128 71129 80685 80875
58535 3908 3927 7 71129 71130 80856 80852 80769 74741 74740
58536 3908 4169 3 71130 71127 80867
58537 3927 4169 5 71128 71130 80866 80826 80825
58538 4927 4837 4 71131 71132 85174 71221
58539 4927 4896 5 71132 71133 71283 71286 71287
58540 5190 4837 5 71134 71131 71163 71162 71178
58541 5190 4927 8 71131 71133 71282 71228 71227 85342 85362 71222
58542 4700 4671 4 71135 71136 81375 73245
58543 4700 4645 6 71136 71137 73301 73399 73400 73445
58544 4839 4700 7 71135 71137 73300 71989 71709 71602 71601
58545 4186 4352 5 71139 71140 80924 80925 74653
58546 6413 6115 6 71141 71143 87305 87458 87638 87198
58547 6259 6195 3 71142 71144 87293
58548 3468 3764 4 71145 71146 80195 81808
58549 3468 3766 4 71146 71147 79198 80196
58550 3466 3766 4 71147 71148 79816 79200
58551 3466 3764 5 71148 71145 82186 82185 81489
58552 4364 3994 4 71150 71151 82840 82787
58553 6994 6833 6 71152 71153 92981 93003 87855 87856
58554 6994 6795 7 71153 71154 93047 90314 90315 86901 86899
58555 6945 6795 7 71154 71155 90930 91950 91949 92154 93048
58556 6945 6833 5 71155 71152 92911 92140 90929
58557 6945 6994 5 71152 71154 93043 91991 91989
58558 4694 4545 4 71156 71157 82879 71426
58559 5721 5284 5 71159 71160 88361 88594 87542
58560 5051 5190 5 71163 71164 85027 85199 71222
58561 5190 5103 6 71162 71164 83381 71219 71204 71205
58562 5495 5474 4 71165 71166 71168 83369
58563 5474 5308 4 71167 71168 83386 71209
58564 4603 4520 3 71169 71170 80155
58565 4603 4689 5 71170 71171 80481 71320 71321
58566 4529 4689 3 71171 71172 71518
58567 4531 4056 8 71173 71174 71396 71397 82882 82875 81646 81647
58568 4531 3939 6 82773 71174 71175 82847 82846 -1
58569 3771 4056 5 71176 71173 71263 71262 83095
58570 3771 4531 3 71173 71175 82612
58571 5873 5700 4 71181 71179 85772 85753
58572 5954 5700 6 71180 71181 85750 85752 85747 85746
58573 5322 5022 5 71183 71184 85098 74637 74161
58574 5076 5322 5 71182 71184 85092 84946 84002
58575 5493 5362 5 71185 71186 85485 85486 85518
58576 5493 5235 4 71186 71187 83007 85436
58577 5453 5235 4 71187 71188 71328 71330
58578 5453 5362 4 71188 71185 85502 85389
58579 5162 5016 4 71191 71192 85058 85022
58580 5162 4651 5 71192 71189 85024 85450 85113
58581 5162 5098 7 71189 71191 84999 85000 85117 85056 85023
58582 5016 4651 4 71190 71192 85082 74317
58583 5106 5328 5 71193 71194 80948 85495 83365
58584 5531 5106 5 71193 71195 74253 85482 83366
58585 4888 4974 4 71196 71197 71905 71850
58586 5203 5178 4 71201 71198 84791 84789
58587 5014 5314 5 71202 71203 74130 74282 71238
58588 4533 4392 4 71207 71208 83460 83459
58589 5103 5474 6 71209 71210 71242 71981 71982 85078
58590 5103 5478 4 71210 71211 71255 71243
58591 5314 5012 5 71214 71212 74225 74280 71238
58592 5314 5103 4 71212 71213 74274 74224
58593 4455 4867 6 71215 71216 81050 80034 80033 85042
58594 4471 4867 3 71216 71218 80752
58595 5051 4927 5 71221 71222 85390 85363 85175
58596 4927 5257 6 71226 71227 85343 85469 71280 71279
58597 5281 4927 3 71226 71228 71281
58598 5257 5207 7 71229 71230 85343 85375 85376 85562 85432
58599 4841 5156 7 71232 71233 73209 73210 73389 73630 73346
58600 4841 5041 4 71233 71231 74041 74043
58601 4366 4521 3 71235 71236 71429
58602 4756 4518 3 71246 71244 71366
58603 3975 4076 6 71247 71248 71950 71951 73017 80525
58604 3975 4177 4 71248 71249 81092 81093
58605 3984 3975 7 71247 71249 81504 79784 78452 78451 80526
58606 4177 4076 6 71248 71250 79793 81294 81295 81348
58607 4636 4737 9 71251 71252 84787 83486 83487 85335 83375 83374 82860
58608 4820 4737 6 71254 71251 82862 85373 85399 85398
58609 4820 4636 4 71251 71253 80849 82861
58610 4428 4737 5 71252 71254 85337 85336 85277
58611 4888 4902 6 71257 71258 71906 72097 72105 71776
58612 4888 4969 6 71258 71259 71898 72103 72155 71907
58613 4889 4969 5 71259 71260 72055 72056 71900
58614 4889 4888 6 71257 71259 71899 71553 71552 71777
58615 4969 4902 3 71258 71260 71908
58616 5576 5554 6 71264 71265 87367 87326 87324 72189
58617 5576 5470 7 71265 71266 72335 72113 72114 88781 87366
58618 5455 5470 4 71266 71267 72280 72336
58619 5455 5554 5 71267 71264 72190 72282 72279
58620 5455 5576 8 71264 71266 72334 72101 71577 71579 71902 72112
58621 6074 6175 5 71268 71269 87272 89203 89109
58622 4813 4590 5 71271 71272 71671 71672 71867
58623 4149 4054 7 71273 71274 71561 80612 80611 80938 80939
58624 4098 4054 3 71274 71275 71562
58625 4940 5257 3 71276 71277 71279
58626 4940 4927 7 71278 71279 71281 71282 71283 85386 85388
58627 5040 4927 3 71280 71278 85547
58628 4904 4896 4 71285 71286 85332 71291
58629 4927 4904 4 71284 71286 85386 71288
58630 4904 4954 6 71288 71289 85083 85540 85329 85330
58631 4927 4954 7 71290 71288 85388 85547 85469 79854 79856
58632 4882 4954 3 71289 71290 85084
58633 4053 3698 4 71295 71296 73083 81352
58634 4053 3808 5 71296 71297 78162 81235 73084
58635 3878 4053 8 71295 71297 78161 78970 73439 73438 81354 81351
58636 4419 4369 4 71298 71299 81044 80349
58637 4419 4202 5 71299 71300 80755 80661 80662
58638 4373 4202 4 71300 71301 78258 78259
58639 4373 4369 7 71301 71298 80350 80732 80834 83615 81056
58640 4202 4369 5 71299 71301 74525 74524 81045
58641 4551 4896 3 71302 71303 71306
58642 4719 4576 3 71304 71305 71515
58643 4552 4386 7 71308 71309 80991 74342 74164 71537 71538
58644 3963 3918 4 71310 71312 81642 80485
58645 1639 1339 6 71315 71313 101291 113776 122496 113231
58646 4443 4531 7 82773 71396 71316 71317 81507 85537 -1
58647 4443 4694 3 71317 71318 81508
58648 4409 4694 7 71318 71319 71426 71427 85391 85353 82286
58649 4409 4531 5 71319 71316 71397 82883 82878
58650 4694 4531 6 71317 71319 82879 82876 82870 81509
58651 4603 4552 8 71321 71322 80708 80347 80346 81079 80156 80155
58652 4708 4603 8 71320 71322 80646 80648 81065 81104 80743 80482
58653 5207 5453 8 71328 71329 85569 85432 85206 85205 85483 85389
58654 5663 5235 6 71330 71327 85578 85532 85438 83007
58655 5663 5207 3 71327 71329 85571
58656 4217 4165 5 71333 71334 83580 83133 81054
58657 4217 4040 5 71334 71335 83633 83391 83392
58658 4143 4040 4 71335 71336 80376 80377
58659 4143 4165 6 71336 71333 81055 82952 80665 80664
58660 4143 4217 5 71333 71335 83631 74122 74121
58661 4040 4165 7 71334 71336 83306 83307 83070 83072 83523
58662 4147 4534 5 71337 71338 74544 74545 75453
58663 4147 4022 6 71338 71339 75715 83625 75139 75138
58664 4128 4022 6 71339 71340 80730 75000 75001 75498
58665 4128 4147 4 71337 71339 75716 84369
58666 4022 4534 4 71338 71340 84569 84494
58667 4428 4357 5 71342 71343 83439 85297 85336
58668 4253 4453 5 71344 71341 83582 83560 83414
58669 4253 4428 6 71341 71343 83438 83050 80965 80964
58670 4357 4453 5 71342 71344 83413 85305 85304
58671 4186 4044 6 71346 71347 80059 80058 81029 81028
58672 6477 5989 4 71348 71349 84700 84698
58673 6477 6243 4 71349 71350 88253 88254
58674 5592 5989 6 71351 71348 94343 92497 92499 100637
58675 5592 6477 5 71348 71350 101028 93974 93975
58676 6243 5989 5 71349 71351 92704 92703 100786
58677 4056 4409 5 71354 71355 71397 82706 79778
58678 4134 4463 5 71357 71358 81831 82696 82694
58679 4360 4134 10 71356 71358 79766 79768 82797 82793 82711 82710 82838 71630
58680 4545 4366 6 71359 71360 71430 71429 71459 82842
58681 4409 4545 5 71359 71361 71426 82878 82843
58682 4361 4251 6 71365 71364 81129 81117 81118 81425
58683 4911 4722 3 71369 71370 85228
58684 5051 4722 5 71370 71371 83429 83257 83256
58685 5051 4737 4 71371 71368 83375 83428
58686 4462 4402 7 71373 71374 73377 73375 72661 72662 71701
58687 4314 4462 5 71372 71374 80607 80606 81282
58688 4790 4536 7 71376 71375 71635 71434 71436 71451 82890
58689 4602 4746 5 71377 71378 71694 71432 71431
58690 3902 4200 4 71380 71381 79770 79607
58691 3975 4200 5 71381 71382 71948 71950 81093
58692 3975 4179 6 71382 71379 81241 81475 81573 81567
58693 3975 3902 8 71379 71381 81092 81504 81505 81546 81621 81240
58694 4200 4179 6 71380 71382 81532 81531 81570 79608
58695 4233 4350 7 71384 71385 80697 80343 75384 75385 80699
58696 4280 4133 5 71386 71383 79959 79960 80629
58697 4280 4233 6 71383 71385 80696 80694 80695 80704
58698 4350 4133 3 71384 71386 80651
58699 4513 4287 5 71388 71389 80796 74278 74277
58700 4840 4756 5 71394 71395 80758 80759 80831
58701 3479 3343 4 71400 71401 80960 82333
58702 3395 3479 10 71399 71401 80959 82362 82374 82330 82329 82208 82207 82335
58703 4329 4352 4 71402 71403 71412 71413
58704 4513 4352 5 71404 71402 74277 74276 80981
58705 4419 4352 5 71403 71404 80980 81044 80662
58706 4419 4565 7 71405 71406 80827 80829 81059 81037 80816
58707 4537 4565 6 71406 71407 74819 74817 73359 73357
58708 4565 4513 4 71405 71407 81024 80817
58709 4161 4285 4 71408 71409 82762 83040
58710 4161 4279 6 71409 71410 83503 83500 83254 82761
58711 4115 4279 4 71410 71411 82898 82899
58712 4115 4285 5 71411 71408 83041 81207 81206
58713 4202 4287 4 71414 71415 80923 74167
58714 4202 4352 5 71415 71412 80662 81045 80922
58715 4202 4329 7 71412 71414 71421 71423 80687 81108 80661
58716 4166 4202 8 71421 71422 71598 81167 81183 81170 81162 74167
58717 4260 4202 3 71422 71423 71600
58718 4536 4709 5 71435 71436 71452 82854 82748
58719 4709 4612 5 71435 71437 71665 71667 81310
58720 6631 6558 4 71438 71439 101419 101387
58721 6501 5943 4 71440 71441 100455 100456
58722 6501 6558 6 71441 71438 85440 85441 74439 74436
58723 5943 6558 6 71439 71441 100461 100933 100924 100925
58724 4057 4448 4 71442 71444 82695 71620
58725 4386 4173 6 71445 71446 74549 74547 80737 73104
58726 3096 3250 4 71449 71447 82182 82181
58727 3096 3117 4 71447 71448 82165 82184
58728 4929 4536 3 71451 71452 82853
58729 3849 4028 5 71455 71453 83243 83242 84036
58730 4293 4545 4 71457 71458 71459 82723
58731 3981 3583 3 71461 71462 -1
58732 4598 4708 4 71466 71467 80648 71545
58733 4598 4614 7 71467 71465 73169 81095 81063 81064 80647
58734 4598 4684 4 71465 71466 71544 73168
58735 5012 4788 5 71471 71469 71506 71505 71507
58736 4756 4788 3 71470 71471 71487
58737 4079 4259 5 71473 71472 80750 81772 82844
58738 4896 4788 3 71479 71477 71500
58739 4896 4704 5 71477 71478 71480 71516 71526
58740 4902 4590 6 71481 71482 71825 72105 72012 72010
58741 4590 4802 5 71481 71483 81450 80616 72680
58742 4408 4279 4 71489 71490 82680 82761
58743 4386 4614 4 71491 71492 80991 80561
58744 4563 4671 6 71494 71495 73529 73527 81074 73634
58745 4671 4609 4 71494 71496 74507 73635
58746 4784 4471 3 71502 71503 81040
58747 4784 4510 7 71503 71501 80035 85051 81073 81072 81039
58748 4784 4455 4 71501 71502 81057 80034
58749 4727 4909 5 71508 71509 71864 71858 71859
58750 3815 3960 4 71511 71512 80624 80625
58751 4704 4576 6 71514 71515 71516 71525 71523 71524
58752 4413 4602 4 71521 71522 81458 73095
58753 4413 4391 4 71522 71519 81480 81481
58754 4413 4322 6 71519 71521 73093 81686 81503 81488
58755 4602 4391 5 71520 71522 71784 71783 80341
58756 4704 4837 3 71525 71526 71527
58757 5684 5765 4 71528 71529 92269 74969
58758 5811 5684 4 71528 71530 84878 74968
58759 5613 5765 5 71529 71531 88074 88073 92123
58760 4373 4377 8 71534 71535 80712 80711 80788 80835 83614 80834
58761 4302 4386 3 71536 71537 74162
58762 5569 5613 5 71540 71541 92465 92464 88074
58763 5569 5388 4 71541 71539 74348 92272
58764 4833 5007 5 71542 71543 74136 72854 72853
58765 4166 4196 5 71546 71547 81161 81162 81169
58766 3986 4166 9 71546 71548 80933 80934 81164 80958 80957 81180 81171
58767 4717 4727 7 71550 71551 71753 71741 71739 71766 71859
58768 4689 4889 5 71554 71552 71967 71965 71963
58769 4920 4695 6 71557 71555 71675 71683 71649 71565
58770 4166 4130 3 71558 71559 80933
58771 3960 4149 3 71560 71561 81229
58772 4747 4920 3 71565 71566 71651
58773 4560 4928 4 71567 71568 71711 71714
58774 4560 5165 4 71712 71568 71569 -1
58775 4709 4560 8 82851 82848 82748 81310 71713 71567 71569 -1
58776 4259 4464 7 71574 71575 82660 82724 82722 82895 82785
58777 4464 4364 4 71574 71576 82812 82786
58778 5576 5526 7 71577 71578 88451 85684 85685 72114 72102
58779 5782 5294 4 71581 71582 91153 91441
58780 5440 5294 8 71582 71583 73654 73655 77390 95967 91114 91116
58781 5440 5782 5 71580 71582 91152 88908 88907
58782 5294 5508 5 71581 71583 73744 73746 73752
58783 4356 4500 5 71585 71586 81317 73191 73192
58784 4356 4349 5 71586 71584 80491 80493 81316
58785 4356 4462 4 71584 71585 81247 80763
58786 4873 5068 4 71587 71588 72068 72096
58787 5085 5144 5 71589 71590 71814 71813 72196
58788 5085 5047 4 71590 71591 71687 71686
58789 4328 4132 7 71594 71595 73147 81338 78331 78332 81542
58790 4532 4132 3 71595 71596 73149
58791 4532 4316 7 71596 71593 79624 79623 77935 77934 79097
58792 4532 4328 8 71593 71595 73148 81214 81216 81482 71847 71846
58793 4166 4256 4 71598 71599 81166 81168
58794 4260 4256 5 71599 71600 78535 78538 80630
58795 4256 4202 5 71598 71600 80687 80915 80914
58796 4067 4134 7 71603 71604 82740 82827 82790 82788 82838
58797 4067 3737 6 71604 71605 82780 82823 82834 82741
58798 3981 4134 4 71606 71603 82710 82709
58799 3981 4067 6 71603 71605 82739 82738 82824 82837
58800 3737 4134 4 71604 71606 82791 82742
58801 4322 4448 6 71607 71608 73094 73093 81687 81466
58802 4269 4098 3 71610 71611 74165
58803 4302 4098 11 71611 71612 81081 81080 81137 81178 81088 81087 81285 81249 81248
58804 4302 4188 6 71612 71609 81150 81221 81220 81228
58805 4302 4269 6 71609 71611 73450 72858 72860 74815
58806 4328 4248 6 71615 71616 81448 81565 78363 78362
58807 4436 4248 4 71618 71615 81579 81569
58808 4436 4328 5 71615 71617 81216 81215 81578
58809 4548 4248 4 71616 71618 81568 81449
58810 4463 4057 3 71620 71621 82696
58811 4223 3968 4 71624 71623 82534 79807
58812 5516 5069 3 71625 71626 73602
58813 4549 4865 3 71628 71627 82193
58814 4466 4484 6 71631 71632 81439 79250 73452 73453
58815 4466 4500 4 71632 71633 81424 81559
58816 4536 4546 3 71639 71641 81494
58817 4508 4343 3 71642 71643 82653
58818 3925 3930 10 71647 71648 82027 82028 80844 80843 80767 80102 75618 75617
58819 4695 5010 4 71649 71650 71681 71684
58820 4802 4942 3 71654 71655 73143
58821 4508 4364 7 71657 71658 81495 82654 82653 82768 82806
58822 3928 4268 3 71663 71664 78226
58823 3928 4053 10 71664 71662 79551 78641 78638 81259 81236 81235 81253 78224
58824 4747 4709 4 71665 71666 71668 71669
58825 5010 4627 3 71682 71681 71697
58826 4695 4916 5 71683 71684 71696 71692 71693
58827 4873 4902 5 71689 71690 71825 72097 72068
58828 4727 4746 3 71694 71695 71758
58829 4462 4503 4 71700 71701 81242 80763
58830 4402 4503 8 71701 71702 79121 79122 80722 80775 78199 78197
58831 4503 4349 4 71700 71702 80492 80491
58832 3960 4059 5 71703 71704 71742 71744 81861
58833 4268 4149 6 71707 71708 73213 73458 73456 79612
58834 4700 4968 3 71709 71710 71990
58835 4936 4913 8 71715 71716 72458 71890 71889 72025 72621 71921
58836 3986 4130 6 71717 71719 71743 71734 71733 80933
58837 4398 4789 6 71722 71723 72360 81341 73123 73122
58838 4398 4826 3 71723 71724 71938
58839 4473 4398 6 71722 71724 71939 79271 81339 79772
58840 4032 4077 7 71725 71726 72688 78352 78350 81538 81620
58841 4032 3959 8 71726 71727 73118 81592 81604 81191 81189 72689
58842 4103 4032 6 71725 71727 73119 71762 71761 81619
58843 3959 4077 3 71726 71728 72690
58844 3918 4044 5 71730 71731 81724 83186 81239
58845 3930 3918 4 71729 71731 81608 81610
58846 3960 4130 3 71732 71734 71742
58847 3986 4098 3 71733 71735 80934
58848 4717 4602 5 71740 71741 71774 81458 71784
58849 4059 3986 4 71743 71744 81877 81633
58850 4717 4391 5 71746 71745 71784 81481 81467
58851 5157 5296 6 71748 71749 72452 72451 73937 73948
58852 5132 5150 5 71750 71747 72383 72382 72532
58853 5132 5157 4 71747 71749 73901 73900
58854 5296 5150 3 71748 71750 73700
58855 4727 4448 3 71751 71752 71753
58856 4448 4717 4 71754 71753 71774 81443
58857 5196 5209 5 71756 71757 72095 72070 72069
58858 4032 4398 6 71760 71761 81618 81538 79031 79032
58859 4319 4103 3 71762 71763 71952
58860 4319 4032 9 71760 71762 81593 81592 81598 81564 81563 81551 81552
58861 4115 4199 7 71764 71765 82898 81206 79665 79666 83192
58862 4448 4567 4 71767 71768 71775 71770
58863 4701 4448 4 71767 71769 71812 71771
58864 5254 5085 5 71772 71773 72196 72137 72135
58865 4653 4888 4 71776 71777 72134 72120
58866 4677 4525 3 71778 71779 71937
58867 4586 4789 4 71780 71781 72001 72513
58868 4789 4525 5 71779 71781 72000 71936 71933
58869 4558 4135 5 71786 71787 78404 78220 78223
58870 4580 4558 5 71785 71787 78403 73026 73028
58871 4135 4579 4 71786 71788 78213 78212
58872 4793 4492 4 71790 71791 73121 71811
58873 5105 4888 7 71792 71793 71850 71851 72155 72156 71855
58874 5105 4813 3 71793 71794 72151
58875 4920 4888 3 71795 71792 71857
58876 5105 5050 6 71797 71798 71851 71852 71828 71826
58877 5105 4969 3 71798 71799 72155
58878 5068 5050 4 71800 71797 72247 72248
58879 4969 5050 5 71798 71800 72285 72104 72103
58880 4368 4416 4 71803 71804 73053 81442
58881 4368 4349 6 71804 71801 81662 81403 81246 73051
58882 4368 4380 6 71801 71803 81479 81499 81501 81666
58883 4416 4349 5 71802 71804 73052 79082 79735
58884 4484 4391 5 71808 71809 81308 81309 81305
58885 4500 4391 4 71809 71810 73217 73214
58886 5209 4974 4 71816 71817 72116 71914
58887 5010 5105 3 71818 71815 72066
58888 4974 5105 7 71816 71818 72065 72151 71850 71852 71915
58889 3928 4070 4 71820 71821 80618 80603
58890 3819 4070 6 71821 71822 78253 79716 79710 79711
58891 5220 5050 5 71827 71828 71959 71885 71836
58892 4692 4866 7 71829 71831 73161 73309 73310 73311 72666
58893 5327 5430 8 71832 71833 72194 72195 72380 73913 71957 71943
58894 5394 5327 6 71832 71834 72508 72510 72515 71942
58895 6641 6683 6 71840 71841 90897 91036 91023 91024
58896 6641 6395 5 71839 71840 77569 77568 77873
58897 4398 4484 5 71842 71843 73123 73454 73452
58898 4484 4319 6 71842 71844 71941 81309 81307 79250
58899 4328 4630 5 71845 71846 81543 81541 81540
58900 5492 5417 6 71848 71849 87339 72222 72176 72175
58901 5220 5209 3 71854 71853 71914
58902 4873 4888 6 71857 71855 72096 72097 71866 71865
58903 5087 5280 4 71860 71861 73278 73312
58904 5361 5280 6 71863 71860 72182 72179 72180 72290
58905 5361 5087 4 71860 71862 72577 72579
58906 5158 5280 11 71861 71863 72291 72356 72358 72409 72390 72199 72201 73531 73279
58907 4888 4590 5 71866 71867 72089 72120 72105
58908 5007 5156 7 71868 71869 74056 74680 74681 74048 73630
58909 4921 5156 3 71870 71868 73389
58910 5132 5156 6 71869 71870 73210 73211 73178 73176
58911 5276 5209 8 71872 71873 72140 72177 72241 72148 72149 72069
58912 4843 5070 3 71875 71876 73253
58913 4942 4936 3 71888 71889 72024
58914 4936 5019 5 71888 71890 73110 73117 72426
58915 4989 5191 4 71891 71892 71916 71971
58916 5267 5160 3 71895 71894 71983
58917 5010 4988 3 71896 71897 71985
58918 4888 5068 4 71906 71907 72156 72096
58919 6138 6177 3 71909 71910 88263
58920 6121 6289 4 71911 71912 88440 88510
58921 6121 6138 5 71909 71911 88686 88145 88144
58922 4989 4893 6 71916 71917 73386 72075 72074 72058
58923 4645 4609 5 71924 71922 72165 74507 74506
58924 4989 4889 9 71925 71926 72052 72056 72073 72075 73387 73993 71992
58925 6037 6002 3 71928 71929 89094
58926 4355 4268 3 71930 71931 81524
58927 4076 4268 10 71931 71932 81461 78226 78225 79584 73455 73456 81493 81526
58928 4484 4548 4 71934 71935 73454 73453
58929 4789 4484 5 71933 71935 73123 73105 73106
58930 4398 4456 8 71938 71939 79270 75215 75213 81373 81415 72360
58931 5327 5489 4 71942 71943 71956 72225
58932 6016 5953 5 71945 71946 88974 88975 89087
58933 6073 5953 5 71946 71947 89081 89121 89049
58934 5953 5890 5 71945 71947 89080 89148 89093
58935 4200 4076 3 71949 71950 81348
58936 3975 4242 5 71951 71948 81567 81536 73015
58937 5327 5179 5 71953 71954 72257 72379 72195
58938 5255 5327 3 71953 71955 72194
58939 5498 5489 6 71956 71958 89132 89168 72146 72145
58940 5492 5365 6 71961 71962 72176 72158 72159 72239
58941 5321 5492 5 71960 71962 72175 72284 72169
58942 5270 5305 5 71969 71970 72061 72338 72063
58943 5191 5068 5 71971 71972 72271 72084 72059
58944 4413 4695 4 71974 71975 81468 72525
58945 4413 4448 10 71975 71976 81112 80041 80042 81685 73093 73095 81443 81444
58946 4375 4413 5 71974 71976 81469 81471 72526
58947 5103 5076 6 71982 71979 74224 74223 74443 74442
58948 5103 5265 4 71979 71981 74321 74274
58949 5474 5076 3 71980 71982 85077
58950 5286 5434 4 71987 71988 72150 72139
58951 4700 4921 4 71989 71990 73246 73366
58952 4989 4653 3 71991 71992 74103
58953 5043 4860 5 71993 71994 72847 73467 73494
58954 5350 5340 7 71995 71996 72406 72405 72226 72227 72392
58955 5350 5068 4 71996 71997 72223 72407
58956 5290 5340 8 71998 71995 72394 72376 72375 72521 72311 72310
58957 5068 5340 5 71996 71998 72378 72387 72404
58958 4588 4402 4 72003 72004 72660 72661
58959 4671 4402 7 72004 72005 72528 81074 80776 78199 78196
58960 4671 4544 3 72005 72002 72527
58961 4248 4466 6 72006 72007 81449 81448 73146 73145
58962 4248 4398 6 72007 72008 79032 79033 81569 81568
58963 4319 4466 5 72009 72006 81209 81440 79250
58964 4319 4248 5 72006 72008 81552 81553 81208
58965 4398 4466 4 72007 72009 73452 73451
58966 4843 4590 4 72010 72011 80615 72680
58967 5952 5917 4 72013 72014 91241 91240
58968 5894 5952 4 72013 72015 91221 91224
58969 5444 5547 3 72016 72017 90873
58970 5789 5962 4 72019 72020 88997 72460
58971 5891 5962 6 72022 72019 72462 88774 88771 88770
58972 5891 5789 4 72019 72021 89033 72461
58973 5788 5962 4 72020 72022 86100 86102
58974 4799 4913 4 72025 72023 72669 81510
58975 5724 5865 8 72026 72028 88528 88520 87491 87490 88542 88533
58976 5733 5637 9 72033 72034 77747 77746 96628 91249 90416 72732 72730
58977 5894 5637 5 72036 72033 91129 89021 89020
58978 5894 5733 7 72033 72035 91215 77703 73261 73262 91128
58979 5424 5637 6 72034 72036 91380 72756 72750 72749
58980 5892 5643 6 72037 72038 88875 88720 88718 88565
58981 5892 5597 6 72038 72039 88498 88497 88860 88876
58982 5576 5892 5 72037 72039 88374 88373 88514
58983 5031 5101 4 72040 72041 74948 73714
58984 5031 5164 6 72041 72042 74020 72346 72345 74949
58985 4732 5164 3 72042 72043 74158
58986 4732 5101 6 72043 72040 73715 73691 73692 74157
58987 5164 5101 6 72041 72043 74023 74022 74095 74093
58988 5460 5374 5 72044 72045 72295 87380 88388
58989 5370 5460 3 72044 72046 88149
58990 6578 6632 7 72049 72047 88128 92036 89543 89302 87812
58991 6578 6517 4 72047 72048 88610 88127
58992 5068 4889 3 72052 72053 72055
58993 4969 4989 3 72054 72056 72072
58994 4893 5068 3 72058 72059 72083
58995 5270 5284 6 72061 72062 72163 72303 72297 72299
58996 5455 5270 3 72063 72064 72130
58997 4925 4989 4 72072 72073 72074 72088
58998 4925 5224 4 72076 72077 72302 72079
58999 4925 5191 4 72078 72079 72270 72084
59000 6248 6131 5 72080 72081 87218 87242 87241
59001 6240 6131 3 72081 72082 87219
59002 6737 7044 5 72091 72092 87690 86065 86063
59003 7163 7044 6 72092 72093 86798 86454 86455 87708
59004 7163 6957 4 72093 72090 87780 87779
59005 7163 6737 4 72090 72092 87727 87784
59006 7044 6957 5 72091 72093 87781 89676 86217
59007 4968 5150 5 72098 72099 72381 72383 73951
59008 5576 5377 4 72101 72102 72113 72341
59009 5220 5360 4 72106 72107 72108 72121
59010 5220 5597 4 72108 72109 72110 72122
59011 5576 5560 6 72111 72112 72189 87327 88375 88374
59012 5470 5377 4 72113 72115 72274 72339
59013 5276 5085 3 72117 72118 72149
59014 5220 5497 6 72121 72122 72124 72128 72126 72125
59015 5220 5377 3 72127 72128 72129
59016 6327 6298 5 72133 72131 72603 72605 89313
59017 6538 6298 5 72132 72133 89314 89278 89276
59018 5254 5246 5 72136 72137 72197 72216 72242
59019 5246 5209 3 72136 72138 72148
59020 6314 6299 7 72142 72143 91063 91299 91298 91075 91060
59021 6438 6334 7 72144 72141 88356 89269 91303 90885 90876
59022 6438 6314 8 72141 72143 89340 89339 91368 91311 91087 88355
59023 6299 6334 3 72142 72144 90877
59024 5489 5554 4 72146 72147 72401 89167
59025 5371 5489 5 72145 72147 72400 72425 72225
59026 5492 5588 4 72157 72158 72222 87276
59027 5560 5492 5 72157 72159 72281 72283 87277
59028 5284 5269 5 72161 72162 72301 72300 72188
59029 5224 5284 4 72160 72162 72302 72273
59030 4438 4645 5 72164 72165 75619 73179 73182
59031 5417 5588 4 72166 72167 87340 72222
59032 5145 4942 6 72172 72171 72933 73126 72543 72529
59033 5554 5492 5 72173 72174 87332 72283 72282
59034 5361 5416 3 72180 72178 72296
59035 5361 5296 8 72181 72182 72579 72578 73858 73857 92378 73228
59036 8429 8833 3 72184 72185 100094
59037 8429 8522 8 72185 72186 99435 93417 93418 102572 100092 100091
59038 8600 8522 3 72186 72187 93354
59039 8522 8833 4 72185 72187 93353 99966
59040 5560 5554 4 72190 72189 87328 72283
59041 6060 6083 5 72191 72192 72569 72570 91066
59042 6170 6083 6 72192 72193 91078 91142 77852 77851
59043 5144 5254 6 72196 72197 72217 72516 72343 72215
59044 5280 5070 4 72200 72201 73532 72490
59045 5158 5349 3 72202 72199 72391
59046 5070 5349 5 72200 72202 72402 72506 72492
59047 5087 5094 7 72204 72205 73347 73348 72742 72743 72453
59048 5087 5126 4 72205 72203 72595 72594
59049 5087 5157 5 72203 72204 72451 73278 73230
59050 5490 5296 4 72207 72208 88139 73857
59051 5583 5156 3 72209 72206 73091
59052 5583 5490 7 72206 72208 88138 92274 74956 74955 74064
59053 5296 5156 6 72207 72209 73090 73178 73988 73858
59054 5280 5284 3 72211 72212 72358
59055 5280 5350 4 72210 72211 72409 72405
59056 6012 5801 3 72213 72214 73874
59057 5068 5305 4 72220 72218 72246 72247
59058 5416 5340 4 72228 72226 72396 72395
59059 5009 5091 4 72231 72229 74332 74473
59060 5009 4977 8 72229 72230 83876 74412 74413 75532 74721 74331
59061 6123 6037 6 72232 72234 90910 91294 87266 87267
59062 5965 6105 6 72233 72235 88660 88659 88992 88681
59063 5158 5107 3 72236 72237 73997
59064 5492 5455 4 72238 72239 72281 72282
59065 5455 5517 5 72238 72240 72340 72280 72279
59066 5254 5276 3 72241 72242 72243
59067 6182 6067 3 72253 72254 88784
59068 5144 5089 3 72256 72258 72574
59069 6238 6315 4 72259 72260 88333 91615
59070 6238 6045 8 72260 72261 73793 73249 73250 85255 85254 88334
59071 6189 6045 5 72261 72262 73842 73841 90905
59072 6189 6315 4 72262 72259 91617 91998
59073 5304 5515 5 72263 72264 72374 72530 72428
59074 5371 5350 4 72267 72268 72392 72393
59075 5470 5371 4 72267 72269 72368 72399
59076 4807 5458 6 72275 72276 73738 77640 77733 77926
59077 5535 5458 11 72278 72275 77814 77806 77808 88901 94916 94888 77371 72708 72707
59078 5535 4807 4 72275 72277 77927 77925
59079 4750 5458 3 72276 72278 73740
59080 5617 5437 4 72286 72287 92482 73496
59081 5617 5388 4 72287 72288 88406 88567
59082 5361 5388 4 72288 72289 73607 74027
59083 5361 5617 9 72286 72288 88407 91328 91327 88824 88825 92378 73495
59084 5388 5437 7 72287 72289 73606 74015 74347 74348 92270
59085 5280 5374 3 72290 72291 72321
59086 5416 5374 7 72292 72293 87381 72295 72296 72321 72359
59087 5533 5374 3 72293 72294 88879
59088 5284 5267 4 72297 72298 72300 72304
59089 5828 5778 6 72306 72307 72466 72469 91350 91468
59090 5828 5671 4 72307 72308 90809 90807
59091 5734 5671 6 72308 72309 86153 86151 73132 73131
59092 5734 5778 5 72309 72306 89009 89008 89010
59093 5734 5828 4 72306 72308 88702 88701
59094 4962 5290 4 72312 72310 72329 72330
59095 5144 5290 5 72311 72312 72344 72343 72519
59096 5290 4909 4 72313 72314 72330 72344
59097 5107 5156 7 72315 72316 73988 73211 73209 74029 73335
59098 5107 5361 6 72316 72317 73989 73997 72577 72578
59099 5359 5107 5 72315 72317 73990 73395 73336
59100 5290 5517 3 72319 72320 72365
59101 6019 5820 4 72324 72322 90729 91074
59102 4866 4908 5 72325 72326 73306 73310 73304
59103 4968 4878 4 72327 72328 73344 72687
59104 4878 4908 4 72326 72328 73342 73308
59105 5305 5576 3 72334 72335 72341
59106 5305 5377 5 72337 72338 72342 72341 72339
59107 5164 5007 4 72346 72347 74681 74021
59108 5164 5134 6 72347 72345 74796 74784 74785 74679
59109 5919 5790 5 72349 72350 87283 89165 89166
59110 5790 6043 3 72348 72350 87275
59111 5349 5340 7 72351 72352 72397 72395 72389 72391 72402
59112 5416 5158 3 72356 72357 72359
59113 4456 4789 5 72360 72361 73156 73155 73154
59114 4799 5019 3 72364 72362 72426
59115 5371 5290 6 72365 72366 72399 72393 72394 72416
59116 5517 5371 5 72365 72367 72400 72414 72413
59117 6716 6569 6 72370 72371 90793 90819 91399 90730
59118 6716 6584 4 72371 72372 90839 90794
59119 6672 6584 3 72372 72373 90816
59120 6672 6569 6 72373 72370 90732 89303 89304 90815
59121 6672 6716 7 72370 72372 90840 90835 90832 90831 90731
59122 6584 6569 6 72371 72373 90813 90812 90804 90795
59123 5340 5321 5 72376 72377 72509 72419 72418
59124 5254 5340 3 72375 72377 72518
59125 4968 5132 6 72383 72384 72444 73556 73859 73900
59126 4968 5095 6 72384 72381 72710 73344 73343 72443
59127 5132 5095 4 72382 72384 72442 72533
59128 5070 5340 5 72387 72388 72505 72402 72403
59129 5340 5280 4 72389 72390 72405 72396
59130 5340 5158 5 72390 72391 72403 72404 72406
59131 5350 5158 4 72406 72407 72408 72409
59132 4789 4715 5 72410 72411 73134 73150 73136
59133 5371 5394 5 72414 72415 72417 72515 72425
59134 5321 5371 4 72413 72415 72418 72416
59135 5394 5340 3 72419 72417 72510
59136 5128 5102 7 72423 72424 73682 73812 73656 73648 73649
59137 5625 5306 4 72430 72431 87639 88050
59138 5625 5416 7 72431 72432 88697 88698 88915 88916 87640
59139 5416 5306 5 72431 72433 73256 73258 73987
59140 6062 6189 5 72434 72435 90475 89370 89373
59141 6062 6174 5 72435 72436 91301 73863 73861
59142 6171 6174 8 72436 72437 91425 92052 90133 90132 91267 91269
59143 6171 6189 3 72437 72434 91424
59144 6171 6062 6 72434 72436 91316 88669 88671 91470
59145 5702 5622 4 72439 72440 88243 88242
59146 5370 5702 7 72438 72440 88387 88149 88150 91326 92493
59147 5622 5739 5 72439 72441 88289 88290 88468
59148 4786 4942 5 72449 72450 72541 81429 72668
59149 5296 5087 5 72453 72451 73312 72579 72576
59150 5179 4913 4 72458 72459 73107 73108
59151 5659 5317 5 72463 72464 72614 72617 88404
59152 5659 5547 8 72464 72465 89138 88858 72502 72503 91251 91131
59153 5795 5828 6 72466 72467 88596 89022 90806 90807
59154 5795 6013 5 72467 72468 91502 73964 73962
59155 5778 6013 4 72468 72469 88831 88830
59156 5778 5795 7 72466 72468 91499 91501 91519 91510 91498
59157 6013 5828 5 72467 72469 88573 77841 77840
59158 5601 5671 6 72470 72471 86151 86152 88620 88843
59159 5601 5510 4 72471 72472 73939 73940
59160 5460 5510 7 72472 72473 73280 73227 73226 90682 88100
59161 5460 5671 3 72473 72470 88844
59162 5460 5601 5 72470 72472 88099 87380 87379
59163 5510 5671 10 72471 72473 88884 88051 88052 88886 91504 92425 73130 73132
59164 6029 6102 5 72474 72475 88360 88611 87362
59165 6135 6029 7 72474 72476 88917 88804 88803 88134 87361
59166 6599 6505 7 72477 72478 88241 87657 87658 88560 87018
59167 4402 4438 4 72480 72481 80776 80775
59168 4563 4402 4 72479 72481 81074 81302
59169 5606 5312 4 72486 72487 77558 72667
59170 5070 5230 6 72490 72492 72711 73931 73535 73533
59171 6615 6519 4 72495 72496 89125 90140
59172 6615 6517 5 72496 72497 90783 90510 89126
59173 6632 6519 5 72498 72495 90142 92029 92030
59174 6632 6615 8 72495 72497 90784 92036 92001 92000 90734 90141
59175 5659 5667 3 72501 72502 88857
59176 5833 5667 8 72504 72501 91253 89088 89086 88989 88817 88816
59177 5833 5659 5 72501 72503 73582 73584 91252
59178 5547 5667 8 72502 72504 88694 88405 87408 87407 88475 88859
59179 5327 5321 4 72507 72508 72509 72517
59180 5145 4826 4 72511 72512 72543 73127
59181 4942 4789 8 72513 72514 72573 72983 73126 72542 72541 81470
59182 5327 5254 4 72516 72517 72518 72520
59183 5327 5290 3 72519 72520 72521
59184 6016 6285 3 72523 72524 90781
59185 5132 5306 4 72532 72533 73943 73701
59186 5421 5174 3 72534 72535 77338
59187 5422 5421 5 72534 72536 72767 72747 72744
59188 4647 4830 5 72539 72540 77754 77945 73551
59189 4647 4818 5 72537 72539 73550 75183 73459
59190 4830 4662 5 72538 72540 77753 77953 77922
59191 5102 5199 3 72544 72545 73206
59192 5149 5199 7 72545 72546 72726 72727 73751 91104 73332
59193 5680 5628 7 72550 72551 91094 91064 89018 89019 91318
59194 5659 5820 7 72552 72549 91251 73582 73581 89111 89110
59195 5659 5680 5 72549 72551 72615 72614 91131
59196 5628 5820 4 72550 72552 91397 91319
59197 5606 5379 5 72554 72555 77865 77864 91258
59198 5762 5379 6 72555 72556 77484 91250 91260 91257
59199 5762 5628 7 72556 72553 91127 91319 91318 91266 77483
59200 5762 5606 4 72553 72555 91202 91126
59201 4696 4856 8 72557 72558 75643 75164 75165 75061 75060 75098
59202 4696 5181 4 72558 72559 73419 75624
59203 4906 4696 4 72557 72559 73418 75148
59204 2021 1613 3 72563 72564 119879
59205 5312 5104 8 72565 72566 77558 72638 72636 72918 72919 72672
59206 5922 6083 6 72568 72569 77851 72625 72623 77702
59207 6060 5894 6 72570 72567 73917 91209 88931 88932
59208 6060 5922 3 72567 72569 73916
59209 6083 5894 4 72568 72570 91151 77703
59210 4942 4878 4 72573 72571 73032 72982
59211 6617 6726 4 72580 72581 92247 91992
59212 6617 6307 6 72581 72582 92402 92331 91827 91829
59213 6847 6726 4 72583 72580 91993 92227
59214 5249 5320 4 72587 72586 73277 73640
59215 4688 4700 6 72589 72590 72965 73073 72952 72953
59216 4796 4688 4 72588 72590 72964 72801
59217 7148 7419 6 72592 72593 92993 90007 90008 93031
59218 7277 7148 4 72591 72593 92931 92930
59219 5126 5158 4 72595 72596 73531 73229
59220 5070 5087 6 72597 72594 73347 73313 73204 73203
59221 5444 5980 3 72600 72601 90134
59222 6298 6227 6 72603 72604 89274 85643 85642 89280
59223 6298 6517 8 72604 72605 89315 89278 88733 88732 89310 89275
59224 6517 6227 4 72604 72606 88610 88641
59225 5933 5823 4 72608 72609 73972 73282
59226 5955 5823 6 72609 72610 88499 88445 88447 88492
59227 5955 5933 5 72607 72609 88944 88952 88946
59228 5823 6166 5 72608 72610 88521 88796 73283
59229 6102 6398 7 72612 72613 88508 88371 88370 88764 88783
59230 5680 5312 8 72615 72616 91297 91295 91358 91359 91329 91094
59231 5317 5312 7 72616 72617 72627 72630 72636 73295 73856
59232 5317 5680 5 72614 72616 91324 89044 89043
59233 5312 5659 3 72615 72617 91095
59234 5312 5424 3 72620 72618 91359
59235 4677 4936 4 72621 72622 81472 81514
59236 5922 6193 3 72624 72625 77850
59237 6193 5917 4 72624 72626 72722 90909
59238 5628 5317 3 72627 72628 88404
59239 5312 5304 4 72629 72630 72638 72667
59240 4676 4692 3 72631 72632 72682
59241 4548 4456 4 72634 72635 73154 81415
59242 5317 5104 5 72636 72637 73198 72873 72872
59243 5379 5807 3 72641 72639 91250
59244 5730 5606 6 72644 72645 73918 89069 72779 72780
59245 5537 5730 3 72644 72646 91204
59246 6143 6729 4 72649 72650 95936 77608
59247 6685 6143 4 72648 72650 77440 77441
59248 4959 5038 5 72651 72652 73695 73629 73512
59249 4755 4959 8 72651 72653 72768 72735 72733 77654 77942 73511
59250 5293 5606 3 72657 72658 91258
59251 4462 4623 6 72662 72659 81456 81394 81247 81242
59252 4462 4588 6 72659 72661 78255 78256 81417 81455
59253 4402 4623 4 72660 72662 78197 78196
59254 4824 4755 3 72663 72664 73207
59255 4786 4913 3 72669 72668 81430
59256 3854 3773 4 72675 72673 78051 78356
59257 3854 4014 4 72673 72674 78369 78050
59258 6510 7730 7 72676 72677 77683 96305 91587 91588 77321
59259 6510 8960 6 72677 72678 76994 76671 76672 77102
59260 8278 7730 3 72679 72676 77323
59261 4699 4630 4 72681 72683 80581 81431
59262 5400 5223 7 72684 72686 76605 76607 77304 77512 77392
59263 3959 3862 7 72689 72690 73025 78966 78968 79595 79762
59264 6083 6134 6 72691 72692 91716 91717 91527 91526
59265 6085 5077 5 72697 72698 72826 72824 96433
59266 6039 5077 9 72698 72699 76832 76833 96334 91576 77225 77224 77227
59267 5077 5187 5 72697 72699 77148 77149 77400
59268 4875 4860 6 72700 72701 77478 73523 73521 73663
59269 4875 4844 3 72701 72702 77477
59270 4682 4844 6 72702 72703 73058 73414 73502 77895
59271 4682 4860 4 72703 72700 72759 72760
59272 4682 4875 7 72700 72702 77395 77397 74463 74464 73662
59273 3674 3735 6 72704 72705 77106 76956 76954 77010
59274 3100 3735 8 72705 72706 77016 77017 121837 121965 96326 96325
59275 3735 3621 3 72704 72706 77012
59276 5181 5535 3 72708 72709 74612
59277 5959 6191 8 72713 72714 76558 95889 96028 96029 95923 76933
59278 6191 7439 9 72712 72714 76557 94711 94713 95628 95482 95484 76847
59279 5170 5638 5 72716 72717 77475 73737 73735
59280 5174 5170 6 72715 72717 77474 72738 72740 76582
59281 4723 4191 5 72719 72720 78053 77870 77646
59282 4690 4191 5 72721 72719 77647 76462 76461
59283 4141 4191 5 72720 72721 76587 77082 78054
59284 4100 4197 4 72723 72724 77666 77586
59285 5149 5294 4 72727 72728 73509 73746
59286 5762 5733 3 72729 72730 91128
59287 5762 5637 5 72730 72731 77484 77483 91129
59288 5807 5762 7 72729 72731 91250 91259 91225 91222 91223
59289 4755 4886 5 72734 72735 72770 73552 78250
59290 4755 4597 7 72733 72734 78190 78191 78289 77689 77653
59291 4741 4626 4 72736 72737 76750 72808
59292 4863 5094 5 72741 72742 74111 74153 74034
59293 5436 5421 10 72744 72745 77565 96611 90830 77516 77517 77537 77538 77338
59294 5422 5436 6 72744 72746 72752 77375 77413 77339
59295 5637 5701 4 72748 72749 77747 77691
59296 5294 5701 4 72751 72748 77693 91114
59297 11920 11922 10 72754 72755 77248 77246 76987 76988 77208 77196 77197 96532
59298 11920 6085 8 72753 72754 96534 96242 96241 96104 72826 72825
59299 4947 4652 5 72757 72758 73614 74910 74478
59300 4947 4860 6 72758 72759 73663 73705 73676 73615
59301 4682 4652 7 72760 72757 74479 75094 77977 73412 73058
59302 4682 4947 6 72757 72759 73662 74376 73498 73499
59303 4860 4652 4 72758 72760 73057 73433
59304 4710 4715 8 72762 72763 72841 72971 72974 72894 72800 72798
59305 4710 5121 3 72763 72764 72842
59306 5078 4710 5 72762 72764 72845 73059 72814
59307 4959 4851 3 72768 72769 73510
59308 4886 4851 7 72769 72770 73553 78300 72906 72905 72904
59309 4660 4511 5 72771 72772 72911 72910 72977
59310 5294 4959 5 72773 72774 73509 73744 73654
59311 4724 5079 7 72777 72775 77547 77366 77365 77485 76525
59312 4724 5298 4 72775 72776 72830 77546
59313 5730 5813 8 72780 72781 88662 89112 91157 90312 90310 91204
59314 5628 5813 5 72781 72782 91127 91397 88663
59315 5628 5730 3 72779 72781 88661
59316 5813 5606 4 72780 72782 91126 91203
59317 6303 6143 7 72783 72784 91177 91175 77608 77609 95996
59318 5701 6143 6 72784 72785 91170 91169 77033 77031
59319 5161 4860 5 72787 72788 73368 73676 73287
59320 4824 5161 5 72786 72788 73369 73490 73489
59321 2920 2814 6 72795 72797 82511 118672 118719 118720
59322 4654 4715 3 72799 72800 72877
59323 4740 4796 5 72801 72802 73299 73298 73432
59324 4197 4383 4 72803 72804 78216 78218
59325 4511 4139 4 72805 72806 75327 73364
59326 4288 4313 4 72811 72812 72980 78165
59327 4254 4313 5 72812 72813 81371 81566 72981
59328 4254 4284 5 72813 72810 73140 73139 81370
59329 4234 4148 7 72818 72819 75369 75370 76614 76612 78011
59330 4276 4148 7 72819 72820 77026 79615 79684 78138 77957
59331 4276 4146 7 72820 72817 75195 81365 76262 76263 77025
59332 4276 4234 4 72817 72819 73563 73562
59333 4148 4146 3 72818 72820 77024
59334 6312 6550 7 72821 72822 95539 77461 77462 77531 77570
59335 6312 6098 5 72822 72823 91140 77432 77433
59336 6432 6312 4 72821 72823 96552 96652
59337 6085 4606 3 72824 72825 96510
59338 4723 4724 10 72831 72830 77567 77366 73625 73627 78280 76783 76782 77324
59339 4824 4908 6 72832 72833 73543 73624 73489 73431
59340 4824 4776 4 72833 72834 73233 73234
59341 4740 4908 4 72835 72832 73298 73296
59342 4740 4824 4 72832 72834 73325 73432
59343 4776 4908 5 72833 72835 73297 73237 73239
59344 4013 4157 4 72837 72838 76836 76837
59345 4710 4851 5 72841 72842 72845 78301 72970
59346 4715 4851 5 72843 72841 72972 72922 72912
59347 5121 4851 6 72842 72843 72913 72909 72908 72846
59348 4907 5038 3 72850 72851 73512
59349 5043 4907 7 72850 72852 73494 73709 73670 73671 73628
59350 4921 4833 6 72854 72855 73579 73545 73544 74137
59351 4833 5161 4 72853 72855 73763 74444
59352 4314 4269 4 72857 72858 73449 80654
59353 4314 4302 5 72858 72859 81260 73138 73137
59354 4383 4420 7 72862 72863 73029 78219 78335 78218 78166
59355 4383 4436 4 72863 72864 78012 73030
59356 5013 5304 4 72865 72866 73197 73291
59357 4441 4647 5 72867 72868 78442 78089 78090
59358 4728 4647 7 72868 72869 77623 77714 77715 78064 78443
59359 5302 5317 7 72871 72872 73295 73503 73232 73231 73597
59360 5104 5095 7 72873 72870 72919 73341 73888 73890 73895
59361 5104 5302 3 72870 72872 72918
59362 4184 4268 7 72875 72876 73213 81267 79584 79583 80439
59363 4184 4314 4 72876 72874 73056 73212
59364 4184 4354 5 72874 72875 81384 81382 73055
59365 4450 4700 7 72879 72880 73400 73444 73175 73173 72953
59366 4450 4376 8 72880 72878 77891 81284 80642 80641 80580 73398
59367 4450 4553 7 72878 72879 72951 73062 75232 75233 77890
59368 4715 5145 4 72882 72883 73134 72884
59369 3724 3793 10 72888 72889 77866 77088 77087 78817 78816 78568 78569 78130
59370 4123 3793 6 72890 72888 77028 77027 72936 72935
59371 3895 3793 3 72889 72890 77867
59372 4284 4137 3 72892 72893 72927
59373 4532 4710 5 72894 72895 73063 73064 73072
59374 3859 4072 5 72897 72896 77314 78445 79338
59375 4781 4740 5 72899 72898 73082 73299 73296
59376 5101 4775 3 72901 72902 74587
59377 4965 4716 3 72903 72900 74231
59378 4851 4736 4 72912 72913 72914 72920
59379 4620 4431 6 72915 72916 75267 75393 74783 73468
59380 5312 5095 4 72919 72917 73294 73340
59381 5312 5302 7 72917 72918 73295 73855 91199 73591 73293
59382 4851 4776 4 72920 72921 72962 72922
59383 4053 4060 5 72923 72924 73438 81353 80553
59384 4053 4124 6 72924 72925 78168 78169 79659 73439
59385 4071 4124 4 72925 72926 80440 79495
59386 4124 4060 7 72924 72926 75082 75084 80689 80733 73440
59387 4137 4234 6 72928 72927 78061 76613 76612 78010
59388 4547 4750 5 72929 72930 77682 77731 77673
59389 4485 4591 6 72931 72932 74202 75527 75530 77997
59390 4485 4750 5 72932 72929 77674 77729 74200
59391 4485 4547 8 72929 72931 77994 77996 78038 74765 74767 77644
59392 3793 3826 11 72934 72935 77867 77866 78465 78459 77308 77309 78273 78557 78559
59393 4156 3826 3 72937 72934 78438
59394 4156 3793 5 72934 72936 78450 78449 78558
59395 4123 3826 4 72935 72937 78437 78455
59396 3796 3671 6 72938 72939 79478 79479 79107 79108
59397 3796 4074 4 72939 72940 81359 79549
59398 4070 3671 4 72941 72938 79538 79603
59399 4074 3671 5 72939 72941 79693 74459 74458
59400 4164 4197 5 72942 72943 73491 78216 78334
59401 4164 3973 4 72943 72944 78227 73492
59402 4198 4164 8 72942 72944 78294 81588 81587 73023 73022 78336
59403 4931 4512 7 72946 72947 74682 74728 74729 84524 75173
59404 4931 4655 3 72947 72948 74663
59405 5380 5553 8 72949 72950 73826 91729 92239 73828 73831 74954
59406 4688 4553 7 72951 72952 73074 72956 72954 78087 73060
59407 4450 4688 5 72951 72953 73493 79566 73061
59408 4688 4844 4 72955 72956 73525 73303
59409 4553 4844 6 72956 72957 77893 73502 73488 73487
59410 4553 4755 5 72957 72954 75330 75331 77790
59411 4596 5556 3 72958 72959 -1
59412 4812 4851 7 72961 72962 72972 72970 78303 73553 73548
59413 4824 4688 8 72964 72965 73589 73303 73207 73208 73233 73325
59414 4824 4700 3 72965 72966 73578
59415 4796 4824 6 72964 72966 73577 73490 73431 73432
59416 4812 4710 7 72967 72968 73063 73066 78302 72970 72971
59417 4776 4710 4 72969 72967 72974 73072
59418 4740 4710 3 72968 72969 73064
59419 4812 4715 3 72971 72972 72973
59420 4743 4427 8 72975 72976 77796 77797 77877 77869 77868 77406
59421 4752 4511 3 72977 72978 77367
59422 4532 4254 5 72981 72979 78180 78204 81214
59423 5732 5709 7 72984 72985 88664 73789 73790 73884 73885
59424 5732 5516 6 72985 72986 73865 91855 91612 91572
59425 5405 5516 6 72986 72987 73910 73871 73804 73802
59426 5405 5732 4 72984 72986 73864 74944
59427 5516 5709 6 72985 72987 90799 90798 90895 91571
59428 3810 3746 6 72988 72989 81769 81721 81723 81485
59429 3794 3746 5 72990 72988 81487 81146 81148
59430 3922 3746 7 72989 72990 81490 81766 81767 82770 81771
59431 4234 4201 3 72994 72992 78061
59432 4236 4201 6 72993 72994 75318 75319 78348 78287
59433 4707 5436 4 72995 72996 76606 77517
59434 4932 5400 3 72997 72998 77359
59435 4932 5436 6 72998 72995 77537 77539 76583 76581
59436 3934 4072 3 73000 73001 78296
59437 3618 3699 3 73002 73003 79440
59438 5079 5534 3 73007 73008 77549
59439 5079 5114 10 73008 73005 77547 77698 77712 77719 77950 77756 77722 77548
59440 5534 5114 4 73006 73008 77358 77357
59441 4602 4397 4 73014 73013 80341 81160
59442 4076 3928 5 73016 73017 81306 78224 78226
59443 3928 3975 5 73015 73017 81298 81234 81231
59444 4707 4886 5 73018 73019 77423 77629 78210
59445 4707 5099 4 73019 73020 77470 77422
59446 4198 4383 3 73022 73024 78219
59447 4528 4580 5 73026 73027 78209 78274 78401
59448 4886 4580 6 73027 73028 77458 77460 77628 77629
59449 4420 4254 3 73031 73029 78060
59450 3699 3875 11 73034 73035 79559 79586 79548 78100 78101 78241 78304 78305 79591
59451 3699 3859 4 73035 73036 79572 79560
59452 3773 3875 4 73037 73034 73088 73087
59453 3936 3956 4 73040 73038 78103 78102
59454 3936 3679 8 73038 73039 77784 77783 78007 79080 79077 79068
59455 4586 4843 4 73047 73048 81304 79184
59456 4698 4843 5 73048 73049 73162 73163 73404
59457 4349 4361 3 73051 73052 79081
59458 4368 4361 6 73053 73051 73408 73409 81118 81427
59459 4231 4354 7 73054 73055 81383 81389 81381 81330 81318
59460 4844 4652 4 73057 73058 73413 73434
59461 4532 4450 3 73061 73062 77935
59462 4532 4553 4 73062 73060 78164 77934
59463 4376 4121 6 73068 73069 74404 80614 73719 73718
59464 4376 4350 6 73069 73070 74025 74699 74723 74403
59465 4338 4350 4 73070 73071 75385 74026
59466 4338 4121 6 73071 73068 80652 80447 80446 80700
59467 4350 4121 7 73069 73071 80699 80651 80521 80520 74405
59468 4834 4688 4 73073 73074 73525 73589
59469 4834 4553 4 73074 73075 73396 73487
59470 4700 4834 6 73073 73075 73397 73569 73570 73578
59471 4418 4509 6 73077 73078 80576 79139 79140 80649
59472 4418 4338 5 73078 73079 75272 75273 80677
59473 4053 3815 8 73083 73084 81253 79555 79556 78233 78234 80666
59474 3698 3815 7 73085 73083 75810 75811 80669 80668 81083
59475 3875 4072 4 73086 73087 79338 78969
59476 4139 3773 4 73088 73089 78347 79592
59477 4139 3875 6 73086 73088 79591 78229 78228 78937
59478 5214 5156 7 73090 73091 74063 74879 74891 74056 73176
59479 5296 5214 4 73090 73092 74062 73177
59480 3981 4238 4 73097 73099 82824 82772
59481 4360 4223 3 73098 73100 80907
59482 4386 4130 3 73103 73104 81115
59483 5159 4937 9 73111 73112 74429 74248 74247 85063 85091 83537 83536
59484 3764 3580 3 73113 73114 79764
59485 4032 4211 3 73118 73119 81593
59486 4413 4793 5 73120 73121 81468 81444 81323
59487 5145 4789 6 73124 73125 73134 73151 73127 73126
59488 4315 4322 4 73128 73129 81688 81466
59489 5671 5787 5 73130 73131 90809 90808 92424
59490 5510 5734 5 73132 73133 92421 73941 73940
59491 5510 5787 3 73133 73130 92420
59492 4789 4605 4 73135 73136 73153 73155
59493 3991 4254 5 73141 73139 81363 79462 78193
59494 4201 4254 4 73140 73141 77410 77407
59495 4200 4248 4 73144 73145 81208 81531
59496 4242 4248 4 73146 73144 81533 81565
59497 4328 4313 3 73147 73148 81566
59498 4789 4874 5 73150 73151 73152 73156 73153
59499 4863 4839 5 73158 73159 74045 74046 74111
59500 4894 4839 7 73159 73160 73271 73269 73272 73371 73372
59501 4894 5087 4 73160 73157 73202 73204
59502 4894 4863 5 73157 73159 74104 74106 74105
59503 4839 5087 4 73158 73160 73313 73348
59504 4878 4776 4 73164 73165 73166 73889
59505 4614 4563 3 73167 73169 81125
59506 3671 3792 5 73170 73171 77939 77940 79606
59507 3671 3991 5 73171 73172 74458 79478 78254
59508 3780 3671 6 73170 73172 74459 79619 79621 79605
59509 4450 4630 5 73173 73174 81397 79568 73493
59510 4450 4640 4 73174 73175 81203 81202
59511 5132 5214 5 73176 73177 74036 74035 74055
59512 4503 4376 3 73180 73181 80580
59513 4645 4503 5 73179 73181 73443 73445 78243
59514 5041 5314 9 73183 73184 73394 74028 73316 73314 74303 74281 74130
59515 5041 5359 3 73184 73185 73395
59516 4544 4416 3 73187 73188 73373
59517 4590 4462 3 73189 73186 78256
59518 4416 4462 9 73187 73189 81417 81464 81211 79734 79735 81282 73374
59519 4526 4500 9 73190 73191 81528 81424 81421 79785 79787 81434 81075
59520 4500 4623 6 73190 73192 81394 81454 81395 81076
59521 6188 5883 6 73193 73194 90559 90560 91119 75048
59522 6188 6273 4 73194 73195 73851 73850
59523 6046 6273 5 73195 73196 73818 89375 91803
59524 6273 5883 5 73194 73196 73816 91099 92013
59525 5516 5128 5 73199 73200 73601 73602 73604
59526 5149 5128 4 73201 73199 73605 73656
59527 5087 4989 4 73202 73203 73248 73384
59528 5102 5343 5 73205 73206 73331 73554 73612
59529 4149 4184 4 73212 73213 81299 81301
59530 4355 4380 4 73215 73216 81437 81515
59531 4500 4355 7 73214 73216 81315 81317 81528 81559 81558
59532 4380 4391 7 73215 73217 81386 81467 81480 81270 81272
59533 6915 6477 7 73218 73219 76422 93941 101167 101168 101166
59534 6827 7716 6 73220 73221 84890 84888 92610 75911
59535 6827 6477 8 73221 73218 93018 93017 100914 100913 101078 92135
59536 7716 6477 3 73219 73221 76424
59537 4160 4276 8 73222 73223 81364 76262 76260 79676 78244 78245
59538 4160 4553 4 73223 73224 77890 81281
59539 4376 4276 3 73225 73222 77708
59540 4553 4276 6 73223 73225 77709 78119 78203 81368
59541 5361 5510 4 73226 73228 88825 88826
59542 5158 5157 3 73229 73230 73279
59543 5095 4776 5 73237 73238 73888 73889 73892
59544 4981 4908 4 73239 73236 73524 73543
59545 5314 5076 5 73240 73241 74199 74225 74224
59546 4864 5006 4 73242 73243 74197 74108
59547 4811 5006 4 73243 73244 74174 74176
59548 5013 4962 3 73251 73252 73254
59549 5013 5070 7 73253 73254 73255 73535 73534 73270 73268
59550 5296 5306 8 73258 73259 73948 73700 73701 73944 73946 73978
59551 5894 5807 5 73262 73263 91084 91224 91223
59552 4647 4849 6 73264 73265 76838 77623 77721 77945
59553 4959 4849 6 73266 73264 77946 77444 77443 77291
59554 4886 4849 6 73265 73266 77292 77423 77628 76839
59555 5013 4894 3 73267 73268 73269
59556 4136 4282 8 73273 73274 78149 75458 75456 77991 77773 76283
59557 4136 4395 4 73274 73275 78079 78145
59558 5251 5320 4 73277 73276 73872 73641
59559 5510 5416 5 73280 73281 73987 87640 88884
59560 6266 6321 8 73284 73285 92133 91913 91911 92108 92106 92366
59561 6439 6321 5 73285 73286 87792 87794 88438
59562 4860 5069 6 73287 73288 73467 73522 73521 73705
59563 5553 5405 5 73289 73290 73803 73802 73864
59564 5251 5302 3 73292 73293 73590
59565 4734 4700 7 73300 73301 73355 73353 73569 73365 73366
59566 4839 4734 3 73300 73302 73462
59567 4866 4781 3 73306 73307 73309
59568 5006 5314 4 73314 73315 74324 74304
59569 5401 5180 6 73318 73319 76585 90907 95842 77904
59570 5000 5376 9 73320 73317 77419 77421 77723 77791 77928 77813 77811
59571 5000 5401 6 73317 73319 76584 76180 75255 75256
59572 3530 3985 4 73322 73323 78760 78607
59573 3877 3838 3 73324 73321 77274
59574 3877 3530 5 73321 73323 78553 78414 78413
59575 4299 3899 5 73327 73328 75322 74686 74685
59576 4120 4323 7 73329 73330 74702 74703 75295 77998 75523
59577 4120 4299 6 73327 73329 75522 75529 75872 75491
59578 5314 5107 3 73335 73336 73394
59579 5358 5075 4 73337 73338 84902 84861
59580 5016 5075 5 73338 73339 84605 74181 74178
59581 4878 5095 6 73342 73344 73894 73890 73889 73893
59582 5042 5156 5 73345 73346 74048 74867 74359
59583 6638 6233 10 73351 73352 100081 100082 94277 94278 101005 100989 83978 83977
59584 6638 6518 3 73349 73351 84129
59585 6233 6915 4 73350 73352 101167 84278
59586 4734 4554 4 73353 73354 73572 73571
59587 4329 4565 4 73357 73358 80828 80827
59588 4470 4565 5 73358 73359 74818 74822 79119
59589 4407 11921 7 73362 73360 76590 76893 76946 96255 95926
59590 5326 11921 5 73361 73362 93868 76290 75197
59591 4734 4921 6 73366 73367 73544 74150 73461 73462
59592 5161 4834 7 73368 73369 73706 73707 73763 74754 73677
59593 4860 4834 5 73370 73368 73615 73433 73435
59594 4824 4834 6 73369 73370 73526 73589 73578 73577
59595 4133 3954 5 73378 73379 74532 74533 79959
59596 3872 3870 7 73380 73381 80324 80325 80423 80450 74096
59597 3872 3954 6 73381 73378 79961 80501 80487 80353
59598 3870 3954 6 73379 73381 76201 76202 80486 80167
59599 4850 4889 4 73387 73388 73991 73992
59600 4731 4646 8 73390 73391 74576 74700 74671 74672 74655 74371
59601 4809 4646 4 73393 73390 74372 74481
59602 4809 4731 5 73390 73392 74505 73639 73638
59603 4829 4646 4 73391 73393 74718 74577
59604 4834 4554 6 73396 73397 73571 73480 73481 73483
59605 4645 4450 3 73398 73400 73443
59606 4323 4379 5 73402 73403 75237 75452 75420
59607 4698 4623 6 73404 73405 74745 74744 81395 81453
59608 4314 4361 7 73407 73408 79081 79083 80606 80608 80654
59609 4368 4185 5 73409 73406 81403 81663 81116
59610 4368 4314 3 73406 73408 81246
59611 4361 4185 4 73407 73409 81117 80655
59612 5387 5490 6 73410 73411 74705 74609 74053 74050
59613 4652 4554 8 73412 73413 73481 73482 73936 74855 78155 77976
59614 4844 4554 4 73413 73414 73488 73483
59615 4712 4020 3 73415 73416 77897
59616 4610 4020 5 73416 73417 74600 76280 77898
59617 4020 4922 5 73415 73417 74598 77781 78041
59618 4299 5181 6 73419 73420 76438 75680 75391 75389
59619 4906 4299 5 73418 73420 76441 75524 75417
59620 5189 5208 3 73422 73423 74515
59621 5387 5101 3 73424 73421 74095
59622 5387 5189 6 73421 73423 73620 73622 74182 74094
59623 5069 4907 7 73427 73428 73709 73522 73520 73668 73796
59624 5069 5102 5 73428 73429 73810 73682 73683
59625 5149 4907 5 73430 73427 73750 73693 73671
59626 5149 5069 3 73427 73429 73798
59627 5102 4907 3 73428 73430 73670
59628 4834 4652 6 73433 73434 73481 73479 74911 73614
59629 4834 4844 6 73434 73435 73526 73525 73487 73483
59630 4124 3878 4 73439 73440 76274 76277
59631 3878 4060 5 73438 73440 74135 74133 80634
59632 3732 3481 5 73441 73442 79725 79525 78922
59633 4503 4700 5 73444 73445 81375 81374 81328
59634 4109 3827 5 73446 73447 80684 80683 80682
59635 3855 4109 4 73446 73448 80462 80681
59636 4548 4398 6 73454 73451 81568 81416 81415 81341
59637 4010 4149 9 73457 73458 81299 81275 81276 81287 81229 80612 80610
59638 4010 4268 3 73458 73455 81267
59639 4743 4647 6 73459 73460 77406 73666 73664 74992
59640 6876 6395 3 73463 73464 95615
59641 5069 5043 4 73466 73467 73709 73683
59642 4431 4716 3 73468 73469 74782
59643 4599 3089 5 73471 73472 113368 75596 75595
59644 4599 3218 4 73472 73470 101158 113367
59645 4599 3869 8 73470 73471 75891 75896 75979 75981 75980 101157
59646 4309 4330 6 73473 73474 75666 75665 77582 77581
59647 4575 4330 5 73474 73475 77962 77900 77899
59648 6238 6543 5 73477 73478 74961 74962 92273
59649 4652 4833 5 73482 73479 74018 74019 73935
59650 4554 4833 5 73480 73482 73934 73576 73572
59651 4379 4620 4 73484 73486 75133 75134
59652 4164 4139 5 73491 73492 78228 78338 78217
59653 4682 4887 3 73497 73498 74374
59654 4749 4755 8 73500 73501 77790 77789 78176 77961 77959 77942
59655 5317 5444 4 73503 73504 91324 73856
59656 4728 4724 5 73505 73506 73625 77365 77509
59657 4728 4337 7 73506 73507 78410 78276 78275 78436 73626
59658 4741 4728 5 73505 73507 78409 77545 77542
59659 4959 5149 6 73508 73509 73745 73693 73694 73695
59660 5617 5645 7 73513 73514 92395 88824 88426 88325 88326
59661 6012 5645 6 73516 73513 91378 91379 73875 73874
59662 6012 5617 4 73513 73515 92477 92408
59663 5874 5645 4 73514 73516 74930 74932
59664 2764 3235 4 73517 73518 120305 122293
59665 3102 2764 4 73517 73519 122239 122298
59666 5069 4875 4 73520 73521 73585 73586
59667 4907 4875 6 73523 73520 73669 77641 77772 77771
59668 4563 4863 5 73528 73529 81120 81123 81121
59669 4671 4863 7 73529 73530 74107 74104 74045 74044 74152
59670 4863 4603 5 73528 73530 80744 80743 81105
59671 4156 4157 5 73539 73537 78450 78439 78373
59672 4156 4102 7 73537 73538 78378 77467 77466 78307 78449
59673 3815 3608 5 73540 73541 80201 80202 75381
59674 5043 5149 4 73546 73547 73694 73671
59675 4818 5114 3 73549 73550 73725
59676 4647 5114 7 73550 73551 77721 77714 73667 73664 74993
59677 5114 4830 5 73549 73551 77947 77950 73726
59678 4886 4812 4 73553 73552 78251 78293
59679 5102 5249 4 73554 73555 73648 73613
59680 4807 4887 7 73557 73558 77640 77381 77380 77648 77736
59681 5117 5180 5 73559 73560 76667 76668 74966
59682 5117 4887 6 73560 73557 75175 75177 75186 77319
59683 5117 4807 4 73557 73559 74965 77776
59684 5180 4887 3 73558 73560 77504
59685 4234 4313 5 73561 73562 75194 73608 73610
59686 4405 4313 6 73564 73561 77651 78179 75329 75328
59687 4405 4234 4 73561 73563 75369 75371
59688 4276 4313 5 73562 73564 78203 81366 75195
59689 4001 3826 7 73565 73566 77281 77584 78437 78438 78559
59690 4102 4135 9 73567 73568 78073 78267 77587 77417 77416 77468 77466
59691 4102 3826 5 73568 73565 78557 78023 78020
59692 4102 4001 4 73565 73567 78307 78560
59693 4135 3826 3 73566 73568 77283
59694 5516 5251 4 73573 73574 73871 73641
59695 4834 4921 3 73579 73580 73707
59696 6016 5659 3 73584 73581 91288
59697 6016 5820 4 73581 73583 73647 91392
59698 5069 5117 6 73586 73587 74774 92363 73795 73668
59699 4947 5117 4 73587 73588 75177 74775
59700 4947 4875 6 73588 73585 73663 73662 76819 75176
59701 4947 5069 7 73585 73587 74773 74882 73879 73878 73705
59702 5117 4875 6 73586 73588 75175 77776 77642 73669
59703 5405 5312 4 73591 73592 73909 91069
59704 5251 5405 7 73590 73592 73908 73871 73872 73902 73805
59705 5283 5132 3 73593 73595 74036
59706 5296 5161 4 73594 73596 73843 73944
59707 5150 5302 3 73597 73598 73947
59708 5965 5833 7 73599 73600 89051 89050 89055 89056 88840
59709 5128 5508 4 73604 73605 73812 73757
59710 4313 4330 6 73609 73610 77651 78177 78178 78187
59711 5102 5251 4 73611 73612 73613 73649
59712 4947 4834 4 73614 73615 73677 74756
59713 4965 5091 7 73616 73617 74470 74471 74332 74330 74581
59714 4965 5311 3 73617 73618 74465
59715 5208 5091 3 73619 73616 74639
59716 5189 5647 5 73621 73622 74183 91881 73836
59717 5387 5183 3 73623 73620 74569
59718 5647 5183 6 73621 73623 74567 74568 92070 73838
59719 4728 4723 7 73625 73626 78440 78065 77715 77713 77364
59720 4337 4723 3 73626 73627 78282
59721 4959 5043 3 73628 73629 73694
59722 4841 5007 5 73630 73631 74136 74541 74047
59723 5007 5214 4 73633 73632 74056 74055
59724 4671 4438 5 73634 73635 75619 78242 80776
59725 4775 4809 6 73637 73638 74372 74230 74232 74504
59726 4731 4679 5 73639 73636 74655 74747 74746
59727 4731 4775 3 73636 73638 74371
59728 4809 4679 3 73637 73639 74542
59729 6095 6299 5 73642 73643 89016 89017 91205
59730 6095 5813 5 73643 73644 91067 91157 91191
59731 6027 6095 6 73642 73644 90842 88760 88762 90870
59732 5813 6299 5 73643 73645 91173 91174 91192
59733 5820 6095 7 73646 73647 91195 91191 89016 89014 91074
59734 5721 5533 4 73651 73652 87543 87542
59735 5721 5771 7 73652 73650 88855 88420 88421 88785 88532
59736 5721 5601 5 73650 73651 88594 73981 73980
59737 5440 5099 3 73655 73653 77389
59738 5440 4959 7 73653 73654 73743 73749 77918 77507 77456
59739 4429 4900 3 73657 73658 75132
59740 5934 5680 7 73659 73660 91083 91363 91285 91284 91325
59741 4743 4723 5 73665 73666 77868 77646 76906
59742 4647 4723 5 73666 73667 77715 78063 77876
59743 5117 4907 4 73668 73669 77643 73797
59744 4957 4635 7 73672 73673 74692 75152 74937 74886 74809
59745 4732 4477 7 73674 73675 73717 73716 75429 74868 74476
59746 4732 4635 3 73675 73672 74810
59747 4477 4635 9 73673 73675 74595 74594 74854 78156 74946 74945 74693
59748 5161 4947 5 73676 73677 74755 73877 73878
59749 4818 4749 3 73678 73679 77963
59750 4575 4830 3 73680 73681 77922
59751 4575 4749 6 73681 73678 77767 77768 77962 77952
59752 5428 5404 5 73684 73686 73814 73815 83973
59753 5167 5091 5 73685 73687 74473 74471 74472
59754 4771 4485 7 73688 73689 76204 74200 74202 75526 75071
59755 4870 4485 5 73690 73688 75072 75784 76458
59756 4992 4485 6 73689 73690 76658 74040 74039 76205
59757 5980 5846 3 73697 73698 88829
59758 5965 5778 4 73699 73696 88840 89004
59759 5846 5778 6 73697 73699 89005 89007 91350 88831
59760 5553 5320 3 73703 73704 73803
59761 5516 5553 6 73702 73704 73802 73865 91730 73826
59762 4304 5540 5 73711 73712 84236 84650 84378
59763 4876 5540 7 73712 73713 84359 100995 84186 84183 84184
59764 4876 4015 7 73713 73710 84245 84234 84233 84320 84337
59765 4876 4304 3 73710 73712 84235
59766 5540 4015 3 73711 73713 84358
59767 4957 5101 4 73715 73714 74654 74474
59768 4795 3880 3 73722 73720 84500
59769 5332 5109 3 73730 73731 84870
59770 5018 5109 6 73733 73730 76134 76133 84259 84258
59771 5026 5109 6 73731 73733 84788 84793 84779 84776
59772 5717 5638 9 73735 73736 95650 95648 91162 77482 77480 96568 90887
59773 5123 5638 3 73736 73737 77499
59774 4807 4906 3 73738 73739 77381
59775 4768 5073 4 73742 73741 77914 77943
59776 5508 4959 4 73743 73744 73745 73747
59777 4907 5440 3 73748 73749 77889
59778 4907 5508 6 73747 73748 77888 73797 73796 73750
59779 5508 5199 3 73751 73752 91103
59780 5800 5821 6 73753 73754 91611 91421 74939 74940
59781 5800 5732 4 73754 73755 91345 91612
59782 5946 5800 7 73753 73755 91344 92259 92279 74566 74563
59783 5732 5821 4 73754 73756 88664 91572
59784 6019 6333 3 73758 73759 91027
59785 5109 4847 5 73765 73766 74366 74535 74536
59786 4446 5064 4 73767 73764 84260 84333
59787 4446 5109 6 73764 73766 74365 84796 84788 84258
59788 6395 6017 6 73768 73769 90786 91025 96542 96541
59789 5613 5311 4 73772 73770 92533 92123
59790 6358 6130 8 73773 73774 84850 84848 91712 91668 91670 91536
59791 6358 6392 8 73774 73775 92225 94226 94896 92166 75682 75685
59792 5706 6392 5 73775 73776 88527 88526 92226
59793 5706 6130 5 73776 73773 91538 74607 74606
59794 5706 6358 4 73773 73775 92224 91537
59795 6392 6130 3 73774 73776 92299
59796 6508 6616 5 73777 73778 95690 95689 95953
59797 6535 6802 7 73779 73780 94938 95109 94877 94867 94869
59798 6535 6616 5 73780 73777 94220 94222 94936
59799 6535 6508 4 73777 73779 94989 95954
59800 6802 6616 5 73778 73780 94937 91858 91857
59801 8955 9005 6 73782 73783 95407 95059 88156 88157
59802 8955 9333 6 73783 73781 107680 107836 107689 95406
59803 8955 9221 3 73781 73782 101841
59804 4922 4992 4 73785 73786 74038 74039
59805 5027 4992 7 73786 73787 95806 94879 94209 76562 76560
59806 5027 5067 5 73787 73784 75528 96051 96043
59807 5883 5732 4 73788 73790 88928 88930
59808 6045 6032 4 73793 73794 90904 90905
59809 6032 5904 5 73792 73794 88615 88612 88292
59810 5117 5508 7 73795 73797 77892 76668 76666 91623 92298
59811 5022 5311 6 73801 73799 74325 74414 74638 74161
59812 5785 6003 4 73806 73807 91644 91731
59813 5785 5706 6 73807 73808 91455 92360 74759 74758
59814 6038 5706 9 73808 73809 91125 89983 89980 92226 92224 75405 75404
59815 6038 6003 8 73809 73806 84345 84347 92645 92624 75690 75692
59816 6038 5785 4 73806 73808 74980 74977
59817 5508 5102 3 73810 73811 73812
59818 5428 5689 5 73813 73814 74373 91602 74072
59819 6218 5883 4 73816 73817 88646 91100
59820 4957 5189 8 73822 73819 74892 74806 74571 74570 74654 74947
59821 4957 5234 3 73819 73821 74923
59822 5037 5189 4 73820 73822 74951 74952
59823 3419 4825 7 73823 73824 76492 76493 76502 76494 75032
59824 3419 5039 6 73824 73825 83809 75050 75051 76490
59825 5380 5516 3 73826 73827 91728
59826 5758 5380 4 73828 73829 90708 90706
59827 5758 5490 7 73829 73830 92274 92369 92479 92180 92181
59828 5553 5490 3 73830 73831 74956
59829 5490 5380 7 73829 73831 74955 73834 73833 74609 74610
59830 5380 5164 5 73832 73833 74704 74795 74784
59831 5214 5490 4 73834 73835 74063 74064
59832 5214 5164 4 73835 73832 74785 74879
59833 5490 5164 4 73833 73835 74880 74705
59834 5543 5189 5 73836 73837 74859 74929 91478
59835 5543 5183 5 73837 73838 91454 74418 74416
59836 5647 5543 6 73836 73838 92063 92064 92244 91880
59837 5795 6065 6 73839 73840 88744 88596 73962 73963
59838 5795 6189 3 73840 73841 88745
59839 6045 6065 4 73842 73839 88925 91997
59840 6189 6065 7 73840 73842 91998 91758 91464 90475 88746
59841 3954 3769 4 73844 73845 80472 80150
59842 3757 3954 6 73844 73846 75187 76201 80353 80151
59843 4003 3769 5 73845 73847 79151 75397 75396
59844 6315 6188 4 73849 73850 90559 90557
59845 6273 6315 6 73848 73850 92013 92016 92014 92003
59846 6188 6479 6 73849 73851 91348 91347 90937 90939
59847 5312 5444 4 73855 73856 91297 91296
59848 6065 6062 5 73860 73861 90475 88576 77839
59849 6065 6174 5 73861 73862 91789 91757 91464
59850 6013 6174 7 73862 73863 91302 88456 88457 91232 91790
59851 6013 6062 5 73863 73860 77841 88574 91300
59852 6013 6065 6 73860 73862 91788 73965 73962 77840
59853 5980 6273 5 73866 73867 91099 92016 91443
59854 5980 6218 7 73867 73868 91026 90728 90727 91231 91100
59855 6324 5980 4 73866 73868 91385 91393
59856 5645 5801 7 73873 73874 74930 74931 92418 92416 92365
59857 5910 5645 3 73873 73875 92364
59858 4947 5283 5 73877 73879 74060 74061 74909
59859 5230 5089 4 73880 73881 73887 73932
59860 5732 5795 5 73883 73884 88928 88929 87827
59861 5583 5709 3 73885 73886 91093
59862 5583 5795 7 73886 73883 87828 92077 92262 91507 91423
59863 5709 5795 4 73884 73886 91422 91416
59864 5095 4781 3 73891 73892 73893
59865 6380 6178 3 73896 73897 86944
59866 6380 6182 7 73897 73898 87122 87123 89171 86965 86966
59867 6151 6380 7 73896 73898 89552 89556 89553 89509 86945
59868 6549 6811 5 73905 73906 94870 96020 94864
59869 6811 6508 5 73905 73907 95915 95919 94865
59870 5343 5405 4 73908 73909 91068 73910
59871 5667 5268 4 73911 73912 87407 88476
59872 5667 5327 5 73912 73913 87299 87419 87408
59873 6404 6683 6 73914 73915 89653 73922 73921 91059
59874 6193 6395 6 73920 73919 77530 77873 90888 91101
59875 5955 6082 6 73926 73927 73959 88952 88469 88424
59876 5955 5951 5 73927 73928 87196 87194 73960
59877 5769 6082 3 73929 73926 88362
59878 5769 5955 7 73926 73928 88439 88534 88487 88473 88425
59879 5230 4985 4 73930 73931 73933 73932
59880 4477 4652 3 73935 73936 74594
59881 4554 4477 6 73934 73936 74854 78151 74722 74644
59882 5601 5702 6 73938 73939 88099 73982 73980 73957
59883 5734 5702 6 73941 73938 73958 73969 73970 92419
59884 5734 5601 5 73938 73940 86151 73966 73956
59885 5510 5702 4 73939 73941 92260 88100
59886 5306 5161 4 73942 73943 73944 73945
59887 5157 5306 3 73948 73949 73950
59888 5889 5905 7 73952 73953 92519 88135 88136 92511 92520
59889 5889 6207 5 73953 73954 92435 92436 92517
59890 5961 5889 6 73952 73954 92429 88339 88340 92522
59891 6207 5905 3 73953 73955 92468
59892 5734 5771 4 73958 73956 73967 88648
59893 5951 6137 4 73960 73961 88330 88547
59894 6137 6082 7 73959 73961 88161 88160 88496 88564 88953
59895 5795 5883 10 73963 73964 91500 91501 91512 91508 91458 91416 88928 88924
59896 6013 5883 4 73964 73965 91875 91503
59897 5883 6065 4 73963 73965 91874 88925
59898 5734 5636 6 73967 73966 86153 89010 88969 88865
59899 5933 5721 6 73971 73972 88944 88951 88941 88420
59900 5823 5721 7 73972 73973 88460 88463 88507 88491 88492
59901 5721 5794 4 73971 73973 88709 88421
59902 5824 5636 8 73974 73975 88919 88790 88788 88969 88939 88938
59903 5824 5533 3 73975 73976 88920
59904 5561 5636 3 73977 73974 87834
59905 5561 5824 7 73974 73976 88165 88162 88967 88895 88894
59906 5510 5306 5 73978 73979 88052 87639 73987
59907 5601 5374 6 73981 73982 87380 87381 88879 88595
59908 5702 5374 5 73982 73983 88243 88387 88388
59909 5702 5721 7 73983 73980 88855 88941 88472 88467 88242
59910 6318 6331 6 73984 73985 89064 89139 89192 89227
59911 6318 6525 4 73985 73986 87860 87863
59912 6594 6318 6 73984 73986 86714 86715 89231 89228
59913 3949 3736 5 73996 73994 79053 76191 76186
59914 3828 3623 5 74000 74001 74408 74407 83728
59915 3828 3518 7 74001 73998 75831 83812 83867 83825 83824
59916 3828 3641 4 73998 74000 75791 75793
59917 3623 3518 4 73999 74001 83855 83711
59918 4820 4917 4 74002 74003 83388 83389
59919 4820 4885 6 74003 74004 85310 82862 82861 83483
59920 6326 6784 4 74005 74006 87605 100686
59921 6057 5811 6 74010 74011 88338 88313 88315 92384
59922 5961 5811 3 74011 74012 88340
59923 5961 5914 4 74012 74009 88276 92522
59924 5961 6057 7 74009 74011 88339 92428 92492 92491 88275
59925 5811 5914 10 74010 74012 92523 74455 74454 88293 74289 74288 91636 92386
59926 7004 6543 6 74014 74013 92216 91307 90555 90556
59927 5031 4635 5 74016 74017 74886 74590 74591
59928 4652 4635 8 74019 74016 74478 74479 75093 78159 74855 74594
59929 4652 5031 4 74016 74018 74911 74910
59930 4833 4635 5 74017 74019 74595 74810 74809
59931 5042 5164 6 74021 74020 74158 74023 74024 74867
59932 5208 5164 4 74024 74022 74217 74356
59933 4509 4350 4 74025 74026 75384 74698
59934 5022 5208 6 74030 74032 74409 74578 74579 74414
59935 4863 4841 6 74033 74034 74151 74152 81120 74079
59936 4485 4628 3 74040 74037 76392
59937 4485 4922 9 74037 74039 76365 76675 74767 74766 78045 77780 76390
59938 4992 4628 5 74038 74040 76656 76561 76560
59939 4811 4841 6 74041 74042 74079 81127 74177 74174
59940 4921 4863 4 74044 74046 74153 74151
59941 5569 5437 5 74051 74052 92271 74348 74346
59942 5569 5490 6 74052 74050 74054 92180 92380 92379
59943 5647 5490 4 74054 74053 74610 92181
59944 4196 4287 6 74058 74059 80546 80547 81161 80923
59945 4196 4390 4 74059 74057 80057 80056
59946 4196 4352 5 74057 74058 80922 81043 80925
59947 5609 5614 5 74065 74066 91603 91897 91898
59948 5117 5609 4 74065 74067 92363 92298
59949 6942 6992 6 74068 74069 88155 88154 91937 94923
59950 6942 6657 6 74069 74070 91735 91733 94755 95012
59951 6304 6657 6 74070 74071 94900 94837 84974 84972
59952 6304 6992 4 74071 74068 94688 94686
59953 6304 6942 4 74068 74070 94196 94195
59954 6657 6992 4 74069 74071 94899 94927
59955 5428 6243 3 74074 74072 93847
59956 4543 4784 7 74075 74076 81036 81039 81040 81057 75428
59957 4543 4565 6 74076 74077 80822 81042 80817 80816
59958 4840 4565 3 74077 74078 74267
59959 4840 4784 5 74078 74075 74187 74188 74261
59960 4840 4543 6 74075 74077 80823 80830 80831 75427
59961 4537 4684 4 74081 74082 74819 81023
59962 5253 5943 7 74083 74084 84731 100484 100485 100493 84763
59963 5264 5943 6 74084 74085 84706 100929 85165 84732
59964 5943 5406 4 74083 74085 84705 84765
59965 5684 5992 10 74086 74087 84863 84877 84878 92556 100565 85801 74387 74388
59966 5564 5474 5 74088 74089 84940 84766 84767
59967 5564 5992 6 74089 74086 74428 92553 92552 92551
59968 5564 5684 4 74086 74088 84905 74427
59969 5474 5992 4 74087 74089 92541 84865
59970 4833 4841 5 74091 74092 74149 74137 74136
59971 5164 5387 6 74094 74095 74217 74357 74705 74704
59972 5164 5189 5 74093 74094 74795 74796 74949
59973 5419 5181 4 74097 74098 94911 94453
59974 5177 5181 8 74098 74099 75598 76379 75159 75158 75161 94910
59975 4987 5041 3 74109 74110 74303
59976 4784 4864 4 74113 74112 74125 74261
59977 5478 5674 3 74114 74115 88201
59978 4282 4405 6 74116 74117 78147 75458 75235 75236
59979 4467 4395 3 74118 74119 77901
59980 4467 4405 8 74119 74116 75123 75122 76817 77915 77917 77984
59981 4395 4405 6 74117 74119 77985 77983 77982 78148
59982 4217 4324 6 74120 74121 81054 83132 83125 80978
59983 4221 4217 7 74120 74122 83632 83630 80963 80962 80979
59984 4143 4324 8 74121 74123 83334 79996 79993 83654 83652 81055
59985 4871 4864 4 74125 74124 74173 74260
59986 8682 8938 6 74129 74126 99386 99786 99780 99779
59987 8682 8777 3 74126 74128 99385
59988 8748 8938 3 74127 74129 99703
59989 5247 5419 7 74131 74132 75809 94507 94479 94428 75325
59990 3878 4109 6 74134 74135 76274 76276 80682 80681
59991 3878 3970 3 74133 74134 80633
59992 3492 3228 3 74139 74140 75714
59993 3270 3492 7 74138 74140 75713 80021 80186 80070 80069
59994 4105 4171 4 74141 74142 82779 81679
59995 4105 4188 7 74142 74143 82776 82814 82867 82808 82809
59996 3953 4188 3 74143 74144 82777
59997 3953 4171 8 74144 74141 81681 82736 82782 82730 82689 82688
59998 3953 4105 6 74141 74143 81335 81334 81656 81680
59999 3970 4263 3 74145 74146 74779
60000 4281 4263 7 74146 74147 80570 75274 75271 80721 74780
60001 4263 4060 8 74145 74147 80569 80689 79484 79483 80631 80793
60002 4841 4734 3 74148 74149 74150
60003 4386 4297 5 74164 74162 80736 74547 74340
60004 4552 4297 6 74163 74164 74341 81062 80348 80346
60005 4098 4185 4 74165 74166 81114 81248
60006 3488 3358 5 74169 74170 79833 79831 81811
60007 3611 3358 5 74170 74171 80306 81973 81933
60008 3358 3568 4 74169 74171 80304 81812
60009 5076 4864 5 74173 74172 74199 74279 74275
60010 5171 4673 5 74179 74180 85057 85476 84192
60011 5016 5171 5 74178 74180 85022 74621 74623
60012 5380 5647 7 74183 74184 74610 90708 74659 74658 92256
60013 5387 5380 4 74182 74184 74609 74704
60014 4867 4784 6 74186 74187 75428 80034 80035 85073
60015 3472 3451 3 74189 74190 83815
60016 3577 3421 4 74191 74192 83553 75900
60017 3577 3451 5 74192 74189 83820 83768 83552
60018 3577 3472 7 74189 74191 75899 83657 75802 75803 83819
60019 4093 3733 6 74193 74194 80386 83722 80104 75737
60020 4083 3908 6 74195 74196 80355 80354 80680 80672
60021 4083 3733 6 74196 74193 75739 80467 80220 80222
60022 3908 3733 6 74194 74196 80369 80400 80274 80273
60023 5314 4864 5 74199 74198 74281 74282 74280
60024 4750 4771 5 74200 74201 75014 75008 75006
60025 4591 4771 4 74201 74202 75525 75016
60026 6477 5666 6 74203 74204 101168 100998 100999 93974
60027 6477 6233 4 74204 74205 100081 101167
60028 6275 6233 7 74205 74206 101034 94576 94577 101029 100082
60029 6275 5666 5 74206 74203 93976 94485 100788
60030 6275 6477 7 74203 74205 94408 94407 84699 84698 93975
60031 6233 5666 8 74204 74206 94496 94495 100435 100436 84277 84278
60032 4459 4785 5 74209 74210 74620 84639 84638
60033 4459 4780 4 74210 74208 83283 74619
60034 9531 9437 8 74211 74212 102334 102521 99864 99867 102428 102349
60035 9531 9478 4 74212 74213 102552 102335
60036 9307 9478 6 74213 74214 99547 99549 101552 102441
60037 9307 9437 3 74214 74211 99899
60038 9307 9531 7 74211 74213 102553 102554 102518 102485 102350
60039 9478 9437 5 74212 74214 99898 99977 99974
60040 3883 3945 9 74218 74219 84545 84519 83621 83619 84621 74369 74368
60041 5106 5215 7 74221 74222 85298 84599 84598 85501 80948
60042 5178 5106 3 74220 74222 84994
60043 7237 7535 5 74226 74227 93265 99747 99748
60044 7237 7624 4 74227 74228 92667 93266
60045 7421 7624 7 74228 74229 87042 87043 86161 86160 92669
60046 7421 7535 5 74229 74226 100190 100271 100273
60047 4809 4716 5 74230 74231 74354 74678 74481
60048 4392 4357 4 74234 74235 80396 80394
60049 4357 4161 4 74234 74236 82593 82591
60050 5929 5715 4 74237 74238 85186 85184
60051 5929 6021 7 74238 74239 84802 74287 74285 84039 85122
60052 5481 6021 5 74239 74240 85006 74390 74389
60053 5481 5715 6 74240 74237 100635 100309 100310 85005
60054 5481 5929 5 74237 74239 84803 100751 100634
60055 5818 6481 5 74241 74242 100216 92450 84759
60056 5818 5999 4 74242 74243 86278 86276
60057 5792 5999 5 74243 74244 100550 93259 93260
60058 5792 6481 4 74244 74241 84760 100205
60059 5999 6481 6 74242 74244 100674 92901 92900 93388
60060 5106 5051 8 74245 74246 83255 83256 85248 85247 85249 85407
60061 5018 5159 3 74249 74247 84926
60062 5768 5475 4 74250 74251 86007 85912
60063 5598 5475 7 74251 74252 85197 85427 85306 85307 86008
60064 5076 4946 6 74257 74255 85029 85019 83538 83535
60065 4871 4946 6 74256 74257 84360 83410 83409 80967
60066 4636 4885 5 74258 74259 82861 82860 85393
60067 4468 4937 3 74262 74263 85047
60068 4429 4635 4 74265 74266 74692 74693
60069 4412 4457 6 74268 74269 85176 83466 80097 80096
60070 7131 7465 4 74270 74271 86171 91967
60071 7220 7465 5 74273 74270 88079 88078 90691
60072 7220 7131 5 74270 74272 91460 92809 93027
60073 6260 5929 5 74284 74285 84037 85934 100694
60074 6260 6021 5 74285 74286 100610 92237 84038
60075 5992 6021 8 74286 74287 74387 74390 92553 92544 92542 92707
60076 5992 5929 3 74287 74284 85801
60077 5992 6260 8 74284 74286 84754 84753 100612 84857 84856 100565
60078 5904 5811 5 74290 74288 91637 92457 92430
60079 5822 5811 3 74289 74290 88294
60080 4470 4263 5 74292 74293 79062 80434 80435
60081 4263 4418 4 74291 74293 75272 75271
60082 5437 5310 4 74295 74294 74347 74346
60083 6187 6266 4 74299 74300 92620 92307
60084 6187 6352 7 74300 74301 92575 74381 74382 92626 92621
60085 6654 6352 9 74301 74302 88321 92746 92184 92186 92695 92473 92474
60086 6654 6266 5 74302 74299 92309 90533 88319
60087 6654 6187 4 74299 74301 92581 92308
60088 6352 6266 4 74300 74302 88320 91614
60089 6862 7114 5 74305 74306 91476 93231 93116
60090 6654 7114 4 74307 74305 86163 86165
60091 4992 4906 3 74309 74310 74865
60092 6419 6352 5 74313 74314 92283 91276 91274
60093 6057 6352 6 74314 74315 92475 88315 88314 92284
60094 6057 6611 5 74315 74312 88206 88205 92738
60095 6057 6419 5 74312 74314 92282 92749 88845
60096 6352 6611 6 74313 74315 92739 92745 92184 92185
60097 6839 6775 6 74318 74319 93101 88277 88278 91117
60098 6839 7070 5 74319 74320 92358 86132 86131
60099 5265 5368 3 74321 74322 74323
60100 6147 6152 7 74326 74327 92412 92413 92383 92381 92628
60101 6147 6439 4 74327 74328 92755 92513
60102 6352 6439 5 74328 74329 88320 88321 92750
60103 6352 6152 4 74329 74326 92621 91614
60104 6352 6147 8 74326 74328 92777 92739 92475 92388 92387 92626
60105 4965 4977 4 74330 74331 74720 74580
60106 4965 5009 6 74331 74332 74477 75063 74661 74662
60107 4369 4196 4 74333 74334 74524 81043
60108 4369 4155 5 74334 74335 83583 81056 74525
60109 4186 4155 5 74335 74336 80811 83568 83584
60110 4186 4196 7 74336 74333 80925 80057 80059 80101 80100
60111 4155 4196 4 74334 74336 80810 74526
60112 4937 4872 6 74337 74338 85095 85097 85090 85045
60113 5018 4872 6 74338 74339 84919 84910 84576 84577
60114 4872 4625 6 74337 74339 84934 84570 84572 84998
60115 4552 4287 3 74341 74342 80998
60116 5711 5090 4 74349 74350 75686 94377
60117 5711 5355 8 74350 74351 92585 92447 92448 93298 94429 75687
60118 5364 5355 3 74351 74352 74697
60119 5364 5711 5 74349 74351 92586 91643 91641
60120 5355 5090 8 74350 74352 74602 74601 74861 74862 75518 75688
60121 4809 5101 3 74354 74355 74677
60122 5156 5164 7 74356 74357 74880 74879 74679 74681 74867
60123 3555 3224 5 74362 74361 76071 75287 75289
60124 4305 4847 5 74366 74367 83472 84628 83803
60125 4305 4446 6 74367 74365 80183 80185 84752 83470
60126 4305 5109 4 74365 74366 83802 84826
60127 4305 3883 3 74369 74370 84596
60128 4670 4947 3 74375 74376 76819
60129 5765 5311 7 74377 74378 92123 92269 74970 74972 91605
60130 5765 5310 4 74378 74379 88072 88073
60131 5765 6187 7 74380 74382 92627 92594 92593 92619 91430
60132 5957 6266 7 74383 74384 91911 91672 91671 92531 92439
60133 5957 6237 5 74384 74385 92466 92374 91912
60134 6418 6237 8 74385 74386 87968 85864 85866 86227 86226 92442
60135 6418 6266 6 74386 74383 92441 88341 88343 92133
60136 6418 5957 3 74383 74385 92440
60137 6237 6266 3 74384 74386 91913
60138 5684 5481 6 74388 74389 84803 92496 84906 74427
60139 6021 5684 3 74387 74389 84802
60140 5481 5992 3 74388 74390 74428
60141 7364 6799 6 74393 74394 92189 92190 92692 94406
60142 6799 7061 5 74392 74394 92249 94289 94442
60143 6813 7039 6 74395 74396 100591 100717 100672 100671
60144 6813 6845 5 74396 74397 92724 86168 86167
60145 6783 6845 4 74397 74398 100421 100645
60146 6783 7039 8 74398 74395 100304 100087 99773 87971 87972 100417
60147 6783 6813 3 74395 74397 100644
60148 6845 7039 5 74396 74398 100420 85911 85909
60149 5035 4795 6 74401 74402 94400 93239 84557 84556
60150 5035 4656 5 74402 74399 84682 84712 100345
60151 5035 4571 7 74399 74401 84822 83434 83435 84823 84681
60152 4795 4656 5 74400 74402 85012 84714 74517
60153 4022 3828 6 74406 74407 83683 83684 80729 75000
60154 3715 3828 6 74408 74406 75002 84334 83826 83824
60155 5042 5022 3 74410 74409 74676
60156 4977 4847 4 74411 74413 84343 75723
60157 5364 5543 7 74415 74416 74859 74928 77622 91642 91643
60158 5364 5183 5 74416 74417 75029 74893 74860
60159 5167 5543 4 74418 74415 84853 84854
60160 5167 5364 6 74415 74417 75028 74696 74697 92586
60161 4440 4559 7 74419 74420 80868 83372 84829 84342 74645
60162 4679 4559 8 74422 74419 74647 75531 75647 75466 75443 74915
60163 4679 4440 4 74419 74421 80869 74646
60164 4431 4559 5 74420 74422 74916 75599 75603
60165 6056 6249 7 74423 74424 100683 92737 85724 85725 85010
60166 6056 6481 7 74424 74425 85288 84760 84759 92451 100598
60167 6204 6481 5 74425 74426 100669 100685 85290
60168 6481 6249 4 74424 74426 100668 100684
60169 5098 4937 5 74429 74430 83446 85054 85141
60170 5098 5203 6 74430 74431 84610 84611 84789 83447
60171 5159 5098 4 74429 74431 85140 85139
60172 4651 4195 4 74432 74433 84932 85034
60173 4651 4295 5 74433 74434 83445 75034 75035
60174 4459 4295 5 74434 74435 83624 83312 83313
60175 4459 4195 7 74435 74432 84638 83644 83643 83648 83623
60176 6263 6558 4 74436 74437 100932 100461
60177 6263 6447 10 74437 74438 100446 83139 83140 84707 85189 81783 81782 100951
60178 6501 6447 3 74438 74439 100448
60179 6501 6263 7 74436 74438 100447 74528 74527 85648 100455
60180 6447 6558 8 74437 74439 100486 100428 100430 100625 100633 100875
60181 5250 5103 7 74441 74442 85078 83380 83381 85025 84928
60182 5076 5250 6 74440 74442 85077 85379 85030 85029
60183 5103 4917 4 74441 74443 84987 84929
60184 4475 3987 6 74447 74448 84205 84211 83319 83317
60185 3987 3876 7 74447 74449 84011 84025 83800 83801 85167
60186 4440 4384 6 74450 74451 84831 83798 83797 84367
60187 4440 4872 6 74451 74452 80869 80870 84910 84832
60188 4431 4872 5 74452 74453 74695 74694 74748
60189 4431 4384 6 74453 74450 84575 84684 84683 84498
60190 4872 4384 5 74451 74453 84499 84570 84833
60191 5914 5613 3 74455 74456 92524
60192 5748 5613 6 74456 74457 92465 92483 92484 92525
60193 5748 5811 3 74457 74454 92452
60194 3780 4074 5 74459 74460 78097 79691 79692
60195 4607 4875 5 74462 74463 77625 77930 77970
60196 4682 4607 5 74461 74463 77626 77986 75163
60197 5311 5183 6 74467 74465 74496 74597 75634 74568
60198 5208 5183 6 74466 74467 74567 74569 74515 74516
60199 5167 4965 4 74469 74471 74477 75064
60200 5091 5183 4 74470 74472 74596 74496
60201 4646 4716 6 74480 74481 74718 74805 74781 74782
60202 3623 3472 8 74482 74483 83657 76028 76029 83955 83104 83106
60203 3316 3472 6 74485 74482 82719 82718 83821 75803
60204 3316 3623 5 74482 74484 83711 79651 79653
60205 3715 3472 3 74483 74485 75802
60206 5090 4299 4 74486 74487 75389 75623
60207 5913 6070 6 74489 74490 77405 77403 91662 91724
60208 5913 5782 5 74490 74491 91645 91529 91496
60209 5821 5782 6 74491 74492 90566 90568 91568 91569
60210 5821 6070 3 74492 74489 91062
60211 5821 5913 7 74489 74491 91420 74939 74938 89023 91725
60212 5782 6070 7 74490 74492 91061 91154 91109 87384 87382
60213 6827 7460 7 74493 74494 93258 75949 75951 92652 100931
60214 7460 6675 3 74493 74495 94405
60215 3902 4025 4 74500 74501 81632 81290
60216 3919 3902 5 74499 74501 79598 79597 79810
60217 4684 4744 4 74503 74502 74791 74790
60218 5603 6598 6 74508 74509 74863 76455 75257 75259
60219 4571 4195 6 74511 74512 84655 84590 84043 75478
60220 4571 4153 5 74512 74513 82547 82549 84144
60221 4673 4153 4 74513 74514 83641 84554
60222 4673 4195 5 74514 74511 75480 84932 83640
60223 4998 4761 8 74519 74520 85524 85536 85527 85526 85498 83494
60224 4929 4998 4 74518 74520 85525 -1
60225 3817 3997 5 74521 74522 80985 80972 80973
60226 4039 3997 5 74522 74523 75563 81025 80986
60227 4155 4202 7 74525 74526 80819 81183 80916 78260 78258
60228 4202 4196 6 74524 74526 80818 81162 80923 80922
60229 6263 6513 6 74528 74529 84189 83138 83139 100464
60230 5556 6513 5 74529 74530 100406 85275 84190
60231 5556 6501 4 74530 74527 83970 83971
60232 5556 6263 7 74527 74529 83473 83475 85791 85155 85154
60233 6513 6501 3 74528 74530 100405
60234 4144 3954 5 74531 74532 80167 80643 80542
60235 3954 4233 5 74531 74533 80704 80692 80543
60236 5109 5194 7 74534 74535 83802 84794 84779 84777 100727
60237 5059 5194 6 74537 74534 100729 84532 84531 84631
60238 4847 5194 4 74535 74537 84629 83803
60239 3949 4159 3 74538 74539 75801
60240 3999 4159 6 74539 74540 75495 75799 75669 75667
60241 4159 3873 7 74538 74540 75493 76011 74735 74732 76310
60242 4147 4370 3 74543 74544 75138
60243 4305 4534 5 74545 74546 83472 83470 75455
60244 4305 4147 9 74543 74545 75454 80185 80184 74559 74558 83626 75139
60245 4534 4370 6 74544 74546 84626 84619 84618 84494
60246 4287 4173 6 74548 74549 80839 80548 80547 80691
60247 6518 5130 3 74550 74551 92175
60248 5665 5345 6 74552 74553 83328 83153 83152 83995
60249 4625 4780 5 74554 74556 85069 85104 84770
60250 4147 3978 8 74557 74558 84368 75715 75716 75490 75488 84364
60251 4033 4147 3 74557 74559 83543
60252 5404 5591 6 74560 74561 92509 85138 85137 80999
60253 5311 5591 4 74561 74562 92394 92510
60254 5591 5322 5 74560 74562 92393 84931 81001
60255 5991 6307 6 74564 74565 91158 92333 92334 92230
60256 5946 6307 7 74565 74566 84818 84817 77473 77471 88923
60257 5946 5991 5 74563 74565 88598 88599 77838
60258 6307 5800 3 74564 74566 92232
60259 5189 4775 5 74571 74572 74587 74873 74807
60260 4716 5189 3 74570 74572 74588
60261 4744 4731 5 74575 74576 74776 74804 74749
60262 4872 5091 7 74581 74582 84577 85095 74634 74635 74639
60263 4977 4872 5 74580 74582 84576 80870 74719
60264 5689 5765 6 74584 74585 91605 74906 74904 92290
60265 5404 5765 3 74585 74586 74972
60266 5031 5037 5 74589 74590 74936 74951 74769
60267 4947 5031 7 74589 74591 74910 74756 74755 74909 74768
60268 4286 4477 3 74592 74593 75297
60269 4104 4610 6 74599 74600 76282 76425 76563 76622
60270 4104 4922 5 74598 74599 76391 76390 77779
60271 5090 5167 4 74602 74603 75625 74696
60272 5167 5355 4 74602 74604 92585 74697
60273 6130 5872 10 74605 74606 92299 84850 84849 92173 94964 94912 94913 94466
60274 5614 5706 7 74607 74608 75057 75056 91603 91659 91658
60275 5614 5872 5 74608 74605 94468 94889 94626
60276 5614 6130 6 74605 74607 94370 92313 92310 94467
60277 5706 5872 6 74606 74608 92171 92169 88525 88527
60278 5181 5568 7 74612 74611 75161 94909 94624 77370 77369
60279 2611 3036 6 74614 74615 79404 76648 76646 105768
60280 3033 2611 4 74613 74615 76712 76711
60281 3036 2612 4 74614 74616 106007 105770
60282 4453 4459 8 74619 74620 83645 83643 83559 83414 83413 83924
60283 4453 4785 3 74620 74618 84729
60284 4453 4780 7 74618 74619 83923 85397 84768 84770 85105
60285 5171 5098 3 74621 74622 84999
60286 5171 5358 8 74622 74623 84902 84903 85114 100543 84726 84727
60287 5358 5406 5 74624 74625 85114 100555 100808
60288 5358 5357 7 74625 74626 94367 85131 84860 84861 84903
60289 5528 5358 5 74624 74626 94366 100605 100604
60290 4283 4033 4 74628 74629 75469 84174
60291 3978 4283 5 74627 74629 75468 75481 83649
60292 5233 5550 5 74630 74631 76132 75412 75410
60293 5592 5109 3 74632 74633 100731
60294 5592 5550 7 74633 74630 100638 92499 92500 94487 94486
60295 5109 5550 7 74631 74633 100730 84777 84776 84870 76134
60296 4872 5311 4 74635 74636 74638 74652
60297 5322 4872 4 74634 74636 74637 85097
60298 3978 3853 4 74640 74641 83838 84393
60299 4062 3749 6 74642 74643 83576 83163 83164 84458
60300 4062 3978 5 74640 74642 75470 75468 75483
60301 4977 4679 5 74646 74647 74721 74720 74719
60302 4977 4559 4 74647 74645 84343 75532
60303 4977 4440 6 74645 74646 80870 84859 75722 75723
60304 3853 3715 5 74648 74649 83532 84393 80383
60305 3853 3694 6 74649 74650 80333 83729 83747 83533
60306 3901 3715 6 74651 74648 80385 84845 83723 83701
60307 3901 3853 5 74648 74650 80334 80798 80384
60308 3694 3715 6 74649 74651 83330 83331 83337 83339
60309 5647 5785 5 74659 74656 74759 74757 90707
60310 5647 5609 3 74656 74658 92255
60311 5380 5785 4 74657 74659 90706 92239
60312 4775 5009 3 74660 74661 75041
60313 5009 4679 6 74660 74662 74721 75531 75650 75043
60314 4808 5090 4 74664 74665 75509 74862
60315 7520 6829 6 74666 74667 84171 76479 76477 84128
60316 7460 6829 6 74667 74668 93258 75426 75425 84172
60317 5031 5283 3 74669 74670 74909
60318 4731 4431 4 74672 74673 74694 74747
60319 4583 4431 6 74673 74674 80710 80881 84498 74695
60320 4583 4646 4 74674 74671 74701 78142
60321 5134 5156 3 74679 74680 74891
60322 4512 5090 3 74683 74682 74899
60323 3949 4299 4 74684 74685 75491 75854
60324 3999 4299 6 74686 74684 75668 75669 75656 75323
60325 4872 4583 5 74690 74691 84572 84499 74695
60326 4565 4646 6 74701 74700 74777 74821 74822 78143
60327 3637 3708 7 74706 74707 80126 80127 81549 81550 81807
60328 3852 3708 5 74707 74708 80952 81956 82002
60329 3206 2996 6 74711 74709 75661 76076 76158 113256
60330 7679 7478 4 74712 74714 94662 95196
60331 3567 3675 5 74717 74715 75475 75477 75985
60332 6133 5901 7 74724 74725 75258 76488 94562 75879 75880
60333 5480 5901 6 74727 74724 94141 94473 76453 76451
60334 5603 5901 3 74725 74727 75259
60335 4931 4559 5 74729 74730 75647 75649 84523
60336 4900 4559 4 74730 74731 75467 75466
60337 4559 4512 8 74729 74731 75564 75554 75552 75547 75548 84521
60338 4029 3873 5 74732 74733 75192 75193 76182
60339 4159 3408 4 74734 74735 75961 75963
60340 3408 3873 4 74733 74735 76113 76110
60341 5219 5449 4 74736 74737 75708 93406
60342 5219 4933 7 74737 74738 75702 75704 84527 75045 75046
60343 5059 5219 5 74736 74738 75711 75712 93407
60344 3927 4144 4 74739 74740 80685 80424
60345 3870 4144 6 74742 74739 80425 80166 80167 80679
60346 3908 4144 4 74740 74742 80680 80686
60347 6005 5480 4 74752 74753 94475 76453
60348 6005 5851 5 74753 74750 74830 94528 94525
60349 6005 6598 7 74750 74752 76452 76487 75073 75075 74829
60350 5480 5851 5 74751 74753 93372 93371 76426
60351 4834 5031 4 74754 74756 74911 74908
60352 8172 6878 5 74760 74761 94293 94810 76299
60353 8172 7681 5 74761 74762 95326 94861 94294
60354 7519 7681 3 74762 74763 94636
60355 7681 6878 8 74761 74763 94174 94173 94566 77833 76708 76707
60356 4712 4547 5 74764 74765 75283 75284 77905
60357 4712 4485 3 74765 74766 78040
60358 4922 4547 3 74767 74764 77645
60359 5037 5134 4 74769 74770 75003 74952
60360 4856 4591 4 74771 74772 75098 75128
60361 5234 5069 4 74773 74774 92315 74881
60362 4744 4565 6 74776 74777 74792 74791 74789 74802
60363 4169 3970 6 74778 74779 80824 80825 80877 80808
60364 4169 4263 6 74779 74780 79757 79758 80735 80793
60365 4281 4169 5 74778 74780 80734 80861 80809
60366 4664 4610 6 74787 74788 76434 76142 76143 76563
60367 4565 4609 5 74792 74793 74817 74818 74821
60368 5189 5134 5 74794 74796 74950 74952 75005
60369 4306 4771 6 74799 74800 76378 76439 75673 75071
60370 4306 5177 6 74800 74801 76036 76037 76444 76379
60371 4870 4306 7 74799 74801 74963 74964 76412 75783 75072
60372 4744 4987 3 74802 74803 74804
60373 4775 5183 4 74807 74808 74935 74874
60374 5183 4957 4 74806 74808 74933 74893
60375 4529 4552 3 74813 74814 80156
60376 4609 4646 4 74820 74821 74823 75402
60377 3500 3185 5 74825 74826 75039 75040 80066
60378 3643 3185 5 74826 74827 75732 75731 80181
60379 3185 3445 4 74825 74827 80265 80180
60380 6657 6005 4 74829 74830 77855 76601
60381 6657 5851 6 74830 74828 92168 84974 84973 94342
60382 6657 6598 7 74828 74829 76600 94437 93443 93442 92167
60383 4415 4607 5 74833 74834 77730 75281 75280
60384 4415 4575 7 74834 74835 77899 78046 77902 77903 77907
60385 4467 4575 5 74835 74836 77769 77768 77900
60386 4467 4607 7 74836 74833 77650 77901 77984 77626 77625
60387 4575 4607 5 74834 74836 77930 77969 77908
60388 4142 4309 7 74837 74838 77871 78991 75343 75344 75665
60389 4142 4123 3 74838 74839 76844
60390 4236 4309 4 74840 74837 77582 77577
60391 4589 5851 9 74843 74841 76426 94187 94186 94207 94523 94524 94831
60392 6373 5851 3 74842 74843 94832
60393 3776 4512 4 74844 74845 76190 76197
60394 3851 4255 3 74846 74847 75535
60395 4255 4512 8 74845 74847 75533 75554 75565 75568 75652 75654
60396 10675 9008 5 74850 74851 76572 106120 106121
60397 10675 7681 6 74851 74852 107623 122166 96210 76573
60398 8634 7681 6 74852 74853 95326 94636 94174 94175
60399 8634 9008 6 74853 74850 106326 106867 94519 94516
60400 8634 10675 6 74850 74852 107605 107587 107588 106325
60401 4554 4635 3 74854 74855 78157
60402 6085 5426 3 74856 74857 96241
60403 6085 6340 4 74857 74858 96533 96242
60404 5364 5189 4 74859 74860 74892 74927
60405 6165 6482 6 74869 74870 93870 93871 94449 94740
60406 6165 7061 5 74870 74871 91532 91530 94469
60407 6717 7061 4 74871 74872 94289 91535
60408 6717 6482 4 74872 74869 94392 94391
60409 6717 6165 6 74869 74871 91534 92159 94190 94189
60410 6940 6896 9 74878 74875 85014 87837 87836 92758 99542 99705 92780
60411 6816 6896 4 74876 74878 92779 100313
60412 5069 5380 4 74881 74882 74967 92316
60413 5376 5067 8 74883 74884 77818 95839 75674 75676 77585 77723
60414 5376 5535 9 74884 74885 77927 77813 77806 77807 95986 77817 77815
60415 4750 5376 4 74883 74885 77929 77791
60416 3956 4181 6 74887 74888 76765 76729 76731 78094
60417 3956 4220 5 74888 74889 78104 78102 76766
60418 4204 4220 6 74889 74890 75200 75249 77995 78000
60419 4204 4181 7 74890 74887 78043 78042 78039 77906 75198
60420 4204 3956 6 74887 74889 78549 78548 79047 78826
60421 4220 4181 5 74888 74890 75199 75276 76767
60422 4395 4670 3 74894 74895 75162
60423 1691 1958 4 74896 74897 118160 121139
60424 1958 1794 5 74896 74898 118775 120343 120342
60425 5129 5459 7 74902 74903 76577 96030 76311 74995 74994
60426 5129 5326 5 74903 74900 76617 76842 76576
60427 5129 5256 4 74900 74902 75119 76456
60428 5459 5326 4 74901 74903 76575 94634
60429 5689 5812 5 74904 74905 92062 92616 92289
60430 5689 5647 5 74905 74906 91606 92070 92063
60431 5765 5812 4 74907 74904 91431 91430
60432 5647 5812 5 74905 74907 92617 92597 92064
60433 4265 4743 5 74913 74914 77797 75204 75203
60434 4265 4415 4 74914 74912 75101 75103
60435 4559 4261 5 74915 74916 75561 75080 75081
60436 4431 4261 6 74916 74917 75267 75392 75608 75600
60437 6688 6463 5 74920 74921 91810 91753 90578
60438 6688 6412 5 74921 74922 91314 91823 91854
60439 6426 6688 5 74920 74922 91313 90582 90579
60440 7786 7980 6 74924 74925 75663 84535 100915 101037
60441 7786 8538 5 74925 74926 86144 101008 75662
60442 8600 7786 4 74924 74926 86143 101045
60443 5234 5543 3 74928 74929 77621
60444 4900 4775 7 74934 74935 75062 75041 75042 75117 75131
60445 5183 4900 5 74933 74935 75129 75030 75029
60446 5821 5991 3 74938 74940 77838
60447 4467 4330 6 74942 74943 77900 77937 76817 76816
60448 4330 4415 4 74941 74943 77899 75666
60449 5031 5189 5 74947 74948 74949 74950 74951
60450 5380 5583 3 74953 74954 74955
60451 2906 2821 9 74957 74958 79324 79325 79865 118568 118621 118252 82150
60452 2906 2752 7 74958 74959 118807 82203 82204 118615 118616
60453 2544 2752 6 74959 74960 78961 114227 114225 118808
60454 2544 2821 4 74960 74957 82152 78959
60455 2544 2906 4 74957 74959 118506 82151
60456 2752 2821 4 74958 74960 78960 118767
60457 5117 5073 5 74965 74966 77892 77643 77642
60458 5684 5696 8 74968 74969 92268 84465 84463 100807 100564 92556
60459 5311 5696 4 74970 74971 92510 92268
60460 7465 7158 4 74973 74974 86171 88552
60461 7391 7142 5 74975 74976 93142 93125 92897
60462 7391 7158 6 74976 74973 88554 89570 88304 88301
60463 7391 7465 6 74973 74975 92864 89471 89472 88553
60464 7142 7158 7 74974 74976 92732 91971 91973 92083 86172
60465 5996 5785 5 74977 74978 91383 91382 91731
60466 5996 5800 5 74978 74979 92231 92232 92279
60467 6038 5800 4 74979 74980 75404 75407
60468 6038 5996 5 74977 74979 92373 84346 84345
60469 5800 5785 5 74978 74980 91455 92258 92259
60470 6928 7231 6 74981 74982 91900 91901 95033 95091
60471 6942 6377 7 74983 74984 91707 91708 91492 91493 94274
60472 6942 7231 7 74984 74981 95036 92349 92348 91733 91732
60473 6942 6928 4 74981 74983 92193 92194
60474 6377 7231 4 74982 74984 94223 93319
60475 8051 8525 4 74985 74986 95202 95206
60476 8051 8622 4 74986 74987 94785 95201
60477 8609 8051 6 74985 74987 94786 93972 93973 94253
60478 6617 6392 4 74988 74989 77661 92129
60479 6277 6639 5 74990 74991 89577 89576 91086
60480 6277 6392 4 74991 74988 92082 92080
60481 6277 6617 5 74988 74990 91085 92591 92130
60482 4647 5228 3 74993 74992 75183
60483 6132 5711 5 74996 74997 94429 91620 91618
60484 6132 5449 5 74997 74998 84975 94441 94432
60485 6482 5449 6 74998 74999 75689 92577 94263 84976
60486 6482 5711 5 74999 74996 93871 75168 75167
60487 5067 4771 3 75006 75007 76204
60488 4591 4906 5 75015 75016 75417 75148 75128
60489 7524 7890 4 75017 75018 95268 91552
60490 7524 8142 5 75018 75019 91676 95110 95111
60491 7818 7890 10 75020 75017 91554 95585 95671 91942 91941 94924 94678 93061
60492 4282 4220 9 75021 75022 75228 75229 75320 77881 77909 77774 76283
60493 4111 4220 6 75023 75021 75269 75270 78029 78030
60494 4323 4220 4 75022 75023 77998 77924
60495 877 11716 6 75024 75025 122245 80130 80131 122394
60496 877 11442 4 75025 75026 107583 118661
60497 11618 11442 7 75026 75027 95444 101721 101720 101953 107585
60498 11618 11716 4 75027 75024 101952 95443
60499 11618 877 5 75024 75026 107584 113352 122240
60500 5167 4900 5 75028 75030 75064 75065 75625
60501 3419 4351 5 75031 75032 76393 75776 75077
60502 6373 4351 5 75033 75031 75078 94611 75775
60503 4651 4673 7 75035 75036 85458 85113 85082 85035 84932
60504 4582 4673 5 75036 75037 83290 85218 85457
60505 4582 4651 6 75034 75036 85443 83455 83457 85036
60506 4673 4295 6 75035 75037 83289 84553 83641 83640
60507 3315 3500 6 75038 75040 80067 80111 80110 80168
60508 4900 4679 5 75042 75043 75648 75466 75118
60509 5219 5247 3 75044 75045 75149
60510 5491 5247 8 75047 75044 75151 92608 92252 92253 94412 75325
60511 5491 5219 5 75044 75046 75708 100752 75150
60512 3419 3089 4 75049 75050 100890 100891
60513 3376 5039 3 75051 75052 75597
60514 3376 3419 9 75049 75051 76491 76493 76503 76486 76485 121923 121924
60515 5039 3089 7 75050 75052 75596 113365 101187 101188 113086
60516 6243 6503 5 75054 75055 88602 94389 94251
60517 5706 5364 5 75057 75058 77622 92170 92171
60518 5234 5706 5 75056 75058 77621 91477 91604
60519 5364 5614 3 75057 75059 94626
60520 4965 4900 4 75062 75063 75064 75129
60521 4664 3886 4 75069 75070 75261 75262
60522 4664 4104 4 75070 75068 76563 76650
60523 4485 4306 5 75071 75072 75740 75742 75672
60524 6598 6579 4 75074 75075 76600 76401
60525 6005 6579 8 75075 75076 92143 94549 94427 93873 77854 76601
60526 6005 7630 4 75076 75073 76511 92142
60527 6579 7630 3 75074 75076 76402
60528 4559 4255 4 75079 75080 75553 75554
60529 4379 4559 5 75079 75081 75443 75467 75564
60530 4060 4267 3 75083 75084 79484
60531 4124 4260 4 75085 75082 80440 81091
60532 3942 3957 8 75086 75087 76345 76344 76730 76079 76081 76342
60533 5568 4992 7 75089 75088 75109 94234 91557 91556 77816
60534 4712 5000 5 75090 75091 77739 76179 75255
60535 4922 5000 5 75091 75092 77421 77724 77744
60536 5000 5256 4 75090 75092 77419 75256
60537 4652 4395 4 75093 75094 77982 78154
60538 4280 4395 6 75096 75097 78140 78079 75314 75305
60539 4427 4265 6 75102 75103 77797 77849 77847 78889
60540 6913 6645 7 75105 75106 86503 86502 89491 89115 89117
60541 6589 6785 6 75107 75104 89477 89516 89515 89542
60542 6589 6913 3 75104 75106 86759
60543 6645 6785 4 75105 75107 89525 89420
60544 5177 5568 6 75108 75109 94236 94902 75161 75160
60545 3117 3032 4 75112 75113 115756 81899
60546 3117 3015 5 75113 75110 81916 81915 115755
60547 3117 3166 7 75110 75112 79087 79086 82158 81930 81929
60548 3032 3015 6 75111 75113 115754 118802 118801 79914
60549 4191 4309 4 75115 75116 78426 78118
60550 4191 4241 6 75116 75114 78122 78054 78053 78417
60551 4191 3724 4 75114 75115 78117 78120
60552 4148 4467 3 75121 75122 76816
60553 4405 4142 3 75123 75120 75236
60554 4405 4148 7 75120 75122 75372 75369 77957 75457 75235
60555 3721 3679 5 75124 75125 78007 78008 79680
60556 3721 3752 6 75125 75126 80517 79037 79040 79681
60557 3631 3752 6 75126 75127 76278 76279 79997 80523
60558 3752 3679 6 75125 75127 79066 79076 79079 79080
60559 4900 4620 4 75130 75131 75133 75132
60560 6915 6096 5 75135 75136 101067 101066 94521
60561 6829 6096 4 75137 75135 94522 94501
60562 6162 6096 6 75136 75137 94385 92251 92250 92701
60563 4022 4305 3 75139 75140 83627
60564 4712 5401 4 75141 75142 75255 76178
60565 4996 5256 3 75143 75144 75181
60566 4299 4379 5 75146 75147 75567 75451 75452
60567 5024 5219 7 75149 75150 100594 75712 75710 84526 84527
60568 5247 5024 6 75149 75151 94561 75499 75500 84529
60569 5903 5711 6 75153 75154 94323 94376 94377 91641
60570 5543 5711 5 75155 75153 91643 84853 84852
60571 5812 5711 5 75154 75155 92616 92615 94324
60572 4906 5177 3 75157 75158 75160
60573 5181 4771 3 75159 75156 76378
60574 4395 4607 7 75162 75163 77985 77901 77845 77846 77923
60575 6243 6482 8 75169 75167 75689 92576 88253 88255 94355 94389
60576 6080 6482 4 75168 75169 94388 94449
60577 4335 4512 7 75170 75171 75805 75846 76197 75651 75652
60578 4335 4655 8 75171 75172 75681 76442 76098 75861 75380 75379
60579 4887 4875 4 75175 75176 76818 77736
60580 4887 5234 4 75184 75185 75186 77320
60581 3733 3954 4 75187 75188 80467 76202
60582 4712 4743 7 75189 75190 76178 76179 77740 76820 75203
60583 4029 3235 6 75191 75192 76409 76410 76421 76140
60584 3949 4029 4 75191 75193 76181 76139
60585 4146 4313 5 75194 75195 79661 78192 75342
60586 5326 5401 6 75196 75197 76289 95935 94841 77597
60587 4204 4400 3 75200 75198 75248
60588 4220 4400 5 75199 75200 75247 75320 75277
60589 3240 3812 4 75202 75201 78999 76171
60590 2947 2839 7 75205 75206 112954 112955 115906 115697 115696
60591 2947 2902 3 75206 75207 82011
60592 2778 2902 6 75207 75208 116204 116155 116109 82012
60593 2778 2839 5 75208 75205 80211 80213 114037
60594 2778 2947 6 75205 75207 82010 114198 113846 113848
60595 2902 2839 8 75206 75208 116202 115289 115291 82383 82385 113424
60596 4795 4877 5 75212 75210 84169 84355 84693
60597 4398 4198 4 75213 75214 80053 80055
60598 4398 4077 5 75214 75215 81321 81538 81539
60599 4136 4280 6 75216 75217 79064 77680 77681 78079
60600 3724 3502 4 75221 75222 77084 78839
60601 3724 3553 5 75222 75223 78127 78816 77085
60602 3955 3553 4 75223 75224 78473 78129
60603 3955 3724 8 75221 75223 78128 78569 78121 78120 75332 75334
60604 3553 3502 8 75222 75224 78829 78830 78855 78605 78604 77086
60605 4400 4607 4 75225 75226 75278 75281
60606 4400 4547 7 75226 75227 75284 75282 75248 75247 75321
60607 4591 4220 5 75230 75228 77924 77999 77997
60608 4547 4220 5 75229 75230 77994 75249 75247
60609 4450 4132 5 75233 75231 78640 78639 80761
60610 4282 4148 3 75234 75235 75456
60611 5550 5026 4 75241 75242 84778 84776
60612 4137 4142 3 75245 75246 78482
60613 4547 4204 4 75248 75249 77996 77906
60614 3717 3492 7 75250 75251 80449 80461 80469 80062 75359
60615 3492 3692 4 75250 75252 80441 75361
60616 6598 6133 4 75257 75258 76487 76454
60617 6598 5901 4 75258 75259 76451 76452
60618 3886 4628 3 75261 75263 76523
60619 3367 3956 6 75264 75265 79049 79051 79052 79026
60620 4136 4220 4 75268 75269 76283 76778
60621 4024 4220 5 75270 75268 76779 78004 78003
60622 4281 4338 4 75273 75274 80671 80678
60623 4281 4418 6 75271 75273 80620 80619 80579 80577
60624 4338 4263 7 75272 75274 80635 80391 80390 81110 79062
60625 4220 4415 5 75276 75277 77881 77910 79020
60626 4282 4400 4 75278 75279 75320 75321
60627 4181 4547 4 75282 75283 78038 77906
60628 3224 3217 7 75287 75288 76383 76385 122109 122216 76070
60629 3555 3812 5 75289 75290 75353 75352 76215
60630 3555 3217 8 75290 75287 76072 122304 76514 76513 76085 76084
60631 3812 3217 3 75288 75290 76288
60632 3642 3608 5 75291 75292 79801 79817 79625
60633 3642 3444 7 75292 75293 78477 79794 79887 79800 79798
60634 3767 3444 6 75293 75294 79154 79153 78341 78339
60635 3767 3642 5 75291 75293 78476 79788 79626
60636 3769 3743 8 75298 75299 79115 79116 80044 79868 79150 79151
60637 3769 3776 3 75299 75300 80153
60638 3944 3743 3 75301 75298 80379
60639 3944 3769 6 75298 75300 80154 80431 75398 75397
60640 3634 3451 4 75304 75302 75607 83777
60641 3694 3451 5 75303 75304 83734 83331 80374
60642 1339 1058 8 75306 75307 113082 113083 113277 113275 112610 112611
60643 1339 1130 3 75307 75308 83849
60644 1635 1130 8 75308 75309 112745 113914 113554 113553 84164 83850
60645 1635 1058 3 75309 75306 112744
60646 1635 1339 7 75306 75308 82521 82518 113455 113211 113179
60647 1130 1058 8 75307 75309 84063 84065 76145 76144 102169 102168
60648 3116 3097 7 75310 75312 80077 79630 79632 118770 75958
60649 3403 3107 5 75311 75313 79138 79908 80023
60650 3672 3654 5 75315 75316 80456 80787 80509
60651 3672 3453 6 75316 75317 80452 81981 82107 80457
60652 3522 3672 6 75315 75317 80430 80429 80528 80508
60653 4255 3999 6 75323 75324 75465 75843 75654 75653
60654 4255 4299 6 75322 75323 75655 75568 75451 75376
60655 4755 4405 3 75329 75331 77789
60656 3724 3556 6 75333 75334 78839 78048 78049 79003
60657 3955 3556 8 75334 75335 76789 76788 78836 78786 78782 78781
60658 3556 3907 5 75333 75335 76235 76234 76758
60659 3525 3241 5 75337 75336 75585 80193 80192
60660 3625 3783 5 75338 75339 81707 79751 79752
60661 3625 3509 7 75339 75340 82907 82529 82530 82667 81718
60662 3771 3509 6 83173 83170 82908 75340 75341 -1
60663 3771 3625 6 75338 75340 82906 82648 82647 82634
60664 3509 3783 5 82713 81719 75339 75341 -1
60665 4415 4309 4 75344 75345 78046 75666
60666 2754 2898 7 75348 75349 119683 119682 79911 79912 120200
60667 2754 3214 4 75349 75350 120271 120267
60668 2950 3214 5 75350 75351 120260 120221 120219
60669 2950 2898 5 75351 75348 120201 120321 120308
60670 3613 3555 3 75353 75355 76084
60671 3752 3716 5 75356 75357 76293 76233 76230
60672 3752 3944 5 75357 75358 76188 76224 76291
60673 3707 3752 5 75356 75358 76187 80436 76229
60674 3665 3717 4 75359 75360 80194 80060
60675 3665 3692 6 75360 75361 80380 80381 80418 80451
60676 3493 3456 7 75362 75363 79262 79034 78885 78478 78479
60677 3493 3780 5 75363 75364 78940 78938 79264
60678 3829 3780 8 75364 75365 78943 77879 77878 76297 76296 77782
60679 3829 3456 4 75365 75362 78642 78942
60680 3829 3493 6 75362 75364 77971 77972 78068 78069
60681 3780 3456 4 75363 75365 78941 79217
60682 4323 4082 3 75367 75368 75422
60683 4405 4330 5 75371 75372 76817 77936 77651
60684 3812 3128 6 75373 75374 76419 76420 79004 76171
60685 3235 3128 10 75374 75375 76096 120305 122219 120608 76316 76317 76395 76421
60686 3128 3367 3 75373 75375 76095
60687 4085 4335 5 75378 75379 75805 75822 75820
60688 4655 4257 5 75380 75377 75767 75766 75860
60689 4335 4257 4 75378 75380 75859 75827
60690 3808 3608 5 75382 75381 79796 79795 77987
60691 4233 4509 4 75383 75384 80342 80576
60692 4338 4233 7 75383 75385 80700 80702 80688 80678 80677
60693 3906 3944 5 75386 75388 76188 76189 75991
60694 4655 5181 5 75390 75391 75681 76443 75598
60695 4286 4646 4 75394 75395 80628 80627
60696 4082 3769 4 75396 75398 80432 80472
60697 4286 4082 4 75400 75401 80693 80327
60698 4418 4609 5 75402 75403 80649 80650 80660
60699 5706 5991 5 75405 75406 91658 91538 91537
60700 5800 5706 5 75404 75406 91659 92235 91455
60701 5991 6038 6 75405 75407 92373 92334 92332 94768
60702 5632 5233 5 75409 75410 92534 92535 100796
60703 5632 5550 6 75410 75411 84894 84895 100636 100638
60704 5332 5233 3 75412 75409 83947
60705 5332 5632 6 75409 75411 94137 94139 94484 100798
60706 2254 2646 4 75413 75414 122315 76333
60707 2254 2137 6 75414 75415 120280 122379 122430 122413
60708 2510 2137 5 75415 75416 114247 118541 118542
60709 2510 2646 4 75416 75413 76334 113410
60710 2510 2254 8 75413 75415 120281 122439 122429 76124 76119 76121
60711 4255 4280 3 75418 75419 75421
60712 8417 6915 8 75423 75424 92567 94184 85162 85160 107883 101218
60713 8417 7460 4 75424 75425 76370 76371
60714 6829 8417 5 75423 75425 94572 101249 101219
60715 7460 6915 5 75424 75426 75949 75950 84279
60716 4543 4867 5 75427 75428 81050 80752 80753
60717 4418 4732 5 75429 75430 76242 80650 79140
60718 3241 3205 3 75432 75433 76039
60719 3094 3445 3 75434 75431 80079
60720 3094 3241 7 75431 75433 76025 76022 118122 80188 80187
60721 3205 3445 5 75432 75434 80078 80089 76040
60722 4897 3868 4 75438 75435 75953 101153
60723 2764 2311 5 75439 75440 120306 121212 121210
60724 2764 2840 3 75440 75441 79000
60725 3128 2840 4 75441 75442 121351 79001
60726 3128 2311 6 75442 75439 122218 120608 76359 76358
60727 4195 3749 3 75447 75444 83164
60728 4195 4033 5 75444 75446 84590 84589 84488
60729 4117 3749 8 75445 75447 83163 81021 81020 83521 83934 84666
60730 2814 3300 8 75448 75449 118665 122455 115393 82512 82511 118673
60731 3241 2814 6 75448 75450 118688 118717 118719 118696
60732 4147 4346 5 75453 75454 75487 75490 84369
60733 4305 4346 3 75454 75455 84752
60734 4153 3876 7 75459 75460 83694 83696 85204 83309 83311
60735 1344 1686 3 75461 75462 124634
60736 1710 1344 4 75461 75463 116945 124558
60737 3944 3999 3 75465 75464 75844
60738 4062 4033 5 75469 75470 84458 84488 84175
60739 4062 4283 9 75468 75469 84173 84742 79995 79994 84585 84840 75482
60740 3645 3964 4 75473 75471 75671 75946
60741 3964 3567 4 75476 75477 75978 75847
60742 3964 3675 5 75477 75474 75670 75671 75986
60743 4195 4785 6 75478 75480 85034 84638 76009 76006
60744 3715 4062 4 75482 75483 80383 80385
60745 3715 4283 5 75481 75482 84845 84844 84363
60746 3790 4090 7 75484 75485 78055 78657 78660 78658 78664
60747 3790 3877 7 75485 75486 78665 78415 78413 77274 77275
60748 3854 3790 6 75484 75486 78666 78674 78667 78668
60749 4446 4147 4 75487 75488 80182 80185
60750 3949 4120 6 75491 75492 76191 78547 75853 75852
60751 3776 3873 6 75493 75494 75914 76059 75823 75824
60752 3776 3999 7 75494 75495 76083 76190 75843 75844 75915
60753 4159 3776 6 75493 75495 75849 75848 76200 76010
60754 3752 4038 6 75496 75497 76225 76227 76292 76224
60755 6030 5760 6 75505 75506 95959 77494 77495 91648
60756 6030 5508 4 75506 75507 77749 95960
60757 5743 5508 5 75507 75508 77620 95928 77750
60758 5743 5760 6 75508 75505 91427 91429 95825 77618
60759 5743 6030 6 75505 75507 77748 95938 95937 91647
60760 5508 5760 5 75506 75508 77619 94374 95949
60761 11908 3111 4 75511 75512 120088 120089
60762 3079 3071 4 75513 75514 78279 78738
60763 3079 11908 5 75511 75513 121710 121858 133249
60764 3645 3353 5 75516 75517 75866 75921 83841
60765 11552 11323 6 75520 75521 109432 109408 109406 111473
60766 11484 11552 6 75519 75521 109205 109203 109383 109353
60767 4120 4591 4 75522 75523 77999 75530
60768 4299 4771 4 75524 75525 75526 75673
60769 4299 4485 4 75526 75527 75529 75672
60770 4120 4485 5 75529 75530 78001 75743 75742
60771 5009 4559 4 75531 75532 84381 75649
60772 4003 4512 4 75533 75534 75604 75552
60773 4003 3851 7 75534 75535 75614 75613 80329 80190 75605
60774 11072 10235 7 75536 75537 100755 100756 101857 101855 107783
60775 11072 11442 8 75537 75538 76068 76069 107842 101963 101964 107820
60776 11397 11442 7 75538 75539 106591 102084 102086 107912 122204
60777 11397 10235 4 75539 75536 107664 107661
60778 11397 11072 5 75536 75538 76398 76399 107784
60779 11442 10235 3 75537 75539 107775
60780 2862 2701 5 75543 75544 79999 119070 119127
60781 2633 2701 7 75544 75545 79946 79949 119087 119099 80000
60782 2633 2822 4 75545 75542 115811 119160
60783 2701 2822 5 75543 75545 119190 78949 78948
60784 4559 4414 5 75548 75546 83372 80372 80373
60785 4559 4128 5 75546 75547 75602 75603 80868
60786 4401 4785 5 75550 75551 80164 76006 76007
60787 5026 4401 5 75549 75551 80165 84795 84793
60788 4559 4003 5 75552 75553 75561 75599 75602
60789 4665 4582 5 75556 75557 85442 83455 83456
60790 4581 4665 3 75555 75557 85462
60791 3908 3694 3 75559 75560 80538
60792 3694 3673 5 75558 75560 80290 80280 80282
60793 4512 4379 4 75564 75565 75567 75566
60794 3515 3102 3 75570 75571 75993
60795 3047 3102 10 75571 75572 79114 120314 120289 120288 122485 80148 76351 75995
60796 3102 3428 4 75570 75572 79113 79118
60797 3268 3069 4 75573 75574 84410 83860
60798 3353 3268 4 75573 75575 83858 83861
60799 922 805 3 75577 75578 121257
60800 922 1097 5 75578 75576 120404 121199 121200
60801 922 838 8 75576 75577 122667 122785 106580 106582 121976 120403
60802 3423 3358 6 75579 75580 80283 80306 80304 80302
60803 3487 3358 5 75580 75581 82038 79872 79869
60804 4085 4210 5 75582 75583 75839 75840 75806
60805 3445 3525 4 75584 75585 80031 80029
60806 3654 3525 4 75587 75588 80416 80365
60807 3654 3597 4 75586 75587 80363 75610
60808 4283 4440 4 75589 75590 83797 84365
60809 4346 4283 5 75589 75591 83649 84363 84771
60810 3863 3817 7 75593 75594 83086 83437 83529 83548 83378
60811 3863 4018 3 75594 75592 83085
60812 3863 3853 6 75592 75593 82964 82966 83755 83622
60813 4431 4003 5 75599 75600 76177 76176 75601
60814 4003 4128 6 75601 75602 75604 75605 80106 80105
60815 3389 3634 5 75606 75607 83775 80276 80277
60816 3851 3743 3 75611 75613 80328
60817 3056 3077 4 75615 75616 115341 115385
60818 4192 3376 4 75620 75622 76486 75923
60819 5090 4696 4 75623 75624 75643 75640
60820 6863 6928 9 75626 75627 94835 94919 92192 92193 92564 92565 92342
60821 6863 6717 3 75627 75628 94211
60822 6503 6928 4 75629 75626 92344 92091
60823 6503 6863 4 75626 75628 94212 92343
60824 6717 6928 9 75627 75629 92090 92159 92160 93320 95093 95094 94836
60825 6877 6992 5 75630 75631 92572 94899 94686
60826 6811 7193 3 75632 75633 95831
60827 6811 6992 6 75633 75630 94688 94923 94962 95874
60828 6811 6877 5 75630 75632 94871 94870 94687
60829 7193 6992 6 75631 75633 95873 94747 94631 92574
60830 5311 5689 4 75634 75635 91605 91606
60831 9309 9765 6 75636 75637 108067 101740 101741 107265
60832 9309 9481 6 75637 75638 102496 101104 101105 108066
60833 9550 9765 5 75639 75636 94799 94801 102853
60834 9481 9765 4 75637 75639 102550 102551
60835 5090 4856 3 75641 75642 75643
60836 5130 4897 5 75645 75646 75953 84257 84256
60837 4931 4679 3 75647 75648 75650
60838 4335 4255 3 75652 75653 75655
60839 3999 4512 3 75654 75651 76190
60840 3999 4335 5 75651 75653 75656 75799 76083
60841 5130 5974 5 75659 75657 84257 101152 113355
60842 7894 7786 8 75662 75663 84534 94346 93262 84607 84608 100983
60843 7894 7980 6 75663 75664 101010 94403 94401 84533
60844 8538 7894 5 75662 75664 101112 76052 76054
60845 3999 4306 3 75667 75668 75800
60846 5797 5376 3 75674 75675 94147
60847 4104 4306 4 75677 75678 76412 76411
60848 4204 4306 6 75678 75679 75760 75741 75740 75783
60849 5181 4335 3 75680 75681 76437
60850 6377 6358 4 75682 75683 84848 92165
60851 6392 5872 5 75684 75685 92299 88527 88524
60852 6392 6377 6 75682 75684 92660 92662 94328 92164
60853 5872 6358 3 75683 75685 84850
60854 5711 5998 5 75686 75687 91620 91619 94376
60855 5090 5998 5 75688 75686 92351 92352 94454
60856 5355 5998 4 75687 75688 94204 94202
60857 6003 6277 4 75690 75691 92558 92579
60858 6003 5543 5 75691 75692 92229 92244 92557
60859 6038 5543 3 75692 75693 91125
60860 6038 6277 8 75693 75690 92625 92648 92130 92082 89982 89983
60861 7368 7413 6 75696 75697 94718 95140 95175 93059
60862 7368 7558 7 75697 75694 89063 94267 91984 91983 94717
60863 7368 7821 4 75694 75696 93032 89062
60864 7413 7558 4 75695 75697 92325 92324
60865 4085 4512 5 75698 75699 75840 75845 75805
60866 3518 3805 3 75701 75700 75831
60867 4568 5219 4 75702 75703 75710 75711
60868 4564 5219 3 75703 75704 84526
60869 3749 3533 5 75706 75707 83779 83778 84341
60870 5059 5024 4 75712 75709 84532 100595
60871 9512 9743 5 75717 75718 95356 95354 108093
60872 9512 9658 6 75718 75719 107999 108081 108119 103390
60873 9749 9658 6 75719 75720 107451 108239 108289 108001
60874 9749 9743 4 75720 75717 99798 99797
60875 9749 9512 5 75717 75719 108000 94027 94026
60876 9658 9743 6 75718 75720 102904 101601 101600 102592
60877 5064 4440 4 75721 75722 84858 84333
60878 3716 3736 6 75726 75727 76210 76233 76195 76027
60879 3315 3716 4 75726 75728 80110 76026
60880 3776 3736 4 75727 75729 76059 76151
60881 3185 3300 6 75732 75730 122456 118665 80266 80265
60882 3185 3518 5 75730 75731 84390 84391 118536
60883 3406 3178 7 75734 75735 75744 75745 76075 122478 76087
60884 3489 3406 4 75733 75735 76061 76073
60885 4003 4093 4 75737 75738 76176 80105
60886 4306 4120 4 75741 75742 75872 75852
60887 4485 4204 8 75743 75740 75784 76457 77780 78039 77996 77995
60888 4120 4204 5 75741 75743 78000 78549 75853
60889 3451 3241 4 75747 75748 76772 83764
60890 7614 7982 5 75750 75751 95759 90460 90461
60891 7819 7614 4 75749 75751 95760 97581
60892 9221 9275 7 75752 75753 106881 106879 107850 107668 76366
60893 9221 7630 6 75753 75754 95372 108042 107841 107747
60894 8246 7630 4 75754 75755 93955 93956
60895 8246 9275 4 75755 75752 76368 107763
60896 8246 9221 4 75752 75754 95371 76367
60897 3895 3498 4 75757 75758 79221 78883
60898 3895 3539 5 75758 75756 76021 75944 75942
60899 4306 3949 8 75759 75760 75852 75854 75800 75801 76183 76181
60900 10991 11145 3 75761 75762 120296
60901 10991 10562 7 75762 75763 106599 107665 107626 107624 122139
60902 11732 10562 3 75763 75764 106601
60903 11732 11145 7 75764 75761 120298 106497 102113 102111 107616
60904 4808 4257 4 75765 75767 75781 75808
60905 3595 3005 8 75768 75769 101867 84443 84305 84283 84282 84457
60906 3595 3066 3 75769 75770 101866
60907 3871 3595 7 75768 75770 113141 84301 84303 84455 84456
60908 5880 5688 4 75772 75773 100592 85884
60909 5472 5880 5 75771 75773 100582 100583 100559
60910 5688 5804 4 75772 75774 85647 85646
60911 6277 6317 9 75778 75780 93583 89575 89577 92080 89982 89981 77378
60912 4870 4204 3 75784 75783 76413
60913 9526 9378 6 75785 75786 106611 106382 106383 107603
60914 9526 9879 5 75786 75787 95498 107642 106612
60915 9374 9879 4 75787 75788 107096 95500
60916 9374 9526 5 75785 75787 95499 106614 107627
60917 9879 9378 9 75786 75788 95309 95308 107054 107034 95352 95353 106613
60918 3945 3641 4 75790 75791 84562 84519
60919 3945 3828 4 75791 75792 83683 83728
60920 3805 3828 6 75792 75793 75831 83811 84135 83684
60921 3805 3945 4 75790 75792 83620 83621
60922 9260 9996 6 75794 75795 107056 102425 101817 101818
60923 9260 10235 6 75795 75796 101580 101890 108044 107057
60924 10510 10235 11 75796 75797 107989 100757 100755 107775 107661 107662 107851 107848 101581
60925 10510 9996 6 75797 75794 100016 100015 107969 107968
60926 10510 9260 3 75794 75796 101579
60927 10235 9996 5 75795 75797 107988 107993 107058
60928 3577 3316 3 75803 75804 83822
60929 3577 3715 9 75804 75802 76051 76050 83532 83339 83336 83768 83823
60930 4257 5247 8 75808 75809 75882 75881 75989 75988 75842 75841
60931 3698 3672 6 75811 75812 80567 80528 78236 78239
60932 3698 3820 5 75812 75810 81352 80408 80407
60933 2859 2881 7 75813 75814 95559 120401 78135 78136 120489
60934 3621 2881 4 75816 75813 78862 78861
60935 3621 2859 6 75813 75815 118482 121135 122002 122003
60936 3036 2881 6 75814 75816 120276 76649 76646 95560
60937 3654 3870 6 75817 75818 80783 80330 80332 80344
60938 4159 4085 7 75819 75820 75826 76313 75963 75964 76200
60939 3851 4335 4 75821 75822 75846 75850
60940 3851 4159 3 75819 75821 75848
60941 3315 3873 4 75825 75823 76060 76259
60942 3406 3873 5 75824 75825 76111 76113 76011
60943 4159 4257 4 75826 75827 76406 76407
60944 3120 3118 3 75829 75830 83749
60945 3403 3515 3 75833 75834 77974
60946 2640 2534 8 75835 75836 107736 107737 122366 107795 107796 107936
60947 2640 2363 3 75836 75837 122173
60948 2687 2363 7 75837 75838 121369 121315 121314 122135 122181
60949 2687 2534 3 75838 75835 107937
60950 2687 2640 6 75835 75837 122237 122198 76063 76062
60951 2363 2534 8 75836 75838 122182 121085 107636 80172 80174 122174
60952 3776 4335 4 75849 75850 76197 76083
60953 6598 8471 5 75855 75856 94423 92057 92058
60954 6598 7520 5 75856 75857 76401 94437 94691
60955 7630 7520 9 75857 75858 84469 84466 76479 76476 94199 92142 76402
60956 7630 8471 6 75858 75855 93956 95372 108043 94565
60957 7520 8471 5 75856 75858 94564 94736 94692
60958 4573 4655 4 75860 75861 76097 76435
60959 4335 4573 5 75859 75861 76038 76035 76380
60960 10054 4417 5 75863 75864 100829 113396 101453
60961 3560 7380 5 75865 75862 84232 84917 92852
60962 3560 10054 4 75862 75864 83117 83116
60963 4417 7380 5 75863 75865 92853 99523 100965
60964 3268 3020 5 75875 75876 122449 84414 84415
60965 4599 3567 3 75877 75878 75896
60966 5247 6133 6 75879 75881 93278 93280 101140 94570
60967 4257 5901 4 75880 75882 94512 94141
60968 2646 2588 5 75883 75884 83940 80241 80239
60969 2772 2920 8 75885 75886 118083 112875 112873 118581 118626 118720
60970 2772 2646 5 75883 75885 118718 112858 81615
60971 2920 2588 4 75884 75886 116172 83941
60972 2304 2206 8 75887 75888 75996 118453 118456 118690 122294 83720
60973 2304 1968 5 75888 75889 80170 118095 75997
60974 2012 1968 5 75889 75890 122567 122414 80171
60975 2012 2206 5 75890 75887 80147 80144 122568
60976 1968 2206 5 75888 75890 112949 112951 75998
60977 8663 8439 6 75893 75894 75954 101054 101229 101122
60978 8604 8649 4 75895 75892 93837 101055
60979 8604 8663 5 75892 75894 75955 99280 93836
60980 8439 8649 7 75893 75895 100657 83708 83707 101011 101123
60981 3472 3749 3 75898 75899 76028
60982 3421 3749 7 75900 75898 76030 83779 83780 83771 83752
60983 3577 3749 6 75899 75900 83751 83773 75918 75919
60984 2079 1925 5 75901 75902 122418 113203 113204
60985 2079 2515 5 75902 75903 122317 120418 120420
60986 1838 2515 5 75903 75904 108656 117888 121211
60987 1838 1925 6 75904 75901 120232 122592 122280 108655
60988 1838 2079 6 75901 75903 107788 107785 122686 120231
60989 10363 10131 4 75905 75906 107317 107316
60990 10363 10128 5 75906 75907 107931 108031 107832
60991 10272 10128 6 75907 75908 107324 107322 107865 107864
60992 7532 6827 4 75911 75909 75951 92651
60993 7532 6915 3 75909 75910 75950
60994 10246 9851 6 75912 75913 101921 101989 101991 101629
60995 3776 3899 5 75914 75915 76109 76107 76151
60996 3577 3623 4 75919 75917 76051 83657
60997 3577 3978 4 75917 75918 83838 76050
60998 3353 3868 5 75920 75921 83839 84506 84434
60999 3224 3376 4 75922 75923 76485 122264
61000 11874 480 6 75924 75925 122259 122129 107734 106839
61001 11874 986 5 75925 75926 106414 106412 121105
61002 574 986 5 75926 75927 122056 102117 102115
61003 574 480 4 75927 75924 91695 91692
61004 574 11874 5 75924 75926 107713 107189 106840
61005 11714 10382 4 75928 75929 106440 106442
61006 11714 11415 6 75929 75930 120075 119865 119866 106586
61007 10399 11415 5 75930 75931 106407 106405 120076
61008 11415 10382 4 75929 75931 106424 106584
61009 1181 519 8 75932 75933 120424 122679 122099 122100 122115 122112
61010 1223 1097 7 75934 75935 106687 106689 121199 121250 121247
61011 1223 519 4 75935 75932 121357 121356
61012 1223 1181 6 75932 75934 106427 106429 122116 122113
61013 1097 519 4 75933 75935 121285 120426
61014 3871 3641 5 75936 75938 76046 76048 84456
61015 5345 3880 3 75940 75941 84485
61016 3554 3539 5 75942 75943 79513 79223 79222
61017 3662 3539 5 75943 75944 78475 78546 78904
61018 3869 3964 6 75945 75946 75986 75978 75976 75974
61019 3868 5130 5 75952 75953 101152 113356 83992
61020 8604 8986 3 75955 75956 99281
61021 8986 8439 6 75954 75956 101371 101303 100763 100764
61022 3206 3089 3 75959 75960 113353
61023 4159 3406 4 75964 75961 76011 76010
61024 4085 3406 5 75962 75964 76198 76153 76114
61025 3268 3641 4 75965 75966 83785 80539
61026 6998 7763 7 75968 75969 101003 101444 101504 84961 84959
61027 6998 7665 5 75969 75970 101503 84579 84580
61028 8224 6998 8 75968 75970 101502 101359 92152 92151 101171 101395
61029 3206 3220 4 75973 75971 84408 84409
61030 3206 2809 6 75971 75972 107789 76158 76160 118595
61031 5247 3869 5 75974 75975 75982 75981 75988
61032 3869 4257 4 75976 75977 75979 75988
61033 4897 4599 4 75983 75980 101119 93279
61034 4897 3869 4 75980 75982 75984 101159
61035 5247 4599 4 75981 75983 93278 75989
61036 3869 3675 3 75985 75986 75987
61037 4082 3858 4 75990 75992 80412 80455
61038 3515 3367 6 75993 75994 79104 79105 79180 79179
61039 2304 2254 4 75996 75997 119947 119945
61040 1968 2254 8 75997 75998 113308 122380 122379 122431 122417 122299
61041 2254 2206 6 75996 75998 113307 118728 122459 122330
61042 2149 2738 6 76000 76001 113698 113794 113773 112051
61043 2247 2168 5 76002 75999 101567 113884 102034
61044 2247 2149 5 75999 76001 113697 113760 101566
61045 2738 2168 4 76000 76002 102035 112052
61046 3102 3315 5 76004 76005 122397 80149 76351
61047 4401 4468 3 76007 76008 84402
61048 4195 4468 9 76008 76009 83644 83642 83646 83650 83653 83578 83579
61049 4195 4401 7 76006 76008 84588 84740 84741 84589 84043
61050 4468 4785 8 76007 76009 84639 84729 85106 85048 85047 84403
61051 1704 1523 5 76012 76013 122941 122552 122522
61052 1704 1633 6 76013 76014 76115 118510 122956 122940
61053 1968 1633 4 76014 76015 106783 76117
61054 1968 1523 8 76015 76012 122387 112950 112949 122567 122566 122565
61055 1968 1704 7 76012 76014 76116 119078 119077 118669 118670
61056 1633 1523 8 76013 76015 122563 122322 122319 102175 102172 122932
61057 2222 2593 7 76017 76018 80263 113839 112878 112824 83962
61058 2222 2273 3 76018 76016 80261
61059 2222 2454 5 76016 76017 83961 101878 118562
61060 2906 3241 3 76022 76023 114210
61061 2906 3135 6 76023 76024 82205 82203 79134 79135
61062 3094 3135 3 76024 76025 80032
61063 3094 2906 9 76022 76024 115552 118615 79326 79325 79866 118521 118520
61064 3716 3605 5 76026 76027 76196 76251 80108
61065 3623 3421 3 76029 76030 83880
61066 3402 4848 6 76031 76032 101070 101825 101826 113103
61067 4877 5345 5 76033 76034 83153 83327 84302
61068 4877 3402 4 76031 76033 84392 107915
61069 5345 4848 4 76032 76034 83152 84271
61070 4335 5177 3 76037 76038 76098
61071 2062 2059 5 76044 76045 113888 113874 113873
61072 2062 2273 5 76045 76042 113178 113177 113895
61073 2062 2137 5 76042 76044 118540 118539 118541
61074 2059 2273 6 76043 76045 113883 80262 80261 118698
61075 3641 3005 5 76047 76048 84457 83787 80539
61076 8752 8538 4 76052 76053 94548 101177
61077 8268 8538 7 76053 76054 101008 99954 99953 94206 94205
61078 1555 1538 6 76055 76056 101575 101574 121302 120261
61079 1555 1384 4 76056 76057 122121 122122
61080 1453 1384 5 76057 76058 107802 120930 120928
61081 1453 1555 6 76055 76057 121273 121274 121217 120262
61082 1384 1538 4 76056 76058 107295 107296
61083 3217 3034 3 76064 76065 121100
61084 3217 2687 7 76065 76062 107937 121369 121371 121955 121099
61085 3217 2640 6 76062 76064 122272 122110 122109 107936
61086 3034 2687 7 76063 76065 120386 120385 120349 120348 120550
61087 1241 298 5 76066 76067 118662 122500 122447
61088 1241 11442 6 76067 76068 122204 76165 76166 118661
61089 11072 298 3 76069 76066 112947
61090 11072 1241 7 76066 76068 76398 76397 118677 118676 122427
61091 11442 298 6 76067 76069 112948 113229 107585 107583
61092 2840 3555 4 76071 76072 122101 107434
61093 3217 2840 3 76070 76072 122305
61094 2996 3178 4 76075 76076 76159 122440
61095 3492 3605 4 76077 76078 80163 80461
61096 3957 3956 3 76079 76080 76729
61097 3957 3937 5 76080 76081 76578 76347 76348
61098 3942 3937 4 76081 76082 77932 76579
61099 3217 4203 3 76085 76086 76506
61100 3613 3217 10 76084 76086 76505 76653 121099 121100 122272 76387 76383 76288
61101 2872 2805 10 76088 76089 122426 122454 113071 113072 122444 122445 122476 118570
61102 3185 2805 5 76091 76088 118572 122456 118536
61103 3185 2872 5 76088 76090 76308 118574 118571
61104 3178 2805 6 76089 76091 118537 118625 84331 84330
61105 2923 3047 3 76093 76094 80087
61106 2923 3205 4 76094 76092 80088 80085
61107 2923 2752 8 76092 76093 82987 76257 76258 118767 118616 118602
61108 1241 2809 6 76099 76100 122284 118667 118666 113094
61109 1241 2206 6 76100 76101 106768 106766 122464 122285
61110 2542 2206 6 76101 76102 113073 113074 118728 118729
61111 2542 1241 3 76099 76101 113095
61112 2206 2809 6 76100 76102 118455 118456 94642 94639
61113 3500 3135 5 76103 76104 80179 80066 80067
61114 3500 3205 4 76104 76105 80090 80089
61115 3605 3135 3 76106 76103 80169
61116 3605 3500 7 76103 76105 80163 80460 80109 80108 80111
61117 3716 3899 4 76107 76108 76293 76210
61118 3408 3235 6 76110 76112 76318 76317 76394 76409
61119 1704 1760 4 76115 76116 122509 118511
61120 1633 1760 5 76117 76115 113247 113246 106781
61121 2805 2254 8 76118 76119 76122 84407 122459 122444 122446 122460
61122 2805 2510 5 76119 76120 84405 84406 76123
61123 2814 2254 4 76121 76118 122314 76333
61124 2814 2805 7 76118 76120 118476 122455 118572 118570 122462
61125 2805 2547 4 76122 76123 83965 83966
61126 2510 2547 5 76123 76124 113310 113309 113406
61127 2547 2254 5 76122 76124 122428 79009 79008
61128 2840 2825 5 76125 76126 120166 120164 76305
61129 2840 3419 5 76126 76127 121923 122244 122243
61130 1570 3419 6 76127 76128 113273 100888 100891 121924
61131 1570 2825 4 76128 76125 76307 122077
61132 1570 2840 5 76125 76127 121922 122039 76306
61133 2183 2059 5 76130 76131 113972 113973 118224
61134 2183 1940 5 76131 76129 102078 102077 118241
61135 2183 2454 5 76129 76130 101878 101877 118579
61136 5018 5550 3 76132 76134 83948
61137 777 997 5 76135 76136 112973 113070 113075
61138 3518 3526 4 76137 76138 83856 84390
61139 4628 4610 3 76143 76141 76622
61140 1058 573 6 76145 76146 112981 113277 113079 113081
61141 505 573 5 76146 76147 102181 101628 101626
61142 505 1130 7 76147 76144 84371 84373 112641 112640 113150
61143 505 1058 3 76144 76146 112982
61144 573 1130 4 76145 76147 101715 101717
61145 3736 3899 7 76148 76149 76186 76152 76151 76210 76294
61146 3736 4120 6 76149 76150 76228 79075 79054 76191
61147 4038 3736 3 76148 76150 76227
61148 2805 3069 5 76154 76155 84330 122426 122420
61149 2805 3030 7 76155 76156 83965 84406 84404 122448 84331
61150 2542 3069 3 76157 76154 122313
61151 2542 2805 7 76154 76156 83966 84407 113074 113071 122419
61152 2809 2996 6 76158 76159 120300 118689 94642 94640
61153 2534 1436 5 76161 76162 107737 122364 122169
61154 2534 1932 4 76162 76163 122174 107736
61155 1526 2534 5 76161 76163 80174 80173 122168
61156 11716 1241 5 76164 76166 122245 122684 105938
61157 7046 6455 8 76167 76168 95845 76405 76403 94731 96144 95415
61158 7046 6535 4 76168 76169 95886 95846
61159 6960 6535 11 76169 76170 91952 91584 91586 96007 96580 94750 94748 95109 95832
61160 6960 6455 4 76170 76167 95416 91951
61161 6960 7046 8 76167 76169 96037 95584 95583 95543 91335 91337
61162 6535 6455 5 76168 76170 77819 77821 94771
61163 10640 10991 5 76174 76175 106464 107599 107601
61164 10640 11123 7 76175 76173 107735 122072 96212 96211 106463
61165 10640 11874 5 76173 76174 107721 121108 107734
61166 5401 4743 4 76180 76178 76691 77734
61167 5000 4743 6 76179 76180 77735 77737 77387 77384
61168 4306 3873 3 76182 76183 76310
61169 4020 3942 7 76184 76185 76346 76344 78096 78095 76372
61170 3906 3707 3 76189 76187 80438
61171 3428 3286 6 76192 76193 78811 78027 78028 77588
61172 3180 3286 8 76193 76194 78527 79174 79160 79161 79025 78813
61173 3622 3716 4 76195 76196 76231 76230
61174 3776 4085 3 76198 76199 76200
61175 3870 3733 4 76202 76203 80219 80220
61176 3870 3757 5 76203 76201 80324 79642 79644
61177 5067 4485 5 76204 76205 76365 76677 77729
61178 3420 3440 3 76207 76208 81968
61179 3478 3254 4 76209 76206 80910 82942
61180 3478 3420 8 76206 76208 83006 83073 83084 83101 82067 80909
61181 3440 3254 8 76207 76209 79822 79819 82672 82945 83258 81969
61182 2640 1436 4 76211 76212 105857 107737
61183 2640 2524 5 76212 76213 122198 122199 105856
61184 1932 2640 5 76211 76213 122237 122173 107736
61185 2524 1436 3 76212 76214 105858
61186 64 144 6 76216 76217 122733 122408 108880 108881
61187 64 11847 6 76217 76218 122196 122781 122710 122708
61188 11732 64 4 76216 76218 122197 122275
61189 11847 144 5 76217 76219 107579 107577 122731
61190 1997 1838 7 76220 76221 121376 108655 108656 106151 76756
61191 1997 1538 5 76221 76222 118515 118707 120261
61192 1436 1838 7 76223 76220 76757 122236 121366 121084 121081
61193 1436 1997 4 76220 76222 118514 76755
61194 1538 1838 4 76221 76223 121301 121302
61195 3752 4120 4 76225 76226 79076 76228
61196 3752 3736 7 76227 76228 79066 76278 76232 76233 76294
61197 3752 3622 6 76229 76230 76232 76279 79998 80514
61198 3707 3622 5 76231 76229 80513 80498 76250
61199 3864 3556 6 76237 76234 76760 76733 76735 78779
61200 3864 3907 4 76234 76236 78460 76759
61201 4244 3556 4 76235 76237 76790 76789
61202 2818 3116 4 76238 76239 78955 82986
61203 2818 2980 6 76239 76240 119787 119881 79396 78956
61204 2923 2980 4 76240 76241 79172 119789
61205 2923 3116 8 76241 76238 82987 80087 80085 79633 79632 79171
61206 2923 2818 5 76238 76240 119788 76256 76257
61207 3287 3493 8 76243 76244 79074 79058 79036 78980 76771 76769
61208 3287 3301 4 76244 76245 78540 78541
61209 3180 3301 6 76245 76246 79025 79292 79276 79042
61210 3180 3493 4 76246 76243 78812 78813
61211 3180 3287 8 76243 76245 79041 79043 120259 120322 78983 78981
61212 3301 3493 5 76244 76246 79024 78885 78886
61213 3400 3448 3 76248 76249 79533
61214 3448 3528 7 76247 76249 79348 79347 79512 79509 79312
61215 3605 3707 4 76250 76251 80109 80470
61216 1657 615 7 76252 76253 77056 77055 134171 121640 121639
61217 1657 3735 4 76253 76254 96344 106138
61218 11546 3735 7 76254 76255 105474 105225 105226 121968 96345
61219 11546 615 4 76255 76252 121702 121860
61220 11546 1657 4 76252 76254 96343 121701
61221 3735 615 5 76253 76255 105035 105037 106139
61222 2923 2625 4 76258 76256 119911 118766
61223 4160 4070 6 76260 76261 77601 80618 79711 79675
61224 4160 4146 3 76261 76262 77600
61225 4276 4070 5 76263 76260 79677 79615 79613
61226 3829 4148 3 76265 76266 77878
61227 4142 3895 8 76267 76264 79022 78990 77871 76844 76843 78484
61228 4142 3829 5 76264 76266 76297 76298 78884
61229 4148 3895 5 76265 76267 78487 78059 77880
61230 2898 3287 6 76268 76269 120176 120313 120322 120308
61231 3957 3907 4 76271 76272 76349 76347
61232 3907 3627 7 76271 76273 76759 76758 77072 77074 76795
61233 4109 4124 5 76274 76275 79668 80725 80733
61234 3671 3617 5 76284 76285 79637 79620 79621
61235 3671 3528 5 76285 76286 78014 78013 79563
61236 3554 3528 6 76286 76287 79103 79125 79459 79543
61237 3554 3671 5 76284 76286 79641 79606 79605
61238 3528 3617 3 76285 76287 79102
61239 5326 6355 5 76289 76290 93869 95516 95933
61240 3752 3899 4 76291 76292 76294 76293
61241 4142 3780 3 76295 76297 78047
61242 3829 3936 4 76296 76298 78067 77784
61243 7676 6878 4 76300 76299 94812 76630
61244 3295 3177 5 76301 76302 82231 82232 119021
61245 3444 3452 5 76303 76304 76639 79798 79802
61246 3452 3177 4 76302 76304 76637 82236
61247 1526 1570 6 76306 76307 122163 122004 107702 107701
61248 1526 2825 6 76307 76305 80173 80175 122200 122162
61249 1526 2840 6 76305 76306 122038 122235 122170 122168
61250 3315 2872 7 76308 76309 122479 122443 122442 122397 122396
61251 4029 4085 3 76312 76313 76408
61252 4257 4029 5 76314 76315 76400 76407 76408
61253 8567 8634 8 76319 76320 94586 94585 95462 95450 94815 94816
61254 8567 9005 4 76320 76321 95059 107088
61255 8172 9008 6 76322 76323 94858 94861 94516 94517
61256 8546 9008 5 76324 76322 96103 107629 106513
61257 8260 9008 4 76323 76324 105295 94860
61258 3315 3047 5 76328 76325 80119 76351 76350
61259 3315 3205 3 76325 76327 80118
61260 3937 3907 6 76329 76330 79021 78996 76795 76347
61261 4181 3937 6 76329 76331 79019 76767 76765 76348
61262 4142 3907 5 76330 76332 78997 78991 78990
61263 4154 4285 4 76337 76335 81207 84883
61264 4332 4285 6 76336 76337 84180 84179 85148 81846
61265 3377 3323 5 76339 76340 78026 78025 78601
61266 3556 3108 5 76341 76338 119228 78924 78923
61267 3556 3377 6 76338 76340 78082 76733 76732 78860
61268 3957 4020 3 76343 76344 76356
61269 4174 3942 3 76345 76346 76602
61270 3957 4181 6 76348 76349 76355 76356 76730 76729
61271 3667 3850 7 76352 76353 81157 79748 79746 79823 79190
61272 3865 3667 5 76352 76354 79594 79369 79189
61273 4020 4181 8 76356 76357 77898 77897 78041 78043 78094 78096
61274 6802 7430 3 76361 76362 95706
61275 7042 6802 6 76360 76362 95644 91858 91745 91747
61276 4996 5228 6 76363 76364 77732 77763 77634 77632
61277 9005 9275 7 76368 76366 107669 107754 107800 107758 107757
61278 3942 3847 4 76372 76373 79006 79046
61279 7768 7843 6 76375 76376 95348 95168 95038 94950
61280 8089 7821 4 76377 76374 94996 94665
61281 8089 7768 5 76374 76376 95320 91629 91631
61282 7843 7821 6 76375 76377 94664 93033 93032 93058
61283 4306 5181 6 76378 76379 76443 76437 76438 76440
61284 5177 5480 4 76381 76382 76448 93371
61285 3224 3613 4 76383 76384 79016 76386
61286 3613 3128 4 76386 76387 122273 79017
61287 3128 3217 3 76385 76387 122110
61288 3214 3377 4 76389 76388 76569 78601
61289 4485 4104 5 76392 76390 76457 76458 76658
61290 3224 3235 3 76394 76395 76410
61291 1241 91 5 76396 76397 120263 118550 118551
61292 11397 91 4 76399 76396 101842 101844
61293 11397 1241 4 76396 76398 122204 122215
61294 11072 91 5 76397 76399 112941 113248 120264
61295 6579 7520 7 76401 76402 92143 94546 84128 84127 94438
61296 7463 6455 5 76403 76404 76921 94712 94710
61297 7045 6455 5 76404 76405 94765 94759 76922
61298 4104 4870 6 76412 76413 76458 76657 76530 76459
61299 7809 7782 7 76414 76416 76474 84424 84435 94708 94709
61300 7679 8004 7 76415 76417 95192 95285 94773 94706 94705
61301 4029 3128 3 76418 76419 76421
61302 6915 6976 3 76422 76423 93942
61303 6976 6477 7 76422 76424 92135 94360 94362 94407 93943
61304 10382 9008 5 76427 76428 106418 106260 94823
61305 9008 10640 4 76427 76429 76572 94824
61306 893 918 5 76430 76431 122098 80121 80122
61307 1224 918 7 76432 76430 121231 122104 122106 120894 105910
61308 1181 918 4 76431 76432 105909 122100
61309 5129 4610 5 76433 76434 76615 76617 76456
61310 4306 4906 3 76439 76440 76441
61311 4306 4655 3 76442 76443 76444
61312 3258 3102 4 76446 76447 120177 79072
61313 4312 4550 5 76463 76464 76745 76796 76664
61314 4312 4690 5 76464 76461 76588 77009 76744
61315 4606 11917 4 76465 76466 77299 76913
61316 8811 9053 6 76467 76468 95258 93969 93970 95410
61317 8801 9096 4 76469 76470 108102 94805
61318 8801 9053 5 76470 76467 93842 93841 108144
61319 9096 9053 4 76468 76470 102509 102510
61320 8649 8833 6 76471 76472 94335 101970 93835 93837
61321 8649 8538 8 76472 76473 83708 83706 101112 101177 101178 94336
61322 8600 8649 4 76471 76473 100657 101055
61323 6676 7520 5 76476 76477 94546 94510 94508
61324 6676 6829 8 76477 76478 101219 94520 94522 94580 94550 94547
61325 7630 6829 4 76478 76479 101250 101249
61326 7630 6676 6 76476 76478 101251 107773 101026 94511
61327 782 570 4 76481 76482 122867 123004
61328 782 792 6 76482 76483 108866 108867 111623 122868
61329 352 792 4 76483 76484 107549 112513
61330 352 570 5 76484 76481 123003 113023 107548
61331 352 782 6 76481 76483 122939 122545 122044 122041
61332 792 570 7 76482 76484 107547 118332 116485 108553 108554
61333 6005 6133 5 76487 76488 94509 94198 76511
61334 3419 4599 3 76490 76491 76492
61335 5806 5175 7 76495 76496 77803 77801 94482 94567 96052
61336 5806 4589 3 76496 76497 94523
61337 5903 5872 6 76498 76499 88937 88936 92169 91137
61338 5903 5998 6 76499 76500 92351 94376 94425 91915
61339 5181 5998 5 76500 76501 94908 94453 92352
61340 5181 5872 5 76501 76498 91139 94624 94907
61341 5181 5903 4 76498 76500 92245 91138
61342 5998 5872 3 76499 76501 91916
61343 3419 4257 3 76502 76503 76504
61344 3613 5175 5 76505 76507 76574 96088 76652
61345 3690 3217 4 76509 76510 120285 122080
61346 3217 3399 5 76508 76510 120283 122183 76514
61347 5175 3555 3 76512 76513 76515
61348 8546 8632 6 76516 76517 76519 107181 95509 94897
61349 8546 8492 4 76517 76518 76598 76520
61350 8546 8818 5 76519 76520 76868 95294 95293
61351 8492 8818 5 76520 76521 95512 95399 76869
61352 5717 5289 5 76527 76528 96522 96016 77528
61353 5400 5289 6 76528 76529 77265 77295 77659 96566
61354 5400 5717 5 76526 76528 90631 90633 90887
61355 4870 4628 4 76530 76531 76559 76561
61356 1618 2202 6 76532 76533 122016 106632 106634 121185
61357 4244 4174 4 76534 76535 78837 76665
61358 3409 3891 3 76539 76536 76651
61359 3409 3034 5 76536 76538 120385 120513 76678
61360 6455 6086 9 76540 76541 76924 76925 91951 77819 77820 94848 95941
61361 5797 5806 6 76542 76543 95866 95848 91690 91691
61362 5797 6086 6 76543 76540 96056 94882 94881 96031
61363 5797 6455 4 76540 76542 96064 96080
61364 10650 10830 4 76544 76545 105366 104509
61365 10973 10966 6 76546 76547 105703 105705 106724 97113
61366 10973 10830 6 76547 76544 104511 106937 108448 106938
61367 10973 10650 5 76544 76546 97112 104706 104510
61368 3034 3410 4 76549 76550 120511 76678
61369 3033 3034 7 76548 76550 76690 76689 76712 76717 76718
61370 3864 3621 5 76554 76555 76735 76734 76841
61371 3864 3674 5 76552 76554 76840 76878 76674
61372 3621 4312 5 76553 76555 78784 77341 77340
61373 7439 6878 5 76556 76557 94814 94293 76707
61374 6878 5959 4 76556 76558 77831 76708
61375 4628 5175 4 76564 76565 96090 76574
61376 3493 3214 4 76568 76569 78925 79036
61377 3377 3493 4 76567 76569 78025 78024
61378 10562 10803 7 76570 76571 107624 122140 106554 106438 106437
61379 10675 10640 5 76572 76573 96211 107264 107598
61380 6191 5326 6 76575 76576 95597 93868 93869 94633
61381 6191 5129 4 76576 76577 96029 95598
61382 3627 3937 5 76578 76579 79002 78995 76795
61383 5170 5436 3 76581 76582 77337
61384 5228 5180 4 76585 76586 77913 90908
61385 5228 5401 9 76584 76585 90906 91419 95947 91387 77633 77632 77734
61386 4312 4141 6 76588 76587 77083 78835 77135 77132
61387 6301 6231 4 76591 76592 96645 77193
61388 6301 6089 7 76592 76593 77741 91171 96599 96588 96589
61389 6776 6301 7 76591 76593 77489 77487 91181 96651 77194
61390 6089 6231 6 76592 76594 77373 77372 96640 96641
61391 7681 5523 5 76596 76597 122194 96049 96050
61392 5523 5959 7 76595 76597 122178 105410 95988 95924 76933
61393 8492 8260 5 76599 76598 76869 95398 76894
61394 6657 6579 5 76600 76601 77853 92516 94438
61395 5223 5436 5 76606 76607 77305 90829 77516
61396 2396 2609 7 76608 76609 122224 122378 122376 122403 122405
61397 2396 2544 3 76609 76610 122225
61398 2533 2544 7 76610 76611 118808 118506 118075 79290 79289
61399 2533 2609 5 76611 76608 122473 122300 120218
61400 2544 2609 4 76609 76611 114225 114224
61401 5129 4407 5 76615 76616 96065 95598 76842
61402 6440 6616 8 76618 76619 90949 90950 91565 91566 95958 95689
61403 6440 6556 6 76619 76620 91664 91700 91762 91761
61404 6522 6556 6 76620 76621 95607 95908 95909 91665
61405 6522 6616 5 76621 76618 95690 91857 91856
61406 6556 6616 3 76619 76621 95606
61407 7569 6861 7 76623 76624 96475 96476 96452 96445 95614
61408 2442 1648 5 76626 76627 76830 76829 76959
61409 1620 2611 4 76628 76625 106576 122060
61410 7490 7676 7 76630 76631 94214 94213 94230 94232 94922
61411 7490 7519 4 76631 76629 94839 94769
61412 7490 6878 5 76629 76630 94921 96105 94844
61413 521 11716 6 76632 76633 122743 116062 116060 122700
61414 11657 11398 9 76634 76635 106445 106446 107478 107618 107581 107580 122257
61415 11657 11716 5 76635 76632 121276 107898 107897
61416 11657 521 5 76632 76634 121087 114318 114317
61417 11398 11716 5 76633 76635 94790 94787 107935
61418 3466 3444 3 76638 76639 79800
61419 3377 3308 6 76641 76642 78116 78114 120277 120217
61420 7463 8172 6 76643 76644 95865 94813 94810 94811
61421 2611 2881 6 76646 76647 77445 122051 78208 78206
61422 2611 3308 4 76647 76648 79405 77446
61423 3308 2881 4 76647 76649 120277 77447
61424 5187 5396 7 76654 76655 76880 77718 96558 76971 76885
61425 4104 4992 3 76656 76657 76658
61426 5331 4782 3 76659 76660 76965
61427 5114 4941 6 76661 76662 77765 77717 77716 77393
61428 5114 4996 3 76662 76663 77732
61429 8901 7121 5 76669 76670 105354 96502 96493
61430 6510 7121 8 76672 76669 96492 96250 96249 96318 96305 77101
61431 4407 3674 6 76673 76674 76879 76858 76857 76893
61432 4768 4922 5 76675 76676 77744 77743 77645
61433 4768 5067 4 76676 76677 77728 77777
61434 4485 4768 4 76675 76677 77674 77644
61435 2150 11901 5 76679 76680 76862 76863 121799
61436 2150 11910 6 76680 76681 78989 78988 120388 121527
61437 1657 11901 5 76682 76679 120393 120395 121925
61438 1657 2150 6 76679 76681 120129 96344 96343 121835
61439 11910 11901 5 76680 76682 78718 78717 120417
61440 2804 2310 4 76684 76685 120241 120279
61441 2754 2310 4 76685 76686 79910 79911
61442 2754 2477 8 76686 76683 120344 120373 120525 120061 120062 118700
61443 2754 2804 6 76683 76685 119682 119681 76728 76727
61444 2442 2905 5 76687 76688 76700 122076 120347
61445 3034 2905 5 76690 76687 120349 120513 120511
61446 3033 2905 4 76688 76690 120512 76701
61447 11426 11484 5 76693 76694 104860 104858 106926
61448 11323 11426 4 76692 76694 109054 109053
61449 2054 1760 7 76695 76696 102052 118233 118234 122525 122309
61450 2054 2533 4 76696 76697 118508 102053
61451 2318 2533 8 76697 76698 118564 118565 118674 118076 79290 79291
61452 2318 1760 4 76698 76695 113751 113750
61453 2318 2054 5 76695 76697 118549 122634 122310
61454 2901 2442 5 76699 76700 122075 121251 105952
61455 2901 2905 8 76700 76701 122149 122097 122032 121313 119860 119858
61456 3033 2901 4 76699 76701 122065 105953
61457 1932 1360 5 76704 76702 122035 122037 122127
61458 1932 2363 6 76702 76703 122085 122174 122173 122181
61459 3409 4664 3 76705 76706 96083
61460 2456 1843 8 76714 76715 120325 120287 78792 78793 120335 118724
61461 2513 2456 9 76713 76715 120319 120293 120292 120309 118758 118759 120333
61462 3036 3034 3 76716 76717 79404
61463 3036 3864 5 76719 76720 78115 76841 76840
61464 3308 3864 4 76720 76721 78790 78116
61465 1704 2137 4 76722 76723 122520 118669
61466 1704 1484 7 76723 76724 122541 122543 122584 122585 122549
61467 1624 2137 6 76725 76722 118671 120280 118542 118539
61468 1624 1704 5 76722 76724 122542 122522 118670
61469 1484 2137 5 76723 76725 118540 113772 113769
61470 4181 3942 3 76730 76731 78096
61471 3377 3864 6 76733 76734 78115 78116 78789 78831
61472 3621 3556 7 76735 76732 78862 122003 78713 78715 78784
61473 3621 3377 4 76732 76734 78594 78861
61474 11914 11913 5 76738 76740 78736 78735 78392
61475 2524 2307 4 76742 76743 79013 94728
61476 2524 2804 4 76743 76741 107654 79012
61477 4774 4626 5 76749 76750 77343 76886 76887
61478 4932 4774 4 76749 76751 76775 77355
61479 11911 2048 4 76752 76753 106323 77311
61480 11909 2048 5 76754 76752 77313 121845 121041
61481 11912 2048 5 76753 76754 106744 106746 121686
61482 1997 2758 5 76755 76756 106150 120332 122179
61483 1436 2758 7 76757 76755 115827 105858 105857 122364 122362
61484 1838 2758 5 76756 76757 122006 122005 106152
61485 3935 4141 6 76763 76761 77133 77135 78834 78492
61486 3833 4141 3 76762 76763 78491
61487 3428 3287 6 76768 76769 78981 78982 79113 79117
61488 3428 3493 6 76769 76770 78938 79263 78811 78812
61489 4024 3936 7 76779 76777 79266 78111 78080 77229 77231
61490 4748 4141 5 76784 76785 77262 77243 77244
61491 4748 4723 4 76785 76782 77382 77465
61492 4748 4724 4 76782 76784 77257 77256
61493 3547 3891 3 76786 76787 78091
61494 4312 3556 6 76788 76790 78779 78784 78783 78835
61495 2658 2564 4 76792 76793 120064 79366
61496 2599 2564 5 76793 76794 120838 120137 120065
61497 2599 2600 4 76794 76791 120148 120840
61498 2599 2658 5 76791 76793 120063 120474 120147
61499 4610 4312 5 76796 76797 76798 76822 76821
61500 3759 11917 3 76799 76801 77129
61501 11918 4264 3 76800 76802 77157
61502 630 685 4 76803 76804 128755 123800
61503 2150 3490 6 76806 76807 78851 78849 120389 78988
61504 2150 3735 6 76807 76808 96344 96345 122008 121837
61505 4007 2150 4 76806 76808 120129 78989
61506 3735 3490 4 76807 76809 77005 77017
61507 7965 7970 4 76810 76811 95786 96678
61508 3835 3508 3 76813 76814 77277
61509 3793 3508 6 76814 76815 78271 78270 78817 77278
61510 6034 6304 5 76824 76825 96038 96041 91555
61511 6034 5884 8 76825 76826 91743 95931 77793 77794 96044 96039
61512 5568 5884 4 76826 76827 94809 91744
61513 5568 6304 6 76827 76824 91557 94383 94349 94350
61514 5568 6034 5 76824 76826 91742 96045 91556
61515 5884 6304 5 76825 76827 94808 94974 96021
61516 1224 2442 5 76828 76829 76957 122106 122105
61517 6039 4522 3 76833 76831 96331
61518 6039 4748 5 76831 76832 76884 76883 96330
61519 3835 4157 5 76835 76836 77757 77290 77289
61520 4597 4849 4 76838 76839 77631 77624
61521 4236 3895 3 76843 76845 78395
61522 7046 7818 5 76852 76853 96109 95584 95585
61523 7193 7045 5 76854 76851 91932 95513 96068
61524 7193 7046 4 76851 76853 76899 76900
61525 7818 7045 5 76852 76854 94492 94491 95671
61526 5523 3410 5 76859 76860 95988 105411 121975
61527 5523 4407 6 76860 76857 76946 96189 95925 95924
61528 2150 2064 10 76861 76862 121527 121931 78849 78850 122015 121728 105739 78611
61529 892 11901 5 76863 76864 120152 76916 76915
61530 892 2150 4 76861 76863 121775 78612
61531 11901 2064 4 76862 76864 120151 120417
61532 4176 3838 7 76865 76866 77070 78564 78592 77315 77317
61533 8818 8260 5 76869 76868 105377 96199 95397
61534 6440 6606 6 76870 76871 95913 90950 90951 91762
61535 6440 6311 4 76871 76872 95892 95893
61536 6295 6311 7 76872 76873 88092 88094 91661 95956 95894
61537 6295 6606 5 76873 76870 91882 91883 91919
61538 6311 6606 6 76871 76873 91920 91925 91922 91923
61539 8260 7713 4 76877 76874 94847 96174
61540 7046 7713 4 76875 76877 96196 95543
61541 3674 3891 5 76878 76879 76882 76930 76931
61542 7595 7713 3 76888 76889 96742
61543 7683 7713 6 76889 76890 96157 96123 95400 95402
61544 3499 3208 4 76891 76892 78690 78534
61545 8260 8142 7 76894 76895 95274 94847 94846 96201 95821
61546 5114 5882 5 76896 76897 96596 96592 96549
61547 7193 6981 7 76901 76899 95877 95879 95875 95873 95831
61548 3443 3231 8 76902 76903 79111 79314 79316 79342 79340 79339
61549 3227 3231 6 76905 76902 79474 79475 119995 79344
61550 3227 3443 4 76902 76904 78456 78458
61551 3182 3231 3 76903 76905 79112
61552 6089 6729 7 76909 76910 77398 77742 77741 91172 95936
61553 6432 6729 4 76910 76911 96778 77399
61554 6432 6685 5 76911 76908 77668 77670 91864
61555 11901 921 5 76914 76915 121799 120393 120394
61556 4250 4013 4 76918 76919 78263 78321
61557 4013 4092 6 76917 76919 78262 78380 78464 78325
61558 6878 7045 4 76922 76920 96105 94760
61559 6878 7463 7 76920 76921 96145 94814 94810 94812 94921
61560 6355 6086 5 76925 76926 95516 91580 91582
61561 6355 6455 4 76923 76925 95416 95415
61562 6148 5881 5 76928 76929 96514 96559 96515
61563 5861 6148 7 76927 76929 96410 95978 77449 77434 77431
61564 5523 6191 3 76932 76933 95925
61565 8012 9008 3 76934 76935 105287
61566 2859 3490 5 76939 76940 121971 121134 121135
61567 3290 2859 4 76938 76940 122033 106620
61568 2572 2754 4 76941 76942 120525 120266
61569 3108 2517 3 76943 76944 120379
61570 2517 2754 4 76942 76944 120372 120373
61571 11907 2541 7 76947 76948 78847 121601 121826 121751 121750
61572 2492 2541 7 76948 76949 77242 78636 120493 120643 78848
61573 2541 2033 5 76947 76949 77240 119678 121764
61574 4782 4112 3 76952 76953 77184
61575 11921 3735 4 76955 76956 77108 91675
61576 1224 1518 4 76957 76958 107724 120894
61577 2726 2961 7 76960 76961 135512 135472 135350 77269 77270
61578 3085 2961 7 76962 76960 120687 120686 135424 78651 78653
61579 2481 2961 3 76961 76962 120090
61580 5289 5187 7 76966 76967 77233 77325 77705 96594 77153
61581 3935 3621 9 76968 76969 78714 78715 77341 77190 77011 77012 77014
61582 3594 3621 3 76969 76970 78719
61583 3621 3490 5 76968 76970 78739 121135 77015
61584 4849 5079 7 76972 76973 77485 77508 77719 77951 77444
61585 2434 2115 8 76974 76975 120465 121760 120823 120772 120443 120444
61586 2434 2324 4 76975 76976 119840 119841
61587 2520 2115 3 76977 76974 120326
61588 7052 6530 4 76979 76980 96519 77520
61589 11900 1576 5 76982 76983 105957 133879 133882
61590 1576 1252 3 76981 76983 105955
61591 4007 7471 6 76984 76986 96499 96491 96291 96293
61592 11920 4114 4 76989 76990 77207 77030
61593 8608 8960 5 76993 76994 95856 95854 96352
61594 4425 5426 3 76997 76998 77179
61595 1 5426 4 76999 76997 77212 77178
61596 6340 7471 4 77000 77001 96530 96356
61597 6960 7123 4 77006 77007 96110 95820
61598 3935 3674 3 77010 77011 77191
61599 3935 3100 3 77013 77014 77016
61600 3100 3490 6 77013 77015 121134 78852 78851 77017
61601 361 183 8 77018 77019 111282 122749 123051 123945 123171 123131
61602 406 361 3 77018 77020 123132
61603 11364 11785 7 77021 77022 96362 96360 151474 151484 121920
61604 11785 11734 5 77021 77023 105989 133947 121921
61605 4074 4276 3 77025 77026 79613
61606 4123 4157 3 77027 77029 78439
61607 5634 6143 5 77031 77032 77333 77332 91177
61608 7353 7595 5 77034 77035 96668 95725 95641
61609 11270 11364 3 77038 77036 121684
61610 10467 10317 6 77039 77040 134175 151251 150194 150195
61611 10467 10028 3 77040 77041 134176
61612 10248 10467 10 77039 77041 151468 134200 105317 105316 151528 151492 151491 151378
61613 2727 2636 5 77042 77043 77066 77067 121885
61614 2727 2960 9 77043 77044 134120 121929 121927 121818 121819 121868 121795
61615 11909 2960 3 77044 77045 134166
61616 11909 2727 6 77042 77044 134164 120384 120214 120215
61617 2960 2636 8 77043 77045 134174 133859 133043 121796 120600 120599
61618 2727 3175 4 77046 77047 121933 77067
61619 2727 3290 5 77047 77048 121823 121824 121882
61620 3355 3175 8 77049 77046 77068 120601 78737 78623 78625 121943
61621 3355 2727 5 77046 77048 121896 121795 77066
61622 3290 3175 3 77047 77049 121934
61623 3036 2370 4 77052 77050 106007 106343
61624 2286 2232 4 77053 77054 78570 78572
61625 3530 3754 3 77060 77061 78505
61626 3759 3490 4 77062 77063 77112 77121
61627 3355 2636 3 77068 77066 120599
61628 3175 2636 6 77067 77068 120600 104469 104468 121904
61629 3627 3724 4 77072 77073 78398 79003
61630 3627 3829 5 77073 77074 78995 78068 78070
61631 3446 3502 6 77075 77076 78489 78720 78855 78856
61632 3446 3436 4 77076 77077 78609 78490
61633 3691 3436 7 77077 77078 78650 78777 78776 78802 78804
61634 3691 3446 4 77075 77077 78872 78871
61635 3373 3576 5 77080 77081 79523 79315 78354
61636 3606 3373 4 77079 77081 79516 79300
61637 3793 3606 7 77088 77089 78271 78308 78016 78017 78465
61638 3793 3539 3 77089 77087 78270
61639 3859 4102 9 77091 77092 78551 78556 78555 78023 78022 78267 77314
61640 4114 4264 3 77093 77095 77126
61641 5634 5440 4 77097 77098 95945 95967
61642 5532 5701 5 77099 77096 96657 95993 95975
61643 5532 5634 7 77096 77098 95944 96581 95981 95983 96656
61644 5440 5701 7 77097 77099 95973 88909 88908 91115 91114
61645 7734 6510 3 77101 77102 77683
61646 4007 5520 3 77104 77105 96289
61647 4007 4425 7 77105 77103 77158 77154 77155 105954 96288
61648 7121 3674 4 77106 77107 95921 95922
61649 7121 11921 4 77107 77108 96318 96304
61650 3735 7121 11 77106 77108 96249 96251 96501 96502 105355 105225 96323 96322 96325
61651 1397 1448 3 77110 77111 131091
61652 1277 1397 11 77109 77111 121891 121893 134995 134994 134184 134185 134194 134717 134230
61653 3411 3119 3 77118 77119 79432
61654 3411 3297 8 77119 77120 79519 79214 79210 79212 78901 78902
61655 3412 3411 6 77118 77120 79518 78519 78520 79433
61656 3691 11916 4 77130 77131 77203 78755
61657 4821 4141 6 77132 77133 77245 77243 77263 77318
61658 4312 3935 4 77134 77135 78783 77341
61659 10055 9219 4 77136 77137 105250 106197
61660 11935 9864 5 77138 77139 106145 106144 106263
61661 11935 9219 7 77139 77136 106199 105304 96138 96136 96214
61662 11935 10055 4 77136 77138 106288 106198
61663 9864 9219 5 77137 77139 106285 106106 105251
61664 8995 7471 4 77142 77143 77171 77173
61665 5289 5572 7 77152 77153 96593 77671 77672 96523 96016
61666 4131 4606 6 77160 77159 77238 77249 77251 77239
61667 5426 11922 3 77161 77162 77196
61668 6340 11922 4 77162 77163 77518 77197
61669 7471 7361 6 77164 77165 96529 96356 77172 77173
61670 7471 7910 3 77165 77166 96528
61671 5426 7223 6 77167 77168 77202 77178 77177 96290
61672 5426 5471 3 77168 77169 77201
61673 5471 7223 9 77168 77170 151415 133930 133931 134188 121907 77200 77199
61674 11920 5426 11 77179 77180 77226 77228 96241 77195 77196 77210 77201 77202 77212
61675 4114 5471 3 77186 77187 121906
61676 4411 4264 3 77189 77188 77268
61677 3621 4821 3 77190 77192 77340
61678 6236 6301 6 77193 77194 96649 96584 96583 96646
61679 6340 11920 4 77195 77197 96531 96242
61680 7223 4425 4 77200 77198 77214 121897
61681 7223 11920 4 77198 77199 77202 77213
61682 3807 3833 4 77204 77205 77259 77260
61683 3691 3807 8 77203 77205 78633 78809 78871 78765 78764 78754
61684 4131 11920 3 77206 77207 77239
61685 11920 6420 3 77208 77209 77210
61686 11920 1 3 77211 77212 77213
61687 5882 6236 5 77215 77216 96583 96544 96545
61688 5882 6185 4 77216 77217 96448 96582
61689 5826 6185 7 77217 77218 91589 91592 95841 91577 91579
61690 6185 6236 8 77216 77218 96513 96570 96576 96578 96577 96584
61691 5718 5722 6 77219 77220 96459 77362 77360 77533
61692 5718 5400 5 77220 77221 96566 90631 90632
61693 5534 5400 6 77221 77222 77511 77512 77536 77659
61694 5534 5722 4 77222 77219 77534 95982
61695 5400 5722 5 77220 77222 96614 96629 96604
61696 5077 5426 3 77223 77224 77226
61697 6039 11920 3 77227 77228 96104
61698 3936 4027 4 77229 77230 79077 78081
61699 3936 4120 5 77230 77231 78074 78103 79068
61700 4024 4120 3 77231 77232 78004
61701 2726 2873 8 77234 77235 135350 134001 134002 135348 135403 134113
61702 2726 3157 5 77235 77236 135345 77271 77269
61703 3157 2873 4 77235 77237 135279 135276
61704 2394 2033 7 77240 77241 119697 120737 119853 119851 119676
61705 4606 11922 4 77246 77247 77249 77250
61706 4606 4474 3 77250 77251 77252
61707 8769 8078 6 77253 77254 96381 96398 96371 96372
61708 3807 3955 6 77258 77259 78633 78810 78679 78544
61709 11917 3955 3 77261 77258 78545
61710 11917 3807 4 77258 77260 77287 78383
61711 4930 4112 3 77266 77267 77414
61712 3157 2379 5 77271 77272 120688 133846 133872
61713 2379 2961 3 77270 77272 120687
61714 3985 3790 4 77273 77275 78055 78656
61715 3793 3553 3 77276 77278 78816
61716 3985 3807 4 77279 77280 78390 78607
61717 4001 3792 4 77281 77282 78376 77583
61718 11916 11917 5 77288 77287 78372 78370 77296
61719 4849 5099 4 77291 77292 77422 77469
61720 4362 4774 5 77293 77294 77344 77343 77411
61721 4383 4102 3 77297 77298 77417
61722 5864 5760 6 77300 77301 95985 95822 95823 96026
61723 5864 5744 4 77301 77302 91590 91591
61724 5401 5744 5 77302 77303 91417 91419 94915
61725 5401 5760 4 77303 77300 95842 95825
61726 5744 5760 4 77301 77303 91429 91426
61727 5532 5436 4 77305 77306 96615 96581
61728 5400 5532 4 77304 77306 96614 77511
61729 3793 3576 6 77307 77308 78018 78016 78309 78310
61730 3792 3576 7 77310 77307 78448 79582 79587 79370 78432
61731 3792 3793 3 77307 77309 78272
61732 3826 3576 3 77308 77310 78433
61733 11907 11909 3 77312 77313 120432
61734 2048 11907 7 77311 77313 121844 121705 121704 105437 105436
61735 3789 4176 3 77315 77316 78550
61736 5458 4887 6 77319 77320 77602 77603 77640 77504
61737 8012 6510 4 77321 77322 96327 96328
61738 5187 4723 5 77324 77325 77704 77464 77382
61739 4337 4441 4 77328 77329 78275 78428
61740 6143 5722 3 77333 77330 90903
61741 6143 6089 7 77330 77332 91175 95936 77440 77424 77426
61742 5634 5722 10 77331 77333 96018 96017 96626 96610 96609 95981 77534 77533
61743 6089 6098 6 77334 77335 91021 77363 77361 77372
61744 6089 6528 4 77335 77336 91013 91148
61745 6970 6698 4 77346 77347 96677 96793
61746 6432 6698 8 77348 77346 90994 90993 95868 95870 96652 95990
61747 6312 6950 5 77351 77352 77531 77532 95466
61748 6312 6698 5 77352 77349 96411 96652 77570
61749 6950 6698 5 77350 77352 77571 77593 77590
61750 5718 6098 6 77361 77362 95940 77481 77479 96642
61751 5722 6098 5 77362 77363 91022 96617 96460
61752 5079 4728 4 77364 77365 77508 77712
61753 4723 5079 3 77364 77366 77698
61754 6231 6432 5 77373 77374 96552 95990 77872
61755 6098 6231 6 77372 77374 91140 91141 96540 96642
61756 6355 6507 6 77376 77377 96025 96024 95077 95074
61757 4768 4575 5 77385 77386 77921 77908 77907
61758 5000 4575 3 77386 77387 77738
61759 5223 5099 6 77388 77389 77455 77469 77470 77690
61760 5298 5223 4 77391 77392 77535 77726
61761 4749 4875 8 77394 77395 77477 77478 77771 77770 77963 77767
61762 4749 4682 5 77395 77396 77916 77894 77895
61763 4467 4682 4 77396 77397 77626 77917
61764 4467 4875 4 77397 77394 77769 77625
61765 4467 4749 5 77394 77396 77915 77937 77768
61766 5077 5331 3 77400 77401 96433
61767 6311 5913 5 77402 77403 91661 95952 91649
61768 6311 6070 7 77403 77404 91080 91436 91542 88091 88094
61769 6116 5913 5 77405 77402 91651 91528 91496
61770 6116 6311 6 77402 77404 91079 95829 95830 91650
61771 4288 4135 6 77408 77409 78212 78223 78222 78333
61772 4135 4382 4 77418 77416 78405 78404
61773 5376 4922 3 77420 77421 77585
61774 7471 6507 4 77428 77429 96495 96494
61775 6039 6510 6 77430 77427 96334 96331 96330 96329
61776 5861 6312 5 77431 77433 95539 96248 77550
61777 6098 6148 5 77432 77434 77450 91161 91141
61778 8209 7958 8 77435 77436 96858 96859 96995 96912 95155 95156
61779 7569 8209 6 77435 77437 96860 96921 96920 96919
61780 5223 4959 5 77442 77443 77455 77456 77506
61781 4959 5079 4 77442 77444 77949 77752
61782 3308 2804 6 77446 77447 120217 120216 122354 106628
61783 6148 5638 3 77449 77450 91162
61784 6303 6301 9 77451 77452 96634 96631 91179 77487 77488 91171 95994
61785 5701 6301 4 77453 77451 95995 96657
61786 5976 6301 7 77452 77453 96658 96644 96643 96648 96637
61787 4886 4579 5 77458 77457 78251 78250 77459
61788 6059 6312 3 77461 77463 96248
61789 4102 4580 3 77467 77468 78379
61790 6045 6307 6 77472 77473 90601 90602 85255 85256
61791 5679 5170 3 77474 77475 77498
61792 5718 5717 8 77479 77480 90630 90631 96522 77500 77501 96639
61793 5718 5638 3 77480 77481 95939
61794 6098 5717 4 77482 77479 96540 91161
61795 4724 4849 3 77486 77485 77509
61796 6729 6301 3 77488 77489 77741
61797 5717 6148 8 77490 77491 96598 96539 91161 91162 95978 96409
61798 5232 6148 5 77493 77490 96560 96559 96142
61799 5232 5717 4 77490 77492 96590 96591
61800 5331 6148 4 77491 77493 77554 77551
61801 6030 6183 6 77495 77496 95950 95951 96003 95807
61802 5867 6183 7 77496 77497 95836 84476 84475 94265 95890
61803 5867 5760 6 77497 77494 95948 94374 91413 91412
61804 5867 6030 3 77494 77496 96013
61805 6183 5760 5 77495 77497 95824 95822 95808
61806 5572 5717 4 77503 77500 96016 96015
61807 5572 5718 4 77500 77502 96567 96523
61808 5783 5717 5 77501 77503 96597 96598 96605
61809 5228 5223 3 77505 77506 77751
61810 4728 4849 7 77509 77508 77720 77623 77624 77543 77542
61811 5534 5223 3 77512 77510 77535
61812 5223 5078 4 77514 77515 77639 77690
61813 6403 5232 5 77521 77522 96468 96469 96511
61814 6389 6193 5 77529 77530 77874 89028 90588
61815 5436 4890 3 77538 77539 77540
61816 4849 4580 5 77543 77544 77627 77628 77631
61817 4741 4580 5 77544 77545 78402 78274 77630
61818 4724 5114 3 77547 77546 77567
61819 5783 6148 5 77551 77552 96693 96606 96598
61820 5783 6196 4 77552 77553 96565 96692
61821 5331 5783 5 77551 77553 96563 96564 96597
61822 5596 5436 6 77555 77556 77562 77563 77565 96613
61823 5596 5638 6 77556 77557 96568 95939 77559 77560
61824 5400 5596 5 77555 77557 90633 90632 96604
61825 5596 5713 5 77560 77561 77575 77564 77562
61826 6098 5596 5 77559 77561 77576 96460 95940
61827 5596 5599 5 77563 77564 77574 96625 77566
61828 5596 5421 3 77565 77566 96612
61829 6698 6550 5 77570 77571 91147 95869 95870
61830 7232 7365 6 77572 77573 96655 96711 96708 96707
61831 5596 5738 4 77574 77575 77576 96616
61832 3895 4001 7 77583 77584 78396 78395 78484 78487 78481
61833 7424 6698 6 77590 77591 96159 96160 96543 96483
61834 6710 6698 5 77591 77593 91147 96665 96664
61835 4672 4650 4 77594 77595 77615 77596
61836 4132 4160 7 77600 77601 80617 80760 80761 81281 81364
61837 6960 6200 4 77607 77604 96111 96110
61838 6960 6236 5 77604 77606 96580 96576 96575
61839 7078 6200 3 77605 77607 96333
61840 6303 6490 3 77609 77610 95997
61841 6159 6030 5 77611 77612 91159 91227 91217
61842 6159 6399 6 77612 77613 95887 96571 77695 77696
61843 6116 6399 5 77613 77614 95828 95829 95888
61844 6116 6030 7 77614 77611 77834 77836 91651 91650 95980
61845 6399 6030 3 77612 77614 91160
61846 4672 4751 3 77615 77616 77617
61847 5760 5180 6 77618 77619 91413 91414 96026 95842
61848 5180 5743 6 77618 77620 95934 95968 90908 90907
61849 5543 5706 8 77621 77622 91610 91124 91125 92229 91880 91478
61850 4580 4707 4 77627 77629 78209 77630
61851 5396 5228 5 77633 77634 77764 77766 91388
61852 6448 6295 8 77635 77636 94892 95282 91701 91702 91883 91764
61853 6448 5991 6 77636 77637 88598 91158 91635 91634
61854 5913 6295 7 77638 77635 91765 91662 91661 95891 77700
61855 5913 6448 4 77635 77637 88597 91196
61856 5991 6295 5 77636 77638 77699 94887 94886
61857 4191 4743 4 77646 77647 77745 77869
61858 4662 4755 4 77653 77654 77959 77688
61859 4959 4662 5 77652 77654 77958 77753 77706
61860 7365 7441 6 77655 77656 96838 96586 95818 95816
61861 7633 7441 3 77657 77655 96788
61862 7784 7441 6 77656 77657 89398 89400 96784 96783
61863 5289 5534 4 77658 77659 96569 77672
61864 6546 6617 7 77660 77661 92328 91827 91828 92317 95153
61865 6546 6392 4 77661 77662 94226 92329
61866 8444 7893 3 77664 77663 96562
61867 6395 6432 3 77668 77669 91014
61868 6528 6685 3 77670 77667 91865
61869 7820 7686 5 77676 77677 93950 93288 93290
61870 8053 7843 7 77678 77675 91168 95168 95347 93436 92132
61871 8053 7820 6 77675 77677 94314 94313 95027 91167
61872 7686 7843 5 77676 77678 92131 93338 93337
61873 4168 4280 5 77679 77680 79246 80511 78160
61874 4280 4333 4 77679 77681 78140 78139
61875 6303 6535 3 77685 77686 96471
61876 7171 6535 6 77686 77687 94948 94949 95871 95998
61877 7171 6399 6 77687 77684 95858 95803 95105 95104
61878 7171 6303 5 77684 77686 96472 91179 91180
61879 6535 6399 4 77685 77687 95772 95843
61880 4755 4330 5 77688 77689 78290 78178 77961
61881 5634 5637 5 77691 77692 96574 96626 77746
61882 6159 6185 6 77694 77695 96635 96636 91228 91227
61883 6397 6399 8 77696 77697 95772 95104 95103 95608 95828 91160
61884 6397 6185 5 77697 77694 91230 95965 95844
61885 6397 6159 3 77694 77696 91159
61886 6399 6185 4 77695 77697 95843 96585
61887 5867 6295 5 77699 77700 94265 94266 95853
61888 5867 5913 7 77700 77701 91722 91723 95948 96013 95890
61889 5991 5867 4 77699 77701 94312 95740
61890 5187 5114 5 77704 77705 96592 77718 77716
61891 4553 4333 4 77709 77710 77956 77955
61892 4728 5114 4 77712 77713 77714 77720
61893 5396 5114 4 77717 77718 96549 77766
61894 4849 5114 4 77719 77720 77721 77947
61895 5000 5067 4 77723 77724 77777 77778
61896 5532 5298 3 77725 77726 77727
61897 4768 4712 5 77739 77740 77993 77905 77743
61898 5902 5508 5 77749 77750 91150 91149 91646
61899 5902 5743 5 77750 77748 95974 95972 95927
61900 5902 6030 5 77748 77749 95992 77836 77835
61901 5228 5079 5 77751 77752 77948 77756 77755
61902 4183 4176 6 77758 77759 78006 78066 78592 78550
61903 6865 7969 4 77760 77761 96405 96186
61904 5228 4941 3 77763 77764 77765
61905 4575 4875 4 77769 77767 77964 77930
61906 4282 3936 3 77773 77774 77992
61907 4204 4922 4 77779 77780 78042 77781
61908 3679 3780 5 77782 77783 78008 78939 78940
61909 3829 3679 4 77782 77784 77973 77971
61910 3721 3617 5 77785 77786 78173 79620 79616
61911 3428 3617 5 77786 77787 78027 79263 78175
61912 4405 4749 6 77788 77789 78179 77936 77915 77916
61913 4553 4749 4 77790 77788 77894 77893
61914 6034 5829 8 77792 77793 95930 96033 96041 96040 95942 95943
61915 5864 6034 6 77792 77794 91434 91433 94849 94850
61916 5884 5829 3 77793 77795 95903
61917 7222 7490 5 77799 77800 94769 94214 94215
61918 7222 6877 5 77798 77799 94951 94984 94985
61919 5806 6499 3 77801 77802 94481
61920 5806 5851 6 77802 77803 94523 94656 94599 94600
61921 5175 5851 3 77803 77804 94524
61922 5851 6499 7 77802 77804 94831 94832 94833 94834 94863
61923 5376 5458 4 77805 77806 77811 77809
61924 5884 5458 4 77808 77805 77810 88902
61925 5458 5000 4 77811 77812 77926 77814
61926 5535 5000 3 77813 77814 77925
61927 5376 4992 5 77815 77816 96034 95838 77818
61928 5376 5568 3 77816 77817 96045
61929 6455 5864 4 77820 77821 94770 94849
61930 6535 5864 9 77821 77822 91584 91585 96023 91561 91563 91434 91435
61931 6535 6086 3 77822 77819 91952
61932 5864 6086 10 77820 77822 91581 91580 95932 96036 94883 94882 96057 94850
61933 6373 7433 4 77823 77825 94807 94733
61934 6598 8246 6 77824 77826 94647 107763 93955 92058
61935 6377 6811 5 77827 77828 91492 91495 94328
61936 6475 5872 3 77829 77830 92173
61937 6475 6377 5 77827 77829 92172 92165 92164
61938 5872 6811 7 77828 77830 94964 94973 94954 92306 92304
61939 7681 5806 3 77832 77833 94567
61940 6030 5976 6 77834 77835 95938 91578 91229 91217
61941 6116 5976 3 77837 77834 91218
61942 5902 5976 5 77835 77837 91219 91220 95974
61943 5828 6065 4 77839 77840 88596 88575
61944 6062 5828 6 77839 77841 88572 91469 87655 87654
61945 6989 7021 3 77842 77843 96662
61946 6881 7021 6 77843 77844 89390 89391 90150 96666
61947 4427 4191 7 77847 77848 77869 77870 78417 78426 78888
61948 4427 4550 3 77848 77849 77877
61949 6381 6005 5 77854 77855 94528 94440 93872
61950 6657 6381 6 77853 77855 94342 94291 91818 91820
61951 6132 6829 7 77856 77857 94426 94580 94501 91981 91982
61952 6579 6829 5 77857 77858 84128 94547 94427
61953 6418 6177 3 77859 77860 86227
61954 6289 6097 5 77861 77862 88440 87443 87444
61955 4723 4427 5 77868 77870 78416 78062 77876
61956 1576 2048 6 77882 77883 106210 106142 106143 119163
61957 1576 2205 5 77883 77884 121430 135267 121679
61958 11903 2205 3 77884 77885 121431
61959 11903 2048 6 77885 77882 96303 96302 106358 106360
61960 11903 1576 4 77882 77884 120497 120496
61961 2205 2048 6 77883 77885 106239 106241 106746 106745
61962 4181 4610 3 77886 77887 77898
61963 4160 4450 4 77890 77891 80762 80761
61964 4818 4768 6 77920 77921 77968 77966 77944 77943
61965 4807 5376 3 77927 77928 77929
61966 3493 3942 4 77931 77932 78563 78561
61967 4330 4749 6 77937 77936 78177 77961 77960 77962
61968 3671 3658 7 77938 77939 78254 79479 79602 79562 78013
61969 3662 3671 4 77938 77940 79641 78014
61970 4849 4830 4 77945 77946 77951 77947
61971 4830 5079 4 77948 77949 77951 77950
61972 4749 4662 5 77952 77953 77958 77959 77960
61973 4818 4670 3 77965 77966 77967
61974 4818 4607 4 77967 77968 77969 77970
61975 3829 3937 7 77972 77973 78067 78884 79023 78996 78995
61976 4405 4652 4 77976 77977 77982 78153
61977 3671 3721 6 77978 77979 79603 79693 79619 79620
61978 3671 3732 5 77979 77980 78200 79108 79538
61979 3575 3732 5 77980 77981 79724 79525 78202
61980 3575 3721 6 77981 77978 79616 79610 79609 79723
61981 3575 3671 6 77978 77980 78201 79562 79563 79637
61982 3732 3721 4 77979 77981 79717 79604
61983 4405 4607 3 77984 77985 77986
61984 4220 4485 4 77994 77995 78001 77997
61985 4220 4120 9 77998 77999 78001 78000 78104 78074 78004 78002 78030
61986 4220 4027 3 78002 78003 78029
61987 3721 3780 7 78008 78009 79679 79692 79619 78173 78174
61988 3936 3721 5 78007 78009 79670 79671 79681
61989 3528 3662 5 78014 78015 79512 79510 79543
61990 3528 3658 5 78015 78013 79298 79297 79347
61991 3793 3662 3 78017 78018 78459
61992 3662 3606 5 78017 78019 78906 78546 78466
61993 4102 3792 3 78020 78022 78073
61994 3859 3826 3 78021 78023 78273
61995 3604 3413 4 78032 78033 80014 80016
61996 3215 3164 3 78035 78036 118891
61997 3322 3280 4 78037 78034 80459 79958
61998 3322 3215 8 78034 78036 118853 81882 81883 82174 80531 80458
61999 4485 4181 4 78038 78039 78045 78040
62000 4181 4922 4 78041 78042 78045 78044
62001 4241 4723 7 78052 78053 78416 78434 78440 78282 78280
62002 3493 3298 5 78056 78057 78478 78886 79074
62003 4309 4723 4 78062 78063 78065 78434
62004 4728 4309 3 78064 78065 78441
62005 3829 3498 6 78069 78070 78399 78883 79220 78642
62006 2638 2674 6 78071 78072 120585 120636 120648 120628
62007 2978 3231 6 78077 78078 119994 119995 120055 119334
62008 2978 2835 5 78076 78077 119332 135977 120223
62009 3936 3752 5 78080 78081 79080 79681 78110
62010 2897 2585 7 78083 78084 135866 118908 118907 136579 136700
62011 2567 2633 9 78085 78086 131525 118438 118436 118734 118795 113667 113666
62012 2567 2585 4 78086 78083 136090 131524
62013 2567 2897 5 78083 78085 135441 115882 115881
62014 2633 2585 8 78084 78086 131523 119053 78964 78965 115811 115810
62015 4309 3907 5 78092 78093 78991 78987 78118
62016 3956 4020 4 78094 78095 79045 78826
62017 3796 3875 5 78099 78100 79547 79622 81296
62018 3699 3796 3 78098 78100 79546
62019 3875 3836 6 78099 78101 78240 81331 81344 81297
62020 3956 4120 6 78103 78104 78549 78547 79054 79067
62021 3571 3481 5 78107 78105 79719 79720 80013
62022 3571 3575 4 78105 78106 79609 79722
62023 3554 3780 6 78108 78109 78943 78941 79216 79605
62024 3906 3936 4 78110 78111 79265 79671
62025 3286 3107 3 78112 78113 79101
62026 3377 3036 4 78114 78115 78594 120276
62027 3790 3789 6 78123 78124 78662 78658 78659 78637
62028 3790 3754 7 78124 78125 78505 78507 78673 78667 78663
62029 3754 3789 5 78124 78126 78614 78648 78647
62030 3724 3835 3 78127 78128 78568
62031 2658 3155 3 78132 78133 120464
62032 3108 3043 3 78134 78131 79260
62033 3108 2658 6 78131 78133 119012 119011 120265 120378
62034 3155 3043 8 78132 78134 79227 79226 78788 78618 78615 120127
62035 3035 2881 6 78137 78135 120402 120524 119227 119229
62036 3181 2881 3 78136 78137 120274
62037 4333 4395 8 78140 78141 78152 78158 78154 78148 78146 78145
62038 4432 4565 5 78143 78144 80829 80828 79119
62039 4583 4432 6 78142 78144 81069 80714 80713 80710
62040 4333 4282 3 78146 78147 78149
62041 4333 4477 4 78150 78151 78156 78152
62042 4333 4652 4 78153 78154 78159 78155
62043 4333 4635 4 78156 78157 78159 78158
62044 3819 4053 6 78161 78162 81236 81327 81204 78971
62045 4230 4184 5 78170 78167 80439 81384 80601
62046 4124 4184 5 78168 78170 80602 81091 79495
62047 3428 3780 4 78174 78175 78938 78939
62048 3780 3617 6 78173 78175 79264 79217 79216 79621
62049 4313 4749 3 78176 78177 78179
62050 4197 4005 3 78181 78182 78318
62051 3796 3767 6 78183 78184 79577 79576 79152 79153
62052 3658 3767 4 78185 78183 78341 78340
62053 3768 3767 4 78184 78185 78317 78314
62054 4313 4441 5 78186 78187 78288 78284 78283
62055 4597 4313 3 78189 78191 78284
62056 4135 3991 5 78193 78194 78364 78377 79110
62057 4671 4503 6 78198 78199 78242 78243 81375 79655
62058 3671 3444 4 78200 78201 79602 79107
62059 3732 3444 6 78202 78200 79109 79154 78921 78922
62060 3575 3444 6 78201 78202 79524 79536 79299 79296
62061 2750 2611 4 78205 78206 105768 105769
62062 2750 2881 5 78206 78207 121698 95559 95560
62063 4579 4288 3 78211 78212 78249
62064 4053 4076 4 78224 78225 79554 79555
62065 3973 3875 6 78227 78229 78305 78306 81314 78295
62066 3450 3580 4 78230 78231 79502 79503
62067 3523 3580 5 78232 78230 79506 79764 79585
62068 4071 3815 3 78234 78235 80667
62069 3467 3698 6 78236 78237 80557 80589 80590 80527
62070 3467 3501 7 78237 78238 79384 79385 80530 80560 80558
62071 3672 3467 4 78236 78238 80427 80429
62072 3875 3768 4 78240 78241 79463 81333
62073 4156 4236 3 78247 78248 78348
62074 4373 4155 6 78257 78258 81056 83613 80863 80832
62075 4205 4202 6 78259 78260 80913 80915 81108 80755
62076 4382 4362 4 78264 78265 78407 78366
62077 3859 3793 5 78272 78273 78555 78311 78310
62078 4201 4441 5 78277 78278 78365 78287 78286
62079 4441 4755 3 78288 78289 78290
62080 4558 4812 5 78291 78292 78302 78303 78293
62081 4198 3875 3 78294 78295 81313
62082 3616 3773 8 78298 78297 78685 78686 78495 78346 78345 78356
62083 4558 4851 4 78299 78300 78303 78301
62084 3875 3739 4 78304 78306 81602 79463
62085 3859 3576 6 78310 78312 79457 79560 79561 78448
62086 3836 3767 7 78314 78315 79788 79206 79187 79188 79577
62087 3836 3687 4 78315 78316 81289 79792
62088 3687 3767 5 78315 78317 78340 78339 78476
62089 3401 3501 6 78323 78324 82287 81661 81660 79885
62090 3501 3468 3 78322 78324 82324
62091 4188 4308 4 78327 78328 80291 82758
62092 4119 4179 6 78329 78330 81519 81591 81544 78361
62093 4119 4132 5 78330 78331 79569 79570 81520
62094 4328 4179 4 78332 78329 78363 81577
62095 4328 4119 5 78329 78331 81337 81578 78362
62096 4132 4179 5 78330 78332 81574 81573 81521
62097 4164 4420 3 78334 78335 78336
62098 3773 3661 7 78343 78344 78972 78973 79353 78494 78346
62099 4032 4119 5 78350 78351 81544 79030 79031
62100 4077 4119 4 78353 78350 81539 81572
62101 4063 4119 7 78351 78353 81571 81586 81343 81342 81591
62102 3699 3557 8 78358 78359 79572 79439 79440 79534 79564 79454
62103 3576 3557 8 78359 78360 79302 79343 78511 78513 79458 79457
62104 3576 3699 5 78357 78359 79560 79559 79587
62105 3557 3658 3 78358 78360 79301
62106 4248 4179 6 78363 78361 81545 81553 81531 81533
62107 4248 4119 5 78361 78362 81579 79033 79030
62108 4156 4241 5 78375 78373 78431 78429 78427
62109 3754 4092 4 78380 78381 78663 78647
62110 3859 3835 4 78384 78385 78551 78552
62111 4090 4411 3 78386 78387 78388
62112 3719 3807 4 78390 78391 78751 78758
62113 4382 4558 4 78403 78404 78408 78406
62114 4382 4728 3 78409 78410 78411
62115 3386 3790 5 78415 78412 78678 78677 78671
62116 4241 4427 3 78416 78417 78425
62117 3164 3413 7 78421 78422 79858 79860 80018 80017 80022
62118 4241 4441 5 78427 78428 78435 78442 78430
62119 4241 4728 5 78435 78436 78440 78441 78443
62120 4241 4647 3 78442 78443 78444
62121 3975 3766 5 78452 78453 80540 81546 79783
62122 3840 3984 3 78454 78451 80545
62123 3840 3975 6 78451 78453 80541 81232 81234 80544
62124 3411 3227 4 78457 78458 79474 79212
62125 3789 4092 5 78463 78464 78647 78662 78596
62126 1682 1691 5 78467 78468 118193 121138 121139
62127 1682 1645 6 78468 78469 119204 121137 118435 118192
62128 1794 1645 5 78469 78470 120358 120910 119206
62129 1794 1682 4 78467 78469 119205 120342
62130 3298 3456 4 78480 78478 78887 78986
62131 3498 3456 6 78479 78480 78977 78979 79219 78642
62132 4001 4142 4 78482 78483 78484 78488
62133 4148 4001 4 78485 78486 78487 78488
62134 3446 3181 3 78489 78490 78608
62135 3955 3935 3 78492 78493 78786
62136 3499 3616 3 78495 78496 79349
62137 2346 2666 4 78498 78499 78509 120492
62138 2477 2666 6 78499 78500 120062 120341 120329 78510
62139 2477 2658 4 78500 78497 119431 120061
62140 2666 2658 9 78498 78500 119010 119012 120464 120463 120128 79366 79365
62141 3763 3862 6 78504 78501 78967 78966 78697 78696
62142 3763 3667 6 78501 78503 79733 79824 79190 79189
62143 3782 3862 6 78502 78504 79522 79497 79496 79247
62144 3364 3790 4 78506 78507 78676 78678
62145 2335 2346 9 78508 78509 120543 120650 120073 120072 120024 120025 120581
62146 3557 3231 5 78511 78512 79444 79445 79342
62147 3452 3468 3 78514 78515 81794
62148 3364 3499 4 78516 78517 79434 79436
62149 2576 2564 5 78522 78523 78881 118598 118596
62150 2564 2513 4 78522 78524 114353 119627
62151 2950 3116 5 78525 78526 78935 78933 120210
62152 2950 3180 10 78526 78527 119924 119923 120220 120221 120259 120321 119756 119757
62153 3286 2950 3 78525 78527 120167
62154 2492 2186 5 78530 78528 119698 120725 119674
62155 2586 2186 5 78529 78530 119675 119695 120451
62156 3192 3008 5 78531 78532 79476 79387 79310
62157 4329 4263 4 78536 78537 80434 81110
62158 4263 4260 5 78536 78538 79483 79485 80390
62159 3155 3298 6 78542 78543 78788 78932 78931 78930
62160 3155 3301 5 78543 78540 79042 78617 78618
62161 3155 3287 4 78540 78542 78993 79041
62162 3956 3949 5 78547 78548 79050 79051 79053
62163 3530 3719 5 78553 78554 78669 78758 78760
62164 3793 4001 3 78558 78559 78560
62165 3079 3175 5 78566 78567 78737 121797 104469
62166 3079 11912 5 78565 78566 104467 121710 78738
62167 2232 2190 6 78570 78571 119797 119798 120835 119220
62168 2189 2190 7 78571 78573 119799 120026 119615 119616 120888
62169 3375 3181 5 78577 78579 78608 78610 121935
62170 409 12 4 78585 78586 122083 122087
62171 10991 12 8 78587 78585 107671 107672 120297 120296 122139 121186
62172 11714 12 6 78586 78587 121187 104874 104873 122073
62173 3446 3838 3 78589 78590 78721
62174 3553 3807 3 78591 78588 78830
62175 3553 3446 5 78588 78590 78722 78863 78855
62176 4183 3838 4 78592 78593 78661 78634
62177 3789 4090 3 78595 78596 78658
62178 3497 3412 5 78598 78599 79437 79507 79518
62179 3436 3375 8 78609 78610 121958 78801 78799 78800 78803 78804
62180 2064 855 3 78611 78613 105738
62181 3011 3301 4 78616 78617 79276 79228
62182 3155 3011 5 78615 78617 79277 120227 120126
62183 1875 1923 6 78619 78620 120761 120875 120870 119796
62184 2190 2186 8 78621 78622 120603 119673 119672 120593 120749 78854
62185 2190 1923 4 78622 78619 119798 120778
62186 2190 1875 8 78619 78621 78853 78866 120710 120857 120888 119797
62187 1015 11869 4 78630 78631 106329 106328
62188 71 11869 5 78632 78630 120610 106395 106394
62189 892 11869 4 78631 78632 106216 106215
62190 2572 2492 4 78635 78636 120117 79236
62191 4132 4053 3 78638 78639 80760
62192 3928 4450 3 78640 78641 79552
62193 2232 2034 6 78643 78644 79060 120124 120123 120845
62194 2232 2191 5 78644 78645 119510 120207 79059
62195 2067 2034 5 78646 78643 120847 120638 119100
62196 2067 2232 5 78643 78645 119511 120530 120846
62197 2191 2034 4 78644 78646 119101 79061
62198 3833 3436 3 78650 78649 78724
62199 2961 2995 6 78651 78652 135472 135452 135351 135352
62200 2961 2921 4 78652 78653 120090 135512
62201 3085 2921 6 78653 78654 133652 133654 133891 120091
62202 3085 2995 4 78654 78651 135425 135349
62203 2921 2995 5 78652 78654 120087 120086 135510
62204 4112 3790 4 78655 78656 78657 78672
62205 3790 4183 4 78659 78660 78672 78661
62206 3790 4092 4 78662 78663 78668 78664
62207 3790 3702 4 78665 78666 78675 78671
62208 3530 11914 6 78669 78670 78735 78759 78761 78757
62209 3616 3790 5 78673 78674 78675 78677 78676
62210 3750 4013 4 78680 78681 78682 78683
62211 2295 2375 6 78687 78688 78832 79285 136135 136134
62212 2190 2375 6 78689 78687 136282 119032 119034 120003
62213 2286 2375 5 78688 78689 120011 120023 78833
62214 2762 2630 6 78692 78693 118976 118647 118649 118714
62215 2832 2956 5 78694 78695 118769 118811 118823
62216 2832 2630 6 78695 78692 118715 118870 118755 118754
62217 2832 2762 6 78692 78694 118822 118825 79969 79968
62218 2956 2630 6 78693 78695 118768 115913 115911 118904
62219 3373 3061 6 78698 78699 78915 79452 79451 78896
62220 3182 3061 7 78700 78698 78897 79112 79345 79738 119580
62221 3026 3061 6 78699 78700 115718 115717 120620 78916
62222 3155 3223 4 78702 78703 78746 79227
62223 2711 2441 7 78706 78707 119543 119544 79258 79257 79399
62224 2626 2734 8 78708 78705 119967 79130 79129 134233 118901 118903
62225 2626 2711 3 78705 78707 119982
62226 2441 2734 3 78706 78708 119049
62227 3181 3935 3 78709 78710 78714
62228 3935 3556 7 78709 78711 78787 78786 78834 78783 78715
62229 3181 3621 5 78713 78714 78719 78739 122002
62230 11901 2727 5 78718 78716 121871 121870 121925
62231 11901 2140 7 78716 78717 120151 120152 96164 96163 121813
62232 5920 2960 3 78725 78726 96467
62233 1541 1722 8 78727 78728 121611 119927 109692 109693 121538 120069
62234 1205 1722 4 78729 78727 120071 121429
62235 1329 1722 9 78728 78729 119931 78873 78875 106373 121778 121681 121612
62236 2598 2584 9 78730 78732 120130 120138 120120 119843 119845 120713 79368
62237 2517 2346 3 78733 78734 120816
62238 2468 2492 3 78740 78741 120618
62239 2492 2212 5 78740 78742 119674 120726 120677
62240 11914 3691 8 78743 78744 78802 78763 78761 78754 78755 78749
62241 3356 3155 4 78745 78746 79226 78932
62242 11914 3759 4 78748 78749 78756 78750
62243 11914 3807 4 78751 78752 78754 78757
62244 11914 11916 4 78752 78753 78756 78755
62245 3530 3691 3 78761 78762 78764
62246 3375 3691 5 78762 78763 78804 78872 78765
62247 2726 2995 6 78766 78767 134001 135472 135510 135503
62248 2205 2726 6 78766 78768 78771 78770 120005 135502
62249 2726 1738 6 78769 78770 120004 135491 135492 135495
62250 1945 2205 4 78771 78772 121707 121709
62251 1945 2726 7 78769 78771 119942 119941 134109 134950 135496
62252 2694 2873 7 78774 78775 135348 135262 135263 135536 135533
62253 2873 2779 4 78773 78775 135403 135336
62254 3405 3436 7 78776 78778 121938 78795 78797 78800 78805
62255 3833 3556 4 78780 78782 78787 78838
62256 2268 1843 6 78793 78794 118736 115927 115928 120336
62257 2268 2625 6 78794 78791 80250 80252 118078 118592
62258 2268 2456 5 78791 78793 120334 121178 120317
62259 1843 2625 5 78792 78794 118722 118721 119428
62260 3436 11912 4 78795 78796 78801 121937
62261 3436 3175 3 78796 78797 78799
62262 3405 11912 3 78798 78795 121833
62263 3436 11914 3 78802 78803 78805
62264 1184 683 3 78807 78808 120507
62265 1184 1180 6 78808 78806 106345 106346 121712 121740
62266 1184 1062 5 78806 78807 120506 121748 121631
62267 3502 3807 5 78809 78810 78827 78830 78856
62268 3493 3286 5 78811 78813 79024 79034 79261
62269 3492 3094 5 78814 78815 80021 80187 80079
62270 2816 2482 6 78818 78819 119089 120157 119965 119013
62271 2816 2506 5 78819 78820 120146 120668 119090
62272 2443 2482 5 78821 78818 119015 119141 119122
62273 2443 2816 4 78818 78820 120136 119014
62274 2506 2482 5 78819 78821 119123 119442 119091
62275 2140 1722 5 78822 78823 78891 121948 121856
62276 2144 1184 5 78824 78825 106346 121713 120903
62277 2144 1722 9 78825 78822 120499 120501 121759 121761 106691 106693 106344
62278 2144 2140 5 78822 78824 120902 121680 121840
62279 1184 1722 5 78823 78825 106345 121631 78893
62280 3502 3838 3 78827 78828 78829
62281 3556 4141 3 78834 78835 78836
62282 1701 1895 6 78840 78841 120680 120853 120876 120904
62283 1701 1559 5 78841 78842 120868 120890 120681
62284 1891 1701 3 78840 78842 120867
62285 1559 1895 3 78841 78843 119737
62286 12 93 7 78844 78845 122143 122094 104874 104872 122070
62287 12 11305 6 78845 78846 107728 122136 122148 122144
62288 728 12 5 78844 78846 107727 122153 122152
62289 2603 2541 4 78847 78848 120644 120805
62290 2150 3100 4 78850 78851 121837 122009
62291 3490 2064 4 78852 78849 121954 121971
62292 2190 2047 5 78853 78854 119217 119216 78868
62293 3108 2666 3 78859 78857 119012
62294 3556 2881 6 78860 78862 120489 120274 119229 119228
62295 1960 2047 5 78867 78868 136051 136050 120736
62296 1960 2190 5 78868 78866 119703 119702 136261
62297 1960 1875 8 78866 78867 119892 119894 119871 119870 120616 120709
62298 1869 1613 3 78870 78869 121756
62299 1722 1180 5 78873 78874 106344 106345 119930
62300 1722 1369 5 78874 78875 106374 106692 106693
62301 1329 1180 4 78876 78873 119932 121188
62302 1369 1180 7 78874 78876 121189 105969 105971 120739 120741
62303 2517 2520 6 78879 78877 118338 120372 120379 120517
62304 2517 2434 6 78877 78878 120312 120773 120443 118337
62305 2816 2564 7 78881 78882 120064 120065 119014 119013 119952
62306 2816 2666 7 78882 78880 120226 120175 120171 120170 120128
62307 3301 3456 6 78887 78885 79035 79319 79218 78985
62308 3907 4427 5 78888 78889 78992 78997 78987
62309 2140 1604 6 78891 78892 121806 96164 96165 121603
62310 1722 1604 7 78893 78891 120757 120759 120069 120071 121428
62311 1184 1604 4 78892 78893 121748 121749
62312 3061 3443 3 78896 78897 79111
62313 3223 3043 8 78899 78900 79227 79260 120445 120060 120059 79466
62314 3297 3231 4 78901 78903 120055 79475
62315 3425 3539 6 78904 78905 79515 79541 79514 79513
62316 3425 3606 4 78905 78906 78908 79516
62317 3662 3425 6 78904 78906 78909 79511 79510 79542
62318 3425 3576 5 78908 78909 79456 79455 79523
62319 3223 3181 3 78910 78911 78912
62320 3035 3556 4 78913 78914 119229 78924
62321 3043 3061 4 78915 78916 120467 79466
62322 2711 2472 3 78917 78918 79257
62323 2711 2570 6 78918 78919 119326 120153 119284 79399
62324 2444 2570 3 78919 78920 119258
62325 2444 2472 6 78920 78917 79259 119653 116443 116442
62326 2444 2711 6 78917 78919 119327 119151 119153 79258
62327 2570 2472 5 78918 78920 117424 117423 79400
62328 2818 2527 3 78926 78927 119779
62329 2733 2625 5 78928 78929 79390 119922 119911
62330 2733 2527 6 78929 78926 119912 118785 118784 79388
62331 2625 2527 6 78927 78929 79389 80116 120318 119781
62332 2950 2888 8 78933 78934 119756 120201 119908 119910 79397 79398
62333 2950 3047 3 78934 78935 119757
62334 3116 2888 5 78936 78933 78957 78955 120178
62335 3554 3829 4 78942 78943 78984 79220
62336 1559 1308 7 78945 78946 121144 120886 109808 109807 120957
62337 1559 1645 3 78946 78944 121143
62338 2822 2999 4 78947 78948 79352 79351
62339 2670 2701 4 78949 78950 118828 119192
62340 2670 2999 6 78950 78947 79426 79428 115984 118827
62341 2670 2822 6 78947 78949 119191 115737 115739 119035
62342 2701 2999 6 78948 78950 116359 116082 116081 119127
62343 2458 2427 5 78951 78952 117948 114203 114202
62344 2458 2245 6 78952 78953 118809 118818 80113 80112
62345 2397 2245 6 78953 78954 119057 119226 117800 117802
62346 2397 2458 5 78951 78953 118357 118355 118967
62347 2980 2888 3 78956 78957 79398
62348 2821 2625 6 78959 78960 118766 119922 118266 118265
62349 2544 2625 8 78961 78959 118765 118751 118559 118558 118078 118077
62350 2355 2585 6 78963 78964 119052 119424 119842 119062
62351 2633 2556 6 78965 78962 118632 79947 79946 119160
62352 2633 2355 5 78962 78964 117744 117741 118492
62353 2585 2556 4 78963 78965 119161 119063
62354 3862 3865 3 78967 78968 79369
62355 4121 4053 6 78970 78971 81205 80614 79658 79659
62356 3456 3356 7 78975 78976 78985 78986 78977 78978 79540
62357 3456 3373 3 78974 78975 79530
62358 3456 3539 4 78978 78979 79223 79514
62359 3047 3287 4 78982 78983 120313 79114
62360 3812 3547 5 78998 78999 79004 79015 79007
62361 2840 2758 8 79001 79000 120307 122006 122362 122365 122345 122347
62362 3128 3547 7 79004 79005 122357 122342 122338 79017 79014
62363 2254 1497 6 79009 79010 113307 113308 122385 122434
62364 2542 1497 6 79010 79011 122505 113096 113095 118729
62365 2542 2254 4 79008 79010 118728 84407
62366 1497 2547 4 79009 79011 122502 122436
62367 2758 2524 6 79012 79013 94727 105858 105856 122359
62368 3547 3224 3 79014 79015 79016
62369 3937 4415 3 79018 79019 79020
62370 3937 3895 3 79021 79022 79023
62371 3301 3286 4 79024 79025 79307 79035
62372 3286 3456 7 79028 79029 79230 79313 79035 79034 79085
62373 3286 3575 3 79027 79028 79084
62374 4248 4032 4 79030 79032 81552 81545
62375 4398 4119 5 79031 79033 80054 80053 81539
62376 3893 3721 9 79037 79038 79670 79679 79688 79689 79712 79715 80507
62377 3752 3893 3 79037 79039 80473
62378 3906 3721 3 79038 79040 79671
62379 3180 3155 5 79041 79042 79277 120220 79044
62380 3180 3214 3 79043 79044 120221
62381 3956 3847 6 79045 79046 79048 79049 79050 79047
62382 3736 3956 4 79052 79053 79054 79069
62383 3280 3522 3 79056 79057 80050
62384 2346 2232 5 79059 79060 120483 120824 120832
62385 2191 2346 5 79059 79061 120073 120775 120833
62386 3679 3736 5 79065 79066 79075 79069 79070
62387 4120 3679 5 79067 79068 79078 79076 79075
62388 3102 3287 5 79072 79073 79113 79114 120176
62389 3679 4027 3 79077 79078 79079
62390 4416 4314 3 79082 79083 81282
62391 3398 3078 5 79088 79089 80321 80323 80878
62392 3398 3117 4 79089 79086 82159 82194
62393 3398 3166 5 79086 79088 81946 82048 82156
62394 3078 3117 9 79087 79089 82183 82165 82037 82036 115699 115826 81899
62395 1325 1436 5 79090 79091 120913 121083 121081
62396 1325 1235 7 79091 79092 101573 80256 80254 106649 120912
62397 1538 1235 4 79092 79093 107296 101575
62398 1538 1325 4 79090 79092 101574 121301
62399 1235 1436 6 79091 79093 106270 106272 121280 120914
62400 3286 2980 5 79095 79096 120167 79174 79128
62401 2987 2729 4 79099 79100 79894 79893
62402 2987 2775 6 79100 79098 118652 119145 119155 115972
62403 2987 2774 8 79098 79099 119009 120237 119919 119918 120230 118650
62404 3444 3796 4 79107 79109 79153 79553
62405 3061 3231 7 79111 79112 79344 119994 120570 79453 79451
62406 3428 3367 4 79117 79118 79179 79120
62407 4402 4230 3 79122 79123 80723
62408 4268 4503 5 79124 79121 80492 80494 80622
62409 3011 2980 6 79127 79128 79173 119880 119881 119907
62410 3286 3011 3 79126 79128 79160
62411 2734 3046 4 79130 79131 119939 119960
62412 3008 3046 9 79131 79132 136045 79477 79476 79649 79273 79272 119493
62413 3008 2626 4 79132 79129 79409 79408
62414 3008 2734 6 79129 79131 119940 119900 119901 134234
62415 3046 2626 5 79130 79132 136044 118988 118987
62416 2906 2533 7 79133 79134 118807 118506 118505 115914 115619
62417 2889 3135 5 79135 79136 118637 118687 114211
62418 2889 2533 4 79136 79133 112857 112856
62419 2288 2128 4 79141 79142 119432 119420
62420 2208 2128 6 79142 79143 119734 119663 119662 119434
62421 2543 2602 6 79146 79144 118640 118830 118864 79328
62422 2543 2631 4 79144 79145 118923 118639
62423 3571 3717 6 79149 79147 80444 80468 80062 80060
62424 3571 3858 7 79147 79148 79243 79245 80378 80506 80443
62425 2276 2564 4 79157 79158 118459 119766
62426 2276 2429 5 79158 79155 118710 118709 118458
62427 2276 2335 4 79155 79157 118746 118748
62428 2564 2429 6 79156 79158 118457 118599 118596 119627
62429 3180 3095 3 79161 79159 79292
62430 3180 3011 6 79159 79160 79173 119923 79277 79276
62431 3637 3309 4 79165 79162 82089 82088
62432 3501 3309 5 79163 79165 82097 82099 81918
62433 2982 2862 4 79166 79167 79350 82200
62434 2982 2999 8 79167 79168 115957 116045 119076 79425 79426 79351
62435 3149 2999 4 79168 79169 82214 115958
62436 3149 2862 6 79169 79166 82202 136069 119113 82213
62437 3149 2982 5 79166 79168 79983 79985 82201
62438 2999 2862 6 79167 79169 82212 119126 119127 79352
62439 2937 3116 3 79170 79171 118770
62440 2937 2923 7 79171 79172 118981 118423 116074 80012 80011
62441 3180 2980 3 79173 79174 119924
62442 2999 2911 5 79175 79176 115929 116081 119126
62443 2999 3187 10 79176 79177 115958 115957 116046 116083 115249 115250 79890 79891
62444 3234 3187 7 79177 79178 115428 82284 79741 79742 81920
62445 3234 2999 4 79175 79177 82214 82212
62446 3187 2911 3 79176 79178 115930
62447 3095 3295 4 79183 79181 119019 79394
62448 3840 3767 3 79186 79187 79205
62449 3836 3800 4 79188 79185 79951 79575
62450 3836 3840 5 79185 79187 79204 80541 81357
62451 3513 3322 4 79191 79192 79825 79318
62452 2982 2987 3 79194 79195 119155
62453 2982 3046 7 79195 79196 82246 82201 82200 115986 119129
62454 3024 3046 3 79196 79197 82247
62455 3024 2987 8 79197 79194 115972 79894 79896 117200 119020 118940
62456 3046 2987 6 79195 79197 118941 119016 119144 119145
62457 3468 3513 7 79198 79199 81794 82285 82324 82346 80388
62458 3466 3513 4 79199 79200 79813 79814
62459 3513 3766 5 79198 79200 79815 79818 80389
62460 2937 3038 4 79202 79203 114246 114244
62461 3094 2937 4 79201 79203 116073 80012
62462 3766 3767 5 79205 79206 79626 79627 79749
62463 3836 3766 5 79204 79206 79729 79728 80540
62464 3395 3350 3 79208 79209 80959
62465 3184 3395 6 79207 79209 82362 82377 82298 82297
62466 3504 3297 3 79213 79214 79215
62467 3554 3498 4 79219 79220 79221 79222
62468 3227 3444 7 79225 79224 79309 79486 79906 79482 79481
62469 3301 3095 5 79228 79229 79319 79307 79292
62470 2849 2833 8 79231 79232 118826 118762 118761 120249 119000 116055
62471 2849 2956 9 79232 79233 80001 82219 118410 115912 115911 79988 79989
62472 3164 2956 7 79233 79234 113210 118106 118108 118862 80003
62473 3164 2849 3 79231 79233 80002
62474 2956 2833 4 79232 79234 113209 117841
62475 3250 3226 8 79238 79239 82123 82126 82125 81835 81836 81622
62476 3390 3309 4 79240 79241 81941 79925
62477 3390 3250 4 79238 79240 79924 81623
62478 3309 3226 4 79239 79241 79468 79467
62479 3827 3858 4 79242 79243 80072 80071
62480 3819 3858 4 79245 79242 79673 79674
62481 3819 3827 5 79242 79244 79755 80410 80417
62482 4024 3893 3 79248 79249 79266
62483 2500 2556 5 79251 79252 118348 115779 115780
62484 2500 2446 7 79252 79253 114019 114020 119320 114457 114458
62485 2683 2446 6 79253 79254 116085 115989 115988 118889
62486 2683 2556 5 79254 79251 119194 119193 119189
62487 2683 2500 4 79251 79253 119245 119230
62488 2446 2556 5 79252 79254 114638 114635 118349
62489 2441 2444 7 79258 79259 118732 118730 119973 119120 119121
62490 2441 2472 6 79259 79257 79400 119477 119650 119652
62491 3493 3617 4 79261 79262 79264 79263
62492 3893 3936 5 79265 79266 79269 79267 79670
62493 3893 3780 5 79267 79268 79682 79691 79679
62494 3061 3227 5 79274 79275 119812 79344 79345
62495 3061 3008 5 79275 79272 119495 119903 119811
62496 3061 3046 4 79272 79274 79738 119494
62497 3227 3008 4 79273 79275 119721 79650
62498 2316 2332 5 79278 79280 119503 119504 119294
62499 2441 2697 7 79282 79283 119544 119121 119074 79421 79422
62500 2775 2626 8 79284 79281 119982 119967 118987 118986 116847 116846
62501 2775 2441 3 79281 79283 119543
62502 2697 2626 3 79282 79284 119059
62503 2416 2264 5 79286 79287 119437 119654 119661
62504 2544 2412 8 79288 79289 122225 114224 114227 118077 118079 122657
62505 2318 2412 4 79291 79288 122649 118549
62506 2533 2412 4 79289 79291 118508 118509
62507 2836 2782 4 79293 79295 120057 119854
62508 3575 3658 3 79296 79298 79562
62509 3528 3444 4 79297 79299 79535 79348
62510 2259 2224 8 79303 79304 119379 119317 114456 114459 115965 118948
62511 2259 2110 6 79304 79305 115652 119065 119066 119382
62512 2181 2110 7 79305 79306 115844 115845 116694 117454 115654
62513 2181 2224 3 79306 79303 118949
62514 3448 3444 7 79309 79308 79346 79348 79533 79532 79487
62515 3499 3750 5 79320 79321 79436 79435 79354
62516 3504 3499 4 79323 79322 79446 79442
62517 2923 3094 7 79326 79327 80012 79631 79633 80088 118602
62518 2923 2821 7 79327 79324 118767 118766 119921 118424 116074
62519 2923 2906 3 79324 79326 118616
62520 3094 2821 4 79325 79327 116073 79867
62521 2602 2537 7 79328 79329 118641 115884 114964 114962 118865
62522 2703 2543 4 79330 79331 118923 118958
62523 2766 2699 3 79332 79333 115288
62524 2766 2543 7 79333 79330 116156 113964 82016 82015 115286
62525 2766 2703 7 79330 79332 118961 118741 118740 118922 118957
62526 3177 3149 6 79334 79335 82291 79986 79985 79424
62527 3192 3466 3 79336 79337 79853
62528 3466 3149 5 79335 79337 79852 82303 82292
62529 3231 3504 4 79340 79341 79446 79445
62530 2982 2822 6 79350 79351 119035 118997 118996 115986
62531 3557 3499 4 79354 79355 79442 79444
62532 3557 3618 6 79355 79356 79441 79440 79450 79443
62533 24 1252 4 79361 79358 105934 129057
62534 942 1252 4 79359 79361 133968 134050
62535 2624 2545 6 79362 79363 133345 133398 136667 136668
62536 2357 2584 6 79367 79368 120712 120829 120830 120822
62537 2270 2232 7 79371 79372 120122 120123 120844 120864 120835
62538 2372 2270 6 79371 79373 119767 120381 120602 120604
62539 2715 2416 3 79375 79376 119621
62540 2506 2416 8 79376 79377 119443 119123 119124 119563 119819 119954
62541 2506 2570 4 79377 79374 119964 119956
62542 2506 2715 6 79374 79376 119936 119935 120661 119963
62543 2667 2664 5 79380 79381 115886 119263 118763
62544 2833 2642 5 79382 79383 118603 118972 118762
62545 2833 2664 6 79383 79380 118764 118852 116070 116069
62546 2833 2667 6 79380 79382 118761 120250 118635 118636
62547 2642 2664 6 79381 79383 116057 116056 114173 114172
62548 3297 3008 6 79386 79387 79649 79650 119720 135549
62549 2527 2427 7 79388 79389 80115 114267 114268 118789 118788
62550 2625 2427 7 79389 79390 118266 118267 118751 118750 80117
62551 2427 2733 6 79388 79390 119988 119948 119626 119002
62552 2408 2375 7 79393 79391 119934 119983 120022 120011 120003
62553 2372 2375 3 79392 79393 119034
62554 3095 3444 5 79395 79394 119023 79531 79532
62555 2950 2818 4 79396 79397 119043 119044
62556 2980 2950 6 79396 79398 120210 120167 119924 119880
62557 2713 2327 7 79401 79403 136254 136256 120041 120040 136043
62558 2897 2756 5 79406 79407 135962 136578 118907
62559 2897 3008 5 79407 79408 136045 135950 135949
62560 2626 2756 7 79409 79406 118909 119536 136132 135483 134233
62561 2626 2897 6 79406 79408 136044 120575 120574 118908
62562 3008 2756 7 79407 79409 134234 135958 136118 136120 135963
62563 2728 2806 8 79411 79412 81963 115407 115363 115362 115333 82318
62564 2728 2988 4 79412 79410 116174 81962
62565 2728 2826 4 79410 79411 82317 113729
62566 3335 3462 4 79413 79414 81874 82481
62567 3335 3463 5 79414 79415 80159 80157 81873
62568 3390 3463 6 79415 79416 81828 81752 79924 79925
62569 3390 3335 5 79413 79415 81941 81940 82262
62570 650 230 7 79417 79418 112622 125189 125233 125162 117994
62571 650 443 6 79418 79419 118045 124301 118183 112623
62572 248 650 4 79417 79419 118046 117993
62573 2441 2402 4 79420 79421 119073 115960
62574 2355 2402 6 79423 79420 115961 117839 119270 119272
62575 2355 2441 6 79420 79422 119790 119842 119118 115959
62576 2697 2402 7 79421 79423 119288 119315 119289 119291 119075
62577 2982 2670 4 79426 79427 119156 119035
62578 2833 2670 6 79427 79428 115985 119056 118852 118851
62579 2833 2982 4 79425 79427 119128 119117
62580 3046 3182 5 79429 79430 79738 119154 119016
62581 3182 3177 4 79429 79431 79907 119017
62582 3773 3557 4 79441 79439 79448 79447
62583 3557 3559 3 79449 79450 79534
62584 3061 3223 4 79452 79453 120466 79466
62585 3425 3528 4 79459 79460 79509 79510
62586 3554 3425 4 79459 79461 79513 79542
62587 3768 3862 6 79464 79465 81446 81612 81614 81629
62588 3335 3309 4 79468 79469 80159 81941
62589 3309 3304 7 79467 79469 80158 82094 82095 82168 82124
62590 3343 3195 4 79471 79472 82248 82250
62591 3149 3234 6 79473 79470 81920 82214 82213 116035
62592 3149 3343 6 79470 79472 82306 82292 82291 81919
62593 3195 3234 4 79471 79473 116016 82295
62594 3991 3796 5 79478 79480 79622 81360 79549
62595 4267 4263 5 79484 79485 80391 80636 80690
62596 3182 3444 5 79486 79487 79531 119022 79907
62597 3667 3523 6 79488 79489 79746 79747 79811 79585
62598 3667 3635 4 79489 79490 79824 79823
62599 2849 2642 8 79491 79492 79962 119949 118760 118762 79987 79988
62600 2849 2821 7 79492 79493 115912 118411 118424 119987 79963
62601 2630 2821 5 79493 79494 118623 118621 115913
62602 2630 2642 9 79494 79491 118904 118976 118968 118964 115774 115773 118934
62603 2630 2849 3 79491 79493 115911
62604 2821 2642 4 79492 79494 114201 79964
62605 3973 3862 4 79496 79498 79656 79528
62606 3450 3642 5 79499 79500 82311 79505 79503
62607 3379 3642 6 79501 79499 79504 79537 79794 79889
62608 3466 3642 9 79500 79501 79888 79800 79799 79813 79816 81489 82312
62609 3642 3523 4 79505 79506 79765 82313
62610 3497 3411 4 79517 79518 79519 79520
62611 3425 3356 3 79539 79540 79541
62612 3932 3850 6 79544 79545 81483 81484 81638 81345
62613 3576 3875 3 79559 79561 79582
62614 4316 4688 3 79566 79567 79623
62615 4316 4630 5 79567 79568 81414 81543 79624
62616 4254 4132 6 79571 79569 81338 81371 81370 81363
62617 3875 4132 5 79570 79571 81362 81296 81297
62618 3476 3167 6 79578 79579 81265 81400 81401 82613
62619 3476 3050 3 79579 79580 81266
62620 3517 3167 5 79581 79578 81269 81268 81212
62621 3699 3792 3 79586 79587 79588
62622 3699 4139 4 79589 79590 79592 79591
62623 3667 3959 4 79593 79594 79595 79596
62624 3902 3667 6 79596 79597 81639 81626 81627 79761
62625 3959 3902 6 79596 79598 81632 81190 81189 79762
62626 3764 3905 3 79599 79600 79809
62627 4070 3721 5 79603 79604 79716 79689 79690
62628 4200 4032 4 79607 79608 81563 79771
62629 4268 4113 3 79611 79612 81493
62630 4148 4070 3 79614 79615 79685
62631 3097 2923 3 79631 79632 80011
62632 4108 4322 7 79634 79635 81697 81686 81687 81688 81517
62633 4108 4177 7 79635 79636 81410 81098 81096 81237 81696
62634 4211 4108 5 79634 79636 81603 81691 81518
62635 3893 3819 7 79640 79638 79674 79713 79712 79710 79696
62636 3893 3878 3 79638 79639 79672
62637 3757 3689 4 79643 79644 80403 80454
62638 3870 3692 5 79645 79642 80325 80345 80344
62639 3450 3417 4 79647 79648 79782 82301
62640 4681 4503 4 79654 79655 81374 80720
62641 4063 3862 5 79656 79657 81590 81446 81447
62642 3665 3525 3 79662 79663 80380
62643 3525 3492 7 79662 79664 80070 80193 80031 80030 80441
62644 4115 4004 4 79666 79667 83276 83193
62645 4109 4267 4 79668 79669 80637 80636
62646 3878 3858 6 79672 79673 80071 79804 79805 80063
62647 3893 4160 4 79675 79676 79678 79696
62648 4070 3893 6 79675 79677 79685 79686 79689 79710
62649 3893 4148 5 79682 79683 79684 79685 79687
62650 4074 3893 4 79686 79687 79691 79688
62651 4074 3721 4 79690 79688 79692 79693
62652 3954 4083 5 79694 79695 80467 80486 80643
62653 3819 4160 5 79696 79697 81327 81264 79711
62654 2800 2778 3 79699 79700 116113
62655 2800 2789 5 79700 79701 115793 115791 116142
62656 2932 2789 4 79701 79702 116106 115796
62657 2932 2778 8 79702 79699 116115 82991 82992 116109 115701 115700
62658 2932 2800 8 79699 79701 115766 82195 82197 115357 116133 116114
62659 2789 2778 9 79700 79702 116087 114200 114198 114197 116110 116111 116144
62660 2444 2697 4 79704 79705 119121 119153
62661 2444 2493 6 79703 79704 119151 119735 118783 118780
62662 3963 4188 5 79707 79708 82776 82777 82778
62663 4188 3810 4 79707 79709 81813 82734
62664 3721 3819 5 79712 79714 79723 79717 79716
62665 3571 3893 3 79713 79715 80378
62666 3819 3481 4 79718 79719 79721 79725
62667 3819 3575 4 79721 79722 79723 79724
62668 3836 3642 4 79727 79729 79788 79792
62669 3192 3450 5 79730 79731 79886 79853 79851
62670 3458 3728 5 79737 79736 82360 82704 81600
62671 3187 3343 5 79740 79742 81919 82293 82256
62672 3794 3932 4 79743 79744 81637 81638
62673 3667 3417 4 79747 79748 81158 81547
62674 3625 3845 3 79752 79753 82634
62675 3591 3845 5 79753 79754 82370 82642 82641
62676 3591 3783 4 79754 79751 81709 82369
62677 3591 3625 9 79751 79753 82647 82649 82531 82530 82493 81762 81708
62678 4169 4432 5 79756 79757 80734 80658 80659
62679 3467 3280 6 79759 79760 80050 80594 80571 80459
62680 3523 3764 5 79764 79765 82309 81548 79811
62681 4134 4315 3 79766 79767 81831
62682 4134 4057 9 79767 79768 82796 82800 82801 82827 82766 82695 82696
62683 4200 4177 7 79770 79771 81326 81324 81438 81348 81093
62684 4177 4032 5 79769 79771 81564 81599 81191
62685 3850 3905 4 79777 79775 81710 81345
62686 3850 3781 5 79775 79776 81157 81159 81711
62687 3697 3909 8 79779 79780 81763 81765 82833 81720 80901 80902
62688 3697 3798 3 79780 79781 81764
62689 3760 3697 6 79779 79781 81768 81145 81147 81584
62690 3764 3975 3 79783 79784 81505
62691 4586 4526 3 79785 79786 81392
62692 4699 4526 8 79786 79787 81435 81433 81432 81431 81529 81393
62693 3604 3808 5 79796 79797 80178 80177 81084
62694 3642 3452 4 79798 79799 79812 79801
62695 4121 3858 5 79805 79806 80475 80520 80392
62696 3642 3513 4 79812 79813 79815 79817
62697 3225 3254 7 79819 79820 82251 82252 81934 81935 82671
62698 3225 3346 7 79820 79821 82605 82606 82912 82913 82926
62699 3346 3254 4 79820 79822 82942 82927
62700 3513 3401 4 79825 79826 82285 82287
62701 3076 3197 6 79827 79828 82288 115646 81717 80949
62702 3076 3193 7 79828 79829 82411 82323 79881 79882 82128
62703 3350 3197 5 79830 79827 80951 82049 82050
62704 3350 3076 4 79827 79829 82407 80950
62705 3193 3197 3 79828 79830 82289
62706 3488 3257 5 79831 79832 82102 80858 80857
62707 3358 3366 5 79833 79834 81872 81974 81933
62708 3358 3257 6 79834 79831 82062 82063 83019 81871
62709 2484 2710 5 79835 79836 114215 114213 116049
62710 2484 2594 7 79836 79837 82940 81966 81964 116121 116123
62711 2637 2594 6 79837 79838 115677 115787 115159 82941
62712 2637 2710 4 79838 79835 82918 82920
62713 2637 2484 5 79835 79837 79942 79944 116149
62714 2594 2710 5 79836 79838 115676 115803 115802
62715 2947 3039 6 79839 79840 117944 117945 114228 113710
62716 2947 3122 8 79840 79841 82198 114271 114272 115346 116098 118516
62717 3320 2947 3 79839 79841 82199
62718 2200 2398 4 79843 79844 115935 115934
62719 2200 2272 8 79844 79842 114667 117173 116570 116565 116567 116850
62720 2200 2308 7 79842 79843 138672 139228 116862 116863 114666
62721 3395 3794 5 79845 79846 82190 82208 82275
62722 3636 3395 5 79845 79847 82375 82330 82276
62723 3417 3794 4 79846 79848 81713 81712
62724 3124 3187 4 79850 79849 115622 82120
62725 3149 3450 4 79851 79852 82304 79857
62726 4954 5207 3 79854 79855 85375
62727 4954 4998 7 79855 79856 85084 85083 85498 85366 85367
62728 3413 3414 7 79859 79860 80020 80015 80016 80051 80593
62729 3414 3280 4 79859 79861 79958 80571
62730 3270 3525 4 79863 79864 80070 80192
62731 2906 3038 6 79865 79866 82221 82222 118810 118569
62732 3038 2821 4 79865 79867 114246 114245
62733 3485 3358 6 79869 79870 81856 81974 81973 80283
62734 3485 3398 6 79870 79871 82032 82070 82071 81857
62735 3487 3398 4 79871 79872 81971 81970
62736 3487 3485 5 79869 79871 82033 82103 80284
62737 3398 3358 5 79870 79872 82039 80885 80886
62738 2909 2736 7 79873 79874 115591 82271 82269 115459 115014
62739 2909 2972 6 79874 79875 115467 114430 114428 114563
62740 2945 2909 4 79873 79875 115383 115015
62741 2972 2736 4 79874 79876 115472 115473
62742 2258 1960 3 79877 79878 119582
62743 2258 2264 7 79878 79879 119469 118733 118731 120048 119581
62744 2088 2264 3 79879 79880 119471
62745 2088 1960 5 79880 79877 135222 119639 119506
62746 2088 2258 7 79877 79879 119402 119403 119472 120027 136267
62747 3076 3184 4 79882 79883 115465 82129
62748 3501 3437 3 79885 79884 81914
62749 3177 3642 3 79887 79888 79889
62750 2929 3187 7 79891 79892 115621 115622 115429 115428 115930
62751 3187 2927 5 79890 79892 79954 79953 116911
62752 2833 3024 5 79895 79896 117201 118992 119117
62753 2833 2987 7 79896 79893 119009 120248 119000 115410 115409
62754 2833 2729 7 79893 79895 119128 118851 118764 118636 118633
62755 3117 3124 5 79897 79898 81916 81929 81932
62756 3168 3117 3 79897 79899 82003
62757 2932 3124 4 79898 79900 82195 81917
62758 2854 2824 4 79903 79904 82447 115617
62759 2970 2824 5 79904 79905 115331 115442 82448
62760 3403 3164 3 79908 79909 80017
62761 2754 2456 5 79912 79910 118700 120311 120310
62762 3032 3215 6 79913 79914 117873 117874 79974 79973
62763 3479 3535 6 79915 79916 82338 81798 81757 81759
62764 3479 3810 6 79916 79917 81257 81485 81486 82113
62765 3708 3535 6 79918 79915 81922 82325 81923 81549
62766 3708 3479 3 79915 79917 81256
62767 1988 2086 5 79919 79920 118446 118448 118528
62768 1824 3218 5 79922 79923 101228 84490 84489
62769 1824 2743 5 79923 79921 101900 101871 101226
62770 3571 3492 4 79926 79927 80061 80062
62771 2148 2007 6 79928 79929 116410 117175 117174 118416
62772 2148 1924 7 79929 79930 118402 118400 118447 118428 116409
62773 2050 1924 7 79930 79931 117218 116213 112991 112990 118137
62774 2050 2007 4 79931 79928 118358 118254
62775 3270 3038 5 79934 79935 79957 79975 82221
62776 3808 3665 4 79936 79937 80411 80178
62777 3855 3878 7 79938 79939 80681 80633 80634 81354 80409
62778 3038 3164 3 79940 79941 118108
62779 2484 2549 7 79942 79943 116140 116137 116138 114687 82940
62780 2637 2728 5 79944 79945 82318 82317 113730
62781 2637 2549 5 79945 79942 82941 115160 115332
62782 2728 2549 4 79943 79945 115333 115438
62783 2556 2536 6 79947 79948 119189 114638 114636 117383
62784 2701 2556 5 79946 79948 119193 119192 119190
62785 2536 2633 5 79947 79949 119088 118795 118796
62786 4132 3800 5 79950 79951 81356 80604 80605
62787 4132 3836 7 79951 79952 81297 81520 81521 81358 81357
62788 3796 4132 6 79950 79952 81296 81360 81359 81280
62789 2927 3015 8 79954 79955 118836 118801 118694 118693 118905 118863
62790 3322 3015 4 79955 79956 81881 81882
62791 3322 2927 4 79953 79955 118853 118890
62792 3015 3187 4 79954 79956 82120 115621
62793 4280 3872 5 79960 79961 80488 80474 80476
62794 4280 3954 4 79961 79959 80704 80502
62795 2849 2427 3 79962 79963 119948
62796 2821 2427 6 79963 79964 114203 117947 118266 119988
62797 1509 1752 7 79965 79966 120812 120813 122547 122891 121303
62798 1509 1634 6 79966 79967 122598 121101 119386 119384
62799 1501 1509 4 79965 79967 122597 121304
62800 2762 2787 4 79969 79970 118467 118468
62801 2537 2762 5 79968 79970 118642 118641 118714
62802 3029 2952 6 79971 79972 119914 82962 82961 136381
62803 3038 3032 5 79974 79975 82222 118812 118829
62804 2801 2493 3 79977 79978 119729
62805 2801 2816 6 79978 79976 115716 115715 119149 120156
62806 2801 2774 7 79976 79977 119029 119031 118651 118650 120228
62807 1837 2103 6 79979 79980 119108 119107 119591 119592
62808 1837 1960 4 79980 79981 119870 119642
62809 1730 1960 5 79981 79982 117410 117409 119871
62810 1960 2103 8 79980 79982 119620 119619 119506 119505 119679 119643
62811 2982 3187 3 79983 79984 115957
62812 2982 3177 5 79984 79985 82246 82245 116045
62813 3149 3187 5 79986 79983 115958 81920 81919
62814 3177 3187 8 79984 79986 82293 82237 82236 82231 82230 116046
62815 2847 2642 6 79990 79987 118972 118974 118973 118978
62816 2847 2849 3 79987 79989 118826
62817 2956 2642 4 79988 79990 118975 118904
62818 2849 2980 3 79991 79992 119925
62819 4283 4324 5 79993 79994 84584 84121 84122
62820 4143 4283 4 79993 79995 84837 84362
62821 4062 4324 3 79994 79996 83333
62822 3515 3752 3 79997 79998 80516
62823 2952 2701 3 79999 80000 119072
62824 3107 2956 3 80001 80003 82220
62825 1001 1523 3 80004 80005 122222
62826 1001 961 6 80005 80006 120315 122536 122693 122334
62827 1241 961 3 80006 80007 107498
62828 1241 1523 7 80007 80004 122223 122561 106766 106765 107497
62829 2906 2832 5 80008 80009 118754 118769 118810
62830 3032 2832 8 80010 80008 118812 118823 118822 118800 118578 118577
62831 2889 2832 5 80009 80010 118743 118745 118755
62832 3413 3481 5 80013 80014 80015 80027 80026
62833 3413 3400 5 80018 80019 80025 80027 80020
62834 3107 3413 3 80022 80023 80028
62835 4867 4510 3 80035 80033 85043
62836 2738 3060 6 80037 80038 82508 83790 113311 113313
62837 3118 3060 9 80038 80039 83885 83886 83890 83891 83905 83937 82510
62838 3118 2738 4 80036 80038 82509 83942
62839 3060 3051 3 80037 80039 83899
62840 4095 4413 3 80040 80042 81409
62841 4448 4251 3 80041 80043 81113
62842 3743 3717 3 80045 80044 80074
62843 2787 2511 8 80046 80047 113301 118082 118682 80257 80258 82936
62844 2947 2511 3 80047 80048 113303
62845 3665 3414 4 80051 80052 80535 80591
62846 4436 4398 5 80054 80055 81373 81416 81569
62847 4168 3858 5 80064 80063 80392 80518 80511
62848 3185 3135 6 80068 80066 80180 80266 118575 118574
62849 3315 3135 7 80067 80068 122396 80149 80119 80118 80169
62850 3695 3817 4 80080 80081 83378 83753
62851 3817 3615 3 80080 80082 83754
62852 3954 4082 8 80083 80084 80327 80692 80502 80501 80504 80472
62853 3611 3487 6 80092 80093 82112 82111 82105 82103
62854 3611 3615 4 80093 80091 83508 83509
62855 3611 3423 6 80091 80092 83426 80306 80305 80782
62856 3741 3872 4 80098 80099 80422 80423
62857 3925 4196 6 80100 80102 80766 81169 80818 80810
62858 4128 3733 4 80106 80104 83353 80191
62859 3500 3716 4 80107 80108 80110 80152
62860 2245 2318 3 80113 80114 118806
62861 2245 2470 4 80114 80112 118343 118805
62862 2527 2241 7 80115 80116 120291 119898 119896 118942 118943
62863 2625 2241 5 80116 80117 119429 119428 120286
62864 986 918 5 80122 80123 122165 122164 121231
62865 986 418 5 80123 80120 121105 121745 121747
62866 986 893 7 80120 80122 107704 107703 122089 106413 106412
62867 918 418 5 80121 80123 122086 122053 122054
62868 3540 3463 8 80124 80125 80310 80311 83230 81927 81925 82087
62869 3540 3708 3 80125 80126 82002
62870 3637 3463 4 80127 80124 82089 81924
62871 1001 258 4 80128 80129 116061 122536
62872 1001 11716 5 80129 80130 122684 122689 116060
62873 877 258 4 80131 80128 117482 117484
62874 877 1001 4 80128 80130 120316 120315
62875 11716 258 6 80129 80131 122393 113283 113285 116062
62876 2789 2669 4 80134 80135 114098 116110
62877 2789 2537 3 80135 80132 114097
62878 2789 2787 8 80132 80134 114197 114149 114151 118799 118468 118470
62879 2669 2537 6 80133 80135 114096 117955 116465 114223
62880 464 456 7 80136 80137 122926 122925 122928 106504 106505
62881 464 380 8 80137 80138 122890 112952 107943 107941 122651 122652
62882 11857 380 6 80138 80139 122820 122276 80234 80236
62883 11857 456 4 80139 80136 108836 108833
62884 11857 464 4 80136 80138 101526 101525
62885 380 456 4 80137 80139 122817 122819
62886 1828 1875 6 80140 80141 120843 120861 120862 120850
62887 1701 1875 5 80143 80140 120852 120875 120853
62888 1701 1828 4 80140 80142 119446 120851
62889 1492 2206 3 80144 80145 122602
62890 1492 2079 5 80145 80146 113203 113201 122410
62891 2012 2079 5 80146 80147 83721 120420 122418
62892 2012 1492 5 80144 80146 107542 107541 122559
62893 2079 2206 7 80145 80147 83720 122256 122255 122464 122562
62894 3102 3135 3 80148 80149 122395
62895 3717 3954 4 80150 80151 80487 80504
62896 3304 3463 4 80157 80158 81925 81928
62897 3096 3317 4 80162 80160 82030 80879
62898 3096 3122 4 80160 80161 114272 82031
62899 4401 4571 6 80164 80165 84846 84586 84587 84043
62900 1827 1968 8 80170 80171 122415 122565 106783 106782 118235 118096
62901 2534 2825 5 80172 80173 120164 120165 107635
62902 2363 1526 6 80174 80175 122176 102114 102116 122085
62903 2363 2825 3 80175 80172 107637
62904 4401 4305 6 80183 80184 83544 84586 84847 84826
62905 4147 4401 4 80182 80184 83543 84364
62906 3241 3492 4 80186 80187 80189 80193
62907 3851 3733 4 80190 80191 83352 80336
62908 3468 3815 5 80195 80196 80388 82349 81809
62909 3540 3672 7 80198 80199 82004 81982 81985 82078 82084
62910 3424 3672 7 80199 80200 80572 80427 80430 80452 81980
62911 3424 3637 3 80200 80197 80961
62912 3424 3540 5 80197 80199 82005 82091 82098
62913 3815 3604 4 80202 80203 81083 81084
62914 3513 3815 7 80201 80203 80668 80670 82348 80388 80389
62915 2852 3039 4 80204 80205 114228 118611
62916 3273 2852 4 80204 80206 113170 118618
62917 1049 1294 5 80207 80208 112896 116370 114514
62918 1049 730 6 80208 80209 111624 118091 118090 112897
62919 792 1049 7 80207 80209 111623 117986 117984 118284 114515
62920 2669 2839 4 80210 80211 115696 82527
62921 2669 2778 8 80211 80212 116158 113586 113589 116110 113847 113848
62922 2668 2778 4 80212 80213 82132 82131
62923 2668 2669 6 80210 80212 116157 116091 82497 82496
62924 3091 3134 6 80215 80216 113736 116117 82921 80947
62925 3947 3903 3 80217 80218 80510
62926 3870 4083 5 80220 80221 80354 80679 80486
62927 3689 4083 3 80221 80222 80355
62928 3689 3733 8 80222 80219 80403 80414 80271 80272 80402 80369
62929 1200 1143 6 80225 80226 114036 112728 102194 102193
62930 1200 1510 6 80226 80223 113067 113069 113834 114035
62931 1200 1150 4 80223 80225 113120 113121
62932 1143 1510 4 80224 80226 114023 113002
62933 3336 3075 3 80228 80229 82025
62934 3239 3075 6 80229 80230 80795 82525 114276 82929
62935 2273 2247 5 80231 80232 113177 113884 113296
62936 2886 2247 7 80233 80231 84308 84310 112657 113612 113699
62937 380 258 8 80234 80235 112952 108878 108876 118407 118405 120941
62938 380 11620 3 80235 80236 122890
62939 11857 258 8 80237 80234 122277 122604 113285 113284 118686 114500
62940 11620 258 4 80235 80237 114501 122537
62941 2533 2588 9 80239 80240 118587 114219 114220 118674 118735 115914 81616
62942 2137 2588 4 80240 80241 84387 84389
62943 2137 2533 4 80238 80240 118588 122413
62944 1859 2318 4 80242 80243 113750 118564
62945 2129 2318 7 80245 80242 118565 118675 118816 118244 118243
62946 1877 2318 7 80243 80245 116131 116130 122632 122310 113751
62947 991 760 4 80246 80247 120190 113056
62948 1190 760 9 80248 80246 113058 121977 82610 82609 118531 105153 80255
62949 1235 760 4 80247 80248 80254 106650
62950 2625 2412 3 80251 80252 118077
62951 2268 2412 8 80252 80253 122337 122336 122398 122570 122650 118079
62952 2268 2752 4 80253 80250 120317 122361
62953 2412 2752 5 80251 80253 118664 114226 114227
62954 1325 760 5 80254 80255 105151 119357 106648
62955 1325 1190 4 80255 80256 121395 105152
62956 2787 2367 4 80258 80259 84980 84981
62957 2537 2367 4 80259 80260 118392 112532
62958 2537 2511 4 80260 80257 118681 118590
62959 2222 2059 7 80263 80261 118562 118224 118105 113858 113838
62960 2593 2059 3 80262 80263 113837
62961 2247 2979 5 80267 80268 113780 113783 113281
62962 3003 2979 5 80268 80269 83912 84351 84350
62963 2979 2738 7 80267 80269 83911 83913 83931 113753 113282
62964 3487 3634 5 80275 80276 83774 80281 80279
62965 3487 3673 5 80278 80279 80280 80289 82111
62966 3487 3694 5 80280 80281 83767 83732 80288
62967 3423 3485 3 80283 80284 83426
62968 3758 3487 4 80288 80289 82112 83731
62969 3758 3673 6 80289 80290 80537 80892 80893 82108
62970 3694 3758 6 80288 80290 80538 80335 80333 83730
62971 4127 3758 5 80292 80293 80807 80805 80397
62972 3908 3925 6 80294 80295 80853 80852 80855 83616
62973 3908 3758 6 80295 80292 80399 80900 80538 80537
62974 3908 4127 4 80292 80294 83546 80398
62975 3961 3722 8 80297 80298 83053 81903 81904 83087 83161 83224
62976 3961 3918 4 80298 80299 83186 83054
62977 3852 3722 7 80300 80297 81702 81703 80312 80313 80952
62978 3852 3961 6 80297 80299 83185 83507 80361 80360
62979 3423 3305 6 80301 80302 83743 82923 82924 83329
62980 3320 3305 4 80303 80301 82079 82043
62981 3358 3305 6 80302 80303 82042 82062 81811 81812
62982 3423 3568 5 80304 80305 80781 83742 83743
62983 3423 3273 3 80307 80308 83329
62984 3540 3722 3 80311 80312 83202
62985 3852 3463 3 80313 80310 81956
62986 3340 3257 6 80314 80315 82102 82019 82020 81784
62987 3340 3203 5 80315 80316 83075 83055 83052
62988 3148 3203 7 80316 80317 83003 83002 114311 82980 82978
62989 3148 3257 4 80317 80314 81786 83023
62990 3148 3340 5 80314 80316 82999 82998 81785
62991 3984 4010 4 80319 80320 80609 80610
62992 3078 3304 3 80321 80322 82183
62993 3855 3654 5 80330 80331 80351 80509 80785
62994 3741 3654 4 80331 80332 80338 80340
62995 3901 3758 4 80334 80335 80900 80799
62996 3692 3654 5 80337 80338 80344 80426 80416
62997 3692 3741 5 80338 80339 80418 80422 80345
62998 3522 3741 5 80339 80340 80352 80534 80419
62999 3522 3692 4 80337 80339 80381 80382
63000 4552 4598 3 80347 80348 81064
63001 3855 3522 4 80351 80352 80533 80508
63002 4336 4656 6 80357 80358 85166 85171 84214 84215
63003 3744 3961 3 80359 80361 80644
63004 3852 3784 3 80360 80362 81702
63005 3597 3453 3 80366 80367 80368
63006 4534 4847 8 80370 80371 84323 84626 83472 83471 84568 84828
63007 4559 4847 7 80373 80370 84342 84343 84381 84523 84521
63008 4559 4534 3 80370 80372 84829
63009 3853 4040 6 80375 80376 83306 83304 83756 83622
63010 4040 4018 6 80375 80377 83633 80988 80987 83085
63011 4093 3901 5 80386 80387 80864 84843 83723
63012 4408 4392 6 80393 80394 85324 81004 81002 82539
63013 4408 4357 6 80394 80395 85118 85297 82592 82591
63014 4449 4408 3 80393 80395 83498
63015 4018 4127 6 80397 80398 83545 83634 80988 80977
63016 4018 3908 4 80398 80399 83453 83517
63017 3733 3673 3 80400 80401 80402
63018 4737 4572 4 80404 80405 82538 83486
63019 3820 3878 3 80408 80409 81351
63020 3855 3820 6 80407 80409 81355 80639 80640 80585
63021 4286 4418 4 80420 80421 80627 80619
63022 3522 3424 3 80428 80430 80453
63023 4470 4256 3 80435 80433 80812
63024 3858 3752 7 80436 80437 80473 80517 80523 80516 80514
63025 3707 3858 5 80436 80438 80490 80489 80513
63026 3515 3717 5 80444 80442 80499 80496 80495
63027 3515 3858 6 80442 80443 80505 80522 80516 80515
63028 4133 4338 3 80445 80446 80702
63029 4338 4109 6 80445 80447 80637 80635 80671 80688
63030 3424 3453 5 80452 80453 80598 80599 81864
63031 3672 3673 6 80456 80457 82109 80893 80851 80786
63032 3467 3322 4 80458 80459 80559 80530
63033 3605 3717 6 80460 80461 80471 80496 80497 80470
63034 4377 4158 3 80464 80465 80788
63035 4432 4158 6 80465 80466 80717 80860 80658 80657
63036 4432 4289 3 80466 80463 80716
63037 4432 4377 5 80463 80465 80711 80713 80880
63038 3717 3348 4 80468 80469 80471 80495
63039 4121 4280 4 80475 80476 80629 80521
63040 4060 3927 6 80477 80478 80747 80826 80765 80638
63041 4060 3986 5 80478 80479 80584 80957 80746
63042 3820 3927 5 80480 80477 80640 80770 80840
63043 3820 4060 5 80477 80479 80555 80553 80639
63044 3986 3927 4 80478 80480 80926 80748
63045 3717 3622 4 80497 80498 80512 80499
63046 3721 3858 5 80505 80506 80507 80517 80524
63047 3672 3855 5 80508 80509 80771 80585 80567
63048 3858 3622 4 80512 80513 80514 80515
63049 3858 4350 3 80518 80519 80520
63050 3858 3631 3 80522 80523 80524
63051 3815 3975 4 80525 80526 80544 81298
63052 3522 3698 5 80528 80527 80568 80534 80533
63053 3741 3698 3 80532 80534 80556
63054 3698 3414 3 80535 80536 80589
63055 3975 3836 6 80540 80541 81358 81475 81474 81621
63056 4287 4044 3 80546 80548 80838
63057 4205 4060 3 80550 80551 80905
63058 4256 4060 6 80551 80552 80631 80630 81166 80912
63059 4256 4169 3 80552 80549 80735
63060 4060 4169 6 80550 80552 80793 80824 80826 80904
63061 3820 4053 6 80553 80554 80666 81352 81351 81355
63062 3467 3604 3 80557 80558 80588
63063 3414 3467 7 80559 80560 80588 80589 80591 80593 80571
63064 4614 4287 5 80561 80562 80796 81061 80998
63065 3656 3894 5 80563 80564 82052 83325 83603
63066 3656 3863 5 80564 80565 82982 83345 82051
63067 3761 3863 6 80565 80566 83547 83440 83024 82984
63068 3761 3894 6 80566 80563 83671 83716 83515 83514
63069 3761 3656 4 80563 80565 82983 83670
63070 4109 4263 5 80570 80569 80725 80636 80635
63071 2846 2837 5 80574 80575 114157 114102 114103
63072 2846 2890 6 80573 80574 115818 115815 115705 115706
63073 4281 4646 4 80578 80579 80628 80726
63074 4281 4432 6 80577 80578 80738 80860 80734 80721
63075 4466 4630 4 80581 80582 81540 81530
63076 3467 3665 4 80590 80591 80600 80592
63077 3467 3413 4 80593 80594 80595 80600
63078 3467 3453 3 80596 80597 80598
63079 4054 4010 5 80612 80609 80728 81774 81230
63080 4054 3984 7 80609 80611 81082 81581 81582 81777 80727
63081 4376 4053 5 80613 80614 81350 81283 81284
63082 4160 3928 4 80618 80617 81259 81264
63083 3855 4060 5 80634 80632 80638 80639 81353
63084 4603 4614 3 80646 80647 80708
63085 4158 4373 6 80656 80657 80788 80836 80832 80718
63086 4169 4373 3 80659 80656 80719
63087 4165 4062 5 80665 80663 83576 83593 82951
63088 4165 3853 4 80663 80664 83306 83305
63089 2016 2045 3 80674 80675 116931
63090 2094 2045 7 80675 80676 115932 114357 114358 116858 116930
63091 2094 2080 3 80676 80673 116765
63092 4158 4144 6 80685 80686 80837 80872 80871 80876
63093 4124 4263 3 80689 80690 80725
63094 4233 4082 3 80692 80693 80695
63095 4429 4233 4 80696 80697 80703 80698
63096 4233 4121 3 80699 80700 80701
63097 2560 2718 6 80706 80707 140289 140078 140077 140072
63098 2718 2869 5 80705 80707 140308 140304 136117
63099 4431 4432 6 80709 80710 80880 80716 80717 80738
63100 4583 4373 4 80712 80714 81070 80751
63101 4431 4289 5 80715 80716 80882 84684 80797
63102 4503 4354 3 80724 80722 81041
63103 4230 4354 6 80723 80724 81292 81385 81384 81376
63104 3815 4054 3 80727 80728 81776
63105 4210 4022 5 80729 80730 84569 84382 84384
63106 4543 4419 5 80739 80740 81077 81036 80816
63107 4543 4471 8 80740 80741 80813 80754 80752 81049 81040 81038
63108 4513 4471 4 80741 80742 80981 80815
63109 4009 4060 6 80746 80747 80904 80905 80912 81179
63110 4009 3927 5 80747 80748 80854 80856 80866
63111 3986 4009 4 80746 80748 80927 81180
63112 4917 4756 5 80757 80758 85039 85040 83388
63113 4160 4053 6 80760 80762 81283 81349 81327 81259
63114 3986 3925 6 80767 80766 81171 80927 80926 80847
63115 3673 3927 5 80768 80769 80850 80786 80784
63116 3672 3927 5 80770 80771 80787 80786 80841
63117 5695 5216 4 80772 80773 82656 85565
63118 5695 5441 7 85551 82657 80773 80774 85593 87630 -1
63119 5483 5695 7 80772 80774 85592 87432 85581 85573 85566
63120 4009 4158 3 80777 80778 80883
63121 3908 4155 3 80779 80780 83606
63122 3908 4009 6 80777 80779 83604 80855 80856 80867
63123 3423 3753 4 80781 80782 83591 83590
63124 3654 3927 4 80783 80784 80787 80785
63125 5640 6242 8 80789 80790 94398 94399 100986 100987 100988 101347
63126 6650 6242 8 80792 80789 101349 101313 101312 100482 100483 100851
63127 6650 5640 3 80789 80791 101343
63128 6144 6242 4 80790 80792 100852 99887
63129 3901 4018 6 80798 80799 83453 83518 83526 80990
63130 3488 3203 5 80801 80802 80858 83052 82994
63131 3305 3568 7 80803 80800 81812 83743 82938 82939 83119
63132 3305 3488 4 80800 80802 80857 81811
63133 3203 3568 4 80801 80803 83118 82995
63134 3817 4127 4 80804 80805 80977 80989
63135 4144 4169 3 80808 80809 80871
63136 4155 3925 6 80810 80811 83569 81185 81182 80819
63137 4202 3925 3 80818 80819 81170
63138 3141 3122 3 80821 80820 82198
63139 4543 4864 4 80822 80823 81034 81035
63140 4369 4377 3 80833 80834 83587
63141 4373 4289 4 80835 80836 80863 83612
63142 3925 3927 6 80840 80841 80850 80852 80854 80926
63143 3925 3672 7 80841 80842 80844 81985 81984 80891 80851
63144 3820 3925 4 80840 80842 80843 80847
63145 3930 3672 3 80844 80845 82078
63146 3930 3820 6 80845 80843 80848 81838 81912 82085
63147 3925 3673 4 80850 80851 80892 80853
63148 3925 4009 7 80854 80855 83617 83570 81185 81181 80927
63149 3257 3305 4 80859 80857 82062 82040
63150 4158 4281 5 80860 80861 80872 80873 80874
63151 4289 4155 3 80862 80863 83610
63152 4289 3901 5 80864 80865 83540 83595 84841
63153 4158 3970 3 80875 80876 80877
63154 3398 3317 8 80878 80879 82029 82039 81971 81865 81863 81946
63155 4431 4377 4 80880 80881 84683 80882
63156 3358 3292 5 80884 80886 81856 81872 81871
63157 2195 1982 8 80887 80888 81843 114101 114086 82932 82933 116490
63158 2195 2036 3 80888 80889 81842
63159 2109 2036 8 80889 80890 116493 102271 102270 114043 114045 114044
63160 2109 1982 3 80890 80887 116491
63161 2109 2195 8 80887 80889 114129 116420 116414 116413 116328 116327
63162 2036 1982 9 80888 80890 116494 114396 100895 100896 114280 113065 81844
63163 3672 3758 3 80891 80893 81987
63164 3924 4039 4 80894 80895 83270 82997
63165 4876 4194 3 80897 80898 84320
63166 3772 3697 3 80901 80903 81654
63167 3354 3478 5 80909 80910 82444 82445 82068
63168 3354 3254 5 80910 80908 82254 82251 82927
63169 3354 3420 3 80908 80909 82066
63170 4256 4009 4 80911 80912 81168 80914
63171 4202 4009 4 80913 80914 81167 80916
63172 2854 2621 5 80918 80919 115790 115678 82239
63173 2637 2621 5 80919 80920 115143 115160 115159
63174 2637 2854 4 80917 80919 115787 115093
63175 2621 2909 4 80918 80920 115142 82240
63176 3134 3254 6 80929 80930 82971 81935 81937 82943
63177 3134 3340 6 80930 80928 83044 81784 81785 83001
63178 3134 3420 3 80928 80929 83043
63179 3781 3902 3 80935 80936 81617
63180 4113 4054 6 80937 80938 81082 81193 81194 81669
63181 4054 4185 4 80937 80939 81250 81251
63182 4293 4079 3 80940 80941 82844
63183 3274 3535 7 80942 80943 82325 81758 81757 81797 81795
63184 3274 3463 4 80943 80944 81752 82327
63185 3250 3274 6 80942 80944 81623 81622 82352 81796
63186 3257 3145 3 80945 80946 82985
63187 3145 3134 7 80945 80947 82916 81936 81937 82930 82931
63188 3160 3350 5 80950 80951 82345 82045 82044
63189 3197 3160 4 80949 80951 81740 81716
63190 3611 3758 8 80955 80956 82065 81986 81987 82108 82112 83509
63191 4217 4253 6 80963 80964 83582 83580 83392 83390
63192 4428 4221 5 80965 80962 83103 83586 83048
63193 4428 4217 5 80962 80964 83602 83125 83102
63194 4253 4221 3 80963 80965 83049
63195 4867 4946 3 80966 80967 84658
63196 5190 5250 4 80968 80970 83381 85027
63197 3817 3753 8 80971 80972 83111 83530 83548 83753 83754 83332
63198 3997 3753 3 80972 80974 83112
63199 4044 3852 4 80975 80976 81724 83185
63200 4455 4217 3 80978 80979 83102
63201 3715 3733 7 80982 80983 83352 83353 83722 83701 83330
63202 3451 3715 6 80982 80984 83827 83768 83733 83331
63203 4127 4040 6 80988 80989 83143 83556 83393 83391
63204 3903 4008 8 80993 80994 81641 81640 81412 81192 81195 81580
63205 4008 3922 4 80992 80994 81672 82725
63206 5591 5319 5 80999 81001 84930 94171 94170
63207 4285 4392 6 81003 81004 83040 83041 84883 84180
63208 3552 3615 8 81005 81006 83561 83562 83769 83766 83746 83596
63209 3552 3562 3 81006 81007 83770
63210 3749 3552 5 81005 81007 83752 83751 83597
63211 3473 3589 6 81008 81009 84026 83278 83277 83741
63212 3473 3585 6 81009 81010 84053 84090 84070 84071
63213 3336 3473 6 81008 81010 84052 84094 84023 84022
63214 4099 4028 4 81012 81013 83225 83655
63215 4099 4042 5 81013 81014 83541 83635 83226
63216 4412 4099 5 81016 81017 83226 83225 83314
63217 4165 4117 7 81021 81022 83037 83629 83628 83667 83593
63218 4165 3894 5 81022 81019 83070 82516 82515
63219 4165 3749 5 81019 81021 83576 83305 83307
63220 4117 3894 5 81020 81022 83036 83677 83522
63221 4044 4037 3 81026 81028 83110
63222 4186 4161 4 81027 81029 83504 81851
63223 4324 4468 11 81031 81032 83197 83554 83638 84122 83654 83650 83565 83566 84920
63224 4510 4468 5 81032 81033 85053 84578 83199
63225 4510 4324 3 81030 81032 83198
63226 4468 4455 3 81031 81033 84921
63227 4784 4419 4 81037 81036 81072 81058
63228 4543 4510 3 81038 81039 81077
63229 4329 4231 3 81047 81048 81381
63230 4543 4455 3 81049 81050 81057
63231 4795 5194 7 81053 81051 84625 100970 84056 84055 84812
63232 4305 5194 6 81052 81053 84811 84847 83802 83803
63233 4165 4324 5 81054 81055 83651 83565 83134
63234 4419 4583 5 81058 81059 81069 81070 81071
63235 4297 4614 4 81061 81062 81063 81094
63236 4500 4640 3 81075 81076 81396
63237 4302 4603 5 81078 81079 81132 81135 81136
63238 4098 4231 3 81088 81089 81172
63239 3960 4231 5 81089 81090 81263 81174 81173
63240 3960 4302 3 81090 81087 81274
63241 4105 3845 3 81099 81100 82690
63242 4603 4850 4 81104 81105 81124 81106
63243 4329 4205 3 81107 81108 81109
63244 4368 4251 4 81118 81116 81670 81426
63245 4563 4850 3 81121 81122 81124
63246 4302 4310 3 81130 81131 81220
63247 4302 4354 6 81136 81133 81261 81260 81318 81329
63248 4603 4354 4 81134 81136 81387 81303
63249 3729 3744 4 81139 81140 83350 83531
63250 4293 4105 4 81141 81143 81560 81562
63251 4059 4259 3 81142 81144 81772
63252 3697 3746 8 81145 81146 82321 82344 82631 82832 81765 81766
63253 3697 3794 4 81146 81147 81583 82320
63254 3760 3746 3 81148 81145 81490
63255 4188 4339 5 81149 81150 81245 81244 81243
63256 4108 4251 4 81151 81152 81408 81689
63257 4166 3960 4 81163 81164 81165 81173
63258 4166 4009 6 81167 81168 81179 81180 81181 81184
63259 4166 3925 5 81169 81170 81182 81181 81171
63260 4166 4302 3 81175 81176 81178
63261 4166 4155 3 81182 81183 81184
63262 4004 3961 9 81188 81186 83193 83187 83184 83157 81902 81904 81319
63263 4004 3924 4 81186 81187 83154 83276
63264 4177 3959 3 81190 81191 81605
63265 4008 4113 4 81192 81194 81671 81411
63266 4054 3903 3 81193 81195 81581
63267 4113 4355 3 81196 81197 81492
63268 4349 4177 3 81198 81199 81516
63269 4349 4355 7 81199 81196 81525 81524 81316 81315 81437
63270 4526 4450 5 81201 81202 81397 81413 81391
63271 4053 4168 4 81204 81205 81350 81349
63272 4200 4319 6 81208 81209 81325 81326 81563 81570
63273 4416 4500 3 81210 81211 81218
63274 4328 4254 5 81214 81215 81337 81338 81566
63275 4188 4493 4 81221 81222 81223 81245
63276 4188 4293 3 81225 81226 81228
63277 4310 4098 4 81227 81224 82868 82845
63278 4132 3975 5 81231 81232 81358 81573 81536
63279 4132 3840 4 81232 81233 81356 81357
63280 4108 4113 6 81237 81238 81411 81689 81690 81694
63281 3975 4063 3 81241 81240 81474
63282 4054 4251 3 81251 81252 81669
63283 3810 3984 4 81254 81255 81777 81756
63284 3599 3810 3 81257 81258 81723
63285 3599 3708 9 81258 81256 81922 82326 81848 81847 82629 82676 81722
63286 3599 3479 8 81256 81257 82319 82281 82282 81683 81682 81759
63287 4010 4231 5 81262 81263 81273 81275 81300
63288 4322 4380 4 81270 81271 81499 81488
63289 4177 4380 6 81271 81272 81515 81516 81664 81501
63290 4010 4302 4 81273 81274 81285 81276
63291 4108 4021 5 81277 81278 81698 81407 81346
63292 4021 3932 4 81277 81279 81483 81347
63293 4010 4098 3 81285 81286 81287
63294 3902 3687 5 81288 81289 81630 81628 81627
63295 4177 4242 3 81295 81293 81438
63296 4484 4355 4 81307 81308 81558 81439
63297 4063 3875 7 81313 81314 81602 81333 81331 81343 81589
63298 3844 4004 5 81319 81320 83235 83180 83088
63299 4297 4354 5 81329 81330 81380 81379 81387
63300 4063 3768 5 81332 81333 81445 81446 81611
63301 3836 4119 4 81342 81344 81520 81519
63302 4053 3855 3 81353 81354 81355
63303 4132 3991 6 81360 81361 81367 81372 81363 81362
63304 4276 4132 4 81364 81365 81366 81368
63305 4132 4284 3 81369 81370 81372
63306 4354 4267 6 81377 81378 81385 81382 81383 81388
63307 4354 4260 3 81388 81389 81390
63308 4525 4526 4 81392 81393 81423 81421
63309 4526 4630 7 81397 81398 81419 81431 81530 81541 81414
63310 4108 4448 4 81404 81405 81687 81685
63311 4108 4315 4 81405 81406 81684 81688
63312 4108 4413 6 81408 81409 81685 81686 81695 81690
63313 4416 4588 3 81417 81418 81463
63314 4526 4692 3 81419 81420 81432
63315 4413 4368 7 81426 81427 81442 81479 81503 81695 81673
63316 4526 4698 3 81434 81435 81436
63317 3739 4063 4 81445 81447 81527 81602
63318 4590 4586 4 81450 81451 81465 81452
63319 4586 4462 4 81455 81456 81457 81464
63320 3836 4179 4 81475 81473 81519 81521
63321 4677 4799 4 81476 81477 81510 81514
63322 3479 3794 6 81486 81487 82320 82337 82208 82114
63323 3746 3479 4 81485 81487 82321 82319
63324 3922 3760 4 81490 81491 81700 81768
63325 3922 4057 4 81497 81498 82829 81678
63326 4322 4368 4 81499 81500 81697 81503
63327 4177 4368 4 81500 81501 81667 81696
63328 4761 4531 4 81507 81509 82869 85524
63329 4677 4985 3 81511 81512 81513
63330 3317 3358 4 81523 81522 82039 82038
63331 4076 4349 3 81525 81526 81649
63332 4179 4242 5 81532 81533 81577 81574 81567
63333 4328 4242 5 81534 81535 81542 81577 81565
63334 4319 4179 3 81553 81551 81570
63335 3607 3683 5 81555 81557 81942 82566 82568
63336 4105 4098 5 81561 81562 82810 82868 82814
63337 3986 3918 4 81575 81576 81877 81610
63338 4008 3984 3 81582 81580 81756
63339 3670 3794 5 81583 81585 81704 82275 82337
63340 4164 4063 3 81588 81586 81589
63341 3565 3307 5 81594 81595 81750 81751 82389
63342 3565 3599 4 81595 81596 82633 82572
63343 3588 3599 9 81596 81597 81817 81818 82678 82733 82755 82670 82652
63344 3588 3307 3 81597 81594 82390
63345 3588 3565 6 81594 81596 82651 82746 82358 82359
63346 4032 4025 3 81598 81599 81604
63347 3728 3509 6 82712 81719 81718 81600 81601 -1
63348 3166 3270 4 81606 81607 82046 82047
63349 4032 3768 3 81611 81612 81613
63350 2533 2772 4 81615 81616 115619 112857
63351 4032 4226 3 81618 81619 81620
63352 3274 3390 7 81623 81624 82554 81885 81886 82328 81752
63353 3226 3274 4 81622 81624 82589 82353
63354 3902 3768 3 81629 81630 81631
63355 3458 3440 3 81634 81635 82540
63356 4531 4364 7 81643 81644 82840 82841 82873 82892 82881
63357 4531 4560 6 82852 81644 81645 82848 82849 -1
63358 4536 4531 9 81643 81645 82854 82853 82890 82887 82886 82897 82880
63359 4531 3783 5 81647 81648 81834 82847 82612
63360 3968 4531 5 81646 81648 81833 82841 82874
63361 3193 3212 4 81650 81651 82128 82289
63362 3184 3212 5 81651 81653 81938 82142 82129
63363 3479 3697 5 81657 81658 82320 82321 82281
63364 3479 3670 6 81658 81659 81975 81993 82329 82337
63365 3607 3479 5 81657 81659 81734 81735 82282
63366 4113 4368 7 81662 81663 81670 81673 81694 81667 81666
63367 4113 4380 3 81664 81665 81666
63368 4113 4251 6 81668 81669 81671 81689 81674 81670
63369 4113 4413 3 81673 81674 81690
63370 3922 3798 5 81676 81677 81764 81700 81699
63371 3909 3922 6 81675 81677 81763 81767 82831 81678
63372 4108 4239 4 81691 81692 81698 81693
63373 4108 4368 4 81694 81695 81697 81696
63374 3784 3722 5 81701 81702 83224 83174 83162
63375 3722 3744 6 81701 81703 83202 83231 82948 82947
63376 3728 3625 5 81707 81708 81760 82704 81718
63377 3728 3591 4 81708 81709 82715 81761
63378 3168 3197 5 81716 81717 115645 81840 81742
63379 3168 3076 4 81717 81715 115302 115303
63380 3746 3599 9 81722 81723 82319 82344 82632 82670 82754 82732 82692
63381 3746 3708 4 81721 81722 82691 81814
63382 3967 3722 3 81725 81727 81884
63383 4044 4279 3 81728 81729 83500
63384 1861 2154 3 81730 81731 114106
63385 2121 2154 8 81731 81732 82435 82436 114976 114979 116208 114107
63386 3193 3479 6 81733 81734 81975 81992 82374 82368
63387 3245 3133 6 81737 81738 82621 82545 82546 82563
63388 3113 3133 4 81738 81739 82424 82434
63389 3113 3104 8 81739 81736 82598 82596 82597 114556 82429 82422
63390 3113 3245 7 81736 81738 82623 82551 82550 81908 81907
63391 3133 3104 4 81737 81739 82423 82427
63392 3160 3274 5 81740 81741 82279 82280 82345
63393 3168 3274 7 81741 81742 81841 82352 82353 82618 82425
63394 3274 3197 4 81740 81742 81839 82049
63395 3845 3963 3 81743 81744 81779
63396 3551 3538 5 81745 81746 83076 83215 81889
63397 3551 3340 3 81746 81747 82900
63398 3488 3340 7 81747 81748 83039 83052 82102 82101 82902
63399 3488 3538 4 81748 81745 81890 83011
63400 3340 3538 5 81746 81748 83038 83213 83077
63401 2712 3080 5 140640 81753 81754 114897 -1
63402 2945 3080 5 81754 81755 82393 82394 82396
63403 3535 3599 3 81758 81759 81922
63404 3728 3588 7 81760 81761 82714 82733 82747 82358 82360
63405 3591 3588 5 81761 81762 81815 81818 82677
63406 3588 3625 3 81760 81762 82494
63407 3697 3922 4 81763 81764 81768 81766
63408 3909 3746 3 81767 81765 82830
63409 3922 3953 4 81770 81771 82771 82730
63410 3810 4010 3 81773 81774 81775
63411 6204 6263 3 81781 81782 100725
63412 6447 5876 3 81783 81780 85179
63413 6447 6204 8 81780 81782 100874 100633 85836 85838 100536 85178
63414 6263 5876 5 81781 81783 85188 100561 100726
63415 3468 3781 7 81788 81789 81808 81809 82350 82342 82334
63416 3466 3781 3 81789 81790 82186
63417 3466 3395 7 81790 81787 81921 82303 82305 82312 82185
63418 967 2812 8 81791 81792 113478 113525 101277 101275 101386 101863
63419 967 11737 6 81792 81793 113450 101514 101515 113477
63420 4417 967 6 81791 81793 113396 101120 82863 82865
63421 3160 3307 4 81801 81802 82045 82280
63422 3458 3307 8 81804 81805 82390 82389 82391 82611 82259 82258
63423 3458 3599 4 81805 81806 81816 81817
63424 3458 3591 5 81815 81816 82536 82581 82493
63425 3588 3458 6 81815 81817 82390 82359 82360 82494
63426 3599 3591 5 81816 81818 82675 82629 82537
63427 3953 4238 3 81820 81819 82736
63428 1560 1478 7 81821 81822 141102 139603 139604 140834 139521
63429 1560 1341 5 81822 81823 140496 140941 140940
63430 1475 1341 5 81823 81824 127700 127375 127376
63431 1475 1478 6 81824 81821 127913 127914 138152 127698
63432 1475 1560 4 81821 81823 140497 139520
63433 1341 1478 4 81822 81824 127699 141113
63434 3660 3420 7 81825 81826 83212 83214 81853 81854 82616
63435 3708 3390 4 81827 81828 82328 81848
63436 3476 3080 3 81829 81830 81888
63437 3994 4531 6 82852 82840 81833 81834 82846 -1
63438 3212 3197 6 81839 81840 115644 82288 82289 82050
63439 2476 1982 4 81843 81844 113063 113806
63440 2036 2476 7 81842 81844 113064 113957 82560 82562 114044
63441 3660 3610 5 81852 81853 83216 83222 83252
63442 3563 3610 7 81855 81852 83253 83008 82418 82417 83045
63443 3563 3660 4 81852 81854 83010 83178
63444 3420 3610 3 81853 81855 83046
63445 3485 3292 4 81856 81857 82077 82022
63446 1127 1299 9 81859 81860 122544 113243 113168 102041 102040 113192 118292
63447 1127 1524 5 81860 81858 118291 83681 83682
63448 1127 1537 3 81858 81859 118290
63449 3398 3424 6 81863 81864 81980 82005 82092 82048
63450 3398 3453 6 81864 81865 81970 82032 82106 81981
63451 3563 3509 6 81868 81869 82903 82907 82908 83251
63452 3563 3478 7 81869 81870 83006 83074 82417 82420 82904
63453 3440 3563 5 81868 81870 81968 81969 83259
63454 3366 3335 6 81873 81874 82480 81958 81957 82014
63455 3350 3139 6 81875 81876 82044 82407 82408 82410
63456 3611 3540 8 81878 81879 83200 81997 81998 82069 81982 81983
63457 3611 3852 3 81879 81880 82872
63458 3930 3611 5 81878 81880 82871 82065 82027
63459 2476 2538 7 81891 81892 114467 113951 113720 82559 82562
63460 2476 2147 3 81892 81893 116416
63461 2109 2147 8 81893 81894 114043 112907 112909 116411 116414 116421
63462 2109 2538 3 81894 81891 114045
63463 2109 2476 5 81891 81893 116419 114129 114044
63464 2147 2538 5 81892 81894 114148 114627 116417
63465 370 137 5 81895 81896 113099 113098 113112
63466 370 573 7 81896 81897 112670 113278 112981 101626 101627
63467 11587 137 6 81898 81895 101546 101510 101509 102129
63468 11587 370 6 81895 81897 112669 113249 113131 113113
63469 3660 3784 4 81901 81900 83090 83089
63470 3961 3996 4 81902 81903 83183 83158
63471 4004 3722 3 81904 81905 83088
63472 4004 3996 4 81905 81902 83159 83180
63473 3346 3113 5 81908 81909 82596 82594 82588
63474 3346 3331 7 81909 81906 81948 81947 82605 82603 82599
63475 3346 3245 5 81906 81908 82583 82582 82446
63476 3113 3331 3 81907 81909 82598
63477 3431 4042 3 81911 81910 83244
63478 2932 3015 4 81915 81917 115766 115796
63479 3540 3304 5 81925 81926 82075 82093 82094
63480 3540 3366 6 81926 81927 83228 81997 81999 82076
63481 3366 3304 4 81926 81928 82014 82013
63482 3166 3250 5 81930 81931 82209 82210 82211
63483 3225 3134 4 81935 81936 82914 82970
63484 3145 3254 3 81937 81934 82615
63485 3145 3225 5 81934 81936 82915 82912 82614
63486 2249 2178 6 81943 81944 140666 115003 114953 82476
63487 2164 2178 7 81944 81945 114439 116286 115005 115004 140667
63488 2178 2159 4 81943 81945 114437 82478
63489 3048 3096 5 81949 81950 82386 82384 116092
63490 3133 3042 7 81952 81953 82459 82563 82427 82428 82483
63491 3139 3042 4 81953 81955 82491 82460
63492 3726 3714 5 81960 81959 83218 83262 83267
63493 2903 2728 5 81962 81963 115351 115350 116136
63494 2903 2806 3 81963 81961 115195
63495 2484 2453 5 81964 81965 114207 116386 116268
63496 2484 2451 5 81965 81966 114687 116165 114208
63497 2594 2451 4 81966 81967 115146 114688
63498 3611 3485 7 81972 81973 83426 82103 82104 82070 81998
63499 3366 3485 4 81974 81972 81999 82022
63500 9293 9328 4 81976 81977 108157 108174
63501 9293 9337 6 81977 81978 93755 93753 108159 108158
63502 9063 9337 3 81978 81979 103636
63503 9063 9293 7 81976 81978 108163 108080 108079 108162 108165
63504 3398 3672 4 81980 81981 82072 82004
63505 3611 3925 4 81983 81984 81986 82027
63506 3672 3611 6 81982 81984 81987 82109 82107 82072
63507 3925 3540 3 81983 81985 82028
63508 3636 3479 3 81992 81993 82330
63509 1760 1696 4 81994 81995 122576 122620
63510 1877 1696 4 81996 81994 118655 118496
63511 1631 1696 8 81995 81996 118495 118502 122849 122851 108787 108788
63512 3485 3540 4 81998 81999 82077 82071
63513 3478 3722 6 82000 82001 82948 82949 82419 82420
63514 3540 3398 7 82004 82005 82090 82093 82096 82071 82069
63515 1408 743 4 82007 82008 113547 113469
63516 1565 1487 4 82009 82006 113631 113566
63517 1565 1408 6 82006 82008 113561 113563 113590 113632
63518 743 1487 6 82007 82009 113565 113494 113398 113397
63519 3078 2778 5 82012 82010 114200 115699 115701
63520 3078 2947 7 82010 82011 112954 112956 115346 115360 114199
63521 2543 2461 4 82016 82017 82505 82506
63522 2580 2766 5 82018 82015 115921 115636 113428
63523 2580 2543 5 82015 82017 116078 115120 115122
63524 3340 3344 4 82020 82021 83042 83044
63525 3366 3340 4 82019 82021 83098 82101
63526 3172 3056 3 82024 82023 82622
63527 3075 3023 7 82025 82026 83910 113681 113705 113704 82929
63528 3485 3453 3 82032 82033 82104
63529 3305 3141 5 82040 82041 82080 82043 82042
63530 3863 3695 6 82051 82053 82965 82964 83378 83520
63531 2654 2820 9 114158 82953 82956 82054 82055 84040 83027 83028 -1
63532 2654 2784 3 82055 82056 84041
63533 2797 2784 5 82056 82057 82488 82489 113655
63534 2797 2820 4 82057 82054 114287 114289
63535 2797 2654 7 82054 82056 113654 112766 112763 113826 113828
63536 2784 2820 7 82055 82057 114301 114303 114324 114321 84042
63537 3749 4153 4 82059 82060 83521 83916
63538 4153 3585 4 82059 82061 83311 83310
63539 3344 3478 4 82067 82068 82556 82555
63540 3344 3354 6 82068 82066 82254 82253 82569 82570
63541 3344 3420 6 82066 82067 83100 83042 83043 83014
63542 3611 3398 4 82069 82070 82106 82072
63543 3551 3784 5 82073 82074 83089 83091 83162
63544 3540 3292 4 82075 82076 82077 82096
63545 1817 2185 4 82081 82082 101612 112761
63546 1935 2185 7 82083 82081 112762 117988 116319 114535 114409
63547 1808 2185 3 82082 82083 101614
63548 3540 3820 3 82084 82085 82086
63549 3309 3540 6 82087 82088 82097 82091 82090 82094
63550 3424 3309 5 82091 82092 82157 82121 82099
63551 3309 3398 5 82090 82092 82156 82159 82095
63552 3540 3501 3 82097 82098 82100
63553 3611 3453 5 82104 82105 82110 82107 82106
63554 3611 3673 4 82108 82109 82110 82111
63555 3479 3781 6 82113 82114 82207 82334 82339 82338
63556 3083 2909 5 82116 82115 115460 114429 114428
63557 3184 2911 5 82117 82118 140440 115893 115650
63558 3250 3424 3 82121 82122 82210
63559 3250 3304 5 82123 82124 82167 82182 82127
63560 3250 3292 4 82126 82127 82181 82139
63561 3076 3212 4 82128 82129 115624 82288
63562 2563 2668 4 82130 82131 116157 116103
63563 2302 2487 7 82134 82135 115916 115814 115813 116324 113190
63564 2302 2148 5 82133 82134 113189 115156 115355
63565 2730 2452 6 82136 82137 135936 140401 118924 118925
63566 2380 2452 5 82138 82136 120872 120871 136206
63567 2462 2452 4 82137 82138 136791 135937
63568 2929 3234 4 82140 82141 115651 115428
63569 2929 3184 5 82141 82142 115465 115466 115650
63570 3212 2929 7 82140 82142 115624 115644 115638 115625 115429
63571 3395 3195 5 82143 82144 82248 82310 82316
63572 3395 3173 6 82144 82145 82376 82298 82296 82249
63573 2766 2649 7 82146 82147 113428 113427 115762 115595 115451
63574 2744 2824 6 82148 82149 115805 115708 115617 115618
63575 2744 2649 7 82149 82146 82162 82164 115549 115551 115821
63576 2744 2766 4 82146 82148 115626 115450
63577 2824 2649 4 82147 82149 115820 115637
63578 2470 2821 5 82152 82150 117946 117947 118265
63579 2174 2461 6 82153 82154 115273 115274 116573 116535
63580 2461 2272 6 82153 82155 115609 115611 114888 114887
63581 3309 3166 4 82156 82157 82211 82158
63582 3309 3117 4 82159 82158 82166 82168
63583 2911 2649 5 82161 82162 115451 115596 116022
63584 2911 2744 4 82162 82163 116021 115450
63585 2657 2744 9 82163 82164 115487 115486 140443 140472 140399 115733 115734
63586 2657 2649 5 82164 82161 115963 115634 115633
63587 3117 3304 5 82167 82168 82194 82183 82184
63588 2308 2352 6 82169 82170 119095 117187 117188 115027
63589 2378 2366 4 82171 82172 115277 115765
63590 2378 2352 5 82172 82169 115029 115769 115276
63591 2366 2352 6 82170 82172 114034 114031 118488 118490
63592 3166 3322 3 82173 82174 82180
63593 2970 2855 6 82175 82176 113911 82463 82461 82263
63594 2970 3167 3 82176 82177 114951
63595 2826 2932 4 82187 82188 115357 115546
63596 2932 2988 5 82187 82189 82441 82440 115548
63597 4527 4627 3 82191 82192 82756
63598 2800 3124 5 82195 82196 82416 115829 115767
63599 3046 2862 4 82202 82200 115987 136070
63600 2906 3205 3 82204 82205 115552
63601 3234 2862 4 82212 82213 119114 119125
63602 2664 2486 5 82217 82218 116321 116058 116056
63603 2664 2402 7 82218 82215 119262 119263 119293 118364 118363
63604 2664 2339 4 82215 82217 114173 114170
63605 2486 2402 3 82216 82218 118481
63606 3097 2956 5 82219 82220 118862 118859 118858
63607 3187 3164 4 82224 82225 115250 116911
63608 3295 3187 6 82223 82225 115249 82229 82231 82238
63609 2461 2352 5 82228 82226 115768 115769 116678
63610 2181 2352 3 82227 82228 116025
63611 3187 3024 3 82229 82230 116083
63612 3295 3024 5 82232 82229 116084 118951 119020
63613 3177 3024 6 82230 82232 118940 82247 82245 118268
63614 3187 3452 4 82234 82235 82236 82238
63615 3466 3187 5 82233 82235 82237 82256 82255
63616 2341 1965 5 82241 82242 115477 139982 136326
63617 2107 2223 5 82243 82244 124546 115971 115970
63618 2107 1965 10 82244 82241 116819 116820 139018 139017 139076 139212 127437 124544
63619 2223 1965 4 82242 82244 124545 115479
63620 3173 3343 3 82249 82250 82294
63621 3225 3344 4 82252 82253 82913 82614
63622 3354 3225 3 82251 82253 82926
63623 3344 3254 5 82252 82254 83014 82943 82615
63624 3307 3331 3 82259 82260 82503
63625 3335 3344 5 82261 82262 82481 82480 82544
63626 2283 2165 5 82266 82267 140165 140166 137505
63627 2325 2165 5 82267 82268 137521 137483 137484
63628 2325 2385 6 82268 82265 137517 137499 137498 137519
63629 2165 2385 8 82266 82268 137520 139829 140019 139861 139860 137506
63630 2909 2606 3 82270 82271 115054
63631 2736 2606 8 82271 82272 115593 135619 115529 115531 115455 115454
63632 2736 2619 3 82272 82269 115492
63633 3183 2947 4 82273 82274 114271 114270
63634 3670 3395 3 82275 82276 82329
63635 3599 3697 4 82283 82281 82344 82567
63636 3343 3177 3 82290 82291 82293
63637 3395 3234 3 82296 82297 82299
63638 3395 3450 6 82300 82301 82307 82304 82305 82311
63639 3523 3395 4 82300 82302 82309 82313
63640 3395 3149 5 82303 82304 82314 82310 82306
63641 3395 3294 4 82307 82308 82316 82314
63642 3395 3642 4 82311 82312 82315 82313
63643 3076 3167 6 82322 82323 82414 82415 115386 114951
63644 3708 3274 4 82325 82326 82328 82327
63645 3234 3479 3 82331 82332 82333
63646 3479 3468 3 82334 82335 82341
63647 3781 3437 3 82339 82340 82342
63648 3781 3535 5 82340 82338 82343 82351 82350
63649 3535 3513 3 82346 82347 82348
63650 3170 3350 4 82355 82356 82410 82535
63651 3170 3193 3 82356 82354 82409
63652 3184 3479 3 82362 82363 82368
63653 2912 2820 7 82364 82365 114085 114083 114095 114319 114322
63654 2912 3075 6 82365 82366 113703 113704 114276 114323
63655 2874 2820 5 82367 82364 114238 114239 114324
63656 2874 2912 3 82364 82366 113918
63657 3075 2820 7 82365 82367 114303 114302 114310 114299 114300
63658 3591 3832 6 82370 82369 82715 82677 82675 82665
63659 3417 3193 4 82371 82372 82373 82378
63660 3193 3395 5 82374 82375 82378 82376 82377
63661 2677 2728 7 82379 82380 114443 115703 115704 116105 114710
63662 2677 2748 3 82380 82381 114249
63663 2759 2748 7 82381 82382 115408 113745 113743 115310 114250
63664 2759 2728 5 82382 82379 114712 115351 115407
63665 2759 2677 5 82379 82381 114248 115238 114711
63666 2748 2728 5 82380 82382 115363 115296 114444
63667 2839 3048 7 82383 82384 115906 115336 115334 115348 115349
63668 2839 3096 4 82384 82385 112957 112955
63669 2902 3048 3 82386 82383 82988
63670 3080 2963 4 82393 82395 115123 115449
63671 2712 3042 7 114897 82398 82399 115500 115521 115522 -1
63672 2972 3042 7 82399 82400 82514 82483 82482 83176 83177
63673 2972 2712 4 82397 82399 115474 115472
63674 3582 3825 4 82402 82403 82404 82406
63675 3139 3193 4 82408 82409 82412 82411
63676 3139 3167 3 82412 82413 82414
63677 3610 3722 6 82418 82419 83136 83168 83266 83009
63678 3478 3610 3 82417 82419 83137
63679 3722 3563 5 82418 82420 82905 82909 82910
63680 3104 3083 5 82422 82423 82426 114326 82430
63681 3083 3113 3 82422 82424 82431
63682 3042 3083 4 82426 82428 82482 114327
63683 3307 3133 4 82432 82433 82459 82546
63684 2076 2154 3 82437 82435 116231
63685 2932 2903 6 82440 82442 116154 114206 114204 116192
63686 3354 3346 5 82443 82444 82927 82926 82569
63687 3462 3354 3 82443 82445 82570
63688 2925 2824 5 82447 82448 115578 115627 115618
63689 1619 1641 7 82452 82449 117909 124856 124857 82578 82575
63690 1619 1812 4 82449 82451 116296 117908
63691 1816 1641 3 82450 82452 114468
63692 2474 2737 6 82453 82454 140637 140625 116830 116828
63693 2474 2745 6 82454 82455 140644 140589 140413 140411
63694 2791 2737 9 82456 82453 140013 140029 140480 140517 140417 116791 116790
63695 2791 2474 4 82453 82455 140629 140012
63696 2745 2737 3 82454 82456 140434
63697 3042 3583 3 82457 82458 -1
63698 3307 3042 6 82459 82460 82492 82611 82503 82502
63699 2970 3052 4 82462 82463 113912 115452
63700 3052 2909 5 82462 82464 115434 114430 114429
63701 2970 3083 5 82465 82466 115397 115460 115452
63702 3344 3091 4 82469 82470 82544 82579
63703 3366 3145 4 82471 82468 82931 82985
63704 2106 2121 5 82472 82473 116553 116555 116401
63705 2106 2071 4 82473 82474 113998 113996
63706 2343 2071 6 82474 82475 116125 115255 115256 116255
63707 2343 2121 5 82475 82472 116280 115227 115224
63708 2343 2106 6 82472 82474 116349 116616 116619 116402
63709 2071 2121 8 82473 82475 116124 116129 116208 116077 116076 116554
63710 2220 2159 5 82477 82478 116217 116218 114724
63711 2178 2220 5 82476 82478 115602 115601 114952
63712 3462 3344 6 82479 82481 82557 82571 82570 82556
63713 3211 3509 5 82484 82485 82944 83248 -1
63714 2797 2875 7 82487 82488 114289 114288 114329 115427 115426
63715 2668 2784 6 82489 82490 115920 113726 113728 113808
63716 2668 2875 3 82490 82487 115919
63717 3625 3458 4 82493 82494 82704 82667
63718 2669 2852 4 82495 82496 82527 112742
63719 2698 2668 4 82497 82498 113487 114218
63720 2698 2852 6 82498 82495 112743 118612 112654 112653
63721 2668 2852 5 82496 82498 113486 113726 82528
63722 1982 1935 5 82499 82500 82932 82935 82542
63723 2298 1935 5 82500 82501 112467 114535 114087
63724 2446 2461 9 82506 82507 115966 115967 116252 116086 115989 115990 113965
63725 2446 2321 5 82507 82504 113869 113868 119242
63726 2446 2543 4 82504 82506 113964 116151
63727 2461 2321 6 82505 82507 119295 116229 115273 115275
63728 2738 3065 8 82508 82509 113757 113758 113763 113764 113765 83791
63729 3060 3065 4 82510 82508 83792 83936
63730 3300 2920 3 82513 82511 118513
63731 4039 4165 4 82516 82517 83524 83072
63732 1675 1339 3 82518 82519 99861
63733 1675 935 7 82519 82520 84165 113422 113423 113464 99862
63734 1635 935 3 82520 82521 83850
63735 2485 1905 5 82522 82523 112971 114135 113961
63736 1929 2485 6 82522 82524 114306 114155 83832 83833
63737 2852 2839 5 82528 82527 115697 115336 115335
63738 3462 3591 6 82531 82532 82536 82537 82627 82626
63739 3462 3625 4 82529 82531 82679 82911
63740 3591 3509 3 82530 82532 82581
63741 4737 4408 6 82538 82539 83498 85118 85277 84787
63742 1929 1982 9 82542 82543 83030 114155 114307 101605 101604 113940 113685
63743 4153 3926 4 82548 82549 84145 84637
63744 4153 4336 6 82547 82548 85201 85204 84552 84554
63745 2654 2476 5 82559 82560 84040 84041 113654
63746 2654 2036 7 82560 82561 114955 114390 82974 82977 83027
63747 2538 2036 5 82561 82562 114045 114148 114628
63748 2538 2654 6 82559 82561 115196 114401 112764 112766
63749 3145 3226 3 82564 82565 82580
63750 3683 3697 5 82566 82567 82631 82835 82701
63751 3683 3599 6 82567 82568 82630 82633 82652 82632
63752 3344 3346 8 82571 82569 82913 82586 82585 82588 82583 82584
63753 4916 4527 4 82573 82574 82702 82682
63754 1700 1641 5 82575 82576 114454 116182 114468
63755 1619 1486 4 82577 82578 124893 124846
63756 3390 3346 3 82584 82582 82590
63757 3346 3145 3 82586 82587 82912
63758 3077 3346 6 82585 82587 82606 82603 82595 82594
63759 3346 3104 3 82595 82596 82599
63760 3104 3077 6 82595 82597 114554 115096 82602 82600
63761 3331 3077 4 82600 82601 82604 82603
63762 3042 3077 4 82601 82602 115376 82928
63763 3077 3225 8 82604 82606 82915 82914 82972 114156 115378 82928
63764 580 655 7 82607 82608 122424 122425 122816 108815 108816
63765 760 655 6 82610 82607 122703 122702 106581 106583
63766 760 580 6 82607 82609 122550 122331 121393 121394
63767 1190 655 5 82608 82610 122571 123427 122521
63768 3211 3660 4 82616 82617 82635 83010
63769 3168 3245 4 82618 82619 82625 82620
63770 3056 3245 5 82621 82622 82625 82624 82623
63771 3591 3708 6 82627 82628 82640 82642 82665 82629
63772 3722 3591 4 82626 82628 82639 82649
63773 3211 3714 7 83248 83246 83179 82635 82636 113920 -1
63774 3771 3708 3 82637 82638 82640
63775 3771 3591 4 82639 82640 82641 82647
63776 997 896 3 82643 82644 83834
63777 997 989 6 82644 82645 112885 113819 113946 83835
63778 637 896 7 82646 82643 112771 112772 112774 112545 112544
63779 637 997 5 82643 82645 82856 82855 112037
63780 989 896 4 82644 82646 112800 83836
63781 3625 3722 4 82648 82649 82679 82909
63782 3588 3683 4 82651 82652 82669 82744
63783 4364 4530 4 82654 82655 82812 82769
63784 5695 4998 8 85579 85577 85563 85564 82656 82657 85550 -1
63785 4055 4115 5 82658 82659 83241 83272 83273
63786 5106 5188 7 82662 82663 85208 85355 84597 84599 83443
63787 5188 4665 3 82662 82664 83444
63788 3832 3708 5 82665 82666 82693 82691 82676
63789 3588 3746 3 82669 82670 82745
63790 3366 3551 3 82673 82674 83057
63791 3832 3599 5 82675 82676 82692 82731 82678
63792 3832 3588 3 82677 82678 82714
63793 4483 3994 3 82685 82686 82749
63794 4171 3963 3 82687 82688 82778
63795 3810 4171 5 82687 82689 82729 82735 82734
63796 4134 4448 5 82694 82695 82765 82803 82804
63797 3981 3042 3 82699 82700 -1
63798 4527 4618 3 82702 82703 82728
63799 4056 4259 4 82705 82706 82882 82815
63800 4409 4259 5 82706 82707 82708 82843 82883
63801 4069 4134 5 82709 82711 82794 82792 82791
63802 3509 3994 3 82712 82713 -1
63803 4259 4545 5 82722 82723 82842 82843 82891
63804 4171 3922 5 82725 82726 82781 82730 82729
63805 3728 3599 4 82731 82732 82753 82733
63806 4067 3909 6 82740 82741 82833 82830 82831 82839
63807 3909 4134 6 82740 82742 82792 82795 82799 82801
63808 3588 3825 5 82744 82745 82755 82747 82746
63809 3844 3996 4 82750 82751 83180 83234
63810 3844 3722 6 82751 82752 83264 83160 83087 83088
63811 3771 3844 5 82750 82752 83236 83096 83095
63812 3825 3599 3 82753 82754 82755
63813 4560 3981 3 82759 82760 -1
63814 4067 3922 6 82770 82771 82781 82826 82829 82831
63815 4067 4171 4 82781 82782 82807 82825
63816 4259 4536 3 82784 82785 82880
63817 4067 4095 5 82789 82790 82828 82826 82825
63818 4134 4249 5 82793 82794 82795 82802 82798
63819 4134 4447 4 82796 82797 82798 82805
63820 4134 4247 4 82799 82800 82805 82802
63821 4098 4259 3 82811 82810 82845
63822 6653 7550 9 82816 82817 101341 101351 101295 84118 84119 100905 100906
63823 6653 6144 5 82817 82818 84251 101344 101342
63824 4877 6653 4 82816 82818 84250 84274
63825 6144 7550 5 82817 82819 84966 101064 101063
63826 2263 2322 9 82820 82821 116332 116444 116426 114333 114334 116273 113724
63827 2263 2563 4 82821 82822 116428 116333
63828 2459 2263 8 82820 82822 113798 113797 115202 116405 113879 113725
63829 4057 4067 4 82827 82828 82829 82839
63830 4067 3697 4 82832 82833 82834 82835
63831 4067 4360 3 82836 82837 82838
63832 4531 4929 9 82849 82850 82853 82889 82877 82870 82869 85525 -1
63833 4709 4531 3 82848 82850 82854
63834 4929 4560 3 82849 82851 -1
63835 997 730 8 82856 82857 113075 113208 112898 112897 113820 112885
63836 432 730 6 82857 82858 102255 102254 112940 112984
63837 432 637 6 82858 82855 112038 112772 112777 112618
63838 432 997 4 82855 82857 113070 112036
63839 730 637 6 82856 82858 112567 112569 122988 112886
63840 4885 4737 3 82862 82860 85374
63841 967 3705 3 82864 82865 101863
63842 4105 4310 3 82866 82867 82868
63843 4531 3996 5 82873 82874 82875 82884 82893
63844 4531 4719 5 82876 82877 82888 82887 82885
63845 4531 4545 6 82878 82879 82885 82886 82896 82891
63846 4531 4259 8 82880 82881 82894 82884 82882 82883 82891 82895
63847 4531 4790 3 82888 82889 82890
63848 4531 4105 3 82892 82893 82894
63849 4531 4464 3 82895 82896 82897
63850 3551 3420 7 82900 82901 83073 83047 83046 83214 83076
63851 3488 3420 4 82901 82902 83099 83084
63852 3563 3462 4 82903 82904 82905 82911
63853 3563 3625 4 82906 82907 82911 82909
63854 3771 3563 5 82906 82908 83250 83008 82910
63855 2709 2710 6 82917 82918 116049 116048 114277 112884
63856 2709 2637 4 82918 82919 113730 116149
63857 2826 2709 6 82917 82919 113729 115547 115546 112883
63858 3423 3695 4 82922 82923 83742 83590
63859 3615 3305 3 82924 82925 83324
63860 3305 3695 5 82923 82925 83323 82937 82938
63861 2195 1808 4 82933 82934 101614 101613
63862 1935 2195 4 82932 82934 114409 114087
63863 1808 1982 7 82933 82935 113685 114099 114389 114414 116460
63864 3305 3656 4 82939 82937 83344 83343
63865 2549 2594 4 82940 82941 115158 114688
63866 3509 3254 3 82945 82944 83249
63867 3478 3551 7 82949 82946 83057 83056 83073 83074 83137
63868 3478 3744 4 82946 82948 83232 83229
63869 3722 3551 5 82947 82949 83136 83169 83162
63870 4195 4062 7 82950 82951 83165 83164 84488 84741 84742
63871 4195 4165 7 82951 82952 83651 83646 83647 83648 83667
63872 4143 4195 5 82950 82952 83652 83653 84837
63873 2837 2654 5 82953 82954 113826 114128 114157
63874 2837 2892 6 82954 82955 114103 115819 114328 113827
63875 2820 2892 7 82955 82956 114287 114286 114290 114174 114104
63876 2820 2837 3 82953 82955 114102
63877 2892 2654 3 82954 82956 113828
63878 1898 1692 7 82957 82958 113970 113971 118221 83903 83901
63879 2020 1692 3 82959 82957 113408
63880 1935 1692 8 82958 82959 118225 118259 116473 112613 112612 113980
63881 2952 2567 6 82960 82961 129608 113668 113666 135441
63882 2896 2952 3 82960 82962 119913
63883 3029 2567 4 82961 82963 139460 139459
63884 3749 3863 3 82965 82966 83362
63885 2553 2654 9 114142 82968 82969 114401 114954 114390 113929 113928 -1
63886 2553 2592 6 82969 82967 115241 115193 113863 113865
63887 2553 2706 6 82967 82968 114141 112691 112693 115240
63888 3077 3211 3 82972 82973 113904
63889 1558 2654 4 82974 82975 113927 113929
63890 1558 1462 6 82975 82976 100894 114273 113938 113937
63891 2036 1462 4 82976 82977 83029 100896
63892 1462 2654 5 113942 82975 82977 83028 -1
63893 3148 3255 6 82978 82979 114292 114274 83000 82999
63894 3148 3075 3 82979 82980 114299
63895 3656 3729 5 82982 82983 83674 83675 83346
63896 3729 3863 5 82982 82984 83025 83529 83347
63897 3116 2752 4 82986 82987 118600 120178
63898 2691 2890 3 82989 82990 115244
63899 2932 2890 8 82992 82989 115865 115867 116154 116120 116119 116118
63900 2778 2890 4 82990 82992 116155 115245
63901 3488 3431 4 82993 82994 83039 83011
63902 3431 3568 4 82993 82995 83120 83012
63903 3924 3814 6 82996 82997 83269 83081 83080 83297
63904 1294 754 6 83004 83005 113207 113722 113723 112924
63905 3610 3771 3 83008 83009 83261
63906 2655 2622 6 83015 83016 102217 113762 83685 83686
63907 2655 2457 9 83016 83017 113647 113484 113485 83917 83918 113300 102216
63908 2591 2655 3 83015 83017 113437
63909 4039 3761 4 83024 83026 83130 83294
63910 2036 2820 5 83029 83027 113957 114293 114280
63911 1462 2820 7 83028 83029 114281 113732 113731 114137 -1
63912 1929 2559 3 83030 83031 83832
63913 3387 3589 3 83032 83033 83277
63914 3987 3347 3 83034 83035 113600
63915 3987 3589 8 113599 83035 83032 83278 84011 83356 83358 -1
63916 4117 4099 3 83036 83037 83662
63917 3610 3551 6 83045 83046 83216 83167 83136 83137
63918 3563 3551 3 83047 83045 83074
63919 4221 4127 9 83048 83049 83630 83545 83546 83618 83607 83601 83585
63920 4428 4127 4 83050 83048 83573 83572
63921 4253 4127 6 83049 83050 83574 83557 83393 83390
63922 3961 4079 8 83053 83054 83194 83195 83188 83184 83182 83183
63923 3478 3488 3 83056 83058 83084
63924 3848 3441 5 83059 83060 84031 84087 84665
63925 3848 3585 5 83060 83061 83310 83308 83704
63926 3749 3848 5 83059 83061 83916 83934 84667
63927 8483 8848 5 83064 83065 100225 100224 100734
63928 8483 8414 4 83065 83062 101125 101473
63929 8848 8414 6 83063 83065 101475 101478 94311 94309
63930 4944 5540 4 83066 83067 84182 84183
63931 4944 5264 7 83067 83068 84732 84730 84496 84213 84187
63932 5571 5264 4 83068 83069 84657 85165
63933 5264 5540 5 83067 83069 84656 84713 84188
63934 3894 4040 5 83070 83071 83424 83756 83379
63935 3420 3538 3 83076 83077 83212
63936 3828 3489 4 83078 83079 83812 83811
63937 3814 3660 4 83082 83080 83298 83206
63938 4040 3863 5 83085 83086 83425 83424 83622
63939 3551 3726 4 83091 83092 83167 83169
63940 3551 3660 6 83092 83089 83093 83215 83214 83216
63941 3726 3660 5 83090 83092 83222 83218 83144
63942 3844 4056 4 83094 83095 83234 83235
63943 3420 3366 4 83098 83099 83101 83100
63944 3051 3623 3 83104 83105 83953
63945 3472 3300 5 83109 83107 83821 83819 83815
63946 3421 3300 3 83108 83109 83816
63947 3023 3118 6 83113 83114 83510 83511 102298 83937
63948 10218 3560 7 83115 83116 84232 84916 101518 113495 101708
63949 3560 11737 5 83115 83117 100830 113592 101710
63950 3619 3568 6 83118 83119 83668 83128 83127 83120
63951 4165 4459 6 83121 83122 83559 83648 83628 83312
63952 4165 4253 7 83122 83123 83660 83524 83523 83580 83560
63953 4345 4253 5 83123 83124 83416 83418 83661
63954 4253 4459 4 83122 83124 83415 83414
63955 4428 4324 3 83126 83125 83588
63956 4217 4453 4 83132 83133 83582 83602
63957 4165 4453 6 83133 83134 83567 83647 83559 83560
63958 4453 4324 6 83132 83134 83566 84601 83589 83588
63959 6326 6447 6 83140 83141 85262 85837 85838 84708
63960 6326 6513 5 83141 83138 85280 85281 85261
63961 6326 6263 4 83138 83140 84703 84704
63962 4221 4369 5 83145 83146 83583 83615 83587
63963 4221 4186 5 83146 83147 83586 83585 83584
63964 4151 4533 4 83149 83150 85296 85252
63965 4848 5665 3 83151 83152 84272
63966 5716 3560 5 83155 83156 84537 84539 92852
63967 3961 4056 3 83157 83158 83182
63968 3722 3726 6 83160 83161 83174 83169 83168 83267
63969 4062 4117 3 83165 83163 83593
63970 3726 3610 4 83167 83168 83262 83222
63971 3714 3509 7 83248 83249 83260 83251 83170 83171 -1
63972 3771 3714 6 83170 83172 83236 83265 83261 83250
63973 3939 3509 3 83171 83173 -1
63974 2988 3042 5 83175 83176 114327 114325 115174
63975 3042 2806 6 83175 83177 115500 115416 115415 115330
63976 3563 3714 7 83178 83179 83247 83259 83251 83250 83253
63977 4044 3961 5 83185 83186 83194 83196 83505
63978 3961 4199 3 83187 83188 83192
63979 4115 3961 7 83192 83193 83271 83273 83506 83196 83195
63980 4468 4377 4 83199 83197 83555 84546
63981 3744 3540 5 83200 83201 83202 83230 83228
63982 3533 4015 4 83204 83205 113380 84339
63983 6204 5880 3 83208 83209 85178
63984 6204 5896 7 83209 83210 85904 85289 85290 100535 100536
63985 5876 5896 4 83210 83211 85826 85823
63986 5876 5880 7 83211 83208 85179 85188 100560 100559 100581
63987 5896 5880 8 83209 83211 100580 100582 100592 100588 100587 100579
63988 3552 3320 5 83219 83220 83411 83769 83348
63989 3552 3389 4 83220 83221 83775 83412
63990 3451 3552 8 83219 83221 83777 83734 83733 83552 83551 83349
63991 4042 4412 6 83226 83227 83280 83377 83376 83636
63992 3744 3463 4 83230 83231 83232 83233
63993 5195 5549 3 83238 83239 84804
63994 5253 5549 6 83239 83240 85474 85479 100533 85292
63995 5253 4972 5 83240 83237 84737 85227 85473
63996 5253 5195 5 83237 83239 83930 83929 84736
63997 3714 3254 4 83246 83247 83258 83249
63998 3610 3714 5 83252 83253 83261 83266 83262
63999 5051 4935 5 83255 83257 85387 85529 85018
64000 3714 3440 3 83258 83259 83260
64001 3714 3722 4 83264 83265 83266 83267
64002 3924 4115 4 83271 83272 83274 83276
64003 4721 4651 4 83281 83282 85314 85420
64004 4721 4459 6 83282 83283 83924 85195 85196 85315
64005 5859 5626 4 83286 83287 85848 85383
64006 5682 5626 5 83288 83286 85385 85638 85637
64007 3619 3656 8 83293 83291 83603 83670 83674 83668 83343 83342
64008 5315 5598 4 83295 83296 85307 86009
64009 4475 4336 7 83299 83300 84733 84990 85079 83317 83318
64010 4616 4673 4 83301 83302 84199 83303
64011 4616 4336 6 83302 83299 83322 84540 85171 84197
64012 4040 3749 3 83307 83304 83379
64013 3848 3876 5 83308 83309 85207 83801 83703
64014 3848 4153 6 83309 83310 83916 83935 84637 85201
64015 4475 4274 4 83318 83319 84206 83321
64016 3987 4274 7 83319 83320 84150 84149 84155 84178 84212
64017 3987 4336 4 83320 83317 85167 85203
64018 4274 4616 4 83321 83322 84210 84208
64019 3871 5345 5 83327 83328 84438 84485 84303
64020 4289 4143 3 83334 83335 83355
64021 4289 4062 5 83335 83333 84585 83595 83594
64022 3552 3715 3 83336 83337 83733
64023 3552 3694 7 83337 83338 83747 83746 83767 83776 83734
64024 3577 3694 3 83338 83339 83533
64025 3577 3552 6 83336 83338 83772 83751 83553 83552
64026 3729 3753 5 83346 83347 83530 83350 83351
64027 3753 3863 4 83345 83347 83548 83520
64028 3273 3552 4 83348 83349 83563 83562
64029 3851 3715 4 83352 83354 84334 83724
64030 3589 3888 3 83356 83357 84010
64031 7716 7105 5 83359 83360 100619 99920 99922
64032 5505 5106 3 83365 83366 85492
64033 5250 5474 7 83368 83369 83386 85078 85077 85378 85401
64034 4414 4440 4 83371 83372 84830 83581
64035 4911 4636 4 83373 83374 85393 85406
64036 5051 4636 4 83375 83373 85088 85087
64037 4665 4459 4 83382 83383 85295 85315
64038 4582 4345 3 83384 83385 85036
64039 4217 4127 4 83390 83391 83634 83630
64040 4253 4040 4 83392 83393 83525 83523
64041 5358 5162 5 83394 83395 84727 85000 83664
64042 5358 5472 7 83395 83396 85430 85431 100850 100545 84726
64043 5292 5472 5 83396 83397 84943 85002 85888
64044 5292 5162 5 83397 83394 83665 85056 84942
64045 5292 5358 4 83394 83396 85715 83663
64046 5472 5162 6 83395 83397 84941 85451 85192 84728
64047 6700 6386 6 83398 83400 86312 86314 100507 100450
64048 5644 5715 5 83401 83402 100635 85184 85187
64049 5644 5431 6 83402 83403 88105 85781 85779 100682
64050 5631 5431 5 83403 83404 85716 85714 88106
64051 5631 5715 6 83404 83401 85701 84798 84800 87582
64052 5631 5644 6 83401 83403 88104 100949 100698 92514
64053 5431 5715 4 83402 83404 87583 100309
64054 4210 4534 5 83405 83406 84370 84618 84569
64055 4820 4871 3 83408 83409 84659
64056 4946 4625 3 83410 83407 84654
64057 4871 4625 5 83408 83410 85049 85074 84993
64058 3552 3487 5 83411 83412 83774 83767 83766
64059 4039 4161 3 83419 83420 83451
64060 4245 4151 3 83421 83422 83452
64061 4882 5051 8 83428 83429 85387 85358 85357 85175 85089 85087
64062 4882 4737 3 83427 83428 85335
64063 4911 5106 5 83430 83432 85229 85228 85248
64064 4721 5125 5 83431 83433 83489 83488 85302
64065 5035 4859 3 83435 83436 84672
64066 3863 3980 3 83440 83441 83658
64067 5106 5131 6 83442 83443 85298 84994 84995 85301
64068 4665 5131 7 83444 83442 85313 85421 85442 85462 85472
64069 5348 4946 5 83448 83449 85019 85028 85033
64070 4665 4651 5 83454 83455 85421 85314 85295
64071 4332 4449 3 83461 83458 85108
64072 4357 4412 4 83464 83465 85173 83466
64073 5233 5009 4 83467 83468 83876 83875
64074 4446 4534 3 83470 83471 84567
64075 6263 6119 6 83473 83474 100445 84702 84704 84189
64076 6263 5549 4 83474 83475 85792 99573
64077 4721 4449 6 83479 83480 83496 85294 85312 85086
64078 4721 4357 5 83480 83481 85195 85305 83495
64079 4457 4721 4 83479 83481 85196 85085
64080 4426 4408 5 83484 83485 85364 85241 85193
64081 5178 4721 3 83490 83488 85466
64082 4636 4489 4 83492 83493 85146 85116
64083 4408 4636 5 83491 83493 85364 85276 84787
64084 4357 4737 5 83495 83497 85118 85336 85304
64085 4161 4170 3 83501 83502 83503
64086 3562 3023 3 83510 83512 83894
64087 3761 4099 4 83514 83516 83672 83547
64088 4018 4221 5 83517 83518 83534 83632 83545
64089 3908 4221 8 83519 83517 83546 83616 83604 83606 83609 83539
64090 3817 3729 5 83527 83528 83529 83530 83531
64091 3853 3577 5 83532 83533 83772 83773 83838
64092 4937 4946 5 83535 83536 84653 84654 84360
64093 5076 5159 4 83537 83538 84945 84946
64094 5076 4937 5 83535 83537 85092 85099 84361
64095 4099 3980 6 83541 83542 83672 83658 83659 83656
64096 4127 4245 5 83549 83550 83572 83574 83575
64097 3421 3552 6 83551 83553 83752 83770 83561 83563
64098 4289 4468 3 83554 83555 83639
64099 4039 4127 4 83556 83557 83575 83558
64100 3421 3615 3 83564 83561 83744
64101 4453 4468 7 83566 83567 83642 83645 84729 85105 84989
64102 4468 4165 3 83565 83567 83646
64103 4127 4155 4 83568 83569 83571 83601
64104 4009 4127 3 83570 83571 83607
64105 4195 4446 3 83579 83577 84588
64106 4195 4283 5 83577 83578 84837 84742 84740
64107 4221 4155 8 83583 83584 83601 83605 83606 83608 83610 83613
64108 3853 3552 4 83596 83597 83772 83747
64109 1423 11513 3 83598 83599 83982
64110 4221 4009 4 83604 83605 83607 83617
64111 4221 4158 3 83608 83609 83611
64112 4373 4221 4 83612 83613 83615 83614
64113 4221 3925 3 83616 83617 83618
64114 4117 4459 3 83623 83624 83628
64115 3945 4147 3 83625 83626 84368
64116 4217 4018 4 83631 83632 83634 83633
64117 4384 4324 3 83637 83638 84121
64118 4289 4384 6 83637 83639 84547 84684 84801 84583
64119 4195 4453 3 83642 83643 83647
64120 4468 4459 3 83644 83645 84639
64121 4195 4324 3 83650 83651 83652
64122 4143 4468 3 83653 83654 84362
64123 4099 4253 3 83660 83661 83669
64124 5358 5431 6 83663 83664 85119 85121 100214 85714
64125 5292 5431 7 83665 83663 85716 87583 84892 84613 84612
64126 5162 5431 3 83664 83665 85117
64127 3894 4295 3 83676 83677 83678
64128 1219 1704 5 83679 83680 122902 122956 122881
64129 1219 1524 6 83680 83681 118334 118333 122944 122903
64130 1127 1704 7 83682 83679 122882 122552 122542 122541 122544
64131 1127 1219 6 83679 83681 122883 122718 122717 122873
64132 1524 1704 7 83680 83682 122583 122584 122586 122063 122062
64133 2655 2686 5 83686 83687 113646 113647 113437
64134 3065 2686 4 83687 83688 101412 113650
64135 3065 2622 4 83688 83685 113764 101411
64136 3065 2655 6 83685 83687 113656 113604 113606 113763
64137 2686 2622 5 83686 83688 101410 114168 113438
64138 11518 11387 6 83690 83691 101657 84955 84952 102294
64139 11518 11503 4 83691 83689 102284 102212
64140 3876 4295 4 83695 83696 85080 84738
64141 1462 2457 8 83697 83698 113731 113734 113930 114056 114067 114055
64142 1462 2450 6 114137 83698 83699 113645 113767 -1
64143 1973 1462 4 83697 83699 113644 114053
64144 3638 3585 5 83704 83705 84070 84092 84032
64145 3876 3638 4 83703 83705 84057 83800
64146 8649 7980 3 83706 83707 101010
64147 3385 3336 3 83709 83710 83893
64148 3037 3120 3 83713 83714 83974
64149 3020 3120 4 83714 83715 83813 83814
64150 3020 3003 4 83715 83712 83950 83866
64151 3585 3761 4 83716 83717 83719 83718
64152 2079 2304 4 83720 83721 120418 122295
64153 3300 3451 9 83726 83727 83827 83820 83815 83816 83887 83763 83764
64154 3615 3694 4 83729 83730 83732 83746
64155 3020 3129 4 83735 83736 84300 83814
64156 3020 3316 6 83736 83737 83817 84285 84415 84299
64157 2886 3020 8 83735 83737 83818 115392 113719 113699 83866 83813
64158 2622 2874 4 83738 83739 113788 113986
64159 3347 3473 4 83740 83741 84022 84021
64160 3421 3562 7 83745 83744 83770 83771 83844 83845 83748
64161 3853 3894 3 83755 83756 83757
64162 3060 3300 3 83758 83759 83886
64163 3060 2886 7 83759 83760 113233 113312 113313 83899 83885
64164 3039 2886 3 83760 83761 113234
64165 3039 3300 7 83761 83758 83895 83763 83762 118673 118513
64166 3039 3060 6 83758 83760 113232 113616 83892 83890
64167 3552 3634 4 83774 83775 83777 83776
64168 721 589 6 83783 83784 84318 84317 113151 113555
64169 721 515 5 83784 83781 113522 113520 113519
64170 721 1117 4 83781 83783 113535 113537
64171 589 515 3 83782 83784 113507
64172 3416 3268 6 83785 83786 84280 83858 83859 84385
64173 3416 3005 5 83786 83787 84282 83794 83795
64174 3262 5130 6 83788 83789 83872 83992 113357 84487
64175 3060 2874 8 83792 83790 113418 118607 113616 83906 83905 102299
64176 3065 2874 3 83791 83792 113669
64177 3030 3416 4 83793 83795 84280 84281
64178 3987 3848 5 83801 83799 84147 84150 85203
64179 2533 1890 5 83804 83805 118587 118588 122433
64180 2533 1859 6 83805 83806 122513 118564 114221 114219
64181 1968 1859 4 83806 83807 119078 122510
64182 1968 1890 5 83807 83804 122431 122432 119077
64183 91 3419 6 83808 83809 100890 100888 101870 101596
64184 91 5039 5 83809 83810 113329 113085 113086
64185 6373 91 4 83808 83810 113330 101595
64186 3020 3300 5 83817 83818 115393 122470 84284
64187 3300 3577 4 83819 83820 83823 83822
64188 3643 3828 3 83825 83826 83869
64189 2738 1921 5 83828 83829 113755 113752 113753
64190 2738 1550 4 83829 83830 113794 113756
64191 1635 1550 6 83830 83831 113453 113554 113915 113795
64192 1635 1921 5 83831 83828 113620 113619 113451
64193 1635 2738 5 83828 83830 113698 113280 113282
64194 1550 1921 8 83829 83831 113452 113516 113515 113591 113603 113696
64195 997 1077 7 83834 83835 102191 102192 112973 112036 112037
64196 3220 3645 5 83840 83841 84397 84409 84398
64197 2994 3066 7 83846 83847 84117 84115 84265 101868 101866
64198 2994 4877 6 83847 83848 107916 107915 102038 102039
64199 3871 2994 3 83846 83848 113141
64200 935 1130 6 83849 83850 84165 112931 102171 102168
64201 1763 2457 3 83852 83853 83908
64202 1550 2149 5 83854 83851 113795 113794 113299
64203 1550 1763 6 83851 83853 83907 113860 113859 113915
64204 2794 2951 4 83863 83864 113607 113605
64205 3387 2951 5 83864 83865 84105 84028 84029
64206 3387 2724 5 83865 83862 113648 113627 113628
64207 3518 3851 3 83867 83868 83870
64208 3880 3262 3 83871 83872 83991
64209 3533 3051 7 83873 83874 113321 83967 83968 83953 83954
64210 2153 2561 6 83877 83878 84264 113777 113416 113417
64211 2340 2561 3 83879 83877 113339
64212 2994 2561 6 83878 83879 101852 101851 113386 84265
64213 1845 1423 8 83881 83882 83982 113110 113470 84295 84293 101280
64214 1845 10656 6 83882 83883 84646 113434 113412 83983
64215 7506 1423 3 83884 83881 101282
64216 7506 1845 4 83881 83883 84647 101281
64217 3118 3039 4 83888 83889 83890 83895
64218 3273 3060 3 83891 83892 83906
64219 1973 1487 4 83896 83897 112027 112028
64220 2724 1487 7 83897 83898 113377 113375 113631 83989 83987
64221 1487 2450 6 113611 83896 83898 113635 113662 -1
64222 1762 1898 5 83900 83901 113407 116269 118361
64223 1762 1692 5 83901 83902 118038 118225 113408
64224 1693 1692 6 83902 83903 113831 113832 118293 118039
64225 1693 1898 4 83903 83900 118362 118222
64226 1693 1762 7 83900 83902 114011 114012 118232 113872 113871
64227 2874 3118 3 83904 83905 102298
64228 3273 2874 9 83904 83906 113617 118620 113170 113171 83926 83925 113564
64229 1795 1763 8 83907 83908 113652 113663 113908 113909 114002 113955
64230 1795 2457 9 83908 83909 114056 113089 113087 113219 113217 113906 113653
64231 1550 1795 4 83907 83909 114069 113956
64232 3051 2979 4 83912 83911 83915 113321
64233 3385 2979 5 83915 83913 83933 113292 113372
64234 3385 2738 5 83913 83914 83942 113757 83932
64235 2655 1973 6 83918 83919 113671 113672 113692 113695
64236 2450 2655 3 83917 83919 113618
64237 2714 3705 5 83920 83921 113481 113446 113448
64238 2714 3201 6 83921 83922 84058 113378 113376 113382
64239 4453 4721 4 83923 83924 85305 85303
64240 5756 5253 4 83928 83929 100491 100484
64241 5253 5556 5 83928 83930 85292 100492 100485
64242 2951 3385 4 83932 83933 84074 84075
64243 2951 2979 5 83933 83931 113608 113595 113291
64244 2951 2738 5 83931 83932 113758 113754 113752
64245 4117 3848 3 83934 83935 84636
64246 3060 3023 3 83937 83936 102299
64247 3065 3441 3 83938 83939 84088
64248 2454 2588 7 83940 83941 116171 118697 118543 84386 84387
64249 2247 3037 4 83944 83945 83949 112716
64250 3003 2561 3 83946 83943 113390
64251 3037 2561 5 83944 83946 113389 107808 107807
64252 2247 3020 4 83949 83950 113699 112717
64253 4876 4725 4 83952 83951 84015 84216
64254 3533 3472 3 83954 83955 83956
64255 5681 4897 5 83958 83959 84480 84329 84256
64256 6676 4897 3 83959 83960 84481
64257 6676 5974 8 83960 83957 101033 101235 107772 101026 101025 101138
64258 6676 5681 5 83957 83959 84479 94541 101032
64259 4897 5974 9 83958 83960 101139 101118 101119 101159 101161 101153 84257
64260 2222 2511 4 83961 83962 112823 101879
64261 2510 3005 3 83963 83964 107809
64262 5756 6501 6 83969 83970 85648 100456 99874 99873
64263 5233 5404 5 83972 83973 84561 92535 84838
64264 6653 5640 6 83975 83976 101347 101343 101344 84130
64265 6233 5640 7 83978 83975 84131 100435 100500 100499 100987
64266 6638 5640 3 83976 83978 100988
64267 9629 9083 4 83980 83981 102543 99565
64268 1845 11513 4 83982 83983 101653 101654
64269 1933 1702 6 83985 83986 116605 116373 114177 114175
64270 1656 1933 5 83984 83986 113746 113748 116516
64271 2724 1522 3 83987 83988 84200
64272 2724 1408 5 83988 83989 113632 84007 84005
64273 6518 6541 5 83993 83994 100904 94544 94514
64274 5345 6541 9 83995 83993 94515 101210 101214 113344 113323 101069 84271
64275 5665 6541 5 83994 83995 84272 84275 84273
64276 1490 1117 5 83997 83998 113535 113518 113467
64277 1490 1675 6 83998 83999 113614 113559 113560 113536
64278 1565 1675 5 83999 84000 113540 113602 113613
64279 1565 1490 4 83997 83999 113575 113466
64280 1675 1117 4 83998 84000 113539 113537
64281 5348 5076 5 84002 84003 85030 85019 84945
64282 5265 5348 4 84001 84003 85444 84617
64283 1973 1408 3 84005 84006 84201
64284 1921 1408 6 84006 84007 113590 113514 113515 102011
64285 1921 1973 5 84004 84006 102010 113603 113692
64286 3876 3589 6 84010 84011 84026 84012 84013 84033
64287 4344 4876 6 84014 84015 84219 85172 84606 84234
64288 4015 4877 6 84017 84018 84168 84335 84352 84169
64289 10219 9492 7 84019 84020 101611 101735 101616 101617 101583
64290 3065 3347 5 84024 84021 84060 113550 113707
64291 3065 3473 5 84021 84023 84077 84030 84027
64292 3473 3876 4 84025 84026 84071 84057
64293 3065 2951 7 84029 84030 84072 84075 113758 113606 113607
64294 3065 3387 5 84027 84029 113125 113124 84060
64295 2951 3473 3 84028 84030 84076
64296 3638 3441 3 84031 84032 84085
64297 3876 3849 4 84033 84034 84036 84035
64298 6021 6386 5 84038 84039 85124 100218 92238
64299 6386 5929 5 84037 84039 85123 85931 85935
64300 2784 2476 5 84041 84042 113809 113808 113655
64301 2476 2820 5 84040 84042 114320 114298 113957
64302 1979 4877 4 84044 84045 113457 113458
64303 6144 1979 4 84044 84046 100958 100960
64304 4194 4877 6 84045 84047 84266 84168 84167 112054
64305 4344 3387 3 84049 84050 84151
64306 3638 3201 4 84051 84048 84679 84111
64307 3387 3201 6 84049 84051 84110 113627 113638 84153
64308 3441 3473 3 84052 84053 84089
64309 5279 4795 4 84054 84055 84814 84556
64310 4795 5391 4 84054 84056 93238 84557
64311 2714 3560 5 84058 84059 113592 113585 113583
64312 8562 4194 3 84061 84062 101121
64313 1603 1130 5 84063 84064 113205 113854 112745
64314 1028 1130 4 84064 84065 101717 101716
64315 515 527 7 84067 84068 102275 112767 113532 113523 113520
64316 11387 527 4 84068 84069 102024 102027
64317 11387 515 5 84066 84068 102276 102294 112035
64318 3484 3065 5 84072 84073 84088 84095 84077
64319 3484 3385 5 84073 84074 113292 84079 84080
64320 2951 3484 7 84072 84074 113291 113596 113629 84105 84076
64321 3484 3473 7 84076 84077 84094 84089 84090 84093 84104
64322 3484 3533 4 84078 84079 113371 84662
64323 3441 3484 9 84078 84080 84088 84096 84089 84091 84085 84087 84663
64324 7510 7661 7 84082 84083 101437 101439 101321 101319 99875
64325 8151 7661 5 84083 84084 92265 99745 100431
64326 8151 7510 4 84081 84083 101438 101462
64327 7661 7665 3 84082 84084 92264
64328 3484 3638 7 84085 84086 84635 84111 84103 84093 84092
64329 3484 3848 3 84086 84087 84634
64330 3484 3585 3 84090 84091 84092
64331 3484 3336 3 84094 84095 84096
64332 1973 1522 7 84097 84098 112026 112027 84200 84201 102010
64333 1973 1280 6 84098 84099 84101 113644 113489 113490
64334 1550 1280 4 84099 84100 113431 84102
64335 1280 1522 5 84098 84100 113505 113571 113572
64336 1280 1261 6 84102 84101 114054 112759 112758 113430
64337 3387 3484 5 84103 84104 84105 113628 84110
64338 6689 6919 4 84108 84109 92709 92828
64339 6689 6935 5 84109 84106 100323 88017 88018
64340 6689 7185 5 84106 84108 93235 93240 100320
64341 6919 6935 4 84107 84109 90663 90661
64342 3484 3201 5 84110 84111 84678 112980 112979
64343 8321 8119 6 84112 84113 100409 86051 86053 99746
64344 8468 8119 6 99757 99756 84113 84114 98250 -1
64345 2153 3066 8 84115 84116 113402 113401 113459 113461 113784 84264
64346 3072 3066 4 84116 84117 113255 113432
64347 6915 7550 5 84119 84120 94184 94185 101068
64348 11355 9851 4 84123 84124 113328 101051
64349 11355 10656 8 84124 84125 99437 99438 113165 113434 113326 113324
64350 10219 9851 7 84126 84123 101053 101490 101921 101735 99416
64351 10219 11355 4 84123 84125 101532 101052
64352 3201 4015 4 84132 84134 84660 113501
64353 7012 6728 8 84137 84138 100572 93456 93457 100650 85651 85652
64354 7012 6813 5 84138 84139 88087 100717 100718
64355 6819 6728 4 84140 84137 93253 93252
64356 6819 7012 6 84137 84139 88086 100647 100518 100520
64357 6813 6728 5 84138 84140 100505 99676 99678
64358 7128 7017 7 84142 84143 85818 85819 86194 86117 85939
64359 6977 7128 4 84141 84143 86306 86307
64360 4344 3987 5 84146 84147 84149 84152 84151
64361 4274 3848 4 84150 84148 84633 85202
64362 3987 3201 5 84152 84153 113637 84177 84155
64363 4274 3201 3 84154 84155 84176
64364 6335 6681 6 84156 84157 101365 84685 84686 99429
64365 6335 6747 5 84157 84158 94237 101102 101100
64366 5943 6747 5 84158 84159 101331 100925 94239
64367 5943 6681 3 84159 84156 100974
64368 5943 6335 5 84156 84158 94238 94415 94414
64369 6747 6681 8 84157 84159 101113 101115 101416 101432 101403 101366
64370 6967 7875 5 84160 84161 101035 101456 99934
64371 6967 6205 7 84161 84162 100481 84868 84869 85326 93256
64372 6650 6205 4 84162 84163 101048 100483
64373 6650 7875 6 84163 84160 99935 101474 101686 101326
64374 6205 7875 4 84161 84163 101325 101036
64375 1130 1675 4 84164 84165 113454 113560
64376 3066 4194 4 84166 84167 84314 84313
64377 8752 7520 4 84170 84171 84466 84467
64378 8752 6829 4 84171 84172 94572 101250
64379 4401 4283 4 84173 84174 84743 84740
64380 4062 4401 3 84173 84175 84741
64381 4725 3987 7 113643 113639 84177 84178 84566 84565 -1
64382 4274 4725 4 84176 84178 85194 84191
64383 4944 4656 6 84181 84182 84187 84214 85101 85103
64384 4876 4656 5 84184 84181 84606 84245 84235
64385 4876 4944 4 84181 84183 84185 85172
64386 5540 4656 7 84182 84184 84236 84714 85011 84712 84188
64387 4876 5571 6 84185 84186 100996 84218 84216 84219
64388 5264 4656 5 84187 84188 84682 84680 84215
64389 6119 6513 4 84189 84190 85274 85280
64390 5896 6119 4 84193 84194 84702 100534
64391 5896 6326 7 84194 84195 100590 100675 100535 84708 84703
64392 5847 6326 4 84195 84196 85662 85774
64393 4336 4944 4 84197 84198 84213 84214
64394 4673 4944 5 84198 84199 85226 85152 84496
64395 8483 9022 6 84203 84204 100734 100735 84691 84690
64396 4898 4475 5 84206 84207 85219 85177 84211
64397 4274 4898 5 84206 84208 84209 85194 84212
64398 3987 4898 5 84211 84212 84566 84563 84677
64399 5716 5571 6 84217 84218 101409 101358 101353 99637
64400 7380 7763 6 84220 84221 85695 85696 84959 84960
64401 6090 7875 6 84222 84223 101035 101036 100955 100956
64402 6090 7763 4 84223 84220 101422 101468
64403 6090 7380 6 84220 84222 100964 99523 99522 101421
64404 7875 7763 4 84221 84223 101456 101420
64405 2496 2714 7 84224 84225 113261 113260 113479 113446 113419
64406 2496 1565 5 84225 84226 113392 113602 113609
64407 743 2714 6 84227 84224 101683 101682 113585 113565
64408 743 2496 4 84224 84226 113393 113420
64409 1565 2714 5 84225 84227 113566 113630 113610
64410 9650 9770 8 84230 84228 99633 99630 102607 102589 102540 101534
64411 9650 9997 4 84228 84229 102323 102460
64412 7380 10218 5 84231 84232 84915 101516 101368
64413 2547 1824 5 84237 84238 84489 118660 113319
64414 3262 1824 7 84240 84237 113320 113258 101873 101226 101228
64415 3262 2547 3 84237 84239 113305
64416 3220 1824 3 84238 84240 84490
64417 590 1562 5 84241 84242 101703 101702 84400
64418 590 929 4 84242 84243 84512 101812
64419 67 929 5 84243 84244 107765 107697 84513
64420 67 1562 5 84244 84241 84401 84454 101771
64421 67 590 6 84241 84243 84511 84517 84459 84399
64422 929 1562 6 84242 84244 106422 106420 118614 101838
64423 1061 1408 3 84248 84246 113493
64424 1061 1082 6 84246 84247 113512 113511 113569 113580
64425 8752 8906 5 84252 84253 101263 101751 101172
64426 8752 8060 6 84253 84254 84948 84467 84468 101262
64427 8060 8906 5 84253 84255 95276 108035 101264
64428 880 454 5 84261 84262 113137 84427 84428
64429 589 454 6 84263 84261 101405 102063 112927 113115
64430 3066 2561 6 84264 84265 113391 113389 113390 113782
64431 5915 4877 3 84266 84267 84335
64432 8752 8947 7 84268 84269 101172 101256 92839 92840 94548
64433 8034 8947 3 84269 84270 84470
64434 6653 6541 4 84273 84274 100906 100904
64435 6518 5666 4 84276 84277 94148 84290
64436 5666 6915 6 84276 84278 101168 101169 101067 84291
64437 3518 3020 4 84284 84285 84414 122458
64438 10516 10452 6 84286 84287 107438 102785 102786 104650
64439 10415 10452 3 84288 84286 101127
64440 5681 6915 5 84289 84291 101066 101032 100997
64441 2812 1845 5 84292 84293 101283 84311 84312
64442 2812 1423 6 84293 84294 101663 113531 101277 101276
64443 2153 1423 3 84294 84295 101664
64444 2153 2812 4 84292 84294 101662 113401
64445 1979 9238 5 84296 84297 113158 113157 113395
64446 9238 967 4 84296 84298 113456 113449
64447 3595 4877 4 84301 84302 84392 107916
64448 3005 3262 3 84305 84306 84444
64449 2593 2247 4 84307 84308 113296 102034
64450 2738 2886 4 84309 84310 112658 113313
64451 4194 1845 4 84314 84311 101285 112054
64452 3066 1845 5 84312 84314 112053 113432 113402
64453 589 11703 7 84318 84319 112928 102063 102062 113506 113507
64454 589 505 6 84319 84317 112641 112643 113115 113111
64455 3926 3533 7 84321 84322 84341 84664 84662 113374 84339
64456 4534 4568 4 84323 84324 84370 84619
64457 1061 1490 3 84325 84326 113159
64458 1061 880 7 84326 84327 113136 113137 113513 113512 113160
64459 1550 1490 7 84328 84325 113544 113452 113453 113551 113549
64460 880 1490 4 84326 84328 113548 113161
64461 3030 3178 3 84331 84332 84411
64462 4015 5915 7 84335 84336 84337 84358 84377 84356 84353
64463 3749 3926 5 84340 84341 84673 84667 84666
64464 6307 6038 6 84346 84347 92646 92331 92330 92334
64465 6307 6003 5 84347 84344 91826 92376 92598
64466 2979 3066 7 84349 84350 113780 113461 113460 113510 113379
64467 3533 2979 7 84349 84351 113321 113372 113371 113374 113380
64468 4015 6144 3 84352 84353 84354
64469 6144 4795 5 84354 84355 84694 99887 84357
64470 4795 5915 5 84357 84356 84649 84651 100747
64471 5915 5540 7 84359 84358 84378 84651 100746 100963 101407
64472 4871 4937 5 84360 84361 85064 85066 85049
64473 4283 4093 6 84365 84366 84842 84843 84844 84771
64474 4384 4093 4 84366 84367 84575 84801
64475 1130 370 4 84371 84372 102171 102169
64476 1130 721 6 84372 84373 113151 113556 113454 112931
64477 505 370 7 84374 84371 112982 101626 101625 113098 102023
64478 721 370 4 84372 84374 102022 112932
64479 4304 5915 3 84377 84378 84649
64480 3641 3595 4 84379 84380 84457 84456
64481 4370 4210 4 84382 84383 84591 84618
64482 1890 2137 9 84388 84389 118588 122430 122432 122520 113769 113770 84422
64483 1890 2588 5 84389 84386 118544 118594 118587
64484 1890 2454 4 84386 84388 84421 118534
64485 3062 2340 5 84395 84396 101829 84446 84448
64486 67 2340 3 84401 84399 84453
64487 1562 2340 9 84400 84401 84452 113415 113339 113297 84448 84445 113322
64488 2805 3020 6 84404 84405 118476 122470 122458 122449
64489 3268 3316 3 84412 84413 84415
64490 2454 2209 5 84418 84419 118375 118548 118697
64491 2401 2209 5 84419 84420 118553 102076 102075
64492 2401 2511 6 84420 84417 118580 115085 115084 116364
64493 2401 2454 4 84417 84419 118376 118579
64494 2209 2511 5 84418 84420 118589 118590 118680
64495 7433 7782 5 84424 84425 94767 94819 84436
64496 880 939 4 84426 84427 113513 113182
64497 454 939 6 84427 84429 112732 112731 112741 112738
64498 5681 6096 5 84430 84431 92607 94541 101066
64499 5491 6096 4 84431 84432 92250 92252
64500 6096 5666 4 84430 84432 92701 101067
64501 8246 7782 3 84435 84436 94796
64502 590 935 4 84439 84440 84459 84450
64503 590 11355 7 84440 84441 113324 113328 113337 84518 84517
64504 3072 11355 4 84441 84442 113435 113326
64505 3072 935 4 84442 84439 84451 101428
64506 3072 590 6 84439 84441 113325 113262 101864 84449
64507 3005 3062 6 84443 84444 84461 101144 101143 113166
64508 1824 2340 3 84445 84446 101828
64509 1824 3062 5 84446 84447 113388 113258 101827
64510 1562 3062 5 84447 84448 101854 101853 113385
64511 1562 1824 7 84445 84447 113387 118524 101838 101703 101700
64512 935 67 6 84453 84454 101772 113225 101806 84459
64513 3220 3062 3 84461 84460 107752
64514 5929 5684 7 84462 84463 100806 100694 85801 84802 84803
64515 5591 5696 6 84464 84465 92510 92509 85128 85125
64516 5591 5684 5 84465 84462 92496 92393 92394
64517 5591 5929 5 84462 84464 85129 85675 100751
64518 7630 8060 5 84468 84469 94565 108048 102495
64519 7630 8752 6 84466 84468 102494 107762 101248 101250
64520 7558 7827 4 84471 84472 94283 93444
64521 7557 7932 3 84473 84474 93560
64522 7557 7558 5 84471 84473 93818 93817 93445
64523 7932 7827 6 84472 84474 93146 93148 93022 93021
64524 6183 6508 5 84476 84477 95953 95954 95955
64525 6440 6508 5 84477 84478 95114 95113 95689
64526 6440 5867 4 84478 84475 94266 95929
64527 6440 6183 5 84475 84477 95958 91625 91624
64528 6508 5867 4 84476 84478 95638 95637
64529 5247 6676 6 84481 84479 94542 94571 94570 101138
64530 5247 5681 5 84479 84480 94561 92608 92607
64531 7957 7659 8 84484 84482 100489 100490 101472 101361 101232 94574
64532 7957 7432 4 84482 84483 85984 85981
64533 5345 3262 3 84487 84486 113360
64534 6335 5845 7 84491 84492 101370 101369 101310 94237 94238
64535 5571 5845 4 84493 84491 100930 84657
64536 5540 5845 5 84492 84493 84656 100542 100540
64537 5954 5682 6 84502 84503 85509 85508 85750 85717
64538 5954 5859 3 84503 84501 85504
64539 3880 3353 3 84504 84505 84506
64540 5818 5715 7 84508 84509 92733 92100 84797 84798 85699
64541 5818 5662 3 84509 84510 92710
64542 6100 5818 6 84508 84510 84886 84885 92450 90802
64543 11685 929 4 84512 84513 107698 101813
64544 11685 590 8 84511 84512 101811 101137 101136 101810 113336 84518
64545 3595 3868 3 84514 84515 84516
64546 4512 4847 4 84520 84521 84524 84525
64547 5024 4933 3 84527 84528 84529
64548 7294 7894 3 84533 84534 94344
64549 5756 3560 4 84536 84537 84956 -1
64550 5756 5716 5 84537 84538 101170 99637 84957
64551 8224 5716 4 84538 84539 101356 101171
64552 8224 3560 6 101520 84916 84917 84539 84536 -1
64553 8224 5756 6 84536 84538 92151 85271 85272 -1
64554 10780 10246 6 84541 84542 101548 101549 101976 101989
64555 10780 10471 3 84542 84543 101307
64556 10668 10471 9 84543 84544 101992 105282 105285 107217 107218 101798 101309
64557 10668 10246 3 84544 84541 101991
64558 10668 10780 6 84541 84543 101308 101688 101513 101512
64559 10471 10246 7 84542 84544 101629 101630 99674 99675 102050
64560 5896 5698 8 84548 84549 100575 100580 85826 85824 100551 85377
64561 5896 5688 4 84549 84550 100592 100576
64562 5740 5698 3 84551 84548 85327
64563 4336 4295 5 84552 84553 84992 84990 85080
64564 5035 5391 4 84555 84557 93237 100122
64565 6371 6612 6 84558 84559 100613 92770 92771 100738
64566 6371 6414 5 84559 84560 100506 100766 100614
64567 6700 6371 5 84558 84560 100507 92563 92560
64568 5556 4725 4 99829 84564 84565 -1
64569 3987 5556 4 84676 84563 84565 -1
64570 4625 4384 4 84570 84571 85052 84933
64571 4625 4583 4 84571 84572 84997 85050
64572 7462 7335 4 84573 84574 94306 94305
64573 6998 6631 9 84580 84581 94351 94352 99872 100566 100567 101012 101003
64574 6846 7665 4 84582 84579 101354 99969
64575 4283 4289 5 84583 84584 84585 84841 84842
64576 4625 4324 3 84600 84601 84920
64577 4625 4453 5 84601 84602 84769 84770 84989
64578 4455 4625 7 84600 84602 84720 84721 85042 85041 84921
64579 5178 5472 6 84603 84604 85435 85001 84943 84941
64580 5098 5292 4 84611 84612 85056 84790
64581 5431 5203 4 84613 84610 84722 84724
64582 5431 5098 6 84610 84612 85117 85119 85120 85140
64583 5592 6080 3 84614 84615 92281
64584 5474 5348 5 84616 84617 85401 84939 84766
64585 4370 3945 3 84620 84621 84622
64586 5665 5194 6 84623 84624 84908 84909 100834 84625
64587 4370 4847 5 84626 84627 84632 84629 84628
64588 4370 5059 3 84630 84631 84632
64589 3926 3484 7 84634 84635 84678 113579 113373 84662 84663
64590 5288 5453 4 84643 84644 85484 85205
64591 5390 5453 4 84644 84645 85734 85497
64592 5453 5369 8 84643 84645 85737 85682 85583 85575 85433 85206
64593 1845 3072 9 84646 84647 113441 113433 113432 113411 101427 101428 113435
64594 7506 3072 8 84647 84648 101373 101582 99915 99146 99147 100959
64595 3072 10656 5 84646 84648 101372 113325 113326
64596 4795 5540 4 84651 84650 84714 85013
64597 5264 5845 6 84656 84657 100929 100928 100773 100772
64598 3201 3926 5 84660 84661 84679 84678 113597
64599 3926 3441 4 84663 84664 84673 84665
64600 6944 6955 3 84670 84671 87061
64601 6944 6957 9 84671 84668 87726 87825 87882 87954 87035 87036 87060
64602 6944 6737 4 84668 84670 87722 87721
64603 6967 5997 6 84687 84688 101506 101469 93255 85326
64604 6967 6335 4 84685 84687 84869 84866
64605 5997 6681 4 84686 84688 101013 99431
64606 9022 8064 5 84689 84690 101485 101594 101286
64607 7550 8483 7 84691 84692 101304 101064 101065 101351 101260
64608 7550 8064 7 84692 84689 94183 94185 94543 94545 101292
64609 8483 8064 4 84690 84692 101270 101269
64610 4795 5640 7 84693 84694 94398 93239 93238 100970 94384
64611 6205 5540 5 84696 84697 101397 100963 100750
64612 6205 5997 4 84697 84695 85326 93257
64613 6205 6335 5 84695 84696 100748 84867 84869
64614 6477 6756 8 84699 84700 88254 84963 84964 100913 94361 94362
64615 5989 6756 6 84700 84701 100856 100827 100785 100786
64616 5989 6275 6 84701 84698 94343 101103 101098 101097
64617 6756 6275 4 84699 84701 99741 99740
64618 5896 6263 5 84702 84703 84707 100587 100589
64619 5943 5528 4 84705 84706 100927 100770
64620 5896 6447 4 84707 84708 100536 100579
64621 6500 6407 4 84709 84710 92688 92690
64622 6378 6407 8 84710 84711 100655 100884 100866 100784 100740 92741
64623 6407 6819 7 84709 84711 100654 100521 100520 93253 93254
64624 5035 5540 4 84712 84713 100542 100346
64625 6275 6976 7 84715 84716 99739 99740 94407 94409 101029
64626 6275 6836 4 84716 84717 101071 101095
64627 6261 6976 3 84718 84715 99837
64628 6261 6275 4 84715 84717 94578 94577
64629 5203 5481 4 84723 84724 84891 84944
64630 5431 5481 6 84724 84725 84914 100682 100309 84892
64631 5171 5162 7 84727 84728 85191 85475 85057 85022 84999
64632 5472 5171 4 84726 84728 85190 100544
64633 4944 5253 6 84730 84731 100491 84736 84737 85152
64634 4944 5943 4 84731 84732 85164 100434
64635 4581 4336 3 84733 84734 84992
64636 4944 4972 4 84737 84735 84810 85226
64637 4295 4475 4 84738 84739 84991 84990
64638 5974 6133 7 84744 84745 107283 101027 101025 101140 101118
64639 5974 5039 5 84745 84746 113364 101216 101217
64640 4599 5974 6 84744 84746 113366 101158 101157 101119
64641 7334 7962 3 84749 84750 100800
64642 7794 7962 8 84750 84751 93501 99993 99992 100102 100661 100660
64643 7794 7462 3 84751 84748 93499
64644 7794 7334 7 84748 84750 100984 100903 100504 100503 94288
64645 7962 7462 7 84749 84751 93500 99415 99414 94308 94305
64646 5992 6419 3 84753 84755 92749
64647 7029 7103 5 84756 84757 100154 93438 93439
64648 5818 6056 5 84758 84759 90802 85699 85700
64649 5357 5026 3 84761 84762 84860
64650 5793 5253 3 84763 84764 100743
64651 5793 5406 5 84764 84765 100769 100808 100744
64652 5943 5793 7 84763 84765 100770 100976 100933 100841 100742
64653 10133 10572 6 84772 84773 107527 107862 107863 108004
64654 10133 10442 3 84773 84774 94164
64655 10061 10572 3 84775 84772 107971
64656 10061 10133 8 84772 84774 94163 101258 102430 107244 107741 107742
64657 10442 10572 10 84773 84775 107490 107492 107830 107829 107824 107825 107976 107528
64658 5550 5194 5 84777 84778 84839 84897 100787
64659 5026 5194 5 84778 84779 84795 84819 84821
64660 5666 5545 5 84780 84781 100789 100788 94496
64661 5666 5194 7 84781 84782 84908 100526 100729 100727 100787
64662 5391 5666 5 84780 84782 84907 94499 94495
64663 6827 6482 3 84785 84786 93017
64664 5109 4401 4 84793 84794 84826 84796
64665 5194 4401 4 84794 84795 84846 84847
64666 5818 5631 3 84798 84799 85700
64667 5792 5715 4 84800 84797 92101 100241
64668 8501 8842 6 84806 84807 86301 98950 98541 98542
64669 8501 8778 4 84807 84808 98761 86302
64670 8780 8842 4 84809 84806 98580 98323
64671 4571 5194 5 84811 84812 84813 84819 84846
64672 4571 5279 4 84813 84814 84822 84820
64673 6307 5803 3 84815 84817 90601
64674 5946 5996 5 84816 84818 92279 91383 90684
64675 4571 5075 3 84823 84824 84825
64676 4440 4534 4 84827 84828 84829 84830
64677 4440 4468 4 84831 84832 84918 84836
64678 4872 4468 4 84832 84833 84934 84919
64679 9307 8919 3 84835 84834 101719
64680 3901 4283 4 84840 84841 84843 84845
64681 6377 6130 3 84848 84849 92172
64682 5543 5689 5 84852 84854 91454 92063 92062
64683 6260 5696 5 84855 84856 100564 100732 92504
64684 6352 6260 5 84855 84857 92284 92283 92505
64685 5018 4440 5 84858 84859 84910 84918 84862
64686 5684 5656 3 84863 84864 92549
64687 6793 6335 7 84866 84867 101362 101369 101099 101100 101365
64688 6793 6205 3 84867 84868 101117
64689 6967 6793 8 84866 84868 101116 100922 100921 100952 101449 101404
64690 5564 6021 4 84872 84873 92553 85006
64691 5564 5715 4 84871 84872 85005 92555
64692 5904 6152 6 84875 84876 91673 92177 92407 91637
64693 6152 5957 5 84874 84876 91671 92530 92183
64694 6201 5632 3 84879 84880 92584
64695 6201 5696 9 84880 84881 84968 100810 100733 100732 100807 92698 92583
64696 6243 5696 4 84881 84882 92512 84970
64697 6243 5632 4 84882 84879 92704 100723
64698 6243 6201 6 84879 84881 84969 94248 94249 92703
64699 5818 6018 5 84884 84885 100216 86276 86277
64700 5700 6018 5 84887 84884 85745 85746 85749
64701 5700 5818 6 84884 84886 92710 92733 92734 92721
64702 6100 6018 4 84885 84887 85907 99490
64703 6827 7294 5 84888 84889 101078 100782 92609
64704 6827 6976 3 84889 84890 92135
64705 5632 5618 5 84893 84894 94137 94138 92699
64706 5879 5550 6 84895 84896 100771 100968 92500 92498
64707 5879 5632 3 84893 84895 92700
64708 5550 5618 4 84894 84896 100768 100724
64709 5845 6261 9 84898 84899 100618 101030 100328 100329 100980 100978 100720
64710 5845 5545 5 84899 84900 100979 100961 100617
64711 5357 5545 5 84900 84901 85159 100508 100510
64712 5357 6261 3 84901 84898 85158
64713 5357 5845 6 84898 84900 100873 100774 100773 100721
64714 5545 6261 6 84899 84901 85157 100577 85213 85210
64715 5171 5357 3 84903 84904 85059
64716 5665 5391 3 84909 84907 94500
64717 5618 6249 4 84911 84912 100937 85008
64718 6407 6249 8 84912 84913 92741 92688 85183 85180 92715 100809
64719 6249 5929 5 84911 84913 92736 85724 85009
64720 8224 7380 7 84917 84915 101426 85694 85696 101395 101356
64721 8224 10218 4 84915 84916 101519 101517
64722 6728 7162 4 84922 84923 100934 100853
64723 6728 6715 7 84923 84924 93457 100832 100840 100819 100821
64724 7153 7162 6 84925 84922 100854 100916 101430 100753
64725 7153 6728 4 84922 84924 93456 100574
64726 6715 7162 5 84923 84925 93071 93073 100254
64727 5591 5481 5 84930 84931 92496 100751 100608
64728 6539 6836 10 84936 84937 100651 100112 100113 100599 93334 93332 101095 100256
64729 6539 6715 4 84937 84935 85151 100840
64730 6539 6261 6 84935 84936 85264 85263 100615 85149
64731 5589 5348 3 84938 84939 85400
64732 5178 5162 5 84941 84942 85023 85024 85449
64733 10572 10510 4 84949 84950 107964 96267
64734 10363 10510 8 84950 84951 107827 107826 107316 100017 100015 107965
64735 11518 10423 3 84954 84955 101556
64736 10423 11387 5 84953 84955 101656 102285 101659
64737 5756 4725 6 84956 84957 85883 85882 99829 -1
64738 7380 6998 4 84958 84959 101395 100918
64739 5997 7763 4 84960 84961 101469 101422
64740 5997 6998 7 84961 84958 100920 100568 100567 101013 101506
64741 5997 7380 4 84958 84960 101421 100919
64742 6477 6482 7 84962 84963 88253 101028 100999 93019 93017
64743 6675 6756 4 84964 84965 94365 94363
64744 6675 6477 3 84962 84964 100914
64745 6756 6482 4 84963 84965 94354 88255
64746 6201 6080 4 84968 84969 100824 100811
64747 6169 6304 6 84971 84972 94196 94197 94348 94349
64748 6169 6657 5 84972 84973 94291 91734 91735
64749 5851 6169 6 84971 84973 94341 94905 94901 94382
64750 6162 5449 4 84975 84976 100530 94465
64751 9224 9220 6 84977 84978 102610 102609 102731 100033
64752 2787 2284 3 84979 84980 112531
64753 2669 2284 9 84982 84979 114223 113316 113317 118389 115169 115168 118302
64754 7162 6747 6 84983 84984 100839 101398 93070 93073
64755 7162 7055 8 84984 84985 100853 100854 100917 101333 100159 100157
64756 6558 7055 7 84985 84986 100494 100433 100344 100343 100867
64757 6558 6747 7 84986 84983 86269 86268 100925 101419 100496
64758 6558 7162 4 84983 84985 100934 100254
64759 7055 6747 3 84984 84986 100495
64760 5125 5131 3 84995 84996 85302
64761 4625 4784 6 84997 84998 85044 85074 85073 85051
64762 5618 5644 8 85007 85008 100950 88104 88105 94140 94138 86270
64763 6249 5644 5 85008 85009 85725 100698 100948
64764 5644 5929 8 85007 85009 85185 85184 100634 85675 85673 86271
64765 6242 4656 3 85011 85012 100345
64766 6242 4795 6 85012 85013 100747 99887 94398 94400
64767 5540 6242 7 85011 85013 100746 100750 100749 100540 100346
64768 6290 6387 7 85016 85015 87976 87975 88196 88194 88193
64769 5235 4935 5 85017 85018 85528 85394 85396
64770 5888 6119 3 85020 85021 85541
64771 5348 5250 7 85028 85030 85444 85401 85400 85445 85031
64772 5125 5564 4 85037 85038 85711 85446
64773 4510 4625 6 85041 85043 85051 85050 85052 85053
64774 4937 4784 4 85044 85045 85065 85066
64775 4785 4625 3 85048 85046 85069
64776 5162 4673 4 85057 85058 85113 85467
64777 5999 5896 6 85060 85061 100590 100674 100550 100551
64778 4937 5319 4 85062 85063 85093 85096
64779 4937 5022 5 85064 85065 85090 85098 85099
64780 6622 6695 3 85070 85071 85921
64781 4885 4911 7 85076 85075 85311 85310 85374 85393 85404
64782 3876 4336 5 85079 85080 85204 85207 85167
64783 4937 5322 6 85091 85092 85098 85097 85100 85093
64784 5091 4937 4 85094 85095 85100 85096
64785 4656 4616 3 85101 85102 85171
64786 4780 4468 3 85104 85105 85106
64787 5531 5292 3 85111 85112 85743
64788 5531 5178 6 85112 85109 85365 85435 100388 85744
64789 5929 6056 6 85122 85123 85930 85724 85185 85186
64790 6021 6056 5 85124 85122 85291 85924 85923
64791 6386 6056 4 85123 85124 100217 85932
64792 5632 5592 7 85126 85127 85136 92534 100638 100637 100723
64793 5591 5592 3 85127 85128 85138
64794 5591 5632 6 85125 85127 85137 94170 85674 85129
64795 5358 5279 3 85130 85131 100532
64796 7294 7335 8 85132 85133 100899 94476 94477 100570 94299 94300
64797 7294 6756 7 85133 85134 94077 94361 100782 94339 94337
64798 7029 7294 4 85132 85134 94078 99890
64799 6756 7335 6 85133 85135 92636 101080 101077 100900
64800 5632 5404 5 85136 85137 100531 100797 92535
64801 5098 5026 3 85143 85144 85145
64802 6539 6284 4 85151 85149 100085 100084
64803 6715 6284 4 85150 85151 100819 100820
64804 6263 5756 3 85153 85154 85648
64805 5943 5556 4 85155 85156 100485 86033
64806 5943 6263 6 85153 85155 86032 100841 100461 100455
64807 5528 5545 4 85159 85157 100460 100459
64808 5528 6261 7 85157 85158 100720 100556 100558 100947 100825
64809 8417 9044 6 85160 85161 101487 101748 101750 107870
64810 8417 8064 5 85161 85162 94183 101286 101486
64811 6915 9044 5 85163 85160 107884 101234 101233
64812 8064 9044 7 85161 85163 101211 101209 101208 101897 101488
64813 4572 4409 5 85169 85170 85341 85391 85279
64814 6447 5880 4 85179 85178 100579 85189
64815 6728 6249 3 85180 85181 92713
64816 6728 6669 6 85181 85182 93252 100505 100527 100471
64817 6407 6669 4 85182 85183 92690 93254
64818 6407 6728 7 85180 85182 93253 85652 85654 100083 92714
64819 6669 6249 5 85181 85183 92689 100668 100472
64820 5715 6056 6 85186 85187 85701 85699 90803 85291
64821 6056 5644 4 85185 85187 92514 85725
64822 5549 5171 5 85190 85191 85478 85479 100546
64823 5549 5162 3 85191 85192 85468
64824 5288 5051 5 85198 85199 85390 85346 85347
64825 4336 3848 5 85200 85201 85207 85203 85202
64826 5188 4935 5 85209 85208 85396 85395 -1
64827 6233 6261 7 85210 85211 94577 99837 99839 100072 100618
64828 6233 6156 3 85211 85212 94576
64829 5545 6156 4 85212 85213 100578 101020
64830 5545 6233 6 85210 85212 101034 94496 94497 100617
64831 6156 6261 6 85211 85213 85265 85264 100255 94578
64832 4904 4940 5 85214 85215 85332 85386 85330
64833 5040 4904 4 85214 85216 85539 85329
64834 4972 4582 3 85217 85218 85454
64835 4023 4533 4 85220 85221 85296 85238
64836 4935 4515 4 85223 85224 85316 85317
64837 4761 4935 5 85222 85224 85319 85527 85523
64838 5106 4737 3 85229 85230 85245
64839 4761 4572 4 85231 85232 85340 85339
64840 6400 5963 5 85596 85233 85234 87466 -1
64841 6139 6271 6 85235 85236 86873 87464 87459 87457
64842 6139 5963 8 85236 85233 85597 87070 87098 87390 86699 86698
64843 6139 6400 4 85233 85235 85599 85595
64844 6271 5963 4 85234 85236 86872 87096
64845 4428 4408 5 85240 85241 85276 85277 85297
64846 5859 6217 5 85243 85244 85686 85548 85549
64847 6217 6529 7 85242 85244 85858 85830 85827 85461 85459
64848 5842 5315 3 85250 85251 86006
64849 6045 6577 3 85256 85254 92137
64850 7711 7816 4 85257 85258 100336 99570
64851 8239 7816 8 85260 85257 99572 93284 92671 92672 86040 86038
64852 7773 7816 4 85258 85260 86294 86295
64853 5879 6156 5 85265 85266 100860 101018 100578
64854 5879 6539 4 85266 85263 100616 100858
64855 6156 6539 5 85264 85266 100859 101096 100256
64856 6702 6513 8 85267 85268 99124 100406 100405 100464 100465 100468
64857 6783 6702 3 85267 85269 100466
64858 6980 6513 3 85268 85270 99126
64859 8224 7645 7 85272 85273 101359 101463 100351 100353 -1
64860 8224 6702 3 85273 85271 92152
64861 5703 5768 5 85282 85283 86001 86007 85285
64862 5703 5888 4 85283 85284 85941 86002
64863 5698 5531 4 85286 85287 100388 100585
64864 6056 5896 3 85288 85289 85903
64865 5896 6481 5 85288 85290 100675 100674 100205
64866 5598 5505 5 85299 85300 85629 85630 85633
64867 4721 5131 6 85301 85302 85466 85463 85420 85313
64868 4453 4737 5 85303 85304 85337 85398 85397
64869 4911 4820 4 85309 85310 85373 85402
64870 4443 4935 5 85538 85319 85316 85318 -1
64871 6531 6442 7 85320 85321 86069 85821 85822 99720 93187
64872 6531 6219 6 85321 85322 88036 85689 85690 86262
64873 6230 6442 6 85323 85320 93189 99730 85906 85814
64874 6230 6531 5 85320 85322 88183 88185 93188
64875 6219 6442 4 85321 85323 85815 86089
64876 5040 4954 6 85331 85329 85372 85371 85543 85547
64877 4940 4954 3 85330 85331 85388
64878 5207 5372 4 85344 85345 85426 85483
64879 5051 5372 5 85345 85347 85408 85407 85415
64880 4694 4515 3 85349 85348 85353
64881 5873 6181 4 85350 85351 85670 85671
64882 5188 5235 3 85355 85354 85396
64883 5051 4998 4 85358 85356 85360 85529
64884 5235 4998 6 85360 85359 85577 85532 85531 85528
64885 4927 5288 3 85361 85362 85390
64886 4954 5257 5 85367 85368 85543 85469 85375
64887 5216 4954 4 85366 85368 85371 85370
64888 5257 4998 4 85367 85369 85564 85376
64889 4761 4954 4 85370 85372 85540 85498
64890 5250 5265 3 85378 85379 85444
64891 5626 5493 4 85380 85381 85637 85603
64892 5266 5493 5 85382 85380 85437 85436 85485
64893 5888 5682 6 85384 85385 85628 85626 85510 85509
64894 5888 5626 5 85385 85383 85941 85635 85634
64895 4935 5266 5 85535 85533 85394 85395 -1
64896 4911 4837 3 85404 85405 85406
64897 5125 4820 3 85411 85412 85413
64898 5372 5362 7 85414 85415 85426 85502 85518 85517 85481
64899 6036 5727 3 85417 85418 85794
64900 5727 5700 7 85417 85419 85773 85771 85770 85772 85795
64901 5131 4651 7 85420 85421 85443 85458 85450 85448 85464
64902 6052 5865 5 85424 85425 88529 88528 88530
64903 6052 6067 4 85425 85422 87527 88814
64904 6052 6125 8 85422 85424 88513 88512 85721 85723 87231 87233
64905 5631 5472 4 85429 85430 85888 85886
64906 5358 5876 3 85431 85428 100849
64907 5358 5631 7 85428 85430 85715 85714 100776 100605 100603
64908 5453 5257 3 85432 85433 85570
64909 6846 6558 6 85439 85440 101387 100496 100494 100478
64910 6702 6558 4 85441 85439 100480 100486
64911 4582 5131 5 85442 85443 85457 85454 85455
64912 5131 5162 6 85449 85450 85467 85475 85468 85451
64913 5131 4581 5 85452 85453 85455 85462 85471
64914 4673 5131 6 85456 85457 85458 85467 85476 85480
64915 6326 6529 4 85460 85461 86061 100387
64916 5131 4780 3 85463 85464 85465
64917 5131 4596 3 85470 85471 85472
64918 5131 5253 4 85473 85474 85477 85480
64919 5131 5171 4 85475 85476 85477 85478
64920 5531 5362 3 85482 85481 85491
64921 5505 5362 6 85486 85487 85494 85492 85491 85517
64922 6471 6217 6 85488 85489 85686 85858 85859 85698
64923 6471 5968 6 85489 85490 85969 85967 86035 85687
64924 5954 6471 6 85488 85490 85959 85961 86068 85697
64925 5362 5328 4 85493 85494 85495 85500
64926 5362 5215 3 85499 85500 85501
64927 5531 5888 3 85510 85511 85546
64928 5531 5954 5 85511 85508 85752 85914 85544
64929 5779 5677 5 85512 85513 88711 88665 88632
64930 5526 5677 5 85513 85514 87562 87564 88452
64931 5677 5726 4 85512 85514 88462 88461
64932 5372 5505 3 85515 85516 85517
64933 6217 5842 3 85520 85521 85542
64934 4998 4531 4 85537 85524 85525 -1
64935 4998 5266 3 85530 85531 85533
64936 5663 4998 5 85534 85530 85532 85579 -1
64937 4935 5663 3 85534 85535 -1
64938 4998 4443 4 85538 85536 85537 -1
64939 5954 5598 3 85544 85545 85885
64940 5695 5193 3 85550 85551 -1
64941 6708 6468 6 85553 85554 86071 86072 87610 87291
64942 6708 6270 5 87595 87572 85554 85552 -1
64943 6708 6400 5 85552 85553 87290 87586 -1
64944 6958 7163 5 85556 85557 86428 86429 86455
64945 6958 7178 5 85557 85555 86297 86298 86415
64946 7133 7202 9 85558 85559 87918 87710 86115 86116 86201 85863 85861
64947 7133 7279 4 85559 85560 86296 87911
64948 6958 7202 3 85561 85558 86088
64949 6958 7133 5 85558 85560 86297 86536 86087
64950 5695 5207 5 85562 85563 85576 85571 85569
64951 5257 5695 6 85562 85564 85565 85566 85574 85570
64952 5727 5390 6 85567 85568 85735 85736 85738 85734
64953 5453 5695 7 85569 85570 85575 85582 85679 85678 85572
64954 5695 5369 4 85573 85574 85575 85580
64955 5695 5235 3 85576 85577 85578
64956 5453 5578 3 85582 85583 85680
64957 6229 6024 7 85584 85585 87195 87193 88207 88230 88231
64958 6310 6024 3 85587 85584 88251
64959 6310 6229 5 85584 85586 88555 87170 87169
64960 6207 6024 4 85585 85587 88252 88267
64961 6400 6540 5 85589 85590 87347 87281 87279
64962 6570 6746 4 85591 85588 87541 87623
64963 6540 6746 5 85589 85591 86189 86187 87452
64964 5483 5936 3 85592 85594 87252
64965 6139 6270 6 85597 85595 85600 87632 87192 87069
64966 5963 6270 4 85596 85597 87068 -1
64967 6413 6139 4 85599 85600 87458 87457
64968 6413 6270 4 85600 85598 86081 87638
64969 6586 6695 3 85602 85601 100360
64970 6071 6052 5 85605 85606 85950 87553 87617
64971 6186 6071 5 85605 85607 87566 87565 87615
64972 6343 6413 5 85609 85610 86080 86081 87198
64973 7154 7153 5 85612 85613 100211 85916 85915
64974 6387 6531 5 85614 85615 87082 88183 88036
64975 5757 5453 5 85619 85620 85682 85680 85679
64976 5453 5727 5 85618 85620 85737 85734 85632
64977 6910 7504 3 85621 85622 85796
64978 7088 7504 7 85623 85621 85905 86468 100163 92847 92849
64979 7494 7504 9 85622 85623 100123 100145 100366 100075 85949 85946 85798
64980 5682 5598 3 85626 85627 85629
64981 5888 5505 3 85630 85628 85634
64982 5598 5626 4 85633 85635 86003 85636
64983 6796 6473 3 85639 85640 86706
64984 5549 5804 7 85645 85647 92831 100546 100533 85793 85792
64985 6386 6611 3 85649 85650 99923
64986 7012 6407 4 85652 85653 100519 100520
64987 6539 6728 5 85654 85651 100651 100840 100084
64988 6539 7012 4 85651 85653 100110 100112
64989 6484 6752 4 85655 85656 85762 86075
64990 6695 6752 6 85657 85655 88022 87877 87876 87875
64991 5646 5570 4 85659 85660 87441 87442
64992 5646 5642 7 85660 85658 87406 88500 88450 87428 87430
64993 5999 6199 5 85664 85665 85908 92900 85775
64994 7666 7456 7 85666 85667 86048 93403 99758 99735 99736
64995 7666 7306 6 85667 85668 87984 100289 100292 86049
64996 7494 7306 4 85668 85669 85797 85798
64997 7494 7456 8 85669 85666 93452 93449 99744 100031 100188 100379
64998 7494 7666 5 85666 85668 85946 85948 86293
64999 7306 7456 4 85667 85669 100380 86050
65000 5954 6181 4 85671 85672 85961 85720
65001 5644 5591 4 85674 85675 100608 94171
65002 5644 5632 6 85673 85674 94169 94139 94138 94378
65003 6506 6622 7 85676 85677 85921 86204 86212 86207 86205
65004 5757 5369 3 85681 85682 85739
65005 5576 5794 6 85685 85683 87247 88514 88515 88781
65006 5576 5779 3 85683 85684 87246
65007 6471 5859 3 85686 85687 86112
65008 6181 6531 3 85688 85690 86261
65009 6473 6646 3 85692 85693 88178
65010 6471 6442 6 85697 85698 85856 85854 86069 86089
65011 7035 7026 6 85702 85703 99787 100363 92537 92538
65012 6708 7279 3 85704 85705 87204
65013 7469 6708 6 87093 87092 85704 85706 87560 -1
65014 6484 6310 5 85707 85708 88518 87170 85832
65015 5700 5125 4 85710 85711 85766 85742
65016 5631 5292 6 85715 85716 87582 100611 85887 85888
65017 6125 6150 3 85721 85722 87385
65018 6125 6486 7 85722 85723 87858 88546 87474 87475 87386
65019 6561 6187 7 85726 85727 92647 92580 92581 92575 92446
65020 6561 6277 5 85727 85728 92592 92591 92648
65021 6503 6277 6 85728 85729 91608 92344 92343 92596
65022 6503 6187 4 85729 85726 92068 91607
65023 6277 6187 6 85727 85729 88108 88107 92579 92625
65024 7469 7343 6 85730 85731 99596 86213 86083 86084
65025 7512 7343 4 85731 85733 99754 99650
65026 5727 5369 4 85737 85738 85740 85739
65027 5531 5700 10 85742 85743 85744 100585 85913 85752 85751 85771 85769 85765
65028 5700 5747 5 85747 85745 92721 100586 85913
65029 6018 6230 5 85748 85749 85907 99491 85906
65030 5700 5682 4 85750 85751 85770 85753
65031 8501 8500 7 85754 85755 98541 98866 98656 98657 -1
65032 8501 8890 4 85755 85756 98863 98542
65033 8823 8890 4 85756 85757 98601 98602
65034 8823 8500 4 98903 85757 85754 -1
65035 8823 8501 6 85754 85756 98871 98910 98915 -1
65036 8890 8500 6 85755 85757 98901 98900 98909 98543
65037 6935 6524 5 85759 85760 86137 92978 89354
65038 6673 6816 4 85761 85758 88019 92725
65039 6673 6935 7 85758 85760 86136 86169 90662 90663 88018
65040 6524 6816 5 85759 85761 92763 92764 89355
65041 5700 5495 5 85767 85768 85776 85773 85769
65042 5999 6326 4 85774 85775 92901 100590
65043 5644 5319 5 85779 85780 94169 94171 100607
65044 5644 5332 4 85780 85781 94140 94139
65045 6977 6695 8 85782 85783 88059 88058 87879 87876 87600 87601
65046 6858 6845 6 85784 85785 85909 86167 85927 85928
65047 6858 7026 4 85785 85786 100628 85910
65048 7088 6858 6 85784 85786 100656 100712 100338 100339
65049 6586 6630 5 85787 85788 86243 100194 85820
65050 6586 6587 5 85788 85789 85855 86292 86242
65051 6442 6587 4 85789 85790 86055 85856
65052 6442 6586 4 85787 85789 85854 85821
65053 6587 6630 6 85788 85790 85829 85828 85937 86241
65054 5556 5804 4 85791 85793 100492 86033
65055 5727 6230 5 85794 85795 85799 85800 85806
65056 7504 7306 6 85798 85796 85905 86467 87967 87984
65057 6230 5710 3 85803 85804 85806
65058 6219 6036 3 85805 85802 88016
65059 7002 7101 5 85807 85808 100801 100813 100171
65060 7002 7435 4 85808 85809 98604 100802
65061 7064 7101 4 85810 85807 100172 100169
65062 7064 7002 6 85807 85809 94298 94297 100138 100137
65063 6910 7247 4 85811 85812 99726 85840
65064 7247 7072 7 85811 85813 92727 92729 100174 99704 85841
65065 7144 6984 10 85816 85817 87912 87913 87992 87675 86113 86114 87919 87731
65066 7144 7017 3 85817 85818 86360
65067 7128 6984 4 85819 85816 87732 87699
65068 7128 7144 5 85816 85818 86306 86305 86540
65069 6630 6531 3 85820 85822 100361
65070 5792 5896 6 85823 85824 100550 100205 85903 85904
65071 5876 5698 5 85825 85826 100581 85920 85919
65072 5876 5792 4 85823 85825 100463 100584
65073 6630 6529 5 85827 85828 85936 100400 86061
65074 6217 6587 4 85829 85830 85859 86055
65075 6217 6630 4 85827 85829 86054 86062
65076 6587 6529 6 85828 85830 85857 86290 86234 85938
65077 5989 6407 4 85833 85834 100784 100857
65078 6664 6204 5 85835 85836 100453 100452 100630
65079 6664 6447 5 85836 85837 100643 100626 100625
65080 6326 6204 5 85838 85835 100631 100685 100535
65081 7247 6896 5 85840 85841 99542 99540 100119
65082 6896 7072 8 85839 85841 99705 100311 100313 100326 100333 100706
65083 7666 7773 6 85842 85843 86294 86293 99736 99737
65084 7666 8239 3 85843 85844 86038
65085 8148 7666 6 85842 85844 86039 92799 99706 99708
65086 6018 5999 5 85845 85846 85908 93388 86276
65087 7319 7185 8 85849 85850 92866 93242 99702 93068 90553 90554
65088 7319 7624 6 85850 85851 93285 100023 92667 92669
65089 7391 7319 4 85849 85851 93124 93125
65090 7624 7185 3 85850 85852 86160
65091 6471 6586 7 85854 85855 86288 85877 85875 85996 85997
65092 6471 6587 5 85855 85856 85859 85857 86291
65093 6471 6529 6 85857 85858 86112 86035 86034 86283
65094 6708 7202 7 85861 85862 86260 87091 87092 87204 86088
65095 6759 7202 3 85862 85863 86203
65096 6759 7133 5 85863 85860 87620 87714 86202
65097 6237 6585 5 85864 85865 88101 86398 86396
65098 6418 6585 5 85867 85864 87969 88083 92960
65099 6289 6585 5 85865 85867 92963 88095 88097
65100 6131 6405 8 85868 85869 87238 87219 87218 87220 87097 87095
65101 6131 6220 4 85869 85870 87052 87051
65102 7206 7329 4 85871 85872 89449 89452
65103 7206 7455 5 85872 85873 87142 98473 89883
65104 7119 7455 4 85873 85874 86695 86697
65105 7119 7329 5 85874 85871 87895 85951 85953
65106 7119 7206 8 85871 85873 87143 89440 89555 89701 90025 89456
65107 6471 6466 7 85875 85876 86280 86034 85967 85968 86192
65108 6471 6622 3 85876 85877 86279
65109 6586 6466 3 85878 85875 86193
65110 6622 6466 5 85876 85878 86207 85945 85942
65111 6762 6622 5 85879 85880 86282 86251 86248
65112 6762 7068 3 85880 85881 86190
65113 5631 5698 4 85886 85887 100462 85919
65114 7039 7101 5 85889 85890 100627 100736 85893
65115 7039 7026 6 85890 85891 100363 100419 85911 85910
65116 7398 7026 6 85891 85892 92848 92846 92539 92537
65117 7398 7101 5 85892 85889 85895 99763 100162
65118 7398 7039 7 85889 85891 100306 100308 100397 100385 85894
65119 7026 7101 4 85890 85892 100192 100628
65120 7055 7398 6 85894 85895 99765 100257 100144 100143
65121 7055 7101 4 85895 85893 100737 99764
65122 7580 7398 4 85897 85898 100398 100397
65123 7567 7398 4 85898 85899 100196 100404
65124 7567 7711 4 85899 85896 86150 100108
65125 8321 7580 5 85902 85900 100411 100408 100409
65126 8321 7645 4 85900 85901 100381 100425
65127 6858 7039 5 85909 85910 100627 100942 100591
65128 7153 7462 4 85916 85917 100497 100652
65129 7980 7462 5 85917 85918 94306 94308 100233
65130 7980 7154 6 85918 85915 99889 100804 94301 94302
65131 7980 7153 6 85915 85917 100498 100781 101314 99888
65132 6056 6500 6 85922 85923 100217 100739 100683 100598
65133 6100 6500 6 85925 85922 100293 100295 100553 100632
65134 6100 6056 5 85922 85924 90803 90802 92451
65135 6021 6500 3 85923 85925 100218
65136 6858 6745 6 85926 85927 86166 100593 100662 100338
65137 6784 6745 7 85929 85926 100340 100716 100414 100415 100679
65138 6784 6858 3 85926 85928 100339
65139 6845 6745 6 85927 85929 100687 100646 92723 86168
65140 5929 6378 6 85930 85931 94381 94380 100740 92736
65141 6386 6378 6 85931 85932 92768 92769 100795 100528
65142 6378 6056 4 85930 85932 100739 92737
65143 6201 6260 5 85933 85934 100805 100732 100401
65144 6201 5929 6 85934 85935 94381 92697 92698 100806
65145 6386 6201 5 85933 85935 100528 100793 100402
65146 6630 6758 5 85936 85937 86235 86237 100399
65147 6587 6758 3 85937 85938 86233
65148 6674 6466 7 85942 85943 87614 86056 85955 85956 86280
65149 6674 6655 5 85943 85944 86219 87207 87613
65150 6622 6655 5 85944 85945 86205 86206 86209
65151 6622 6674 7 85942 85944 86220 86281 86282 86287 86279
65152 6655 6466 5 85943 85945 86208 86223 87590
65153 7666 7504 3 85946 85947 87984
65154 7666 7816 8 85947 85948 86294 86038 86039 92798 100237 100289
65155 7494 7816 5 85948 85949 100076 100336 86295
65156 7329 6957 5 85951 85952 86060 86058 87817
65157 7119 7151 7 85953 85954 86328 86807 86796 86696 86695
65158 7151 6957 7 85952 85954 86327 87063 87781 87779 86487
65159 6674 6529 8 86078 86077 86290 86283 85956 85957 86284 -1
65160 5968 6529 5 85957 85958 86035 86015 86014
65161 5968 6674 6 87557 86057 85955 85957 86285 -1
65162 6529 6466 3 85956 85958 86034
65163 6471 6153 5 85959 85960 86093 85968 85969
65164 6471 6181 6 85960 85961 86067 86261 86264 86094
65165 6575 6810 4 85962 85963 87874 87677
65166 6957 6810 4 85963 85964 87726 87826
65167 6765 6637 7 85966 85965 86225 86849 86851 87004 87050
65168 7464 7377 5 85974 85975 99734 99732 100156
65169 7794 7649 8 85976 85973 92826 100165 93501 93499 94288 100141
65170 7794 7464 4 85973 85975 100080 92825
65171 7377 7649 3 85974 85976 100140
65172 7673 7496 3 85979 85980 99599
65173 7510 7432 8 85981 85982 101319 101320 101431 99855 99856 101415
65174 7510 8275 4 85982 85983 99858 99875
65175 7957 7510 4 85981 85983 99859 100489
65176 8275 7432 5 85982 85984 101443 101445 101418
65177 7343 7128 8 85986 85987 86540 87732 86303 85990 85988 89841
65178 7343 7195 4 85987 85985 87803 86539
65179 7343 7356 4 85985 85986 88006 88008
65180 7343 7140 3 85988 85989 92854
65181 7128 7240 4 85990 85991 86117 86195
65182 6761 6980 5 85992 85993 100422 86029 86030
65183 6441 6980 5 85994 85992 99617 99126 99125
65184 6471 6506 6 85995 85996 86192 86093 86094 86263
65185 6531 6471 6 85995 85997 86069 86262 86261 86265
65186 6586 6506 4 85996 85998 86212 86193
65187 5703 5968 5 85999 86000 86014 86285 -1
65188 5703 5598 6 86001 86002 86003 86012 86009 86008
65189 6758 5556 5 100394 99600 86004 86005 -1
65190 5703 5475 4 86007 86008 86010 86024
65191 5703 5328 3 86011 86012 86013
65192 7168 7260 5 86017 86018 86361 86378 86022
65193 7512 7068 3 86021 86020 100135
65194 7459 7168 5 86022 86023 87763 86475 86473
65195 6910 6762 5 86025 86026 100193 99752 99753
65196 7093 6630 5 86027 86028 86237 100396 100350
65197 7093 6762 4 86028 86025 86250 86236
65198 6630 6762 5 86026 86028 86235 86241 86243
65199 7034 6761 6 86029 86031 100418 86120 86122 100287
65200 5943 5804 4 86032 86033 100493 100742
65201 8148 7816 4 86039 86040 100136 92800
65202 7356 7247 4 86041 86042 87985 87978
65203 7130 7140 5 86043 86044 92891 92836 88005
65204 7130 7247 6 86044 86041 87980 100174 99541 99540
65205 7130 7356 6 86041 86043 88003 92874 100270 87979
65206 7140 7247 6 86042 86044 100119 99726 99727 100282
65207 7274 6957 6 86046 86047 87894 87817 87818 87898
65208 7666 7140 5 86048 86049 86732 86733 93404
65209 7306 7140 5 86049 86050 99725 99727 100291
65210 7140 7456 4 86048 86050 93248 93249
65211 7711 8321 4 86051 86052 93421 100408
65212 5936 6674 4 86056 86057 87556 87619
65213 7329 7129 4 86058 86059 86534 87816
65214 6737 6856 6 86063 86064 86919 86920 89672 86216
65215 7044 6856 8 86066 86063 86217 89677 86611 86610 87071 87425
65216 6958 6856 3 86064 86066 87049
65217 6471 6219 4 86067 86068 86089 86262
65218 6708 5936 7 87558 87556 87611 86072 86073 87595 -1
65219 6186 6708 3 86071 86073 87572
65220 6752 6796 6 86076 86075 88022 88047 88046 88063
65221 6529 6762 3 86079 86077 86234
65222 7041 7281 3 86090 86091 86881
65223 7041 6973 8 86091 86092 89599 89545 89485 89486 89714 86882
65224 7230 7041 9 86090 86092 86866 86865 89406 86836 86837 86885 86884
65225 6181 6506 3 86094 86095 86221
65226 6599 6280 4 86097 86098 89506 89586
65227 6345 6235 3 86099 86096 88070
65228 6345 6599 6 86096 86098 88713 88560 88559 88069
65229 6280 6235 4 86097 86099 88683 88704
65230 6024 6006 4 86103 86104 87591 87592
65231 6209 6006 6 86106 86103 88211 88210 87397 87396
65232 6209 6024 7 86103 86105 88268 88252 88251 88231 88233
65233 6571 6150 4 86107 86108 87190 88214
65234 6804 6655 6 86110 86111 87200 87201 86219 86209
65235 7144 7202 4 86114 86115 87709 87922
65236 7133 6984 6 86116 86113 87676 87715 87714 87697
65237 7133 7144 4 86113 86115 86126 86125
65238 7202 6984 5 86114 86116 87698 87734 87733
65239 6977 6940 5 86119 86118 88057 88059 87837
65240 6761 7035 4 86120 86121 99787 100424
65241 7034 6845 3 86122 86123 99751
65242 7034 7035 6 86123 86120 100307 99700 99697 99750
65243 7144 7129 6 86124 86125 87675 87991 87989 87998
65244 7387 7133 3 86126 86127 87710
65245 7387 7129 5 86127 86124 87999 87915 87917
65246 7387 7144 7 86124 86126 87709 87923 87802 87801 87949
65247 7133 7129 7 86125 86127 87918 87911 87908 87906 87676
65248 6625 6695 3 86128 86129 88179
65249 7185 6968 6 86133 86134 88302 88303 93227 93094
65250 6919 6968 7 86135 86133 90661 89978 89977 93035 91972
65251 7142 6968 3 86134 86135 91971
65252 6706 6524 5 86137 86138 92045 92046 92971
65253 6706 6935 5 86136 86137 90021 90020 86170
65254 7255 7414 6 86139 86140 89521 89522 90093 90062
65255 7255 6991 4 86140 86141 87742 91885
65256 7378 7414 4 86142 86139 90064 93144
65257 7378 7255 6 86139 86141 87743 92841 93276 90063
65258 6991 7414 5 86140 86142 93143 94317 91886
65259 7984 8538 3 86144 86145 99954
65260 7984 8600 7 86145 86143 100101 99959 99931 99933 99952
65261 7567 6674 3 86146 86147 -1
65262 7567 7068 7 86147 86148 100132 100133 100135 100134 -1
65263 6758 7567 4 86146 86148 100413 -1
65264 7773 7567 5 86149 86150 100109 100389 99784
65265 8513 8748 4 86154 86155 93523 93095
65266 7185 7421 8 86159 86160 92866 93243 99479 93250 93057 93056
65267 7084 7114 5 86162 86163 93116 93233 93277
65268 7084 6654 5 86163 86164 93216 93215 93117
65269 6991 6654 5 86164 86165 92195 92696 92706
65270 6813 6745 4 86166 86168 92722 100369
65271 6792 6935 3 86169 86170 92873
65272 6985 6906 7 86174 86175 87768 87820 87955 87953 87943
65273 6938 7109 4 86176 86173 86912 87901
65274 6906 7109 4 86174 86176 87900 87944
65275 7652 7844 5 86178 86179 86666 86669 86721
65276 7852 7844 4 86179 86180 86512 86513
65277 7852 7832 5 86180 86177 86755 98411 86632
65278 7852 7652 5 86177 86179 86665 86716 86754
65279 7279 7650 3 86181 86182 86523
65280 6644 6505 3 86184 86185 87657
65281 6737 6746 6 86187 86188 86919 87048 86447 86446
65282 6766 6746 5 86188 86189 87623 87404 86921
65283 6506 6466 5 86193 86192 86222 86208 86207
65284 7068 7128 4 86194 86195 86303 87699
65285 7339 7147 4 86199 86200 86339 86337
65286 6804 7202 5 86203 86201 87698 87394 86260
65287 6804 7133 3 86201 86202 87697
65288 7417 7320 5 86211 86210 86462 86515 86449
65289 6810 6559 5 86214 86215 88025 87677 87022
65290 6856 6957 3 86216 86217 89674
65291 6097 6237 4 86226 86228 91072 92443
65292 7274 7443 4 86230 86231 87956 99095
65293 7129 7443 5 86231 86232 87652 86535 86534
65294 7129 7274 4 86229 86231 87816 87818
65295 7443 7327 4 86230 86232 87887 99097
65296 6587 6762 5 86233 86234 86289 86242 86241
65297 7216 7396 3 86239 86240 89775
65298 7396 7189 5 86238 86240 89897 89896 92802
65299 6762 6586 6 86242 86243 100193 86252 86251 86286
65300 6968 7074 7 86244 86245 90932 90685 90686 93227 92785
65301 6968 6763 5 86245 86246 90018 90019 92819
65302 6963 6763 6 86246 86247 89665 92929 92973 92079
65303 6963 7074 8 86247 86244 88395 88397 89565 89567 92006 89664
65304 6963 6968 3 86244 86246 92078
65305 6763 7074 6 86245 86247 88124 88123 92818 92816
65306 7017 6762 4 86248 86249 99752 86252
65307 7356 7197 5 86253 86254 92875 92874 100146
65308 7241 7197 8 86256 86253 92712 88002 88000 89566 89568 89855
65309 7195 7197 4 86254 86256 89732 89734
65310 6988 6603 3 86257 86259 87205
65311 6471 6431 3 86263 86264 86265
65312 5845 6715 6 86266 86267 100328 101031 101435 101310
65313 5845 6558 6 86267 86268 100924 100975 100981 100329
65314 6747 6715 6 86269 86266 101102 101101 93072 93073
65315 6747 5845 4 86266 86268 94239 94237
65316 6558 6715 6 86267 86269 100254 100821 100820 100330
65317 5644 5989 3 86270 86271 94378
65318 6500 6670 7 86272 86273 100690 92470 92471 100670 100073
65319 6646 6734 6 86274 86275 100335 88118 88119 92767
65320 6646 6670 7 86275 86272 92889 92888 100696 100705 100666
65321 6646 6500 4 86272 86274 100722 100074
65322 6734 6670 7 86273 86275 100667 100700 100702 100708 100692
65323 6674 6471 5 86279 86280 86283 86291 86288
65324 6674 5703 3 86284 86285 -1
65325 6674 6586 4 86286 86287 86288 86292
65326 6587 6674 4 86289 86290 86291 86292
65327 7773 7494 4 86295 86293 93452 93451
65328 8552 8578 6 86299 86300 93474 98853 98940 98921
65329 8501 8768 4 86301 86302 98885 98949
65330 7144 7195 7 86304 86305 86539 87801 87950 87989 87990
65331 6977 7195 4 86307 86304 87973 87974
65332 6977 7144 7 86304 86306 86360 87912 87914 87996 87994
65333 7050 7295 7 86309 86310 86682 86683 86896 89470 89468
65334 7230 7295 6 86310 86311 86602 86604 86842 86837
65335 7230 7050 5 86308 86310 86836 89634 87183
65336 6386 6806 3 86312 86313 100562
65337 6700 6709 4 86314 86315 92562 92563
65338 6700 6806 5 86315 86312 100517 100515 100876
65339 6709 6806 6 86313 86315 100745 93821 93822 100563
65340 8577 8474 4 86317 86318 99018 99016
65341 7512 7611 3 86321 86319 99658
65342 7643 7279 3 86324 86325 86346
65343 6800 7151 4 86328 86327 87065 89687
65344 8501 8412 6 86329 86330 98655 98656 98865 98868
65345 8222 8412 7 86332 86329 98892 86643 86645 98574 98728
65346 8222 8501 3 86329 86331 98864
65347 8488 8412 4 86330 86332 98876 98875
65348 6958 7260 8 86334 86333 86442 86450 86452 86426 86428 86415
65349 8482 7993 6 98532 98512 86335 86336 86566 -1
65350 7339 7266 5 86337 86338 86559 86561 86658
65351 8307 8033 3 86340 86341 87927
65352 8307 7996 6 86341 86342 98587 98588 98589 98519
65353 8291 7996 4 86342 86343 98585 98584
65354 8291 8033 9 86343 86340 87929 97736 97735 98578 86597 86596 98337
65355 8227 8315 3 86344 86345 98975
65356 9104 8937 3 86348 86349 103109
65357 8710 8473 8 86350 86351 86357 86358 98576 99598 99603 99611
65358 8473 8398 6 86350 86352 99661 99648 99595 99594
65359 8646 8912 3 86354 86355 90106
65360 8682 8473 4 86358 86359 99184 98577
65361 8682 8710 3 86356 86358 98575
65362 6250 6597 4 86364 86365 88284 89241
65363 6597 6345 4 86364 86366 88561 88559
65364 8703 8792 8 86369 86370 99483 99405 99216 98301 98299 99245
65365 8703 8474 4 86370 86371 99321 99480
65366 8551 8474 6 86371 86372 98295 98296 99019 99020
65367 8551 8792 5 86372 86369 99175 99176 99453
65368 8551 8703 5 86369 86371 99322 98229 98228
65369 8474 8792 5 86370 86372 99454 99457 99460
65370 7552 7566 4 86374 86375 86784 86719
65371 7573 7168 3 86377 86378 86473
65372 6343 6052 4 86379 86380 87568 87231
65373 5975 6343 6 86379 86381 87158 87570 87569 87232
65374 7578 7417 4 86382 86383 86430 86436
65375 6814 6594 5 86386 86387 86464 87107 87108
65376 7709 7640 6 86388 86389 90036 90037 98463 98429
65377 6575 6486 7 86392 86393 87670 86863 86862 87606 87607
65378 6575 6559 6 86393 86394 87672 87677 88024 87671
65379 6560 6486 6 86395 86392 87669 87156 87155 87754
65380 6560 6575 5 86392 86394 87341 87342 87634
65381 6237 6321 7 86396 86397 88151 90561 91912 91913 87968
65382 6237 6573 4 86397 86398 88102 88152
65383 6585 6321 6 86399 86396 87969 88082 87807 87809
65384 8616 8605 8 86400 86401 92869 93110 93111 99231 99229 98841
65385 8937 8605 7 86403 86400 98843 99215 99377 99363 98776
65386 8937 8616 4 86400 86402 99118 98842
65387 8909 8605 3 86401 86403 92870
65388 6784 6646 4 86405 86406 92890 92888
65389 6531 6646 5 86406 86407 87083 87082 88185
65390 6531 6910 6 86407 86404 99720 100361 100359 100358
65391 6531 6784 4 86404 86406 93188 93187
65392 7397 7295 5 86408 86409 86604 86601 86479
65393 6637 6271 4 86412 86410 86978 87643
65394 10070 9843 6 86416 86417 103298 103132 103133 107227
65395 9944 9843 5 86419 86416 94854 94856 108228
65396 9944 10070 4 86416 86418 104287 107228
65397 10141 9843 5 86417 86419 108231 103848 103300
65398 8560 8768 5 86420 86421 98271 93601 93602
65399 8477 8768 4 86422 86420 98847 98649
65400 7151 7166 5 86423 86424 86949 86948 86799
65401 7166 7044 6 86423 86425 86583 86451 86453 86454
65402 6958 7166 3 86429 86426 86453
65403 7163 7166 5 86427 86429 86454 86799 86938
65404 7304 7339 5 86433 86434 86668 86959 86930
65405 7438 7690 4 86438 86439 86663 86497
65406 7417 6958 5 86441 86442 86449 86516 87456
65407 6746 6708 5 87449 86447 86448 87586 -1
65408 6746 6560 4 86448 86446 87452 87451
65409 7044 7260 3 86451 86452 86582
65410 6801 6645 7 86456 86457 89357 87012 86815 86814 89207
65411 6801 6462 5 86457 86458 89603 89430 89356
65412 6832 6462 5 86458 86459 89432 89348 89349
65413 6832 6645 4 86459 86456 89481 89448
65414 6832 6801 8 86456 86458 89604 88417 88416 89465 89467 89594
65415 6462 6645 5 86457 86459 89447 89240 89239
65416 7324 7417 4 86461 86462 86908 86931
65417 7320 7324 4 86460 86462 86909 86932
65418 6814 6525 5 86464 86465 86987 86988 89206
65419 7306 7586 5 86466 86467 87966 100267 100285
65420 7088 7586 4 86468 86466 100026 100025
65421 5748 5905 5 86469 86470 91995 91994 92511
65422 5739 5905 5 86472 86469 88136 88137 88348
65423 5874 5905 6 86470 86472 88835 92096 91861 91859
65424 7459 7156 4 86474 86475 87651 86493
65425 8063 8041 4 86477 86478 98343 92680
65426 8063 7974 4 86478 86476 86685 86684
65427 7948 7833 7 86480 86481 93405 93610 93608 93469 93327
65428 7130 7197 7 86482 86483 92793 92874 92837 92830 88010
65429 7421 7197 6 86483 86484 93056 88001 88002 92711
65430 6746 6637 4 86488 86489 87453 87141
65431 7459 7443 7 86492 86493 87652 87887 99071 98995 86517
65432 7156 7443 4 86493 86494 86533 86535
65433 7737 7615 4 86495 86496 86693 86692
65434 7647 7443 4 86499 86500 86893 98964
65435 7573 7515 3 86501 86498 86914
65436 7443 7515 5 86499 86501 86913 87555 99078
65437 6645 6779 4 86503 86504 89426 86760
65438 6645 6948 3 86504 86502 89425
65439 7147 7207 3 86506 86507 86656
65440 7151 7147 10 86505 86507 86655 88766 87774 86806 86796 86795 86957 86961
65441 7200 6841 5 86508 86509 86979 86983 87000
65442 8197 8199 6 86518 86520 98550 98549 98642 98573
65443 8630 8554 5 86521 86522 98643 98647 98648
65444 7085 7388 4 86525 86526 89691 86824
65445 7256 7257 5 86527 86524 89614 98481 98320
65446 7256 7085 6 86524 86526 87026 87025 89441 89439
65447 7388 7257 4 86525 86527 98319 86826
65448 7459 7202 3 86529 86530 87916
65449 6759 6789 4 86538 86537 87525 87599
65450 7144 7343 5 86539 86540 87731 87920 87802
65451 8033 8222 4 86541 86542 98623 98578
65452 8033 7955 5 86542 86543 98624 98621 98622
65453 8143 7955 4 86543 86544 98888 98626
65454 7530 7850 6 86545 86546 88011 86929 86927 98914
65455 7393 7618 8 86548 86549 90244 89617 89615 89668 89863 89864
65456 7393 7481 6 86547 86548 89974 89973 89868 89869
65457 8065 8230 6 86552 86553 87689 87686 98339 86832
65458 8065 7780 4 86553 86550 98612 99047
65459 8065 7927 6 86550 86552 86831 98522 92073 92075
65460 8230 7780 5 86551 86553 99048 99027 98564
65461 6867 6830 3 86554 86555 87941
65462 6841 7127 4 86556 86557 86979 86984
65463 6841 6867 7 86554 86556 87307 87135 87137 88351 89150
65464 7127 6830 5 86555 86557 86793 86792 87005
65465 7266 7250 7 86560 86561 86657 86998 87073 87109 86910
65466 8810 8390 4 86562 86563 99504 90086
65467 8810 8466 5 86563 86564 92676 99552 99503
65468 8651 8466 4 86564 86565 93428 92677
65469 8651 8390 6 86565 86562 90087 90202 98855 99157
65470 8651 8810 5 86562 86564 92675 93518 90085
65471 7684 8482 3 86567 86566 -1
65472 7528 7652 6 86568 86570 86711 86665 86666 86613
65473 7147 7256 7 86571 86572 89469 89768 86797 86795 86958
65474 6569 6421 7 86573 86574 89083 89526 90730 90732 89281
65475 6569 6294 3 86574 86575 89084
65476 6425 6421 3 86576 86573 89283
65477 8157 7955 4 86577 86578 98933 98181
65478 7402 7530 5 86580 86581 99067 99051 98409
65479 7260 7578 3 86585 86584 86688
65480 8307 8219 4 86587 86588 98428 98641
65481 8482 8495 5 86589 86586 98535 98534 98571
65482 8482 8307 5 86586 86588 90234 90233 98551
65483 8076 8317 4 86592 86593 99045 98832
65484 8076 8180 7 86593 86594 99044 99037 98917 98916 99001
65485 8180 8317 5 86593 86595 98752 98766 98959
65486 8173 8033 6 86596 86598 98315 98635 98629 98338
65487 7272 7295 4 86601 86602 86620 86622
65488 7690 7200 3 86606 86608 86720
65489 6856 7127 6 86609 86610 86918 86917 89096 89433
65490 7151 6856 3 86609 86611 89434
65491 7304 7324 5 86618 86619 86909 86908 86930
65492 9358 9288 4 86623 86624 103280 103209
65493 8041 8230 8 86626 86627 93028 92680 92678 92752 99027 92804
65494 8041 8190 4 86625 86626 92803 99025
65495 8145 8008 5 86629 86630 98961 98608 98609
65496 7832 7993 4 86632 86633 98329 98330
65497 9926 10140 4 86634 86635 112290 103169
65498 10156 10140 5 86635 86636 112450 103015 103016
65499 8563 8636 5 86638 86639 97808 98985 98194
65500 8541 8308 4 86640 86641 99451 93162
65501 8207 8222 4 86643 86644 98886 98887
65502 7955 8412 4 86645 86642 98181 98182
65503 7955 8207 6 86642 86644 98888 86766 86765 98933
65504 5560 5777 5 86649 86650 87375 87378 87788
65505 6926 6782 7 86651 86652 87011 89649 89650 89655 87053
65506 6926 6645 5 86652 86653 88354 86813 86815
65507 6835 6782 4 86654 86651 87055 87075
65508 6835 6926 5 86651 86653 88715 88714 87054
65509 6645 6782 5 86652 86654 87076 88705 87012
65510 7250 7127 4 86659 86657 86968 86667
65511 6138 6166 6 86661 86662 88687 88432 88433 88647
65512 6138 6434 5 86662 86660 88624 88297 88296
65513 6481 6784 8 86670 86671 99799 100207 100210 100679 100689 100686
65514 6481 6442 4 86671 86672 99729 99730
65515 6199 6784 4 86673 86670 87605 87604
65516 6199 6481 5 86670 86672 93387 92900 92902
65517 6442 6784 6 86671 86673 100131 99719 93187 93189
65518 7007 6828 4 86674 86675 89778 89777
65519 6835 6828 6 86675 86676 87335 87088 87055 87054
65520 7724 7617 5 86678 86679 98450 98451 98452
65521 7041 7295 4 86681 86682 86837 89242
65522 7050 7043 4 86683 86680 87811 86895
65523 7050 7041 5 86680 86682 86836 89751 87810
65524 7295 7043 5 86681 86683 86894 87008 89243
65525 8063 8110 7 86684 86686 90188 98557 90148 90147 98343
65526 7347 7337 3 86689 86691 86830
65527 7256 7119 6 86696 86697 87143 89441 89769 86797
65528 7256 7151 4 86694 86696 86795 86898
65529 6131 6139 3 86701 86698 86873
65530 6117 6139 5 86699 86701 87464 87462 87391
65531 8667 8685 6 86703 86704 99152 99153 98927 90096
65532 8637 8667 5 86702 86704 99166 99165 94047
65533 6964 6803 6 86707 86708 92040 90650 89888 89172
65534 6964 6869 6 86708 86709 89788 89786 90600 92039
65535 7019 6869 5 86709 86710 90678 90209 89939
65536 6600 6318 6 86713 86714 87860 87861 87795 87172
65537 6594 6801 6 86715 86712 87108 87131 88417 89602
65538 6594 6600 4 86712 86714 88437 87107
65539 6318 6801 5 86713 86715 89601 89430 87173
65540 7714 7566 6 86717 86719 86783 86781 86780 98490
65541 6807 6644 6 86722 86723 89656 89684 89659 87030
65542 10852 11047 8 86724 86725 112229 111884 108435 100105 100106 110950
65543 10852 11149 6 86725 86726 107804 112488 112440 112263
65544 10832 11047 6 86727 86724 110952 111232 108902 107658
65545 10832 10852 5 86724 86726 107803 112458 110951
65546 11149 11047 5 86725 86727 107659 111760 111761
65547 8630 8373 3 86728 86729 98221
65548 8780 8477 3 86730 86731 89461
65549 9161 8849 5 86739 86740 102987 102846 102673
65550 8938 9161 7 86738 86740 102631 102630 103196 103099 103100
65551 8849 9030 5 102674 86739 86741 99593 -1
65552 8067 7868 5 86742 86743 98517 98511 86761
65553 7967 7868 4 86745 86742 86763 98493
65554 7861 7868 4 86743 86745 98448 98449
65555 8611 8490 7 86750 86751 98770 99379 99382 99455 97893
65556 8611 8530 7 86751 86752 98290 99221 99222 93109 93112
65557 8190 8490 5 86753 86750 97895 97258 93425
65558 8190 8611 3 86750 86752 97894
65559 8530 8490 4 86751 86753 93424 98771
65560 7986 7868 6 86763 86761 98437 95719 95718 98468
65561 7986 8067 4 86761 86762 86764 98510
65562 8207 7849 5 86766 86767 99042 98440 98443
65563 7849 7635 4 86768 86769 89914 98637
65564 7808 7635 5 86770 86768 98570 98507 92995
65565 8033 7993 5 86774 86775 97736 97737 98312
65566 8087 7996 5 86776 86773 98519 98436 98394
65567 8087 8033 4 86773 86775 87929 87927
65568 7993 7996 5 86774 86776 98393 98329 98328
65569 7566 7861 5 86779 86780 98491 93363 93362
65570 6585 6823 5 86787 86788 92010 92011 92945
65571 6864 6948 8 86790 86791 89893 86828 86827 89425 89490 89424
65572 6948 7094 4 86789 86791 89884 89776
65573 7151 7163 5 86798 86799 86947 86953 87779
65574 8478 8317 4 86802 86803 98283 98286
65575 8552 8277 5 86804 86805 93141 98923 98948
65576 8552 8317 3 86805 86802 93140
65577 8552 8478 6 86802 86804 98967 98765 98764 99120
65578 6889 7151 5 86806 86807 89687 89621 87773
65579 6659 6578 5 86808 86809 89540 89323 89321
65580 6505 6578 6 86809 86810 89459 88367 88368 89584
65581 6578 6859 4 86808 86810 89504 89505
65582 7085 7043 5 86811 86812 89691 87026 87024
65583 6645 7007 4 86813 86814 87748 87747
65584 7094 7281 5 86816 86817 86905 86887 86881
65585 6973 7094 5 86816 86818 89772 89715 86882
65586 7410 7466 4 86821 86822 89967 97083
65587 7326 7466 8 86822 86823 90335 90482 90478 90287 90154 89969
65588 7388 7094 7 86824 86826 97213 86926 86886 86883 88386
65589 7275 7136 9 86834 86835 90700 89822 89821 89903 89700 88628 88629
65590 7275 7376 7 86835 86833 89849 89985 88409 86875 86876
65591 7275 7360 3 86833 86834 89848
65592 6396 6413 4 86838 86839 87105 87106
65593 6741 6656 7 86843 86844 90359 90362 91946 91374 91375
65594 6741 6927 5 86844 86845 91305 91306 91338
65595 6609 6927 7 86845 86846 91813 91814 91955 92217 91980
65596 6609 6656 7 86846 86843 91186 91185 91833 91832 91834
65597 6927 6656 4 86844 86846 91830 91550
65598 6600 6765 5 86849 86850 89462 89598 89140
65599 6830 6765 5 86850 86851 87005 87941 89463
65600 8618 8644 5 86852 86853 98786 98253 98254
65601 8618 8637 5 86853 86854 98307 98308 99279
65602 8735 8644 3 86855 86852 98236
65603 8637 8644 5 86853 86855 94049 94047 99167
65604 7522 7459 5 86858 86859 99094 99100 99071
65605 7715 7459 5 86859 86860 98567 92863 92862
65606 7715 7732 5 86860 86857 92877 92878 98789
65607 7459 7732 4 86858 86860 98978 98995
65608 7041 6814 6 86864 86865 89405 89501 89544 89545
65609 7157 6814 5 86867 86864 89600 87180 87037
65610 7157 7041 3 86864 86866 89599
65611 7230 6814 3 86865 86867 87038
65612 7780 7804 3 86869 86870 87020
65613 7870 7913 4 86871 86868 98340 89799
65614 7804 7913 6 86869 86871 89798 92985 92987 93113
65615 7376 6949 4 86874 86876 90376 89833
65616 6812 6632 5 86878 86879 89520 90712 90818
65617 6584 6651 7 86880 86877 89176 89264 90813 90816 90839
65618 6584 6812 4 86877 86879 89518 89175
65619 6632 6651 3 86878 86880 90838
65620 7388 7041 4 86883 86885 89242 88385
65621 7230 7094 4 86884 86886 86906 86887
65622 6859 7116 4 86890 86888 87938 87936
65623 7527 7166 4 86891 86892 86938 86948
65624 7033 7050 6 86895 86896 89712 89647 89648 89782
65625 7295 7033 3 86894 86896 87007
65626 7500 7151 5 86897 86898 86957 86956 86954
65627 6994 6862 5 86899 86900 90462 90465 92981
65628 6994 6792 6 86900 86901 92099 92097 93030 93066
65629 8230 7870 7 86902 86903 92751 92752 99048 87689 87687
65630 8230 8063 5 86903 86904 90147 92680 92679
65631 7400 7094 7 86905 86906 86926 97212 89847 89820 87635
65632 7281 7400 7 86905 86907 89483 89760 89770 87839 87636
65633 6765 6757 4 86915 86916 86995 87050
65634 6765 6856 5 86916 86917 89095 89298 86996
65635 7127 6765 5 86915 86917 87942 87005 87004
65636 6856 6757 5 86916 86918 87071 87405 86997
65637 6766 6856 5 86920 86921 86997 86996 89300
65638 6856 6746 5 86919 86921 87405 87425 87049
65639 7400 7710 6 86922 86923 90029 89661 89662 89752
65640 7530 7780 6 86927 86928 98981 99067 99079 98913
65641 8393 8173 5 86933 86934 98350 98560 98559
65642 8336 8173 5 86934 86935 98520 98524 98351
65643 7163 7527 5 86937 86938 86947 86941 86939
65644 7156 7527 4 86940 86941 86952 86942
65645 7527 7455 5 86942 86943 98391 86955 86951
65646 6375 6151 4 86945 86946 88806 89182
65647 6375 6178 4 86946 86944 88517 88516
65648 7151 7527 6 86947 86948 86950 86954 86951 86952
65649 7500 7147 4 86957 86958 86960 86962
65650 7438 7147 4 86961 86962 86969 86963
65651 6380 6235 3 86964 86965 89248
65652 6375 6182 4 86966 86967 88169 88517
65653 6102 6166 4 86971 86972 88466 88433
65654 6131 5798 3 86974 86975 87040
65655 6757 6271 3 86978 86976 87188
65656 7129 6988 7 86980 86981 87873 87907 87906 87905 87841
65657 6988 6957 3 86980 86982 87060
65658 7266 7200 3 86985 86983 86998
65659 7266 6841 8 86983 86984 87307 87306 89076 87102 87100 87073
65660 6814 6754 4 86986 86987 88755 89610
65661 6496 6814 4 86986 86988 89596 89612
65662 7337 7198 3 86989 86990 86992
65663 7250 6841 3 86999 87000 87073
65664 7393 7384 3 87002 87003 89869
65665 7256 7043 4 87008 87006 87026 89757
65666 7256 7033 6 87006 87007 89712 89768 89769 87025
65667 6248 6092 7 87013 87014 87304 87303 87268 87269 87241
65668 6259 6182 6 87015 87016 87424 87292 87293 87309
65669 6259 6248 6 87013 87015 87308 87230 87229 87242
65670 6505 6597 5 87018 87019 89581 88751 88561
65671 7780 7639 6 87020 87021 99049 99009 99007 99065
65672 6559 6737 4 87022 87023 87673 87672
65673 7119 6835 3 87027 87028 89607
65674 6644 6828 4 87030 87031 87088 87334
65675 6828 6782 5 87029 87031 87055 87053 87125
65676 7327 6957 4 87034 87035 87899 87898
65677 6814 6842 8 87037 87038 89405 89503 87132 87118 87119 87179
65678 7157 6842 7 87039 87037 87181 89494 89075 89077 89628
65679 7230 6842 4 87038 87039 89634 89406
65680 7421 7499 8 87041 87042 100273 87047 87046 92794 92711 87864
65681 7356 7421 4 87045 87046 87979 87978
65682 7499 7427 5 87047 87044 99711 99710 100272
65683 7421 7427 5 87045 87047 100271 99892 87986
65684 6958 6746 8 87449 87048 87049 87426 87455 87456 87622 -1
65685 6828 6926 6 87053 87054 89778 89779 89632 89633
65686 6988 6944 7 87060 87061 87722 87700 87702 87706 87841
65687 6838 6957 5 87063 87064 89673 89674 89676
65688 6838 6800 9 87064 87065 89589 89592 89630 89683 88753 88754 89686
65689 7151 6838 8 87063 87065 89621 88767 88766 89435 89434 89678
65690 6830 6497 3 87066 87067 87115
65691 5441 6139 3 87069 87070 87099
65692 7044 6757 5 87071 87072 87077 87079 87499
65693 6757 7184 4 87077 87078 87080 87087
65694 7360 7429 4 87084 87085 89739 89907
65695 7336 7360 4 87084 87086 90043 89908
65696 5963 6405 5 87151 87095 87096 87466 -1
65697 6139 5975 5 87098 87099 87192 87470 87450
65698 7157 6841 3 87101 87102 89075
65699 6380 6248 4 87103 87104 87122 89552
65700 6380 6413 5 87104 87105 87128 87126 87123
65701 6396 6380 6 87103 87105 87186 87184 87796 89556
65702 6413 6248 4 87104 87106 87308 87124
65703 6943 6837 5 87110 87111 87113 89613 87117
65704 6837 7024 4 87112 87113 89635 89619
65705 6843 6837 3 87116 87117 89611
65706 6814 6837 7 87119 87120 89612 89610 89611 89613 89635
65707 6600 6842 4 87121 87118 87133 89595
65708 6837 6842 5 87119 87121 89495 89494 89619
65709 6380 6667 4 87127 87128 87186 87185
65710 6973 6801 4 87131 87130 89485 88416
65711 6782 6842 5 87133 87132 89650 88350 88352
65712 7050 6841 3 87135 87136 87306
65713 6842 6841 7 87136 87137 88352 89595 89495 89075 89076
65714 6842 6867 4 87137 87134 89627 88350
65715 6842 7050 7 87134 87136 89629 89628 89634 89751 89625
65716 5649 5749 3 87138 87139 87318
65717 5836 5649 6 87138 87140 87360 87226 87227 87317
65718 7206 7256 5 87142 87143 89439 89614 98480
65719 6108 5890 4 87145 87146 89184 88394
65720 5962 6108 6 87144 87146 89183 89210 88716 87273
65721 6486 6186 3 87156 87157 87567
65722 5741 5588 7 87165 87166 87351 87377 87278 87276 87340
65723 5382 5741 4 87165 87167 87221 87338
65724 6229 6209 5 87168 87169 88231 88232 88389
65725 6801 6380 5 87173 87171 89260 89357 89356
65726 5987 6050 4 87177 87175 89099 87248
65727 7024 6842 3 87181 87179 89619
65728 7157 7050 3 87182 87183 89628
65729 6150 6402 6 87189 87190 88215 88213 88212 88257
65730 6559 6402 3 87191 87189 87516
65731 6229 5955 4 87193 87194 88531 88208
65732 6229 5951 4 87194 87195 88548 88547
65733 6024 5955 5 87196 87193 88209 88479 88439
65734 6343 6115 4 87197 87198 87633 87570
65735 6655 6708 3 87199 87201 87207
65736 5858 5771 8 87208 87209 88640 88132 88130 88964 87447 87448
65737 5858 5794 4 87209 87210 87413 87411
65738 5470 5771 5 87211 87208 88442 88532 87421
65739 5794 5771 5 87209 87211 87420 88421 88419
65740 5892 6167 4 87213 87214 88685 88402
65741 5794 5814 6 87215 87212 88515 88696 87413 87414
65742 5794 5892 6 87212 87214 88851 88850 88565 88514
65743 5836 6112 3 87216 87217 87249
65744 5741 5492 6 87223 87224 87339 87276 87277 87332
65745 5836 5641 3 87228 87226 87348
65746 6125 6343 4 87231 87232 88501 87858
65747 6125 5975 5 87232 87233 87526 88176 88177
65748 5724 5727 3 87234 87235 87392
65749 5642 5595 5 87243 87244 87460 87492 88434
65750 5643 5794 3 87247 87245 88565
65751 5643 5779 7 87245 87246 88712 88711 88710 88721 88718
65752 5650 5936 5 87252 87253 87500 87501 87486
65753 6033 5788 3 87258 87259 89102
65754 6916 7003 5 87260 87261 90854 90855 90824
65755 6916 7139 5 87261 87262 90836 90874 90913
65756 6982 6916 5 87260 87262 90837 90856 90825
65757 7139 7003 7 87261 87263 90758 90748 88985 88987 90857
65758 6285 6298 7 87264 87265 88972 88970 88731 88732 89011
65759 6123 6298 4 87267 87264 89013 89249
65760 6123 6285 4 87264 87266 91268 89012
65761 6050 6240 5 87270 87271 87274 87294 87321
65762 6074 6108 5 87272 87273 88717 89054 89158
65763 5741 5560 7 87277 87278 87378 87790 88832 87327 87328
65764 6400 6560 5 87279 87280 87289 87290 87451
65765 6540 6560 5 87282 87279 87452 87343 87342
65766 6033 6211 5 87285 87286 89024 89237 87288
65767 6178 6211 7 87286 87287 88631 87850 87852 88516 88805
65768 6178 5892 4 87287 87284 87535 87534
65769 6178 6033 5 87284 87286 89025 89211 89213
65770 5729 5836 8 87296 87297 87358 87360 87348 87349 87350 87356
65771 6248 5987 4 87300 87301 87303 87310
65772 6651 6589 3 87313 87311 89254
65773 5712 5912 9 87316 87314 89068 89052 88691 88693 89154 88651 88650
65774 5788 5912 3 87315 87316 88959
65775 6042 6050 4 87319 87320 87322 87321
65776 5741 5576 4 87323 87324 87327 88322
65777 5741 5554 4 87324 87325 87332 87328
65778 5788 5576 3 87326 87323 88324
65779 5724 6052 4 87330 87331 88528 87495
65780 5646 5724 4 87329 87331 88520 87406
65781 6800 6828 5 87334 87335 89591 89592 89631
65782 6800 6644 6 87333 87334 89659 89683 89493 88682
65783 5741 5417 4 87337 87338 87340 87339
65784 6963 7241 6 87345 87346 87719 87717 89567 89568
65785 5729 5741 5 87350 87351 87372 87352 87353
65786 5729 5987 3 87353 87354 87356
65787 5979 5741 4 87355 87352 87373 88708
65788 5832 5729 3 87357 87358 87359
65789 6135 6074 3 87363 87361 87750
65790 5814 5576 7 87366 87367 88324 88322 88375 88373 88515
65791 5741 5777 5 87372 87373 87789 87378 87377
65792 5777 5588 4 87374 87375 87377 87376
65793 5416 5601 5 87379 87381 88896 88915 88843
65794 5782 5902 7 87383 87384 91110 88906 88907 91149 91529
65795 5782 6116 3 87382 87383 91496
65796 6486 6099 4 87386 87387 88454 88453
65797 5911 6139 4 87390 87391 87463 87450
65798 6596 6597 8 87399 87398 88729 88730 92968 87712 87711 87758
65799 6167 6125 4 87400 87401 88786 88638
65800 6250 6125 4 87403 87400 87473 87475
65801 6250 6167 7 87400 87402 88465 88464 87871 87870 88639
65802 6020 5987 4 87409 87410 88871 89212
65803 5814 5933 5 87412 87414 88390 88422 87528
65804 5779 5865 5 87416 87417 88665 88710 88797
65805 5823 5865 5 87417 87418 88445 88444 88493
65806 5823 6099 5 87418 87415 88792 88521 88499
65807 5726 5771 3 87420 87421 88785
65808 6746 7417 5 87422 87423 87456 87621 -1
65809 6746 7044 4 87425 87426 87624 87499
65810 5604 5642 6 87427 87428 88308 88306 88434 88435
65811 5604 5646 3 87428 87429 88448
65812 5497 5646 6 87429 87430 87441 87434 87433 88449
65813 5650 5695 4 87431 87432 87486 87544
65814 5646 5360 5 87434 87435 87482 87480 87442
65815 6105 6171 4 87436 87437 88609 89308
65816 6171 6123 7 87436 87438 88679 91316 91269 89012 89013
65817 6402 6506 3 87439 87440 87641
65818 6082 6289 5 87443 87445 88160 88495 88510
65819 5858 5636 3 87446 87447 88919
65820 5533 5858 7 87446 87448 88441 88246 88245 88954 88920
65821 6139 6115 6 87458 87459 87462 87463 87470 87632
65822 5724 5595 5 87460 87461 87547 87548 87490
65823 5650 6023 3 87469 87467 87496
65824 5650 6058 6 87467 87468 87500 87485 87483 87530
65825 5975 6115 9 87470 87471 87472 87476 87704 88176 87571 87570 87631
65826 6125 6235 5 87473 87474 88540 88539 88638
65827 5975 6020 3 87476 87477 87703
65828 6071 6058 5 87483 87484 87565 87616 87553
65829 5721 5622 6 87487 87488 88359 88483 88468 88242
65830 5721 5418 3 87488 87489 88240
65831 5865 5642 5 87491 87492 88306 88307 88500
65832 5595 5865 8 87490 87492 88364 88365 88444 88446 88535 88543
65833 6052 6023 7 87495 87496 87529 88259 88489 88513 88530
65834 6545 6559 3 87505 87507 87603
65835 6791 7301 3 87509 87510 90714
65836 7199 7003 6 87511 87508 90925 88986 88985 90747
65837 7301 7003 6 87509 87511 90749 90761 90750 90715
65838 5656 5622 3 87514 87512 88202
65839 6603 6402 9 87515 87516 88257 88054 87648 87642 87641 87521 87520
65840 6402 6789 3 87517 87518 87520
65841 6695 6603 3 87521 87522 87692
65842 6988 6984 5 87523 87524 87715 87905 87706
65843 5975 6067 7 87527 87526 87704 87703 88812 88819 88815
65844 6052 6058 5 87529 87530 87553 87618 88258
65845 6603 6468 5 87531 87532 88188 88189 87602
65846 5892 6067 10 87533 87534 88630 88685 88851 88719 88720 88874 88860 88856
65847 6020 5892 6 87533 87535 89214 88871 88481 88480
65848 6006 6153 6 87537 87538 87581 87579 87798 87799
65849 6006 5936 6 87538 87539 88021 88020 88248 88250
65850 5724 5695 3 87544 87545 87546
65851 5937 5595 4 87548 87549 88269 88543
65852 5622 5595 4 87550 87551 88227 87679
65853 5595 5769 7 87550 87552 88269 88535 88487 88486 87680
65854 7515 7329 4 87554 87555 99070 98423
65855 6708 5968 3 87557 87558 -1
65856 6708 7731 3 87559 87560 -1
65857 5677 5721 4 87562 87563 88463 88462
65858 6195 5975 3 87571 87569 88177
65859 6468 6058 7 87575 87576 87580 88182 87618 87616 87578
65860 6153 6058 3 87576 87577 87581
65861 6006 6468 4 87579 87580 88180 88188
65862 6006 6058 5 87580 87581 88250 88190 88181
65863 5715 5292 8 87582 87583 100310 92555 92554 100602 100242 100241
65864 7828 7881 3 87587 87588 97859
65865 6024 6150 5 87592 87593 88436 88230 88233
65866 6040 6006 5 87594 87591 87663 87662 87598
65867 6150 6006 8 87592 87594 87597 88181 88180 88187 88212 88211
65868 6270 5936 5 87595 87596 87628 87629 -1
65869 6023 6006 5 87597 87598 88249 88248 88190
65870 6575 6343 3 87607 87608 87634
65871 6545 6674 4 87612 87613 87614 87619
65872 6468 6071 3 87615 87616 87617
65873 6746 7731 3 87621 87622 -1
65874 5946 5837 3 87627 87625 90684
65875 6270 5695 3 87629 87630 -1
65876 6115 6270 4 87631 87632 87638 87633
65877 5625 5510 3 87639 87640 88051
65878 6400 6637 3 87643 87644 87645
65879 6182 6644 3 87646 87647 89171
65880 7129 7459 9 87651 87652 87661 87660 87915 87916 87909 87902 87763
65881 5828 6032 5 87653 87654 88575 89022 88569
65882 5910 6062 3 87655 87656 91482
65883 5910 6032 8 87656 87653 88571 91474 92364 91309 91308 91481
65884 5910 5828 5 87653 87655 91497 91190 88570
65885 6062 6032 7 87654 87656 91479 91465 89371 89370 88576
65886 7375 7129 5 87659 87660 87999 87998 87948
65887 7547 7505 5 87664 87665 92918 99074 92111
65888 5790 5751 5 87667 87668 89141 89153 89136
65889 6575 6571 4 87670 87671 87880 87859
65890 6984 7129 4 87675 87676 87905 87904
65891 5622 5590 4 87678 87679 88266 88359
65892 5590 5769 3 87678 87680 88484
65893 6673 6611 10 87681 87682 92753 92827 92760 92744 92745 92742 88205 88203
65894 6673 6625 4 87682 87683 92725 92726
65895 6524 6611 3 87684 87681 92757
65896 6625 6611 4 87682 87684 92066 92067
65897 8047 8230 4 87686 87687 98237 98238
65898 8065 7870 4 87688 87689 99047 98340
65899 7044 6955 3 87690 87691 87708
65900 7354 7270 4 87695 87696 90629 90419
65901 7354 6949 4 87696 87693 90350 90694
65902 7270 6949 4 87694 87696 90716 88978
65903 6944 6810 9 87700 87701 87997 87728 87729 87815 87814 87726 87721
65904 6944 6789 4 87701 87702 87707 87993
65905 6984 6944 4 87706 87707 87992 87904
65906 6718 6596 4 87712 87713 87821 92754
65907 7165 6963 4 87716 87717 92006 92923
65908 7165 7241 4 87717 87718 90000 92005
65909 7327 6963 3 87719 87716 87800
65910 7327 7165 8 87716 87718 89999 92094 99101 91456 91457 92922
65911 7194 7254 4 87725 87723 89933 89934
65912 7194 7108 7 87723 87724 90764 90762 90989 90377 90378
65913 6977 6944 4 87728 87730 87973 87994
65914 7343 6984 4 87732 87731 87737 87736
65915 7357 6984 4 87733 87735 87737 87919
65916 7234 7165 6 87738 87739 87987 91456 99103 92807
65917 7189 7014 6 87740 87741 92122 90648 89853 89852
65918 7189 7165 5 87741 87738 92802 90005 90002
65919 7189 7234 5 87738 87740 90119 89894 89896
65920 6864 6645 8 87748 87749 89491 89425 89426 89478 89481 89207
65921 6864 6956 4 87749 87746 89424 89660
65922 6645 6956 6 87747 87749 89115 87931 87930 88354
65923 6207 6459 3 87752 87753 88042
65924 6207 6524 5 87751 87752 88041 88557 89263
65925 7355 7393 6 87757 87755 89497 89668 89865 89860
65926 7096 7393 3 87756 87757 89861
65927 6832 6663 6 87760 87761 88827 89418 89604 89349
65928 6663 6779 7 87760 87762 90739 89057 89058 89444 89350
65929 6964 7267 6 87765 87766 88236 88234 90624 90636
65930 7216 7019 4 87767 87764 90620 90670
65931 7216 6964 4 87764 87766 90356 90619
65932 7267 7019 5 87765 87767 90671 90675 90637
65933 6718 6906 4 87772 87770 90699 87821
65934 6718 6938 4 87770 87771 88676 90698
65935 7151 6828 3 87773 87774 88767
65936 6167 6235 4 87776 87777 88639 88638
65937 6211 6235 8 87777 87778 87850 87849 88168 89588 88704 88703
65938 6211 6067 4 87778 87775 88630 88631
65939 6211 6167 7 87775 87777 87870 87869 88511 88403 88402
65940 6235 6067 6 87776 87778 88787 88784 88541 88539
65941 6737 7156 3 87782 87783 87784
65942 6280 6398 5 87785 87786 88777 88782 88783
65943 6505 6398 6 87786 87787 88635 89585 88368 88369
65944 6398 6345 5 87785 87787 88634 88763 88764
65945 5892 5777 6 87788 87789 88482 88480 88856 88497
65946 5892 5741 6 87789 87790 88847 89026 88873 88708
65947 5560 5892 5 87788 87790 88372 88374 88498
65948 6795 6321 5 87791 87792 90543 87806 87807
65949 6706 6321 4 87794 87791 88082 88081
65950 6706 6795 6 87791 87793 91472 90315 90316 88459
65951 6006 6603 5 87797 87798 88188 88187 88054
65952 7387 7195 4 87801 87803 99688 87951
65953 6599 6540 5 87804 87805 88578 88577 88558
65954 6795 6585 5 87807 87808 88376 92010 88459
65955 6543 6585 3 87808 87809 88377
65956 6926 7050 6 87810 87811 89782 89632 89626 89625
65957 7274 7329 7 87816 87817 87895 89452 89451 99105 87956
65958 6752 6985 3 87819 87820 88023
65959 6977 6752 4 87822 87823 87876 87878
65960 6227 6578 3 87829 87830 88610
65961 6468 6150 5 87831 87832 88182 88180 88189
65962 5533 5625 5 87833 87835 88699 88698 88973
65963 7079 6896 3 87836 87838 92759
65964 7400 7296 4 87839 87840 89797 89771
65965 6175 6462 4 87844 87845 89320 89196
65966 6245 6462 6 87846 87844 89198 89412 89199 88867
65967 6235 6178 3 87850 87851 88787
65968 6182 6211 3 87852 87849 88169
65969 7131 6833 3 87854 87855 92638
65970 6994 7131 6 87853 87855 90463 90462 93066 93037
65971 6833 7124 8 87854 87856 92911 92127 92126 93104 93219 92639
65972 6525 6600 4 87860 87862 89206 88437
65973 6496 6318 5 87861 87863 89064 88678 88587
65974 7401 7628 6 87865 87866 95301 95190 95045 91774
65975 7401 7245 6 87866 87867 88153 95037 95048 95311
65976 6992 7245 6 87867 87868 92574 92572 94927 88155
65977 6992 7628 4 87868 87865 91775 94631
65978 6992 7401 4 87865 87867 88154 91773
65979 7245 7628 5 87866 87868 94630 94671 95297
65980 6280 6250 5 87871 87872 88683 88684 88749
65981 6280 6167 4 87869 87871 88793 88822
65982 6250 6211 3 87870 87872 88703
65983 6695 6978 3 87879 87877 88060
65984 6957 6906 3 87881 87882 87955
65985 6959 7267 4 87883 87884 88237 88236
65986 6959 7136 4 87884 87885 87965 87963
65987 7216 7136 5 87885 87886 90045 89904 89793
65988 7547 7721 6 87892 87890 99058 99061 93158 93157
65989 7119 7274 5 87893 87894 87895 89456 90026
65990 7165 7109 5 87900 87901 87988 87987 91457
65991 7178 7129 5 87902 87903 87907 87908 87910
65992 7279 7129 4 87909 87910 87911 87921
65993 7144 6789 4 87913 87914 87995 87993
65994 7129 7202 4 87916 87917 87918 87921
65995 7357 7144 4 87919 87920 87923 87922
65996 6290 6230 7 87924 87925 88172 88174 88196 88197 92774
65997 6100 6290 3 87924 87926 92390
65998 8087 8291 3 87928 87929 98603
65999 8087 8307 7 87927 87928 97741 97740 90233 90232 98519
66000 7489 7257 3 87934 87935 90024
66001 6859 6913 5 87937 87938 89116 89117 89419
66002 6739 6578 3 87939 87940 89323
66003 6867 6765 8 87941 87942 89095 89624 88666 88668 89149 89150
66004 7940 7937 6 87945 87946 92876 93296 99064 99144
66005 7375 7144 3 87949 87950 87998
66006 6985 6944 3 87952 87953 87954
66007 7796 8027 4 87958 87959 89546 98633
66008 7249 7175 4 87960 87961 90583 90551
66009 6949 6959 5 87962 87963 88237 88235 89415
66010 6949 7136 8 87963 87964 90294 90295 90646 90700 90376 90375
66011 6913 7136 5 87964 87965 89793 89898 89899
66012 6913 6949 4 87962 87964 89380 89379
66013 7306 7816 5 87966 87967 100289 100286 100266
66014 6418 6321 5 87969 87968 92133 88438 88081
66015 7580 7039 5 87970 87971 99772 100416 100397
66016 7034 7039 5 87972 87970 100308 100307 100418
66017 6646 6290 4 87977 87975 88197 92761
66018 7247 7427 4 87985 87986 99891 100282
66019 7144 6944 6 87990 87991 87992 87993 87997 87994
66020 7144 6810 3 87995 87996 87997
66021 7356 7387 4 88007 88008 99688 100283
66022 7343 7427 7 88009 88006 89841 92854 99613 99754 100127
66023 7387 7427 5 88007 88009 100128 92681 92683
66024 10120 10416 5 88012 88013 102795 104328 104331
66025 10120 10291 7 88013 88014 108195 108197 107255 93208 93211
66026 10541 10291 7 88014 88015 106912 102364 102365 107379 107377
66027 10541 10416 6 88015 88012 108196 107520 107521 106910
66028 10541 10120 6 88012 88014 108190 107489 107486 108170
66029 10291 10416 4 88013 88015 106911 102796
66030 6689 6673 5 88018 88019 92726 92753 92709
66031 6689 6816 5 88019 88017 100324 92432 92434
66032 6752 6559 3 88024 88025 88026
66033 6963 6752 3 88027 88028 88046
66034 6784 7064 4 88030 88031 100664 100177
66035 7072 7064 4 88031 88032 100378 100665
66036 7072 6784 3 88029 88031 100663
66037 7064 6910 4 88030 88032 100375 100178
66038 6994 7148 4 88035 88033 93010 93002
66039 6524 6796 4 88037 88038 92764 88076
66040 6524 6963 6 88038 88039 88272 92973 89354 89355
66041 6963 6796 6 88038 88040 88062 88046 88045 92784
66042 6978 6796 6 88045 88047 88060 88056 88055 92765
66043 5306 5671 6 88052 88050 88842 88910 91518 88887
66044 6006 6402 4 88053 88054 88212 88210
66045 6796 6977 3 88056 88057 88058
66046 6796 6906 3 88062 88063 88064
66047 6165 6132 5 88065 88066 91618 93870 94469
66048 6165 5998 5 88066 88067 94424 94425 91619
66049 6381 5998 4 88067 88068 94431 94552
66050 6381 6165 6 88065 88067 94551 94526 91531 91530
66051 5998 6132 5 88066 88068 94203 94202 91620
66052 7465 7063 4 88077 88078 90692 92156
66053 7258 7220 4 88079 88080 92815 93027
66054 6585 6706 5 88082 88083 92944 92011 88459
66055 6322 6290 7 88084 88085 92761 92774 92390 92391 92599
66056 6858 7012 4 88086 88087 100942 100648
66057 6862 6439 4 88089 88090 90442 92708
66058 6134 6311 4 88091 88092 91920 91541
66059 6134 6295 5 88092 88093 91765 91764 91919
66060 6070 6295 3 88093 88094 91662
66061 6585 6635 5 88095 88096 90703 90704 92947
66062 6585 6341 5 88096 88097 88101 88103 90680
66063 6341 6635 5 88096 88098 89296 89295 91974
66064 6341 6573 4 88102 88103 90681 90772
66065 5618 5431 4 88105 88106 100214 100215
66066 5631 5618 5 88104 88106 100776 100775 100837
66067 6806 7092 3 88109 88110 99825
66068 6806 6734 7 88110 88111 100710 100563 100562 100517 100204
66069 7064 6734 4 88111 88112 100702 100711
66070 7064 6806 5 88109 88111 100139 100138 99826
66071 6734 7092 5 88110 88112 100700 93478 93477
66072 8458 7982 3 88114 88115 97676
66073 8458 8216 7 88115 88113 92110 97475 97165 97164 97675
66074 6831 6689 5 88116 88117 100327 92432 92433
66075 6831 6734 3 88117 88118 100334
66076 6928 6165 5 88120 88121 92159 91902 91900
66077 6165 6377 5 88120 88122 92314 94225 93319
66078 7074 6906 3 88124 88125 89664
66079 7165 7074 7 88123 88125 92006 92005 92933 92932 92952
66080 6349 6632 3 88128 88126 90784
66081 6349 6517 6 88126 88127 88641 89275 89311 90783
66082 6029 5771 4 88130 88131 88775 88979
66083 6000 5858 4 88132 88129 88918 88961
66084 6227 6029 3 88133 88134 89053
66085 5951 5905 3 88137 88135 88347
66086 5617 5296 4 88139 88140 92377 92378
66087 5583 5617 6 88138 88140 88427 88325 88327 92368
66088 6917 6769 6 88141 88143 90384 90741 90740 90370
66089 6121 6168 6 88144 88146 88934 88935 91491 88264
66090 6237 6189 5 88151 88152 89845 89843 90562
66091 7245 6942 5 88155 88153 92349 92350 95012
66092 8955 8471 6 88157 88158 95073 107926 107680 101841
66093 8246 8471 8 88158 88159 95371 93956 92058 92056 94699 94698
66094 8246 8955 4 88156 88158 95072 95058
66095 8471 9005 3 88157 88159 101807
66096 5945 5824 5 88162 88163 88228 88688 88966
66097 5561 5858 4 88164 88165 88954 88900
66098 5858 5824 6 88163 88165 88920 88919 88964 88229
66099 6375 6211 9 88169 88168 89587 88794 88795 89191 89181 88806 88516
66100 6120 6230 3 88170 88171 88172
66101 6219 6290 3 88173 88174 88194
66102 6058 6150 4 88181 88182 88258 88191
66103 6387 6230 4 88183 88184 88196 88186
66104 6646 6230 7 88184 88185 92890 92889 100074 92775 88197
66105 6603 6150 4 88189 88187 88257 88256
66106 6387 6120 3 88192 88193 88195
66107 5359 5674 3 88199 88200 92398
66108 6673 6322 4 88203 88204 92409 92756
66109 6673 6057 6 88204 88205 92743 92719 92720 92410
66110 6057 6322 6 88204 88206 88845 92673 92674 92411
66111 6209 6150 4 88213 88211 88233 88232
66112 6229 6150 6 88214 88215 88232 88230 88522 88523
66113 6229 6402 4 88215 88216 88265 88389
66114 6177 6168 5 88217 88218 88263 88264 91484
66115 5424 5709 5 88221 88219 90798 90800 91193
66116 5424 5782 9 88219 88220 91440 91439 91152 91153 91594 91183 90896
66117 6635 6659 5 88222 88223 89454 89583 89540
66118 6635 6718 4 88223 88224 92943 89455
66119 6029 5824 6 88228 88229 88979 88655 88654 88690
66120 6964 6949 5 88234 88235 90599 89786 89787
66121 6964 6959 7 88235 88236 90356 90023 89886 89888 90649
66122 7267 6949 7 88237 88234 90625 90350 89832 89833 90375
66123 6756 6243 7 88254 88255 94252 92773 92772 94249 100786
66124 5656 5589 3 88260 88261 92540
66125 6509 6524 8 88271 88272 92972 92046 92047 88557 88519 88509
66126 6093 5961 4 88273 88274 92429 92428
66127 6839 6654 7 88278 88279 93216 92706 92705 92473 92275
66128 6833 6839 4 88277 88279 93222 93102
66129 6229 6434 7 88285 88283 88310 88309 88722 88724 88728
66130 5769 5739 6 88290 88288 88329 88362 88425 88474
66131 6012 5904 7 88291 88292 91378 92408 92461 92400 88337
66132 6137 6138 6 88299 88296 88687 88947 88563 88496
66133 6137 6434 4 88296 88298 88309 88311
66134 7185 7158 3 88301 88302 92732
66135 7391 6968 3 88303 88304 90686
66136 6968 7158 9 88302 88304 90685 90437 90439 92998 93067 91972 91971
66137 5865 5604 4 88305 88306 88364 88357
66138 5643 5642 3 88307 88308 88450
66139 5933 6138 4 88316 88317 88947 88432
66140 5933 6000 7 88317 88318 88961 88942 88943 88950 88948
66141 5814 5741 6 88322 88323 88838 88837 88847 88832
66142 5814 5788 5 88323 88324 88752 88870 89104
66143 5617 5904 5 88326 88327 92427 92476 92408
66144 5583 5904 5 88327 88328 92077 92076 92359
66145 5583 5645 4 88328 88325 88428 92262
66146 5904 5645 5 88326 88328 88613 88612 91378
66147 6012 6321 5 88332 88331 88337 92375 90561
66148 6533 6315 7 88333 88335 88411 88410 92018 91411 91410
66149 6321 5904 4 88336 88337 92136 92108
66150 5811 5889 6 88340 88338 92389 92397 92527 92523
66151 6057 6418 6 88341 88342 92720 92490 92491 92529
66152 6045 5732 4 88344 88346 88930 88929
66153 5739 6097 4 88348 88349 88378 88379
66154 6841 6782 4 88351 88352 89597 89151
66155 6926 6956 3 88353 88354 88715
66156 5677 5865 5 88357 88358 88665 88493 88365
66157 5595 5677 4 88365 88366 88477 88494
66158 6327 6505 5 88367 88369 88747 88748 89446
66159 5560 5814 3 88375 88372 88832
66160 6152 5811 6 88381 88382 92495 91637 91636 92383
66161 7043 7388 5 88385 88386 89691 89757 89243
66162 5846 6105 4 88391 88392 88657 88660
66163 7074 6935 6 88395 88396 92939 92937 93226 92785
66164 7074 6978 3 88396 88397 90654
66165 6121 5972 4 88401 88398 88892 88934
66166 6121 5863 3 88398 88400 88584
66167 5617 5359 4 88406 88407 91373 88566
66168 6533 6479 4 88410 88412 90581 92007
66169 6991 7495 3 88415 88413 93143
66170 7378 7495 6 88414 88415 93144 94256 94331 94286
66171 6973 6832 6 88418 88416 89486 89442 88828 88827
66172 6594 6832 3 88417 88418 89418
66173 5933 5771 5 88419 88420 88940 88942 88640
66174 5739 5955 3 88424 88425 88470
66175 5510 5645 9 88428 88426 88826 90682 92260 92421 92420 92425 92261
66176 5510 5617 4 88426 88427 92377 88825
66177 5858 5790 5 88430 88431 88503 89265 88998
66178 5865 5955 5 88445 88446 88534 88479 88478
66179 5595 5955 4 88446 88447 88485 88487
66180 5595 5823 5 88447 88444 88494 88506 88491
66181 6037 6174 4 88458 88456 91294 91293
66182 6333 6174 6 88457 88458 91369 90357 90358 91234
66183 5677 5823 6 88461 88463 88505 88494 88493 88632
66184 5721 5739 5 88467 88468 88474 88470 88471
66185 5721 5955 6 88469 88470 88473 88485 88492 88944
66186 6082 5721 4 88469 88471 88472 88951
66187 5721 5769 5 88473 88474 88483 88484 88486
66188 5542 5667 5 88475 88476 88991 89131 91270
66189 5892 5979 4 88481 88482 88708 88872
66190 5721 5595 4 88485 88486 88490 88491
66191 6099 6052 3 88488 88489 88512
66192 6082 6138 4 88495 88496 88562 88686
66193 5790 5945 7 88502 88503 89204 89031 89029 89146 89130
66194 5823 5590 3 88505 88506 88507
66195 6509 6310 4 88518 88519 88556 88555
66196 6317 5706 5 88525 88526 89980 89981 94329
66197 6392 6317 6 88524 88526 92081 92080 92663 92660
66198 5865 5769 4 88534 88535 88545 88536
66199 6800 6599 6 88537 88538 88586 88585 88682 88558
66200 5937 5865 4 88542 88543 88545 88544
66201 7148 7158 4 88549 88550 90643 90644
66202 7258 7158 6 88551 88549 89569 88554 88552 89784
66203 7115 7158 6 88550 88551 89783 92936 90439 90436
66204 7258 7391 6 88553 88554 89571 92908 92982 92144
66205 6000 6137 3 88563 88564 88948
66206 5748 5388 7 88567 88568 92486 92485 92483 92272 92270
66207 5359 5748 5 88566 88568 92456 92398 92399
66208 5787 5910 4 88570 88571 88780 88778
66209 5787 6032 5 88571 88569 91459 92422 91473
66210 5787 5828 6 88569 88570 88700 88702 90809 90806
66211 6065 6032 4 88575 88576 88746 88744
66212 5863 5935 7 88580 88581 88877 88807 88808 88583 88584
66213 5910 5972 5 88582 88579 91497 91482 91481
66214 5910 5863 5 88579 88581 88779 88778 91190
66215 5935 5972 5 88580 88582 91485 88933 88892
66216 6763 6509 9 88591 88592 92929 92972 92961 92962 92966 92965 92970
66217 6596 6763 4 88591 88593 92754 92968
66218 5601 5284 3 88594 88595 88878
66219 5946 5913 4 88599 88597 91198 89023
66220 5946 6448 6 88597 88598 88923 88921 91751 91197
66221 6503 6080 6 88601 88602 94388 94625 92069 92068
66222 5814 6033 3 88603 88604 88837
66223 6615 6741 7 88605 88606 92021 90821 90733 90141 90140
66224 6615 6543 3 88606 88607 92020
66225 6544 6543 4 88607 88608 91755 91876
66226 6544 6741 5 88608 88605 91947 91374 91376
66227 6544 6615 8 88605 88607 89857 89856 92034 90509 89126 89125
66228 5645 5795 6 88613 88614 92423 92426 92261 92262
66229 6032 5795 7 88614 88615 90904 88745 88744 89022 91459
66230 6032 5645 6 88612 88614 92422 92365 92364 91379
66231 5515 5680 3 88616 88618 90135
66232 5625 5601 4 88619 88620 88915 88973
66233 6519 6333 7 88621 88622 90596 90597 91953 91836 90357
66234 6339 6333 5 88622 88623 91234 91233 91402
66235 6333 6544 3 88621 88623 90358
66236 6434 6398 5 88624 88625 89572 88635 88634
66237 7489 7136 7 88627 88628 89699 89870 89709 89710 89765
66238 7275 7489 4 88626 88628 89558 89557
66239 7136 7502 3 88627 88629 89766
66240 6434 6505 4 88633 88635 89582 88751
66241 6850 6939 5 88636 88637 90974 90977 91812
66242 6171 6517 6 88644 88645 90510 89311 89310 90785
66243 6171 6544 4 88645 88642 90133 90509
66244 6171 6519 4 88642 88644 92022 90132
66245 6517 6544 3 88643 88645 89126
66246 5912 5790 6 88649 88650 88959 89165 89152 89153
66247 5676 5790 5 88652 88649 89136 89128 88891
66248 5676 5912 5 88649 88651 89155 89074 89073
66249 5824 6105 4 88653 88654 88659 88657
66250 5972 5824 5 88653 88655 88980 88990 88994
66251 6029 6105 6 88654 88656 88866 88917 89101 88992
66252 5824 5846 5 88657 88658 89005 88993 88994
66253 5824 5965 6 88658 88659 88690 88688 89056 89004
66254 5659 5730 9 88661 88662 89111 91288 91252 88857 88858 89137 89069
66255 5659 5813 3 88662 88663 89110
66256 6765 6807 3 88666 88667 89640
66257 6062 6168 4 88670 88671 91467 91465
66258 6171 5972 3 88672 88669 88679
66259 6738 6859 4 88674 88675 89347 89365
66260 6739 6938 5 88676 88677 89090 89717 90696
66261 6105 5945 4 88681 88680 88996 89101
66262 6029 5965 3 88689 88690 88992
66263 5667 5515 3 88694 88695 88816
66264 7552 7400 8 88706 88707 89662 89753 89771 89770 89761 89719
66265 5892 5779 3 88718 88719 88850
66266 6434 6509 4 88723 88724 88727 88725
66267 6509 6597 5 88725 88726 89476 92970 88730
66268 6434 6596 3 88727 88728 88729
66269 6298 6425 5 88731 88733 89276 89279 89285
66270 6828 6838 5 88734 88735 88767 89590 89592
66271 7617 7602 5 88737 88738 90564 90580 90047
66272 7617 7415 6 88738 88739 98450 90508 90507 90563
66273 7682 7602 6 88740 88737 89736 89735 89955 89956
66274 7415 7602 5 88738 88740 89994 89993 90565
66275 6375 6462 5 88741 88743 89199 89411 89240
66276 8269 8215 5 88756 88757 93171 93174 97825
66277 8269 8024 3 88757 88758 98264
66278 8409 8024 7 88758 88759 98215 89750 89749 98439 98417
66279 8409 8215 4 88759 88756 93413 93412
66280 6943 6814 3 88768 88769 89613
66281 5771 5972 4 88776 88775 88980 88885
66282 5824 5863 6 88788 88789 88990 88993 89006 88968
66283 5824 5771 5 88789 88790 88964 88979 88980
66284 5636 5863 3 88791 88788 88865
66285 5863 6082 3 88799 88800 88808
66286 6135 5945 4 88802 88804 88996 88995
66287 6151 6211 4 88805 88806 89180 89024
66288 5777 6067 4 88812 88813 88856 88820
66289 5515 5833 5 88818 88816 88955 90778 89046
66290 5561 5833 5 88817 88818 89047 88967 88965
66291 5597 6067 4 88819 88820 88860 88821
66292 6170 6314 4 88834 88833 89066 91060
66293 5741 5891 3 88838 88836 89103
66294 5778 5833 5 88839 88840 89065 89047 89046
66295 5515 5671 4 88842 88841 91515 88911
66296 5416 5671 4 88844 88843 88916 88884
66297 6067 5794 3 88848 88849 88851
66298 5561 5778 4 88854 88852 88895 89047
66299 5667 5730 7 88859 88857 91253 91242 91244 91265 91270
66300 7620 7503 4 88861 88862 91031 91029
66301 7620 7989 6 88862 88863 96074 96823 96846 95672
66302 7989 7503 4 88862 88864 96699 95673
66303 5892 5987 4 88871 88872 88873 89027
66304 5892 5646 3 88874 88875 88876
66305 6197 6489 3 88881 88882 89361
66306 6300 6382 4 88883 88880 88890 89267
66307 6300 6197 6 88880 88882 89363 88963 88962 88889
66308 6489 6382 6 88881 88883 89266 90448 89287 89286
66309 5405 5671 3 88886 88887 91505
66310 6462 6382 3 88890 88888 89325
66311 5824 5778 8 88895 88893 88939 89008 89006 89005 89004 89065
66312 5824 5625 3 88893 88894 88938
66313 6712 6629 7 88899 88897 89337 90865 90864 90900 90770
66314 5867 5458 6 88901 88902 91741 91739 95810 95809
66315 6046 6404 4 88904 88905 89120 89118
66316 6046 6297 6 88903 88904 91132 91349 89375 89376
66317 5701 5902 6 88909 88906 91170 91216 91220 95972
66318 5701 5782 5 88906 88908 91439 91188 91169
66319 5440 5902 4 88907 88909 95927 91150
66320 5444 5671 3 88910 88911 91514
66321 5890 6382 4 88914 88912 89359 89358
66322 6533 6448 4 88921 88922 91696 91699
66323 6779 6785 4 88926 88927 89519 89477
66324 5935 6168 3 88935 88933 91486
66325 5933 5702 4 88940 88941 88949 88943
66326 6137 5933 5 88945 88946 88953 88948 88947
66327 6082 5933 5 88949 88950 88953 88952 88951
66328 7332 7549 4 88956 88957 90345 90344
66329 5945 5833 5 88965 88966 89055 89082 88989
66330 5824 5833 4 88966 88967 89065 89056
66331 5734 5824 3 88968 88969 89008
66332 6019 5953 4 88976 88974 89049 89036
66333 5833 5953 6 88975 88976 89037 89050 89082 89086
66334 7472 7587 5 88982 88983 89754 98096 98505
66335 7709 7587 5 88983 88984 89667 90190 89756
66336 7709 7472 4 88981 88983 89755 90036
66337 7587 7489 5 88982 88984 89666 89557 89559
66338 7003 7069 3 88986 88987 90858
66339 7139 7069 5 88987 88988 90381 90411 90859
66340 7139 7199 3 88988 88985 90380
66341 6016 6294 6 88999 89000 91201 90781 89284 89089
66342 5854 5890 5 89003 89001 91283 89133 89106
66343 5778 5863 4 89006 89007 91468 89009
66344 6171 6298 5 89013 89011 89310 89309 89308
66345 6171 6285 5 89011 89012 91267 92022 90785
66346 5820 6218 7 89014 89015 90866 90867 91089 90727 90729
66347 5820 6299 6 89015 89016 91192 91403 91395 91298
66348 6095 6218 6 89017 89014 91343 91342 91355 91354
66349 6299 6218 4 89015 89017 91356 91299
66350 5680 5894 5 89019 89020 91364 91285 91286
66351 5637 5680 4 89018 89020 91380 91065
66352 5894 5628 3 89019 89021 91266
66353 5790 6073 3 89030 89031 89194
66354 5945 5890 3 89032 89029 89080
66355 5833 6002 3 89037 89038 89051
66356 6297 6218 4 89039 89040 89374 89376
66357 6060 6314 5 89041 89042 90868 91075 89066
66358 5680 5384 3 89044 89045 90872
66359 6663 6526 3 89058 89059 89327
66360 6663 6651 4 89059 89057 89965 89326
66361 6389 6170 7 89060 89061 90886 91077 91078 90889 90588
66362 7884 7368 6 89062 89063 94269 95178 95179 93034
66363 6887 6973 5 89070 89071 89715 89714 89442
66364 6917 6887 5 89070 89072 89919 89428 89429
66365 6842 7266 3 89076 89077 89629
66366 5953 5667 5 89085 89086 89087 89093 89145
66367 6016 5667 4 89087 89088 91242 89092
66368 5667 5890 4 89092 89093 89147 91244
66369 6867 6856 3 89095 89096 89623
66370 5547 5820 3 89097 89098 91251
66371 5820 5730 4 89111 89112 91195 91392
66372 5813 5820 7 89110 89112 91191 91192 91404 91398 91397
66373 6300 5912 7 89113 89114 89162 89185 89219 89234 89220
66374 6956 6913 5 89115 89116 89642 89689 89660
66375 6046 6083 8 89119 89120 91066 91151 91212 91214 91442 91527
66376 6421 6716 7 89123 89124 90415 91400 90730 90731 90049
66377 6421 6438 7 89124 89122 89319 89342 89339 91367 90414
66378 6421 6692 3 89122 89123 89317
66379 5890 5587 5 89133 89134 89142 89144 91280
66380 5542 5890 3 89143 89144 91264
66381 5790 5953 3 89145 89146 89148
66382 6841 6765 4 89150 89151 89462 89463
66383 6765 6782 4 89149 89151 89598 89383
66384 5912 5697 4 89154 89155 89157 89156
66385 6300 6526 3 89159 89161 89267
66386 5789 5489 4 89167 89168 89169 89170
66387 6990 6964 4 89172 89173 90010 89886
66388 6990 7019 6 89173 89174 92994 90006 90009 90011
66389 6803 6990 6 89172 89174 90660 89578 89580 89887
66390 6584 6779 5 89176 89175 89519 89261 89262
66391 6651 6425 5 89178 89179 90817 90604 90603
66392 6538 6651 6 89177 89179 90814 89264 89253 89254
66393 6208 6211 4 89180 89181 89238 89237
66394 5790 6108 5 89183 89184 89194 89204 89265
66395 6382 6004 5 89186 89187 89338 89358 89334
66396 6382 6357 5 89187 89188 90447 89287 89288
66397 6318 6282 3 89192 89193 89226
66398 6538 6584 7 89202 89200 89262 89264 90812 89316 89314
66399 6538 6589 6 89200 89201 89289 89407 89254 89252
66400 6663 6318 4 89208 89209 89231 89601
66401 6033 6020 3 89212 89213 89214
66402 6300 6241 8 89215 89216 89221 89232 89225 89223 89236 89219
66403 6300 6454 4 89216 89217 89218 89222
66404 6300 6282 4 89223 89224 89226 89235
66405 6300 6331 4 89224 89225 89229 89227
66406 6300 6594 4 89228 89229 89232 89230
66407 6300 6244 4 89233 89234 89236 89235
66408 6844 6591 4 89244 89245 91863 91848
66409 6844 6614 8 89245 89246 91760 91759 91778 91851 91852 91877
66410 6932 6614 3 89246 89247 91685
66411 6932 6591 6 89247 89244 91321 91323 91451 91684
66412 6614 6591 5 89245 89247 91640 91639 91713
66413 6629 6438 5 89250 89251 90767 89319 89318
66414 6538 6779 3 89252 89253 89262
66415 7881 7449 6 89256 89255 93310 92948 92790 92789
66416 6835 6985 4 89257 89258 89608 89512
66417 7014 6835 4 89257 89259 89492 89510
66418 6334 6692 3 89268 89269 91304
66419 6656 6716 5 89270 89271 91838 91840 92019
66420 6656 6891 5 89271 89272 90361 90362 92023
66421 6873 6891 4 89272 89273 90720 90717
66422 6873 6716 7 89273 89270 90853 90851 90962 90926 90736
66423 6298 6349 5 89274 89275 89309 89306 89307
66424 6538 6517 4 89277 89278 89316 90811
66425 6537 6425 7 89282 89283 89378 89333 89331 90603 89305
66426 6537 6421 8 89283 89281 90782 90745 90746 90797 91312 89377
66427 6537 6569 3 89281 89282 89303
66428 6368 6382 5 89286 89288 89338 89359 89360
66429 6716 6632 8 89291 89292 92030 90820 90793 90794 90838 90818
66430 6891 6632 6 89292 89293 89564 90734 90735 92029
66431 6632 6949 5 89291 89293 89563 89987 90712
66432 6398 6635 5 89294 89296 89573 89572 89585
66433 6341 6578 3 89295 89297 92043
66434 6838 6765 5 89298 89299 89679 89640 89624
66435 6856 6838 8 89298 89300 89672 89674 89677 89434 89433 89623
66436 6589 6632 3 89301 89302 89515
66437 6672 6425 3 89304 89305 90604
66438 6298 6584 3 89313 89314 89315
66439 6692 6629 9 89317 89318 90742 90773 90403 90402 89528 89530 90048
66440 6421 6629 6 89319 89317 90049 90833 90745 90744
66441 6659 6785 3 89321 89322 89408
66442 7354 7415 6 89328 89329 90382 89705 89703 89729
66443 7376 7415 3 89330 89328 89730
66444 6537 6526 6 89331 89332 90701 90702 89945 89946
66445 6916 6712 6 89336 89337 90788 90789 90825 90824
66446 6314 6306 4 89340 89341 91352 91063
66447 6421 6306 7 89341 89342 90744 90746 90796 91271 91353
66448 6421 6314 3 89339 89341 91351
66449 6306 6438 4 89340 89342 90767 90768
66450 7671 7236 4 89343 89344 95736 95734
66451 7671 7658 8 89344 89345 90605 95578 95579 93761 93762 96809
66452 7233 7658 5 89345 89346 90576 95737 90607
66453 7233 7236 9 89346 89343 89819 89818 96803 95013 94934 94933 90575
66454 7233 7671 5 89343 89345 90606 94994 95784
66455 7173 7246 6 89351 89352 90389 90875 90471 90450
66456 7173 7358 3 89352 89353 89507
66457 6197 6368 4 89360 89361 89363 89362
66458 7530 7369 8 89366 89367 99050 98409 98408 98502 98470 98471
66459 7530 7329 4 89367 89368 98423 99069
66460 7455 7369 3 89369 89366 89883
66461 7455 7530 7 89366 89368 89745 89744 98412 98478 98473
66462 7329 7369 5 89367 89369 89449 89451 99093
66463 6032 6341 5 89371 89372 89844 91483 91466
66464 6341 6062 4 89371 89373 91470 91467
66465 6273 6297 4 89374 89375 91781 90884
66466 6294 6537 4 89377 89378 90695 91261
66467 6949 6948 4 89380 89381 90296 90294
66468 6785 6949 7 89379 89381 90435 89987 89986 90599 89415
66469 6949 6869 5 89386 89387 89563 89986 89786
66470 7053 6891 5 89388 89389 91811 90440 90434
66471 7053 6869 6 89389 89386 89788 89939 90210 91805
66472 7053 6949 7 89386 89388 90433 90716 90694 90625 89787
66473 6891 6869 6 89387 89389 91754 90823 90822 89564
66474 6629 6214 5 89394 89395 90901 90770 90769
66475 7314 7441 8 89397 89398 96788 95816 95817 96684 96682 96674
66476 7314 7784 3 89398 89399 90999
66477 7663 7441 3 89400 89397 96675
66478 7663 7314 6 89397 89399 91000 95557 95555 95762
66479 7041 6842 4 89405 89406 89751 89502
66480 6859 6785 6 89408 89409 89541 89419 89420 89505
66481 6589 6245 3 89412 89413 89414
66482 6832 6887 5 89429 89427 89467 89466 89442
66483 6832 6589 4 89431 89432 89448 89480
66484 7127 6838 4 89433 89435 89685 89639
66485 7932 8103 6 89438 89436 93816 93722 93721 93781
66486 7932 8467 4 89436 89437 93645 93646
66487 6779 6489 3 89443 89444 89445
66488 7369 7206 9 89449 89450 90025 90017 89905 89906 90016 98471 89883
66489 7274 7206 3 89450 89452 89456
66490 6645 6578 5 89457 89458 89459 89504 89525
66491 7041 6801 6 89464 89465 89485 89544 89692 89693
66492 7041 6832 3 89465 89466 89486
66493 6887 6801 3 89467 89464 89593
66494 6887 7041 5 89464 89466 89714 89713 89718
66495 7050 7256 3 89469 89470 89712
66496 6635 6509 3 89475 89476 92965
66497 6864 6589 3 89478 89479 89480
66498 7400 7272 5 89482 89483 89759 89719 89720
66499 6864 6913 3 89490 89491 89660
66500 7497 7393 5 89497 89496 89763 89616 89615
66501 7858 7810 6 89500 89498 90164 90163 90179 97652
66502 7946 7810 5 89499 89500 97651 90251 90249
66503 6814 6926 4 89503 89501 89651 89649
66504 6842 6926 5 89502 89503 89650 89627 89625
66505 7173 7139 7 89507 89508 90205 90411 90933 90874 90389
66506 7572 7276 8 89514 89513 92105 92992 93055 95090 97589 90538
66507 6785 6584 4 89516 89517 89518 89519
66508 6632 6785 7 89515 89517 89520 89987 89988 92001 89543
66509 7255 7377 4 89522 89523 92880 90094
66510 7114 7377 5 89523 89524 100893 100221 92881
66511 7114 7414 6 89524 89521 91886 94316 101085 100902
66512 7114 7255 6 89521 89523 92879 93069 93277 91885
66513 7377 7414 6 89522 89524 100901 93287 93015 90095
66514 6519 6421 4 89526 89527 91953 91400
66515 6934 6692 6 89528 89529 90917 89952 89954 90915
66516 6791 6692 3 89529 89530 90791
66517 8792 8918 8 89531 89532 93931 99412 99486 99466 93794 93797
66518 8709 8639 7 89533 89534 97898 98061 99086 92912 92914
66519 8709 8918 5 89534 89531 98031 99311 97897
66520 8709 8792 4 89531 89533 98816 98030
66521 8639 8918 4 89532 89534 97896 93933
66522 6921 6763 6 89535 89536 89811 90659 92816 92819
66523 6706 6763 8 89537 89535 90019 90021 92971 92961 92959 92944
66524 6823 6763 4 89536 89537 92945 89812
66525 7497 7136 5 89538 89539 89870 89880 89903
66526 8146 7796 4 89547 89546 98636 90187
66527 7522 7234 6 89548 89549 99098 99099 99103 99092
66528 7522 7369 5 89549 89550 99050 99093 99104
66529 7402 7234 5 89551 89548 89895 89894 90118
66530 7402 7522 6 89548 89550 99051 99052 98992 98994
66531 7489 7518 6 89558 89559 98504 89645 89643 89699
66532 7587 7275 3 89560 89557 89767
66533 7393 7574 6 89561 89562 89975 89974 89864 89862
66534 6632 6869 4 89563 89564 92000 89988
66535 7074 7197 5 89565 89566 92938 92939 90654
66536 7074 7241 5 89566 89567 92005 92974 92955
66537 6963 7197 3 89568 89565 89854
66538 7158 7074 5 89569 89570 90685 90645 90644
66539 7391 7074 8 89570 89571 92910 92955 92938 92937 93225 90686
66540 7074 7258 4 89569 89571 92909 92988
66541 6863 6317 4 89574 89575 92565 92566
66542 6863 6277 5 89575 89576 92658 92343 92342
66543 6639 6317 4 89577 89574 92661 92663
66544 6639 6863 8 89574 89576 92659 95162 95128 95000 94999 94928
66545 6763 6803 5 89578 89579 92946 89812 89811
66546 6635 6505 5 89581 89582 89585 89584 89583
66547 6599 6211 3 89586 89587 89588
66548 6889 6838 3 89589 89590 89621
66549 6663 6801 4 89601 89602 89604 89603
66550 7100 6889 3 89605 89606 89609
66551 7618 7518 3 89617 89618 90243
66552 6867 6926 4 89626 89627 89655 89633
66553 6800 6807 3 89631 89630 89659
66554 7752 7986 7 89636 89637 98410 98489 98467 98468 98497
66555 7752 7710 4 89637 89638 90029 90030
66556 7489 7497 4 89643 89644 89846 89870
66557 7489 7400 4 89644 89645 98488 89847
66558 6334 6683 5 89653 89654 91304 91303 90879
66559 7402 7189 4 89669 89670 89894 89897
66560 6838 6737 4 89672 89673 89686 89675
66561 6838 7044 3 89676 89677 89678
66562 6838 6667 3 89679 89680 89681
66563 6838 6644 3 89682 89683 89684
66564 7472 7752 8 89694 89695 97233 89754 89755 90035 92487 98386
66565 7566 7752 5 89696 89694 98405 98491 98490
66566 7518 7136 3 89699 89700 89880
66567 7328 7415 9 89704 89705 89892 89890 90565 90563 90126 90127 90676
66568 7328 7267 5 89702 89704 90637 90636 90653
66569 8024 7999 4 89706 89707 93661 89804
66570 8021 7999 4 89708 89706 89805 89935
66571 8169 7999 7 89707 89708 90307 97197 95722 95723 93662
66572 7116 7136 6 89710 89711 89885 89898 89904 90046
66573 7530 7500 6 89726 89727 98352 89746 89744 98397
66574 7530 7472 7 89725 89726 98396 98499 98498 98502 98165
66575 7360 7354 3 89728 89729 89764
66576 7197 7079 4 89733 89734 92875 92837
66577 7415 7429 9 89739 89740 97724 90508 90128 90127 90677 90634 89932
66578 7632 7617 6 89741 89742 90124 90123 90574 90047
66579 7530 7515 6 89745 89746 92942 92941 99068 98423
66580 7400 7475 4 89752 89753 89797 89758
66581 7709 7752 5 89755 89756 98446 98462 90037
66582 7400 7344 3 89759 89760 89761
66583 7275 7497 4 89762 89763 89874 89903
66584 7307 7206 5 89780 89781 89800 89905 89842
66585 7131 7258 4 89784 89785 93027 91967
66586 7115 7131 6 89783 89785 92809 92808 93037 92935
66587 6951 6611 4 89789 89790 100199 100741
66588 6951 7114 6 89790 89791 100186 100897 100845 100200
66589 6700 6951 5 89789 89791 100185 100515 100516
66590 7114 6611 4 89790 89792 91476 93232
66591 7277 7391 6 89794 89795 93159 92984 92908 92910
66592 7277 7547 5 89795 89796 92088 92093 93157
66593 7241 7277 5 89794 89796 90001 90000 92974
66594 7206 7336 3 89801 89800 89906
66595 8314 8047 4 89802 89803 98279 98298
66596 8161 8578 4 89807 89808 98969 98889
66597 8480 8578 6 89808 89809 98853 98836 98835 98970
66598 8480 8157 4 89809 89806 98926 98939
66599 8480 8161 6 89806 89808 90079 90078 98972 98925
66600 8578 8157 8 99645 99642 98890 89807 89809 98940 98942 -1
66601 7819 7908 5 89813 89814 90271 97514 90544
66602 7632 7908 4 89814 89815 90146 90264
66603 7457 7233 7 89817 89818 95795 95194 94011 94010 94994
66604 7236 7608 6 89819 89816 94627 94394 94393 95734
66605 7236 7457 3 89816 89818 97597
66606 7233 7608 3 89817 89819 95784
66607 7336 7216 4 89825 89824 89909 89908
66608 7699 7587 3 89828 89826 90199
66609 7699 7752 8 89826 89827 89837 90028 90030 98410 98487 98444
66610 7699 7905 4 89831 89829 98487 90223
66611 7752 7497 3 89836 89837 90034
66612 8347 8103 6 89838 89840 93467 93722 90526 90525
66613 6237 6032 4 89843 89844 92012 90641
66614 6515 6573 4 89858 89859 90116 90117
66615 6515 6544 7 89859 89856 92009 91667 91377 91376 91755
66616 6515 6615 5 89856 89858 90622 90621 92032
66617 6573 6544 3 89857 89859 91876
66618 7393 7542 4 89862 89863 89865 89866
66619 7301 7481 3 89867 89868 90511
66620 7639 7617 6 89873 89871 98452 90113 90112 90290
66621 7410 7213 4 89875 89876 97620 90931
66622 7194 7213 4 89877 89875 90763 90764
66623 7136 6948 6 89884 89885 89899 90294 89915 89893
66624 6959 6803 4 89887 89888 90626 90627
66625 6959 6990 6 89886 89887 92951 90014 90013 90022
66626 7408 7415 3 89890 89891 89993
66627 7526 7415 6 89891 89892 90382 90089 90041 89994
66628 7526 7328 3 89892 89889 90206
66629 7234 7396 4 89895 89896 92807 99092
66630 8768 8616 5 89900 89901 99014 93601 93600
66631 9517 9741 5 89910 89911 145383 151927 151731
66632 9517 9728 5 89911 89912 151949 104046 104047
66633 9738 9741 3 89913 89910 151732
66634 9728 9741 6 89911 89913 151923 151925 151977 145384
66635 7136 6917 4 89917 89918 89920 89919
66636 7049 6994 3 89922 89923 91991
66637 7049 7063 6 89921 89922 93044 93051 93007 93006
66638 6873 6662 7 89928 89929 90852 90853 91372 91112 91111
66639 6873 6918 7 89929 89926 90367 89959 89958 90962 90944
66640 6662 6918 4 89927 89929 90945 90956
66641 7906 7999 6 89935 89936 90178 97375 97716 90307
66642 7687 7451 5 89937 89938 90247 90183 89941
66643 7466 7517 8 89948 89949 89969 89967 97151 97150 97693 90386
66644 6857 6934 4 89953 89954 90920 90570
66645 7069 6873 7 89959 89960 90736 90720 90719 90844 90369
66646 6873 6934 3 89958 89960 90926
66647 7707 7687 4 89961 89962 97700 90286
66648 7637 7745 3 89963 89964 90151
66649 7745 7687 6 89962 89964 90309 90329 90278 90276
66650 6769 6663 5 89965 89966 90737 90740 90739
66651 7410 7517 4 89967 89968 90987 97274
66652 7687 7946 4 89970 89971 90250 90249
66653 6968 6673 3 89978 89979 90662
66654 6792 6968 8 89977 89979 92873 92372 92370 92999 92998 93036
66655 6038 6317 3 89980 89982 92081
66656 6277 5706 4 89981 89983 91124 91609
66657 7275 7384 3 89984 89985 90366
66658 6785 6869 4 89986 89988 91999 90600
66659 7416 7617 9 89990 89991 90290 90291 90505 90507 90577 90573 90123
66660 7826 7416 4 89989 89991 90541 90336
66661 7617 7621 4 89990 89992 90385 90124
66662 8381 8088 4 89995 89996 90176 90174
66663 7277 7165 8 89999 90000 92933 92931 92979 92980 93155 92093
66664 7327 7277 3 89999 90001 92088
66665 6990 7419 4 90003 90004 90009 90007
66666 7189 6990 6 90002 90004 90011 90010 90022 92122
66667 7419 7165 5 90003 90005 92801 92979 92993
66668 7148 6990 5 90006 90007 92954 92953 92989
66669 7019 7419 5 90008 90009 90674 90673 90672
66670 7019 7189 5 90011 90012 90620 90669 90674
66671 7189 6964 4 90010 90012 90619 90023
66672 7257 7369 4 90015 90016 98470 98501
66673 6968 6706 4 90019 90020 92372 92371
66674 6935 6763 4 90021 90018 92079 92978
66675 6935 6968 8 90018 90020 92873 90662 90661 93094 92785 92078
66676 7369 7119 3 90025 90026 90027
66677 7256 7472 4 90031 90033 98320 98499
66678 7640 7752 3 90035 90037 92489
66679 7429 7307 3 90038 90039 90040
66680 7116 7360 4 90042 90043 90044 90046
66681 6716 6629 4 90049 90048 90792 90831
66682 7332 7019 4 90050 90051 90664 90446
66683 8618 8615 6 90053 90054 90158 90159 98305 98306
66684 8618 8730 5 90054 90055 98256 93136 93134
66685 7416 7004 5 90056 90057 90594 90666 92623
66686 7276 7004 5 90058 90056 93042 91801 91800
66687 8269 8297 7 90059 90060 93174 93172 97533 98272 98552
66688 7695 7255 4 90062 90063 93307 93272
66689 7695 7378 8 90063 90064 94256 95177 93314 90515 90518 93308
66690 7621 7775 5 90066 90067 97487 90514 90394
66691 7572 7881 5 90068 90069 93768 92950 92790
66692 7572 7775 6 90069 90066 90395 93996 91719 91720
66693 8473 8148 9 90071 90072 98931 98877 98880 99595 99583 94036 94035
66694 8473 8315 7 90072 90070 99690 99195 92823 90080 90077
66695 8473 8145 3 90070 90071 99636
66696 8088 8225 3 90073 90074 97837
66697 7857 8225 5 90074 90076 97717 95143 95141
66698 8473 8480 5 90079 90080 92824 99598 98970
66699 8473 8161 4 90077 90079 98969 98931
66700 8667 8918 7 90081 90082 93931 93933 98248 99356 92795
66701 8667 8541 4 90082 90083 99182 99278
66702 8576 8918 4 90084 90081 92797 98977
66703 8541 8918 4 90082 90084 98976 99412
66704 8810 8541 5 90085 90086 99489 99406 93517
66705 8651 8541 4 90087 90085 93519 90200
66706 8390 8541 7 90086 90087 90201 99210 99290 99289 99506
66707 7916 7721 4 90091 90092 93005 98406
66708 7255 7702 7 90093 90094 93223 93126 92791 92792 93272
66709 8204 8394 5 90097 90099 97220 97839 95142
66710 6769 6768 5 90101 90102 90390 90741 90737
66711 8656 8455 7 90104 90105 95799 90269 90270 96934 90213
66712 8656 8394 5 90105 90103 97726 97727 95797
66713 7408 7539 6 90108 90109 90396 90252 90253 90527
66714 7254 7408 3 90108 90110 90528
66715 7617 7419 3 90111 90112 90291
66716 7429 7639 3 90113 90114 98453
66717 7429 7617 5 90111 90113 98451 90508 90505
66718 7408 7416 5 90120 90121 90343 90586 90573
66719 7408 7549 4 90121 90122 90252 90344
66720 7328 7416 6 90125 90126 90577 90586 90587 90665
66721 7429 7416 5 90128 90125 90668 90506 90505
66722 7429 7328 3 90125 90127 90667
66723 7415 7416 3 90126 90128 90507
66724 6174 6544 6 90133 90131 90358 92008 92009 92034
66725 6174 6519 4 90131 90132 91835 90357
66726 7183 7431 3 90136 90137 90617
66727 6741 6632 3 90141 90142 90735
66728 6741 6519 5 90142 90140 91947 91946 92025
66729 8320 8281 6 90143 90144 97832 90177 90175 93712
66730 8339 8320 6 90143 90145 97496 97779 97960 97871
66731 7721 7402 4 90152 90153 99008 98992
66732 7977 7864 4 90155 90157 90263 90262
66733 8618 8550 5 90159 90160 97970 98307 98310
66734 8548 8550 4 90160 90161 93728 97971
66735 8548 8615 7 90161 90158 93576 97666 97962 98201 93727
66736 8548 8618 7 90158 90160 97969 98304 99301 93135 93134
66737 7810 7707 7 90164 90162 97687 97695 90286 90226 90225
66738 8763 8357 4 90165 90166 95618 95617
66739 8327 8245 7 90169 90170 97800 97682 97649 97575 97574
66740 7999 7810 4 90179 90178 97376 97723
66741 9061 8763 3 90180 90181 97548
66742 9047 8763 5 90181 90182 97776 97917 97806
66743 7904 7832 7 90184 90185 98242 98330 98411 98464 98395
66744 7904 7844 3 90185 90186 98241
66745 8110 8146 6 90187 90188 98563 98561 98562 98634
66746 7704 7709 6 90189 90190 98446 90238 90237 90308
66747 8021 7872 4 90191 90192 90194 90193
66748 8021 8083 7 90194 90195 98205 90547 90548 97138 90197
66749 7959 8083 4 90195 90196 93138 98292
66750 8083 7908 4 90197 90198 90280 90281
66751 8651 8382 4 90202 90200 99481 98854
66752 8893 8715 6 90203 90204 97955 97953 98518 98354
66753 7053 7004 5 90210 90211 90320 90321 91806
66754 7004 7019 6 90209 90211 90446 90666 92622 90679
66755 8327 8642 5 90214 90215 97789 97792 97802
66756 8499 8365 3 90217 90218 98035
66757 6712 7003 3 90219 90220 90824
66758 7517 7483 8 90221 90222 90454 90456 90468 90912 97604 97626
66759 7905 7986 4 90223 90224 98398 98489
66760 8036 8047 6 90229 90230 94058 97816 97815 98231
66761 8036 8297 4 90230 90231 93172 93173
66762 8063 8036 5 90229 90231 97532 97248 97249
66763 8117 8307 5 90232 90234 98428 98590 98589
66764 7992 7868 5 90235 90236 98466 95718 95717
66765 7709 7868 6 90238 90235 98345 98419 98463 98462
66766 7709 7992 4 90235 90237 98399 98344
66767 7704 7868 3 90236 90238 98461
66768 8024 8354 6 90239 90240 97829 98215 98346 98335
66769 8061 8354 4 90241 90239 97818 97817
66770 7704 7393 3 90244 90245 90246
66771 7521 7687 5 90248 90247 90332 90331 90309
66772 7889 7605 4 90256 90257 97625 97629
66773 7914 7605 4 90257 90258 94690 96824
66774 8019 7864 5 90261 90263 90289 97228 97253
66775 8394 8433 5 90267 90265 97719 97718 97756
66776 8394 8088 7 90265 90266 97844 97839 97838 97837 97754
66777 8656 8423 5 90268 90269 97657 97048 96893
66778 7457 7213 6 90273 90274 94011 95195 97620 90497
66779 7571 7213 4 90274 90275 97566 94012
66780 7571 7592 6 90275 90272 95793 97466 97303 97302
66781 7571 7457 4 90272 90274 94010 94995
66782 7213 7592 6 90273 90275 97530 97531 97577 90498
66783 7900 7687 4 90276 90277 97701 97700
66784 8093 7908 4 90279 90280 97855 97846
66785 8114 8441 6 90283 90284 97471 97224 97225 97199
66786 8095 8114 5 90282 90284 97472 97277 97276
66787 8441 8138 4 90283 90285 97495 97200
66788 7284 7326 3 90287 90288 90418
66789 7416 7419 6 90291 90292 92924 93031 90672 90506
66790 6949 6812 7 90295 90296 90435 90712 90432 90431 90647
66791 8204 8140 7 90297 90298 95475 95476 97540 97203 97202
66792 8701 8320 6 90300 90301 97906 97909 97877 97771
66793 8320 8547 4 90300 90302 97910 97772
66794 7869 7862 6 90304 90305 90421 97215 97218 97121
66795 7517 7842 5 90306 90303 97693 97697 97198
66796 7517 7869 4 90303 90305 90422 97150
66797 6629 6537 4 90318 90319 90914 90745
66798 6580 6526 3 90323 90322 90702
66799 7605 7371 4 90324 90325 90967 90968
66800 7289 7371 5 90325 90326 91040 91039 95741
66801 7687 7757 4 90327 90328 90331 90329
66802 7021 7246 3 90333 90334 90398
66803 6609 6688 4 90342 90341 91934 91832
66804 7416 7332 6 90345 90343 90587 90664 90594 90445
66805 7108 7036 4 90346 90347 91389 90883
66806 7642 7431 4 90353 90354 97084 97715
66807 7410 7662 6 90355 90352 96790 95767 90487 90489
66808 7410 7642 6 90352 90354 97083 97274 90427 90429
66809 7431 7662 4 90353 90355 97573 97714
66810 6929 6741 5 90359 90360 90529 90530 91338
66811 6929 6891 7 90360 90361 90717 90718 91807 91811 91754
66812 6891 6741 6 90360 90362 92025 90735 90733 90823
66813 7042 6606 6 90364 90365 90951 90952 91686 91687
66814 6556 7042 6 90363 90365 91761 95606 95607 91798
66815 6918 7108 4 90367 90368 90377 90954
66816 6826 6850 4 90371 90372 95789 91935
66817 6826 6688 7 90372 90373 91384 91934 91933 91958 95800
66818 6873 6688 4 90373 90374 91112 91370
66819 6873 6850 5 90374 90371 91816 91812 91111
66820 7284 7069 5 90381 90379 90479 90418 90412
66821 7284 7199 6 90379 90380 90747 90657 90485 90484
66822 7062 7483 4 90387 90388 90468 90469
66823 6641 6857 6 90393 90391 91036 90871 90406 90404
66824 6870 6857 4 90392 90393 90916 90466
66825 6916 6692 3 90401 90402 90915
66826 6629 6857 3 90403 90400 90406
66827 6641 6629 5 90405 90406 90773 90775 90865
66828 6641 6916 4 90404 90405 90788 90790
66829 7430 7771 5 90407 90408 95862 94959 91960
66830 7817 7818 7 90409 90410 95213 95656 95654 91678 91677
66831 7817 7771 8 90410 90407 91961 95674 97543 95571 94554 94553
66832 7817 7430 5 90407 90409 95703 95704 91959
66833 7818 7771 6 90408 90410 95212 95262 95657 95859
66834 6333 6421 5 90414 90415 91953 91362 91361
66835 6333 6716 4 90415 90413 90598 90597
66836 6333 6438 5 90413 90414 91366 91311 90845
66837 5870 5733 5 90416 90417 91052 96621 91248
66838 7869 7642 4 90421 90422 97149 97373
66839 7517 7642 7 90422 90423 97195 97604 97578 97274 97151
66840 8254 8189 6 90424 90425 93806 93807 97571 97572
66841 8472 8189 4 90426 90424 95504 95505
66842 8479 8189 4 90425 90426 97154 95731
66843 7642 7310 3 90427 90428 97578
66844 7642 7483 7 90428 90429 96789 97616 96816 96815 97604
66845 6812 6716 5 90432 90430 90835 90841 90818
66846 6812 6791 5 90430 90431 90898 90899 90834
66847 6921 7158 4 90436 90437 90645 90643
66848 6921 6968 6 90437 90438 92370 92371 92819 90932
66849 7115 6968 3 90438 90439 92999
66850 7115 6921 5 90436 90438 93029 93014 93013
66851 6891 7175 4 90440 90441 90444 91807
66852 6537 6489 4 90448 90449 90569 90701
66853 7246 7517 7 90450 90451 90453 90452 90457 90456 90467
66854 7517 7248 3 90454 90455 90457
66855 7596 7614 3 90459 90461 90490
66856 6862 7131 3 90462 90464 91292
66857 6996 6994 3 90463 90465 93003
66858 7062 7517 4 90467 90468 90911 90470
66859 7466 7069 3 90478 90479 90483
66860 7466 7199 5 90480 90481 90482 90483 90484
66861 7457 7410 6 90487 90488 97119 97620 97485 95766
66862 7614 7410 3 90488 90489 97120
66863 8251 8421 5 90492 90493 97647 97221 97219
66864 8251 8423 5 90493 90494 97078 97205 97648
66865 8455 8421 4 90495 90492 95798 95799
66866 7457 7431 4 90496 90497 97119 97118
66867 7431 7707 3 90499 90500 97636
66868 9829 9576 4 90502 90503 104252 104251
66869 9825 9829 4 90501 90503 104394 104384
66870 9576 9866 3 90502 90504 94092
66871 6615 6171 5 90509 90510 92049 92051 92052
66872 7621 7982 3 90513 90514 97739
66873 7378 7827 4 90515 90517 93444 93313
66874 7557 7695 3 90516 90518 93311
66875 7771 8126 5 90519 90520 97344 95571 95572
66876 7856 8126 4 90522 90519 95565 95566
66877 7693 8126 4 90520 90522 95634 97345
66878 8467 8274 4 90523 90524 93644 93646
66879 8103 8274 3 90526 90523 93816
66880 8347 8274 7 90524 90526 93810 93516 93514 93703 93720
66881 6929 7004 5 90530 90531 91806 91945 91339
66882 6869 6929 4 90529 90531 91805 91754
66883 7004 6741 4 90530 90532 90555 91306
66884 7171 7430 5 90534 90535 96767 95872 95751
66885 7131 6792 7 90539 90540 91292 93066 92935 92934 93036
66886 7908 7621 3 90544 90545 97513
66887 8021 8364 3 90546 90547 98203
66888 8516 8637 4 90549 90550 97878 97959
66889 7319 7255 6 90552 90553 92879 92880 93223 92843
66890 7142 7319 4 90552 90554 93125 92844
66891 6188 6316 7 90560 90557 90939 90940 91010 91009 91680
66892 5883 6316 3 90558 90560 91756
66893 6237 6012 7 90561 90562 90641 91071 91072 92467 92374
66894 7328 7617 4 90563 90564 90590 90577
66895 7328 7602 3 90564 90565 90589
66896 5782 6134 6 90566 90567 91763 91768 91717 91061
66897 7617 7408 4 90573 90574 90580 90590
66898 6479 6688 5 90578 90579 90581 91802 91752
66899 7213 7596 3 90592 90593 97531
66900 7213 7539 4 90593 90591 90618 97577
66901 6519 6324 4 90595 90596 92031 91839
66902 6716 6324 5 90598 90595 91840 90848 90846
66903 6716 6519 8 90595 90597 91400 91399 91979 92030 92024 91838
66904 6333 6324 8 90596 90598 90845 91136 91135 91385 91394 91402
66905 6785 6964 5 90599 90600 92041 90650 90649
66906 7671 7571 6 90605 90606 94995 95793 94737 94738
66907 7658 7571 4 90607 90605 97481 97565
66908 7233 7571 8 90606 90607 97564 97584 97592 97591 94012 94010
66909 7803 8042 5 90608 90609 97612 97611 97554
66910 7803 8127 5 90609 90610 97658 97464 97465
66911 7982 8127 4 90610 90611 97547 97659
66912 7982 8042 7 90611 90608 94022 94023 97510 97885 97546
66913 7982 7803 7 90608 90610 97633 97632 95761 95759 97553
66914 8127 8042 6 90609 90611 95710 95712 95595 95594
66915 7671 8042 6 90612 90613 93394 93395 95749 97611
66916 7671 7860 6 90613 90614 95746 96812 93762 93760
66917 7938 7860 6 90614 90615 97082 93129 93128 94001
66918 7938 8042 5 90615 90612 97612 95594 95596
66919 7938 7671 4 90612 90614 95745 97482
66920 7860 8042 4 90613 90615 94978 93805
66921 6615 6189 3 90622 90623 90771
66922 6341 6615 10 90621 90623 90681 90680 91974 92043 92054 92050 92051 92033
66923 7053 7267 4 90624 90625 90652 90653
66924 7354 7053 4 90628 90629 90694 90652
66925 5596 5717 3 90633 90630 96568
66926 5596 5718 5 90630 90632 96459 95940 95939
66927 7429 7267 3 90634 90635 90671
66928 6322 6625 4 90639 90640 92762 92066
66929 7148 6921 7 90642 90643 93013 93002 93000 93001 92989
66930 7074 6921 5 90645 90642 92817 92816 90932
66931 7074 7148 6 90642 90644 92988 92930 92932 92953
66932 7301 7284 5 90657 90658 90725 90726 90749
66933 6921 6990 5 90659 90660 92994 92989 92817
66934 7416 7019 7 90664 90665 90668 90672 92200 92199 90666
66935 7019 7429 7 90667 90668 90673 90669 90670 90671 90677
66936 7019 7415 3 90675 90676 90677
66937 9278 9537 3 90687 90688 108090
66938 9278 9096 8 90688 90689 108103 108102 102509 102508 108094 108091
66939 9337 9096 5 90689 90690 97287 97180 97181
66940 9337 9537 8 90690 90687 107327 107151 107150 107152 107166 107146
66941 9337 9278 6 90687 90689 93756 93753 104937 104939
66942 7449 7063 4 90692 90693 93023 93024
66943 6763 6718 6 90697 90698 90699 92754 92967 92943
66944 6635 6615 4 90703 90705 92042 91974
66945 5758 5647 8 90707 90708 92181 92182 92463 92445 92367 92061
66946 8883 9013 4 90709 90710 98431 98830
66947 6929 7069 3 90718 90719 91462
66948 6683 6879 6 90721 90722 91015 91028 91032 95441
66949 6614 6879 5 90722 90724 91053 91050 91016
66950 6218 6019 5 90728 90729 91343 91341 91027
66951 6421 6672 4 90731 90732 90782 90833
66952 6891 6615 3 90733 90734 90822
66953 6692 6393 3 90742 90743 90774
66954 7284 7003 4 90747 90748 90760 90749
66955 7003 7221 5 90750 90751 90756 90755 90759
66956 7003 7018 4 90752 90753 90754 90756
66957 7003 7321 5 90757 90758 90760 90761 90759
66958 6812 6672 4 90765 90766 90835 90834
66959 6035 5870 5 90776 90777 91091 90862 90861
66960 6869 6615 7 90779 90780 90821 90822 92000 91999 92039
66961 6615 6349 6 90783 90784 92048 92055 92050 92049
66962 6632 6569 3 90793 90795 90805
66963 6214 6421 3 90797 90796 91272
66964 5709 5343 6 90799 90800 91082 91081 91070 91068
66965 5424 5516 3 90801 90798 90896
66966 5795 5671 10 90807 90808 92426 91504 91505 91518 91514 91515 91511 91498
66967 5787 5795 4 90806 90808 92423 91459
66968 6538 6569 4 90810 90811 90812 90814
66969 6569 6651 4 90813 90814 90817 90815
66970 6716 6517 3 90819 90820 91979
66971 8140 7825 5 90826 90827 97688 97644 97250
66972 8140 8019 5 90827 90828 97517 97516 97603
66973 5436 5634 4 90829 90830 96609 96581
66974 6716 6651 4 90838 90839 90840 90841
66975 7175 6873 3 90843 90844 91463
66976 6438 6324 4 90845 90846 90847 91087
66977 7003 6934 6 90849 90850 90925 90858 90857 90854
66978 6873 6692 3 90851 90852 90944
66979 7139 6934 4 90857 90859 90933 90913
66980 5870 5917 5 90860 90861 90988 96608 91052
66981 5807 6035 4 90862 90863 91245 91092
66982 5820 6060 6 90867 90868 91395 91405 91396 91090
66983 6314 5820 3 90866 90868 91298
66984 6095 6306 5 90869 90870 91205 91354 91271
66985 6334 6389 4 90878 90879 90885 90886
66986 5678 5614 6 90880 90881 92313 92312 91277 91278
66987 5800 5614 5 90882 90880 91551 91897 91659
66988 5991 5614 4 90881 90882 91658 94370
66989 6170 6287 3 90889 90890 91142
66990 6438 6683 3 90894 90892 91303
66991 5516 5782 5 90895 90896 91182 91475 91568
66992 6629 6350 3 90900 90901 90902
66993 5743 5401 4 90906 90907 95825 91417
66994 5228 5743 7 90906 90908 95969 95971 95977 94261 91418
66995 6314 6479 4 90918 90919 91787 91782
66996 7289 7251 5 90921 90922 91040 95708 95328
66997 6934 7199 3 90924 90925 90927
66998 6933 6795 3 90930 90928 92213
66999 6933 6833 6 90928 90929 92141 92163 92203 92219
67000 7123 6039 6 90935 90936 96496 96182 96181 96312
67001 6507 7123 6 90934 90936 96495 96178 95075 95074
67002 6479 6316 3 90938 90939 91996
67003 6188 6463 5 90940 90937 91837 91804 91521
67004 7004 6795 4 90943 90941 91970 93045
67005 6952 6795 4 90942 90943 93053 92154
67006 7683 7597 5 90946 90948 96756 94719 94721
67007 7042 6616 8 90952 90949 95606 91856 91858 94955 94956 95020
67008 7042 6440 3 90949 90951 91761
67009 6606 6616 3 90950 90952 95804
67010 7314 6989 5 90957 90958 90980 90981 96701
67011 7314 6970 5 90958 90959 96797 96716 96485
67012 6876 6970 6 90959 90960 94895 96793 96776 96777
67013 6876 7314 5 90957 90959 96786 95701 95699
67014 6970 6989 3 90958 90960 94894
67015 6918 6716 3 90961 90962 90963
67016 7663 7371 5 90968 90969 96811 97601 96795
67017 7663 7212 4 90969 90966 95555 95556
67018 7663 7605 8 90966 90968 96794 97625 96824 96785 96675 95762
67019 9820 11936 3 90970 90971 106523
67020 9820 10250 7 90971 90972 105024 106487 96219 96220 106467
67021 9634 10250 3 90972 90973 105026
67022 9634 9820 7 90970 90972 105025 96282 96206 96203 106469
67023 10250 11936 8 90971 90973 106213 106259 106220 106219 106218 106522
67024 6844 6850 6 90974 90975 95755 91917 91850 91851
67025 6939 6844 4 90974 90976 91777 91778
67026 7038 6850 5 90975 90977 91816 91935 95756
67027 7557 7486 5 90979 90978 95006 94284 93817
67028 7314 7315 7 90981 90982 95817 95815 96661 96557 96556
67029 7082 7314 5 90980 90982 96684 96683 96485
67030 6616 6397 6 90983 90984 91566 94219 94222 94939
67031 6616 6607 5 90984 90985 95020 95804 91565
67032 7171 6607 5 90985 90986 95105 95750 95021
67033 7171 6397 5 90986 90983 94941 94948 95104
67034 7171 6616 4 90983 90985 94956 94940
67035 6607 6397 5 90984 90986 95103 95610 91567
67036 6989 6432 3 90992 90993 91048
67037 6698 6876 4 90994 90991 95688 96793
67038 6432 6876 7 90992 90994 96776 96778 91864 91866 91049
67039 6301 5882 5 90995 90996 96643 96582 96583
67040 6301 5534 6 90996 90997 96588 96600 96659 96644
67041 5783 6301 5 90995 90997 96589 96645 96646
67042 7314 7633 8 90999 91000 96779 96700 96660 96661 96787 96788
67043 5883 5405 3 91001 91002 91458
67044 8612 9080 7 91003 91004 96295 96936 96937 96740 96730
67045 8655 8612 3 91003 91005 96725
67046 6316 6134 5 91008 91009 91679 91748 91928
67047 6188 6134 7 91009 91011 91526 91525 91763 91540 91539
67048 6089 6017 4 91020 91021 91148 96541
67049 6333 6218 7 91027 91026 91135 91134 91366 91361 91340
67050 7620 7458 7 91029 91030 94929 96672 96670 96703 95101
67051 7620 7424 5 91030 91031 95672 96839 94930
67052 6881 7204 4 91034 91035 96798 96666
67053 6989 7106 4 91037 91038 91042 96681
67054 7371 7251 4 91040 91041 94629 94628
67055 7134 7315 5 91043 91044 96706 96161 96162
67056 7315 7106 5 91042 91044 96710 96337 96336
67057 7212 7310 5 91045 91046 95666 95667 91656
67058 6704 6876 3 91047 91049 96773
67059 6614 7037 4 91051 91050 91055 91759
67060 5599 5870 5 91056 91057 91073 96619 91247
67061 5293 5680 4 91064 91065 91381 91329
67062 5709 5312 5 91069 91070 91295 91296 91199
67063 6299 6060 3 91075 91076 91395
67064 6143 6311 4 91079 91080 91437 95752
67065 5343 5934 3 91082 91083 91194
67066 5343 5680 4 91083 91081 91358 91357
67067 6847 6277 5 91086 91085 92592 92596 92658
67068 5820 5934 6 91089 91090 91386 91325 91098 91097
67069 5934 5980 3 91096 91097 91231
67070 5199 5782 5 91103 91104 91593 91594 91441
67071 5800 5508 6 91106 91107 91421 91613 91899 91551
67072 5508 5913 8 91105 91107 91420 91645 91646 95960 95949 91723
67073 6143 5782 4 91109 91110 91169 91156
67074 5424 5440 3 91115 91116 91152
67075 6188 5946 4 91118 91119 91680 91539
67076 11694 11938 3 91120 91121 106535
67077 11694 11678 7 91121 91122 95835 95833 120540 106538 106537
67078 11937 11678 3 91122 91123 106208
67079 11937 11938 7 91123 91120 96113 96114 106118 106072 106071
67080 5762 5894 9 91128 91129 91266 91286 91287 91209 91210 91221 91223
67081 6188 6297 4 91132 91133 91837 91347
67082 6333 6314 3 91134 91136 91311
67083 5364 5903 6 91137 91138 92246 91641 91642 92170
67084 8209 7713 5 91143 91144 96913 96878 96836
67085 8211 7713 6 91146 91143 96743 96742 95402 95401
67086 6070 6083 3 91154 91155 91716
67087 6083 5782 6 91154 91156 91188 91440 91442 91717
67088 6397 6030 6 91159 91160 95980 95979 96003 91230
67089 6035 6170 3 91164 91163 91237
67090 7625 8053 5 91167 91168 95167 94680 94681
67091 7843 7625 4 91166 91168 95038 92976
67092 6303 6089 4 91171 91172 91175 91176
67093 6303 5634 4 91176 91177 91652 95994
67094 7171 6776 6 91180 91181 95814 95811 95812 95858
67095 7171 6301 4 91181 91179 96632 96653
67096 6656 6315 5 91184 91185 92018 91841 91842
67097 6515 6315 8 91187 91184 91331 91330 92002 91617 91615 91410
67098 6515 6656 5 91184 91186 91375 91377 91666
67099 6609 6315 3 91185 91187 91411
67100 6134 6448 5 91196 91197 91750 91921 91764
67101 5913 6134 5 91196 91198 91725 91724 91765
67102 6060 5762 4 91209 91211 91396 91365
67103 5733 6046 3 91212 91213 91215
67104 5807 5952 5 91224 91222 91226 91245 91240
67105 6185 5976 5 91228 91229 91579 96448 96648
67106 6185 6030 7 91229 91227 91230 95807 91648 91647 91577
67107 6013 6339 5 91232 91233 91401 91445 91884
67108 6339 6174 5 91232 91234 92008 91333 91332
67109 6035 5952 7 91235 91236 91237 91241 91245 91239 91238
67110 5730 5890 6 91243 91244 91263 91264 91280 91283
67111 5421 5870 4 91246 91247 96622 91248
67112 5421 5733 3 91249 91248 96623
67113 5833 5730 3 91253 91252 91273
67114 5784 5762 5 91254 91255 91259 91260 91256
67115 5730 5790 3 91262 91263 91265
67116 6174 6285 5 91267 91268 91293 91369 91835
67117 6174 6123 5 91268 91269 91301 91302 91294
67118 6419 6414 4 91275 91276 100606 100449
67119 5508 5614 5 91278 91279 91623 91898 91551
67120 5730 5587 3 91280 91281 91282
67121 5762 5934 4 91287 91284 91386 91365
67122 5762 5680 4 91284 91286 91318 91317
67123 5889 5748 6 91289 91290 92525 92521 92511 92449
67124 5656 5748 5 91290 91291 92455 92485 92484
67125 6927 6543 4 91305 91307 92215 91980
67126 5935 6032 5 91308 91310 91490 91486 91485
67127 6606 6412 7 91314 91315 91929 91927 91925 91862 91822
67128 6426 6606 7 91313 91315 91930 91926 91785 91783 91786
67129 5762 5820 6 91317 91319 91398 91406 91396 91386
67130 6606 6591 5 91320 91321 91848 91862 91922
67131 6606 6932 5 91321 91322 91687 95664 91849
67132 6607 6932 5 91322 91323 91453 95750 91688
67133 6607 6591 4 91323 91320 91924 91452
67134 6607 6606 6 91320 91322 91686 95804 95913 91923
67135 5617 5702 5 91326 91327 92395 92028 92026
67136 5370 5617 4 91326 91328 91373 92444
67137 6315 6339 6 91331 91332 91884 92003 91843 91842
67138 6174 6315 4 91330 91332 91790 91789
67139 6339 6515 4 91331 91333 91667 91666
67140 8174 6960 3 91335 91336 95542
67141 6355 7046 4 91337 91334 95493 95415
67142 6355 8174 8 91334 91336 95558 96351 96193 96066 95481 95483
67143 6929 6927 5 91338 91339 91573 91574 91550
67144 6218 6285 4 91340 91341 91342 91360
67145 5609 5800 7 91344 91345 92233 91899 91897 92235 92258
67146 5946 5609 3 91344 91346 92257
67147 6479 6046 3 91348 91349 91803
67148 6218 6306 4 91352 91353 91354 91356
67149 6421 6218 6 91351 91353 91355 91360 91361 91367
67150 5424 5680 6 91357 91359 91381 91380 91364 91363
67151 6218 6438 3 91366 91367 91368
67152 6656 6688 6 91370 91371 91802 91831 91832 91384
67153 6929 7108 3 91389 91390 91896
67154 6929 7175 6 91390 91391 91793 91807 91462 91463
67155 6324 6013 4 91393 91394 91401 91444
67156 5820 6170 4 91403 91404 91406 91405
67157 5618 5358 7 91407 91408 100214 100776 94366 94367 100532
67158 5618 5332 8 91408 91409 92503 92501 100724 94137 94140 100215
67159 5026 5618 3 91407 91409 92657
67160 5884 5760 4 91412 91414 95823 95824
67161 5180 5867 5 91413 91415 91741 91740 94375
67162 5744 5743 5 91417 91418 94260 91428 91429
67163 5744 5228 3 91418 91419 94259
67164 5508 5821 4 91420 91421 91570 91569
67165 5405 5795 7 91422 91423 91506 91505 91516 91509 91458
67166 6185 5760 5 91426 91427 91648 95808 95985
67167 6185 5743 4 91427 91428 95841 91647
67168 5744 6185 4 91426 91428 91592 91591
67169 6034 6549 6 91432 91433 94851 96040 96038 96039
67170 6535 6549 7 91435 91432 94868 94867 94876 95846 94771
67171 6535 6034 3 91432 91434 96044
67172 5864 6549 3 91433 91435 94770
67173 6311 6490 5 91436 91437 95005 91772 91769
67174 6490 6070 3 91436 91438 91770
67175 6273 6013 4 91443 91444 91445 92014
67176 5829 6304 7 91447 91448 95805 96041 96042 96081 91689
67177 5829 5027 5 91448 91449 95847 96043 95806
67178 5806 6304 6 91450 91447 91691 94830 94597 94599
67179 5806 5829 3 91447 91449 91690
67180 5027 6304 4 91448 91450 94878 94879
67181 6399 6591 5 91451 91452 95003 95004 95837
67182 6399 6607 5 91452 91453 95105 95103 95609
67183 6932 6399 5 91451 91453 95803 95612 95611
67184 6032 6168 6 91465 91466 91484 91491 91486 91480
67185 6032 5801 3 91473 91474 92365
67186 5189 5706 5 91477 91478 91881 92263 92243
67187 6032 5972 4 91479 91480 91485 91481
67188 6177 6032 5 91483 91484 91488 91487 92012
67189 6032 6121 4 91488 91489 91490 91491
67190 6942 6639 3 91493 91494 94999
67191 6811 6942 9 91492 91494 94998 95136 94961 94923 94195 92305 92304
67192 6639 6377 5 91493 91495 92662 92661 94928
67193 5795 5980 3 91499 91500 91502
67194 5510 5795 4 91504 91506 91507 92261
67195 5444 5795 5 91508 91509 91517 91514 91513
67196 5795 5625 3 91510 91511 91520
67197 5515 5795 5 91512 91513 91515 91520 91519
67198 5795 5306 3 91516 91517 91518
67199 6966 7183 4 91523 91524 95770 91964
67200 6966 6826 6 91524 91522 91815 91933 91957 95778
67201 6966 6927 5 91522 91523 91962 91954 91814
67202 6046 6134 3 91525 91527 91768
67203 5913 5902 4 91528 91529 91646 95992
67204 6165 7028 5 91531 91532 91534 91902 91903
67205 7061 7028 6 91532 91533 91703 91706 92249 91535
67206 7028 6381 3 91531 91533 94527
67207 6717 7028 6 91534 91535 94146 93825 93321 92160
67208 5991 6130 6 91538 91536 94887 95740 94369 94370
67209 5991 6358 6 91536 91537 94768 91632 91634 94886
67210 6311 6412 5 91541 91542 91769 91771 91925
67211 11928 7713 4 91543 91544 96383 96878
67212 8278 7713 6 91544 91545 94700 94701 96320 96321
67213 7713 8820 5 91543 91545 96177 96195 96913
67214 6729 6844 3 91546 91548 91760
67215 6932 7037 3 91547 91549 96799
67216 6960 7524 4 91552 91553 95129 95900
67217 6960 7818 5 91553 91554 95584 95885 95130
67218 7890 6960 6 91552 91554 95583 96176 95882 95881
67219 4992 6304 5 91557 91555 95805 94879 94866
67220 4992 6034 4 91555 91556 96034 96033
67221 7519 8567 4 91560 91558 94815 94817
67222 7782 8567 7 91559 91560 94819 94796 94708 94707 94724
67223 5864 6183 4 91561 91562 95822 96027
67224 6535 5884 6 91563 91564 94989 94869 94868 96044
67225 6535 6183 6 91564 91561 95966 94221 94220 95954
67226 5884 6183 5 91562 91564 95955 95836 95824
67227 6440 6397 5 91566 91567 95892 91627 91625
67228 6607 6440 4 91565 91567 95893 95913
67229 5516 5821 5 91568 91570 91611 91572 91571
67230 7471 5077 5 91575 91576 96292 96293 96346
67231 6030 5826 3 91577 91578 95937
67232 5976 5826 5 91578 91579 96447 94434 94433
67233 6086 6960 4 91581 91582 91951 91952
67234 6960 5864 3 91581 91583 91584
67235 6535 6355 3 91585 91586 96008
67236 6185 5864 7 91589 91591 95985 96027 96023 96022 96513
67237 5744 5826 5 91590 91592 94260 94259 94915
67238 6726 6775 7 91595 91596 92227 92139 92138 92220 92221
67239 6726 6898 7 91596 91597 92155 92207 92208 91992 91993
67240 6933 6775 4 91598 91595 92203 92202
67241 5957 5905 9 91600 91601 91861 92437 92466 92440 92439 92532 92183
67242 5905 5822 4 91599 91601 91859 91995
67243 5609 5706 7 91603 91604 92243 92254 92255 92360 92235
67244 6323 6503 6 91607 91608 92091 92092 94191 92069
67245 5903 5706 5 91609 91610 92170 92169 94329
67246 5800 5516 4 91611 91612 92233 91613
67247 6165 5711 6 91618 91619 94323 94324 94448 93871
67248 7413 7097 5 91622 91621 93399 95041 95140
67249 6183 6397 7 91625 91626 95957 96003 95965 94221 94219
67250 6295 6397 3 91626 91627 95894
67251 6295 6183 5 91624 91626 95956 95891 94265
67252 8051 7768 6 91628 91629 95319 94695 94532 94535
67253 8051 8089 3 91629 91630 95318
67254 7941 8089 7 91630 91631 94996 93758 93757 93863 95332
67255 7941 8051 7 91628 91630 95330 95206 94253 94254 94775
67256 6358 6546 7 91632 91633 94417 92403 92405 94226 94227
67257 6358 6448 4 91633 91634 94892 95914
67258 5991 6546 4 91635 91632 92332 92333
67259 6591 6490 5 91638 91639 91714 91772 95004
67260 6729 6591 4 91638 91640 91684 95837
67261 6030 6311 4 91649 91650 95979 95951
67262 5913 6030 7 91649 91651 95992 95960 95959 96013 95950
67263 6522 7363 5 91653 91654 95691 95912 91746
67264 6811 7363 8 91654 91655 95624 95137 95136 95127 95119 95118
67265 7363 6802 4 91653 91655 95623 91747
67266 6448 6522 5 91665 91663 95282 95914 95911
67267 6448 6440 3 91663 91664 91701
67268 6522 6358 5 91668 91669 95914 94417 91711
67269 6295 6358 4 91669 91670 94886 94892
67270 6266 5904 7 91672 91673 92178 92196 92197 92107 92108
67271 7524 7817 5 91676 91677 95703 95659 95660
67272 8142 7817 4 91678 91676 95652 95651
67273 6799 6908 4 91681 91682 92355 92559
67274 6799 6717 8 91682 91683 94105 94250 94391 94289 94146 92354
67275 6607 7042 4 91686 91688 95021 95020
67276 5797 5829 9 91689 91690 95847 95902 94147 92345 92346 96056 96080
67277 6304 5797 3 91689 91691 96064
67278 793 480 6 91692 91693 122071 122229 104876 104877
67279 793 11123 5 91693 91694 106364 122150 122072
67280 574 793 6 91692 91694 106363 106572 106616 122056
67281 11123 480 4 91693 91695 106839 107735
67282 6556 6426 3 91697 91698 91783
67283 6448 6426 5 91698 91699 91751 91750 91785
67284 6295 6556 3 91700 91702 91882
67285 7231 7061 6 91703 91704 92894 92892 91819 91817
67286 7028 7231 7 91703 91705 94967 95034 91901 91903 94527
67287 6942 5872 3 91708 91709 92304
67288 6169 6942 6 91707 91709 92305 94196 91735 91732
67289 6522 6475 5 91710 91711 94416 95895 95918
67290 6130 6475 7 91712 91710 95917 94976 94963 92173 92172
67291 6358 6475 6 91711 91712 92165 92166 92404 92403
67292 6412 6591 5 91713 91714 91771 91862 91863
67293 6412 6490 7 91714 91715 91766 91779 91780 91770 91769
67294 6614 6412 6 91713 91715 91767 91791 91854 91877
67295 7454 7775 7 91718 91719 93995 94739 95580 97558 95131
67296 5867 5678 7 91721 91722 94312 92311 92312 91739 91740
67297 5508 5867 4 91721 91723 94374 94375
67298 6898 6966 3 91726 91727 92155
67299 5516 5609 6 91728 91730 91855 92233 92278 92241
67300 7231 6657 6 91733 91734 91818 91819 94752 94754
67301 6169 7231 5 91732 91734 94290 94224 94223
67302 7693 7486 6 91736 91737 93181 95184 95068 94971
67303 7941 7486 4 91737 91738 93782 93183
67304 5535 6034 3 91742 91743 95986
67305 6522 7042 5 91745 91746 95910 95607 91856
67306 7363 7042 6 91746 91747 95776 95626 95159 95160
67307 6426 6134 4 91748 91749 91750 91926
67308 6515 6065 3 91757 91758 92002
67309 6311 6591 5 91771 91772 95003 91924 91922
67310 7401 7420 5 91773 91774 95044 94945 91936
67311 6992 7420 6 91775 91773 91937 94962 95876 94747
67312 6448 6606 4 91784 91785 91921 91883
67313 6315 6065 6 91788 91789 92002 91998 91997 91874
67314 6013 6315 6 91788 91790 91884 92014 92017 91875
67315 6929 7053 5 91793 91794 91806 91805 91811
67316 6927 7249 4 91796 91797 91914 91966
67317 6927 7276 5 91799 91800 91966 91963 91962
67318 7276 6952 5 91799 91801 93049 92071 91965
67319 6577 6775 4 91808 91809 92234 92138
67320 6609 6826 4 91815 91813 91834 91934
67321 7231 6381 5 91817 91818 94290 94526 94527
67322 7061 6657 6 91819 91820 92516 94480 94667 94753
67323 6606 6844 6 91821 91822 91848 91849 95665 91917
67324 6688 6844 4 91823 91821 91850 91852
67325 6412 6844 4 91822 91823 91877 91863
67326 6266 5996 3 91824 91825 92196
67327 6003 6266 6 91824 91826 92309 92307 92176 92178
67328 6556 6617 4 91828 91829 92247 92248
67329 6533 6656 4 91831 91833 92018 92007
67330 7368 7407 6 91844 91845 91984 95083 95084 95011
67331 7368 7238 3 91845 91846 91983
67332 7176 7238 6 91846 91847 94661 94944 94946 95183
67333 7176 7407 6 91847 91844 95001 94918 94917 94660
67334 5874 5957 3 91860 91861 92438
67335 6928 6908 5 91867 91868 95092 95093 95096
67336 6928 7070 4 91868 91869 94200 94852
67337 6847 6908 3 91870 91867 92357
67338 6847 6928 6 91867 91869 94201 94835 94836 95095
67339 7070 6908 6 91868 91870 92358 92507 94241 94242
67340 8472 8127 5 91871 91872 97464 97660 97470
67341 8161 7715 4 91888 91889 92907 92905
67342 7628 7693 3 91892 91890 94986
67343 8124 8085 6 91893 91894 96359 96358 96737 96735
67344 8124 7970 5 91894 91895 96001 96868 96869
67345 5609 5508 6 91898 91899 92278 92277 92362 92298
67346 6928 7028 5 91901 91902 92160 93089 93087
67347 6165 7231 5 91903 91900 93319 94224 94526
67348 8461 8731 6 91906 91907 95486 107164 96149 95491
67349 8461 8142 6 91904 91906 95489 95586 95515 94988
67350 8731 8441 4 91905 91907 95485 95185
67351 7800 7556 4 91908 91909 95600 94443
67352 5957 6321 4 91911 91912 92375 92136
67353 5998 6169 6 91915 91916 94908 94904 94552 94424
67354 6850 6606 3 91917 91918 95780
67355 6606 6134 6 91919 91920 91927 91928 91926 91921
67356 6311 6607 5 91923 91924 95609 95610 95893
67357 6606 6316 3 91928 91929 91930
67358 6847 7059 3 91938 91939 92665
67359 7070 7059 7 91940 91938 93551 95002 93780 93100 92205
67360 7890 7490 7 91942 91943 94741 95266 95437 95471 95472
67361 7679 7890 3 91941 91943 94742
67362 7490 7818 3 91942 91944 94491
67363 6624 6945 3 91948 91949 92153
67364 6945 6726 4 91948 91950 92214 92188
67365 6609 6952 3 91955 91956 92228
67366 6606 6826 3 91957 91958 95790
67367 7430 7556 6 91959 91960 94958 95630 95042 95043
67368 7817 7556 4 91961 91959 94445 94443
67369 7771 7556 6 91960 91961 95600 94451 94450 94960
67370 7276 6966 7 91964 91962 91965 92072 92145 92147 95768
67371 6823 6624 3 91968 91969 92223
67372 7245 6657 5 91976 91977 94926 94927 95012
67373 7222 6657 7 91977 91978 94540 92167 92168 94837 94985
67374 7222 7245 4 91975 91977 94984 94663
67375 6657 7478 9 91976 91978 93441 93443 94666 94667 95047 94754 94755
67376 7558 7407 4 91984 91985 92292 92293
67377 7238 7558 7 91983 91985 95181 95173 93952 93954 95183
67378 6543 6577 5 91988 91986 92212 92273 92134
67379 6543 6624 6 91986 91987 92223 92216 92215 92211
67380 6945 7124 3 91989 91990 92911
67381 6785 6615 5 91999 92001 92035 92038 92041
67382 6315 5980 3 92015 92016 92017
67383 6891 6519 4 92023 92024 92029 92025
67384 5748 5702 4 92026 92027 92453 92493
67385 6174 6615 4 92032 92033 92052 92034
67386 6578 6615 7 92035 92036 92048 92053 92043 92042 92037
67387 6615 6964 3 92039 92040 92041
67388 6509 6706 3 92044 92046 92961
67389 6615 6398 3 92053 92054 92055
67390 7433 8471 4 92056 92057 94422 95317
67391 5837 5904 3 92060 92059 92179
67392 7927 7916 6 92073 92074 98406 98407 99209 98521
67393 6038 6392 6 92081 92082 92129 92329 92225 92226
67394 8259 8609 5 92084 92085 94952 95227 93972
67395 8259 8481 5 92085 92086 94463 92285 92286
67396 8152 8481 8 92086 92087 93886 93887 93814 93813 95633 94464
67397 7327 7547 5 92088 92089 92918 99076 92094
67398 6323 6717 3 92092 92090 94190
67399 7547 7165 4 92094 92093 93158 99102
67400 5905 6012 4 92095 92096 92437 92467
67401 6921 6792 4 92097 92098 92370 93029
67402 5698 5715 4 92101 92100 92735 100242
67403 6266 6238 3 92106 92107 92242
67404 8320 8458 7 92109 92110 97777 97874 97771 97772 93738
67405 7505 7715 7 92111 92112 92920 99307 92861 92862 99080
67406 7547 7715 5 92113 92111 99060 99058 98958
67407 7059 7124 4 92116 92114 93086 92126
67408 7059 7557 5 92114 92115 94673 95088 93085
67409 6646 6322 6 92117 92118 92761 92775 100722 92767
67410 7567 8119 6 92119 92120 99784 99755 99757 -1
67411 7567 7512 6 92120 92121 100135 100365 100391 100389
67412 7469 7567 4 92119 92121 100134 -1
67413 7049 6833 4 92127 92128 92141 92140
67414 6833 7059 5 92126 92128 92163 92201 93105
67415 6038 6617 5 92129 92130 92649 92331 92328
67416 7520 6005 4 92142 92143 94510 94198
67417 7059 7276 4 92145 92146 94637 92158
67418 7058 7276 6 92146 92147 95769 97593 95090 94638
67419 6966 6624 3 92148 92149 92222
67420 6998 5756 6 92150 92151 101170 101330 99872 99873
67421 7416 7063 7 92157 92156 93024 93025 92623 92199 92198
67422 6996 7084 5 92161 92162 93221 93213 93212
67423 5569 5758 5 92180 92182 92458 92459 92481
67424 7167 6799 8 92190 92191 92354 92355 92601 92602 101042 92693
67425 6799 7028 4 92189 92191 94146 92249
67426 7401 6928 4 92194 92192 95080 95091
67427 7416 7148 4 92198 92200 93031 93016
67428 6775 7059 5 92201 92202 92204 92205 93099
67429 6726 7058 3 92206 92207 92210
67430 6556 6898 5 92208 92209 95151 92318 92248
67431 6726 6833 3 92218 92219 92221
67432 6038 6358 4 92224 92225 94227 94768
67433 5996 5991 3 92230 92231 92373
67434 6260 6100 3 92236 92237 100609
67435 6100 6386 4 92236 92238 100632 100681
67436 5283 5609 4 92240 92241 92277 92361
67437 5903 5090 4 92245 92246 94377 92351
67438 6096 5247 6 92251 92252 92607 94542 94494 94386
67439 5491 6162 5 92253 92250 92702 94465 94411
67440 5247 6162 3 92251 92253 94387
67441 5380 5706 3 92256 92254 92263
67442 6612 6839 4 92266 92267 92705 92641
67443 5748 5437 4 92270 92271 92494 92482
67444 6654 6561 6 92275 92276 92515 92582 92581 92474
67445 6057 6260 3 92282 92284 100612
67446 8259 8698 6 92286 92287 94782 94683 94684 94952
67447 8534 8481 6 92288 92285 94966 97226 97227 93964
67448 8534 8259 6 92285 92287 94783 95602 95265 94965
67449 7378 7407 5 92293 92294 95007 95085 95083
67450 7378 7486 3 92294 92291 94284
67451 7378 7558 6 92291 92293 94267 94268 93444 93445
67452 7407 7486 6 92292 92294 95006 95069 95068 95182
67453 8498 8171 6 92301 92302 95339 95340 95344 95039
67454 8089 8053 3 92303 92300 93436
67455 8089 8498 8 92300 92302 95342 95333 95332 95318 95320 95346
67456 6169 6811 3 92305 92306 94197
67457 6003 6654 4 92308 92309 92376 92582
67458 6003 6187 9 92307 92308 92580 92624 92579 92578 92618 92593 92595
67459 5614 5867 3 92310 92312 95810
67460 5678 6130 3 92311 92313 94369
67461 5069 5609 5 92315 92316 92361 92362 92363
67462 6546 6898 3 92317 92318 95150
67463 7454 7059 6 92320 92321 94637 94675 94673 95086
67464 7058 7454 5 92319 92321 94638 95089 97595
67465 7059 7180 4 92320 92322 94715 94714
67466 7401 7558 5 92323 92324 92326 93954 93951
67467 7558 7176 4 92325 92326 95183 94717
67468 7413 7176 6 92327 92325 94718 95041 95040 95081
67469 7401 7176 6 92326 92327 95082 95080 94947 94946
67470 6546 6038 5 92328 92329 94227 92332 92330
67471 7856 7598 3 92335 92336 94529
67472 7768 7598 5 92336 92337 93909 94744 94531
67473 7598 7693 8 92335 92337 93907 95172 93717 93716 95052 94986
67474 7991 7693 6 92338 92339 97541 97345 95017 95018
67475 7991 8103 5 92339 92340 93271 93269 95208
67476 7454 7693 6 92341 92338 95593 95144 95067 94971
67477 7454 7991 4 92338 92340 95684 95686
67478 6277 6928 4 92344 92342 93583 95035
67479 5797 5864 3 92346 92347 94882
67480 7478 6942 3 92350 92348 94755
67481 7167 6908 5 92355 92356 94240 94241 94292
67482 6717 7167 4 92354 92356 93826 93825
67483 5617 5758 4 92368 92369 92478 92427
67484 6012 5957 6 92374 92375 92400 92460 92438 92437
67485 6147 5765 4 92381 92382 92387 92627
67486 6147 5811 5 92382 92383 92386 92384 92388
67487 6147 6057 7 92384 92385 92412 92513 92743 92738 92475
67488 6147 5914 3 92385 92386 92413
67489 6561 6617 4 92401 92402 92649 92591
67490 6639 6358 3 92404 92405 94896
67491 6152 5758 4 92406 92407 92495 92445
67492 6057 6234 5 92410 92411 92508 92492 92490
67493 5645 5787 6 92416 92417 92420 92424 92423 92422
67494 5645 5734 4 92417 92418 92419 92421
67495 5645 5671 3 92424 92425 92426
67496 5569 5904 3 92430 92431 92459
67497 6266 5905 3 92439 92441 92528
67498 5905 6237 4 92442 92443 92467 92466
67499 6481 6100 5 92450 92451 100293 99492 99490
67500 5748 5368 4 92454 92455 92486 92456
67501 5811 5758 4 92457 92458 92463 92495
67502 6012 5822 4 92460 92461 92477 92462
67503 6669 6500 5 92469 92471 100707 92689 92690
67504 6839 6352 3 92472 92473 92641
67505 5822 5758 4 92478 92479 92481 92480
67506 7472 7868 3 92487 92488 97519
67507 7640 7868 6 92488 92489 98463 98381 98379 97520
67508 7868 7752 9 92487 92489 98462 98461 98466 98468 98493 98448 98387
67509 5989 5550 3 92498 92499 100636
67510 5592 5879 3 92500 92497 100969
67511 5618 5545 6 92501 92502 100508 100459 100457 100768
67512 5618 5279 5 92502 92503 92657 100532 100509
67513 6414 5696 3 92506 92504 100733
67514 6414 6260 5 92504 92505 100606 100403 100401
67515 5889 6097 3 92517 92518 92519
67516 5889 5914 5 92520 92521 92524 92523 92522
67517 5889 5613 4 92524 92525 92526 92527
67518 6057 5957 3 92530 92531 92532
67519 7035 7398 5 92536 92537 100306 99700 99698
67520 7494 7398 5 92539 92536 99744 99743 100145
67521 7494 7035 5 92536 92538 100331 100189 100031
67522 5589 5992 6 92540 92541 92551 92546 92545 92547
67523 5992 5662 4 92543 92544 92552 92546
67524 5812 6003 4 92557 92558 92578 92597
67525 6874 6371 6 92560 92561 100878 100640 100641 100738
67526 6874 6709 7 92561 92562 100745 94295 94296 100885 100879
67527 6700 6874 6 92560 92562 100876 100185 100097 100096
67528 6709 6371 4 92561 92563 100817 100818
67529 6377 6863 4 92564 92566 94928 94274
67530 9990 10195 6 92569 92570 99631 99632 99680 101584
67531 10239 9990 3 92568 92570 101337
67532 10195 9970 3 92569 92571 101588
67533 6877 7245 5 92572 92573 94953 94984 94926
67534 7193 7245 4 92573 92574 94630 94672
67535 5592 6482 4 92576 92577 94262 101028
67536 6003 6561 4 92580 92582 92598 92645
67537 5989 6201 8 92583 92584 92703 100785 100828 100864 94379 92697
67538 8009 8176 4 92587 92588 100246 93283
67539 8009 8326 7 92588 92589 99850 100195 100228 100244 100248
67540 8239 8326 4 92589 92590 94088 99851
67541 8326 8176 6 92588 92590 94086 99507 99685 100247
67542 6187 6152 5 92594 92595 92620 92621 92628
67543 7167 6756 3 92602 92603 101077
67544 6352 6243 3 92605 92606 100624
67545 7348 7716 3 92610 92611 100887
67546 6132 5491 5 92612 92613 94441 94411 94412
67547 6132 5355 5 92613 92614 94202 94429 94432
67548 5419 6132 6 92612 92614 94203 94430 94439 94428
67549 6187 5647 3 92617 92618 92619
67550 7004 7063 6 92622 92623 93042 93050 93045 92650
67551 6187 6038 3 92624 92625 92647
67552 6187 6147 3 92626 92627 92628
67553 8205 8030 6 92630 92629 98607 98606 99154 99638
67554 7716 8649 5 92634 92631 101123 101044 100816
67555 7716 8663 4 92631 92633 94502 101122
67556 8417 8649 4 92632 92634 100815 100985
67557 7335 6874 4 92635 92636 101079 101093
67558 6756 6874 6 92636 92637 100639 100641 100182 100184
67559 6833 6996 5 92638 92639 93213 93004 93003
67560 7890 8015 6 92642 92643 95187 94741 94742 94924
67561 8137 8015 4 92643 92644 95221 95189
67562 8015 8492 6 92642 92644 95463 95211 94983 94925
67563 6038 6561 5 92645 92646 92649 92648 92647
67564 7348 7460 3 92652 92653 100881
67565 7348 7532 6 92653 92651 100887 100869 100870 100880
67566 7820 8034 6 92655 92656 93950 94314 94233 93295
67567 6863 6847 8 92658 92659 94991 94943 94920 94835 94211 94212
67568 7176 6847 7 92664 92665 93550 94201 94920 94661 94660
67569 7176 7059 4 92665 92666 94918 93551
67570 6898 7176 3 92664 92666 94917
67571 7237 7319 5 92667 92668 93242 99701 100022
67572 7421 7319 3 92668 92669 92866
67573 8030 7816 4 92672 92670 92788 100136
67574 8814 8466 5 92676 92677 93426 99021 99550
67575 8651 8814 5 92675 92677 93427 93640 93642
67576 7850 8230 3 92678 92679 92751
67577 7427 7505 6 92681 92682 100130 99711 93246 93244
67578 7427 7375 3 92682 92683 100129
67579 8957 8635 3 92684 92685 93534
67580 8961 8883 5 92686 92687 93793 94015 93543
67581 8961 8957 7 92684 92686 93273 93275 94118 93166 93165
67582 6249 6500 5 92688 92689 100684 100683 92740
67583 7294 6799 5 92692 92693 100899 94337 94338
67584 7167 7294 3 92691 92693 94476
67585 6612 6654 4 92694 92695 92705 92696
67586 6162 5666 6 92701 92702 100530 100529 100998 101169
67587 7499 7197 4 92711 92712 100146 92793
67588 6204 6407 3 92714 92715 100118
67589 6204 6728 6 92713 92714 100117 100203 100452 100471
67590 7648 7391 5 92717 92718 93124 92897 92864
67591 7624 7648 5 92716 92718 93285 93196 92865
67592 6664 6745 4 92722 92723 100538 100368
67593 6813 6664 7 92722 92724 100644 100671 99679 99676 100367
67594 7072 7237 5 92727 92728 99030 92855 92856
67595 7072 7421 5 92728 92729 93507 93508 99479
67596 5700 5715 4 92735 92733 100601 100602
67597 6378 6249 4 92736 92737 92740 92741
67598 6611 6147 3 92738 92739 92742
67599 6147 6673 4 92742 92743 92755 92777
67600 6673 6352 4 92745 92746 92750 92777
67601 6654 6673 4 92744 92746 92748 92747
67602 7130 6896 5 92758 92759 92820 92891 99540
67603 6371 6756 6 92771 92772 94247 100827 100642 100641
67604 6243 6371 5 92770 92772 94248 100822 100624
67605 6322 6230 4 92774 92775 100552 92776
67606 6935 6896 3 92779 92780 100311
67607 7002 7334 4 92781 92782 93432 93433
67608 7002 7462 6 92782 92783 100812 100801 100802 93628
67609 7103 7002 7 92781 92783 100842 100152 93438 93437 94303
67610 7847 7816 7 92788 92786 93302 100099 100238 92798 92800
67611 7130 7499 3 92793 92794 100270
67612 8816 8576 7 92796 92797 99151 93939 93938 94037 94038
67613 8816 8918 4 92797 92795 99358 99150
67614 7396 7165 6 92801 92802 92807 99106 93156 92980
67615 7976 8041 5 92804 92803 99142 93465 93466
67616 7220 7115 5 92809 92810 93012 92814 92815
67617 7115 7124 3 92808 92810 93011
67618 7648 7794 5 92811 92813 100080 93494 93132
67619 6990 7074 4 92817 92818 92952 92953
67620 7130 6977 3 92820 92821 92836
67621 8574 8315 4 92822 92823 99194 99193
67622 8574 8473 5 92823 92824 98576 98577 99185
67623 8480 8574 6 92822 92824 98834 98836 98852 98966
67624 6919 6611 4 92827 92828 93234 92829
67625 6819 7088 6 92833 92834 100597 100712 100713 100715
67626 7064 7088 8 92834 92835 100177 100178 100315 100314 100170 100169
67627 7064 6670 6 92835 92832 100702 100701 100665 100664
67628 7064 6819 6 92832 92834 100172 100137 100139 100711
67629 7088 6670 3 92833 92835 100699
67630 9348 8947 6 92838 92839 101255 101523 101179 94180
67631 8947 8649 4 92838 92840 101178 94181
67632 7648 7142 4 92844 92845 92896 92897
67633 7648 7255 4 92845 92843 93126 93127
67634 7648 7319 7 92843 92844 93124 93285 99733 93170 93169
67635 7398 7088 3 92847 92848 100162
67636 7026 7504 3 92849 92846 100123
67637 8646 8513 5 92850 92851 99646 99669 93523
67638 7380 5716 6 92852 92853 99522 100919 100918 101356
67639 7092 7306 3 92857 92858 100116
67640 7092 7072 9 92855 92857 100115 100377 100378 100703 93478 93475 99031
67641 8171 8622 3 92860 92859 95340
67642 8610 8548 8 92871 92872 99302 93135 93137 98220 98275 98027
67643 7319 7377 6 92880 92881 100220 99732 93170 93168
67644 7114 7319 4 92879 92881 100219 93068
67645 8341 8345 10 92882 92883 93301 93300 93650 94075 93575 93574 93587 93480
67646 8750 9030 7 99593 92886 92884 99132 99252 99576 -1
67647 6670 6784 10 92887 92888 100695 100663 100664 100699 100714 100414 100209 100207
67648 6230 6784 5 92890 92887 99799 93189 93188
67649 6230 6670 4 92887 92889 100073 100227
67650 7061 7820 4 92894 92895 94228 94229
67651 7061 7625 5 92895 92892 94753 94557 94559
67652 6481 6326 8 92901 92902 100686 100688 100678 100676 100685 100675
67653 8145 8030 6 92904 92903 99529 99155 98606 98608
67654 7074 7277 5 92909 92910 92974 92933 92930
67655 8611 8709 7 92913 92914 98816 98817 99269 99267 99222
67656 8616 8789 4 92915 92916 99246 99265
67657 7772 7505 4 92919 92920 93247 93246
67658 7499 7772 5 92919 92921 98159 100274 99710
67659 7148 7165 4 92931 92932 92954 92993
67660 6792 7115 5 92935 92936 92999 93029 93030
67661 6792 7158 3 92936 92934 92998
67662 7732 7530 5 92940 92941 99081 98913 98914
67663 6763 6585 6 92944 92945 92946 92947 92963 92960
67664 7881 7557 3 92950 92948 93767
67665 8486 8576 4 92956 92957 94037 93581
67666 6763 6418 4 92959 92960 92977 92962
67667 6763 6289 4 92963 92964 92966 92977
67668 6763 6597 4 92967 92968 92970 92969
67669 6763 6524 4 92971 92972 92973 92978
67670 7413 7625 5 92975 92976 93462 93463 94756
67671 7639 7391 4 92983 92982 92984 92997
67672 7276 7557 4 92991 92990 92992 93054
67673 7063 7276 6 93007 93008 93023 93025 93042 93049
67674 7115 6994 7 93009 93010 93014 93030 93037 93011 93012
67675 6477 6162 4 93018 93019 100998 101166
67676 7827 8274 3 93022 93020 93516
67677 7827 7884 10 93020 93021 94283 93313 93312 93392 93366 93316 93315 93515
67678 7843 7368 4 93032 93034 95180 93059
67679 7131 6968 3 93035 93036 93067
67680 8347 8285 8 93039 93040 93653 93726 93703 93700 93701 93077
67681 8341 8285 4 93040 93041 93636 93654
67682 8341 7948 4 93041 93038 93301 93635
67683 8341 8347 7 93038 93040 93652 93750 93651 93649 93300
67684 8285 7948 3 93039 93041 93078
67685 7063 6945 4 93043 93044 93052 93048
67686 7063 6795 5 93045 93046 93047 93048 93053
67687 7063 6952 5 93049 93050 93053 93052 93051
67688 7276 7454 5 93054 93055 94638 94637 95126
67689 8343 7890 3 93060 93061 94676
67690 8343 7818 8 93061 93062 95561 95213 95212 95263 94982 94677
67691 8160 8089 5 93064 93065 93348 93759 93783
67692 8171 8160 4 93063 93065 93347 93902
67693 7185 7114 7 93068 93069 93233 93231 93232 100200 100222
67694 7105 7162 4 93070 93071 100753 101434
67695 6747 7105 5 93070 93072 101379 101403 101436
67696 7378 7449 4 93074 93075 93308 93276
67697 8347 8160 3 93076 93077 93647
67698 8285 8160 9 93077 93078 93636 93840 93347 93348 93746 93317 93318
67699 8964 8786 7 93083 93084 100053 100051 100046 100045 99085
67700 8964 9160 5 93084 93081 94607 102308 102513
67701 8786 9160 3 93082 93084 102751
67702 7378 7059 7 93085 93086 93105 93099 93100 93779 95085
67703 6928 7176 7 93087 93088 94200 94201 94919 95080 95033
67704 6928 7097 5 93088 93089 93320 95092 94852
67705 7028 7097 5 93089 93090 93399 93397 93321
67706 7028 7176 4 93090 93087 95034 95040
67707 7435 7754 3 93091 93093 99848
67708 8473 8502 6 93096 93097 99184 99185 99195 99671
67709 7378 6775 4 93098 93099 93103 93101
67710 7378 6833 5 93102 93103 93105 93104 93218
67711 8160 7697 3 93107 93108 93120
67712 8160 7884 9 93106 93107 93784 93783 93745 93317 93316 93322 93324
67713 8616 8611 4 93109 93110 99232 99267
67714 8530 8605 4 93111 93112 98771 99029
67715 8530 8616 5 93109 93111 99230 99249 99266
67716 8605 8611 5 93110 93112 98770 99224 99225
67717 8065 8351 3 93114 93115 98311
67718 7084 6862 5 93116 93117 93214 93212 93228
67719 8618 8314 4 93122 93123 98303 98304
67720 8618 8476 6 93123 93121 98787 98786 99279 98322
67721 8618 8529 5 93121 93122 99301 94040 94039
67722 8013 8184 6 93130 93131 93200 93453 93420 93419
67723 8618 8610 4 93135 93136 94042 94040
67724 8730 8548 4 93137 93134 93576 97668
67725 8428 8277 3 93141 93139 98922
67726 8428 8317 8 93139 93140 98286 98285 99235 98767 98752 98753
67727 7907 7827 4 93145 93146 93559 93772
67728 8347 7932 4 93147 93148 93810 93722
67729 8347 7827 7 93148 93145 93648 93647 93701 93515 93516
67730 8347 7907 5 93145 93147 93467 93468 93773
67731 8848 8439 5 93149 93150 101302 101303 99423
67732 8235 8474 7 93152 93153 93510 98348 98262 98263 99694
67733 8315 8474 4 93153 93154 98778 93511
67734 8474 8145 4 93152 93154 98128 98127
67735 7721 7165 4 93155 93156 99107 93158
67736 8041 7940 5 93160 93161 99064 99143 93465
67737 8382 8639 3 93163 93164 93360
67738 8957 8523 4 93166 93167 94120 94119
67739 8695 8957 6 93165 93167 94116 94043 93535 93534
67740 7319 7702 3 93168 93169 93223
67741 8036 8269 7 93171 93172 97532 98426 98413 98414 98264
67742 6953 7039 5 93175 93176 100475 99772 99773
67743 6953 7661 8 93176 93177 101401 101429 101439 100469 100470 100476
67744 7055 6953 7 93175 93177 101400 100159 100160 100433 100086
67745 8008 8513 4 93179 93180 93544 93545
67746 8008 8205 6 93180 93178 98607 98609 99668 99683
67747 7693 7558 5 93181 93182 95229 95172 95173
67748 7941 7558 4 93182 93183 94285 95053
67749 8183 7907 5 93184 93186 93770 93776 93468
67750 7413 7028 6 93192 93190 94967 95040 93399 93398
67751 7464 7648 6 93195 93196 99733 99734 100080 99965
67752 7464 7624 6 93196 93197 100155 93267 93266 100023
67753 8231 8013 9 93199 93200 93528 93530 100240 100252 100168 100164 93381
67754 8949 8733 5 93202 93203 93883 93748 93708
67755 8231 8867 3 93207 93205 99309
67756 8600 8867 4 93206 93207 99308 99440
67757 9808 10120 5 93208 93209 108292 107858 107254
67758 10291 10340 5 93210 93211 102796 107331 102387
67759 7084 6833 6 93213 93214 93215 93222 93218 93219
67760 7124 7084 5 93217 93219 93221 93220 93224
67761 7185 7074 3 93225 93226 93227
67762 7185 6862 5 93228 93229 93236 93230 93231
67763 6611 7185 6 93230 93232 100199 93241 93235 93234
67764 5640 5391 7 93237 93238 100833 94500 94499 100500 100121
67765 5035 5640 4 93237 93239 94399 100120
67766 6734 7185 4 93240 93241 100596 100321
67767 7427 7673 5 93244 93245 93486 100127 100128
67768 6940 7185 3 93250 93251 100069
67769 6090 6967 4 93255 93256 101035 101468
67770 6090 6205 5 93256 93257 101397 101357 101036
67771 5997 6090 7 93255 93257 101396 101406 101408 101421 101422
67772 5999 5698 3 93259 93261 100551
67773 7532 7364 4 93263 93264 100880 100525
67774 7786 7532 5 93262 93264 100870 100868 100898
67775 7237 7464 5 93265 93266 100022 100150 100078
67776 7464 7535 4 93265 93267 100264 100079
67777 8084 7991 5 93268 93269 95207 97288 97132
67778 8084 8103 3 93269 93270 95008
67779 8002 8103 6 93270 93271 95685 97291 97290 95009
67780 8002 7991 7 93271 93268 97133 97561 95682 95681 95684
67781 8957 9015 4 93273 93274 93668 93542
67782 8957 9054 8 93274 93275 94114 94115 102376 102375 94008 93925
67783 6133 4897 3 93279 93280 101118
67784 8008 8030 5 93281 93282 99111 98608 98607
67785 8176 7816 4 93283 93284 99255 99253
67786 7794 7414 6 93286 93287 100903 101094 94176 93370
67787 8812 8773 3 93291 93292 97392
67788 8481 8844 4 93293 93294 95670 95669
67789 8089 8285 3 93303 93304 93348
67790 7695 7884 7 93305 93306 93312 93314 95178 94273 93429
67791 7449 7907 3 93309 93310 93777
67792 7884 7378 4 93313 93314 94269 94268
67793 8285 7827 3 93318 93315 93701
67794 8285 7884 4 93315 93317 93702 93700
67795 8160 7827 4 93316 93318 93647 93367
67796 6717 7097 4 93320 93321 93826 94270
67797 7884 7948 3 93322 93323 93366
67798 8160 7702 3 93324 93325 93606
67799 7948 7648 3 93326 93327 93356
67800 9053 9177 5 93328 93329 93368 108064 107210
67801 9426 9266 6 93330 93331 95366 95367 101742 107257
67802 9426 9177 4 93331 93328 107211 102487
67803 9426 9053 4 93328 93330 101785 101786
67804 6539 6756 7 93333 93334 100600 100639 100642 100856 99741
67805 6539 6976 3 93332 93333 99739
67806 8949 9063 6 93340 93341 93748 93985 93986 108080
67807 8485 8322 4 93342 93343 94132 94122
67808 8485 8695 7 93343 93344 93786 93787 93561 93562 94126
67809 9548 9309 6 93349 93350 108062 108059 108055 102416
67810 8833 8604 7 93352 93353 99967 98840 98839 93836 93837
67811 7702 7987 3 93357 93355 93415
67812 8639 8476 8 93359 93360 98057 98059 99109 99087 99086 98990
67813 7904 7566 4 93361 93362 97091 98496
67814 5851 5419 5 93372 93373 94905 94632 94525
67815 5177 5851 7 93371 93373 94901 94236 94235 94188 94187
67816 9009 8990 4 93375 93376 99315 102841
67817 8937 8990 4 93376 93377 98186 98185
67818 8937 9009 8 93374 93376 99316 99363 99375 99275 99277 103191
67819 8990 9062 6 93375 93377 98800 98801 103110 102842
67820 8786 8466 9 93378 93379 94081 94079 99552 99550 100062 99944 99902
67821 8786 8322 3 93379 93380 99900
67822 8231 8786 6 93378 93380 99924 99310 99309 99903
67823 8561 7984 5 93384 93386 93655 94130 99933
67824 6481 6018 6 93387 93388 100216 99490 99491 99729
67825 7987 8351 4 93390 93391 93411 93409
67826 7671 8002 4 93393 93394 93760 93761
67827 7775 8042 7 93395 93396 97292 97552 97509 94023 94021
67828 7775 8002 5 93396 93393 95747 97558 97291
67829 7775 7671 6 93393 93395 95748 94737 94739 95579
67830 8042 8002 8 93394 93396 97290 97270 97269 97545 94977 93805
67831 7666 7065 3 93403 93404 99759
67832 5666 5219 4 93406 93407 100594 100752
67833 5449 5666 6 93406 93408 94264 94263 100530 100777
67834 8275 8429 6 93416 93418 102575 100103 99832 99831
67835 7711 8106 4 93421 93422 100441 100410
67836 8253 8490 6 93424 93425 97259 99236 99263 99028
67837 8651 8577 10 93427 93428 99157 99018 98857 98859 99171 99478 99592 99407
67838 7695 7984 3 93431 93429 94258
67839 7002 6951 6 93433 93434 94297 100180 94319 94303
67840 7331 7334 7 93435 93432 93629 100206 100503 100502 100892
67841 7331 7002 5 93432 93434 94298 98604 93628
67842 6951 7334 5 93433 93435 100897 100907 94304
67843 7103 6874 4 93437 93439 100908 94320
67844 7433 6657 3 93441 93442 94540
67845 6598 7478 4 93443 93440 94423 94691
67846 8835 9083 5 93447 93448 99960 99930 99928
67847 7711 7456 4 93449 93450 100108 99742
67848 7494 7711 6 93449 93451 100336 100371 100366 99743
67849 7773 7456 5 93450 93452 99736 99738 100109
67850 8466 8013 3 93453 93454 93528
67851 8466 8008 6 93454 93455 93546 93545 100230 93529
67852 7012 6715 3 93457 93458 100831
67853 7153 7012 7 93456 93458 100212 100211 100652 100945 100573
67854 7932 7843 3 93459 93460 94664
67855 7768 7625 6 93461 93462 95038 95167 95251 95290
67856 7401 7625 5 93463 93461 95300 95048 94757
67857 8755 8403 3 93470 93471 98000
67858 8574 8854 5 93472 93473 93537 99276 99530
67859 8574 8552 7 93473 93474 98852 98765 98763 99205 93538
67860 8578 8574 6 93472 93474 98836 98833 99520 99521
67861 6951 7072 3 93475 93476 100522
67862 6951 6734 6 93476 93477 100204 100516 100741 100596
67863 6734 7072 7 93476 93478 100667 100335 100334 100322 100321
67864 8184 8345 5 93479 93480 93588 93590 93591
67865 10239 10103 5 93481 93482 101554 101589 102328
67866 10409 10103 4 93484 93481 102289 102288
67867 10409 10239 6 93481 93483 102015 102155 102391 102329
67868 7772 7512 4 93487 93488 99709 99707
67869 7512 7673 6 93486 93488 99728 99658 99649 99650
67870 8399 8576 5 93489 93490 93659 93660 93524
67871 8962 8845 4 93492 93493 98528 98192
67872 9118 9290 4 93495 93496 102718 102716
67873 9118 9282 5 93496 93497 102755 108126 108127
67874 9013 9282 5 93497 93498 99258 99128 99129
67875 9013 9290 6 93498 93495 102421 101599 101598 102780
67876 9282 9290 8 93496 93498 93894 93893 98759 98760 102662 102819
67877 7462 7649 5 93499 93500 99627 99626 94287
67878 7823 7464 3 93503 93504 100175
67879 7435 7464 6 93504 93505 100079 100078 99768 99770
67880 7435 7836 3 93505 93502 100265
67881 7464 7836 6 93503 93505 100264 100155 99853 99852
67882 7072 7130 3 93506 93507 100174
67883 6940 7072 6 93506 93508 100069 100071 99705 99704
67884 8478 8235 4 93509 93510 98347 98252
67885 8478 8474 5 93510 93511 98912 98296 98294
67886 8347 7884 3 93514 93515 93700
67887 8703 8810 5 93517 93518 98934 98936 99216
67888 8703 8651 10 93518 93519 99481 99321 99322 99408 99478 99591 93643 93642
67889 8541 8703 4 93517 93519 99482 99405
67890 8056 7872 3 93521 93522 97867
67891 9118 9276 6 93525 93526 97931 97929 108106 99448
67892 9118 8971 6 93526 93527 102755 99226 99227 102756
67893 9243 9118 4 93525 93527 108126 99449
67894 8008 8231 3 93529 93530 100239
67895 8183 8339 8 93531 93532 93715 93627 93625 97496 94013 93639
67896 8183 8395 4 93532 93533 93633 93637
67897 8883 8695 5 93535 93536 93667 99314 94044
67898 8574 8937 5 93537 93538 99215 99376 99275
67899 8552 8937 5 93538 93539 98790 98842 98843
67900 9015 8883 4 93542 93543 93846 93669
67901 8231 8341 4 93547 93548 93549 94121
67902 8469 8534 3 93553 93554 95219
67903 8469 8731 5 93554 93552 95432 95413 95218
67904 9196 9493 6 93555 93556 102355 107990 102670 102671
67905 9083 8964 5 93557 93558 102538 100058 99085
67906 9083 9196 5 93555 93557 99084 99493 102686
67907 8964 9493 5 93556 93558 102545 99282 99284
67908 8561 8695 4 93562 93563 94116 94117
67909 8831 8515 5 93566 93567 97781 97780 97911
67910 8831 8712 7 93567 93568 97206 97207 97239 97007 97009
67911 8733 8831 6 93566 93568 97418 97679 93741 93743
67912 8399 8184 3 93570 93571 93590
67913 8322 8351 3 93572 93569 99000
67914 8695 8345 4 93573 93575 94074 93603
67915 877 1407 4 93577 93578 101858 122519
67916 877 1497 5 93578 93579 122279 118354 101859
67917 778 1497 4 93579 93580 113228 113227
67918 778 1407 6 93580 93577 122185 122187 122471 122494
67919 778 877 8 93577 93579 107876 107873 122930 122241 113352 113351
67920 1497 1407 8 93578 93580 122495 122503 122502 122505 122465 101860
67921 8427 8961 3 93586 93584 93710
67922 8345 8322 3 93587 93588 93589
67923 639 682 4 93592 93593 125438 112813
67924 639 625 4 93593 93594 124588 125434
67925 1024 625 4 93594 93595 112587 124589
67926 1024 682 8 93595 93592 111406 111407 124940 124942 124981 112585
67927 1024 639 5 93592 93594 124587 124778 112814
67928 625 682 6 93593 93595 112586 123036 123037 125436
67929 8637 8550 6 93596 93597 93630 97958 97956 98307
67930 8637 8281 3 93597 93598 93631
67931 8364 8637 5 93596 93598 97899 98679 98308
67932 8560 8587 4 93602 93599 98105 98846
67933 8560 8616 6 93599 93601 98984 98983 97812 97811
67934 7948 7853 3 93604 93605 93607
67935 7948 8131 3 93608 93609 93612
67936 9938 9759 6 93614 93615 104786 98750 98751 108027
67937 9759 9677 3 93614 93616 108073
67938 8714 8523 5 93617 93618 93916 93838 93804
67939 8609 8949 7 93619 93620 93852 93883 93985 93967 93915
67940 8442 7928 3 93621 93622 94780
67941 7928 8200 8 93621 93623 93905 94614 94613 95252 94694 94693
67942 8056 8183 4 93627 93624 93770 93714
67943 8056 8050 5 93624 93626 97823 93771 93769
67944 8637 8339 8 93630 93631 97899 98680 99166 97879 97878 97960
67945 8339 8550 3 93630 93632 97871
67946 8183 7948 5 93637 93638 93776 93714 93715
67947 8814 8703 5 93641 93642 98934 98935 99219
67948 8651 8864 4 93643 93640 99407 99590
67949 8703 8864 5 93641 93643 99589 98896 98895
67950 8485 8347 4 93652 93653 94018 94112
67951 8746 8541 7 93657 93658 98976 99488 99489 99506 99484
67952 8746 8576 5 93658 93659 99122 99151 98977
67953 8399 8541 5 93660 93657 99291 99290 99292
67954 8399 8746 5 93657 93659 99123 99502 99485
67955 7959 8247 3 93665 93663 93679
67956 8695 8816 4 93666 93667 99313 93939
67957 8830 8701 7 93670 93671 97327 97456 97455 94056 94054
67958 8516 8701 4 93671 93672 97909 97329
67959 8701 8735 7 93670 93672 97906 97237 97235 97975 97951
67960 8730 9007 6 93673 93674 93684 93682 98218 98198
67961 8987 8737 6 93678 93676 97939 97744 97743 98010
67962 9043 8737 3 93677 93678 94005
67963 7959 8314 5 93681 93679 98279 98297 98292
67964 9043 8858 4 93683 93685 98206 97961
67965 8433 8438 7 93688 93689 97748 97750 97787 97756 97755
67966 8433 8547 6 93686 93688 97820 97888 97910 97534
67967 8438 8381 5 93687 93689 97887 98216 97522
67968 8816 8486 3 93690 93691 94037
67969 8701 9023 6 93694 93695 97876 94056 94057 97975
67970 8701 8987 5 93695 93692 97873 98130 98132
67971 8065 8093 5 93706 93705 97836 97864 97852
67972 7693 7238 5 93717 93718 95064 95184 95173
67973 7363 7598 3 93719 93716 95026
67974 7238 7598 5 93717 93719 95025 93953 93952
67975 8154 7809 6 93723 93724 94764 94610 94609 95198
67976 8381 8548 6 93727 93728 98039 98267 98217 98216
67977 9198 9249 5 93729 93730 98157 97903 97905
67978 8921 8816 4 93732 93733 97979 108125
67979 8921 8685 5 93733 93734 96817 93891 93889
67980 8875 8921 9 93732 93734 96818 97994 97890 97892 108147 108143 108140
67981 9776 9743 3 93739 93740 99790
67982 8831 8830 7 93741 93742 97780 97456 97454 97944 97952
67983 8831 8516 3 93742 93743 97911
67984 8733 8830 3 93744 93741 94097
67985 8160 8274 3 93746 93745 93759
67986 9063 8733 5 93747 93748 93982 93983 97361
67987 8695 8427 3 93752 93751 93787
67988 9293 9278 5 93753 93754 104892 108185 108160
67989 9293 9059 5 93754 93755 108163 101816 101814
67990 9059 9278 6 93754 93756 108103 94101 94103 104893
67991 7180 7238 5 93763 93764 94990 94327 94325
67992 7180 6863 4 93764 93765 95162 94991
67993 7363 6863 5 93765 93766 95010 95127 95128
67994 7368 7378 7 93778 93779 95083 94267 94269 95177 94331
67995 7368 7059 3 93779 93780 95084
67996 8485 8635 4 93785 93786 94045 94112
67997 8949 8883 3 93788 93789 93793
67998 9427 9551 5 93790 93791 102734 99237 99238
67999 9551 9268 4 93790 93792 94143 94145
68000 9086 8792 5 93794 93795 98299 98302 99463
68001 8918 8869 8 93796 93797 98031 99306 99305 99373 102304 99326
68002 8918 9086 9 93794 93796 99325 99297 93895 93892 99213 99212 99465
68003 8869 8792 6 93795 93797 98030 98815 99175 99245
68004 9647 9917 3 93798 93799 99558
68005 9739 9917 4 93799 93800 108362 99560
68006 8442 8051 5 93801 93802 94780 93856 93854
68007 8200 8051 4 93802 93803 94695 94693
68008 8051 8498 9 93801 93803 95319 95318 95330 95202 95201 95307 94797
68009 8254 8149 7 93807 93808 97280 97646 97281 95783 95781
68010 8357 8189 7 93809 93806 95731 97142 97143 97266 97278
68011 8149 8189 4 93807 93809 97279 97458
68012 8481 8516 4 93814 93811 95457 93940
68013 8481 8419 5 93811 93813 95676 95678 97004
68014 7002 6819 6 93819 93820 100137 100171 100518 100521
68015 7002 6806 5 93820 93821 100179 100180 100138
68016 6806 6819 4 93820 93822 100710 100139
68017 9776 9717 6 93828 93829 102665 102914 99789 99790
68018 9551 9717 5 93829 93830 99237 99240 102658
68019 9551 9473 4 93830 93827 102021 102734
68020 9717 9473 4 93828 93830 102650 102651
68021 8997 9197 4 93833 93834 151697 151699
68022 8997 9250 4 93831 93833 151970 151938
68023 9197 9176 4 93832 93834 151907 151935
68024 8833 8663 3 93835 93836 101009
68025 9053 8622 4 93842 93843 95324 95410
68026 8796 8801 5 93844 93841 94102 93978 93977
68027 8622 8801 7 93842 93844 93945 93946 94785 95246 95245
68028 8013 8009 4 93848 93850 100240 100249
68029 8811 8442 6 93853 93854 93968 93969 95259 94587
68030 8811 8051 6 93854 93855 94421 94420 95306 94797
68031 8469 8051 4 93855 93856 94781 95582
68032 8923 8698 4 93858 93859 97369 97076
68033 8698 8882 6 93857 93859 97385 97383 97384 97343
68034 9808 9736 6 93860 93861 99082 99083 108069 102016
68035 9765 9736 5 93861 93862 102853 102550 102549
68036 9394 8631 3 93864 93865 94654
68037 9394 8558 5 93865 93866 105261 107196 107197
68038 8955 8558 3 93866 93867 95392
68039 8955 8631 8 93867 93864 94655 105336 108005 95073 95072 95391
68040 8955 9394 6 93864 93866 105260 95407 95406 94653
68041 8558 8631 8 93865 93867 95389 95146 94762 94763 94798 107199
68042 8456 8613 4 93874 93875 97338 98029
68043 8339 8516 5 93876 93878 97878 97779 94013
68044 9425 9438 5 93880 93881 107428 94066 94063
68045 9425 10029 7 93881 93879 107337 107248 107247 94158 94159
68046 9425 9742 4 93879 93880 97999 104277
68047 8467 8481 3 93884 93885 93886
68048 8921 8971 7 93889 93890 97976 97978 102757 102756 97979
68049 8921 8735 3 93890 93891 97977
68050 9290 9086 9 93892 93893 99816 99806 99562 99555 99557 101597 101598
68051 8918 9282 8 93894 93895 99298 99373 99168 99170 99259 99258
68052 8918 9290 3 93892 93894 102780
68053 9282 9086 3 93893 93895 99296
68054 10041 9742 6 93896 93897 108189 107342 107344 108212
68055 10041 9936 5 93897 93898 102340 102342 106887
68056 9677 10041 3 93896 93898 108203
68057 8205 8390 4 93903 93904 99692 99683
68058 7821 7598 4 93909 93907 95079 94745
68059 7821 7693 4 93907 93908 95209 95229
68060 9233 9034 4 93911 93912 102523 102524
68061 9233 9370 6 93912 93910 98785 98782 108098 102740
68062 9233 9157 5 93910 93911 102527 100040 100041
68063 8801 8714 5 93913 93914 93918 93977 93945
68064 8801 8949 3 93914 93915 93919
68065 8609 8801 8 93913 93915 93966 97368 95562 95227 94786 93946
68066 9059 8714 3 93918 93920 93924
68067 10150 9736 6 93921 93922 101983 108069 108070 102901
68068 10212 9736 4 93923 93921 102903 108288
68069 9054 9032 3 93925 93926 94009
68070 9119 9246 6 93927 93928 102649 101558 101561 98257
68071 9119 9427 6 93928 93929 102767 102802 102803 102804
68072 9160 9427 3 93929 93930 102730
68073 9160 9246 6 93930 93927 98258 99553 100030 102728
68074 9427 9246 5 93928 93930 102729 108120 102805
68075 8792 8667 3 93931 93932 99278
68076 8639 8667 7 93932 93933 98249 99110 99109 99183 99182
68077 8871 8458 4 93934 93935 98013 94029
68078 8871 8836 5 93935 93936 94100 94099 97786
68079 8712 8836 5 93936 93937 95506 95507 95478
68080 8712 8458 6 93937 93934 94030 97537 97536 97535
68081 8712 8871 5 93934 93936 95477 97007 94028
68082 8836 8458 4 93935 93937 97526 97525
68083 6976 6638 6 93942 93943 94409 94277 94275 94182
68084 6638 6477 4 93941 93943 94408 100081
68085 7857 8204 8 93947 93948 97567 97840 95142 95143 97216 97217
68086 7598 7558 4 93951 93952 95172 95079
68087 7401 7598 6 93951 93953 95044 95045 94744 94745
68088 9337 8923 3 93960 93957 95452
68089 9337 8931 8 93957 93959 97180 97286 107166 95454 95455 95451
68090 7982 8421 6 93962 93963 97633 97659 97674 97676
68091 8421 7857 4 93961 93963 97568 97567
68092 8812 8534 6 93964 93965 97146 97333 97334 97341
68093 9059 8609 5 93967 93966 97371 93984 93981
68094 8498 9053 6 93970 93971 95316 95350 95323 95324
68095 8498 8811 5 93968 93970 95244 95243 94797
68096 9053 8442 4 93969 93971 95315 95260
68097 5592 6275 5 93975 93976 94487 100969 94343
68098 9063 8609 3 93981 93982 93985
68099 9059 8733 3 93983 93984 97364
68100 9948 9822 5 93987 93988 94246 94244 104246
68101 9797 10166 4 93989 93990 103881 95488
68102 9797 9822 9 93990 93987 97426 97296 97295 104364 104811 104788 104784
68103 10166 9822 4 93988 93990 104785 103950
68104 9673 9778 3 93992 93993 95573
68105 7571 7454 6 93994 93995 94738 97481 97583 97595
68106 7571 7775 5 93995 93996 97555 97466 94737
68107 7572 7571 5 93994 93996 97556 97589 97594
68108 9119 8912 3 93998 93999 99274
68109 8864 9024 3 94000 93997 99198
68110 8864 9119 5 93997 93999 98893 98895 99196
68111 9054 9073 5 94008 94009 94025 104940 108108
68112 8883 8835 5 94017 94016 94044 99323 98431
68113 8697 8676 6 94019 94020 98036 98149 98147 98145
68114 7592 8042 4 94021 94022 97554 95749
68115 9073 9015 3 94024 94025 104941
68116 8712 8701 4 94030 94028 97009 97768
68117 9488 9445 5 94031 94033 108150 104925 104927
68118 8148 8526 3 94036 94034 99582
68119 8148 8205 5 94034 94035 99156 99154 99640
68120 8529 8610 6 94040 94041 99012 99063 99062 99302
68121 8709 8610 5 94041 94042 98259 98261 98288
68122 8709 8618 6 94042 94039 98787 98253 98255 98256
68123 8695 8835 6 94044 94043 94117 94126 94134 99324
68124 8667 8644 4 94047 94048 99110 99108
68125 8858 8644 6 94048 94049 98236 98254 98062 98060
68126 9032 8816 4 94050 94051 94059 108135
68127 8709 8789 6 94052 94053 99265 98287 98261 98260
68128 8830 8971 4 94054 94055 97976 97950
68129 8701 8971 3 94057 94054 97951
68130 8308 8235 4 94060 94061 98309 98262
68131 8131 8308 6 94060 94062 99090 99089 97914 97915
68132 9278 9438 6 94063 94064 101906 108139 108185 97998
68133 9278 9216 4 94064 94065 102508 101907
68134 9425 9278 5 94063 94065 108094 104278 97999
68135 9216 9438 6 94064 94066 101767 101769 101724 101726
68136 9413 9370 7 94068 94069 99990 99988 108240 104209 104210
68137 9073 9370 3 94069 94070 102753
68138 9073 9413 8 94067 94069 104207 97947 97949 104941 104940 102758
68139 8613 8356 3 94071 94072 98114
68140 8635 8345 3 94074 94075 94076
68141 8786 8746 4 94079 94080 104283 99620
68142 8786 8835 8 94080 94081 99900 99924 99929 99928 104943 104282
68143 8466 8835 3 94081 94082 99501
68144 8466 8746 7 94082 94079 99503 99505 99484 99485 99500
68145 8835 8746 7 94080 94082 99498 99324 99323 99364 102694
68146 8848 8001 8 94083 94084 101300 101302 101318 101478 100223 100224
68147 8848 8919 3 94084 94085 101301
68148 9026 9019 8 94089 94090 97442 97434 97435 97444 97360 97358
68149 9866 9861 6 94091 94092 104411 103946 102921 102922
68150 9826 9866 4 94094 94095 104392 104385
68151 9826 9829 6 94093 94094 104384 104393 104098 103875
68152 8875 8830 5 94096 94097 97952 96818 96819
68153 8925 8871 6 94100 94098 97429 97643 97398 95477
68154 9278 8801 4 94101 94102 108144 108102
68155 9278 8796 4 94102 94103 108065 108063
68156 6243 6799 5 94104 94105 94251 94355 94252
68157 9285 9131 8 94106 94107 104214 104215 104792 104868 106702 106739
68158 9285 9051 4 94107 94108 102771 102772
68159 9539 9051 4 94108 94109 97324 97326
68160 9539 9131 5 94109 94106 107131 105019 104906
68161 10059 9907 5 94110 94111 105490 110074 151705
68162 8957 8796 4 94113 94114 94118 94119
68163 8485 8231 6 94121 94122 94131 99940 94128 94129
68164 8917 8742 7 94123 94124 99996 102754 101484 100003 100001
68165 9024 8742 5 94124 94125 99426 102744 99997
68166 8485 8835 5 94126 94127 99938 94131 94132
68167 8561 8231 3 94130 94128 99932
68168 8231 8835 4 94133 94131 99941 99924
68169 8322 8835 6 94132 94133 99900 99501 99498 94134
68170 8015 7628 4 94135 94136 94659 94658
68171 9268 9468 7 94143 94144 99390 99397 99349 99347 99814
68172 9268 9633 4 94144 94145 102689 99391
68173 9880 10090 5 94150 94151 99371 99370 102692
68174 9661 9445 4 94152 94153 96389 96390
68175 9661 9936 4 94153 94154 106627 107408
68176 9725 9445 5 94155 94152 107062 108150 104820
68177 9936 9445 6 94153 94155 104821 106403 106404 107409
68178 10133 9548 6 94156 94157 107243 107244 107985 107925
68179 10133 10029 6 94157 94158 107220 101257 101258 102429
68180 9425 10133 3 94156 94158 107760
68181 10029 9548 3 94157 94159 107427
68182 9781 9438 4 94160 94161 108011 101804
68183 9426 9438 10 94162 94160 95281 95280 104213 107211 101786 101784 101769 100622
68184 10061 9438 5 94161 94162 100621 102430 102431
68185 10291 10133 5 94163 94164 107527 107219 101257
68186 10679 10368 7 94165 94166 107981 107465 107464 107423 107422
68187 10029 10368 6 94168 94165 107353 106276 106277 107325
68188 10029 10679 3 94165 94167 107349
68189 10291 10368 4 94166 94168 107329 107973
68190 5319 5632 5 94169 94170 100531 100799 94484
68191 8634 6499 7 94175 94172 94217 94216 94806 106336 107605
68192 8634 6878 3 94172 94174 94635
68193 7681 6499 5 94173 94175 107623 122167 94772
68194 8914 8649 6 94179 94181 94336 94335 102469 102346
68195 4870 5851 4 94186 94188 94210 94208
68196 6503 6165 4 94189 94191 94625 94740
68197 10310 10301 5 94192 94193 104886 104887 94820
68198 6304 6811 7 94195 94197 94954 94974 96020 94687 94688
68199 6133 7520 3 94198 94199 94508
68200 5419 5998 6 94203 94204 94454 94453 94904 94431
68201 5027 5851 5 94207 94208 94209 94878 94656
68202 4992 5851 5 94209 94210 94235 94234 94866
68203 7433 8634 5 94218 94216 94733 94732 94816
68204 7519 8634 6 94217 94218 94815 95393 94636 94635
68205 6183 6616 4 94219 94220 95953 95958
68206 6397 6535 6 94221 94222 94942 94948 95772 95844
68207 8004 7490 3 94230 94231 94706
68208 5568 5851 4 94234 94236 94382 94383
68209 5943 5845 7 94238 94239 100924 100976 100927 100929 100930
68210 6908 7097 4 94240 94242 95092 94270
68211 9754 9948 7 94243 94244 104815 104817 106824 95694 95523
68212 9754 9822 6 94244 94245 97099 97097 97453 104889
68213 10033 9822 8 94245 94246 103950 103589 103588 95057 95054 97452
68214 10033 9948 7 94246 94243 95524 104839 96135 96132 103949
68215 6371 6201 9 94247 94248 100824 100765 100766 100793 100794 100862 100828
68216 6756 6201 3 94249 94247 100785
68217 6799 6503 3 94250 94251 94390
68218 7495 7695 6 94255 94256 95176 94273 94258 94257
68219 5826 5743 6 94260 94261 94435 94433 95937 95841
68220 5666 6482 4 94262 94263 100529 100999
68221 7495 7884 5 94271 94272 94273 95179 94282
68222 6976 6233 5 94276 94277 101029 99837 99838
68223 6638 7105 6 94278 94275 99922 99906 99907 101004
68224 7495 7843 4 94279 94280 94282 95180
68225 7649 7334 3 94287 94288 100206
68226 6381 6169 6 94291 94290 94551 94552 94903 94341
68227 8172 7439 5 94293 94294 94858 94859 94813
68228 7294 7154 4 94300 94301 100803 99890
68229 7980 7335 5 94302 94299 100915 94307 94306
68230 6951 7103 3 94303 94304 94320
68231 7962 7980 7 94307 94308 99723 99724 99775 99777 101037
68232 7962 7335 5 94305 94307 100658 100660 100800
68233 8060 8053 3 94315 94313 95029
68234 7167 7414 4 94316 94317 94321 101086
68235 7114 7167 3 94316 94318 101082
68236 6951 6874 6 94319 94320 100907 100186 100185 100181
68237 7180 7407 5 94325 94326 94714 95122 95124
68238 7180 6898 9 94326 94327 95125 95148 95154 95150 95151 95116 94715
68239 7368 7495 7 94330 94331 95176 95179 95180 95175 95174
68240 10382 9638 5 94332 94333 106550 107042 106557
68241 10399 9638 7 94334 94332 106482 106459 106455 106454 106312
68242 10100 9638 6 94333 94334 105817 96235 96233 106185
68243 6756 7348 3 94339 94340 100783
68244 6381 5851 4 94342 94341 94632 94528
68245 7786 7716 3 94345 94346 100898
68246 5568 6169 5 94347 94349 94382 94902 94909
68247 6304 5872 4 94348 94350 94808 94954
68248 6998 6501 3 94352 94353 99873
68249 6482 6799 6 94354 94355 94390 94391 94442 94410
68250 10382 9374 6 94356 94357 106260 106417 106557 105253
68251 10382 9671 5 94357 94358 106371 94822 94823
68252 10562 9374 3 94359 94356 105254
68253 10562 10382 6 94356 94358 106437 106439 104603 104600
68254 9671 9374 6 94357 94359 107035 95500 95499 106261
68255 6477 7294 3 94360 94361 101078
68256 6827 6756 5 94363 94364 100783 100782 100913
68257 5618 5357 4 94367 94368 100508 100509
68258 5528 5618 7 94366 94368 100459 100458 100947 100838 100775
68259 10340 9781 4 94373 94371 95032 101795
68260 6378 6201 5 94381 94379 100863 100794 100528
68261 6378 5989 4 94379 94380 100784 100865
68262 6096 6132 6 94385 94386 94488 94490 94581 94501
68263 6503 6482 5 94388 94389 94390 94392 94740
68264 7894 7460 3 94396 94397 100524
68265 5035 6242 5 94399 94400 100345 100346 100541
68266 7894 8439 3 94402 94403 101011
68267 8439 7716 6 94402 94404 100619 101261 101122 101123
68268 6638 6275 3 94408 94409 100082
68269 6335 6631 4 94413 94414 99429 99430
68270 6522 6546 7 94416 94417 95911 95909 95907 95691 95692
68271 8259 8343 7 94418 94419 94782 94783 94556 94555 94993
68272 8259 8811 4 94419 94420 94682 94683
68273 8051 8343 5 94421 94418 95592 95581 95582
68274 8811 8343 5 94419 94421 95636 95642 95078
68275 8471 7478 4 94423 94422 94735 94692
68276 6005 6829 3 94426 94427 94550
68277 5419 6381 5 94430 94431 94903 94632 94440
68278 5743 5532 5 94435 94436 95975 95976 95977
68279 5743 5976 5 94436 94433 95938 95974 95989
68280 5532 5976 6 94434 94436 95993 96658 96265 96263
68281 6657 7520 4 94437 94438 94480 94666
68282 5419 6005 6 94439 94440 94525 94475 94474 94479
68283 7817 7631 5 94444 94445 95704 95659 95629
68284 7817 7800 6 94443 94444 95108 95107 97542 95674
68285 9997 9352 3 94446 94447 99884
68286 6080 6165 5 94448 94449 94625 94461 94460
68287 7363 7556 5 94450 94452 95161 95159 95599
68288 9813 9519 3 94455 94456 107494
68289 9813 10471 7 94456 94457 108022 105284 105282 101931 101932
68290 9550 10471 6 94457 94458 99981 99982 102408 108023
68291 9550 9519 4 94458 94455 101728 100005
68292 9550 9813 5 94455 94457 108021 107923 107495
68293 10471 9519 6 94456 94458 100006 99672 99674 102319
68294 8126 8481 5 94463 94464 95632 95680 94966
68295 8152 8126 6 94462 94464 95631 97289 95634 95566
68296 5458 6130 4 94466 94467 95809 94916
68297 7818 6981 8 94471 94472 95859 95861 95878 95877 96109 95885
68298 5901 5419 4 94473 94474 94507 94512
68299 7167 7335 9 94478 94476 101042 101077 101081 101082 101086 101075 101073
68300 7364 7335 4 94477 94478 101072 100571
68301 6878 5175 3 94482 94483 94566
68302 5550 6275 4 94487 94485 100790 100968
68303 5550 5666 5 94485 94486 100730 100787 100789
68304 5901 6096 4 94488 94489 94568 94494
68305 6005 6096 3 94489 94490 94569
68306 7045 7679 3 94492 94493 96068
68307 5391 6233 4 94497 94495 100500 100501
68308 5666 5640 3 94498 94499 100435
68309 754 432 4 94504 94505 112939 112940
68310 288 777 4 94506 94503 102240 102239
68311 288 754 7 94503 94505 112938 112995 113090 112996 112997
68312 6676 6133 6 94508 94509 94562 94570 101025 94511
68313 6676 6005 7 94509 94510 94549 94550 94579 94569 94563
68314 5345 8064 4 94515 94513 99843 101209
68315 6541 8064 7 94514 94515 101208 101899 101306 101293 94545
68316 8634 8859 4 94518 94519 106602 95462
68317 8634 8172 5 94516 94518 95450 95393 95326
68318 8859 9008 4 94517 94519 106866 96103
68319 6915 6676 7 94520 94521 101032 101033 101234 107885 101218
68320 6096 6676 7 94521 94522 94581 94569 94568 94542 94541
68321 7768 7628 4 94530 94531 95190 95242
68322 7628 7598 5 94529 94531 95045 95046 94986
68323 7928 8051 6 94532 94533 95581 94781 94780 94693
68324 7768 7928 6 94532 94534 95242 95299 95290 94694
68325 9257 6133 3 94536 94537 107283
68326 6518 7550 4 94543 94544 100905 101068
68327 6676 6579 3 94546 94547 94549
68328 7771 8259 4 94554 94555 94992 95572
68329 8343 7817 4 94556 94553 95213 95643
68330 7061 7478 3 94560 94557 94667
68331 7520 7478 6 94558 94560 94666 94691 94692 94734
68332 6676 5901 4 94562 94563 94568 94571
68333 5175 7681 5 94566 94567 96073 107614 94772
68334 8001 7957 5 94574 94575 101318 101476 101231
68335 8439 8001 8 94573 94575 101302 100763 100762 101229 101261 101317
68336 6156 6275 7 94576 94578 101071 101096 101098 101018 101020
68337 6676 6132 3 94579 94580 94581
68338 9526 9394 5 94583 94584 106186 106382 107628
68339 9526 8567 3 94584 94585 106187
68340 8634 9394 5 94586 94583 107459 107458 107089
68341 8634 9526 5 94583 94585 106602 106867 107602
68342 8567 9394 6 94584 94586 107088 105260 105261 106188
68343 9096 8469 3 94588 94589 106556
68344 10084 9910 5 94590 94591 107182 106493 106491
68345 10368 9989 6 94592 94593 106275 106277 107323 105804
68346 10368 9910 3 94593 94590 107226
68347 10368 10084 6 94590 94592 105803 95385 95387 105033
68348 9989 9910 7 94591 94593 107188 107187 106869 106868 106900
68349 7970 7989 8 94594 94595 96074 96075 96868 96713 95785 95786
68350 7784 7989 4 94595 94596 96714 96823
68351 6304 6878 6 94597 94598 94843 94844 94760 94761
68352 5851 6878 5 94598 94600 94863 94862 94857
68353 8712 8472 6 94602 94603 95506 97535 95714 95716
68354 8844 8472 8 94603 94604 95670 95668 97052 97053 97090 95508
68355 8844 8712 4 94601 94603 95507 97422
68356 8472 8773 3 94602 94604 97372
68357 7809 8631 3 94610 94608 94763
68358 6373 6499 8 94611 94612 104722 94806 94807 94829 94832 94826
68359 7478 7928 5 94616 94613 95254 95295 95196
68360 7478 8200 4 94613 94615 95197 95253
68361 9901 10310 4 94617 94618 106559 106484
68362 9953 9901 5 94617 94619 107093 107092 106485
68363 1360 11714 4 94621 94622 122124 122131
68364 5523 409 3 94623 94620 122228
68365 7236 7371 6 94629 94627 97597 96803 96801 96800
68366 5326 6086 6 94633 94634 94842 94841 95932 95516
68367 1544 2809 5 94639 94640 107789 107790 122284
68368 1544 2996 5 94640 94641 101059 112645 113256
68369 2206 2996 4 94641 94642 118690 101060
68370 2206 1544 5 94639 94641 101058 122255 122285
68371 11281 10978 7 94644 94645 106247 101799 101800 107939 107895
68372 11397 10978 4 94645 94646 105307 105308
68373 11397 10510 5 94646 94643 106591 107661 107663
68374 11397 11281 4 94643 94645 102085 102084
68375 10978 10510 6 94644 94646 107845 107816 107815 107827
68376 6598 9005 3 94647 94648 107757
68377 10762 11056 5 94649 94650 106875 95897 95899
68378 10762 10779 4 94650 94651 107080 106876
68379 10368 11056 4 94652 94649 106578 107464
68380 10368 10762 5 94649 94651 95388 95385 106577
68381 9394 9376 8 94653 94654 107197 107193 107194 106901 106902 107688
68382 8955 9376 5 94655 94653 107689 107837 105335
68383 8631 9376 7 94654 94655 105334 95062 95061 107202 107199
68384 7818 8015 5 94657 94658 94982 94925 94924
68385 7679 7245 6 94662 94663 94953 94672 94671 95296
68386 7045 6549 4 94668 94669 94765 94880
68387 6304 6549 7 94669 94670 96020 96021 96038 96042 94766
68388 7454 7049 3 94674 94675 95126
68389 7818 8492 3 94677 94678 94925
68390 7625 8329 5 94681 94679 95024 95228 95220
68391 7625 8200 6 94679 94680 95251 95252 95253 95023
68392 8801 8698 5 94684 94685 97075 97076 95562
68393 8801 8259 4 94682 94684 95227 95226
68394 7784 7605 5 94690 94689 96782 96784 96785
68395 8200 7768 5 94694 94695 95321 95250 95251
68396 8631 8246 5 94697 94698 95072 95390 95146
68397 8471 8631 6 94696 94698 95073 108036 94804 94791
68398 8717 8900 3 94704 94702 96976
68399 8539 8900 5 94703 94704 96977 97102 97035
68400 7782 8558 3 94707 94709 94725
68401 7463 6191 3 94711 94712 96145
68402 6455 7439 3 94713 94710 94731
68403 7059 7407 8 94714 94716 94918 95002 95084 95085 95088 95086
68404 7597 7524 3 94719 94720 96750
68405 7597 7171 5 94720 94721 95724 95726 96748
68406 7683 7524 8 94722 94719 96758 95112 95111 95268 95900 95850
68407 7171 7524 5 94720 94722 95849 95872 96751
68408 8567 8004 3 94723 94724 96140
68409 1932 2307 7 94728 94726 122180 122107 120081 106609 106608
68410 1932 2758 4 94726 94727 115827 122179
68411 7520 8154 4 94734 94736 94777 95200
68412 7671 7454 3 94738 94739 95578
68413 7490 8015 3 94743 94741 95267
68414 7193 7420 3 94746 94747 95875
68415 6535 7078 5 94750 94751 95871 95999 96579
68416 6535 7075 6 94751 94748 94938 94936 94942 94949
68417 7078 7075 3 94749 94751 95864
68418 6657 7625 3 94753 94752 95047
68419 7231 7401 6 94757 94758 95082 95091 95036 95037
68420 6304 6455 6 94761 94759 94766 96081 96064 94830
68421 8558 8154 3 94764 94762 95145
68422 6549 6455 7 94766 94765 95845 94771 94770 94851 96063
68423 7679 7995 3 94774 94773 95283
68424 8698 8343 4 94784 94782 95078 95635
68425 8051 8801 5 94785 94786 95226 95306 95307
68426 11646 11716 7 94787 94788 95442 95443 101951 113283 107934
68427 11646 11281 6 94788 94789 107482 107834 101644 101645
68428 11281 11716 5 94788 94790 107897 107896 107712
68429 89 11758 9 94792 94793 121113 123144 149702 123989 123647 123646 123981
68430 11834 11684 5 94794 94795 109763 123252 123983
68431 11834 11758 7 94795 94792 123620 123619 109266 106978 106977
68432 11834 89 3 94792 94794 123982
68433 11684 11758 5 94793 94795 105878 105877 109313
68434 9550 9781 6 94802 94799 107266 108018 108021 108023
68435 10021 9781 5 94800 94802 108024 108012 101793
68436 8060 8631 3 94803 94804 108050
68437 5884 5872 5 94808 94809 94885 94912 94973
68438 7463 7676 4 94811 94812 94922 96146
68439 8567 7433 4 94816 94817 94819 94818
68440 10482 10310 8 94820 94821 104870 106808 106904 107032 106559 106561
68441 9008 9671 6 94823 94824 106120 106122 106615 106261
68442 4589 6499 4 94825 94826 94831 94827
68443 6499 6598 3 94828 94829 94833
68444 6086 5401 3 94840 94841 96036
68445 5256 6086 5 94840 94842 96032 94881 94883
68446 8142 7713 7 94847 94845 95515 95401 95400 96124 96175
68447 8142 8174 4 94845 94846 96062 95586
68448 6455 6034 4 94848 94849 94851 95942
68449 6034 6086 3 94848 94850 95943
68450 9917 9843 5 94853 94854 107227 108124 108101
68451 9887 9917 3 94853 94855 104291
68452 6811 5884 6 94864 94865 94975 94972 94973 94974
68453 521 588 5 94872 94873 106672 114318 114316
68454 521 760 7 94873 94874 122729 122728 122331 118331 106671
68455 1001 760 4 94874 94875 119357 119358
68456 1001 588 4 94875 94872 122126 122267
68457 1001 521 7 94872 94874 122694 122693 116061 116060 122125
68458 760 588 7 94873 94875 106648 106650 120190 120189 106673
68459 6981 6535 4 94877 94876 95886 95832
68460 5872 5535 4 94884 94885 94913 94888
68461 5872 5234 3 94889 94890 94891
68462 7082 6876 3 94893 94895 95688
68463 7995 8546 4 94897 94898 95501 95510
68464 6657 6877 4 94899 94900 94985 94926
68465 6169 5177 4 94901 94902 94910 94906
68466 5419 6169 5 94903 94904 94911 94906 94905
68467 6169 5181 5 94907 94908 94911 94910 94909
68468 5401 5826 6 94914 94915 95947 95946 95531 95533
68469 6863 7176 4 94919 94920 94944 94947
68470 7620 7441 6 94929 94930 96838 96783 96781 96826
68471 7441 7458 4 94929 94931 96419 96417
68472 7236 7042 5 94932 94933 95152 95705 95138
68473 6932 7233 4 94934 94935 95664 95015
68474 6932 7236 5 94932 94934 95014 96800 95139
68475 6616 7075 5 94936 94937 94955 94940 94939
68476 7075 7171 10 94940 94941 94949 95864 95863 95403 95405 95849 95751 94957
68477 7075 6397 3 94941 94939 94942
68478 7042 7075 4 94957 94955 95644 95707
68479 7420 7556 4 94958 94960 95599 95625
68480 7420 6811 4 94961 94962 95827 95137
68481 6811 6130 3 94963 94964 94972
68482 8126 8534 5 94965 94966 97232 95646 95264
68483 8972 8209 5 94968 94969 96724 96925 96938
68484 5884 6475 3 94975 94976 95916
68485 8138 8042 5 94977 94978 95596 95595 97463
68486 7524 7898 3 94979 94980 96747
68487 7524 7631 5 94980 94981 95659 95702 96746
68488 8095 7524 6 94979 94981 95660 95110 95112 96766
68489 8211 8142 4 94987 94988 95401 95186
68490 7180 6847 4 94990 94991 95147 95125
68491 7457 7671 5 94994 94995 95288 95287 96717
68492 7821 7941 5 94996 94997 95053 95209 95117
68493 6811 6863 3 94998 95000 95127
68494 7407 7070 3 95001 95002 95011
68495 6399 6490 5 95004 95005 95753 95997 95896
68496 6311 6399 6 95003 95005 95752 95829 95608 95609
68497 7557 7407 4 95007 95006 95087 95088
68498 7236 6844 3 95013 95014 96801
68499 6844 7233 6 95013 95015 95665 95755 95754 96802
68500 7991 7771 5 95016 95017 97344 97543 97473
68501 7658 7991 5 95016 95018 95686 95681 95683
68502 8154 8200 5 95022 95023 95197 95198 95070
68503 8154 7625 5 95023 95024 95199 95200 95261
68504 7420 7598 5 95025 95026 95052 95046 95044
68505 8329 7820 3 95027 95028 95220
68506 10544 9781 4 95032 95030 101793 101794
68507 10544 9765 3 95030 95031 101792
68508 7231 7176 4 95034 95033 95082 95081
68509 9101 8900 4 95049 95050 104781 104279
68510 8803 8900 7 95050 95051 97087 97105 96866 96867 104783
68511 9659 9872 5 95055 95056 97169 97170 97319
68512 10033 9659 3 95054 95056 97447
68513 9872 9822 5 95055 95057 104814 104811 97320
68514 8955 8567 5 95058 95059 105260 95392 95391
68515 9376 9135 5 95060 95061 107201 104493 95379
68516 8631 9135 4 95061 95063 107176 107177
68517 7693 7407 4 95064 95065 95067 95068
68518 7363 7407 4 95065 95066 95124 95123
68519 7407 7454 6 95067 95069 95087 95086 95122 95123
68520 7123 8278 8 95075 95076 96350 96320 96152 96153 96239 96179
68521 6355 8278 5 95076 95077 96167 96194 96193
68522 6355 7123 7 95074 95076 96351 96349 95819 95820 96035
68523 7572 7058 3 95090 95089 97594
68524 6928 6839 3 95094 95095 95096
68525 9128 9472 3 95097 95098 104984
68526 7800 8126 4 95106 95107 97505 97506
68527 6508 6130 5 95114 95115 95917 95639 95638
68528 7363 6639 4 95119 95120 95163 95128
68529 6546 7363 4 95118 95120 95165 95691
68530 7775 8103 4 95131 95132 97292 97291
68531 10025 9561 5 95134 95135 107139 107138 95310
68532 9561 9319 8 95133 95135 107158 107068 106699 106700 107159 107082
68533 7857 8394 3 95141 95142 97838
68534 6639 7180 6 95147 95148 95164 95166 95163 95162
68535 7180 6546 6 95149 95150 95153 95166 95165 95907
68536 7180 6617 3 95153 95154 95164
68537 8209 7623 5 95156 95157 96916 96917 96919
68538 8211 7958 3 95158 95155 96862
68539 7623 7958 5 95156 95158 96861 96884 96883
68540 7768 8053 4 95167 95168 95322 95250
68541 8859 7995 5 95169 95170 96106 95510 95417
68542 7368 7695 3 95176 95177 95178
68543 7238 7486 3 95181 95182 95184
68544 7890 7995 3 95187 95188 95266
68545 7995 8015 6 95187 95189 95222 95284 95283 95267
68546 7679 8331 3 95192 95193 95270
68547 7038 7457 4 95194 95195 97485 95794
68548 8498 8525 5 95202 95203 95341 95333 95331
68549 8622 8498 9 95201 95203 95338 95340 95345 95325 95324 95244 95246
68550 8152 7991 4 95207 95208 97541 97289
68551 10047 9806 5 95214 95215 105608 105448 105393
68552 10047 9868 5 95215 95216 105603 105601 105610
68553 10060 9806 4 95217 95214 104686 104687
68554 10060 10047 7 95214 95216 105606 105605 104091 104093 105392
68555 9868 9806 4 95215 95217 105356 105507
68556 8137 8331 3 95223 95221 95464
68557 10154 10296 5 95230 95231 150656 150654 151613
68558 10117 10296 4 95231 95232 105528 150026
68559 10296 9937 6 95230 95232 105526 151685 151376 151375
68560 7458 7623 3 95234 95233 96848
68561 9260 9548 8 95235 95236 102425 99161 99162 108007 108037 108039
68562 9260 10128 4 95236 95237 101819 101817
68563 9989 9260 4 95235 95237 107384 108041
68564 9537 9893 6 95238 95239 105262 104657 104656 107357
68565 9537 9626 5 95239 95240 96170 105266 105263
68566 9719 9893 4 95241 95238 107356 107073
68567 9626 9893 5 95239 95241 107074 105496 105264
68568 8811 8622 3 95244 95245 95410
68569 8801 8498 3 95246 95243 95307
68570 6861 6196 6 95247 95248 95465 96247 96692 96689
68571 6530 6196 4 95249 95247 96521 96520
68572 6950 6196 6 95248 95249 96428 96430 96432 95466
68573 7625 7928 5 95254 95252 95290 95300 95298
68574 9392 9261 6 95255 95256 95534 104992 104990 105192
68575 9600 9392 6 95255 95257 103799 105272 105302 105255
68576 9216 8811 3 95258 95259 104853
68577 9053 9216 7 95258 95260 105556 101725 101726 101907 102510
68578 8534 8095 4 95264 95265 95603 95647
68579 7683 7890 3 95268 95269 95881
68580 8140 7867 5 95271 95272 97644 97538 97540
68581 8149 8140 5 95271 95273 96834 97201 97203
68582 8260 7890 4 95274 95275 95569 96174
68583 8329 8034 3 95277 95278 95312
68584 9438 9765 4 95281 95279 101237 101804
68585 8015 8004 3 95284 95285 95286
68586 7671 7592 5 95288 95289 95749 95748 95793
68587 7671 7803 5 95289 95287 97483 97482 97611
68588 9378 8546 5 95292 95293 107181 107184 107603
68589 8818 9374 5 95294 95291 95409 106562 105377
68590 8546 9374 5 95292 95294 105376 106513 107627
68591 7928 7245 5 95295 95296 95297 95311 95298
68592 7928 7401 4 95299 95300 95311 95301
68593 10477 9914 6 95303 95304 107657 107695 107591 107589
68594 8634 9914 6 95304 95305 107459 107602 106326 106325
68595 8634 10044 4 95305 95302 106481 107458
68596 8634 10477 5 95302 95304 107588 107576 106480
68597 9914 10044 5 95303 95305 106315 106314 106514
68598 9879 9561 3 95308 95310 107055
68599 9053 8906 5 95315 95316 95351 101743 105556
68600 8498 7768 5 95319 95320 95348 95322 95321
68601 8796 8498 3 95323 95325 95349
68602 7289 7616 4 95327 95328 95709 95961
68603 8498 7941 3 95330 95331 95332
68604 7569 7353 5 95334 95335 96486 96855 96857
68605 7569 6776 4 95335 95336 95614 96446
68606 7078 7353 5 95337 95334 96669 96668 95813
68607 8498 8523 4 95338 95339 95342 95341
68608 8498 8561 5 95343 95344 95345 95349 95350
68609 8498 7843 3 95346 95347 95348
68610 9512 9473 6 95354 95355 108086 108084 103346 103344
68611 9512 9427 5 95355 95356 103390 108123 108120
68612 9743 9427 6 95356 95357 102652 102715 102593 102592
68613 9427 9473 8 95355 95357 102650 102734 102713 102712 102804 102805
68614 9879 9391 3 95360 95358 107034
68615 9893 9391 5 95359 95360 107192 107186 104657
68616 9216 8906 7 95362 95363 105555 105556 107275 107276 107927
68617 8329 9216 3 95361 95363 106579
68618 8906 8631 3 95362 95364 107929
68619 9503 9266 7 95365 95366 102486 108112 107457 107455 108068
68620 9266 9765 3 95365 95367 101740
68621 10762 10084 6 95370 95368 106515 95386 95385 106397
68622 8471 9221 6 95371 95372 107745 107679 101841 101807
68623 9005 9394 5 95374 95375 95407 107088 107089
68624 9394 9333 6 95373 95375 95406 107688 107678 107154
68625 10978 11486 5 95376 95377 96100 96098 107525
68626 10477 11486 7 95378 95376 106266 106265 107655 107811 107720
68627 10044 11486 3 95377 95378 96131
68628 9135 9425 4 95379 95380 106908 104492
68629 10887 10531 6 95381 95382 104801 107241 107233 106352
68630 10887 10966 6 95382 95383 107429 106795 104226 104229
68631 11156 10966 6 95383 95384 106499 106724 106718 106719
68632 11156 10887 5 95381 95383 107413 107311 106353
68633 10084 10562 4 95386 95387 105032 107673
68634 10368 10562 4 95387 95388 107081 105034
68635 10562 10762 6 95386 95388 107080 107666 107665 107667
68636 8631 8567 3 95389 95390 95391
68637 9100 8209 5 95394 95395 96369 96370 96724
68638 8461 9100 3 95394 95396 96723
68639 8260 8731 4 95397 95398 95821 96198
68640 8731 8818 7 95397 95399 95413 95412 95528 105333 96200
68641 7561 7075 4 95403 95404 95536 95537
68642 7683 7075 5 95404 95405 95850 95901 96157
68643 8818 9319 7 95409 95408 107082 107160 105331 105333 106320
68644 8818 8469 5 95413 95414 104558 95511 95512
68645 9754 9587 6 95419 95420 104920 108078 104856 104449
68646 8263 8612 4 95423 95421 96733 96994
68647 8209 8612 8 95422 95423 96995 96244 96243 96936 96938 96956
68648 10037 10011 5 95424 95425 105242 105240 105278
68649 10037 9794 3 95425 95426 106100
68650 9712 10011 3 95427 95424 105280
68651 9794 10011 8 95425 95427 106257 106211 105756 105753 96422 96421
68652 8812 8931 4 95428 95429 97436 97451
68653 8840 8931 4 95431 95428 97411 97337
68654 8840 8812 6 95428 95430 97146 97443 104913 97450
68655 9772 10046 6 95433 95434 105568 105549 105537 105538
68656 9667 9896 6 95435 95436 146931 105194 105193 105475
68657 9667 10046 4 95436 95433 105544 105546
68658 9896 10046 5 95434 95436 146930 150051 105569
68659 8844 9072 3 95440 95438 97318
68660 11646 11618 5 95443 95444 101904 101129 101130
68661 11442 11646 4 95442 95444 101646 101645
68662 9638 8684 6 95445 95446 96126 96125 105281 106153
68663 9543 9261 4 95447 95448 105081 105083
68664 9337 9026 5 95455 95453 104460 104922 97441
68665 9337 9017 4 95453 95454 107152 104459
68666 9105 9143 4 95459 95460 151711 151479
68667 8900 9152 5 95461 95458 105027 96865 96867
68668 8900 9105 6 95458 95460 151223 102685 102684 105851
68669 9143 9152 6 95459 95461 105071 104114 97126 97128
68670 10273 10031 8 95467 95468 104566 108198 107416 107417 108130 108128
68671 10273 10310 4 95468 95469 102103 104567
68672 10335 10273 5 95467 95469 102102 107488 107487
68673 7947 7862 5 95473 95474 97579 97122 97121
68674 7947 8140 5 95474 95475 97586 97515 97516
68675 8204 7862 5 95476 95473 97218 97217 97539
68676 8204 7947 4 95473 95475 97704 97641
68677 8140 7862 5 95474 95476 97538 97688 97603
68678 8925 8712 7 95478 95477 97239 97241 97365 97367 97422
68679 8172 8004 5 95479 95480 96140 96141 96139
68680 8174 6191 3 95482 95483 95492
68681 6355 7439 3 95484 95481 96067
68682 8684 8142 4 95489 95490 96201 96062
68683 8684 8731 6 95490 95491 96148 105326 96200 96198
68684 6191 7046 4 95493 95492 95628 96144
68685 8684 8820 7 95497 95494 96276 105325 96148 96147 96177
68686 8684 8960 4 95494 95496 96125 96275
68687 7938 8342 5 95502 95503 97457 97223 96991
68688 8472 8342 6 95505 95502 96992 97052 97051 97145
68689 8472 8836 5 95508 95506 97526 97124 97123
68690 8844 8836 5 95507 95508 97182 97187 97186
68691 8859 8546 6 95509 95510 96102 96103 107604 107184
68692 11928 7669 3 95518 95519 96388
68693 9109 8655 4 95520 95521 149920 105121
68694 9109 8648 4 95521 95522 104205 104203
68695 9953 9948 3 95524 95523 95695
68696 8320 8183 3 95526 95527 97496
68697 8963 8818 3 95528 95529 105331
68698 6355 5826 3 95533 95530 95851
68699 7075 7713 3 95536 95538 96157
68700 258 11646 4 95544 95545 113283 113284
68701 258 208 10 95545 95546 114500 114501 112953 108878 108877 117483 117484 122393
68702 11311 258 3 95544 95546 118686
68703 7698 7570 7 95548 95549 96851 96831 96774 96718 96470
68704 8263 7570 5 95549 95550 96745 96896 96853
68705 8263 7616 5 95550 95547 96902 96752 96744
68706 8263 7698 4 95547 95549 96852 97025
68707 7361 8689 5 95552 95553 96385 96386 134726
68708 8995 7223 4 95554 95551 96397 150000
68709 8689 7223 3 95552 95554 134728
68710 7663 7483 7 95556 95557 96780 97484 97616 97608 96811
68711 8865 8608 7 95563 95564 96168 95855 95854 96367 106117
68712 8353 5523 4 95576 95577 106453 106631
68713 8353 7507 5 95577 95575 96048 106458 106452
68714 7775 7658 3 95579 95580 95747
68715 7698 7261 4 95587 95588 95787 96718
68716 7261 7605 7 95587 95589 95738 96820 96671 96673 96775
68717 6191 4407 6 95597 95598 95923 95925 96188 95926
68718 7800 7771 4 95600 95601 97473 95674
68719 7817 8534 5 95602 95603 95655 95656 95643
68720 8343 8934 4 95604 95605 95642 95635
68721 6311 6397 7 95610 95608 95830 95979 95957 95894 95892
68722 8423 8763 5 95618 95619 97670 97048 97049
68723 8423 8521 3 95619 95616 97184
68724 8084 8114 5 95620 95621 97072 97132 95679
68725 8084 8138 4 95621 95622 97559 97073
68726 8481 8084 6 95620 95622 95677 95676 95633 95632
68727 7363 6981 4 95623 95624 95826 95776
68728 8084 8126 4 95631 95632 95679 97288
68729 7353 7597 3 95640 95641 95726
68730 8126 8441 3 95645 95646 97471
68731 5717 5861 3 95648 95649 95978
68732 5717 5679 5 95649 95650 96633 96591 96409
68733 8441 7817 4 95651 95653 95655 95654
68734 7420 7818 3 95658 95657 95861
68735 8460 8638 4 95662 95663 96940 96939
68736 8460 8716 6 95661 95662 97316 97245 96879 96881
68737 8844 8138 5 95668 95669 97494 97491 97271
68738 8244 8419 7 95678 95675 97493 97507 97474 97476 97003
68739 8244 8084 4 95675 95677 97559 97492
68740 8126 8114 7 95680 95679 97504 97506 97472 97471 97232
68741 7991 7800 7 95682 95683 97473 97542 97505 97503 97562
68742 7454 8002 4 95684 95685 97558 95687
68743 9754 9979 3 95693 95694 107040
68744 7997 7621 8 95696 95697 97513 97821 97862 97486 97487 97739
68745 7596 7997 3 95696 95698 97214
68746 6876 7037 4 95700 95701 96453 95984
68747 8042 8216 6 95710 95711 97508 97512 97884 97546
68748 8042 8244 5 95711 95712 97463 97545 97507
68749 8127 8216 5 95713 95710 97547 97677 97470
68750 8244 8216 5 95711 95713 97166 97165 97474
68751 8244 8712 4 95714 95715 97238 97536
68752 7868 8024 5 95719 95717 98345 98334 98333
68753 8327 7999 3 95721 95722 97196
68754 8189 7616 4 95727 95728 96902 97022
68755 7898 7616 7 95730 95727 96791 96307 96308 96747 96765
68756 7900 7707 5 95732 95733 97700 97695 97694
68757 7671 7608 7 95734 95735 95746 95745 97483 96717 95784
68758 7671 7631 4 95735 95736 96809 96812
68759 7261 7314 6 95738 95739 96454 96716 96683 96682
68760 7633 7204 3 95742 95744 96700
68761 6143 6399 5 95752 95753 95996 95887 95888
68762 7233 6850 5 95755 95756 95789 95802 95780
68763 7819 7803 3 95760 95761 97596
68764 7233 6966 5 95764 95765 95778 95770 95768
68765 7276 7233 4 95768 95769 97592 95771
68766 9913 9685 4 95773 95775 105365 105364
68767 7233 6826 6 95777 95778 95790 95800 95789 95779
68768 8254 7889 4 95781 95782 97570 97571
68769 7698 7353 4 95787 95788 95962 96470
68770 7642 7803 3 95791 95792 97602
68771 7233 7371 4 95795 95796 96802 96803
68772 8656 8421 4 95799 95797 97669 97657
68773 7233 6688 3 95800 95801 95802
68774 5829 4992 5 95805 95806 95840 95838 96033
68775 6183 6185 5 95807 95808 96027 95966 95965
68776 7314 7365 3 95815 95816 96787
68777 6116 6397 3 95830 95828 95980
68778 11694 11734 5 95833 95834 121839 120879 120880
68779 11694 11358 5 95834 95835 106319 106317 121841
68780 5829 5067 4 95839 95840 96043 95902
68781 6535 6185 10 95843 95844 95966 96023 96008 96007 96578 95999 95998 96471
68782 5797 5027 4 95847 95848 95867 96051
68783 6981 7771 3 95859 95860 95862
68784 6981 6992 3 95873 95874 95876
68785 6981 7628 3 95878 95879 95880
68786 6960 8142 3 95882 95883 96124
68787 7683 6960 5 95881 95883 96123 95901 95900
68788 5913 6183 4 95890 95891 95952 95950
68789 11056 10272 7 95898 95899 106578 107439 107440 107719 107940
68790 11056 10978 4 95897 95898 101800 101802
68791 728 11869 6 95904 95905 122027 121150 121148 96338
68792 728 763 6 95905 95906 96298 120390 122000 122028
68793 683 728 7 95904 95906 96297 106253 106203 96271 96273
68794 6522 7180 4 95907 95908 95910 95912
68795 6508 6475 4 95916 95917 95918 95919
68796 7121 7730 6 95920 95921 96304 96305 96306 96322
68797 3100 7121 3 95920 95922 96325
68798 4407 5959 6 95923 95924 95987 96082 96078 96065
68799 5743 5440 7 95927 95928 95934 95970 95971 95976 95973
68800 6034 5376 5 95930 95931 95986 96045 96034
68801 5326 5864 3 95933 95932 95935
68802 6455 5829 5 95941 95942 96063 96081 96080
68803 5829 6086 4 95941 95943 96057 96056
68804 5760 5913 3 95948 95949 95959
68805 6311 6183 4 95951 95952 95956 95957
68806 5743 5073 3 95968 95969 95970
68807 5743 5701 4 95972 95973 95975 95989
68808 5722 5532 4 95981 95982 96614 96615
68809 3410 5959 4 95987 95988 105409 96084
68810 6698 6231 4 95990 95991 96268 96411
68811 5634 6301 5 95995 95994 96599 96600 96656
68812 6185 7078 4 95999 96000 96650 96577
68813 7171 6185 4 95998 96000 96632 96472
68814 7764 7970 3 96001 96002 96075
68815 6510 4007 5 96004 96005 96250 96291 96294
68816 6185 6960 3 96006 96007 96576
68817 6355 6185 4 96006 96008 96022 96570
68818 5733 5722 6 96017 96019 96150 96621 96623 96628
68819 5959 5129 4 96029 96030 96079 96065
68820 5829 6549 3 96042 96040 96063
68821 5175 5959 7 96052 96053 96090 96088 96087 106148 96073
68822 5959 4664 7 96054 96055 96091 96086 96083 96078 96079
68823 2609 2515 9 96058 96059 118315 118316 118663 122335 122389 122412 122490
68824 2609 3102 4 96059 96060 122483 120288
68825 3235 2515 6 96061 96058 122491 122217 122219 122293
68826 3235 2609 3 96058 96060 122482
68827 3102 2515 5 96059 96061 122298 122254 120289
68828 9922 9795 6 96070 96071 107095 107128 107103 107101
68829 9920 9795 5 96071 96072 104245 104244 105245
68830 9920 9922 4 96069 96071 106834 104659
68831 9795 10051 4 96070 96072 105597 105596
68832 6487 6865 3 96076 96077 96458
68833 5959 3409 7 96082 96083 96085 96087 106149 107722 96084
68834 5959 3613 4 96085 96086 96092 96088
68835 5959 4628 4 96089 96090 96092 96091
68836 102 11877 7 96094 96095 123243 123098 121223 121224 107558
68837 48 11705 5 96096 96097 106797 106798 121228
68838 48 11877 3 96097 96094 107560
68839 48 102 7 96094 96096 123301 124073 108718 108720 107559
68840 11705 11877 5 96095 96097 109265 123242 123241
68841 10978 11623 6 96098 96099 105308 106247 106662 107452
68842 11486 11075 9 96100 96101 122248 122249 107894 107814 107810 107720 96131
68843 11486 11623 4 96101 96098 107526 122246
68844 11075 11623 4 96099 96101 122250 105309
68845 10306 10300 5 96107 96108 105300 96224 96223
68846 11937 10845 6 96112 96113 106536 106544 106534 106533
68847 11156 10973 4 96116 96117 106606 106724
68848 11205 10846 4 96118 96115 106444 105428
68849 11205 11156 6 96115 96117 106596 106339 106338 106443
68850 11436 11777 5 96119 96120 108907 107475 107476
68851 11814 11524 4 96121 96122 123225 109223
68852 11814 11777 5 96122 96119 108888 116718 122796
68853 11814 11436 4 96119 96121 109221 108887
68854 11524 11777 5 96120 96122 118276 107366 107367
68855 8865 9219 5 96130 96127 106287 106115 106117
68856 8865 9480 3 96127 96129 96197
68857 9636 9219 6 96128 96130 106238 106237 106285 96214
68858 10301 9948 4 96132 96133 106961 104465
68859 10033 10325 9 96134 96135 104836 104077 104076 104439 104440 110016 104719
68860 10033 10301 3 96132 96134 104466
68861 10325 9948 3 96133 96135 104838
68862 11935 9480 4 96136 96137 96281 96213
68863 5232 6196 6 96143 96142 96554 96548 96547 96468
68864 8820 8731 3 96148 96149 105324
68865 8461 8820 7 96147 96149 107162 96969 96967 96914 96195
68866 11928 7561 5 96154 96151 96849 96877 96383
68867 8278 7561 3 96152 96154 96321
68868 11904 11901 3 96166 96163 121771
68869 11904 2140 5 96163 96165 121604 121963 121814
68870 8865 7123 3 96168 96169 96239
68871 7910 7969 5 96171 96172 96403 96404 96408
68872 7890 7713 4 96174 96175 96176 96196
68873 6039 11925 3 96182 96180 96376
68874 6039 7351 5 96180 96181 96310 96536 96375
68875 9140 9171 3 96183 96184 96378
68876 7507 4407 3 96188 96189 96255
68877 9820 9480 6 96190 96191 96281 96206 96204 96237
68878 8960 9820 5 96190 96192 96215 96217 96234
68879 8684 8260 5 96198 96199 106107 96202 96201
68880 8684 8818 4 96199 96200 106320 106562
68881 9915 9480 6 96204 96205 106525 105006 105007 106223
68882 9634 9915 3 96203 96205 106468
68883 9374 7507 4 96207 96208 105286 106483
68884 7507 9638 4 96207 96209 106458 106459
68885 7681 11123 3 96210 96212 122150
68886 9636 11935 5 96213 96214 106145 106147 106235
68887 9820 10661 5 96215 96216 106465 106416 96236
68888 8960 10100 3 96217 96218 96235
68889 10100 10661 6 96216 96218 105817 106313 96269 96270
68890 9820 10689 3 96220 96221 106177
68891 10100 10250 3 96222 96219 106390
68892 10689 10250 7 96220 96222 106389 106179 106181 96231 96232
68893 10300 10143 5 96225 96223 96240 105487 106510
68894 10845 11693 3 96226 96227 106502
68895 11678 11693 5 96227 96228 106311 120539 106538
68896 11693 11469 7 96226 96228 106309 122030 121700 96277 96279
68897 10551 10250 3 96230 96231 105486
68898 10250 10143 5 96230 96232 106467 106522 105487
68899 9820 9638 4 96233 96234 96237 106184
68900 9638 9480 5 96238 96237 106223 106222 105281
68901 8155 8612 4 96243 96245 96296 96295
68902 8124 8209 3 96244 96246 96859
68903 7121 4007 3 96250 96251 96491
68904 1613 1414 6 96253 96254 120931 117724 117722 121779
68905 1613 1236 5 96254 96252 119555 121642 121622
68906 1613 1329 4 96252 96253 121681 119554
68907 9311 9303 9 96257 96258 151715 151704 151702 152061 152051 145305 145303
68908 9105 9176 5 96259 96256 151907 151906 151984
68909 9105 9311 4 96256 96258 149930 149929
68910 9303 9176 5 96257 96259 151990 151996 151991
68911 5783 6085 5 96260 96261 96695 96565 96563
68912 5882 5976 5 96263 96264 96643 96448 96447
68913 5534 5976 3 96264 96265 96644
68914 728 1015 4 96271 96272 118442 106202
68915 728 565 6 96272 96273 96338 121358 107621 107622
68916 683 565 3 96273 96274 96339
68917 683 1015 5 96274 96271 106204 121380 106329
68918 565 1015 8 96272 96274 106328 106409 106408 106633 106635 119617
68919 9480 8684 5 96275 96276 107113 106558 105281
68920 11469 11694 3 96278 96279 106501
68921 11693 11694 6 96279 96280 105874 105875 106538 106502
68922 11693 11256 3 96280 96277 121668
68923 11935 9820 4 96281 96282 106245 106235
68924 9667 11934 5 96284 96285 105193 96905 96906
68925 11932 9667 6 96284 96286 151302 105446 105447 106082
68926 9482 11934 5 96285 96287 151407 105710 105476
68927 5077 6510 4 96292 96294 96332 96334
68928 1047 763 7 96298 96299 106802 106801 121634 120915 120392
68929 1047 683 3 96299 96297 106254
68930 11905 11903 3 96301 96302 121790
68931 2048 11902 5 96303 96300 121385 119162 119163
68932 2048 11905 5 96300 96302 121753 121704 121522
68933 11903 11902 5 96301 96303 120496 106367 106366
68934 6085 7351 5 96310 96311 96427 96518 96517
68935 11473 11884 5 96314 96315 121326 106675 106674
68936 11473 226 4 96315 96313 109212 109213
68937 11473 11883 7 96313 96314 121443 121432 121389 121388 121423
68938 7123 7713 4 96319 96320 96353 96349
68939 7734 3735 4 96323 96324 121969 105226
68940 3735 7730 4 96322 96324 121964 96326
68941 7204 7315 4 96335 96336 96680 96556
68942 11869 565 6 96338 96339 106328 120610 106005 106002
68943 8769 9605 5 96342 96340 105233 105149 105148
68944 5077 5920 3 96347 96346 96348
68945 7123 8174 3 96350 96351 96353
68946 11364 11507 5 96361 96362 106049 151425 151475
68947 11785 11545 3 96363 96360 150105
68948 8820 8209 5 96366 96364 96914 96913 96482
68949 8820 8880 6 96364 96365 106286 105276 96968 96967
68950 7471 7351 4 96374 96375 96526 96435
68951 11925 7471 5 96374 96376 96497 96506 96434
68952 9171 9080 5 96377 96378 105243 105252 105054
68953 8769 7969 5 96379 96380 96398 96403 96413
68954 9332 9445 9 96390 96391 108182 108134 104924 104923 104926 104925 107062
68955 9445 9677 5 96389 96391 108180 108156 107409
68956 9219 9712 4 96392 96393 105251 105250
68957 9219 9527 7 96393 96394 106195 106282 106236 106237 106106
68958 9543 9527 6 96394 96395 96842 96844 106056 106058
68959 9543 9712 4 96395 96392 106251 105871
68960 7969 8078 4 96399 96398 96404 96456
68961 7758 8071 4 96400 96401 96489 96490
68962 5679 6148 4 96409 96410 96514 96560
68963 7441 7261 5 96417 96418 96682 96820 96826
68964 10011 10040 4 96420 96421 105242 105241
68965 10028 9794 6 96422 96423 106066 106067 105759 105758
68966 10028 10040 7 96423 96420 105453 105987 105442 105444 106096
68967 10028 10011 3 96420 96422 105452
68968 6196 6487 4 96429 96430 96431 96547
68969 11925 8078 4 96436 96434 96462 96464
68970 7569 7623 7 96437 96438 96857 96848 96847 96883 96919
68971 7569 8071 7 96439 96440 96550 96860 96488 96489 96481
68972 7123 8071 3 96440 96441 96474
68973 8357 8263 4 96443 96444 97266 96941
68974 7082 7569 5 96445 96446 96486 96854 96451
68975 8074 7503 4 96449 96450 96601 96603
68976 5596 5722 7 96460 96459 96604 96613 96612 96625 96616
68977 8078 7669 3 96463 96464 96465
68978 6303 6185 5 96471 96472 96631 96635 96585
68979 7471 7121 4 96491 96492 96493 96501
68980 7471 7123 6 96495 96496 96497 96505 96504 96503
68981 7471 3735 3 96498 96499 96501
68982 3735 8901 5 96498 96500 105037 105038 96502
68983 7471 8044 3 96505 96506 96507
68984 5881 6196 3 96515 96516 96554
68985 5289 5718 4 96522 96523 96569 96566
68986 5882 5187 5 96524 96525 96594 96592 96558
68987 6778 7471 6 96526 96527 96528 96529 96530 96537
68988 6778 11920 3 96531 96532 96534
68989 6778 6039 4 96535 96536 96537 96538
68990 6231 5717 4 96539 96540 96639 96605
68991 5783 6236 5 96546 96544 96646 96647 96690
68992 7569 11928 4 96550 96551 96849 96921
68993 7362 7314 3 96557 96555 96660
68994 6236 6535 3 96578 96579 96580
68995 6185 6301 7 96582 96584 96650 96632 96631 96636 96648
68996 5289 5882 4 96593 96594 96596 96595
68997 7503 7473 6 96601 96602 96699 96698 96697 96679
68998 5783 6231 7 96605 96606 96694 96647 96645 96641 96638
68999 5722 5870 5 96607 96608 96621 96622 96619
69000 5722 5421 7 96610 96611 96612 96624 96622 96623 96627
69001 5436 5722 5 96609 96611 96613 96629 96615
69002 5722 5738 4 96616 96617 96618 96630
69003 5599 5722 5 96619 96620 96630 96625 96624
69004 5722 5637 3 96626 96627 96628
69005 6159 6301 3 96636 96634 96637
69006 6231 5718 4 96638 96639 96642 96640
69007 6301 7078 4 96649 96650 96653 96651
69008 7365 7134 5 96654 96655 96712 96706 96705
69009 6301 5532 4 96656 96657 96658 96659
69010 7620 7605 6 96670 96671 96781 96782 96832 96827
69011 7620 7261 3 96671 96672 96826
69012 7458 7605 3 96673 96670 96821
69013 7441 7605 5 96674 96675 96784 96781 96820
69014 6861 6085 4 96687 96688 96689 96695
69015 6861 5783 6 96690 96691 96695 96692 96693 96694
69016 7365 7106 4 96709 96710 96712 96711
69017 8189 8463 3 96720 96719 97143
69018 9080 8915 4 96730 96731 105145 96739
69019 8124 8263 4 96732 96733 96734 96737
69020 7958 8085 4 96735 96736 96895 96904
69021 8263 7958 7 96734 96736 96896 96861 96862 96912 96994
69022 9167 8915 6 96738 96739 105212 104897 104616 104617
69023 9167 9080 7 96739 96740 105030 104901 104899 104809 104807
69024 8612 9167 3 96738 96740 105227
69025 8211 7561 3 96741 96743 96835
69026 7623 8263 4 96744 96745 96861 96753
69027 7616 7524 7 96746 96747 96766 96758 96750 96751 96762
69028 7616 7171 5 96748 96749 96759 96767 96751
69029 8879 9075 6 96754 96755 96985 96972 96974 97178
69030 7683 7616 4 96756 96757 96764 96758
69031 7616 7430 4 96760 96761 96762 96767
69032 7616 8095 4 96763 96764 96766 96765
69033 9649 9849 7 96770 96771 151877 151902 104100 104102 104619
69034 9935 9627 6 96772 96769 151958 151955 151953 151943
69035 9935 9649 5 96769 96771 148082 148079 151972
69036 9849 9627 4 96770 96772 151942 151682
69037 7570 7605 4 96774 96775 96821 96827
69038 7483 7662 4 96790 96789 97608 97544
69039 7698 7898 3 96791 96792 97021
69040 7663 7608 4 96794 96795 97600 97623
69041 7842 7947 5 96807 96804 97252 97251 97122
69042 7869 7947 5 96805 96807 97121 97641 97703
69043 7483 7867 4 96813 96815 97626 97637
69044 7642 7759 4 96814 96816 97265 97262
69045 7914 7663 4 96824 96825 97480 97598
69046 10790 9969 6 96828 96829 106008 105247 105248 105801
69047 10248 9969 4 96830 96828 106124 105693
69048 10028 9969 5 96829 96830 105692 105445 105442
69049 8140 8423 4 96833 96834 97078 97079
69050 8209 7561 6 96835 96836 96877 96920 96917 96915
69051 7620 7365 4 96837 96838 96839 96846
69052 9527 9605 7 96843 96844 106055 105232 105233 105473 97293
69053 9605 9794 8 96843 96845 105963 106028 106031 106066 106097 97294
69054 8085 7570 4 96850 96851 96853 96895
69055 9112 8900 4 96865 96866 104980 104981
69056 9105 8802 5 96870 96871 102684 105850 151700
69057 8841 9105 5 96870 96872 149955 151698 151744
69058 8716 8972 3 96879 96880 97246
69059 9311 9198 4 96886 96887 151715 149930
69060 9324 9311 8 96885 96887 151704 151703 152063 104963 104962 152054
69061 9387 9152 5 96889 96890 97126 104113 105108
69062 9387 9303 4 96890 96891 97242 97127
69063 9431 9152 3 96892 96889 105126
69064 9431 9387 9 96889 96891 104108 104106 104105 105072 105086 105085 105125
69065 9698 10074 5 96898 96899 152450 152547 150881
69066 10248 9667 7 96905 96907 150594 151216 150020 150019 105194
69067 9799 9558 8 96908 96909 104680 104681 105162 105311 104583 104584
69068 9799 9577 4 96909 96910 105421 105420
69069 9755 9577 4 96910 96911 104523 105070
69070 9755 9799 6 96908 96910 105400 105399 105607 104663
69071 8209 7595 3 96915 96916 96918
69072 9165 8963 4 96924 96923 105319 107039
69073 9523 9482 5 96927 96928 105710 105404 105224
69074 9140 9523 4 96926 96928 151460 96930
69075 8749 8455 4 96935 96934 97020 97054
69076 9613 9901 7 96943 96944 107116 105489 105013 105011 106494
69077 9613 9614 6 96944 96945 107123 107120 107118 107117
69078 9626 9614 4 96945 96946 107001 107002
69079 9626 9901 6 96946 96943 107047 107084 107092 107077
69080 9614 9901 5 96944 96946 106823 106825 107031
69081 9387 9360 4 96949 96950 104107 104105
69082 9539 9387 5 96949 96951 97108 97110 105072
69083 8880 9390 4 96955 96954 106273 105276
69084 9761 9795 6 96963 96964 107103 106877 105397 105395
69085 9724 9983 5 96965 96966 105106 105161 105210
69086 9724 9795 4 96966 96963 104683 104682
69087 9983 9795 7 96964 96966 105105 105104 105299 105596 107101
69088 9066 8820 4 96968 96969 106885 105277
69089 8475 8900 5 96971 96970 97035 97101 97114
69090 9075 8763 4 96973 96974 97179 97172
69091 8879 9068 4 96975 96972 97285 97330
69092 8900 9003 8 96976 96977 97103 97106 104981 105027 105851 97046
69093 8722 8996 4 96979 96980 98021 97764
69094 8722 8904 5 96980 96981 98063 98064 98129
69095 8755 8996 4 96982 96979 97766 98038
69096 8904 8996 7 96980 96982 97063 97064 97428 97427 98131
69097 8925 8879 6 96984 96985 97285 97185 97188 97306
69098 9075 8925 4 96983 96985 97045 97043
69099 9554 9402 5 96986 96987 97069 103541 103542
69100 9402 9488 3 96986 96988 104271
69101 8612 8638 4 96989 96990 97015 97011
69102 8342 8138 5 96991 96992 97271 97272 97222
69103 8612 7958 3 96993 96994 96995
69104 8588 8475 3 96996 96997 97101
69105 8787 8697 4 97001 97002 98089 98075
69106 8515 8244 4 97003 97005 97238 97500
69107 8871 8831 6 97007 97008 97454 97943 97642 97398
69108 8701 8831 4 97008 97009 97781 97456
69109 8593 8803 4 97012 97013 97155 97315
69110 8638 8915 3 97014 97015 97016
69111 8419 8103 4 97023 97024 97129 97468
69112 10047 10223 4 97026 97027 103852 103853
69113 10047 9983 6 97027 97028 104669 105104 104664 104665
69114 9966 9983 4 97028 97029 105161 104670
69115 9966 10047 6 97026 97028 104668 105393 105392 105211
69116 9983 10223 7 97027 97029 105210 105209 105764 105130 105132
69117 9155 9297 4 97030 97031 104099 104149
69118 9155 8987 10 97031 97032 97351 97354 104174 104186 104180 104153 103958 103957
69119 9274 8987 7 97032 97033 98212 103466 103467 103751 97920
69120 9274 9155 4 97030 97032 97919 104148
69121 8987 9297 5 97031 97033 98211 103721 103847
69122 9554 9576 6 97039 97041 103542 103539 104312 97148
69123 9003 8802 3 97046 97047 105850
69124 8844 8342 4 97050 97052 97271 97210
69125 8472 8463 3 97051 97053 97088
69126 8455 8408 6 97054 97055 97059 97058 97057 97056
69127 7997 7881 4 97060 97061 97486 97847
69128 8904 9047 4 97065 97063 97775 97776
69129 8900 8763 4 97067 97068 97179 97086
69130 8900 9018 5 97068 97066 102685 97177 97176
69131 9312 9407 5 97070 97071 103952 104189 104055
69132 9407 9402 4 97069 97071 103951 104104
69133 8801 8923 4 97076 97074 97331 97368
69134 8140 8251 5 97077 97078 97201 97202 97621
69135 7466 7642 5 97083 97084 97374 97149 97151
69136 8479 8463 5 97088 97089 97267 97153 97144
69137 10189 9920 3 97094 97095 105340
69138 9725 9822 3 97098 97099 97452
69139 8588 8900 5 97101 97102 97103 97107 97116
69140 8900 8661 6 97104 97105 104980 97106 97107 97117
69141 9387 9577 7 97108 97109 104523 104522 104672 104748 104749
69142 9387 9637 4 97109 97110 105086 105069
69143 9539 9577 7 97111 97108 105020 105019 107132 104994 104993
69144 9637 9577 6 97109 97111 104995 105102 105421 105070
69145 8900 8413 4 97114 97115 97117 97116
69146 8521 8472 4 97124 97125 97631 97527
69147 9303 9143 4 97127 97128 151479 97244
69148 8419 8042 6 97129 97130 97269 97507 97508 97467
69149 8103 8042 6 97131 97129 97469 97551 97292 97290
69150 8152 8042 3 97130 97131 97270
69151 8114 7991 5 97133 97132 97504 97503 97563
69152 9750 10074 6 97135 97136 105847 105848 106084 151755
69153 8357 8342 3 97141 97142 97152
69154 8342 8479 4 97144 97145 97154 97152
69155 9782 9576 3 97147 97148 97449
69156 8593 8916 5 97155 97156 97158 97157 97314
69157 8460 8916 3 97157 97159 97245
69158 9778 9868 4 97161 97162 105601 97268
69159 9755 9868 6 97162 97163 104977 105505 105507 105610
69160 9755 9778 5 97160 97162 105609 105399 97231
69161 8472 8458 6 97167 97164 97673 97527 97526 97535
69162 8472 8216 4 97164 97166 97470 97685
69163 8244 8458 5 97165 97167 97536 97500 97476
69164 9075 9018 4 97171 97172 97176 97174
69165 9018 9068 5 97171 97173 97711 97609 97175
69166 9019 8923 3 97190 97191 97391
69167 7517 7867 5 97195 97194 97639 97638 97626
69168 8441 8812 5 97199 97200 97402 97341 97340
69169 8149 8251 4 97204 97201 97205 97646
69170 8831 9204 5 97207 97208 97990 97642 97240
69171 8923 8712 5 97209 97206 97419 97421 97420
69172 8923 8831 5 97206 97208 97989 97678 97418
69173 9204 8712 4 97207 97209 97459 97241
69174 7472 7400 7 97211 97212 98488 98506 98096 97233 97234
69175 8204 7869 4 97216 97218 97641 97705
69176 8204 8421 6 97220 97221 97615 97569 97567 97841
69177 8534 8114 3 97224 97226 97232
69178 8481 8441 3 97225 97227 97340
69179 8019 7947 5 97228 97229 97516 97579 97251
69180 8550 8735 6 97236 97237 97907 97956 98310 98093
69181 8831 8925 3 97239 97240 97398
69182 9093 9387 4 97242 97243 104109 104108
69183 8027 8036 8 97247 97248 98426 98427 98438 98331 98332 98380
69184 7864 8272 3 97256 97254 97630
69185 7864 8055 5 97254 97255 97795 97794 97798
69186 8253 8235 4 97259 97260 99026 99139
69187 7889 7663 6 97263 97264 97617 97623 97625 97598
69188 7642 7663 4 97264 97265 97616 97618
69189 8138 8666 5 97272 97273 97495 97501 97491
69190 7800 8114 4 97275 97277 97506 97503
69191 8204 8254 4 97281 97282 97615 97645
69192 8162 8272 3 97283 97284 97624
69193 9337 8934 3 97286 97287 107146
69194 8126 7991 7 97288 97289 97345 97344 97560 97505 97504
69195 9605 9726 6 97293 97294 106098 106099 150198 151340
69196 9797 9554 6 97295 97297 105023 104635 104517 104365
69197 11063 10888 5 97298 97299 149828 149339 149338
69198 11063 10784 5 97299 97300 149293 149292 149832
69199 10920 10784 4 97300 97301 105880 105881
69200 10920 11063 7 97298 97300 149611 104450 104452 149815 149771
69201 10784 10888 11 97299 97301 149150 149769 149753 149755 149764 149748 149458 144938 144935
69202 7183 7571 5 97305 97302 97566 97591 97590
69203 7183 7592 3 97302 97304 97530
69204 7596 7571 5 97303 97305 97588 97556 97555
69205 8879 9051 3 97306 97307 97309
69206 9019 9051 5 97310 97311 104216 102772 97349
69207 8716 8593 4 97314 97315 97317 97316
69208 9659 9396 3 97322 97323 97389
69209 9051 9411 6 97325 97326 102771 97349 97347 97945
69210 8830 8515 3 97327 97328 97780
69211 8515 8701 6 97327 97329 97877 97767 97768 97781
69212 8812 8963 4 97332 97333 97443 104879
69213 8666 8812 6 97332 97334 97402 97501 97502 104878
69214 8055 7946 8 97335 97336 98389 97730 97653 97651 97656 97734
69215 8456 8438 4 97338 97339 97755 97757
69216 8925 9411 5 97347 97348 97350 103739 103482
69217 9312 9155 5 97351 97352 104187 104190 97919
69218 8987 9312 4 97351 97353 103750 97920
69219 9270 9155 4 97352 97354 104175 104177
69220 10324 10426 4 97356 97357 112292 110696
69221 10121 10324 5 97355 97357 112329 110509 110508
69222 9131 9019 4 97358 97359 104216 104214
69223 8923 8875 4 97362 97363 97678 97890
69224 8733 8923 8 97361 97363 97418 97419 97380 97379 97370 97364
69225 8712 8882 4 97365 97366 97420 97459
69226 8923 8609 5 97368 97369 97387 97370 97371
69227 8882 8733 5 97378 97379 97386 97383 97382
69228 8923 8773 3 97380 97377 97421
69229 8882 8481 4 97381 97382 97384 97399
69230 8882 8609 3 97385 97386 97387
69231 9411 9488 4 97390 97388 104051 104049
69232 9900 9901 7 97397 97395 107029 107083 107047 106494 105259
69233 9761 9901 4 97396 97397 105012 105013
69234 8844 8946 3 97400 97401 97414
69235 8889 9028 8 97403 97404 104142 98017 98020 98146 98033 97498
69236 8889 9065 6 97404 97405 97932 103979 103980 104141
69237 8922 8889 5 97403 97405 97933 98041 97497
69238 9131 8972 6 97407 97408 105320 104904 104902 104916
69239 9131 8963 8 97408 97409 104879 104915 104918 104843 104842 105275
69240 9017 8840 4 97411 97412 104914 97450
69241 8934 9017 5 97410 97412 104895 104896 106518
69242 9328 9754 4 97415 97416 104920 107252
69243 9725 9328 6 97415 97417 104286 104819 104946 107253
69244 9019 8931 3 97423 97424 97434
69245 9673 9822 5 97425 97426 104246 104889 104891
69246 8871 8996 6 97427 97429 97912 104230 98136 98135
69247 9017 9494 6 97432 97430 104869 104896 106516 104459
69248 9017 9285 3 97430 97431 104792
69249 8812 9017 5 97437 97438 104865 97450 97451
69250 9204 9026 4 97440 97441 104921 97442
69251 8812 9019 3 97444 97445 97446
69252 8722 8701 5 97461 97462 97873 98064 98065
69253 8722 8862 4 97462 97460 97938 97872
69254 8722 8615 6 97460 97461 98024 98023 98054 98200
69255 8050 8042 7 97469 97467 97512 97883 97510 97509 97550
69256 8050 8419 5 97467 97468 97490 97826 97511
69257 8419 8216 5 97474 97475 97778 97511 97508
69258 8419 8458 4 97475 97476 97499 97777
69259 9156 9270 4 97479 97477 103873 104136
69260 8244 8002 4 97493 97492 97557 97545
69261 8889 8874 6 97497 97498 98032 98079 98047 98043
69262 8515 8458 5 97499 97500 97537 97767 97874
69263 8216 8050 3 97511 97512 97842
69264 7635 7868 6 97519 97520 98469 98517 98449 98387
69265 8438 8615 5 97521 97522 98201 98053 98023
69266 8063 8269 4 97532 97533 98273 98424
69267 7991 7817 3 97542 97543 97560
69268 8042 7907 3 97550 97551 97552
69269 7991 7860 3 97561 97562 97563
69270 7180 7571 4 97564 97565 97583 97585
69271 8245 8169 4 97575 97576 97753 97650
69272 7539 7857 4 97580 97582 97635 97634
69273 7058 7571 5 97584 97585 97595 97594 97593
69274 8225 7947 5 97586 97587 97709 97703 97704
69275 7571 7276 5 97588 97589 97593 97592 97590
69276 7663 7662 5 97600 97601 97608 97618 97617
69277 7867 7825 5 97606 97607 97644 97690 97639
69278 7757 7842 3 97627 97628 97640
69279 7431 7857 6 97634 97636 97713 97715 97714 97712
69280 9204 8871 5 97642 97643 97912 104223 98016
69281 8254 8251 4 97645 97646 97648 97647
69282 8245 8354 5 97649 97650 97817 97810 97681
69283 8055 7810 6 97651 97652 97723 97722 97795 97655
69284 8055 7858 3 97652 97653 97731
69285 8421 8127 4 97658 97659 97677 97660
69286 9114 8858 6 97663 97664 103992 103705 103703 98206
69287 9282 8858 6 97664 97665 98177 99259 99128 99130
69288 8737 8548 4 97668 97666 97964 98220
69289 8737 8615 5 97666 97667 98090 98200 97963
69290 8421 8763 5 97669 97670 97671 97732 97733
69291 8421 8216 4 97674 97675 97685 97677
69292 8831 8875 4 97678 97679 97952 97994
69293 8391 8327 5 97682 97680 97790 97792 97801
69294 8391 8354 5 97680 97681 97809 98375 98142
69295 7862 7825 6 97688 97689 97696 97692 97691 97690
69296 7869 8225 5 97703 97705 97717 97708 97707
69297 9018 9047 3 97710 97711 97806
69298 7906 8394 3 97719 97720 97754
69299 8763 8394 3 97727 97725 97733
69300 7852 8291 3 97738 97735 98615
69301 7852 8033 6 97735 97737 98313 98620 98622 98623
69302 7993 8291 5 97736 97738 98555 98554 98603
69303 8087 8488 3 97740 97742 98513
69304 8737 8722 5 97744 97745 98117 98200 97938
69305 8779 8987 7 97746 97743 97967 97937 97936 98019 98018
69306 8779 8737 5 97743 97745 98116 98115 98056
69307 8722 8987 7 97744 97746 98022 98021 98129 97873 97872
69308 8304 8438 6 97747 97748 97887 98213 97760 97758
69309 8304 8356 3 97758 97759 97819
69310 8438 8354 4 97760 97761 97902 98214
69311 8021 8047 6 97763 97762 97816 97968 98298 97850
69312 8889 8722 6 97764 97765 98008 98073 98040 98022
69313 9023 8858 3 97770 97769 103705
69314 8613 8394 5 97773 97774 98029 98028 98103
69315 8521 8871 5 97784 97786 98013 98002 98003
69316 8697 8327 7 97789 97790 98141 98152 98150 98151 98036
69317 8697 8391 4 97790 97791 98373 98142
69318 8055 8141 3 97796 97797 97798
69319 8470 8327 4 97799 97800 97801 97802
69320 8327 8365 4 97803 97804 97805 97918
69321 8237 8354 6 97809 97810 97818 98335 98349 98376
69322 8616 8393 5 97812 97813 99241 99270 99243
69323 8373 8616 4 97811 97813 99149 98104
69324 7997 7828 3 97821 97822 97845
69325 8056 8093 6 97823 97824 97852 97865 97867 97868
69326 9411 9156 4 97828 97827 103482 97945
69327 8088 8093 3 97831 97830 97875
69328 8320 8093 4 97832 97833 97853 97875
69329 8088 8204 3 97839 97840 97841
69330 8093 7828 5 97845 97846 97857 97859 97860
69331 7881 8093 6 97847 97849 97868 97858 97859 97861
69332 8093 7872 6 97855 97856 97866 97867 97858 97857
69333 8093 7621 3 97860 97861 97862
69334 8093 7916 4 97863 97864 97865 97866
69335 9208 8893 4 97880 97881 103803 148611
69336 8893 8873 7 97880 97882 98518 98663 98665 98666 148630
69337 8320 8042 3 97883 97884 97885
69338 8921 8923 4 97890 97891 97981 97989
69339 8921 9063 4 97891 97892 108145 97982
69340 8490 8308 5 97893 97895 98309 99189 99456
69341 8858 8639 4 97898 97896 98249 98060
69342 8858 8918 6 97896 97897 99312 99259 99257 98248
69343 8668 8356 5 97900 97901 98114 98138 98154
69344 8668 8438 6 97901 97902 98202 98053 98055 98094
69345 8354 8668 6 97900 97902 98277 98278 98360 98155
69346 9249 9192 5 97903 97904 103918 103919 98156
69347 9249 9323 5 97904 97905 98171 104827 104144
69348 8735 8320 4 97906 97907 97957 97908
69349 9204 8996 4 97912 97913 103257 103273
69350 8131 8474 4 97915 97916 99693 98263
69351 8382 8131 5 97922 97923 99160 99091 99089
69352 9681 9789 4 97925 97926 104528 104206
69353 9564 9681 7 97924 97926 104529 104531 104462 104461 104464
69354 9332 9118 4 97928 97929 104923 103973
69355 9332 9276 5 97929 97930 104950 104928 104926
69356 8921 9276 6 97930 97931 102757 104202 104222 104224
69357 8921 9118 6 97931 97928 103975 108140 108125 102756
69358 8921 9332 6 97928 97930 108104 108145 108147 103974
69359 9262 9227 6 97934 97935 152013 158337 103290 103291
69360 8987 9227 5 97937 97934 103721 103723 97965
69361 8987 9262 5 97934 97936 98687 103957 103847
69362 8779 9227 4 97935 97937 97966 151997
69363 8862 8737 4 97938 97939 98091 98090
69364 10031 10141 4 97940 97941 107417 102341
69365 9936 10141 5 97942 97940 102342 106888 103848
69366 10049 10141 7 97941 97942 103300 103299 104236 104695 107418
69367 8831 8921 5 97944 97943 97990 97989 97994
69368 9445 9413 8 97946 97947 99987 99988 108242 108184 108183 108134
69369 9445 9073 3 97947 97948 98048
69370 9032 9413 5 97949 97946 99341 97996 97995
69371 9032 9445 4 97946 97948 98049 104924
69372 8575 8715 7 97953 97954 98324 98325 98361 98363 98662
69373 8892 8715 3 97954 97955 98199
69374 8637 8320 4 97957 97958 97960 97959
69375 8668 8737 6 97963 97964 98276 98359 98116 98117
69376 8668 8548 5 97964 97962 98202 98277 98275
69377 8668 8615 4 97962 97963 98054 98053
69378 9227 8892 5 97965 97966 151998 103638 103639
69379 8892 8987 4 97965 97967 98010 98011
69380 8364 8548 4 97971 97969 98268 98039
69381 8364 8618 5 97969 97970 98308 98322 98303
69382 9192 9156 6 97972 97973 103758 104136 103921 103919
69383 9192 9047 4 97973 97974 104182 103759
69384 9061 9192 7 97972 97974 104179 103385 103384 98158 98156
69385 8921 9204 6 97981 97982 108104 104224 98016 97990
69386 9396 9323 3 97983 97984 98015
69387 9966 10060 5 97987 97988 105392 104686 104684
69388 9966 10271 7 97988 97985 104496 151371 105166 105164 105211
69389 9966 10059 3 97985 97987 104495
69390 10060 10271 4 97986 97988 104093 104092
69391 10150 10165 5 97991 97992 108321 108295 102501
69392 10165 9895 4 97991 97993 102913 102503
69393 9413 9063 4 97996 97997 108162 99342
69394 9015 9413 6 97995 97997 108161 104951 104942 104941
69395 9742 9278 5 97998 97999 104276 104937 108160
69396 9297 9439 5 98004 98005 104543 104154 103801
69397 9297 9506 6 98005 98006 103293 103292 103905 104541
69398 9384 9506 6 98006 98007 103338 103337 103820 104062
69399 9384 9439 7 98007 98004 98223 98222 103072 103985 103935
69400 9384 9297 5 98004 98006 104059 103327 103328
69401 8889 8613 4 98008 98009 98025 98148
69402 9028 8987 4 98017 98019 98687 103958
69403 8779 8889 4 98018 98020 98074 98040
69404 8889 8676 5 98025 98026 98032 98033 98147
69405 8709 8869 4 98031 98030 98817 99327
69406 9028 8676 3 98033 98034 98145
69407 8793 8889 4 98041 98042 98044 98043
69408 8770 8841 3 98045 98046 98078
69409 8770 8889 4 98044 98045 98077 98047
69410 9445 9118 7 98048 98049 104923 108106 103659 99989 99987
69411 9032 9118 6 98049 98050 108135 108142 103975 103973
69412 8576 8639 3 98058 98059 99183
69413 8639 8644 4 98060 98061 99087 99110
69414 8709 8644 4 98061 98062 98253 98788
69415 9239 9241 6 98066 98067 153227 153270 153268 153372
69416 9239 8994 7 98067 98068 151975 153425 153496 153209 153208
69417 9353 9239 5 98066 98068 151976 153428 153386
69418 9273 9419 5 98072 98070 104140 149294 104089
69419 9273 9407 5 98070 98071 104034 104189 104139
69420 8697 8889 5 98073 98074 98146 98147 98148
69421 8755 8874 3 98079 98080 98081
69422 8755 8793 3 98082 98083 98084
69423 9155 9273 7 98085 98086 104172 104176 104177 104187 104146
69424 9273 9262 4 98085 98087 103850 104147
69425 8575 8697 6 98088 98089 98372 98373 98374 98356
69426 8615 8735 3 98092 98093 98305
69427 8668 8613 5 98094 98095 98139 98137 98114
69428 9396 8925 4 98098 98099 103258 103739
69429 8996 9396 5 98097 98099 103257 103272 103872
69430 9288 9208 4 98100 98101 104000 103843
69431 8373 8587 7 98105 98104 98930 98870 98869 98849 98848
69432 9227 9208 6 98106 98107 103802 103803 148610 104018
69433 9227 9043 8 98107 98108 103488 103722 103723 103639 103637 103899
69434 9114 9043 7 98108 98109 98207 98206 103922 103929 103489
69435 9114 9208 4 98109 98106 104020 104033
69436 9043 9208 4 98107 98109 104017 103900
69437 9386 9262 7 98110 98111 103904 104145 104147 158056 147765
69438 9386 9506 5 98111 98112 103461 104420 103905
69439 9617 9262 5 98113 98110 104027 104026 151934
69440 9617 9386 6 98110 98112 103460 103740 151620 147766
69441 9506 9262 7 98111 98113 103839 103840 158336 103290 103292
69442 8704 8636 6 98120 98121 98364 98180 98175 98176
69443 8704 8715 3 98121 98118 98363
69444 9950 9850 6 98122 98123 103143 103160 103167 103163
69445 9950 9602 6 98123 98124 103153 103152 112233 103144
69446 9833 9850 5 98125 98122 98755 98757 103134
69447 9833 9950 4 98122 98124 103437 103162
69448 9602 9850 4 98123 98125 103128 103129
69449 8145 8502 3 98128 98126 98777
69450 8145 8205 9 98126 98127 99695 99667 98609 98606 99156 99636 99691
69451 8987 8904 4 98129 98130 98134 98131
69452 8987 8871 4 98132 98133 98135 98134
69453 8327 8668 3 98137 98138 98150
69454 8697 8613 5 98139 98140 98148 98149 98151
69455 8697 8354 5 98141 98142 98374 98155 98153
69456 9028 8697 4 98143 98144 98146 98145
69457 8697 8356 3 98152 98153 98154
69458 7499 7847 4 98159 98160 99718 100276
69459 8892 8948 3 98163 98164 102838
69460 10164 10022 3 98168 98169 107223
69461 10168 10090 4 98170 98167 102895 102935
69462 8636 8495 7 98174 98176 98671 98599 98536 98537 98317
69463 8962 9282 7 98178 98177 99170 98828 98827 102714 103282
69464 8704 8409 4 98179 98180 98365 98321
69465 8962 8937 4 98187 98185 99316 98776
69466 9337 9587 7 98189 98190 107151 107328 104933 104934 106191
69467 9337 9494 5 98190 98188 104460 104459 107150
69468 8563 8560 3 98193 98194 98983
69469 8730 8789 3 98197 98198 98260
69470 8438 8548 5 98202 98201 98216 98213 98214
69471 8314 8083 4 98204 98205 98292 98240
69472 9114 9538 3 98208 98209 103907
69473 9297 9043 3 98210 98211 103722
69474 9043 9274 4 98210 98212 103489 103488
69475 8730 8709 5 98218 98219 98256 98259 98260
69476 8354 8367 4 98225 98226 98346 98349
69477 8703 8869 7 98227 98228 99245 99244 99404 98474 98477
69478 8682 8551 6 98229 98230 99174 98779 98780 99172
69479 8682 8869 5 98230 98227 99402 99285 99287
69480 8682 8703 7 98227 98229 99408 99477 99585 99535 99444
69481 8551 8869 6 98228 98230 99374 99381 99177 99175
69482 9013 8858 5 98232 98233 99128 99257 99355
69483 9013 8971 4 98233 98234 99226 99129
69484 8247 8230 6 98238 98239 98951 99121 99115 98339
69485 7996 7832 3 98242 98243 98329
69486 8529 8190 4 98245 98246 99256 99300
69487 8230 8476 3 98247 98244 99121
69488 8230 8529 5 98244 98246 99112 98952 98951
69489 8468 8398 5 98250 98251 99578 102317 -1
69490 9077 9048 4 98265 98266 103415 103364
69491 8381 8314 3 98267 98269 98289
69492 8269 8302 6 98272 98273 98425 98413 98416 98546
69493 8302 8297 4 98272 98274 98556 98553
69494 8610 8668 4 98275 98276 98358 98278
69495 8490 8478 8 98283 98284 98764 98762 98293 98294 98347 99116
69496 8490 8428 4 98284 98285 99234 99119
69497 8428 8478 3 98284 98286 99120
69498 8308 8530 3 98290 98291 99299
69499 8490 8474 5 98294 98295 99454 99189 98348
69500 8551 8478 4 98296 98293 98956 98957
69501 8551 8490 6 98293 98295 99453 99382 99381 99127
69502 8703 9086 3 98299 98300 99244
69503 8703 9089 6 98300 98301 98936 98935 99220 99404
69504 8792 9089 3 98301 98302 99217
69505 7993 7904 4 98314 98312 98328 98330
69506 7852 7904 4 98313 98314 98411 98465
69507 8173 8110 4 98315 98316 98559 98562
69508 7643 7715 4 98327 98326 98789 98567
69509 8027 7868 6 98332 98333 98437 98511 98469 98379
69510 8024 8027 5 98331 98333 98434 98433 98439
69511 7868 8036 4 98332 98334 98419 98381
69512 8668 8575 5 98356 98357 98359 98358 98360
69513 8575 8636 3 98361 98362 98364
69514 8575 8536 3 98366 98367 98368
69515 8575 8642 4 98369 98370 98372 98371
69516 8575 8237 3 98376 98377 98378
69517 7974 8076 4 98383 98385 98916 98401
69518 7635 7752 4 98386 98387 98447 98405
69519 7425 7530 4 98397 98396 98479 98412
69520 8041 8076 5 98400 98401 99001 99045 98422
69521 9856 9850 5 98402 98403 98755 103163 103057
69522 9926 9850 6 98404 98402 103058 103160 103080 103078
69523 9699 9850 4 98403 98404 103112 98757
69524 8036 8409 4 98414 98415 98438 98417
69525 8302 8036 3 98413 98415 98427
69526 8041 8227 4 98421 98422 99046 99141
69527 8027 8269 3 98424 98425 98426
69528 9013 8835 4 98430 98431 99364 102696
69529 8027 7986 4 98434 98435 98510 98437
69530 7849 8180 5 98440 98442 99022 99023 99037
69531 8143 8207 5 98441 98443 98888 98886 98653
69532 7752 7704 6 98444 98445 98446 98461 98484 98485
69533 7861 7752 5 98447 98448 98494 98492 98491
69534 7724 7419 3 98454 98455 98456
69535 9489 9459 5 98458 98459 103627 103628 158066
69536 9489 9443 5 98459 98460 147636 158136 148252
69537 9343 9489 3 98458 98460 147635
69538 7752 7992 4 98466 98467 98483 98484
69539 7530 7206 4 98471 98472 98480 98473
69540 7257 7530 4 98470 98472 98481 98498
69541 9119 8703 6 98474 98475 98894 98895 99219 99220
69542 9119 9033 5 98475 98476 99190 102794 99365
69543 8869 9033 5 98476 98477 99402 99400 99192
69544 8869 9119 4 98474 98476 99191 102739
69545 9033 8703 4 98475 98477 99444 99366
69546 7256 7530 5 98478 98479 98499 98481 98480
69547 7905 7752 4 98483 98485 98487 98489
69548 7752 7967 4 98493 98494 98495 98497
69549 7472 7369 4 98500 98501 98502 98503
69550 7472 7518 3 98504 98505 98506
69551 9736 9629 4 98514 98515 108283 108087
69552 8308 7927 5 98521 98522 99114 99090 99088
69553 7916 8308 3 98521 98523 98938
69554 8778 8495 3 98526 98527 98537
69555 8990 8975 3 98529 98530 103276
69556 8842 8500 3 98541 98543 98924
69557 8393 8269 4 98544 98545 98546 98552
69558 8302 8110 4 98556 98557 98563 98558
69559 8033 7635 6 98569 98570 98637 98632 98631 98572
69560 7808 8033 5 98568 98570 98627 98621 98620
69561 8574 8682 9 98577 98575 99608 99385 99386 99288 99287 99174 99173
69562 8574 8710 6 98575 98576 98834 98833 99580 99607
69563 8890 8780 4 98580 98581 98602 98863
69564 8890 9000 7 98581 98579 99575 102826 98902 98901 98601
69565 8778 8373 4 98582 98583 98761 98650
69566 8199 8307 4 98586 98587 98642 98639
69567 8197 8307 5 98588 98590 98641 98640 98642
69568 9181 9372 4 98592 98593 103237 102977
69569 9062 9372 4 98595 98592 102979 103225
69570 9062 9181 5 98592 98594 103110 103286 102978
69571 8905 8495 3 98598 98599 98688
69572 7852 8222 4 98613 98614 98615 98623
69573 8630 8704 4 98617 98618 98648 98645
69574 8941 8495 3 98619 98616 98670
69575 8033 7849 5 98624 98625 98628 98637 98627
69576 8033 8027 5 98629 98630 98631 98633 98638
69577 8033 8146 4 98634 98635 98638 98636
69578 8630 8536 4 98644 98645 98647 98646
69579 8768 8373 4 98649 98650 98885 98849
69580 8373 8207 5 98651 98653 98887 98891 98932
69581 9193 9164 4 98658 98659 158348 158266
69582 9298 9136 3 98660 98661 157521
69583 8873 8575 4 98662 98663 98664 98668
69584 8948 8873 4 98666 98667 157988 148631
69585 8873 8495 5 98669 98670 98704 98688 98671
69586 9122 9151 6 98673 98674 103319 103318 158366 158341
69587 9122 8951 5 98674 98675 158132 158370 158342
69588 8911 9122 4 98673 98675 158131 158340
69589 10406 10278 8 98676 98677 144887 144885 145406 157865 157864 158509
69590 10406 10683 6 98677 98678 158826 158880 145264 145265
69591 10561 10406 6 98676 98678 158827 158842 158829 158510
69592 8476 8637 5 98679 98680 99165 99167 99279
69593 9856 10056 5 98681 98682 103177 103444 103148
69594 10056 9699 6 98681 98683 98769 99610 102799 103086
69595 9873 9687 4 98689 98691 103102 103381
69596 9544 9609 4 98694 98692 157669 157671
69597 9475 9569 4 98697 98695 111931 152138
69598 9611 9569 6 98696 98697 157681 157693 145352 145353
69599 9295 9094 6 98698 98699 98719 98720 103883 157520
69600 9295 9532 4 98701 98702 103279 103427
69601 9288 9509 4 98703 98700 103374 103373
69602 9288 9295 6 98700 98702 103280 98721 98720 103882
69603 9532 9509 8 98701 98703 103718 102974 102976 103117 103213 103425
69604 8873 8630 3 98704 98705 98706
69605 9436 9338 7 98709 98710 103977 158338 152038 103842 103841
69606 9506 9338 5 98710 98711 102856 103820 103978
69607 9506 9436 5 98708 98710 103976 158331 158270
69608 9338 9533 5 98709 98711 102854 103190 103822
69609 9602 9815 5 98713 98714 103204 103203 103025
69610 9602 9818 5 98712 98713 103023 103434 102991
69611 9295 9318 4 98715 98716 103224 103404
69612 9295 9087 5 98716 98717 98721 98719 98722
69613 9358 9318 6 98718 98715 103412 103205 103136 103135
69614 9358 9295 5 98715 98717 103280 103279 103411
69615 8587 8909 3 98723 98724 99117
69616 7974 7732 4 98726 98727 98979 98996
69617 7993 8412 3 98728 98729 98876
69618 9397 9372 6 98731 98732 103239 103237 103131 102839
69619 9699 9514 4 98733 98730 103891 103340
69620 9699 9397 5 98730 98732 103125 103127 103832
69621 9372 9514 5 98731 98733 103339 103308 102840
69622 9628 9991 3 98734 98736 103394
69623 8823 8488 4 98737 98738 98910 98739
69624 8823 8877 4 98740 98741 98742 -1
69625 8823 9079 3 98742 98743 -1
69626 8999 9079 7 98743 98744 158362 157842 157843 158193 -1
69627 8500 8849 7 98899 98900 98908 98919 98745 98746 -1
69628 8500 8750 3 98746 98747 -1
69629 8578 8500 5 98942 98921 98745 98747 -1
69630 10150 9808 5 98748 98749 108069 108146 108292
69631 9938 9808 4 98751 98748 107858 107857
69632 9856 9833 7 98755 98756 103283 103312 103314 103446 103162
69633 9226 9290 3 98758 98759 99816
69634 8490 8574 5 98762 98763 99203 99383 99127
69635 8490 8552 5 98763 98764 99119 99228 99204
69636 8478 8574 6 98765 98762 98956 98955 99193 98966
69637 8253 8428 3 98767 98768 99248
69638 8253 8317 6 98766 98767 99247 99236 99139 98960
69639 8605 8490 7 98770 98771 99028 99229 99204 99203 99380
69640 9226 8962 3 98773 98774 98827
69641 9009 9226 5 98772 98774 98795 98794 98819
69642 8962 9326 5 98773 98775 102847 103250 102714
69643 8502 8315 6 98777 98778 98911 99194 99195 99689
69644 8577 8551 3 98780 98781 98859
69645 8551 8502 6 98779 98781 98858 99019 98957 98954
69646 9512 9422 8 98783 98784 108099 107991 107992 107999 108000 108132
69647 9233 9422 5 98784 98785 100041 99495 99497
69648 9233 9512 3 98782 98784 108097
69649 9422 9370 5 98783 98785 101732 104210 104211
69650 8476 8709 4 98787 98788 99086 99158
69651 8644 8476 5 98786 98788 99087 99108 99167
69652 7974 8180 6 98791 98792 98916 98918 99022 98968
69653 9226 8869 4 98793 98794 98818 102304
69654 9282 9009 4 98795 98796 99168 98828
69655 9282 8869 3 98796 98793 99373
69656 9226 9432 4 98797 98798 99272 99271
69657 9473 9432 6 98798 98799 98810 102021 102713 102688
69658 9473 9119 5 98803 98804 102537 102804 102649
69659 9473 9130 3 98804 98802 102536
69660 9732 9675 3 98806 98807 102919
69661 9732 9643 10 98807 98805 102963 110654 102396 102395 102393 101562 101564 102916
69662 9732 10069 8 98805 98806 103001 102668 102666 111969 102879 102881
69663 9776 9326 3 98808 98809 99808
69664 10691 10880 8 98811 98812 108534 101766 101764 108470 108909 108477
69665 10379 10880 6 98814 98811 108356 108312 108311 108540
69666 10379 10691 4 98811 98813 108606 108478
69667 8611 8869 6 98817 98815 99177 99379 99224 99223
69668 9009 9092 6 98819 98820 99401 101780 103187 98897
69669 9092 9326 4 98822 98823 103186 98897
69670 9194 9130 6 98825 98826 99909 99908 102184 102536
69671 9194 9201 5 98826 98824 99273 99344 99346
69672 9194 9226 4 98824 98825 102687 99272
69673 8746 9013 6 98829 98830 99364 102695 99332 99333
69674 8746 8883 4 98830 98831 99314 99323
69675 8816 8746 5 98829 98831 99313 99151 99150
69676 8710 8480 3 98834 98835 99598
69677 8578 8710 5 98833 98835 99603 99584 99581
69678 9180 8833 7 98838 98839 101009 101970 99434 99432 101571
69679 8604 9437 5 98840 98837 102428 102470 102489
69680 8604 9180 8 98837 98839 99280 99281 99425 99424 102484 102427
69681 8833 9437 4 98838 98840 102490 102244
69682 8552 8605 4 98843 98841 99204 99205
69683 8587 8477 3 98846 98847 98848
69684 8552 8480 6 98853 98852 98967 98948 98944 98939
69685 8474 8651 6 98854 98855 99018 99017 99020 99321
69686 8502 8651 3 98857 98858 99017
69687 8551 8651 5 98858 98859 99172 99322 99020
69688 9545 9770 5 98860 98861 102302 102300 102600
69689 9770 9553 5 98860 98862 102608 102607 102601
69690 8501 8587 5 98865 98866 98950 98949 98869
69691 8500 8587 7 98866 98867 98874 98920 98908 98909 98924
69692 8587 8412 4 98865 98867 98872 98870
69693 8373 8412 5 98868 98870 98929 98891 98892
69694 8428 8412 5 98872 98873 98898 98928 98929
69695 8428 8500 4 98873 98874 98881 98882
69696 8578 8473 5 98877 98878 99603 98970 98969
69697 8148 8750 3 98879 98880 99519
69698 8148 8578 5 98877 98879 99517 98890 98889
69699 8750 8473 4 98878 98880 99594 99611
69700 8552 8218 5 98883 98884 98943 98944 98923
69701 8552 8500 6 98884 98881 98920 98919 98921 98941
69702 8703 8908 5 98894 98896 99588 99535 99366
69703 9000 8849 4 102825 98902 98899 -1
69704 9000 8500 4 98899 98901 98903 -1
69705 9404 9427 6 98904 98905 99334 99335 102660 102417
69706 9404 9493 5 98905 98906 99282 102770 102596
69707 9237 9493 6 98906 98907 102629 108118 102355 99284
69708 9237 9427 8 98907 98904 102418 102767 102730 102729 108123 102628
69709 9237 9404 5 98904 98906 99283 99563 99945
69710 9493 9427 4 98905 98907 102627 102597
69711 8502 8478 4 98911 98912 98957 98955
69712 8180 7792 3 98917 98918 99023
69713 8218 8480 4 98925 98926 98944 98947
69714 8157 8552 4 98939 98940 98941 98943
69715 8529 8297 6 98952 98953 99004 99063 99304 99113
69716 8574 8502 5 98954 98955 99194 99185 99173
69717 8551 8574 5 98954 98956 99127 99374 99174
69718 8041 8317 5 98959 98960 99138 99046 99045
69719 7443 7522 7 98963 98964 99078 99077 99095 99097 99071
69720 8161 8277 4 98971 98972 98973 98974
69721 8746 8918 7 98976 98977 99150 99333 99331 99409 99486
69722 7724 7780 4 98981 98982 99049 99066
69723 8616 8636 4 98984 98985 99015 99014
69724 8563 8616 9 98983 98985 99242 99246 99264 99249 99250 99262 99243
69725 7522 7396 4 98993 98994 99092 99106
69726 8390 8399 4 98998 98999 99135 99290
69727 8390 8322 4 98999 99000 99134 99136
69728 8239 8473 4 99005 99006 99648 99583
69729 7780 7402 5 99008 99009 99066 99067 99052
69730 8235 8041 7 99025 99026 99138 99141 99140 99143 99142
69731 8605 8253 3 99028 99029 99231
69732 7185 7092 3 99031 99032 100523
69733 7185 7072 8 99030 99031 100522 100321 100320 100070 100069 99479
69734 10400 10324 3 99033 99034 108303
69735 10243 10550 3 99035 99036 103649
69736 10243 10400 7 99033 99035 108194 110546 110545 110721 108302
69737 10550 10324 7 99034 99036 103648 103611 103612 112325 110673
69738 7849 8076 5 99037 99038 99040 99039 99042
69739 8076 8207 4 99041 99042 99044 99043
69740 7522 7530 6 99050 99051 99079 99081 99068 99069
69741 7522 7780 4 99052 99053 99059 99079
69742 6980 7567 9 100413 100132 99054 99055 99621 100382 100374 100373 -1
69743 7240 7093 4 99056 99057 100341 99360
69744 7240 7567 5 99057 99054 100133 100365 100390
69745 7240 6980 4 99054 99056 99359 99914
69746 7093 7567 3 99055 99057 99623
69747 7522 7547 5 99060 99061 99102 99076 99074
69748 7522 7329 5 99069 99070 99077 99105 99093
69749 7711 8176 3 99072 99073 99822
69750 7522 7505 4 99074 99075 99094 99080
69751 7522 7327 7 99075 99076 99101 99099 99096 99097 99100
69752 7927 8382 4 99091 99088 99209 99159
69753 7522 7274 5 99095 99096 99098 99104 99105
69754 7522 7165 5 99101 99102 99107 99106 99103
69755 8746 8695 6 99122 99123 99499 99324 99314 99313
69756 6702 6441 4 99124 99125 99601 99602
69757 8971 9282 5 99129 99130 103993 103994 102755
69758 8466 8399 4 99135 99137 99485 99291
69759 8235 7940 3 99143 99144 99145
69760 6144 3072 3 99147 99148 100960
69761 3072 4877 7 99146 99148 113458 113433 113255 102039 99916
69762 8148 8030 5 99154 99155 99731 100136 99639
69763 9260 8906 6 99162 99163 108035 108052 107929 107927
69764 9430 8906 7 99163 99164 108060 101882 101880 101263 101264
69765 9430 9548 5 99164 99161 107831 107980 108062
69766 9430 9260 7 99161 99163 108034 108047 108046 107057 107056
69767 8906 9548 5 99162 99164 108059 107274 107276
69768 9009 8918 3 99168 99169 99305
69769 8962 8918 5 99169 99170 99312 99311 99306
69770 8651 8682 3 99171 99172 99408
69771 8551 8611 3 99176 99177 99382
69772 9961 9658 4 99179 99180 107451 102904
69773 10212 9658 6 99180 99181 102361 102362 108288 108239
69774 10212 10057 4 99181 99178 102449 102373
69775 10212 9961 7 99178 99180 108238 102136 102135 108340 108100
69776 9369 9161 5 99187 99188 102928 102845 102673
69777 9092 9033 5 99190 99192 99401 101778 102801
69778 9119 8814 4 99196 99197 99218 99219
69779 9157 9067 4 99199 99200 102527 99513
69780 8810 9034 5 99201 99202 99464 99411 99410
69781 9034 9067 5 99200 99202 99467 102525 102524
69782 8574 8605 4 99205 99203 99378 99215
69783 9404 9437 5 99206 99207 99893 102720 102770
69784 8964 9437 6 99208 99206 102545 102538 102528 102530
69785 8917 9437 5 99207 99208 102531 102532 99894
69786 9086 9034 5 99211 99212 99464 99467 101597
69787 9013 8918 8 99213 99214 99333 99358 99356 99257 99258 102780
69788 9013 9086 3 99211 99213 101598
69789 8918 9034 4 99212 99214 99331 99411
69790 8810 8792 6 99217 99216 99406 99487 99466 99463
69791 8962 8611 4 99225 99223 99269 99232
69792 8616 8490 5 99228 99229 99263 99233 99234
69793 8253 8616 7 99230 99231 99263 99247 99248 99261 99250
69794 8317 8616 3 99233 99235 99247
69795 9427 9633 7 99238 99239 102715 99337 99335 102690 102689
69796 9717 9633 5 99239 99240 102639 102640 102645
69797 9717 9427 4 99237 99239 102652 102650
69798 9030 8744 7 99251 99252 99447 99446 102402 102403 99800
69799 8176 8020 7 99254 99255 99868 99822 99824 99684 99685
69800 8176 7823 4 99253 99254 100247 100246
69801 8616 8180 4 99260 99261 99262 99270
69802 8709 8616 5 99264 99265 99268 99267 99266
69803 9009 8574 5 99275 99276 99657 99288 99286
69804 9009 8854 4 99276 99277 102632 99656
69805 8869 8574 6 99286 99287 99374 99383 99378 99376
69806 8682 9009 4 99288 99285 99403 99786
69807 8466 8541 3 99289 99291 99484
69808 9033 8908 7 99294 99295 99910 99365 99366 99536 99778
69809 9033 9194 4 99295 99293 99346 99909
69810 9033 9178 4 99293 99294 102704 99345
69811 9226 9086 7 99296 99297 101363 101559 101560 99817 99816
69812 9226 8918 4 99297 99298 102304 101364
69813 8529 8548 3 99301 99302 99303
69814 8786 8867 9 99308 99309 99994 99995 100049 100064 100052 100046 100044
69815 9588 9282 4 99318 99319 103301 103302
69816 9700 9282 5 99319 99320 102782 102783 102824
69817 9700 9466 4 99320 99317 103683 103892
69818 9282 9466 6 99318 99320 103893 103477 103476 103462
69819 8918 9092 3 99325 99326 101364
69820 9024 9268 6 99330 99328 102748 102747 102744 102710
69821 8746 9034 4 99331 99332 100042 99410
69822 9404 9633 3 99335 99336 102769
69823 9552 9427 5 99337 99334 102597 102594 102593
69824 9552 9404 6 99334 99336 102409 102411 102720 102596
69825 9908 9776 8 99339 99340 108316 102998 102999 103022 103003 103002
69826 9831 9908 4 99338 99340 108315 102906
69827 9413 9332 4 99341 99342 108164 108134
69828 9032 9332 6 99343 99341 104924 103973 103974 108148
69829 9063 9332 7 99342 99343 108149 108145 108111 108110 108165
69830 9201 9033 7 99345 99346 102814 101778 101779 103194 102816
69831 9268 9030 4 99348 99349 102603 102402
69832 9468 9178 3 99350 99347 99815
69833 9430 9813 4 99351 99352 107172 107170
69834 9430 9225 5 99352 99353 101883 101880 101881
69835 9451 9225 4 99353 99354 107208 102493
69836 9451 9813 6 99354 99351 107546 108002 107958 107206
69837 9451 9430 7 99351 99353 102492 107761 108046 107994 107545
69838 9225 9813 7 99352 99354 107207 107332 107334 107963 107759
69839 9013 8667 3 99355 99356 99357
69840 9908 9880 6 99361 99362 102832 102620 102621 108326
69841 10090 9873 6 99369 99370 102691 102852 102930 102931
69842 10005 9873 6 99372 99369 103656 103442 103392 103063
69843 10005 10090 5 99369 99371 102936 102937 103226
69844 9880 9873 7 99370 99372 103062 101730 101729 102792 102693
69845 8869 8937 3 99375 99376 99377
69846 8869 8490 4 99379 99380 99383 99381
69847 8574 8938 5 99386 99384 99521 99530 99657
69848 8574 8777 5 99384 99385 99659 99580 99520
69849 10357 10396 8 99389 99387 102899 158860 148384 103681 103682 104362
69850 10216 10396 5 99388 99389 104361 110229 112333
69851 9268 9545 5 99390 99391 102661 99895 99398
69852 9468 9545 5 99392 99390 99399 102547 102381
69853 10322 10507 6 99393 99394 112426 103321 103095 103096
69854 10462 10789 6 99395 99396 101714 101712 101996 101997
69855 9268 9224 7 99397 99398 99896 102407 102746 102602 102603
69856 9468 9224 6 99399 99397 102383 102382 102681 102583
69857 9545 9224 6 99398 99399 102582 102609 102659 99897
69858 9033 9009 6 99400 99401 101779 103195 99785 99403
69859 9033 8682 5 99402 99403 99780 99536 99444
69860 8746 8810 8 99409 99410 100043 99620 99503 99504 99489 99487
69861 8918 8810 4 99411 99409 99466 99465
69862 7754 7962 5 99413 99414 99723 99721 100191
69863 9988 9531 3 99420 99417 99885
69864 10253 9531 6 99418 99420 102517 102557 102558 101339
69865 8912 8867 5 99421 99422 99618 100052 99964
69866 9180 8848 4 99423 99424 99834 99835
69867 8439 9180 3 99423 99425 101371
69868 5997 6631 4 99430 99431 100567 100569
69869 9180 9530 4 99432 99433 101327 101328
69870 9180 8914 4 99433 99434 102469 102468
69871 10780 10656 5 99436 99437 101533 102051 102029
69872 8600 8829 5 99439 99440 100048 100056 100104
69873 8522 9352 4 99442 99443 101243 101242
69874 8522 9531 5 99443 99441 99865 99867 102467
69875 8522 9190 5 99441 99442 101777 101593 101590
69876 9224 9030 4 99445 99446 102603 102383
69877 9538 9243 6 99449 99450 103071 103073 103907 103908
69878 9538 9118 6 99448 99449 108127 102718 102717 103659
69879 8792 8308 5 99451 99452 99456 99457 99459
69880 8792 8490 4 99453 99454 99456 99455
69881 8792 8382 4 99458 99459 99460 99483
69882 8810 9086 5 99461 99462 99463 99465 99464
69883 9115 9054 7 99468 99469 102762 108108 102375 102374 108116
69884 9115 9177 4 99469 99470 108109 102761
69885 9266 9115 4 99468 99470 108112 108115
69886 9251 9099 4 99472 99473 103831 107860
69887 9251 9115 6 99471 99472 102779 102778 108107 106207
69888 8742 8366 4 99476 99474 99654 99629
69889 8577 8703 3 99477 99478 99586
69890 8703 8382 4 99480 99481 99482 99483
69891 8746 8792 3 99486 99487 99488
69892 6481 6230 6 99491 99492 100294 100227 99799 99730
69893 9196 9422 6 99494 99495 100039 102669 102670 107991
69894 9196 9233 5 99495 99496 100029 102526 100040
69895 9246 9422 3 99497 99494 108099
69896 9246 9196 5 99494 99496 100030 102768 108117
69897 8746 8322 4 99498 99499 99502 99500
69898 8746 8390 3 99504 99505 99506
69899 8275 8326 4 99508 99507 99686 99832
69900 9404 9224 4 99509 99510 99896 99897
69901 9229 8917 8 99511 99512 102515 102516 102573 102570 102568 99894
69902 9229 9224 4 99512 99509 102659 102731
69903 9229 9404 5 99509 99511 99893 102411 102410
69904 8917 9224 6 99510 99512 100033 100034 101484 102407
69905 9067 9196 6 99513 99514 99978 102737 102736 102526
69906 9992 9552 3 99516 99515 99782
69907 8398 8578 5 99644 99642 99517 99518 -1
69908 5716 6090 5 99524 99522 101408 101409 101394
69909 137 11317 4 99525 99526 101833 101834
69910 137 11660 6 99526 99527 102129 102130 113048 113047
69911 11192 11317 5 99528 99525 102058 102057 101253
69912 208 11620 7 99533 99534 114501 118299 118300 107962 105923
69913 208 11857 3 99534 99531 114500
69914 8908 8682 4 99535 99536 99779 99587
69915 7661 7398 4 99539 99537 100144 100260
69916 7247 6940 3 99541 99542 99704
69917 9992 10409 4 99544 99545 102329 102289
69918 9180 9478 4 99546 99547 99898 102423
69919 9180 9307 7 99547 99548 99836 99834 102484 102350 99899
69920 9348 9307 5 99548 99549 101553 101719 100010
69921 9348 9478 4 99549 99546 101727 101551
69922 9348 9180 5 99546 99548 100009 102444 102422
69923 8786 8814 11 99550 99551 100028 106347 102751 100053 100054 100065 100049 100050 100060
69924 9160 9233 4 99553 99554 102732 100029
69925 9233 9290 5 99555 99556 102523 102740 99561
69926 9067 9290 3 99556 99557 102525
69927 9647 9660 6 99558 99559 103909 102499 102500 104345
69928 9917 9660 8 99560 99558 104292 104291 108101 103964 103963 108383
69929 9739 9660 8 99559 99560 108382 108243 102702 102701 104355 103911
69930 9246 9290 5 99562 99561 108096 108085 99805
69931 10691 10340 4 99566 99567 108606 107472
69932 8020 8239 3 99571 99572 99868
69933 8020 7711 7 99570 99571 99822 99823 99870 100370 100371
69934 8398 8852 6 99577 99578 99812 99811 102519 99655
69935 8852 8366 4 99577 99579 99628 99629
69936 8748 8703 5 99585 99586 99591 99589 99588
69937 8748 8651 3 99590 99591 99592
69938 7673 7469 3 99596 99597 99649
69939 6702 6758 3 99600 99601 100393
69940 11173 11662 6 99604 99605 103090 103088 102960 102961
69941 11581 11662 5 99606 99604 111304 111305 111604
69942 11752 11662 5 99605 99606 111618 111620 112043
69943 8574 8748 3 99608 99607 99659
69944 9760 9699 7 99610 99609 102595 102835 102462 102463 102798
69945 8020 8429 4 99614 99615 100114 99831
69946 7962 8429 4 99615 99616 99776 99775
69947 6980 7456 3 99621 99622 100383
69948 7456 7567 8 99621 99623 100390 100391 100109 100108 100196 100384
69949 7649 7331 7 99625 99626 100206 100141 100140 99767 99769
69950 9990 9770 5 99630 99631 101337 101338 102608
69951 9650 9990 4 99630 99632 99681 102384
69952 10195 9770 4 99631 99633 102576 102488
69953 8239 8205 3 99640 99638 99687
69954 8398 8157 3 99641 99642 99643
69955 8578 7469 3 99644 99645 -1
69956 9336 9760 4 99651 99652 102834 102462
69957 9336 9675 5 99652 99653 102828 99820 99818
69958 9326 9336 8 99651 99653 102613 102612 103101 103285 103126 102461
69959 8938 9009 5 99656 99657 99786 99785 102630
69960 8398 8662 5 99660 99661 99662 99663 99664
69961 8864 8662 4 99665 99666 100019 99670
69962 8205 8131 5 99667 99668 99692 99693 99696
69963 10246 10023 6 99673 99675 102372 102357 101267 101265
69964 6728 6664 5 99676 99677 100451 100452 100527
69965 6728 7055 6 99677 99678 100572 100574 100853 100867
69966 6813 7055 4 99678 99679 100672 100718
69967 7055 6664 5 99677 99679 100303 100305 100343
69968 9650 10027 4 99681 99682 99879 99876
69969 8205 8315 3 99689 99690 99691
69970 8205 8235 3 99694 99695 99696
69971 7456 7035 4 99697 99698 100031 100187
69972 7456 7398 5 99698 99699 100196 99742 99744
69973 7034 7398 5 99699 99700 100308 100398 100404
69974 7034 7456 5 99697 99699 100384 100383 100364
69975 7319 7331 5 99702 99701 100151 100220 100219
69976 8275 8852 3 99712 99713 102564
69977 7535 7823 4 99714 99715 100277 100269
69978 7816 7535 6 99714 99716 100099 100281 100266 100268
69979 6442 6910 3 99720 99719 100317
69980 7464 7319 5 99732 99733 100023 100022 100151
69981 7512 7456 4 99738 99735 100337 100391
69982 6539 6275 5 99739 99741 101097 101096 101095
69983 7435 7535 6 99749 99747 100079 100265 100277 100278
69984 7306 7535 6 99748 99749 100267 100266 100279 100190
69985 7093 7034 5 99750 99751 100287 100392 100364
69986 7240 7456 5 99758 99760 100341 100390 100337
69987 7356 7505 3 99761 99762 100130
69988 7504 7055 4 99764 99765 100259 100940
69989 7504 7101 6 99763 99764 100938 100236 100235 100163
69990 7331 7464 5 99767 99768 100150 100151 100156
69991 6953 7580 6 99771 99772 100477 100470 100454 100198
69992 6783 6953 8 99771 99773 100086 100429 100349 100348 100466 100197
69993 9033 8938 6 99778 99780 99785 103196 102816 102704
69994 10057 9970 3 99781 99783 101585
69995 6761 7026 3 99787 99788 100419
69996 9500 9926 3 99791 99792 103078
69997 9500 9793 7 99792 99793 102399 100037 100036 102698 103079
69998 9699 9793 3 99793 99794 102595
69999 9961 9749 6 99796 99797 107451 108238 108293 102321
70000 9732 9553 5 99801 99802 102548 102394 102393
70001 10027 9992 4 99803 99804 101039 102002
70002 10027 9553 7 99804 99801 102452 99877 99876 101648 101038
70003 9246 9473 6 99807 99805 108086 102805 102649 102648
70004 9086 9473 3 99806 99807 99817
70005 8852 9468 3 99810 99811 102681
70006 9432 9468 5 99814 99815 102598 102605 102683
70007 9675 9369 5 99820 99821 100038 102624 102625
70008 9675 9500 4 99821 99818 102398 100037
70009 9369 9500 7 99819 99821 100036 102697 103254 102965 102539
70010 6951 6806 6 99825 99826 100180 100181 100515 100204
70011 5556 6980 4 100394 99827 99828 -1
70012 6836 6233 3 99838 99839 99936
70013 8429 8653 4 99841 99842 102574 100103
70014 8917 8429 6 99840 99842 102573 100092 100088 100089
70015 505 137 4 99844 99845 113098 113100
70016 505 11624 6 99845 99846 113097 101636 101634 102023
70017 11365 11624 6 99846 99847 101569 101570 101704 101705
70018 11365 505 5 99844 99846 102178 102177 113114
70019 11624 137 5 99845 99847 101547 101546 113112
70020 7435 7586 7 99848 99849 100024 100026 100285 100278 99912
70021 6681 7432 5 99857 99855 101432 101446 101448
70022 6967 7432 5 99856 99857 101449 101442 101441
70023 7957 7665 6 99859 99860 100007 100759 100760 100490
70024 1339 2153 6 99863 99861 113455 113778 113416 113413
70025 9229 9531 5 99864 99865 102512 102464 102465
70026 9229 8522 7 99865 99866 102569 102570 102572 101592 101590
70027 9437 8522 4 99866 99867 102470 102491
70028 9437 9229 6 99864 99866 102571 99894 99893 102522
70029 7711 7754 3 99869 99870 100386
70030 9553 10397 4 102451 99877 99878 -1
70031 9650 10397 5 99878 99879 101665 102020 -1
70032 9579 9531 5 99883 99880 102458 102335 102334
70033 9579 9770 4 99880 99882 99886 102457
70034 9552 9531 4 99881 99883 102521 102465
70035 9352 9988 9 99884 99885 102019 101651 101568 101451 101452 101296 101297
70036 7306 7427 6 99891 99892 100279 100286 100292 100291
70037 9545 9404 6 99895 99897 102410 102409 102769 102660
70038 8326 8786 4 99902 99903 99994 99942
70039 8466 8326 5 99902 99904 100228 100067 99943
70040 8001 7105 4 99905 99906 99920 101317
70041 9130 9033 5 99909 99910 102794 102801 102814
70042 8908 9130 3 99908 99910 102183
70043 7586 7823 4 99912 99911 100161 100269
70044 6980 7068 4 99913 99914 100132 100234
70045 3072 4848 7 99915 99916 101876 101865 101864 101024 101023
70046 10847 11737 3 99917 99918 101514
70047 8835 8600 5 99929 99930 99939 99938 99941
70048 8600 8485 3 99937 99938 99940
70049 8526 8466 3 99943 99944 100063
70050 8526 8786 5 99944 99942 99995 100050 100061
70051 9237 9268 5 99945 99946 102748 102789 102418
70052 9997 10239 5 99948 99949 102578 102579 102581
70053 10253 10239 3 99949 99950 102560
70054 10253 9770 5 99950 99947 101339 102561 102559
70055 8600 8268 3 99951 99952 99953
70056 11600 10218 4 99955 99956 101658 113499
70057 10199 10218 7 99956 99957 101697 101696 101530 101531 101542
70058 7794 8600 3 99958 99959 99992
70059 8561 9083 3 99960 99961 100004
70060 8917 8864 4 99962 99963 100019 100020
70061 8829 8833 7 99966 99967 102490 100059 100055 100056 100094
70062 8829 8604 3 99967 99968 102489
70063 8522 8829 6 99966 99968 102491 102569 100093 100091
70064 6681 6846 4 99969 99970 101115 101355
70065 9481 8914 9 99972 99973 101180 101104 101107 107456 104274 104275 102385
70066 9348 9481 5 99971 99973 101179 102506 101174
70067 9478 9519 7 99976 99977 102423 101727 99999 99998 101572
70068 9067 8786 3 99978 99979 100028
70069 9550 9530 6 99980 99981 100005 101176 101175 102330
70070 10023 9550 3 99980 99982 102331
70071 10471 9530 3 99981 99983 100006
70072 9119 9086 4 99984 99985 101561 101559
70073 9445 9370 4 99988 99989 103660 108138
70074 9118 9413 3 99990 99987 104207
70075 9055 8742 3 99996 99997 102750
70076 10246 9478 4 100000 99998 101265 101266
70077 9492 9478 5 99999 100000 101920 101552 101551
70078 8917 8662 5 100001 100002 100021 100019 100018
70079 7957 9190 5 100007 100008 101777 101776 102419
70080 8986 9348 4 100010 100009 101057 101056
70081 9774 9789 7 100011 100012 103496 103684 103686 103687 104206
70082 9774 9617 4 100012 100013 103460 103495
70083 9506 9774 4 100011 100013 103461 104418
70084 9996 10363 7 100014 100015 107979 107675 107676 107740 108031
70085 9333 10510 6 100016 100017 107318 107847 101581 101579
70086 9333 10363 4 100017 100014 107832 107317
70087 9333 9996 4 100014 100016 101818 101820
70088 7586 7101 5 100024 100025 100235 100231 100077
70089 7088 7101 8 100025 100027 100169 100597 100656 100192 100162 100163
70090 8917 9220 3 100035 100033 102515
70091 9793 9369 5 103124 100038 100036 102699 -1
70092 9157 8746 5 100042 100043 104283 102694 102695
70093 8786 8829 5 100044 100045 100057 100055 100048
70094 8964 8829 4 100045 100047 102528 100058
70095 8786 8912 4 100051 100052 100066 100054
70096 9083 8829 4 100057 100058 102533 100059
70097 8786 8513 3 100060 100061 100062
70098 8786 8864 3 100064 100065 100066
70099 8326 8513 3 100067 100068 100195
70100 7072 6935 5 100070 100071 100311 100312 100323
70101 6230 6500 5 100073 100074 100552 100295 100294
70102 8020 7494 3 100075 100076 100371
70103 6284 6728 5 100083 100084 100819 100201 100117
70104 6783 7055 4 100086 100087 100305 100344
70105 8917 8829 5 100090 100088 100093 102568 102532
70106 8522 8917 3 100092 100093 102570
70107 6874 6612 5 100095 100096 100738 100182 100183
70108 7114 6874 7 100095 100097 100186 100910 100912 101093 100826
70109 7535 7847 6 100098 100099 100280 100275 100276 100298
70110 7962 7984 3 100101 100102 101040
70111 11043 11047 11 100106 100107 111267 111266 111571 111572 111868 111416 111415 111878 111879
70112 11047 10931 3 100105 100107 108436
70113 7012 7002 7 100110 100111 100842 100812 100813 100518 100519
70114 7012 6836 7 100111 100112 100650 100831 100212 100213 100843
70115 6836 7002 4 100111 100113 100153 100152
70116 7088 7092 5 100116 100115 100376 100315 100296
70117 5640 5845 4 100120 100121 100499 100986
70118 5035 5845 7 100122 100120 100541 100542 100772 100774 100835
70119 5391 5845 5 100121 100122 100836 100961 100501
70120 9633 9743 4 100124 100125 102645 102715
70121 9552 9743 4 100126 100124 102593 101600
70122 7331 7794 3 100141 100142 100503
70123 7377 7331 6 100140 100142 100502 100221 100220 100156
70124 7504 7462 4 100148 100149 100236 100939
70125 7504 7754 8 100147 100148 100944 100259 100258 100263 100386 100232
70126 7103 6836 4 100154 100152 100843 100319
70127 7162 6846 4 100157 100158 101390 100839
70128 7162 6953 3 100158 100159 101389
70129 7055 6846 4 100160 100157 100495 100494
70130 6953 6846 8 100158 100160 100478 100479 100487 101457 101429 101391
70131 7649 8231 3 100164 100165 100167
70132 8013 7962 3 100168 100166 100173
70133 7101 6819 5 100171 100172 100597 100649 100647
70134 6784 7088 7 100176 100177 100699 100715 100340 100339 100316
70135 6806 6874 4 100179 100181 100876 100745
70136 6874 6991 4 100183 100184 101079 100826
70137 7494 7093 3 100188 100189 100362
70138 6910 6586 5 100193 100194 100359 100360 100355
70139 6558 6204 5 100202 100203 100453 100633 100792
70140 6558 6728 6 100203 100201 100821 100934 100867 100451
70141 6558 6284 6 100201 100202 100791 100981 100936 100820
70142 6670 6481 4 100207 100208 100670 100227
70143 6784 6669 3 100209 100210 100415
70144 6669 6481 7 100208 100210 100677 100676 100669 100668 100707
70145 7154 7012 4 100211 100213 100882 100653
70146 7114 7331 5 100219 100221 100892 100845 100222
70147 6650 8001 9 100226 100223 101477 101231 101230 101388 101312 101311 101345
70148 6650 8848 3 100223 100225 101475
70149 8483 8001 5 100224 100226 101350 101260 100735
70150 8009 8466 4 100228 100229 100230 100245
70151 7816 7427 4 100238 100237 100286 100281
70152 8009 8231 5 100239 100240 100253 100244 100245
70153 5292 5792 3 100243 100241 100611
70154 7823 8231 4 100250 100251 100253 100252
70155 6156 6836 3 100255 100256 101071
70156 7754 7398 4 100257 100258 100262 100260
70157 7055 7754 5 100257 100259 100943 100871 100261
70158 7535 7586 4 100267 100268 100269 100278
70159 7535 7427 6 100271 100272 100290 100280 100281 100279
70160 7535 7499 7 100272 100273 100302 100301 100300 100276 100274
70161 7535 7772 3 100274 100275 100290
70162 7093 6761 5 100287 100288 100396 100412 100422
70163 6500 6481 6 100293 100294 100670 100707 100684 100598
70164 7535 8008 4 100297 100298 100300 100299
70165 6664 7039 3 100303 100304 100671
70166 6664 6783 7 100304 100305 100342 100626 100673 100645 100644
70167 7039 7035 4 100306 100307 100424 100363
70168 7072 6816 4 100312 100313 100325 100324
70169 6689 7072 5 100320 100322 100327 100324 100323
70170 7072 6831 5 100325 100326 100332 100334 100327
70171 6558 6261 3 100329 100330 100936
70172 7072 6646 4 100332 100333 100666 100335
70173 7088 6745 3 100340 100338 100713
70174 6664 6558 5 100342 100343 100451 100453 100625
70175 6783 6558 4 100344 100342 100430 100429
70176 6953 6513 3 100347 100348 100468
70177 6447 6953 4 100347 100349 100428 100467
70178 7645 8151 6 100351 100352 100381 100426 100431 101438
70179 8224 8151 5 100354 100351 101462 101225 101224
70180 6664 6669 5 100367 100368 100537 100630 100527
70181 6910 7092 3 100375 100376 100377
70182 7034 7567 4 100382 100384 100404 100407
70183 6761 6630 5 100395 100396 100399 100400 100423
70184 6414 6386 5 100402 100403 100449 100450 100506
70185 6414 6201 5 100401 100402 100766 100767 100733
70186 8106 7580 3 100410 100411 100427
70187 6761 7039 5 100417 100418 100424 100419 100420
70188 8106 7645 6 100425 100426 100432 100444 100441 100427
70189 6558 6953 5 100428 100429 100433 100478 100480
70190 7645 7661 7 100431 100432 100443 100439 100437 100469 101437
70191 7645 7711 4 100438 100439 100442 100441
70192 7661 7580 3 100440 100437 100470
70193 7645 8018 3 100442 100443 100444
70194 6263 6702 3 100446 100447 100464
70195 6447 6702 5 100448 100446 100465 100467 100486
70196 5545 5879 6 100460 100457 100771 101019 100578 100577
70197 5528 5879 3 100458 100460 100825
70198 6669 6204 5 100471 100472 100669 100631 100630
70199 6953 7711 3 100475 100476 100477
70200 6967 6242 4 100481 100482 101173 101116
70201 6242 6205 6 100481 100483 100962 100750 100748 101117
70202 7510 7659 4 100488 100489 101415 101459
70203 7659 7665 4 100488 100490 101470 101460
70204 5804 5253 6 100492 100493 100743 100547 100548 100533
70205 6846 6747 7 100495 100496 101114 101115 101417 101399 100839
70206 7153 7754 5 100497 100498 100780 100871 100945
70207 7377 7334 4 100502 100504 100901 100893
70208 6371 6386 5 100506 100507 100817 100795 100793
70209 5793 6284 6 100511 100512 100557 100982 100791 100623
70210 5793 5528 7 100512 100513 100604 100769 100770 100977 100556
70211 5631 5528 4 100513 100514 100775 100605
70212 5528 6284 4 100512 100514 100838 100558
70213 6745 6326 4 100538 100539 100678 100646
70214 6326 6669 4 100537 100539 100676 100631
70215 5804 5171 5 100543 100544 100546 100548 100549
70216 5358 5804 4 100543 100545 100844 100555
70217 5406 5804 4 100547 100549 100555 100744
70218 6500 6322 5 100552 100553 100680 100693 100722
70219 6261 5793 3 100556 100557 100978
70220 6260 5684 4 100564 100565 100694 100805
70221 5571 6998 4 100566 100568 101353 101330
70222 7786 7335 7 100570 100571 101074 101087 100659 100658 100915
70223 7055 7153 5 100573 100574 100854 100872 100871
70224 7055 7012 7 100572 100573 100943 100940 100737 100719 100718
70225 5896 5472 3 100575 100576 100582
70226 5698 5880 3 100580 100581 100583
70227 5358 5793 6 100603 100604 100808 100844 100850 100849
70228 5644 5481 5 100607 100608 100634 100635 100682
70229 6371 6352 5 100613 100614 100765 100823 100624
70230 8439 7105 4 100619 100620 100926 101317
70231 9548 9438 6 100621 100622 101767 107428 107427 107243
70232 6858 7101 5 100627 100628 100656 100649 100648
70233 6371 6539 5 100640 100642 100855 100862 100861
70234 7101 7012 7 100647 100648 100736 100737 100938 100814 100813
70235 6836 6728 3 100651 100650 100832
70236 7462 7012 7 100652 100653 100941 100812 100814 100939 100946
70237 7335 7794 7 100659 100660 100984 101094 101091 101090 101088
70238 7962 7786 5 100661 100658 101037 101045 101040
70239 7794 7786 3 100659 100661 101041
70240 7072 6670 7 100663 100665 100703 100667 100666 100706 100697
70241 6481 6745 4 100677 100678 100687 100679
70242 6481 6845 3 100687 100688 100689
70243 6670 6709 3 100690 100691 100692
70244 6670 6910 4 100695 100696 100704 100697
70245 6670 7092 3 100700 100701 100703
70246 6670 6896 3 100704 100705 100706
70247 6819 6734 4 100708 100709 100710 100711
70248 6819 6784 3 100714 100715 100716
70249 7039 7012 4 100717 100719 100736 100942
70250 5528 5845 5 100720 100721 100928 100927 100977
70251 6263 5793 6 100725 100726 100779 100841 100932 100951
70252 5666 5109 5 100727 100728 100778 100731 100730
70253 5915 6242 5 100746 100747 100852 100851 100962
70254 6242 6335 4 100748 100749 101370 101362
70255 11072 10510 3 100754 100755 107820
70256 10668 10235 4 100756 100757 108008 107872
70257 10668 11072 6 100754 100756 107748 107750 101965 101964
70258 7957 7763 4 100760 100758 101414 101472
70259 8986 8001 3 100761 100763 101300
70260 8439 8919 3 100762 100764 101054
70261 6352 6201 4 100767 100765 100811 100810
70262 7153 7661 5 100780 100781 101315 100916 100872
70263 5545 6275 5 100790 100788 101034 101020 101019
70264 6558 5793 6 100791 100792 100875 100932 100933 100975
70265 6371 6378 5 100794 100795 100818 100878 100861
70266 5632 5018 4 100796 100797 100799 100798
70267 6201 5684 3 100805 100806 100807
70268 6371 6080 3 100822 100823 100824
70269 6371 5989 3 100827 100828 100855
70270 5194 5640 3 100833 100834 100970
70271 5845 5279 4 100835 100836 100979 100873
70272 6284 5618 7 100837 100838 100846 100848 100935 100937 100950
70273 7012 7103 4 100842 100843 100882 100941
70274 5618 6261 3 100846 100847 100947
70275 5989 6539 8 100855 100856 101097 100859 100858 100857 100865 100864
70276 6156 5989 3 100859 100860 101098
70277 6539 6201 3 100862 100863 100864
70278 6378 6539 5 100861 100863 100865 100866 100877
70279 7294 7532 3 100868 100869 100886
70280 5793 6447 3 100874 100875 100951
70281 6874 6378 4 100877 100878 100879 100884
70282 6874 6407 3 100883 100884 100885
70283 91 1570 6 100888 100889 113349 113265 113266 113272
70284 91 3089 8 100889 100890 113086 113084 122184 120264 120263 113348
70285 3089 1570 4 100889 100891 122189 113350
70286 7114 7334 7 100892 100893 100902 101006 100911 100910 100897
70287 1558 1982 5 100894 100895 114395 114389 114355
70288 1462 1982 6 100896 100894 113939 101604 101603 114281
70289 6799 7335 3 100899 100900 101042
70290 7334 7414 4 100901 100902 101084 100903
70291 7334 6874 4 100907 100908 100909 100910
70292 7029 7114 3 100911 100912 101007
70293 7661 7162 3 100916 100917 101332
70294 5716 5997 4 100919 100920 101358 101408
70295 5716 6998 5 100920 100918 101171 101170 101353
70296 7659 6967 9 100923 100921 100954 101441 101459 101460 101471 101361 101360
70297 8001 6967 4 100922 100923 101388 101173
70298 7012 7504 4 100938 100939 100944 100940
70299 7012 7754 4 100943 100944 100946 100945
70300 6284 5644 3 100948 100949 100950
70301 7105 6967 3 100954 100952 101442
70302 5915 7875 5 100957 100955 101325 101326 101642
70303 1979 7506 8 100958 100959 101281 101282 101687 113158 101660 101661
70304 1979 3072 4 100959 100960 113458 113441
70305 6205 5915 5 100962 100963 101357 101325 101048
70306 7380 8562 4 100964 100965 101392 101393
70307 9307 9352 4 100966 100967 101278 102518
70308 6275 5879 5 100968 100969 101103 101018 101019
70309 67 298 5 100971 100972 101632 107697 107764
70310 11618 298 6 100973 100971 113197 113199 107584 107585
70311 11004 298 4 100972 100973 113229 101633
70312 5845 5793 5 100975 100976 100977 100978 100982
70313 5845 6284 3 100980 100981 100982
70314 6242 6638 6 100989 100988 101348 101313 101016 101015
70315 76 361 5 100991 100992 109448 109449 123100
70316 11780 158 5 100993 100990 109198 113006 123198
70317 11780 76 5 100990 100992 122799 109738 109197
70318 361 158 5 100991 100993 123197 122760 122757
70319 6090 5540 5 100994 100995 101407 101397 101396
70320 6090 4876 5 100995 100996 101394 101381 101382
70321 5571 6090 4 100994 100996 101409 101406
70322 9162 9266 6 101000 101001 107256 107257 108057 107278
70323 9162 8561 4 101001 101002 101744 101745
70324 8914 9162 3 101000 101002 107277
70325 7335 7114 6 101006 101007 101093 101083 101082 101085
70326 8649 7894 5 101010 101011 101044 101043 101112
70327 6998 6681 4 101012 101013 101505 101444
70328 6242 8001 4 101014 101016 101312 101173
70329 9455 3072 3 101022 101023 101582
70330 4848 9851 3 101024 101021 113263
70331 4848 9455 6 101021 101023 101577 101578 101902 113335
70332 3072 9851 5 101022 101024 113262 101372 101373
70333 5974 7630 4 101026 101027 107284 107771
70334 7532 8034 3 101046 101047 101050
70335 11004 10219 3 101052 101053 101492
70336 11004 9851 6 101053 101051 113341 101204 101201 101491
70337 2311 2206 4 101060 101058 122256 122294
70338 2311 1544 6 101058 101059 112644 122258 107787 107786
70339 6650 7550 3 101063 101065 101341
70340 6541 3402 3 101069 101070 112699
70341 7686 7335 6 101072 101073 101076 101090 101089 101074
70342 7335 7495 4 101075 101076 101091 101092
70343 7335 6991 4 101079 101080 101081 101083
70344 7335 7414 5 101084 101085 101086 101092 101094
70345 7335 7984 3 101087 101088 101089
70346 6793 6747 4 101100 101101 101379 101366
70347 6715 6335 3 101102 101099 101310
70348 6715 6793 4 101099 101101 101380 101435
70349 9309 9266 8 101105 101106 107947 108013 108057 101742 101740 108068
70350 8914 9309 3 101104 101106 107234
70351 9266 9481 3 101105 101107 107455
70352 10273 10412 8 101108 101109 102103 102102 108074 108875 102721 102722
70353 10273 9953 5 101109 101110 104075 104566 104567
70354 10325 10412 5 101111 101108 104945 106751 106748
70355 10325 10273 5 101108 101110 104076 106698 104944
70356 9953 10412 3 101109 101111 106820
70357 6631 6747 4 101113 101114 101419 101331
70358 967 8562 6 101120 101121 113298 113456 112968 112969
70359 7875 8483 3 101124 101125 101474
70360 10150 10415 7 101127 101128 102014 102134 102502 102501 104651
70361 10150 10604 5 101128 101126 108291 108275 102013
70362 208 11618 7 101130 101131 106503 101935 101937 122240 101952
70363 11618 11313 4 101129 101131 102094 101905
70364 10294 10832 5 101134 101132 108546 108531 108530
70365 10230 10832 4 101133 101134 108532 108533
70366 11685 2139 3 101135 101137 101901
70367 5974 5247 3 101138 101139 101140
70368 2561 3005 8 101142 101143 113386 113391 107808 107809 113404 113253
70369 3062 1969 6 101144 101141 113385 113388 113394 107752
70370 3062 2561 4 101141 101143 101851 101853
70371 3005 1969 4 101142 101144 107753 113254
70372 1969 1562 7 101145 101146 113384 113385 113387 118523 106420
70373 1969 1339 6 101146 101147 118657 113776 113775 113399
70374 860 1969 4 101145 101147 118656 106421
70375 1969 1624 3 101148 101149 122435
70376 1969 1497 5 101149 101150 122503 122436 122434
70377 1639 1497 4 101150 101151 113228 122495
70378 1639 1969 7 101148 101150 122507 113776 113220 113221 122437
70379 1497 1624 7 101149 101151 113227 122279 122278 122386 122385
70380 3868 5974 6 101152 101153 101162 101154 101156 101753
70381 5974 3869 5 101154 101155 101157 101159 101160
70382 5974 3218 4 101155 101156 101754 101158
70383 5974 4086 3 101160 101161 101162
70384 10917 10246 5 101163 101165 101548 102050 102372
70385 9348 9550 5 101176 101174 102507 107495 101728
70386 8947 9481 5 101179 101180 102496 102497 102505
70387 67 860 8 101181 101182 107764 107765 101771 101772 113133 113134
70388 11587 11618 7 101183 101184 101936 101935 107899 101942 101424
70389 11587 860 4 101184 101181 113249 113250
70390 11587 67 5 101181 101183 101423 113132 113131
70391 11618 860 4 101182 101184 113200 113197
70392 10955 9257 7 101185 101186 113148 101774 101246 101244 101215
70393 10955 3089 7 101186 101187 102203 102206 118678 118679 122184
70394 5039 10955 4 101185 101187 113363 101216
70395 3089 9257 3 101186 101188 113084
70396 10780 10917 7 101190 101191 101550 101548 101307 101308 101691
70397 10980 11624 5 101192 101189 101913 101914 101570
70398 10980 10780 5 101189 101191 101990 102029 101912
70399 10917 11624 6 101190 101192 101569 101547 101193 101195
70400 11624 11587 6 101193 101194 101966 113132 113113 101546
70401 11624 11412 4 101194 101195 101690 101967
70402 10917 11412 6 101195 101196 107908 101797 101796 101691
70403 10917 11587 5 101196 101193 101510 101511 107907
70404 11412 11587 5 101194 101196 107900 101942 101943
70405 11381 11032 5 101197 101198 102966 107767 107768
70406 11381 11313 5 101198 101199 107436 107437 102967
70407 10668 9851 6 101201 101202 107995 101992 101991 101512
70408 10668 9044 4 101202 101203 107880 107959
70409 11004 9044 5 101203 101204 113338 107882 107881
70410 11004 10668 9 101201 101203 107878 107819 101965 101954 101948 101689 101513
70411 9044 9851 6 101202 101204 113342 101895 101896 108006
70412 9988 11046 5 101206 101207 101557 101639 101638
70413 9044 5345 3 101209 101210 101212
70414 6541 9044 5 101208 101210 101213 113334 101898
70415 9044 5974 9 101211 101212 101213 101790 101789 101840 107776 101235 101233
70416 5974 6541 4 101214 101213 113340 113345
70417 5974 9257 5 101217 101215 107774 107284 107283
70418 5974 10955 4 101215 101216 102141 102143
70419 6676 8417 4 101218 101219 101251 107871
70420 3001 2916 6 101220 101221 113706 113702 102291 102292
70421 3001 3347 6 101221 101222 113679 113700 113713 113707
70422 2450 3001 6 114184 113680 101220 101222 113678 -1
70423 3347 2916 5 101221 101223 101489 113538 113550
70424 2743 3262 7 101226 101227 101874 113357 113360 113358 101872
70425 6650 7659 3 101230 101232 101360
70426 9044 6676 3 101234 101235 107777
70427 10029 9765 4 101237 101236 104212 108010
70428 11334 11587 6 101239 101240 107899 107900 107907 101861
70429 208 11334 5 101238 101240 106503 102093 102092
70430 10955 10235 4 101245 101246 101773 101855
70431 9257 10235 5 101246 101247 106880 106882 101775
70432 9257 9451 5 101247 101244 107774 107833 107838
70433 10235 9451 9 101245 101247 107839 108044 107994 107993 108002 107872 101857
70434 8417 7630 4 101248 101249 101251 107868
70435 11174 11660 7 101254 101252 101378 108586 107744 107743 102109
70436 11174 11317 5 101252 101253 102195 102210 101376
70437 9225 8947 4 101255 101256 101752 101522
70438 10061 10029 4 101258 101259 108019 102431
70439 9430 8752 5 101262 101263 101883 102492 102494
70440 8060 9430 4 101262 101264 108034 102495
70441 8064 7506 5 101270 101268 101305 101293 101292
70442 8064 9455 7 101268 101269 101485 101893 101897 101899 101578
70443 9352 10199 4 101271 101272 101296 101607
70444 10199 8414 4 101271 101273 101530 101698
70445 1979 2812 4 101275 101276 101283 101284
70446 1423 967 5 101277 101274 101693 101692 113530
70447 9307 8604 4 101278 101279 102484 102485
70448 1979 1845 6 101280 101281 113441 113457 101285 101283
70449 2062 2247 7 101289 101290 112718 101566 101567 113177 113172
70450 1639 2247 4 101291 101289 113173 113220
70451 1339 2247 7 101290 101291 113775 113774 113778 113211 112719
70452 6653 8001 5 101294 101295 101350 101345 101340
70453 10199 9988 4 101298 101296 101544 101483
70454 4848 8064 3 101305 101306 101578
70455 10668 10917 3 101308 101309 101796
70456 6650 6638 3 101311 101313 101346
70457 7432 7153 4 101314 101315 101430 101433
70458 7432 7661 8 101315 101316 101418 101319 101322 101401 101334 101332
70459 7510 6846 8 101320 101321 101457 101458 101501 101354 101355 101417
70460 7661 6846 3 101321 101322 101429
70461 6846 7432 5 101320 101322 101391 101390 101399
70462 7432 7162 7 101332 101333 101389 101390 101398 101434 101430
70463 7432 7055 3 101333 101334 101400
70464 6653 6650 7 101341 101342 101343 101349 101346 101345 101352
70465 6653 6242 3 101347 101348 101349
70466 6653 8483 3 101350 101351 101352
70467 6793 6681 5 101365 101366 101402 101448 101404
70468 8414 10218 6 101367 101368 101529 101530 101699 101528
70469 10965 10665 4 101375 101374 101934 102379
70470 11660 11276 5 101377 101378 108584 113025 101929
70471 9988 9238 3 101385 101383 101451
70472 10847 9238 7 101384 101385 101450 101609 101608 113449 113395
70473 6953 7432 4 101389 101391 101401 101400
70474 7432 6747 5 101398 101399 101431 101432 101436
70475 7105 6681 3 101402 101403 101446
70476 3023 2686 5 101412 101410 114169 113701 113649
70477 6747 7510 3 101416 101417 101431
70478 11587 11355 4 101423 101424 101943 101966
70479 9603 7380 3 101425 101426 101516
70480 7510 7645 6 101437 101438 101463 101500 101458 101440
70481 7510 6953 3 101439 101440 101457
70482 7432 6793 3 101447 101448 101449
70483 9352 10847 4 101452 101450 101685 101607
70484 8224 7510 4 101461 101462 101463 101502
70485 432 47 4 101464 101465 112403 112625
70486 111 432 6 101464 101466 102268 111649 111650 112922
70487 7763 7659 3 101470 101471 101472
70488 8414 8001 3 101476 101477 101478
70489 9996 9813 8 101480 101481 107106 107968 107988 107546 107170 107171
70490 9996 10442 4 101481 101482 107675 107107
70491 9302 9044 6 101487 101488 101894 101896 107375 101837
70492 8064 9302 4 101486 101488 101893 101594
70493 10780 9851 4 101490 101491 101512 101989
70494 10219 10780 6 101490 101492 101532 101533 101977 101976
70495 10096 10069 8 101494 101495 103032 111099 112505 103006 103005 103021
70496 10096 9760 4 101493 101494 102830 102831
70497 352 575 6 101496 101497 112746 122939 112513 112514
70498 352 281 9 101497 101498 112943 113030 123058 123057 124498 113013 112747
70499 341 281 5 101498 101499 112934 112936 112937
70500 341 575 5 101499 101496 113050 112549 112546
70501 341 352 5 101496 101498 112942 113008 113052
70502 281 575 4 101497 101499 112970 112748
70503 6998 7510 4 101500 101501 101503 101502
70504 6998 6967 3 101504 101505 101506
70505 10613 11616 6 101507 101508 112302 101674 101676 102274
70506 11192 11587 4 101511 101509 101862 101861
70507 9603 10218 5 101516 101517 101540 101531 101529
70508 10218 9650 6 101518 101519 101540 101542 101658 113496
70509 9650 3560 4 113497 101518 101520 -1
70510 9225 9401 5 101521 101522 101760 101761 107963
70511 9401 9348 5 101521 101523 102506 102507 107924
70512 11620 464 7 101524 101526 122890 122537 118299 118298 109046
70513 11857 11799 4 101525 101527 108835 108836
70514 9770 9190 4 101534 101535 102348 102511
70515 9650 9190 6 101536 101534 102541 102585 102437 102318
70516 10881 10767 5 101537 101538 108946 108416 108415
70517 10881 10674 6 101538 101539 107949 108810 107394 107397
70518 10199 10847 6 101543 101544 101607 101698 101696 101555
70519 10780 10552 5 101549 101550 101990 102051 101977
70520 11518 10199 5 101555 101556 101657 102212 101697
70521 9246 9226 3 101558 101560 102648
70522 9643 9468 6 102392 101562 101563 102605 102606 -1
70523 9643 9551 5 101563 101564 102917 102675 102676
70524 2062 2168 5 101567 101565 113766 113888 113895
70525 2062 2149 3 101565 101566 113759
70526 1325 1555 6 101573 101574 121300 122591 121396 121395
70527 9333 10235 3 101580 101581 101892
70528 9333 9260 9 101579 101580 101891 107746 107836 107835 107384 101819 101818
70529 10239 9992 4 101586 101587 102329 102328
70530 10239 10057 6 101587 101585 102473 102389 102388 102391
70531 9229 9190 8 101590 101591 102565 102566 102586 102541 102511 102512
70532 9229 8275 6 101591 101592 102575 102567 102564 102562
70533 91 9857 5 101595 101596 101869 107893 113331
70534 9034 9290 5 101597 101599 102420 102523 102525
70535 2591 1462 4 101606 101603 113732 113734
70536 2591 1982 3 101603 101605 114282
70537 1929 1462 6 101604 101606 113930 114057 114060 113941
70538 8414 10847 5 101609 101610 101699 101698 101685
70539 1817 2195 5 101612 101613 116490 116327 116326
70540 2195 2185 7 101612 101614 114409 112901 112900 114868 114865
70541 10219 10552 4 101617 101615 101977 101979
70542 10219 10246 4 101615 101616 101921 101976
70543 9938 10141 7 101618 101619 108318 108319 108232 108231 106888
70544 10431 10141 6 101619 101620 108177 102235 102234 108414
70545 10141 10041 5 101618 101620 108176 102341 102342
70546 10152 10002 6 101621 101622 101995 102377 102380 102438
70547 10152 10462 5 101622 101623 102359 102080 101996
70548 10239 10002 4 101624 101621 102440 101999
70549 10239 10152 6 101621 101623 102432 102479 102455 102439
70550 10462 10002 5 101622 101624 101998 102424 101997
70551 265 505 8 101628 101625 113100 113114 112975 112974 113116 102180
70552 265 370 3 101625 101627 113099
70553 10471 9348 4 101630 101631 101932 102319
70554 10471 9851 4 101631 101629 101992 101931
70555 11685 298 8 101632 101633 112948 112947 122447 122469 113264 107698
70556 721 11624 4 101634 101635 113129 102022
70557 10305 11046 4 101637 101639 101680 101640
70558 11412 11646 4 101644 101646 101904 101903
70559 11442 11281 6 101645 101647 106590 102084 102083 107712
70560 9553 9990 4 101648 101649 102608 102384
70561 9492 9988 4 101650 101651 101968 101969
70562 527 935 4 101655 101652 113423 111954
70563 527 1845 4 101652 101654 113110 113465
70564 10199 11387 3 101656 101657 102211
70565 1675 2812 6 101662 101663 113534 113543 113542 113462
70566 1675 1423 5 101663 101664 113470 113471 113533
70567 11644 11599 6 101666 101667 109166 109246 109351 109370
70568 11484 11599 4 101669 101666 108935 106926
70569 11484 11644 5 101666 101668 109165 109353 109371
70570 11435 11599 8 101667 101669 106925 109264 109373 109343 109345 109167
70571 11297 11658 4 101671 101672 106552 108570
70572 11162 11658 4 101672 101673 105886 105887
70573 11162 11234 7 101673 101670 102200 102201 106793 106791 106659
70574 11162 11297 5 101670 101672 105761 105614 104579
70575 11658 11234 5 101671 101673 106660 106757 108571
70576 10442 10637 4 101678 101679 102007 102008
70577 10637 11032 3 101677 101679 107312
70578 11737 743 6 101684 101682 101710 101709 113139 113477
70579 2812 743 5 101683 101684 113478 113440 113420
70580 527 967 3 101692 101694 112767
70581 2139 1824 7 101700 101701 101901 101871 101873 101827 101828
70582 1562 2139 3 101700 101702 113322
70583 590 1824 4 101701 101703 101812 101811
70584 11365 11703 6 101705 101706 102067 102306 102179 102178
70585 11046 11703 4 101706 101707 101973 101975
70586 11046 11624 4 101707 101704 101914 102030
70587 11703 11624 4 101705 101707 102031 113097
70588 3560 743 4 101708 101710 113585 113494
70589 10438 10462 6 101711 101712 102080 102202 102156 102118
70590 10438 10789 5 101712 101713 101830 102073 102079
70591 10965 10462 4 101714 101711 102120 102379
70592 1130 1138 7 101715 101716 113205 113855 113152 113153 113150
70593 573 1028 8 101717 101718 112933 112715 112679 112678 113080 113081
70594 573 1138 5 101718 101715 102181 102182 113004
70595 1028 1138 5 101716 101718 113003 113721 113206
70596 10668 11618 3 101722 101720 101948
70597 9162 9438 3 101723 101724 101784
70598 9162 9216 5 101724 101725 107275 107273 107687
70599 9053 9438 5 101726 101723 101786 107210 101906
70600 9053 9162 6 101723 101725 101743 101745 107256 101785
70601 9700 9880 6 101731 101729 102823 102861 107996 102900
70602 9752 9880 5 101730 101731 102623 102620 103061
70603 874 674 8 101736 101737 117683 111026 111027 111122 122751 122752
70604 874 1005 5 101737 101738 109466 109467 118168
70605 941 1005 8 101738 101739 125179 124904 123030 123029 125044 114385
70606 941 674 6 101739 101736 123021 125083 125080 125085
70607 941 874 4 101736 101738 114384 123020
70608 1005 674 7 101737 101739 125106 124756 124758 125146 118169
70609 9309 9426 5 101741 101742 108056 102416 102415
70610 9162 8906 7 101743 101744 107277 107278 108058 107274 107275
70611 9044 8752 3 101749 101750 107861
70612 9044 9225 5 101748 101749 107208 107207 101837
70613 8906 9225 5 101751 101752 101760 101762 101880
70614 2743 5974 12 101753 101754 113366 113364 102141 102142 101839 101789 101787 113345 113346 113355
70615 3868 2743 4 101753 101755 101874 113356
70616 11335 11543 6 101756 101757 110997 111133 108686 108687
70617 11335 11552 4 101757 101758 111473 110998
70618 11298 11552 5 101758 101759 109451 109407 109406
70619 11298 11335 8 101756 101758 111113 111112 111131 110845 110847 111320
70620 9225 9465 4 101761 101762 101881 107759
70621 10881 10880 4 101764 101765 107508 107511
70622 11002 10691 4 101766 101763 108515 108517
70623 11002 10881 5 101763 101765 106729 106731 108789
70624 9548 9216 6 101767 101768 107273 107276 108007 108009
70625 9426 9216 3 101768 101769 107687
70626 10955 11075 4 101773 101774 113149 107806
70627 9257 11075 4 101774 101775 106647 106645
70628 11075 10235 6 101773 101775 107821 107662 107664 107783
70629 9201 9009 3 101779 101780 103189
70630 827 706 7 101782 101783 112730 112793 112142 112143 112630
70631 827 1215 5 101783 101781 113624 113623 112729
70632 827 777 4 101781 101782 112629 113894
70633 9426 9162 6 101784 101785 107257 108056 107686 107687
70634 2743 9044 3 101788 101789 101809
70635 5974 590 3 101790 101787 113340
70636 9044 590 7 101788 101790 113334 113333 113342 113338 101810
70637 11412 10471 3 101797 101798 107918
70638 11657 10978 5 101802 101799 106662 107453 107540
70639 11657 11281 5 101799 101801 106445 107897 106661
70640 9044 11685 5 101809 101810 107882 107823 101840
70641 11685 1824 6 101811 101813 113264 122283 101900 101901
70642 9293 9177 8 101814 101815 108076 108166 108173 108178 108186 104892
70643 9293 8949 4 101815 101816 108080 108077
70644 10128 9996 5 101820 101817 102426 108030 108031
70645 11600 11683 4 101822 101823 102071 112651
70646 590 4848 6 101824 101825 112698 113335 113263 101864
70647 4848 2340 4 101824 101826 101875 101865
70648 3062 2139 4 101827 101829 113126 113128
70649 10438 10974 4 101830 101831 102343 102074
70650 11365 11317 5 101834 101835 112789 102056 102058
70651 11365 265 5 101835 101832 113114 102634 102633
70652 9302 9225 4 101836 101837 107332 101846
70653 5974 11685 3 101839 101840 107822
70654 91 794 5 101842 101843 113265 113354 118551
70655 91 11075 9 101843 101844 112941 113149 106645 106646 107893 107894 113266
70656 11397 11075 7 101844 101845 105309 105307 107663 107664 107784
70657 11397 794 5 101845 101842 122215 107912 107913
70658 11075 794 5 101843 101845 122250 122248 113267
70659 10970 10632 6 101847 101848 108245 108912 109019 109059
70660 10843 10826 4 101849 101850 108482 108481
70661 10843 10970 6 101847 101849 109155 106989 106987 109060
70662 10826 10632 5 101848 101850 108430 108431 108247
70663 2561 1562 6 101852 101853 113384 113400 113417 113339
70664 1562 2994 3 101852 101854 113297
70665 11072 10955 7 101855 101856 107877 118676 118679 113248 107806
70666 11072 9451 4 101856 101857 107748 107749
70667 877 1241 8 101858 101859 107497 107498 120316 122245 118661 118662
70668 1497 1241 6 101859 101860 113094 113095 106768 106765
70669 2994 3005 4 101867 101868 113386 113166
70670 91 11486 4 101869 101870 113272 107894
70671 3262 2139 4 101872 101873 113128 113127
70672 2994 4848 4 101875 101876 102038 113103
70673 2183 2511 4 101877 101879 118591 118580
70674 9430 9465 6 101881 101882 108061 107980 107169 107172
70675 11147 11154 4 101884 101885 108952 105471
70676 11436 11154 8 101885 101886 107567 106278 106279 108397 108395 109079
70677 11154 11263 4 101884 101886 102101 102098
70678 2007 1489 5 101887 101888 115109 115107 117867
70679 1651 1489 4 101889 101887 117783 117784
70680 1683 1489 5 101888 101889 118023 118008 118010
70681 9260 9221 5 101890 101891 107745 108042 108045
70682 10235 9221 6 101892 101890 107839 106880 106879 107848
70683 9044 9455 5 101894 101895 113333 101898 101897
70684 9455 6541 4 101898 101899 101902 113332
70685 9278 9053 6 101906 101907 102509 108144 108063 108064
70686 11687 11233 5 101909 101910 101955 101958 108695
70687 11275 11550 4 101911 101908 107425 107426
70688 11233 11550 3 101909 101911 108401
70689 11174 10968 5 101915 101917 103662 108575 108596
70690 11164 11317 7 101922 101923 102195 102057 102056 112788 102055
70691 1633 1532 9 101925 101926 102172 102174 122514 122515 122523 113246 113245
70692 1633 949 4 101926 101924 122940 122932
70693 1633 1219 4 101924 101925 122946 122956
70694 11660 30 4 101927 101929 113009 112962
70695 9813 9851 5 101930 101931 107995 108006 107946
70696 9348 9813 7 101930 101932 107494 107495 107924 107334 107333
70697 11618 778 5 101936 101937 113352 113199 113200
70698 11027 11056 3 101939 101940 107910
70699 10748 11056 7 101940 101941 107348 107440 107718 107932 107911
70700 1708 1665 5 101944 101945 116653 117088 117030
70701 1708 1862 6 101945 101946 116922 116924 116968 116652
70702 1758 1862 5 101946 101947 115995 112714 112712
70703 1758 1708 4 101944 101946 116923 117029
70704 1862 1665 4 101945 101947 115994 116654
70705 208 11716 4 101951 101952 122394 122393
70706 11004 11442 5 101953 101954 101963 107843 113229
70707 11233 11399 6 101957 101958 108492 108493 111443 102006
70708 10576 10680 5 101959 101960 107399 108761 108874
70709 10576 10618 6 101960 101961 108635 105582 105580 107398
70710 10452 10618 5 101961 101962 102785 102788 108281
70711 10452 10576 4 101959 101961 107382 107381
70712 10618 10680 5 101960 101962 107448 107445 107400
70713 11004 11072 3 101963 101965 107818
70714 11233 10844 4 101971 101972 108483 108632
70715 11051 11660 3 101980 101982 102109
70716 10340 9736 3 101983 101985 102016
70717 11600 454 7 101988 101986 112732 112734 112929 112855 112651
70718 11600 331 4 101986 101987 102046 102044
70719 10152 10789 5 101995 101996 102079 102445 102378
70720 10789 10002 4 101995 101997 102371 102370
70721 9770 10002 5 101998 101999 102457 102456 102561
70722 10462 9770 3 101998 102000 102559
70723 10103 9992 5 102002 102001 102328 102289 102287
70724 11233 11274 9 102005 102006 111442 110311 110313 111715 111740 111739 111738
70725 10442 11051 4 102009 102007 107484 107485
70726 1522 1921 3 102011 102010 113591
70727 10212 10415 6 102014 102012 108274 108273 108339 102135
70728 10212 10604 5 102012 102013 108276 107076 107075
70729 9352 10253 3 102018 102019 102517
70730 11624 370 7 102022 102023 113112 113113 113130 113135 113147
70731 11513 10847 3 102025 102026 102028
70732 2168 2593 7 102034 102035 113878 113890 113839 113837 113882
70733 11174 11164 3 102036 102037 102195
70734 1299 778 6 102041 102042 113046 113276 113181 113167
70735 602 1127 6 102043 102040 112994 112993 112627 112628
70736 602 1299 4 102040 102042 113045 113191
70737 778 1127 4 102041 102043 122856 113169
70738 11600 1487 6 102045 102046 113475 113499 113498 -1
70739 11600 939 6 113162 112733 112732 102044 102045 -1
70740 1082 939 6 102048 102049 113182 113511 113570 113568
70741 331 1082 3 102047 102049 113183
70742 2054 2396 8 102052 102053 118507 122333 114511 114513 118278 118279
70743 11616 11317 4 102054 102055 102223 102224
70744 2724 2496 3 102059 102060 113260
70745 1921 2496 5 102060 102061 113474 113609 113261
70746 2496 2765 6 102059 102061 113473 113541 113480 113479
70747 10349 11503 7 102065 102064 102090 102312 102314 102311 102286
70748 11387 11365 3 102066 102067 102305
70749 1280 770 4 102070 102068 113545 112758
70750 1280 454 4 102068 102069 112741 112740
70751 11683 11503 4 102072 102071 112652 102307
70752 2209 2183 5 102076 102077 118350 118351 118552
70753 1940 2401 3 102078 102075 118376
70754 1940 2209 6 102075 102077 118452 118463 118466 118375
70755 2183 2401 6 102076 102078 118579 118580 117935 117932
70756 9953 9719 5 102081 102082 107036 104854 104855
70757 11623 11397 5 102085 102086 107913 105309 105308
70758 11623 11281 5 102083 102085 106247 106661 107896
70759 1581 1646 6 102088 102089 117040 117041 138659 128199
70760 1581 1573 6 102087 102088 128198 139620 139619 127927
70761 11618 11334 4 102095 102094 106503 107899
70762 11033 11263 8 102098 102099 108967 108929 108423 102911 102910 105472
70763 11033 11293 5 102099 102100 107403 108616 108968
70764 11154 11293 6 102100 102101 107567 108418 105586 105583
70765 11154 11033 5 102098 102100 107402 108951 105471
70766 10412 10310 7 102103 102104 106939 106898 106749 106748 106820
70767 10412 10335 4 102104 102102 107290 107291
70768 10307 9963 5 102105 102106 108410 110570 110610
70769 9941 10001 6 102107 102108 104391 103945 103947 108342
70770 9941 10307 5 102105 102107 109494 109496 110668
70771 10001 9963 4 102106 102108 104390 104701
70772 11473 11145 6 102112 102113 106496 106340 106337 106386
70773 1526 574 6 102114 102115 107713 107731 121863 122175
70774 2363 574 4 102117 102114 106618 106616
70775 10613 10438 3 102118 102119 102157
70776 285 18 7 102123 102124 109557 109556 106762 106764 109280
70777 285 334 10 102124 102121 121450 122696 122789 122775 122774 122792 107523 107522
70778 285 276 3 102121 102123 111663
70779 18 334 3 102122 102124 121372
70780 11340 10968 4 102126 102127 107424 108598
70781 11275 10968 4 102127 102128 108402 107426
70782 11275 11008 6 102128 102125 104756 108865 108864 108630
70783 11275 11340 6 102125 102127 107425 108617 106605 104755
70784 10968 11008 8 102126 102128 108631 108552 108541 107373 107372 108557
70785 10045 10043 4 102131 102132 108368 108230
70786 9944 10043 4 102132 102133 108259 108380
70787 9961 10150 4 102136 102134 108229 108293
70788 10905 11174 3 102137 102138 102139
70789 9451 5974 7 102142 102143 107774 107771 107772 107776 107822
70790 73 432 4 102146 102147 102890 111649
70791 73 281 7 102147 102144 112704 123551 125086 113030 102888
70792 10462 10195 3 102148 102149 102150
70793 10349 10239 3 102151 102152 102579
70794 10031 10014 7 102153 102154 106321 107420 108210 108193 108192
70795 464 887 4 102158 102159 122925 122852
70796 464 756 6 102159 102160 122960 122966 122955 122928
70797 961 756 3 102160 102161 118311
70798 961 464 5 102158 102160 122943 122651 122653
70799 756 887 7 102159 102161 118309 122898 122897 112986 112985
70800 10327 10247 7 102163 102164 158490 158492 143841 143839 158484
70801 10327 10393 4 102164 102162 143945 143947
70802 10327 10476 5 102162 102163 158483 158567 158893
70803 11381 11340 6 102165 102166 108597 108598 108652 102654
70804 11620 11340 8 102166 102167 108404 106727 106728 108858 108624 108625
70805 11340 11188 5 102165 102167 108403 108969 102655
70806 1058 370 5 102169 102170 113083 112981 112982
70807 935 370 6 102170 102171 112932 113147 102221 102220
70808 935 1058 3 102168 102170 113082
70809 1532 1523 3 102172 102173 108895
70810 1633 961 3 102174 102175 122421
70811 505 11683 5 102176 102177 112975 112976 113111
70812 11703 11683 5 102179 102176 112928 112926 102307
70813 505 1138 4 102180 102181 113150 113117
70814 10968 10767 5 102185 102186 104562 104563 108541
70815 10968 10832 6 102186 102187 108333 108335 108562 104929
70816 10844 10968 4 102185 102187 108483 108552
70817 11293 11311 5 102188 102189 102947 102948 104263
70818 11293 11652 6 102189 102190 107535 107533 107950 107951
70819 1143 997 4 102191 102193 113934 113946
70820 1200 1077 4 102192 102194 112726 112828
70821 11691 11772 4 102197 102198 111280 111279
70822 11234 10887 3 102199 102201 106795
70823 3089 2743 4 102203 102205 113368 113365
70824 3218 10955 3 102204 102206 122190
70825 288 30 6 102208 102209 112647 112648 112919 102258
70826 288 341 8 102209 102207 112489 112999 113092 112995 112935 112936
70827 11465 11803 4 112842 102214 102215 -1
70828 11803 10805 5 112407 111391 102213 102215 -1
70829 2149 2655 4 102216 102217 113773 113299
70830 1261 770 6 102225 102226 112758 113521 113078 113043
70831 1261 540 4 102226 102227 114066 112759
70832 777 540 7 102227 102228 112683 112998 102240 102238 114061
70833 777 770 3 102228 102225 112682
70834 777 1261 4 102225 102227 114065 113044
70835 706 637 5 102229 102230 112711 112777 112774
70836 665 271 4 102231 102232 113019 112846
70837 665 706 4 102229 102231 112782 112773
70838 271 637 5 102230 102232 113017 112706 112705
70839 10141 10468 5 102235 102233 107005 104764 104765
70840 819 938 6 102236 102237 125460 125461 125457 125453
70841 288 182 6 102239 102241 112674 112697 112919 112818
70842 891 1206 6 102246 102247 120743 120744 121317 121537
70843 613 1236 4 102248 102245 120933 121619
70844 613 891 6 102245 102247 120926 120925 120916 120917
70845 10230 9961 6 102249 102250 108340 108337 108278 102618
70846 10294 9961 3 102250 102252 108100
70847 288 11747 3 102257 102258 112697
70848 11789 11481 3 102259 102260 112542
70849 2012 1925 6 102261 102262 122624 107544 107542 122418
70850 2012 2268 6 102262 102263 122377 122375 122374 122627
70851 2515 2268 7 102263 102264 118504 121178 122361 122337 122335
70852 2515 2012 5 102261 102263 122389 120419 120420
70853 2268 1925 4 102262 102264 116454 116451
70854 2036 1669 5 102271 102269 112737 114396 116492
70855 2036 1725 4 102269 102270 114042 112735
70856 2222 2251 3 102272 102273 113314
70857 10014 10541 4 102277 102278 107377 108190
70858 10335 10029 3 102279 102280 107180
70859 10335 10541 8 102280 102277 107489 107488 107290 107289 107268 107179
70860 10029 10541 4 102278 102280 107178 107379
70861 11503 10423 5 102281 102282 102285 102309 102286
70862 3001 2686 6 102290 102291 113701 114275 114305 112944
70863 2457 2686 5 102293 102290 112946 113691 113647
70864 2457 3001 4 102290 102292 113680 112945
70865 2916 2686 5 102291 102293 113646 113650 113649
70866 1186 1117 5 102295 102296 113562 113468 113467
70867 589 1186 3 102295 102297 113517
70868 9545 9229 5 102300 102301 102410 102659 102604
70869 9770 9229 6 102303 102300 102588 102540 102511 102464
70870 9552 9229 5 102301 102303 102465 102522 102411
70871 11503 11046 4 102309 102310 102316 102311
70872 11503 10665 3 102312 102313 102315
70873 9749 9895 4 102321 102322 102883 102882
70874 11250 11524 6 102326 102327 106250 108396 108394 109048
70875 11250 11498 5 102327 102325 109097 109096 106248
70876 11250 11536 4 102325 102326 109055 109056
70877 10002 9629 3 102332 102333 102380
70878 10604 10974 4 102337 102338 103818 108309
70879 10512 10974 5 102338 102339 102343 102344 103819
70880 10512 10604 6 102336 102338 103817 104564 108310 107075
70881 10031 10041 7 102340 102341 108130 108131 108193 108212 108203
70882 9519 8649 3 102345 102346 102443
70883 9180 9531 3 102349 102350 102427
70884 10779 10679 6 102351 102352 107515 107469 107463 107423
70885 10779 10541 4 102352 102353 104734 107513
70886 10421 10541 7 102353 102354 102365 107178 107179 107261 104735
70887 10421 10679 5 102354 102351 107422 107349 102363
70888 10541 10679 6 102352 102354 102364 104771 104770 107517
70889 10152 10395 7 102358 102359 102432 102476 102450 102447 102433
70890 10291 10421 3 102363 102365 107350
70891 1430 1752 5 102366 102367 121303 122864 122840
70892 1430 1501 6 102367 102368 122606 113154 113156 121304
70893 1723 1501 4 102368 102369 117203 117202
70894 1723 1752 6 102369 102366 118654 118653 119874 122614
70895 1723 1430 5 102366 102368 106668 106667 108824
70896 9054 9099 4 102376 102374 107105 102498
70897 9553 9643 5 102392 102393 102452 102451 -1
70898 10027 9643 3 102395 102397 102452
70899 9500 9760 4 102398 102399 102835 102834
70900 9268 8744 6 102401 102402 102602 102745 102710 102520
70901 8744 9178 3 102401 102403 102471
70902 9552 9437 6 102413 102414 102535 102720 102522 102521
70903 9370 9290 11 102420 102421 102716 102719 103828 104356 108032 108033 108092 108096 102740
70904 8604 9531 5 102428 102427 102485 102466 102467
70905 10133 9438 3 102429 102430 107243
70906 9190 8321 4 102434 102435 102544 102565
70907 9579 10152 3 102438 102439 102454
70908 9307 10002 3 102441 102442 102553
70909 10152 10294 3 102446 102447 102448
70910 10002 9531 6 102458 102456 102558 102556 102553 102552
70911 9997 10195 4 102459 102460 102576 102581
70912 9326 9699 5 102463 102461 103127 103833 102896
70913 10395 9552 3 102472 102474 102476
70914 9552 10152 4 102476 102477 102478 102479
70915 9325 9414 5 102480 102481 158031 158023 157621
70916 9325 9341 6 102481 102482 158182 158198 158141 158142
70917 9380 9341 4 102482 102483 157970 157969
70918 9341 9414 5 102481 102483 148604 148603 158137
70919 9437 8829 8 102489 102490 102533 102528 102529 102532 102571 102491
70920 8752 9451 5 102493 102492 107762 107869 107861
70921 7630 9430 4 102494 102495 108047 107761
70922 9481 9401 3 102504 102505 102506
70923 8814 9160 6 102513 102514 102646 102738 102735 102751
70924 9437 8867 3 102529 102530 102531
70925 9437 9493 5 102534 102535 102770 102545 102546
70926 9194 9473 5 102536 102537 102712 102688 102687
70927 9229 9650 3 102540 102541 102587
70928 9531 9492 4 102554 102555 102557 102556
70929 9229 8321 3 102562 102563 102565
70930 9229 8829 3 102568 102569 102571
70931 9229 8429 4 102572 102573 102574 102575
70932 9997 10462 3 102577 102578 102580
70933 9553 9224 4 102582 102583 102682 102610
70934 9220 9190 3 102584 102585 102586
70935 9220 9770 4 102588 102589 102601 102600
70936 9658 9427 5 102592 102594 102627 102628 103390
70937 9545 9220 4 102599 102600 102604 102609
70938 9432 9336 4 102611 102613 102828 102827
70939 10274 10090 4 102617 102614 102895 102709
70940 10274 10106 5 102614 102616 102942 102706 102707
70941 10105 10090 4 102615 102617 102708 102937
70942 9831 10230 5 102618 102619 102907 102906 108277
70943 9908 9739 4 102621 102622 102998 108325
70944 9752 9739 6 102622 102623 102784 102742 102741 102797
70945 9752 9908 5 102620 102622 102999 103059 103060
70946 9658 9237 3 102628 102629 108119
70947 9161 8854 6 102631 102632 103193 102990 102988 102987
70948 10280 10401 7 102635 102636 110494 110495 108269 108270 104438
70949 10280 10420 5 102636 102637 104380 104381 109091
70950 10325 10420 7 102637 102638 108644 104773 104774 104945 104944
70951 10325 10401 5 102638 102635 104440 105628 105629
70952 10325 10280 4 102635 102637 106698 104439
70953 10420 10401 7 102636 102638 108218 102808 102807 104436 110533
70954 9717 9732 4 102641 102639 102658 102665
70955 10333 10140 7 102642 102643 103550 103549 111926 111925 112445
70956 10333 10323 5 102643 102644 111881 111802 111803
70957 10491 10333 4 102642 102644 111882 111904
70958 9752 9282 5 102656 102657 102742 102782 103893
70959 9545 9427 3 102661 102660 102690
70960 9282 9739 5 102662 102663 102742 102783 102821
70961 9732 9776 6 102664 102665 102915 103001 102919 102916
70962 10610 10069 6 102666 102667 112505 112506 112509 112441
70963 10057 10069 4 102667 102668 103004 103006
70964 9251 9196 4 102669 102671 102686 102764
70965 9493 9422 5 102670 102672 108285 108082 107992
70966 10538 10595 8 102677 102678 104648 108458 108456 110607 111169 110431
70967 10672 10313 5 102679 102680 103916 147197 110642
70968 10672 10595 6 102680 102677 110433 104568 104569 103915
70969 10672 10538 6 102677 102679 110493 110492 147047 110432
70970 10313 10595 6 102678 102680 103914 109062 110043 104649
70971 9880 10022 5 102692 102693 102793 102861 106327
70972 10022 9873 3 102691 102693 102791
70973 9602 9793 6 112422 103144 103129 102698 102699 -1
70974 9602 9369 5 102699 102697 103248 103249 -1
70975 9660 9538 11 102700 102701 103829 103827 104346 104347 104354 108250 108248 108254 108262
70976 9700 9538 4 102703 102700 103830 102824
70977 9700 9660 4 102700 102702 108244 108261
70978 9739 9538 4 102701 102703 102821 102820
70979 9290 9538 5 102718 102719 103829 102820 102819
70980 9538 9370 4 102717 102719 103827 103660
70981 10273 10420 4 102722 102723 104380 104944
70982 10468 10420 5 102723 102724 109174 109092 104381
70983 10468 10412 4 102724 102721 107406 107405
70984 10420 10412 5 102722 102724 109146 106886 104945
70985 9588 9538 6 102725 102726 103301 103830 108262 103507
70986 9384 9588 3 102725 102727 103508
70987 9246 9237 4 102728 102729 108122 102768
70988 9067 9160 4 102733 102732 102736 102738
70989 8814 9196 3 102735 102737 106347
70990 9268 8742 5 102744 102745 102746 102754 102750
70991 9073 9115 4 102760 102758 108108 108113
70992 9413 9054 4 102762 102763 104942 104940
70993 9237 9119 4 102766 102767 102789 102790
70994 9687 9721 6 102774 102775 103779 103483 102812 102813
70995 9481 9115 4 102777 102779 104272 104274
70996 10618 10516 4 102785 102787 107447 107448
70997 9865 9873 6 102791 102792 102822 103917 103913 102852
70998 9865 9880 3 102792 102793 102823
70999 10416 10340 5 102796 102795 107473 107472 107330
71000 9699 9752 6 102798 102799 103087 103140 103888 102896
71001 10401 10685 5 102806 102807 104435 109106 107391
71002 10554 10420 5 102808 102809 104772 104773 108219
71003 10554 10401 3 102806 102808 107392
71004 10420 10685 5 102807 102809 109047 109140 104437
71005 9201 8938 3 102815 102816 103099
71006 9500 9358 5 102817 102818 103256 102965 102964
71007 9369 9000 7 102825 102826 103116 103210 103211 103249 -1
71008 9908 9760 6 102829 102830 102874 102875 103022 103059
71009 9880 10056 4 102833 102832 103061 103062
71010 9154 8787 5 102836 102837 152120 158256 152127
71011 9154 8892 5 102837 102838 152119 151998 151999
71012 8948 9154 5 102836 102838 103763 103760 152126
71013 8990 9326 4 102841 102842 103251 102847
71014 8854 9104 5 102843 102844 103109 102989 102988
71015 10216 9957 4 102850 102848 110458 103452
71016 10216 10121 6 102848 102849 103622 103623 110508 110470
71017 9446 9506 4 102855 102856 103337 103333
71018 9533 10010 3 102858 102859 103753
71019 9957 9721 4 102860 102857 103779 103640
71020 9821 9593 4 102863 102864 105571 106080
71021 11323 11238 7 102866 102865 108928 109408 109409 111114 108971
71022 10193 9965 7 102867 102868 109669 104369 104370 109058 145151
71023 10210 9965 3 102869 102867 145367
71024 10233 9965 7 102868 102869 148435 148569 110540 110539 109671
71025 10792 11152 3 102870 102871 103183
71026 10792 10839 9 103184 102871 102872 145421 158926 158925 158922 158923 -1
71027 11092 11152 6 102873 102870 144753 144441 112124 112126
71028 11092 10792 5 102870 102872 145218 144630 144629
71029 10839 11152 9 103185 102871 102873 143591 144633 144680 110754 110753 -1
71030 9908 9675 3 102875 102876 103003
71031 10069 9908 4 102874 102876 103002 103021
71032 10156 9732 3 102879 102880 111780
71033 9793 9732 4 102880 102881 102963 110656
71034 9793 10156 5 102878 102880 111779 111930 103033
71035 10048 10070 4 102884 102885 108346 106570
71036 10048 9861 5 102885 102886 108313 108314 108343
71037 10001 9861 5 102886 102887 102923 102921 103947
71038 10001 10070 7 102887 102884 106571 110221 104195 104194 103132
71039 9861 10070 4 102885 102887 103133 108136
71040 281 30 5 102888 102889 112647 112937 112943
71041 432 30 5 102889 102890 111650 112920 112648
71042 10149 10450 6 102891 102892 104327 103085 103084 102971
71043 10433 10357 5 102898 102899 158871 158463 112289
71044 9749 10212 4 102902 102903 108239 108238
71045 9749 9736 5 102903 102901 108268 108287 108289
71046 10230 9908 4 102905 102906 108332 104935
71047 10096 10230 8 102905 102907 102956 112502 104350 104349 108279 104936
71048 10970 10881 10 102908 102909 108297 109017 109018 109037 107394 107395 108862 108863
71049 10970 11033 4 102909 102910 108962 108296
71050 11263 10881 4 102911 102908 108966 108422
71051 11263 10970 4 102908 102910 108963 108965
71052 11033 10881 6 102909 102911 108421 106731 106090 106089
71053 10043 9895 5 102912 102913 108259 108377 108237
71054 9776 9643 3 102916 102917 102918
71055 9843 10001 5 102923 102920 104256 104255 103132
71056 9843 9866 3 102920 102922 104254
71057 10339 10205 7 102924 102925 110369 111080 110574 110381 110214
71058 10339 10206 3 102925 102926 110370
71059 10267 10206 5 102926 102927 148455 151734 110402
71060 10267 10205 7 102927 102924 110215 148493 148527 148469 148454
71061 10267 10339 6 102924 102926 109040 103499 103498 109970
71062 10206 10205 5 102925 102927 148453 151828 110371
71063 10090 9946 3 102929 102930 103912
71064 10045 10022 5 102932 102933 108230 108365 102996
71065 10165 10022 4 102933 102934 103330 104262
71066 10022 10048 8 102932 102934 103329 104322 107223 107215 107214 102997
71067 11285 11263 3 102939 102940 102953
71068 11275 11263 8 102940 102941 108965 108966 104756 104755 106604 103610
71069 11275 11147 4 102941 102938 108809 108806
71070 11329 11152 4 102944 102945 112251 112256
71071 11329 11176 5 102945 102946 144454 143442 112252
71072 11330 11329 5 102944 102946 143822 143821 112257
71073 11078 11311 5 102948 102949 107805 107914 104265
71074 9984 10526 4 102957 102958 158459 151661
71075 10351 9984 9 102957 102959 103504 157258 158356 157227 157226 158379 151662
71076 11173 11496 5 102961 102962 112490 112497 112491
71077 11328 11173 5 102960 102962 112304 112303 110675
71078 10324 10768 5 102969 102970 103612 112297 112296
71079 10450 10096 3 102971 102972 108279
71080 9628 9509 5 102973 102974 103717 111911 103351
71081 9815 9509 3 102976 102973 103118
71082 9336 9181 4 102977 102978 103285 103238
71083 10056 10140 5 102980 102981 103176 103432 103550
71084 10322 10203 7 102983 102984 103234 103235 103320 103321 110729
71085 10066 10222 3 102985 102986 110946
71086 10066 10203 8 102986 102983 110731 103151 103150 112242 111923 110945
71087 10066 10322 5 102983 102985 112428 110738 110730
71088 9062 8854 3 102989 102990 103123
71089 10203 9602 7 112231 103152 103150 102991 102992 103315 -1
71090 10164 9941 5 102994 102993 109496 110671 104324
71091 10022 9917 4 102996 102997 108345 108367
71092 9917 10048 6 102995 102997 108344 108343 108346 108301
71093 10069 9776 5 103000 103001 103004 103005 103002
71094 10869 10203 3 103007 103008 -1
71095 10869 10839 6 103008 103009 110948 110755 110753 -1
71096 10507 10839 4 103009 103010 103095 103098
71097 10507 10203 5 112427 103321 103010 103007 -1
71098 10507 10869 9 103007 103009 112461 112471 112478 111308 103034 103036 -1
71099 10839 10203 7 103008 103010 103320 158841 158807 158805 -1
71100 10563 10610 5 103011 103012 110346 112042 111947
71101 10405 10140 4 103014 103015 112443 111925
71102 10156 10190 6 103016 103013 111798 112270 111930 111929
71103 10156 10405 4 103013 103015 112419 111796
71104 10140 10190 6 103014 103016 112290 103548 103547 111926
71105 10405 10659 3 103018 103019 112442
71106 10727 10659 5 103019 103020 103054 103051 112432
71107 10727 10529 6 103020 103017 111487 112323 112322 112324
71108 10727 10405 4 103017 103019 110872 110873
71109 10659 10529 6 103018 103020 110780 110777 112312 112433
71110 9833 9815 6 103024 103025 103216 103215 103314 103439
71111 9833 9818 3 103023 103024 103435
71112 10190 10333 4 103029 103030 111862 111926
71113 10156 10096 3 103031 103032 103367
71114 10869 10190 3 103035 103036 -1
71115 10507 10626 4 103037 103034 103243 103240
71116 10190 10626 6 103035 103037 111797 111798 112269 -1
71117 9912 10169 5 103038 103039 110665 103661 103534
71118 9973 9909 4 103040 103041 148617 103625
71119 9909 10169 6 103039 103041 145341 110541 110542 110674
71120 10884 10626 7 103043 103042 111901 111900 112406 112455 112410
71121 10610 10491 5 103044 103045 111972 112498 112511
71122 10610 10735 5 103045 103046 108331 104550 104551
71123 10727 10883 5 103047 103048 112483 110606 108358
71124 10727 10814 6 103048 103049 111487 110873 110874 112479
71125 10738 10814 4 103049 103050 111915 112320
71126 10738 10883 5 103050 103047 108360 111912 111913
71127 10738 10727 5 103047 103049 112323 109983 108359
71128 10814 10883 6 103048 103050 111914 111920 111919 112481
71129 10804 10659 5 103051 103052 107108 107109 112430
71130 10804 10785 5 103052 103053 108234 108235 110741
71131 10727 10785 6 103053 103054 112324 109984 108359 108358
71132 10727 10804 5 103051 103053 110606 112480 112431
71133 10785 10659 5 103052 103054 110780 110779 110742
71134 10056 10265 6 103055 103056 103363 103067 103068 103065
71135 10095 9850 3 103058 103057 103167
71136 10056 10149 4 103064 103065 103070 103066
71137 10056 10106 3 103068 103069 103070
71138 9439 9538 5 103071 103072 103092 103093 103903
71139 9762 9844 9 103074 103075 147656 146711 146712 147710 147531 147532 157806
71140 9762 10009 4 103075 103076 157771 147657
71141 9964 10009 4 103076 103077 158545 157773
71142 9964 9844 3 103077 103074 158297
71143 10009 9844 5 103075 103077 156833 156832 147658
71144 9500 9850 5 103078 103079 103128 103134 103112
71145 9793 9850 4 103079 103080 103143 103129
71146 10230 9960 6 103082 103083 108332 108277 108278 108336
71147 10230 10149 4 103083 103084 104936 104935
71148 9894 9699 5 103086 103087 103138 103173 103149
71149 11173 11764 5 103089 103090 111617 111615 -1
71150 9564 9439 6 103091 103093 103902 104220 104531 103984
71151 9538 9599 6 103092 103094 104352 108254 103507 103509
71152 10322 10694 7 103096 103097 158866 158898 112196 112197 110429
71153 10839 10694 6 103097 103098 110948 110949 158478 158479
71154 10839 10322 4 103095 103097 158840 103320
71155 10694 10507 6 103096 103098 112461 112429 112421 110430
71156 8975 9208 4 103104 103105 103996 103999
71157 8982 9154 6 103107 103108 152127 152126 148633 104053
71158 8990 9181 6 103110 103111 103278 103276 103252 103251
71159 9532 9601 8 103113 103114 103202 103201 103389 103470 103473 103895
71160 8845 9181 4 103120 103119 103267 103278
71161 9397 9336 4 103125 103126 103238 103239
71162 9397 9326 4 103126 103127 103331 103317
71163 9397 9087 4 103130 103131 103316 103208
71164 9318 9369 4 103136 103137 103210 103206
71165 9894 9694 7 103138 103139 103223 103386 103388 103471 103221
71166 9694 9699 4 103138 103140 103887 103222
71167 9318 9245 4 103141 103142 103224 103365
71168 9950 9793 4 103143 103144 112280 103161
71169 9894 9601 7 103145 103146 103214 103172 103173 103221 103470
71170 9815 9601 5 103146 103147 103201 103203 103216
71171 9601 9628 3 103145 103147 103389
71172 9894 9856 6 103148 103149 103172 103312 103313 103474
71173 10203 9950 3 103151 103152 112232
71174 9602 10066 4 103153 103150 103434 103436
71175 9950 10066 7 103151 103153 103437 103443 103431 103430 103546
71176 10249 9991 8 103154 103155 103595 103642 158411 158412 103361 103362
71177 10010 10249 5 103154 103156 103619 103178 103179
71178 10387 10529 7 103157 103158 111959 112326 112337 112398 111694
71179 10785 10529 5 103159 103157 110778 110780 112324
71180 10635 10529 9 103158 103159 112322 112317 112319 110728 103324 103323 111960
71181 9950 9926 5 103160 103161 112281 103169 103168
71182 9950 9856 5 103162 103163 103171 103177 103443
71183 11483 11781 3 103165 103166 148854
71184 11483 11595 7 103166 103164 149514 149515 109870 109872 149005
71185 11483 11833 5 103164 103165 109186 109185 130271
71186 9950 10095 5 103167 103168 103170 103175 103171
71187 10140 9950 5 103169 103170 103176 103430 103548
71188 9856 9601 3 103174 103172 103283
71189 9950 10056 4 103175 103176 103431 103177
71190 10238 10081 5 103181 103182 148450 148452 158095
71191 10081 10153 5 103180 103182 157728 157727 157990
71192 10792 11353 5 144628 144629 103183 103184 -1
71193 11152 11353 10 103185 103183 144753 144752 144755 112256 112258 144749 144748 -1
71194 10839 11353 3 103184 103185 -1
71195 9161 9092 3 103186 103187 103188
71196 9161 8937 3 103191 103192 103193
71197 9161 9033 3 103194 103195 103196
71198 9341 9306 5 103197 103198 158143 158142 158137
71199 9341 9228 4 103198 103199 148335 158103
71200 9350 9228 6 103199 103200 158014 158003 157964 148337
71201 9350 9306 4 103200 103197 158138 158205
71202 9350 9341 5 103197 103199 148336 148606 148603
71203 9228 9306 7 103198 103200 157934 152235 152234 148510 148507
71204 9602 9532 3 103202 103204 103247
71205 9369 9499 5 103206 103207 103254 103248 103211
71206 9499 9509 3 103213 103212 103253
71207 9894 9833 3 103214 103215 103312
71208 9833 9601 5 103214 103216 103236 103284 103283
71209 9199 9110 7 103217 103218 104004 104005 151879 104041 104042
71210 9199 9028 4 103218 103219 103274 104028
71211 8922 9110 5 103220 103217 151986 151985 152003
71212 9694 9601 4 103221 103222 103897 103473
71213 10005 10164 5 103226 103227 103454 103657 103656
71214 10183 10224 4 103229 103230 112299 157156
71215 9995 10183 5 103228 103230 112300 158687 110565
71216 10224 10038 6 103229 103231 158669 158668 158673 158422
71217 10476 10600 7 103232 103233 148595 158483 103580 103581 158896
71218 10476 10203 4 103233 103234 158861 148596
71219 10322 10600 4 103235 103232 158866 158840
71220 10203 10600 4 103233 103235 158841 148597
71221 10405 10814 4 103241 103242 110873 110790
71222 10507 10814 4 103242 103243 111308 110874
71223 10814 10626 8 103241 103243 111307 112452 112455 112449 111871 110791
71224 240 160 5 103245 103246 123033 124405 125103
71225 65 240 6 103244 103246 123032 124336 111011 111012
71226 9181 9326 7 103250 103251 103286 103285 103317 103332 103281
71227 8962 9181 5 103250 103252 103277 103288 103282
71228 9499 9500 3 103254 103255 103256
71229 9204 9396 5 103257 103258 103934 103812 103271
71230 9114 9338 5 103259 103260 104020 104019 103672
71231 9007 9338 3 103260 103261 104016
71232 10280 10427 5 103262 103263 110494 109091 108385
71233 10280 10307 5 103263 103264 104382 109045 110495
71234 10381 10307 7 103264 103265 104597 104599 110722 103601 103600
71235 10381 10427 5 103265 103262 108387 104374 104373
71236 10381 10280 4 103262 103264 104383 108386
71237 10307 10427 6 103263 103265 109184 104577 104576 109178
71238 8975 9181 6 103267 103266 103999 103287 103277 103276
71239 9204 9276 6 103273 103271 103813 104950 104224 104223
71240 8996 9276 5 103272 103273 104230 104217 103928
71241 9282 9181 5 103281 103282 103289 103334 103476
71242 9181 9007 5 103287 103288 103289 103335 103998
71243 9262 9297 5 103291 103292 103904 104099 103847
71244 9506 9227 6 103293 103290 158333 103976 103978 104062
71245 9488 9276 6 103295 103296 104306 104927 104928 103813
71246 10070 10049 4 103298 103299 104196 104194
71247 10010 9945 5 103303 103304 103481 103480 103433
71248 9601 9372 3 103309 103310 103339
71249 9815 9856 3 103313 103314 103445
71250 10529 10491 4 103324 103325 111882 110727
71251 10323 10635 4 103326 103323 111790 109124
71252 10323 10529 6 103323 103325 111881 112338 112326 112310
71253 10022 10202 5 103329 103330 104261 108373 104321
71254 9326 9466 5 103331 103332 103477 103890 103833
71255 9370 9473 3 103345 103346 108033
71256 9388 9691 5 103348 103349 151688 152071 145304
71257 9627 9691 8 103349 103350 151939 151940 151954 151943 151942 151689
71258 9627 9311 6 103350 103347 104961 104963 152060 152051
71259 9627 9388 6 103347 103349 151687 152052 152056 152058
71260 9691 9311 3 103348 103350 145305
71261 9608 9591 7 103352 103353 103865 158055 103862 103863 158234
71262 9608 9810 4 103353 103354 145483 103866
71263 9707 9591 5 103355 103352 153253 153252 158040
71264 9810 9591 5 103353 103355 152248 152247 103867
71265 9834 9885 3 103356 103357 157701
71266 9734 9954 6 103358 103359 157834 148637 148636 158438
71267 9734 9885 7 103359 103356 157702 147663 147662 158612 158171
71268 9734 9834 5 103356 103358 158621 157428 157427
71269 10249 9977 4 103360 103361 103555 103551
71270 10488 10095 3 103368 103369 103463
71271 10096 10488 6 103367 103369 103464 111867 112507 111099
71272 10435 10505 9 103371 103372 158769 112314 110682 110684 111792 112347 112198
71273 10505 10222 3 103370 103372 158767
71274 9555 9721 5 103375 103376 103654 152245 104056
71275 9721 9436 3 103375 103377 104058
71276 9957 9912 6 103378 103379 106974 103452 103451 103640
71277 9873 9657 5 103381 103382 103901 103917 103924
71278 9192 9197 3 103383 103384 103752
71279 9694 9628 4 103387 103388 103472 103742
71280 10005 9894 4 103391 103392 103440 103616
71281 9706 9608 5 103396 103397 158125 158126 157523
71282 9706 9729 6 103397 103395 148591 158433 158260 158261
71283 9706 9903 5 103395 103396 103783 103782 148589
71284 9403 8999 5 103399 103400 158191 158193 -1
71285 9604 9544 7 103402 103403 157700 157669 157672 157541 157542
71286 9443 9604 6 103401 103403 157699 157710 103409 103408
71287 9591 9606 8 103405 103406 147843 147844 152252 147849 147847 147967
71288 9606 9569 4 103410 103407 157443 157668
71289 9443 9569 7 103408 103410 157667 157705 148252 148253 111931
71290 9403 9358 4 103411 103412 103413 103429
71291 9295 9436 4 103418 103416 103883 103882
71292 9164 8999 4 103419 103420 158266 103422
71293 9048 9298 3 103423 103421 103424
71294 8999 9298 6 103422 103423 158227 158191 157843 157841
71295 9532 9403 4 103425 103426 103429 103427
71296 10140 10066 4 103430 103432 103549 103547
71297 10066 9818 4 103434 103435 103438 112242
71298 10066 9833 5 103435 103436 103437 103446 103439
71299 10005 9957 4 103440 103442 103657 103617
71300 10066 9856 5 103443 103444 103474 103445 103446
71301 11635 11843 4 103447 103448 125825 144180
71302 11635 11679 5 103448 103449 144687 124139 124140
71303 11708 11679 4 103449 103450 144757 144688
71304 11708 11843 5 103450 103447 125746 125747 144790
71305 11708 11635 7 103447 103449 111518 111520 144461 125702 125701
71306 9912 10216 5 103452 103453 103661 110601 110457
71307 10005 10121 6 103454 103455 103585 103584 103616 103617
71308 10533 10497 8 103456 103457 148726 148722 109674 109672 148712 148494
71309 10454 10672 7 103458 103459 110577 110514 110428 103915 103916
71310 10454 10533 3 103456 103458 147198
71311 10672 10497 3 103457 103459 110582
71312 10488 10140 6 103463 103464 111866 112445 112443 112450
71313 9114 8987 5 103465 103466 103929 103995 103926
71314 8987 9243 3 103465 103467 103927
71315 9894 9532 3 103469 103470 103471
71316 9532 9694 5 103471 103472 103796 103898 103473
71317 9909 9965 8 103478 103479 104369 110239 110539 110541 145339 103685
71318 10193 10283 4 103484 103485 109669 109670
71319 10193 9909 4 103485 103486 104371 104369
71320 10228 9909 3 103486 103487 110635
71321 10228 10283 7 103487 103484 110568 110044 103597 103599 110625
71322 9909 10283 7 103485 103487 110666 110667 110674 110672 110239
71323 9963 9912 5 103490 103491 104409 104410 108213
71324 9963 9899 4 103491 103492 103593 103592
71325 9946 9963 5 103490 103492 104323 104325 108214
71326 10625 10550 6 103493 103494 110501 110502 111857 103644
71327 9824 9789 4 103496 103497 151964 110554
71328 9617 9824 5 103495 103497 151966 151619 103740
71329 10339 10351 6 103499 103500 148615 148512 148511 109041
71330 9829 9865 3 103501 103502 103653
71331 9865 9861 8 103501 103503 103965 103966 108314 104258 103689 103688
71332 11022 10874 4 103511 103512 110629 110628
71333 11022 11048 6 103512 103510 110865 144442 144671 128339
71334 11022 10849 5 103510 103511 145163 144620 110864
71335 11128 11184 5 103513 103514 144915 112353 112354
71336 11128 11221 5 103514 103515 145224 109132 109133
71337 10967 11221 5 103515 103516 110341 110833 126309
71338 10967 11184 3 103516 103513 110340
71339 10967 11128 5 103513 103515 144697 112375 112376
71340 11221 11184 8 103514 103516 110339 110171 110170 111151 112216 112218
71341 10886 11040 7 103518 103519 109231 110838 110765 110764 104713
71342 10886 11091 4 103519 103517 110767 109229
71343 10886 11062 4 103517 103518 104712 110503
71344 11062 11085 5 103520 103521 110839 110901 110807
71345 10193 9963 6 103524 103525 104370 104371 110448 110449
71346 11275 11435 4 103528 103527 103610 108614
71347 9146 9151 5 103529 103530 158190 157610 157608
71348 9146 9025 7 103530 103531 157752 148620 148621 152040 152041
71349 9027 9146 6 103529 103531 157753 104038 104037 157509
71350 10826 10728 3 103532 103533 110784
71351 11219 11048 8 103538 103536 144610 110842 110841 144970 144968 144671
71352 11219 11141 4 103536 103537 110746 144609
71353 9681 9576 4 103539 103540 104461 104463
71354 9681 9402 7 103540 103541 104104 104441 104442 104534 104462
71355 9554 9681 7 103539 103541 104103 104544 104545 104547 104542
71356 9402 9576 6 103540 103542 104271 104305 104281 104280
71357 9306 9185 5 103543 103544 153239 157245 152235
71358 9025 9185 3 103544 103545 153240
71359 10190 10066 6 103546 103547 111862 110737 110730 110731
71360 9950 10190 6 103546 103548 112281 112280 112233 112232
71361 10024 10249 4 103551 103552 158310 103554
71362 10024 10130 5 103552 103553 112380 112378 158469
71363 10249 10018 4 103554 103555 158412 158311
71364 11265 11468 4 103558 103559 144564 111093
71365 11265 11357 5 103559 103556 103568 111014 111013
71366 11468 11357 6 103557 103559 111503 111502 126900 110374
71367 11262 11159 5 103560 103561 145271 126316 126314
71368 11262 11420 4 103561 103562 145429 145272
71369 11278 11420 5 103562 103563 125711 144524 144747
71370 11278 11159 4 103563 103560 127220 125709
71371 11420 11159 5 103561 103563 125710 144729 144777
71372 11003 10865 5 103565 103566 144242 148020 144985
71373 11133 10865 6 103566 103567 146230 146822 147048 144243
71374 11133 10950 3 103567 103564 146229
71375 10834 10623 4 103571 103569 144659 144660
71376 10657 10623 5 103570 103571 145342 110563 110561
71377 11324 11240 7 103572 103573 148821 145131 145132 148426 148429
71378 11324 11212 5 103573 103574 145109 111237 111238
71379 11286 11212 8 103574 103575 129709 145094 145093 144903 144902 145182
71380 11286 11240 4 103575 103572 148816 129708
71381 11286 11324 5 103572 103574 148790 148789 148815
71382 11212 11240 6 103573 103575 129707 143622 148873 148822
71383 11014 11126 3 103576 103577 145221
71384 11163 11141 4 103578 103579 112360 110726
71385 11163 11126 5 103579 103576 145223 145428 145318
71386 11163 11014 7 103576 103578 110725 144352 145467 145422 145222
71387 11141 11126 5 103577 103579 145244 145243 145323
71388 10515 10505 6 103582 103583 112116 158482 158574 158562
71389 10515 10476 7 103580 103582 158561 112411 112412 158895 158567
71390 10505 10600 5 103581 103583 112115 158851 158850
71391 10242 10426 3 103586 103587 112335
71392 9822 10086 4 103589 103590 104784 104785
71393 10034 9822 4 103588 103590 104788 104814
71394 10086 10033 3 103589 103591 104790
71395 10169 10249 3 103594 103595 103641
71396 10595 10283 7 103596 103597 110043 110698 103692 103693 110325
71397 10595 10228 3 103597 103598 109062
71398 10454 10283 6 103599 103596 104399 104398 110609 110608
71399 10454 10595 5 103596 103598 103914 103915 110427
71400 10141 10381 5 103602 103600 104383 107005 107004
71401 10145 10381 5 103601 103602 107401 108453 110713
71402 10606 10731 6 103603 103604 108795 109029 109031 107006
71403 10606 10843 5 103604 103605 109060 109061 108796
71404 10961 10731 5 103606 103603 107007 110535 109676
71405 10843 10731 6 103604 103606 109677 108388 108390 108797
71406 10674 10456 4 103608 103609 109020 106982
71407 10674 10519 5 103607 103608 106981 107011 107010
71408 10121 10249 4 103618 103619 103622 103621
71409 10121 10373 5 103620 103621 103623 110509 112330
71410 9721 9909 4 103624 103625 148475 103724
71411 9489 9569 7 103626 103627 148252 153203 153204 157677 158593
71412 9454 9459 6 103628 103629 157280 157279 157680 157931
71413 9454 9569 4 103629 103626 158586 157693
71414 9459 9569 5 103627 103629 157681 152138 148253
71415 9741 9955 5 103630 103631 151924 151925 151973
71416 9741 10003 5 103631 103632 110555 110556 151829
71417 9935 10003 6 103632 103633 151579 151790 151889 151892
71418 9935 9955 6 103633 103630 148079 148081 148230 151578
71419 9935 9741 6 103630 103632 151800 151799 151958 151972
71420 9227 8893 6 103637 103638 152118 148609 103803 103804
71421 10550 10493 7 103644 103643 110673 112275 110919 110917 111848
71422 10982 10882 3 103647 103645 110047
71423 10982 10799 7 103645 103646 110622 144989 110265 110266 110362
71424 9955 10035 5 103650 103651 148622 104412 104415
71425 10200 10035 6 103651 103652 105080 104444 104445 151728
71426 9538 9445 4 103659 103660 104346 104348
71427 11235 11219 5 103663 103664 145200 144970 144969
71428 11466 11219 5 103664 103665 144838 145176 145175
71429 11772 11586 5 103666 103667 112177 112176 112153
71430 9954 9727 6 103668 103669 148635 148636 158287 110291
71431 9954 9810 5 103669 103670 157797 157798 158299
71432 9846 9810 7 103670 103671 148594 110965 110967 157804 158578
71433 9846 9954 3 103668 103670 110290
71434 9810 9727 5 103669 103671 158067 152247 152249
71435 9338 9384 4 103672 103673 103820 104061
71436 10344 10577 6 103675 103676 110600 110598 148458 148327
71437 10351 10577 4 103676 103677 110520 148512
71438 10351 10570 7 103677 103674 110640 110639 110643 148377 110519
71439 10351 10344 5 103674 103676 148511 148519 148360
71440 10577 10570 6 103675 103677 110518 110212 110213 148328
71441 10526 10396 3 103680 103681 148268
71442 10357 10538 3 103682 103679 103781
71443 10396 10538 6 103680 103682 110345 108458 108455 111155
71444 9789 9965 7 103684 103685 104433 104434 148438 151963 110554
71445 9861 9946 3 103689 103690 103797
71446 10585 10660 9 103697 103695 110630 110435 109033 109034 109142 110475 110245
71447 10632 10660 3 103696 103697 110021
71448 10454 10388 4 103699 103698 103701 110584
71449 10126 10454 3 103700 103701 110585
71450 9114 8862 4 103703 103704 103995 103922
71451 9114 9023 5 103704 103705 103991 103925 103926
71452 10286 10295 5 103706 103707 112284 158858 158885
71453 10286 10018 6 103707 103708 145415 158290 158318 112285
71454 10357 10018 6 103708 103709 158211 158210 158440 145417
71455 10357 10295 6 103709 103706 158870 158463 158435 158326
71456 10018 10295 6 103707 103709 158325 158311 148632 112286
71457 10889 10660 8 103710 103711 110802 110567 110474 110475 108391 108389
71458 10889 10946 3 103711 103712 110776
71459 10919 10660 3 103713 103710 110244
71460 10919 10889 8 103710 103712 110775 110479 110480 110477 110476 110243
71461 10946 10660 5 103711 103713 110529 110530 110803
71462 9146 8799 4 103714 103715 157752 157753
71463 9146 9010 8 103715 103716 158248 152014 152015 103954 103955 148620
71464 8948 9146 6 103714 103716 158249 158339 104036 104038
71465 9181 9338 3 103719 103720 104001
71466 10636 10862 4 103726 103727 110359 110358
71467 10715 10862 7 103727 103728 105111 110205 105885 105882 110426
71468 10715 10795 3 103728 103725 105110
71469 10715 10636 5 103725 103727 110364 104422 104421
71470 9102 9150 4 103729 103730 153535 153533
71471 9102 9148 4 103730 103731 158016 158017
71472 8950 9150 5 103732 103729 158049 158044 158043
71473 9806 9755 8 103733 103734 149928 105564 105506 105507 105608 104663
71474 9819 9955 7 103735 103736 104412 104413 151648 151924 151926
71475 9819 10182 4 103736 103737 104610 104608
71476 9884 10182 7 103737 103738 150015 110652 110451 110453 148628
71477 9884 9955 3 103738 103735 151946
71478 9777 9782 6 103744 103745 104714 104314 104317 104546
71479 9872 9777 4 103743 103745 104490 104408
71480 9023 9274 3 103751 103749 103986
71481 9023 9312 5 103749 103750 103823 104173 104137
71482 10175 10024 7 103754 103755 158399 145300 145301 110676 110677
71483 10175 9818 4 103755 103756 158444 158400
71484 10088 10024 3 103757 103754 146819
71485 10088 10175 6 103754 103756 110158 110157 158815 158382
71486 9231 8893 5 103761 103762 148630 148611 148609
71487 8948 9231 6 103760 103762 148631 157987 158339 158286
71488 8893 9154 4 103761 103763 152119 152118
71489 10186 10364 5 103765 103766 147853 147855 147856
71490 10332 10460 5 103767 103764 147990 148357 148358
71491 10332 10186 7 103764 103766 147854 148492 148491 110552 110551
71492 10364 10460 5 103765 103767 148374 148373 148484
71493 10526 10587 4 103768 103769 148520 158497
71494 10526 10683 5 103769 103770 145391 145390 148350
71495 10573 10683 4 103770 103771 145377 145378
71496 10573 10587 7 103771 103768 108201 108202 145607 148220 148234
71497 10228 9963 7 103773 103774 110646 110450 110448 110635 110625
71498 10102 9963 7 103774 103775 108410 104701 104698 104699 104710
71499 10102 10454 4 103775 103772 110571 110569
71500 10102 10228 5 103772 103774 110647 110658 110660
71501 9963 10454 4 103773 103775 110570 110608
71502 9651 9521 7 103777 103778 153157 153156 153186 153448 157654
71503 9651 9608 4 103776 103777 158229 158234
71504 10233 10357 7 103780 103781 104362 104363 110543 158457 158486
71505 9903 9722 5 103783 103784 158443 158442 157522
71506 10032 9706 7 103785 103782 158155 158156 152221 147952 147950
71507 10032 9903 5 103782 103784 158520 103932 103931
71508 9722 9706 6 103783 103785 148522 148523 158120 157523
71509 10595 10903 7 103786 103787 110930 110932 144822 110431 110433
71510 10799 10903 10 103789 103786 110704 110264 110266 110360 110376 110375 110935 110406
71511 10799 10595 3 103786 103788 104568
71512 10614 10903 4 103787 103789 110405 110860
71513 10798 11173 7 103790 103791 111309 109472 109471 112454 -1
71514 10869 10798 3 103790 103792 -1
71515 9102 8675 4 103793 103794 157497 157495
71516 9102 9085 9 103794 103795 158209 157536 157538 158241 158243 158206 158035
71517 9010 9102 7 103793 103795 158109 158085 103954 103956 153190
71518 8988 9227 3 103802 103804 103899
71519 10765 10827 6 103805 103806 148882 106165 106164 149401
71520 10892 10470 4 103807 103808 149668 109840
71521 10892 10765 6 103805 103807 109839 109947 103846 103845
71522 10470 10827 4 103806 103808 148675 148677
71523 9102 8677 5 103809 103810 152153 152154 153133
71524 9102 8761 6 103810 103811 153190 157495 157496 157911
71525 8936 9102 8 103809 103811 103956 103953 158097 158096 152183 152185
71526 9488 9204 5 103812 103813 104949 104050 104049
71527 9232 9286 7 103815 103816 151878 151671 151672 133825 133824
71528 10968 10604 5 103817 103818 107374 107373 104563
71529 10512 10968 5 103817 103819 108560 104929 104562
71530 11372 11207 7 103824 103826 149734 149645 109887 109755 109604
71531 9660 9370 7 103827 103828 103911 103909 108155 108240 108138
71532 9660 9290 3 103828 103829 104355
71533 9699 9466 6 103832 103833 103888 103887 103896 103891
71534 9498 9367 8 103834 103835 158144 158146 158264 158053 152122 152121
71535 9498 9706 5 103835 103836 158110 158434 158260
71536 9405 9367 5 103837 103834 158022 158018 158019
71537 9405 9498 4 103834 103836 158111 158021
71538 9706 9367 5 103835 103837 158107 158125 158261
71539 9506 9498 3 103838 103839 158102
71540 9338 9208 9 103842 103843 104001 104015 104016 104020 104018 158189 152037
71541 11096 10892 3 103844 103845 146455
71542 10892 11271 6 103844 103846 128925 109293 109292 146456
71543 9843 9936 5 103848 103849 104266 104821 107385
71544 10047 10271 5 103853 103854 104090 104093 105211
71545 10189 10271 3 103854 103855 105044
71546 10189 10047 7 103852 103854 105043 105605 105604 104666 104665
71547 10271 10223 8 103853 103855 105497 105713 105751 105593 105165 105164
71548 9498 9495 7 103856 103857 158225 158392 158110 158111 147850
71549 9498 9617 7 103857 103858 151934 158102 158101 158294 158226
71550 9267 9617 4 103858 103859 104025 104026
71551 9267 9495 6 103859 103856 147852 152225 158259 153094
71552 9608 9508 3 103861 103862 158246
71553 9350 9591 4 103863 103864 157633 157635
71554 9350 9508 6 103864 103861 158247 158034 157673 157675
71555 9810 9768 5 103866 103867 158067 148594 148592
71556 9768 9591 5 103865 103867 157463 153217 153215
71557 9748 9782 5 103869 103870 104316 104314 104565
71558 9797 9748 4 103868 103870 104517 104527
71559 9782 9898 3 103869 103871 104557
71560 9509 9424 4 103877 103878 157704 158194
71561 9424 9476 5 103876 103878 157703 157767 157766
71562 9466 9514 4 103884 103885 103894 103891
71563 9466 9752 5 103888 103889 103892 103893 103890
71564 9466 9601 4 103894 103895 103897 103896
71565 9276 9439 4 103902 103903 104178 104218
71566 9386 9297 6 103904 103905 104443 104225 104150 104149
71567 9282 9243 4 103908 103906 103994 108126
71568 9739 9370 3 103910 103911 104356
71569 9249 9156 4 103919 103920 103967 104143
71570 9903 10015 7 103930 103931 148589 148590 158551 157447 145294
71571 10114 10015 4 103933 103930 145295 143852
71572 10114 9903 5 103930 103932 158529 158524 145293
71573 10792 10629 8 158923 158921 158940 103936 103937 158918 158919 -1
71574 10792 10666 6 103937 103938 158933 158913 158914 158916
71575 10649 10666 6 103938 103939 158784 158648 158396 158397
71576 10649 10629 9 103939 103936 158875 105197 105198 144413 158010 158011 158793
71577 10649 10792 6 103936 103938 158934 158930 158932 158939
71578 10666 10629 3 103937 103939 158818
71579 9614 9494 5 103940 103941 104690 107002 107123
71580 9411 9554 3 103942 103943 104729
71581 10166 10033 7 103949 103950 104790 104789 110017 104719 104466
71582 8936 9146 3 103953 103955 148621
71583 10162 10383 7 103959 103960 110102 149871 105047 105048 151815
71584 10162 10318 5 103960 103961 144664 144665 110103
71585 10339 10318 5 103961 103962 109551 110574 111081
71586 10339 10383 8 103962 103959 104630 104629 110599 148217 148655 109550
71587 10339 10162 4 103959 103961 151915 151820
71588 9865 9917 5 103966 103963 108370 108345 108344
71589 9865 9660 7 103963 103965 108253 108260 108244 108243 108384
71590 9861 9917 5 103964 103966 108343 108136 108124
71591 9032 8921 3 103974 103975 108143
71592 9227 9436 3 103976 103977 158332
71593 9227 9338 6 103977 103978 104061 104019 104018 158188
71594 9199 9267 9 103981 103982 147851 147852 152125 152124 104003 104004 104028
71595 9367 9267 3 103982 103983 152122
71596 9267 9154 6 103981 103983 158052 158112 152044 152043
71597 9263 9573 5 103987 103988 158284 158329 158387
71598 9114 8971 4 103990 103991 103992 103993
71599 9007 9208 7 103996 103997 104017 104033 104016 104013 103998
71600 9208 9181 6 103998 103999 104002 104000 104001 104014
71601 9286 9267 7 104006 104003 151671 151673 158259 153093 153092
71602 9286 9199 3 104003 104005 151878
71603 9231 8873 5 104010 104011 148630 148631 157986
71604 9208 9231 5 104009 104011 148611 148610 158189
71605 8873 9263 5 104010 104012 158098 158237 158235
71606 9208 9446 3 104013 104014 104015
71607 9262 9517 3 104027 104024 147765
71608 9810 9735 7 104029 104030 151929 158299 152249 152248 152250
71609 9810 10082 4 104030 104031 158518 151930
71610 9986 9735 6 104032 104029 152251 157924 157791 157790
71611 10082 9735 5 104030 104032 157948 157944 151931
71612 9273 9270 5 104034 104035 104138 104177 104188
71613 8948 9174 5 104039 104036 157987 157988 112355
71614 9199 9126 5 104040 104041 152116 152117 157832
71615 9078 9199 3 104040 104042 157833
71616 9308 9109 3 104043 104044 104632
71617 9254 9109 6 104044 104045 151504 151365 150027 104633
71618 9109 9389 6 104043 104045 151712 151709 151320 151319
71619 9627 9728 3 104047 104048 145384
71620 9728 9649 12 104046 104048 151977 148080 148082 151877 151908 151754 150030 147972 147974 151950
71621 9328 9488 5 104050 104051 104818 104819 104947
71622 9573 9555 3 104056 104057 109789
71623 9573 9436 7 104057 104058 158269 158270 158328 158329 109788
71624 9227 9384 4 104059 104060 104061 104062
71625 10162 10376 5 104063 104064 151896 151768 149871
71626 10162 10289 5 104064 104065 151777 151839 151897
71627 10330 10162 6 104063 104065 151776 151788 110103 110102
71628 9504 9570 4 104067 104068 153248 157852
71629 9504 9416 4 104066 104067 157812 157809
71630 9169 8804 3 104069 104070 151968
71631 9169 8933 5 104070 104071 152050 151937 151936
71632 8855 9169 6 104069 104071 152064 152074 152077 151967
71633 9819 9824 6 104072 104073 151861 151876 151966 151964
71634 9824 9965 4 104072 104074 110550 110554
71635 10273 10033 5 104075 104076 110445 108199 108198
71636 10012 9853 3 104078 104079 148153
71637 9981 9852 3 104080 104081 147995
71638 9981 9853 6 104081 104078 148155 152344 152348 152349
71639 9981 10012 7 104078 104080 147994 152312 152281 152280 148154
71640 11938 10863 4 104083 104084 105415 105416
71641 10764 11270 4 104085 104082 105947 105805
71642 8841 9197 8 104086 104087 152016 151995 151969 151699 149955 104088
71643 10509 10047 3 104090 104091 105043
71644 10509 10060 6 104091 104092 105199 151794 105679 105675
71645 9517 9574 7 104095 104096 105015 105014 151927 148501 148500
71646 9826 9681 6 104097 104098 104464 104463 104542 104548
71647 9849 9803 6 104101 104102 104613 104612 151654 151652
71648 9849 9853 3 104100 104101 151901
71649 9407 9681 4 104103 104104 104430 104429
71650 9479 9110 4 104112 104110 158255 152009
71651 9479 9286 6 104110 104111 151957 134724 134723 153092
71652 9101 9152 6 104113 104114 105087 104979 104124 104123
71653 9795 9673 4 104116 104117 105059 107124
71654 9711 9577 4 104118 104115 104995 104993
71655 9673 9577 4 104116 104118 104994 107125
71656 9913 9724 5 104119 104120 105202 105203 105296
71657 9292 9101 7 104122 104123 105107 104864 104862 105029 105084
71658 9101 9112 3 104122 104124 104978
71659 9315 8895 5 104125 104126 150849 150850 151037
71660 8895 9256 3 104125 104127 105469
71661 9525 9680 3 104128 104129 150825
71662 10046 10225 6 104131 104132 149673 105545 105546 146930
71663 10304 10046 4 104131 104133 150468 150051
71664 9386 9273 7 104139 104140 149296 158186 104147 104146 104197
71665 9155 8889 5 104141 104142 104153 104181 104152
71666 9155 9386 5 104145 104146 104190 104148 104149
71667 9155 9061 5 104151 104152 104183 104179 104172
71668 9402 9297 4 104154 104155 104225 104442
71669 9402 9276 5 104156 104157 104218 104219 104281
71670 10102 10001 6 104159 104160 104248 104700 104701 108411
71671 10102 10049 5 104160 104161 104242 104535 104249
71672 10177 10049 6 104161 104162 104196 104236 104378 104243
71673 10177 10001 4 104162 104159 110222 104195
71674 10177 10102 6 104159 104161 104241 108271 104704 104705
71675 10049 10001 7 104160 104162 104194 104255 104257 104334 104250
71676 11217 11204 5 104164 104165 145211 145214 148713
71677 11352 11204 7 104165 104166 109874 109875 148839 145209 145208
71678 11352 11217 4 104163 104165 145210 110924
71679 11537 11744 4 104169 104167 111219 111163
71680 11505 11744 5 104168 104169 111164 144879 111208
71681 9303 9269 5 104170 104171 152070 151996 105540
71682 9155 9192 6 104174 104175 104176 104179 104182 104184
71683 9047 9155 5 104180 104181 104183 104182 104185
71684 9155 8996 3 104184 104185 104186
71685 9312 9273 4 104187 104188 104189 104197
71686 10660 10731 8 104193 104191 109034 108390 108389 110244 110529 110528
71687 10660 10454 3 104191 104192 109033
71688 10070 10177 4 104195 104196 104235 104294
71689 10217 9835 5 104199 104200 105231 105344 105590
71690 10217 9932 5 104200 104198 106012 105408 105230
71691 9109 8661 5 104204 104205 151505 151365 151366
71692 9422 9502 7 104211 104208 108089 108137 104309 104308 108132
71693 9402 9564 4 104219 104220 104462 104280
71694 9276 8871 4 104221 104222 104223 104230
71695 11076 10489 4 104227 104228 107502 107512
71696 10966 10489 5 104228 104229 104802 105503 107232
71697 10966 11076 6 104226 104228 107503 108959 108828 106794
71698 10489 10887 5 104227 104229 104801 107242 107282
71699 10055 11937 5 104231 104232 105949 105951 105268
71700 10055 10037 5 104232 104233 105278 105279 106295
71701 10317 10037 5 104233 104234 105928 105239 105240
71702 10317 10055 5 104231 104233 106230 106258 105267
71703 10037 11937 5 104232 104234 106060 106062 106110
71704 10177 10141 4 104236 104235 104295 104696
71705 10867 11107 6 104239 104240 111414 111412 111821 111820
71706 10867 10763 7 104240 104237 110703 111706 111705 111876 111822
71707 10867 10850 4 104237 104239 111819 110702
71708 11107 10763 4 104238 104240 110691 110693
71709 10177 10033 3 104241 104243 104376
71710 9673 9948 6 104246 104247 104751 104553 104554 104815
71711 10102 9958 6 104248 104249 104397 104395 104699 104697
71712 10001 9958 3 104250 104248 104333
71713 10049 9958 4 104249 104250 104332 104386
71714 10022 10043 4 104261 104262 108230 108369
71715 11078 11188 5 104264 104265 108621 108620 108999
71716 9742 9678 7 104267 104268 104938 104276 104277 108075 106897
71717 9742 9587 5 104268 104269 107224 104932 104933
71718 9719 9678 6 104270 104267 106567 106568 107356 107307
71719 9719 9742 3 104267 104269 106896
71720 9587 9678 4 104268 104270 107308 107328
71721 9115 8914 5 104273 104274 108114 108115 108116
71722 9481 9099 4 104275 104272 107860 107685
71723 9425 9678 9 104277 104278 107361 106908 106907 107364 107341 107336 107337
71724 9678 9278 5 104276 104278 108091 108090 104939
71725 9328 9659 3 104285 104286 104818
71726 11224 10601 4 104288 104289 105740 106716
71727 10601 10863 5 104288 104290 105518 105807 106836
71728 9660 9944 3 104292 104293 104345
71729 10307 10177 6 104294 104295 109045 104702 104705 110222
71730 10127 10136 4 104297 104298 151851 148530
71731 10127 10388 5 104296 104297 110366 110368 109161
71732 10479 10591 4 104301 104299 105644 109916
71733 10554 10591 4 104300 104301 110137 110138
71734 10043 10168 3 104302 104303 108372
71735 9576 9312 3 104304 104305 104307
71736 9749 9422 5 104311 104308 108000 108001 108287
71737 9554 9826 3 104313 104312 104542
71738 9554 9777 3 104315 104317 104545
71739 10168 10048 3 104322 104320 107222
71740 9963 10164 3 104324 104325 110547
71741 10452 10431 7 104329 104330 107382 108281 108280 108414 108298
71742 10416 10431 4 104330 104331 108196 107383
71743 11257 11251 4 104335 104336 111983 111936
71744 11122 11251 6 104337 104335 111937 111722 111160 108995
71745 11266 11251 5 104336 104337 108994 110911 111998
71746 10921 10648 9 104339 104340 106770 106771 147046 144987 144988 148775 104447
71747 10921 10740 4 104340 104341 148541 145240
71748 11026 10740 5 104341 104342 109980 109979 145247
71749 11026 10648 5 104342 104339 104448 148850 145453
71750 10740 10648 5 104340 104342 145454 105686 105688
71751 9681 9748 5 104343 104344 104428 104429 104544
71752 10631 10096 3 104350 104351 112503
71753 9538 9861 3 104352 104353 108248
71754 11394 11395 3 104357 104359 111500
71755 11251 11370 5 104358 104360 111600 111602 111724
71756 10233 10396 5 104361 104362 110345 110468 110227
71757 10216 10233 5 104361 104363 110544 110603 110228
71758 10193 10182 4 104366 104367 110451 110455
71759 10182 10313 4 104366 104368 148266 110456
71760 10427 10606 6 104372 104373 109184 110304 109029 104559
71761 10618 10381 4 104374 104375 106993 106995
71762 10618 10606 5 104375 104372 104561 104766 104768
71763 10618 10427 4 104372 104374 110532 104560
71764 10381 10606 6 104373 104375 109051 109050 104598 104597
71765 10280 10033 6 104376 104377 110445 104439 104438 110128
71766 10280 10049 4 104377 104378 104695 110105
71767 10177 10280 6 104376 104378 104696 109045 108269 108271
71768 10280 10273 6 104379 104380 106698 110445 110105 104763
71769 10468 10280 5 104379 104381 108385 108386 104764
71770 10280 10141 6 104382 104383 104764 104763 104695 104696
71771 10034 9748 3 104387 104388 104565
71772 10034 9777 7 104388 104389 104709 104715 104489 104490 104714
71773 10034 9958 4 104395 104396 104489 104711
71774 10585 10614 3 104400 104401 110435
71775 10585 10454 6 104401 104398 110573 110560 109032 109033
71776 10127 10331 6 104402 104403 110368 110367 151811 104458
71777 10812 10920 6 104405 104406 149863 128743 128741 149870
71778 10802 10920 5 104406 104407 105881 149611 149613
71779 10802 10539 6 104407 104404 149946 149965 149922 105879
71780 10035 9738 4 104414 104415 151922 151921
71781 10035 9819 5 104412 104414 151920 104609 104608
71782 9738 9955 4 104413 104415 105073 105075
71783 9681 9386 6 104419 104420 104443 104441 104430 104428
71784 9506 9681 6 104418 104420 104541 104530 104529 104528
71785 10636 10403 5 104422 104423 110583 110538 110363
71786 10690 10636 6 104421 104423 110496 110258 104478 104477
71787 9971 10112 5 104424 104425 149993 150680 152361
71788 10113 9925 3 104426 104427 150772
71789 10113 10112 5 104427 104424 152362 152413 152424
71790 10113 9971 6 104424 104426 150609 129574 129576 149334
71791 9897 9965 5 104432 104433 145339 145340 148569
71792 9789 9967 3 104434 104431 148437
71793 9789 9897 6 104431 104433 148474 148473 151756 151758
71794 10401 10879 5 104435 104436 110488 110489 110499
71795 10420 10879 6 104436 104437 109156 109073 109071 109183
71796 10033 10401 4 104440 104438 104607 104604
71797 9681 9297 4 104442 104443 104541 104543
71798 10200 10267 5 104446 104444 110402 109040 109042
71799 11007 10648 4 104448 104447 148776 148851
71800 11063 10861 5 104450 104451 149768 149637 149612
71801 10920 11196 4 104452 104453 149752 149750
71802 10920 10861 6 104453 104450 149613 149863 149302 149303
71803 11196 10861 4 104451 104453 149804 149803
71804 10166 10301 9 104465 104466 104718 109697 108432 105413 105412 107012 106960
71805 3079 2636 5 104467 104469 121796 133042 121858
71806 10301 10385 6 104470 104471 105412 106972 106927 104532
71807 10554 10385 4 104472 104470 104533 106642
71808 10479 10385 6 104471 104472 106641 106962 104727 104726
71809 8738 9147 3 104475 104473 152621
71810 10766 10795 7 104479 104476 104525 108665 108667 109700 109699
71811 10766 10636 3 104476 104478 104524
71812 10690 10795 4 104477 104479 105109 105110
71813 10060 10331 4 104480 104481 151806 105679
71814 10189 10060 4 104480 104482 105605 105675
71815 10181 10318 5 104484 104485 152325 152326 151913
71816 10380 10104 4 104486 104487 148683 152398
71817 10104 10318 5 104485 104487 148682 150016 150017
71818 9391 9376 7 104493 104491 107363 107245 107194 107195 107200
71819 9391 9425 3 104491 104492 106907
71820 9934 9966 7 104495 104496 105123 105124 105572 104685 104684
71821 9934 10271 3 104496 104494 151617
71822 9949 9572 4 104497 104498 105533 105156
71823 9472 9724 4 104499 104500 104662 105313
71824 9472 9572 5 104500 104497 105157 105221 104660
71825 9472 9949 6 104497 104499 105398 105470 150041 105155
71826 10739 10772 5 104501 104502 110437 146214 105690
71827 10834 10573 4 104503 104504 145378 147455
71828 9948 9832 5 104507 104508 104553 104556 107030
71829 10557 10973 5 104510 104511 106815 106814 104708
71830 10918 10886 8 104514 104515 111002 110760 110504 110503 110767 110323
71831 10785 10886 7 104515 104516 110351 110773 110781 110782 111524
71832 10785 11019 7 104516 104513 111298 111297 108236 108235 110349
71833 10785 10918 4 104513 104515 111657 111656
71834 10886 11019 5 104514 104516 110350 110838 110324
71835 9449 9390 8 104518 104519 107133 107099 105916 105917 106244 106243
71836 9165 9449 4 104518 104520 107039 107038
71837 10579 10766 6 104524 104525 109605 149103 108684 108683
71838 9681 9439 4 104530 104531 104534 104543
71839 10424 10385 3 104533 104532 106928
71840 11120 11108 3 104536 104537 105661
71841 11279 11108 6 104537 104538 106953 109200 109923 105663
71842 11108 10987 6 104536 104538 106952 110015 110032 109638
71843 9681 9782 3 104546 104547 104548
71844 10744 10735 6 104551 104552 111419 111420 111707 111791
71845 10744 10610 6 104549 104551 111972 112499 112405 112156
71846 9832 9614 4 104555 104556 107031 107117
71847 9614 9948 4 104554 104556 106825 104817
71848 10710 10618 7 104560 104561 108446 106970 106969 105580 105581
71849 10710 10427 6 104559 104560 109181 109180 109182 109030
71850 10512 10767 5 104564 104562 104930 108495 108494
71851 10672 10614 3 104569 104570 110428
71852 10672 10799 8 104570 104568 110704 148772 148749 109636 109637 110514
71853 11170 11455 8 104571 104572 149154 149173 149172 149550 109599 109597
71854 11170 11350 6 104572 104573 148746 126391 126389 148319
71855 11374 11455 3 104574 104571 149450
71856 11350 11455 6 104572 104574 128814 128816 144858 144857
71857 10427 10361 4 104575 104576 106920 106918
71858 10585 10307 7 104577 104578 110573 110662 110717 104599 104596
71859 10585 10361 4 104578 104575 110486 110560
71860 10585 10427 4 104575 104577 110304 110305
71861 10307 10361 5 104576 104578 110572 104725 104724
71862 10716 10715 6 104580 104581 110426 110364 110046 104653
71863 10882 10715 5 104581 104582 106805 105884 105882
71864 10715 10731 7 104580 104582 106804 110178 108444 104694 104654
71865 9799 9806 6 104584 104585 106034 105449 105448 104663
71866 9472 9799 4 104583 104585 106033 105470
71867 10330 10547 3 104586 104587 110108
71868 10330 10539 5 104587 104588 105637 148684 148672
71869 10289 10539 5 104588 104589 149938 110086 105638
71870 10289 10547 8 104589 104586 110110 150672 152394 150691 150690 150670
71871 10539 10547 5 104587 104589 150669 149965 148673
71872 9741 9898 7 104590 104591 110549 110555 151800 151801 151881
71873 9772 9750 8 104592 104593 105561 105557 105558 105567 105566 105570
71874 9772 9816 3 104593 104594 105112
71875 9667 9750 3 104595 104592 105574
71876 10606 10307 3 104596 104597 109184
71877 10585 10381 4 104598 104599 110714 110447
71878 10585 10606 6 104596 104598 110446 108796 108795 110304
71879 10025 10382 5 104600 104601 106922 107042 105253
71880 10025 10143 8 104601 104602 105631 107015 107014 107140 107043 106923
71881 10143 10382 5 104601 104603 106461 106460 106569
71882 10361 10401 7 104604 104605 104724 106920 106921 105627 105628
71883 10361 10102 7 104605 104606 106704 106705 110660 110571 104725
71884 10033 10361 5 104604 104606 106964 110017 110016
71885 10102 10401 5 104605 104607 108270 104704 104703
71886 10182 9967 4 104610 104611 148629 148628
71887 10182 10035 5 104611 104608 148622 151728 151630
71888 9803 9854 5 104614 104612 104637 104639 150904
71889 9167 8972 6 104617 104618 105184 105031 105030 105227
71890 9649 9689 5 104619 104620 151726 151727 151681
71891 9140 9128 5 104624 104621 105142 105143 104646
71892 9140 9109 4 104621 104623 105554 105553
71893 8976 9128 3 104622 104624 104647
71894 9121 8953 6 104626 104627 152771 150932 150935 150895
71895 9158 8953 3 104627 104628 152769
71896 10200 10339 8 104630 104631 109041 109040 110370 110369 148626 151820
71897 10339 10344 4 104629 104631 148511 110600
71898 10072 9854 4 104636 104637 148639 105542
71899 10144 9803 4 104638 104639 150905 145320
71900 10144 9854 5 104639 104636 105543 105062 105061
71901 10144 10072 5 104636 104638 145319 148678 105541
71902 9482 9371 4 104642 104643 105099 105222
71903 9371 9128 7 104641 104643 104984 104985 105090 104808 104810
71904 10681 10827 3 104645 104644 146823
71905 9128 8655 6 104646 104647 105121 105147 105146 105144
71906 10233 10595 5 104648 104649 110698 110466 110468
71907 10150 10516 4 104650 104651 108295 108320
71908 10716 10454 6 104652 104653 110045 110505 110577 110576
71909 10715 10454 3 104653 104654 104693
71910 9921 9537 3 104655 104656 107335
71911 9537 9391 7 104655 104657 107185 107094 104813 104812 107065
71912 9778 9983 4 104667 104664 105299 105598
71913 9778 10047 7 104664 104666 105602 105601 105609 105391 105298
71914 10189 9983 4 104665 104667 105131 105132
71915 9799 9983 4 104669 104670 105106 105105
71916 9799 9966 7 104670 104668 105449 151638 105310 105162 105160
71917 9799 10047 6 104668 104669 105103 105391 105607 105448
71918 9577 9292 4 104671 104672 104864 104861
71919 9900 10711 4 104674 104675 107050 107051
71920 10306 9900 6 104673 104675 107013 104881 104880 107085
71921 9949 10304 6 104677 104678 105531 105594 105595 150468
71922 9947 10304 5 104678 104679 151439 105948 105532
71923 9947 9949 5 104676 104678 105530 105529 105533
71924 9799 9724 4 104681 104682 105106 105160
71925 9795 9799 7 104680 104682 105105 105103 105190 105189 105420
71926 9966 9806 6 104685 104686 105393 105449 151637 105575
71927 9806 9934 5 104685 104687 105356 105506 105563
71928 9614 9754 6 104690 104691 104816 104817 106823 107001
71929 10454 10403 8 104692 104693 110045 110507 110584 110585 110649 110559
71930 10403 10731 4 104692 104694 104798 104797
71931 10102 9942 3 104697 104698 104700
71932 10401 10307 5 104702 104703 104724 109178 110495
71933 10177 10401 3 104702 104704 108269
71934 10102 10307 6 104703 104705 108411 108410 110569 104725
71935 10650 10482 5 104706 104707 106808 105652 105653
71936 10973 10482 3 104708 104706 106917
71937 10034 9963 5 104710 104711 104715 104716 110646
71938 9963 10126 4 104717 104716 110450 110449
71939 10166 10325 3 104718 104719 110018
71940 9857 6499 4 104722 104723 107430 106336
71941 10166 10479 6 104728 104726 105413 108433 105459 105458
71942 10189 10479 3 104727 104728 105630
71943 10685 10424 6 104730 104731 109047 104745 104746 108926
71944 10489 10541 8 104734 104735 107262 107289 106826 106828 107232 107502
71945 10489 10421 5 104735 104733 107242 107203 107205
71946 10489 10779 4 104733 104734 107512 107282
71947 10383 10630 3 104737 104738 148688
71948 10634 10417 4 104739 104736 110605 146328
71949 10634 10383 5 104736 104738 148689 148662 110604
71950 10630 10417 5 104737 104739 147132 148421 148646
71951 9537 9561 6 104740 104741 107185 105262 105263 105265
71952 9537 8818 3 104741 104742 107094
71953 8934 9561 5 104743 104740 105347 106756 107159
71954 10650 10787 5 104747 104744 106951 106948 109138
71955 10650 10685 3 104744 104746 108648
71956 10424 10787 5 104745 104747 109148 109157 109141
71957 9101 9577 5 104750 104748 104864 104863 105009
71958 9072 9577 5 104749 104750 105017 105018 105020
71959 9561 9131 6 104752 104753 105265 105347 104843 104841
71960 9626 9131 5 104753 104754 106702 106703 105266
71961 9131 9613 7 104752 104754 106739 107131 107079 105339 105337
71962 10880 11027 5 104757 104758 108311 108556 108619
71963 10880 10541 6 104758 104759 108783 107518 107521 108312
71964 11078 10880 4 104757 104759 108782 108620
71965 9944 9938 5 104762 104760 108413 108232 108228
71966 10141 10273 6 104765 104763 107418 107417 108176 108177
71967 10606 10970 6 104766 104767 109059 109060 110444 108445
71968 10606 10456 4 104767 104768 109051 109049
71969 10618 10970 4 104769 104766 108446 109017
71970 10456 10970 6 104767 104769 109018 109035 109020 109019
71971 10420 10424 7 104772 104774 106886 109072 109073 109141 109047
71972 9449 9835 6 104775 104776 105916 105578 105576 107100
71973 9449 9796 5 104776 104777 105270 105271 105917
71974 9761 9449 5 104775 104777 106471 106470 107098
71975 11049 11363 5 104779 104780 144848 144847 149044
71976 11049 11170 6 104780 104778 149203 130386 130385 145255
71977 11049 11255 4 104778 104779 149101 149202
71978 8803 9143 3 104782 104783 105071
71979 10166 10034 3 104789 104791 110111
71980 9017 9131 6 104792 104793 104865 104914 104895 104869
71981 10731 10361 7 104796 104797 110558 110486 106918 106921 110511
71982 10714 10361 3 104799 104796 110500
71983 10940 10944 4 104803 104804 149635 148193
71984 10940 11052 6 104804 104805 145306 109237 109238 149636
71985 10888 11052 4 104805 104806 149829 149339
71986 10888 10944 6 104806 104803 148195 110612 110611 149324
71987 9167 9128 3 104807 104808 105212
71988 9080 9371 5 104809 104810 105141 105163 105182
71989 9080 9128 6 104810 104807 105145 105144 105143 105140
71990 9673 9754 4 104815 104816 104890 104889
71991 9911 9904 6 104822 104823 151131 151567 151572 151614
71992 9911 10367 6 104823 104824 151586 151582 151558 151132
71993 10017 10367 4 104824 104825 150079 150080
71994 10017 9911 4 104822 104824 151587 151622
71995 10367 9904 4 104823 104825 151352 151133
71996 9101 8915 6 104830 104831 105084 104978 104979 104908
71997 9142 9101 6 104829 104831 105029 105008 105009 104907
71998 10482 10441 5 104832 104833 106788 106787 106916
71999 9761 10441 6 104833 104835 105763 105618 105620 106307
72000 9979 10033 3 104836 104837 104839
72001 9449 9561 8 104840 104841 107097 107098 107100 107114 107069 106699
72002 9449 9131 4 104841 104842 105273 105337
72003 8963 9561 4 104843 104840 106700 106756
72004 9936 9502 3 104844 104845 106404
72005 9661 10014 4 104846 104847 107421 106321
72006 9661 9587 6 104847 104848 108078 106190 106191 107229
72007 9953 9587 4 104848 104849 104855 104856
72008 9953 9661 4 104846 104848 105636 105635
72009 9587 10014 5 104847 104849 107225 107224 108072
72010 11594 11755 3 104852 104850 108639
72011 11536 11484 6 104858 104859 109270 109383 109371 108935
72012 11296 11484 5 104859 104860 109118 109205 109204
72013 11296 11426 5 104860 104857 109057 109052 109054
72014 11296 11536 5 104857 104859 109269 109430 109056
72015 9359 9101 3 104862 104863 105008
72016 9494 9131 5 104868 104869 104894 107141 106703
72017 12 209 3 104872 104873 122069
72018 93 11714 4 104874 104875 119866 121683
72019 93 209 6 104875 104872 107707 107709 122095 119864
72020 11714 209 8 104873 104875 119865 122068 122096 122131 122123 122074
72021 9900 10143 6 104881 104882 105577 107149 107156 107014
72022 10421 10562 4 104884 104885 107259 107300
72023 10421 10887 5 104885 104883 107242 107241 107258
72024 9177 9278 5 104892 104893 108065 108064 108139
72025 8934 9494 3 104896 104894 106517
72026 8934 9131 6 104894 104895 104917 104918 105347 105346
72027 8915 9371 4 104897 104898 105091 105090
72028 9167 9261 5 104899 104900 104990 104991 104999
72029 9167 9165 4 104900 104901 105031 105183
72030 9131 9072 6 104902 104903 105018 104906 104905 104919
72031 9131 9142 5 104903 104904 105323 104988 104989
72032 9616 9351 4 104909 104910 146900 152105
72033 9388 9230 6 104911 104912 148418 148420 151988 151989
72034 9388 9351 7 104912 104909 151645 151644 152068 152069 152096
72035 9388 9616 4 104909 104911 151725 151724
72036 9230 9351 7 104910 104912 152036 152034 152638 152176 146901
72037 9131 8840 4 104913 104914 104917 104915
72038 9488 9332 5 104928 104925 104948 104947 104949
72039 9337 9677 5 104934 104931 108158 107338 107230
72040 9337 9742 5 104931 104933 104938 104937 108159
72041 9587 9677 4 104932 104934 107229 108072
72042 9678 9337 4 104938 104939 107327 107328
72043 9725 9332 4 104946 104948 107062 107061
72044 9332 9204 5 104949 104950 108104 108111 108105
72045 9169 9049 6 104953 104954 149882 151937 151721 151719
72046 9176 9049 3 104954 104955 149883
72047 9049 9250 8 104953 104955 151938 151994 147866 147865 148602 152046
72048 9783 9907 6 104958 104959 151864 151589 109662 104969
72049 9868 9783 4 104958 104960 104977 104970
72050 11742 11358 4 104966 104967 106193 150152
72051 24 11897 8 104968 104965 106174 106173 129057 129055 134366 151480
72052 24 11742 3 104965 104967 106192
72053 11358 11897 3 104966 104968 150154
72054 9934 9783 5 104969 104970 105504 105535 109660
72055 9907 9934 4 104969 104971 105490 109661
72056 10300 11937 5 104973 104974 106180 106182 106533
72057 9803 9750 5 104982 104983 150904 150905 151755
72058 9359 9142 7 104987 104988 105322 105095 105088 105028 105008
72059 9131 9577 6 104989 104986 105327 107079 105019 105018
72060 9131 9359 3 104986 104988 105321
72061 9142 9577 4 104987 104989 105017 105009
72062 9330 9261 3 104991 104992 105000
72063 10187 10278 6 104997 104998 158309 145348 145349 158556
72064 10187 10224 4 104998 104996 158677 158631
72065 10187 10478 4 104996 104997 158810 158800
72066 9724 9359 4 105002 105003 105100 105101
72067 9915 9374 5 105007 105004 107044 106873 106221
72068 9915 9319 3 105004 105006 107090
72069 9480 9374 4 105005 105007 106222 106558
72070 9561 9901 3 105011 105012 105259
72071 9761 9613 6 105013 105010 106470 106472 106877 105488
72072 9574 9617 4 105015 105016 151619 151620
72073 9819 9574 4 105014 105016 151876 151875
72074 9360 9797 3 105021 105022 105023
72075 9820 9862 6 105024 105025 106245 106274 106490 106488
72076 10250 9862 6 105026 105024 106401 106294 106293 106213
72077 9142 9292 4 105028 105029 105092 105089
72078 10084 9921 4 105032 105033 106491 106492
72079 3735 10148 4 105038 105035 105474 105355
72080 10232 10287 5 105039 105040 150739 149994 149996
72081 10474 10138 6 105041 105042 149641 149644 150590 110080
72082 10474 10287 6 105042 105039 149999 146425 146424 149872
72083 10138 10287 4 105040 105042 150308 150310
72084 10189 10509 7 105043 105044 105498 105766 105676 105678 105675
72085 11070 11224 7 105046 105045 105419 105740 106715 105894 105834
72086 10352 10162 5 105047 105049 151791 151789 151768
72087 9854 9937 5 105051 105052 151785 105062 105060
72088 9907 9937 6 105052 105053 109662 109661 110074 151769
72089 9907 9691 5 105053 105050 149997 151827 151589
72090 11012 11285 3 105055 105056 105423
72091 11012 11139 4 105056 105057 108755 105422
72092 11147 11012 8 105055 105057 109013 109012 108950 108952 109078 109208
72093 9832 9795 5 105058 105059 107127 107095 105245
72094 9937 10144 5 105062 105063 105527 105526 151716
72095 10144 9750 5 105061 105063 106085 106084 150905
72096 10330 10318 5 105064 105065 110104 110103 149989
72097 10330 10380 4 105065 105066 149858 149857
72098 10289 10380 6 105066 105067 151825 152396 150672 149893
72099 10289 10318 4 105067 105064 149991 151793
72100 9955 9728 8 105074 105075 151648 151925 148080 148081 148229 148624
72101 9616 9971 4 105077 105078 150882 152198
72102 9616 9698 6 105078 105076 150866 150867 152549 150881
72103 10206 10200 5 105079 105080 110402 110370 110371
72104 9359 9330 4 105094 105095 105306 105100
72105 9390 8820 5 105097 105098 105276 105277 106884
72106 8820 9219 4 105096 105098 106286 106287
72107 9795 10047 3 105103 105104 105298
72108 10690 10862 4 105111 105109 109899 110204
72109 9772 9904 5 105112 105113 105425 105562 105561
72110 9667 9904 5 105113 105114 150595 150594 105427
72111 226 519 6 105115 105116 105984 105982 107634 107633
72112 226 11601 5 105116 105117 121476 121424 108663
72113 613 11601 5 105117 105118 122018 121440 121439
72114 613 519 7 105118 105115 107564 107566 121357 122112 122021
72115 613 226 4 105115 105117 121478 121332
72116 11601 519 5 105116 105118 122020 122154 108664
72117 9222 8785 6 105119 105120 151679 151660 151236 151234
72118 10046 9966 3 105122 105123 151371
72119 9292 9431 7 105125 105126 105133 151766 151691 105129 105127
72120 9292 9783 3 105128 105129 150989
72121 9605 9140 5 105137 105138 105177 151502 151515
72122 11930 9340 4 105139 105136 105154 105169
72123 8769 9340 3 105148 105150 105154
72124 1325 1382 6 105151 105152 121396 122676 122213 119356
72125 1190 1382 5 105152 105153 118533 121057 121397
72126 1382 760 5 105151 105153 118532 122729 119358
72127 9572 9896 5 105156 105157 105403 105402 105464
72128 9400 8279 6 105158 105159 105173 105178 105385 105383
72129 9949 10271 4 105165 105166 151370 105595
72130 10039 9972 6 105170 105171 151561 151551 151549 151569
72131 10039 10343 5 105171 105172 106042 151604 151608
72132 10564 10039 8 105170 105172 106043 151562 151602 151566 151565 151568
72133 8279 10091 6 105180 105178 129888 151463 151417 151206
72134 8689 10091 6 105179 105180 151207 134726 134728 150001
72135 9165 9392 7 105185 105183 105192 105255 105303 107038 105319
72136 8972 9392 5 105184 105185 105318 105320 105297
72137 10055 9712 8 105186 105187 106298 105279 105280 106255 106251 105250
72138 9636 9712 5 105187 105188 106040 106041 106296
72139 9712 9864 4 105186 105188 106069 105251
72140 9799 9778 4 105190 105191 105399 105391
72141 9637 9799 4 105189 105191 105400 105421
72142 10406 10327 8 105195 105196 158863 158893 143945 143946 145406 145407
72143 10406 10629 3 105196 105197 158862
72144 10649 10327 4 105198 105195 144373 144375
72145 10649 10406 5 105195 105197 158873 158466 158321
72146 10629 10327 6 105196 105198 143840 143839 158408 158409
72147 9947 10217 5 105200 105201 105530 105532 105511
72148 9947 9724 4 105201 105202 105348 105529
72149 9913 10217 7 105203 105200 105513 105795 105796 105408 105401
72150 9913 9947 6 105200 105202 105349 106029 105981 105512
72151 9724 10217 6 105201 105203 105345 105344 105481 105482
72152 582 89 7 105205 105206 121337 134360 134456 134378 134379
72153 11760 89 5 105206 105207 119351 119350 121339
72154 11760 412 7 105207 105204 134454 134478 134480 134493 134494
72155 11760 582 4 105204 105206 121338 134452
72156 89 412 3 105205 105207 134398
72157 10223 9761 4 105208 105209 105618 105592
72158 9634 9685 5 105216 105217 105305 105289 105290
72159 9634 9932 4 105215 105216 106156 106508
72160 11832 11721 7 105218 105219 148961 148879 148880 128954 128952
72161 11608 11721 5 105220 105218 148958 129038 129040
72162 9572 9482 5 105221 105222 105223 105224 105403
72163 9796 10217 4 105230 105231 105345 105401
72164 8880 9527 5 105232 105234 106195 106058 106057
72165 179 99 8 105235 105236 111333 111335 123316 122797 109566 109567
72166 179 456 4 105236 105237 123354 119405
72167 176 99 6 105238 105235 123116 118702 118701 122669
72168 176 179 4 105235 105237 122740 122742
72169 456 99 5 105236 105238 122668 106735 106734
72170 10317 10011 7 105240 105241 105452 105753 105754 106075 106230
72171 10040 10037 7 105242 105239 105929 106128 106135 106105 106100
72172 10040 10317 4 105239 105241 105453 105927
72173 10790 10037 5 105246 105247 105929 105928 106060
72174 11358 10037 5 105249 105246 106062 106112 121836
72175 10661 11546 7 105257 105258 106228 105944 105945 122011 121991
72176 9893 9561 7 105264 105262 107186 107053 107055 107138 105495
72177 9537 9131 4 105265 105266 107141 105346
72178 10055 10250 5 105267 105268 106246 106293 106259
72179 10317 10250 3 105269 105267 106220
72180 11937 10250 8 105268 105269 106219 106180 106179 106393 106232 106233
72181 9449 9600 3 105271 105272 106244
72182 9392 9449 8 105270 105272 106243 107038 105274 105273 105338 106471
72183 9131 9392 7 105275 105273 105339 105327 105321 105323 105320
72184 8963 9392 4 105274 105275 105318 105319
72185 10011 10055 5 105278 105280 106257 106256 106230
72186 9813 10668 8 105282 105283 107106 107970 108008 107958 107959 107995
72187 10442 10668 6 105283 105285 107596 107492 107493 107107
72188 9374 9008 9 105286 105287 105294 105295 106513 106614 106261 106260 106419
72189 11935 9685 7 105288 105289 105304 106224 106288 106263 106200
72190 7121 10148 4 105292 105293 105354 105355
72191 10441 10300 4 105301 105300 105501 106011
72192 9392 9390 3 105302 105303 106243
72193 9799 9949 4 105311 105310 150783 105470
72194 9371 9558 3 105312 105314 105362
72195 10337 10467 7 105315 105317 134199 151500 151488 151487 151452
72196 9319 8820 6 105324 105325 107155 106884 106885 107162
72197 9319 8684 5 105325 105326 106320 107112 107113
72198 8731 9319 5 105324 105326 105333 105332 107164
72199 11417 11224 5 105328 105329 105834 105893 105866
72200 11417 11254 4 105329 105330 109206 105835
72201 9216 8955 3 105335 105336 107866
72202 9449 9613 4 105337 105338 106470 107097
72203 9392 9613 5 105338 105339 107078 106878 106472
72204 9947 9572 8 105348 105349 106030 106032 151546 105465 105464 105533
72205 11110 10940 8 105350 105351 150109 109813 109814 149921 134408 134409
72206 11110 11218 4 105351 105352 105440 105441
72207 11151 11218 7 105352 105353 149751 123793 123794 149738 134294
72208 11151 10940 4 105353 105350 149794 149793
72209 11218 10940 6 105351 105353 149792 145307 109237 109239
72210 18 11818 8 105358 105359 109323 121418 123214 121406 121405 109340
72211 18 11548 4 105359 105360 109322 109324
72212 11777 11548 5 105360 105361 106351 108852 108854
72213 11777 11818 3 105361 105358 106350
72214 11777 18 6 105358 105360 109321 111496 107551 107553
72215 10650 10761 8 105366 105367 106950 106951 108648 106529 105587 105589
72216 10966 10761 3 105367 105368 109131
72217 10761 10830 6 105366 105368 109086 108738 106415 105775
72218 10377 10225 3 105371 105369 150655
72219 10827 10377 6 105373 105374 148674 148677 148882 109614
72220 10408 10571 4 105375 105372 149875 149874
72221 10408 10827 4 105372 105374 150069 150087
72222 11611 11536 3 105379 105380 109398
72223 11552 11536 5 105380 105381 109383 105814 105813
72224 11552 11390 5 105381 105378 108732 108734 109203
72225 11552 11611 8 105378 105380 109399 109455 123104 111184 108605 108604
72226 11536 11390 6 105379 105381 109270 109269 109172 109171
72227 9400 8980 5 105384 105385 129887 151537 151377
72228 8279 9149 3 105386 105383 106054
72229 8980 9149 7 105384 105386 151305 151321 131620 131617 151227
72230 10046 9937 7 105387 105388 151618 105550 105537 105539 151375
72231 10059 9937 5 105390 105387 151376 151684 110074
72232 9934 9937 5 105388 105390 109661 109660 149855
72233 9761 9558 3 105394 105395 105396
72234 9523 9896 4 105402 105404 105709 105463
72235 11883 11253 5 105405 105406 106796 106799 106564
72236 11883 11205 5 105406 105407 121389 114120 114119
72237 11283 11883 6 105405 105407 121432 121444 121434 106563
72238 2901 5959 4 105409 105410 122177 107722
72239 3410 2901 6 105409 105411 122064 122065 122149 107723
72240 11938 10317 5 105414 105415 105450 106035 106118
72241 10790 10863 5 105416 105417 150196 151316 105792
72242 11250 11285 7 105423 105424 106778 108983 108486 108489 109209
72243 11139 11250 3 105422 105424 106779
72244 9904 10154 5 105427 105425 151346 151345 151215
72245 9667 10154 6 105426 105427 151216 150921 105547 105544
72246 10913 11205 8 105428 105429 106844 106856 106848 106754 106755 106777
72247 745 911 7 105431 105432 129312 129015 111269 111270 123291
72248 1096 911 5 105432 105433 123836 129260 129259
72249 1096 1114 8 105433 105430 122756 123325 123881 123883 123803 123802
72250 1096 745 4 105430 105432 129188 122755
72251 911 1114 3 105431 105433 123835
72252 9390 9835 4 105435 105434 106448 105916
72253 2603 2048 6 105438 105436 106323 121686 106241 106240
72254 2033 2048 5 105437 105438 106359 106358 121753
72255 10040 9969 4 105442 105443 106128 106008
72256 10028 9726 4 105444 105445 150181 106099
72257 9726 9969 8 105443 105445 150180 105781 105783 106092 106095 106137
72258 10764 10317 4 105450 105451 105986 106036
72259 11769 11805 6 105455 105456 128822 128821 124150 124152
72260 11769 11692 7 105456 105454 110326 110328 148922 148960 145236
72261 11769 11499 5 105454 105455 148857 149016 148733
72262 10479 10469 8 105457 105458 105630 106962 107021 107022 105644 105643
72263 10331 10479 3 105457 105459 108216
72264 10827 11202 4 105460 105461 121781 121783
72265 9523 9947 3 105465 105463 151516
72266 11663 11405 8 105467 105468 106362 120423 105941 105943 106707 106857
72267 11663 11469 7 105468 105466 106847 106860 122025 106309 106310
72268 11663 10845 3 105466 105467 106846
72269 11033 11147 5 105471 105472 108962 109080 108950
72270 9126 9286 4 105478 105479 152081 133824
72271 9076 9126 5 105477 105479 152080 152079 152078
72272 10217 9949 4 105480 105482 105530 105531
72273 10527 10868 5 105483 105484 105748 105820 105787
72274 10509 10868 5 105484 105485 110060 110070 105750
72275 10250 10300 5 105486 105487 106218 106180 106181
72276 9613 9922 4 105488 105489 107115 107128
72277 9821 9806 6 105492 105493 149928 149927 151637 106034
72278 9900 9893 5 105495 105496 106913 106915 107070
72279 10509 10223 3 105497 105498 105712
72280 10489 10650 5 105502 105503 106828 106829 106940
72281 9934 9755 4 105504 105505 105506 105534
72282 42 11867 5 105508 105510 148949 148951 148737
72283 10317 9947 5 105511 105512 105980 134175 105948
72284 10317 9913 7 105512 105513 106229 106074 105754 105755 105757
72285 10335 10065 4 105514 105515 107376 107380
72286 10407 10101 4 105516 105517 106943 106941
72287 10407 10065 5 105517 105514 107280 106996 106997
72288 10407 10335 6 105514 105516 107354 107369 107268 107267
72289 752 594 10 105521 105522 128780 123162 123161 123786 128364 117602 117603 124296
72290 752 351 8 105522 105520 124293 109765 109767 124201 124200 128779
72291 752 317 3 105520 105521 124292
72292 9364 9037 4 105524 105525 152505 152530
72293 9269 9364 5 105523 105525 150930 150929 151624
72294 10144 10117 7 105527 105528 149878 149879 150471 106086 106085
72295 10296 10144 6 105526 105528 149959 149958 150022 151717
72296 9755 9869 4 105534 105536 148842 105564
72297 10154 10046 5 105538 105539 151613 105545 105544
72298 10072 10076 5 105541 105542 148640 151814 148680
72299 10144 10076 5 105543 105541 148681 151717 151716
72300 9667 10225 5 105546 105547 150018 150019 146931
72301 10046 9821 4 105549 105550 149970 149818
72302 9482 9772 4 105551 105552 105565 150024
72303 10017 10117 7 105559 105560 151592 151587 150080 150081 149420
72304 10017 9772 4 105557 105559 149419 105562
72305 10117 9750 7 105558 105560 149816 105846 105848 106085 150747
72306 9806 9869 4 105563 105564 149927 105575
72307 9869 9966 4 105572 105573 151635 105575
72308 9449 9900 3 105576 105577 107114
72309 9449 10143 5 105577 105578 107099 107067 107069
72310 10710 10576 5 105579 105580 109021 109164 107404
72311 10468 10710 5 105579 105581 109181 109174 107405
72312 10820 11293 5 105583 105584 107997 108615 107403
72313 10820 11076 5 105584 105585 108207 108205 107998
72314 11154 11076 7 105585 105586 108420 108832 108827 108828 108209
72315 11154 10820 6 105583 105585 108208 106932 106929 107402
72316 11076 11293 5 105584 105586 108419 107285 107287
72317 10761 10557 4 105588 105589 105775 105634
72318 10223 9835 4 105590 105591 105592 105619
72319 10051 9778 4 105597 105598 105599 105600
72320 10047 10086 4 105602 105603 105606 105604
72321 10047 9755 4 105607 105608 105610 105609
72322 10943 10916 6 105615 105616 109861 109862 110056 105656
72323 10527 10899 7 105621 105622 105820 105819 149565 150089 151494
72324 10559 10331 6 105624 105625 105677 110591 110522 110190
72325 10189 10559 4 105623 105625 105676 105767
72326 10325 10480 5 105629 105626 107388 108643 108644
72327 10325 10361 5 105626 105628 110016 110018 107387
72328 10401 10480 7 105627 105629 108218 107392 107391 109104 110512
72329 10025 10711 5 105631 105632 107052 107050 107045
72330 10428 10539 8 105637 105638 110003 110005 149924 105720 105719 149894
72331 10469 10480 4 105642 105643 108217 109818
72332 10598 10782 5 105645 105646 110088 110090 110133
72333 11010 11150 4 105647 105648 109600 109571
72334 11010 11210 5 105648 105649 128935 110084 109601
72335 11087 11010 6 105647 105649 128936 148832 148241 109572
72336 11070 11120 4 105651 105650 110058 109705
72337 10531 10482 6 105654 105652 106904 107033 106991 106183
72338 10943 11124 3 105655 105656 110057
72339 10916 11124 4 105656 105657 109228 110030
72340 11507 185 4 105660 105658 134297 149492
72341 11507 180 4 105658 105659 134053 134296
72342 11108 10989 5 105663 105661 109638 110054 110055
72343 11279 10989 4 105662 105663 110035 106549
72344 805 651 4 105665 105666 120185 120187
72345 805 499 4 105664 105665 107563 107561
72346 9417 9697 3 105669 105667 106079
72347 11006 10893 6 105671 105672 128909 128911 148925 148926
72348 11391 10893 4 105672 105673 109754 149739
72349 11391 11006 4 105670 105672 144912 144914
72350 10893 11124 6 105671 105673 109002 109001 105685 105684
72351 10509 10559 9 105676 105677 110593 148669 148670 149856 110073 110061 105765
72352 10509 10331 6 105677 105678 105679 151805 148671 110592
72353 10428 10784 3 105680 105681 105720
72354 10940 10911 6 105682 105683 150119 149846 149635 149636
72355 10940 10893 4 105683 105684 148926 148927
72356 11124 10940 6 105682 105684 149926 150109 109239 109238
72357 10893 10911 7 105683 105685 109254 109253 110071 149821 150120
72358 10648 10624 5 105686 105687 147838 110342 110343
72359 10648 10657 5 105687 105688 106770 106773 148190
72360 10740 10657 5 105688 105689 148272 148271 145240
72361 10657 10624 7 105687 105689 148665 148503 148171 148173 148191
72362 11011 10739 3 105690 105691 146215
72363 11934 9969 6 105692 105693 151333 151342 151341 150180
72364 10028 11934 5 105692 105694 151518 150197 150181
72365 2 11562 6 105695 105696 108975 106784 105699 105700
72366 2 11844 6 105696 105697 124083 124084 124090 108976
72367 11640 11844 6 105697 105698 105809 105810 107921 107922
72368 11640 11562 6 105698 105695 109569 109338 109337 109619
72369 11640 2 5 105695 105697 124052 124053 124074
72370 11844 11562 4 105696 105698 109620 108977
72371 2 11498 4 105700 105701 124000 124074
72372 11710 11498 7 105701 105702 109658 109657 109545 109546 109568
72373 11710 11562 4 105702 105699 106786 109733
72374 11710 2 6 105699 105701 109741 109740 123189 106785
72375 11498 11562 5 105700 105702 109721 109570 109569
72376 10989 11417 3 105706 105707 109793
72377 11070 11417 6 105707 105708 109232 105835 105834 105892
72378 11417 11372 6 105706 105708 105913 105915 109891 109895
72379 9523 11934 6 105709 105710 151460 151539 151544 151516
72380 10861 11071 4 105714 105715 149557 149302
72381 11151 10938 3 105716 105717 149598
72382 11151 10861 4 105714 105716 149804 149303
72383 10539 10549 5 105718 105719 149948 149949 149950
72384 10784 10539 8 105718 105720 149939 149150 105880 105879 149923 149952
72385 103 62 4 105722 105723 122834 122835
72386 324 62 8 105723 105724 123384 123383 123085 123084 124027 123260
72387 324 132 3 105724 105721 123954
72388 324 103 4 105721 105723 123259 123990
72389 191 358 8 105726 105727 126778 126779 128654 128655 128683 128680
72390 191 312 4 105727 105728 128653 126786
72391 313 312 8 105728 105729 126833 116539 116537 128453 124514 124516
72392 313 191 4 105726 105728 128652 128681
72393 11608 11459 4 105730 105731 109488 105898
72394 11459 11491 6 105730 105732 109421 109541 109965 105900
72395 1231 1438 4 105733 105734 117458 117459
72396 1231 1561 8 105734 105735 123415 123416 123472 123473 123378 123249
72397 1330 1561 4 105735 105736 117921 118004
72398 1330 1231 5 105733 105735 119256 117372 117374
72399 1015 2064 4 105738 105739 106354 106355
72400 2150 1015 4 105737 105739 121727 122014
72401 10757 10509 4 105742 105743 150088 149944
72402 10893 10509 5 105743 105744 110071 105750 105749
72403 10893 10612 3 105744 105741 149821
72404 10893 10757 7 105741 105743 149567 149566 148925 148927 150120
72405 11796 11680 8 105746 105747 146446 131681 131680 150548 150128 150126
72406 171 11796 4 105745 105747 150272 134591
72407 10527 10893 4 105748 105749 149567 105819
72408 10868 10893 5 105750 105748 105821 105826 109253
72409 9794 9913 8 105755 105756 106212 105962 105963 106027 106029 105759
72410 9794 10317 3 105753 105755 105758
72411 9913 10011 3 105754 105756 106076
72412 9913 10028 3 105759 105757 105981
72413 10441 9983 3 105762 105763 105764
72414 10559 10601 5 105765 105767 105776 106954 109925
72415 2750 2612 4 105769 105770 106006 121711
72416 11775 11746 7 105771 105772 111007 111006 144909 109435 109436
72417 11775 11893 4 105772 105773 128329 144626
72418 127 11746 3 105774 105771 144965
72419 127 11775 6 105771 105773 128328 145960 127734 127733
72420 10469 10601 4 105776 105777 107018 106955
72421 11933 9726 5 105781 105782 151520 151340 151339
72422 8995 9726 3 105782 105783 106093
72423 10868 11070 8 105787 105788 109549 109548 110053 109255 105826 105825
72424 10304 11050 3 105789 105790 149435
72425 9913 10558 4 105793 105795 106229 105933
72426 10217 10300 4 105794 105796 106012 106011
72427 2 120 4 105797 105798 124083 124052
72428 2 78 7 105798 105799 105863 124133 124054 124055 124084
72429 11872 78 5 105799 105800 109368 123933 105865
72430 11872 120 5 105800 105797 109584 109583 109367
72431 11872 2 6 105797 105799 105864 109741 124000 124053
72432 10272 10368 7 105804 105803 106577 106578 107465 107967 107322
72433 10601 10764 4 105807 105808 106434 106760
72434 11705 11690 5 105811 105812 123242 109295 108891
72435 11705 11844 7 105812 105809 109620 109691 109689 123244 123241
72436 11705 11640 4 105809 105811 108890 109619
72437 11690 11844 4 105810 105812 123240 123327
72438 11536 11644 4 105814 105815 109370 109371
72439 11870 11552 3 105816 105813 109399
72440 11644 11552 7 105814 105816 109455 123103 108711 108713 109353
72441 9638 10661 3 105817 105818 106312
72442 10899 10868 3 105820 105821 105825
72443 10893 10899 7 105819 105821 105823 105822 128910 128911 149566
72444 11254 10893 5 105824 105822 149787 109754 109002
72445 11070 10893 5 105823 105824 109001 109254 105826
72446 11130 11542 3 105828 105829 150141
72447 11130 10910 7 105827 105828 151086 151088 151094 151288 151250
72448 11941 11401 4 105831 105832 105972 105990
72449 11405 11941 4 105830 105832 105937 105935
72450 1380 1253 6 105836 105837 121013 121014 129292 121809
72451 1380 1273 6 105837 105838 134998 135001 129213 129211
72452 1579 1273 5 105838 105839 117264 119578 135268
72453 1579 1253 4 105839 105836 121811 117263
72454 1579 1380 7 105836 105838 135151 135153 135231 135233 121810
72455 1273 1253 7 105837 105839 117262 121485 134571 134311 134310
72456 222 11364 5 105840 105841 151471 151481 106127
72457 11166 11006 7 105842 105843 109828 150129 144911 144912 128909
72458 11166 10949 4 105843 105844 109825 109829
72459 10899 10949 6 105844 105845 149933 149934 151530 109827
72460 10899 11006 4 105845 105842 128911 150143
72461 10899 11166 6 105842 105844 109826 130152 130151 128910
72462 9750 10161 3 105846 105847 106009
72463 10117 10074 3 105848 105849 106086
72464 10117 10161 6 105849 105846 149817 151368 150472 150471
72465 10074 10161 6 105847 105849 149599 149601 150065 106010
72466 871 781 5 105852 105853 134431 129016 121543
72467 873 474 6 105854 105855 134131 134045 133948 109163
72468 474 781 3 105853 105855 134403
72469 2758 2640 8 105856 105857 122366 122345 122346 122348 122350 122363
72470 632 546 3 105859 105860 123450
72471 632 652 7 105860 105861 124121 123463 123294 123096 123095
72472 401 652 4 105861 105862 119557 124094
72473 401 632 5 105859 105861 124120 124051 123832
72474 652 546 6 105860 105862 119556 121306 121305 123451
72475 2 33 4 105863 105864 109740 124132
72476 11872 33 6 105864 105865 123934 108763 108765 109453
72477 33 78 4 105863 105865 123641 123640
72478 836 627 5 105867 105868 121122 123083 123604
72479 836 773 4 105868 105869 123302 121121
72480 712 773 5 105869 105870 123229 123439 123303
72481 712 836 7 105867 105869 123266 119028 119026 122401 123605
72482 773 627 8 105868 105870 116710 116709 122832 120947 117706 117704
72483 11869 11694 6 105873 105874 106396 106394 106216 106214
72484 11693 200 5 105875 105872 121662 121591 120539
72485 11693 11869 6 105872 105874 121668 121700 122027 121689
72486 11694 200 6 105873 105875 120540 120880 120779 106262
72487 11758 11417 6 105876 105877 108741 108739 109267 106978
72488 11568 11758 3 105876 105878 106977
72489 10882 10971 3 105883 105884 107389
72490 10715 10971 6 105884 105885 110189 110181 109878 107390
72491 10971 10862 8 105883 105885 110206 110196 110195 110277 110278 110198
72492 11896 185 5 105888 105889 151473 150055 129041
72493 474 11895 5 105890 105891 120606 120607 134045
72494 474 185 4 105891 105888 129043 134399
72495 474 11896 10 105888 105890 133948 107645 107644 133924 133925 106680 106682 129042
72496 11895 185 5 105889 105891 134438 134467 151485
72497 11253 11417 8 105892 105893 106205 109023 109252 109443 109895 109793
72498 11253 11224 4 105893 105894 106711 106206
72499 11429 11608 8 105898 105899 110099 148956 149760 109795 109235 109233
72500 11429 11491 5 105899 105900 109964 109611 109610
72501 11271 11475 5 105902 105903 128989 128990 150093
72502 11638 11475 5 105903 105904 105932 129022 129020
72503 11638 11211 4 105904 105901 134595 105930
72504 11638 11271 5 105901 105903 134126 131390 131387
72505 11475 11211 8 105902 105904 105931 149674 150124 150099 150098 150094
72506 11145 11305 4 105905 105906 122136 106821
72507 11305 11205 4 105905 105907 106754 106822
72508 728 1224 4 105910 105911 107725 107724
72509 728 1181 7 105911 105909 122115 122114 122119 121992 121994
72510 728 918 7 105909 105910 120895 107708 107710 122152 122120
72511 11366 11417 6 105913 105914 108739 108740 109206 109232
72512 11667 11417 8 105914 105915 109444 109252 109153 109154 109268 109267
72513 11667 11372 5 105915 105912 109821 109890 109889
72514 11667 11366 4 105912 105914 109726 109728
72515 10970 11008 5 105918 105919 108972 108864 108862
72516 10970 10858 6 105919 105920 108961 108978 111770 108973
72517 10776 10970 7 105918 105920 108819 108246 108245 107396 107395
72518 10858 11008 4 105919 105921 108642 108641
72519 208 11381 5 105922 105923 107961 107435 107437
72520 1205 738 6 105924 105925 121552 121665 121677 117255
72521 842 738 3 105925 105926 121292
72522 738 947 5 105924 105926 121290 120881 117256
72523 10040 10790 4 105929 105927 105987 106008
72524 11475 11567 3 105931 105932 149658
72525 11567 11638 6 105930 105932 149657 134084 134086 150204
72526 11405 49 6 105935 105936 120423 120422 121542 121554
72527 633 11716 6 105938 105939 121275 121276 122700 122689
72528 48 11405 4 105940 105941 120422 106023
72529 48 11663 8 105941 105942 109283 109743 121261 121259 121530 120421
72530 11568 11663 3 105942 105943 106709
72531 11568 48 7 105940 105942 109284 121229 121228 123301 106024
72532 8353 11546 3 105945 105946 120437
72533 11937 9864 3 105950 105951 106233
72534 11937 10148 8 105949 105950 106232 106391 121350 121849 106111 106110
72535 979 1252 9 105955 105956 129053 134384 134391 133926 124024 124026 134382
72536 979 11900 4 105956 105957 135138 129054
72537 510 49 5 105958 105959 121553 119847 119848
72538 510 11684 4 105959 105960 106017 121283
72539 11684 49 5 105959 105961 109737 121542 121541
72540 2140 2431 3 105965 105966 121680
72541 2064 11907 3 105967 105964 121730
72542 2431 11907 7 105965 105967 122048 121825 121751 120498 120500
72543 728 1180 6 105968 105969 106252 106253 121999 119103
72544 1648 1180 4 105971 105968 119104 121714
72545 1648 728 6 105968 105970 106864 121994 107725 107726
72546 11568 11667 3 105974 105975 109154
72547 11667 11705 6 105973 105975 109153 109251 109499 109691
72548 546 737 5 105976 105977 123386 123012 121306
72549 546 825 3 105977 105978 123976
72550 878 825 9 105978 105979 123847 123511 123514 123805 117405 117406 123893
72551 878 737 3 105979 105976 121307
72552 825 737 9 105977 105979 123846 123924 123333 123335 123666 123667 123831
72553 9947 10028 7 105981 105980 134176 151469 151518 106068 106067
72554 226 285 6 105982 105983 108752 120892 106762 106763
72555 226 82 6 105983 105984 108663 121425 109212 108753
72556 11785 86 4 105991 105992 105994 120896
72557 11574 86 8 105992 105993 134492 134483 134482 150234 149418 105996
72558 86 11840 5 105991 105993 134468 134128 120898
72559 86 11507 4 105996 105994 134053 149417
72560 11841 11833 7 105997 105998 134258 134256 134567 134560 129050
72561 11841 497 8 105998 105999 109865 150187 150174 150173 150172 149628
72562 143 497 7 105999 106000 130295 130281 130073 130072 109866
72563 143 11833 4 106000 105997 129052 130291
72564 143 11841 4 105997 105999 109864 129051
72565 497 11833 6 105998 106000 148819 149453 149587 149586
72566 93 565 5 106002 106003 121202 122095 121358
72567 93 11256 4 106003 106004 121364 121203
72568 11869 11256 8 106004 106005 106395 106396 121668 121699 121733 121365
72569 11869 93 6 106002 106004 121363 121690 121149 121148
72570 11256 565 7 106003 106005 121984 121983 121990 121985 121204
72571 684 1104 6 106013 106014 121022 123791 123469 123470
72572 684 912 4 106014 106015 123637 121023
72573 925 912 6 106015 106016 123468 123156 123155 124166
72574 925 1104 7 106016 106013 123535 123534 120989 120988 123467
72575 925 684 4 106013 106015 124165 123834
72576 912 1104 6 106014 106016 123348 123347 117890 117889
72577 257 11818 3 106020 106021 121405
72578 11757 101 7 106022 106019 106342 123236 117697 117699 122672
72579 11757 257 5 106019 106021 121387 121386 106341
72580 11818 101 5 106020 106022 122673 122809 121406
72581 11684 48 8 106023 106024 124073 123987 121448 121284 121283 121541
72582 11467 10790 3 106025 106026 121685
72583 9794 9572 3 106027 106028 106030
72584 9794 9947 4 106029 106030 106031 106067
72585 9605 9947 4 106031 106032 151542 106068
72586 9821 9799 4 106033 106034 151638 150783
72587 11125 11940 4 106037 106038 150575 151317
72588 11940 11939 5 106037 106039 106063 150151 151318
72589 9764 9695 5 106045 106046 151563 151594 151615
72590 9905 9764 5 106044 106046 151564 150132 149509
72591 11545 11226 3 106048 106047 151258
72592 10248 10605 5 106050 106051 134021 134023 150044
72593 9527 9171 3 106055 106056 106057
72594 9543 8880 3 106058 106059 106196
72595 11937 10790 4 106060 106061 106072 106154
72596 11937 11358 8 106061 106062 106111 121850 106318 106319 106208 106071
72597 11940 10605 4 106063 106065 133152 134414
72598 9605 10028 5 106066 106068 150197 106099 106096
72599 9527 9864 3 106069 106070 106106
72600 11358 11938 4 106071 106073 106113 106155
72601 11936 10011 4 106075 106076 106211 106256
72602 10039 9385 5 106077 106078 150740 151550 151551
72603 10039 9417 6 106078 106079 151607 150919 149510 149508
72604 9697 10039 7 106077 106079 151605 151599 151598 151608 151561
72605 9691 9593 5 106080 106081 151373 151372 151641
72606 9972 11932 3 106082 106083 150838
72607 10710 10820 5 106087 106088 106894 109021 106969
72608 10710 11033 5 106088 106089 108296 109080 106893
72609 10881 10820 6 106090 106087 106971 107509 107508 106729
72610 10881 10710 4 106087 106089 108297 106970
72611 11033 10820 7 106088 106090 106730 107738 107403 107402 106895
72612 9969 9527 3 106091 106092 106094
72613 10040 9605 3 106096 106097 106098
72614 745 634 7 106102 106103 111270 111271 121489 109309 109312
72615 1166 634 5 106103 106104 121581 121235 121232
72616 1166 878 7 106104 106101 117644 117643 123701 123904 123908
72617 1166 745 4 106101 106103 123291 123979
72618 9374 8684 6 106107 106108 106153 106558 107112 106562
72619 10148 11358 3 106111 106112 121846
72620 9219 8880 8 106115 106116 106283 106195 106196 106234 106273 106286
72621 9219 8608 5 106116 106117 106238 106236 106284
72622 10675 9671 3 106119 106120 107598
72623 9914 9008 4 106121 106122 106619 106326
72624 9914 10675 6 106119 106121 106325 107657 107263 107264
72625 222 11897 5 106126 106127 134366 134365 134369
72626 11897 11364 4 106125 106127 151480 150154
72627 9910 9394 6 106131 106132 106901 106900 107182 106475
72628 10037 9726 3 106135 106136 106137
72629 2123 2048 6 106141 106142 106209 121845 121844 121851
72630 1576 1604 6 106143 106140 121788 118792 109744 109746
72631 2048 1604 4 106141 106143 119162 121384
72632 9862 9636 3 106146 106147 106274
72633 9862 9864 7 106144 106146 106490 106400 106294 106292 106264
72634 793 5959 5 106148 106149 122177 122178 107613
72635 1997 2764 4 106150 106151 117887 120331
72636 1838 2764 4 106151 106152 121212 117888
72637 11071 10812 6 106157 106158 150095 149558 149557 128743
72638 11271 11166 4 106160 106161 128907 109293
72639 11346 11166 5 106161 106162 134499 134500 128908
72640 11346 11211 3 106162 106159 150094
72641 11166 11211 6 106160 106162 150098 150100 150129 109294
72642 372 11840 3 106167 106168 121890
72643 11713 11574 4 106171 106172 149418 149416
72644 11713 11377 8 106172 106169 149957 149918 149917 150237 150236 150233
72645 11713 11271 3 106169 106171 149656
72646 11574 11377 5 106170 106172 150234 150229 150163
72647 11897 10309 4 106174 106175 134412 134411
72648 942 11897 5 106173 106175 151197 134061 133968
72649 10309 24 4 106174 106176 106194 106192
72650 10689 11937 4 106182 106179 106398 106534
72651 9638 9915 6 106184 106185 106550 106874 106221 106223
72652 9526 8859 6 106186 106187 106602 106866 107604 106383
72653 9337 9661 3 106189 106191 107230
72654 9543 11935 3 106198 106199 106224
72655 9685 9862 4 106200 106201 106290 106264
72656 1618 683 4 106203 106204 121744 121743
72657 1618 1015 8 106204 106202 118444 106635 106632 121727 106354 106356
72658 1618 728 4 106202 106203 121999 118443
72659 11253 11568 6 106205 106206 106545 106546 121229 109022
72660 2204 2048 5 106209 106210 106745 106744 121041
72661 11694 892 7 106216 106217 120779 120879 121794 121535 121536
72662 11694 683 3 106217 106214 106262
72663 10148 10250 3 106231 106232 106392
72664 10250 9864 5 106231 106233 106246 106294 106399
72665 2048 1949 4 106239 106240 106359 106360
72666 11498 11005 3 106248 106249 106368
72667 11524 11005 5 106249 106250 108459 108461 106370
72668 11005 11250 7 106248 106250 108520 108519 109038 109641 109147
72669 1047 1180 6 106254 106252 121189 121188 106800 106802
72670 9685 9864 3 106263 106264 106289
72671 11486 11409 7 106266 106267 121865 121864 122210 107526 107525
72672 10675 10477 6 106268 106265 107586 107588 107657 107692
72673 10675 11486 4 106265 106267 122161 107656
72674 1436 1384 4 106270 106271 107802 107295
72675 1436 893 8 106271 106272 122344 113286 113289 122089 107572 107573
72676 11436 11590 4 106279 106280 108907 108689
72677 11494 11154 4 106281 106278 108418 108420
72678 11494 11436 6 106278 106280 107475 107474 108777 108776
72679 11590 11154 5 106279 106281 108832 108908 108690
72680 9219 8769 3 106282 106283 106284
72681 10055 9862 4 106290 106291 106293 106292
72682 10148 9712 4 106296 106297 106324 106298
72683 10051 9901 3 106302 106299 107028
72684 10482 9901 6 106300 106302 106560 106559 107072 107029
72685 11025 11282 5 106303 106304 111477 111233 111231
72686 11025 11274 4 106304 106305 110310 110311
72687 11165 11282 8 106306 106303 111777 111875 111778 111772 111774 111771
72688 11165 11025 5 106303 106305 108506 108505 111776
72689 11274 11282 6 106304 106306 111488 110460 110459 111442
72690 9761 10306 4 106307 106308 107085 106924
72691 11663 11678 5 106310 106311 121592 121446 106362
72692 11663 11693 5 106311 106309 122029 121663 121591
72693 10661 10399 8 106312 106313 106406 106405 121995 122012 106377 106376
72694 9394 9914 6 106315 106316 106475 106477 107628 107459
72695 9914 10084 6 106314 106316 106493 106492 107673 106515
72696 71 11358 3 106317 106318 121842
72697 2603 11911 6 106323 106322 120805 120804 121950 121947
72698 10954 10382 5 106330 106331 106461 106439 106432
72699 11884 285 4 106332 106333 109556 120892
72700 11884 11658 6 106333 106334 106675 106676 108610 109555
72701 11695 285 5 106335 106332 108752 108754 107523
72702 11695 11884 4 106332 106334 121326 121271
72703 11658 285 4 106333 106335 107522 109557
72704 11156 11145 5 106337 106338 106626 107311 106384
72705 11473 11205 5 106339 106340 106813 121389 106598
72706 11473 11156 5 106337 106339 106597 106696 106385
72707 11879 11757 6 106341 106342 107890 107891 109336 109335
72708 2144 1180 4 106346 106344 120741 120740
72709 16 11727 5 106349 106348 146242 109756 109758
72710 11777 11757 7 106351 106350 107553 107552 109336 107366 107365
72711 1618 892 5 106356 106357 120428 121742 121744
72712 11903 1949 5 106360 106361 106367 120497 121431
72713 11903 2033 4 106361 106358 121790 106366
72714 10675 793 5 106363 106364 122166 122103 106573
72715 11902 2033 4 106365 106366 121789 121791
72716 1949 11902 5 106365 106367 120495 121040 121539
72717 11498 11386 8 106368 106369 109139 109570 109653 109651 109095 109096
72718 11005 11386 8 106370 106368 109147 109639 110012 109910 109220 109215
72719 11524 11386 5 106369 106370 109216 108717 108715
72720 10803 10382 7 106371 106372 106440 106584 106431 106432 106437
72721 1697 1369 8 106374 106375 108727 121344 121349 122023 121107 121106
72722 1697 1329 3 106375 106373 108726
72723 1697 1722 5 106373 106374 121672 121758 121780
72724 10399 8353 6 106377 106378 106455 106452 106453 106630
72725 8960 10399 3 106376 106378 106454
72726 2202 7730 6 106379 106380 121964 121967 120438 108892
72727 11162 11156 6 106384 106385 106790 106717 106719 107413
72728 11256 10689 5 106387 106388 106389 106398 106541
72729 11256 10250 7 106389 106390 106487 106401 106399 106392 106393
72730 11256 9864 4 106399 106400 106495 106402
72731 11256 9862 3 106400 106401 106488
72732 855 565 5 106410 106408 106637 106640 121983
72733 71 565 4 106409 106410 121984 120610
72734 893 11874 3 106411 106412 121104
72735 1526 11874 5 106414 106411 121159 107730 107713
72736 1526 893 5 106411 106413 113289 113288 121158
72737 9008 10399 4 106418 106419 106449 106423
72738 10399 9374 4 106417 106419 106483 106482
72739 929 860 5 106421 106422 107765 107766 122452
72740 929 1969 3 106420 106421 118613
72741 1181 1620 6 106428 106429 122118 121992 121993 122040
72742 1223 1620 4 106429 106430 120701 120700
72743 1223 1610 5 106430 106427 121247 121249 121218
72744 10803 10954 5 106432 106433 122147 106553 106438
72745 11225 10803 5 106431 106433 122145 121330 106585
72746 10846 10441 5 106435 106436 106787 106789 106830
72747 10803 11714 6 106440 106441 107600 121187 121683 106586
72748 10399 7507 6 106449 106450 106451 106452 106459 106483
72749 9638 8353 4 106455 106456 106457 106458
72750 9914 10991 6 106464 106462 107591 107592 107626 107625
72751 9914 11123 4 106462 106463 107263 107695
72752 11256 9820 6 106465 106466 106495 106488 106487 106489
72753 10143 9634 6 106468 106469 106512 106508 106509 106524
72754 9914 9378 4 106476 106477 106611 106613
72755 9005 10477 4 106479 106480 107575 107754
72756 10101 10310 6 106486 106484 107032 106942 106941 107209
72757 10101 9901 5 106484 106485 107084 107083 107072
72758 11601 11732 4 106497 106498 106679 122138
72759 11601 11473 5 106498 106496 106813 121388 106678
72760 11601 11145 5 106496 106497 122137 106821 106812
72761 10845 11694 6 106501 106502 106537 106535 106536 106540
72762 10954 10551 4 106506 106507 106832 106769
72763 10143 11936 5 106510 106511 106512 106523 106522
72764 9914 10762 5 106514 106515 107667 107592 107589
72765 9017 9537 4 106516 106518 107168 107152
72766 10531 10101 5 106520 106521 107033 106942 106943
72767 10531 10092 7 106521 106519 106998 107302 107233 106992 106991
72768 10531 10065 3 106519 106520 106997
72769 10761 10424 3 106529 106528 108926
72770 142 11833 5 106532 106530 134259 134258 149586
72771 142 11862 5 106530 106531 149686 149577 149578
72772 10845 11256 5 106539 106540 106544 106541 106542
72773 11205 11568 5 106546 106547 106708 106709 109284
72774 11568 10973 4 106545 106547 106809 106712
72775 11279 11372 6 106548 106549 109799 109722 109723 109604
72776 10382 9915 4 106550 106551 106569 106922
72777 11145 10803 3 106553 106554 122142
72778 11883 11690 6 106563 106564 109295 123273 121438 121433
72779 11283 11690 3 106565 106563 108154
72780 10014 9678 4 106566 106567 106897 106740
72781 10065 9678 5 106568 106566 106742 107339 107355
72782 3690 10675 4 106573 106574 107431 107432
72783 3690 793 6 106572 106573 122045 122047 122080 106617
72784 2477 2611 4 106576 106575 106610 122058
72785 838 655 3 106580 106581 122716
72786 838 760 7 106581 106582 113058 113056 120189 122738 122715
72787 922 760 3 106582 106583 121977
72788 922 655 6 106583 106580 121133 121132 123431 122571
72789 11415 10803 4 106584 106585 121329 106586
72790 11279 11562 5 106592 106593 109919 109724 109722
72791 11386 11459 5 106594 106595 109653 109652 109709
72792 11386 11562 7 106595 106592 109800 110038 109339 109338 109570
72793 11386 11279 5 106592 106594 109923 110035 109799
72794 11459 11562 5 106593 106595 109721 109733 109732
72795 11156 11283 6 106596 106597 106695 106717 106718 106606
72796 11473 11283 4 106597 106598 121432 106697
72797 10991 11657 4 106599 106600 107532 107530
72798 10562 11657 6 106601 106599 107666 107607 107606 107615
72799 11732 11657 6 106600 106601 107616 107240 107238 107612
72800 11263 11437 4 106603 106604 108399 108398
72801 11340 11437 7 106605 106603 106726 106728 108871 108592 108594
72802 9008 9526 6 106614 106615 106619 106867 106866 107629
72803 2363 3690 7 106617 106618 122176 107637 107636 120284 120285
72804 3290 11911 10 106621 106620 121855 121854 121883 121882 121934 121944 121941 121940
72805 1620 1697 4 106623 106624 121732 122023
72806 2144 1697 4 106625 106623 121107 120412
72807 2115 1697 4 106624 106625 120413 121055
72808 2202 10399 5 106629 106630 122012 121979 121980
72809 2202 8353 5 106630 106631 108892 120437 122010
72810 2202 1015 4 106632 106633 106636 122014
72811 2202 565 9 106633 106634 121156 121155 121978 121979 122013 106638 106637
72812 1618 565 3 106634 106635 119618
72813 2202 855 4 106636 106637 106639 121666
72814 11546 565 4 106640 106638 121991 121990
72815 11546 2202 8 106638 106639 121667 121968 121966 120438 120437 122011
72816 10484 10385 7 106641 106642 106928 106927 106973 107023 107020
72817 10479 10484 4 106641 106643 106999 107021
72818 91 9257 5 106644 106645 113148 113084 113085
72819 9275 11075 8 106646 106647 107821 107852 107716 107714 107810 107812
72820 9275 91 5 106644 106646 113331 113330 113329
72821 588 1325 4 106648 106649 122265 122267
72822 588 1235 6 106649 106650 122133 122134 121280 121279
72823 48 489 9 106651 106652 108720 108721 121448 121447 121608 121286 108756
72824 48 11883 9 106652 106653 121475 114118 114119 106796 106797 107560 107559
72825 492 489 7 106654 106651 108758 121441 109750 109749 121225
72826 492 48 4 106651 106653 121477 108757
72827 11883 489 4 106652 106654 123297 123391
72828 1099 1298 4 106655 106656 117769 107538
72829 1099 1274 4 106656 106657 117861 117812
72830 1052 1274 4 106657 106658 119484 117862
72831 1052 1099 6 106655 106657 117860 119490 109458 107537
72832 1274 1298 8 106656 106658 119483 123501 123461 123462 123486 117813
72833 633 893 4 106664 106665 113288 113286
72834 418 588 6 106666 106663 122692 122705 122704 122730
72835 418 633 4 106663 106665 122690 122691
72836 893 588 7 106664 106666 122732 122711 122132 122134 122344
72837 1430 1630 4 106668 106669 107902 122606
72838 1352 1630 5 106669 106670 118319 118320 107903
72839 1352 1723 6 106670 106667 108826 118501 118500 118499
72840 1352 1430 5 106667 106669 107901 121230 108825
72841 1630 1723 6 106668 106670 118497 118441 117205 117202
72842 407 588 5 106672 106673 122747 121141 121088
72843 760 407 7 106671 106673 122738 122701 122703 121394 118330
72844 11482 11884 4 106674 106676 108611 121442
72845 82 11473 5 106677 106678 121423 109212 109214
72846 82 11601 6 106678 106679 122159 108664 108663 121422
72847 11732 82 6 106677 106679 122156 122157 122275 121293
72848 11896 11897 5 106680 106681 134365 129055 129056
72849 11896 455 3 106681 106682 134367
72850 474 455 4 106682 106683 134394 134368
72851 474 11897 4 106683 106680 134032 134393
72852 102 62 10 106684 106685 124071 108718 108719 123383 121089 121090 124002 123393
72853 11834 62 8 106686 106684 109720 109717 122835 122836 124027 123252
72854 11568 62 3 106685 106686 123253
72855 1097 651 4 106687 106688 120185 121285
72856 1097 886 4 106688 106689 121200 120186
72857 1223 651 7 106690 106687 121356 121265 121264 121267 121052
72858 886 651 5 106688 106690 121053 121296 120187
72859 1722 1869 7 106691 106692 121672 121756 121757 121763 121762
72860 2144 1869 4 106694 106691 120414 120412
72861 1369 1869 3 106692 106694 121106
72862 11156 11482 3 106695 106696 106790
72863 9626 9285 3 106701 106702 106738
72864 10403 10102 3 106705 106706 110658
72865 11205 11405 4 106707 106708 106811 106844
72866 11663 11205 5 106707 106709 109283 106859 106856
72867 11224 10973 8 106711 106712 106810 106861 106838 106835 106716 106715
72868 11253 11548 3 106713 106714 108153
72869 11162 10966 4 106719 106720 106793 107429
72870 11162 11283 4 106720 106717 106792 106791
72871 10913 10306 5 106722 106723 106753 106842 106831
72872 10711 10913 5 106721 106723 106752 106841 106777
72873 11436 11437 5 106725 106726 108398 108400 108940
72874 11620 11437 4 106728 106725 108848 108847
72875 11620 11436 5 106725 106727 108612 108777 108906
72876 11033 11002 6 106730 106731 108790 108929 108970 107739
72877 276 118 5 106732 106733 109734 123328 111334
72878 276 456 7 106733 106734 119405 123305 123304 123287 109735
72879 99 118 6 106735 106732 111335 122808 122807 122734
72880 99 276 3 106732 106734 111333
72881 456 118 8 106733 106735 108834 108833 122817 122815 122812 109736
72882 9613 9285 6 106738 106739 107130 107119 107120 107122
72883 10029 10065 4 106741 106742 107340 107352
72884 11912 2204 5 106747 106744 121042 121821 121822
72885 2205 2204 6 106745 106747 121875 120005 120006 121679
72886 10424 10412 7 106749 106751 106886 108900 108901 109148 106899
72887 10551 10913 5 106752 106753 106774 106776 106832
72888 11658 11548 6 106757 106758 108610 109322 108854 108853
72889 226 18 4 106761 106762 120891 121288
72890 499 18 5 106764 106761 109259 109258 109281
72891 499 226 4 106761 106763 107634 107632
72892 1523 2206 6 106766 106767 112949 122568 122602 122562
72893 1497 2206 5 106767 106768 118729 113307 112951
72894 1497 1523 5 106765 106767 112950 122278 118354
72895 10921 10538 5 106771 106772 148331 148332 147047
72896 10657 10921 7 106770 106772 148664 148787 148784 148540 145240
72897 10538 10648 4 106771 106773 110490 110492
72898 10913 10689 3 106775 106776 106833
72899 11285 11037 3 106780 106778 108984
72900 11139 11037 8 106779 106780 108942 108818 108817 109074 109076 108755
72901 1760 1827 5 106781 106782 118234 122619 122528
72902 1827 1633 5 106781 106783 122563 122524 122523
72903 11626 11710 5 106785 106786 109489 109487 123190
72904 11626 11562 6 106786 106784 109580 109579 109919 109732
72905 11253 11705 8 106798 106799 108891 108890 109500 109251 109023 109022
72906 11253 48 4 106796 106798 121229 121407
72907 11705 11883 4 106797 106799 109295 109265
72908 1062 1047 3 106800 106801 121633
72909 10731 10946 5 106803 106804 110434 110529 110527
72910 10882 10946 7 106805 106803 110378 110377 110301 110197 107389
72911 10715 10946 5 106804 106805 107390 109411 109410
72912 10973 11405 4 106809 106810 106843 106811
72913 11205 11601 7 106812 106813 114120 109742 106859 106848 106822
72914 11855 11651 3 106816 106817 110972
72915 11821 11868 3 106818 106819 124223
72916 11821 11651 6 106819 106816 123649 111186 111188 124222
72917 11305 11601 6 106821 106822 106849 106851 107729 107728
72918 9901 9754 5 106823 106824 107040 107093 107077
72919 9901 9948 4 106824 106825 107030 107041
72920 10541 10412 5 106826 106827 108949 108074 107290
72921 10541 10650 4 106827 106828 107231 108954
72922 10489 10412 4 106829 106826 107291 106939
72923 10650 10412 9 106827 106829 106898 106899 109138 109088 109089 108958 108956
72924 10913 10441 4 106830 106831 106845 106852
72925 10973 10863 3 106835 106836 106837
72926 11405 10913 6 106843 106844 106857 106854 106855 106863
72927 10913 11663 5 106846 106847 106858 106856 106857
72928 11601 10913 4 106848 106849 106850 106858
72929 11601 11469 4 106850 106851 122026 106860
72930 11663 11601 6 106858 106859 109743 121440 122019 106860
72931 10913 11224 3 106861 106862 106863
72932 9910 9425 3 106869 106870 107341
72933 9376 9989 6 106871 106868 106902 107690 108041 108016
72934 9376 9910 5 106868 106870 107362 107245 106901
72935 10025 9915 4 106873 106874 106922 106923
72936 9638 10025 3 106872 106874 107042
72937 10762 11657 6 106875 106876 107666 107530 107531 107540
72938 9795 9613 6 106877 106878 107102 107124 107127 107128
72939 9221 9257 4 106880 106881 107747 107838
72940 9275 10235 4 106882 106879 107851 107821
72941 856 1446 5 106889 106890 120883 117915 117916
72942 1308 1223 7 106891 106892 121071 121195 121328 121266 121264
72943 1308 1446 5 106892 106889 123323 121073 121070
72944 1308 856 7 106889 106891 121281 121226 121227 121169 121168
72945 1223 1446 7 106890 106892 121069 120406 119540 119539 120884
72946 11012 10710 7 106893 106894 109164 109099 109015 109011 109012
72947 11012 10820 5 106894 106895 106929 106930 109158
72948 11033 11012 4 106893 106895 108951 108950
72949 9394 9989 5 106902 106900 107183 107674 107678
72950 9678 9135 4 106908 106909 107066 107359
72951 10416 10379 5 106910 106911 107330 108478 108356
72952 9893 10065 6 106913 106914 107147 107355 107073 107074
72953 10427 10731 6 106918 106919 110487 109030 109029 110305
72954 10427 10401 6 106919 106920 109178 110494 110533 110488
72955 10401 10731 5 106919 106921 110512 110515 110489
72956 11012 10966 6 106930 106931 108943 108627 108628 109159
72957 11154 10966 7 106931 106932 108960 108828 108829 108462 108460
72958 11154 11012 7 106929 106931 108521 108518 109079 108952 108951
72959 10966 10820 3 106930 106932 109000
72960 10388 10518 5 106933 106934 109796 110579 109663
72961 10388 10636 4 106934 106935 109107 109108
72962 10497 10636 7 106935 106936 110538 110537 148722 110578 110153
72963 10497 10518 3 106936 106933 109665
72964 10636 10518 5 106934 106936 110583 110496 109797
72965 11238 10946 3 106944 106946 109093
72966 11005 10787 7 106948 106949 109085 109143 109886 109135 109136
72967 11005 10761 4 106949 106950 109131 109086
72968 10650 11005 5 106948 106950 108922 108921 109088
72969 10761 10787 5 106949 106951 108647 108736 108738
72970 11207 11108 6 106953 106952 109913 109915 110193 109199
72971 10946 11260 5 106956 106957 110207 110249 110314
72972 10946 10971 7 106957 106958 110198 107389 107390 109877 110200
72973 11000 10971 3 106958 106959 110278
72974 11000 11260 6 106959 106956 110309 109101 109103 110272
72975 11000 10946 7 106956 106958 110300 110301 110393 109528 109529
72976 10971 11260 5 106957 106959 110277 110267 110208
72977 10385 10469 3 106962 106963 107020
72978 10554 10750 4 106968 106966 110026 110138
72979 10751 10750 5 106967 106968 110136 109009 108393
72980 10618 10881 6 106970 106971 107445 107447 108804 109017
72981 10618 10820 4 106971 106969 107398 107400
72982 10243 9912 4 106974 106975 110423 110457
72983 10243 9946 4 106975 106976 110297 110413
72984 9957 10243 5 106974 106976 110298 110469 110458
72985 11417 11834 3 106978 106979 109268
72986 10456 10632 7 106982 106980 108357 108452 108451 109049 109019
72987 10674 10632 4 106981 106982 108912 108491
72988 294 355 10 106983 106984 123292 123930 123269 123270 123286 122713 122714 123050
72989 294 11872 6 106984 106985 109367 109368 123935 123293
72990 11827 355 3 106986 106983 123192
72991 11827 294 5 106983 106985 109776 122801 122802
72992 11872 355 4 106984 106986 123099 123101
72993 10961 10970 6 106987 106988 108472 109077 109179 110444
72994 10092 10482 4 106990 106991 107060 107086
72995 10381 10468 5 106994 106995 108387 108386 107005
72996 10381 10456 6 106993 106994 107004 107401 108451 109051
72997 10407 10092 3 106998 106996 107281
72998 10479 10751 4 106999 107000 109916 107022
72999 10519 10776 5 107011 107008 111827 108501 108490
73000 10674 10776 6 107009 107011 108491 107396 107397 108469
73001 9900 10025 7 107013 107014 107157 107139 107070 107049 107050
73002 10306 10025 3 107015 107013 107045
73003 10484 10601 4 107017 107018 107026 107019
73004 10469 10484 5 107016 107018 107027 107020 107021
73005 10484 10189 5 107023 107024 107025 107026 107027
73006 10482 10101 5 107032 107033 107060 107087 107072
73007 9953 9626 4 107036 107037 107092 107048
73008 10143 9374 3 107043 107044 107134
73009 10092 10025 5 107052 107049 107071 107091 107059
73010 9378 9893 3 107053 107054 107192
73011 10235 9430 3 107057 107058 107994
73012 9430 9996 6 107056 107058 107545 107170 107169 107831
73013 11078 11101 3 107064 107063 107414
73014 9537 9678 9 107065 107066 107360 108090 107327 107308 107307 107357 107335
73015 10143 9561 3 107068 107069 107149
73016 10025 9893 4 107070 107071 107104 107138
73017 9577 9613 5 107078 107079 107132 107125 107102
73018 9996 10668 4 107106 107107 107979 107969
73019 10804 10694 5 107109 107110 110743 112470 112429
73020 10860 10694 6 107110 107111 112307 158852 145315 110745
73021 10860 10659 5 107111 107108 110742 112343 112306
73022 10860 10804 5 107108 107110 110744 110772 110741
73023 10694 10659 6 107109 107111 112305 111765 111764 112421
73024 9613 9832 5 107115 107116 107117 107126 107127
73025 9613 9673 6 107118 107119 107129 107125 107124 107126
73026 9613 9494 3 107121 107122 107123
73027 9613 9539 4 107129 107130 107131 107132
73028 11590 11695 4 107136 107137 122088 108772
73029 11520 11590 4 107135 107137 122761 108893
73030 11877 325 5 107142 107143 122810 121453 121455
73031 11877 18 5 107143 107144 121355 121417 121418
73032 350 18 5 107144 107145 123201 109258 109256
73033 350 325 8 107145 107142 122770 123218 123399 123375 123206 123205
73034 350 11877 6 107142 107144 121354 123098 123278 122769
73035 18 325 6 107143 107145 123108 122662 122663 123214
73036 9921 10065 5 107147 107148 107326 107340 107339
73037 9319 9900 3 107156 107157 107158
73038 9319 8934 3 107159 107160 107161
73039 9319 8461 4 107162 107163 107165 107164
73040 9537 8931 3 107166 107167 107168
73041 9465 9813 6 107171 107172 107759 108003 108029 107840
73042 9135 8442 4 107173 107174 107176 107175
73043 10421 10335 5 107179 107180 107411 107380 107267
73044 10029 10421 8 107178 107180 107412 107352 107351 107353 107349 107350
73045 8859 9376 4 107195 107193 107198 107213
73046 8558 9376 4 107198 107197 107199 107212
73047 9376 8451 5 107200 107201 107202 107212 107213
73048 10421 10531 4 107203 107204 107302 107241
73049 10421 10407 6 107204 107205 107261 107267 107280 107281
73050 9813 9044 5 107206 107207 107375 108006 107959
73051 9044 9451 10 107206 107208 107861 107870 107884 107777 107776 107823 107881 107880
73052 9177 9438 5 107210 107211 108028 108186 108139
73053 11313 10471 4 107216 107217 107597 107696
73054 10471 11334 5 107216 107218 107918 107917 107711
73055 10133 10128 8 107219 107220 107760 107925 108030 107931 107864 107862
73056 10291 10128 4 107221 107219 107974 107329
73057 10029 10128 5 107220 107221 107325 107246 107247
73058 9917 10070 5 107227 107228 108167 108346 108136
73059 10541 10966 4 107231 107232 107503 108953
73060 1925 1555 8 107235 107236 118383 118386 122111 122327 122591 122280
73061 1994 1555 6 107236 107237 121217 122290 118547 118503
73062 1555 1997 5 107235 107237 120262 120261 121376
73063 9293 9742 5 107249 107250 108159 108160 108188
73064 10092 10421 6 107258 107259 107301 107279 107281 107302
73065 10407 10541 3 107262 107261 107268
73066 11757 11590 3 107269 107270 107365
73067 11548 11590 5 107272 107269 108852 108853 108576
73068 11524 11590 6 107270 107272 108577 108690 108689 107367
73069 9162 9548 4 107273 107274 108055 107686
73070 10421 10065 6 107279 107280 107380 107410 107352 107326
73071 11076 11078 6 107287 107288 107371 107514 107516 107998
73072 10489 10335 4 107291 107289 107369 107368
73073 1063 1279 6 107292 107293 125912 128243 125945 125846
73074 1021 1279 6 107294 107292 125847 127946 127953 127952
73075 932 1279 3 107293 107294 125914
73076 10779 11076 7 107299 107297 107371 107515 107513 107512 107309
73077 10779 11297 3 107297 107298 107370
73078 11188 11032 5 107303 107304 107313 107314 107767
73079 11188 11027 4 107304 107305 108621 108619
73080 11027 11032 6 107304 107306 107778 107844 107948 108556
73081 11002 11032 4 107314 107315 108551 107768
73082 11032 10880 7 107313 107315 107953 107952 108539 108540 108556
73083 10131 10510 7 107318 107316 107817 107816 107846 107854 107849
73084 10562 11101 3 107319 107321 107606
73085 10368 10128 5 107322 107323 107325 107329 107966
73086 9813 9302 4 107332 107333 107946 107375
73087 10014 10041 3 107343 107344 108193
73088 10832 10563 4 107345 107346 108426 107803
73089 10679 11056 5 107348 107347 107463 107464 107439
73090 9678 9893 4 107355 107356 107357 107358
73091 9678 9096 4 107359 107360 108091 107361
73092 9678 9376 3 107362 107363 107364
73093 11777 11590 7 107365 107367 108907 108919 108323 108324 108852
73094 11078 10779 5 107370 107371 107469 107415 107414
73095 10014 10291 3 107377 107378 108195
73096 10416 10576 7 107381 107383 107520 107519 108913 108914 108874
73097 10301 10361 3 107386 107387 109697
73098 10685 10480 3 107391 107393 109105
73099 10674 10970 5 107394 107396 108912 109020 109036
73100 10820 10576 11 107398 107399 108759 108913 108918 108633 108207 108208 109000 109158 109021
73101 10820 10680 5 107399 107400 107509 107510 108760
73102 10412 10576 7 107406 107404 109201 108957 108956 108949 108875
73103 10412 10710 6 107404 107405 109146 108900 108899 109099
73104 10421 10014 3 107410 107411 107412
73105 10049 10273 4 107416 107418 110105 108199
73106 9677 10014 4 107420 107421 108072 108071
73107 9677 10031 5 107419 107420 108211 108203 108204
73108 11340 11550 5 107424 107425 108618 108625 108597
73109 10968 11550 7 107426 107424 108573 108574 108575 108696 108401
73110 9857 10675 6 107430 107431 121157 107656 107586 107587
73111 6499 10675 5 107432 107430 107605 107623 122103
73112 2840 3399 5 107433 107434 120163 120166 122243
73113 11381 11403 4 107435 107436 107945 108678
73114 10272 10679 4 107439 107441 107982 107465
73115 1623 1631 5 107442 107443 122866 122577 122498
73116 1524 1631 6 107443 107444 117078 117080 116976 116977
73117 10881 10516 5 107446 107447 108803 109037 108810
73118 11695 11652 4 107449 107450 108869 122779
73119 11657 11409 8 107453 107454 122736 122262 107630 107612 107532 107531
73120 11409 11623 6 107452 107454 122270 122269 122247 107526
73121 9503 8914 3 107456 107457 108114
73122 11297 11657 4 107461 107460 107466 107618
73123 11732 11695 4 107467 107468 121293 122197
73124 11754 11777 5 107476 107477 108569 116719 108888
73125 11754 11494 4 107477 107474 107570 107569
73126 11754 11436 7 107474 107476 108887 109342 108941 108940 108906
73127 11777 11494 6 107475 107477 108568 122599 122724 108919
73128 1631 1352 8 107480 107481 118502 118501 118303 118087 118088 108839
73129 1631 1357 3 107481 107479 122849
73130 1631 1340 5 107479 107480 108837 122726 122851
73131 10442 11313 5 107485 107483 107830 107596 107597
73132 10273 10120 5 107486 107487 108128 108129 108168
73133 10541 10273 5 107486 107488 108074 108948 108169
73134 10335 10120 4 107487 107489 108191 108171
73135 10572 10668 4 107491 107492 107972 107964
73136 10442 10363 4 107493 107490 107677 107675
73137 10668 10363 4 107491 107493 107979 107965
73138 877 961 6 107498 107496 122931 117485 117482 120315
73139 877 1523 6 107496 107497 118354 107874 107873 122933
73140 1544 1570 6 107499 107500 113349 113350 122511 122258
73141 794 1570 6 107500 107501 122004 122205 113267 113265
73142 1570 1838 4 107499 107501 107702 107699
73143 11076 10541 7 107502 107503 108634 108205 107516 107517 107513
73144 11565 11613 6 107504 107505 144335 144333 144760 144684
73145 11565 11359 5 144730 144731 107505 107506 -1
73146 11861 11565 5 144708 144685 107504 107506 -1
73147 10880 10680 3 107510 107511 108470
73148 11076 10679 3 107514 107515 107517
73149 10576 10880 3 107518 107519 108918
73150 10541 10576 9 107518 107520 108889 108948 108949 108954 108953 108634 108633
73151 10416 10880 5 107519 107521 108356 108477 108911
73152 334 11695 7 107523 107524 113054 122779 122778 122780 122793
73153 10291 10572 7 107527 107528 107977 107978 107984 107973 107974
73154 10762 10991 5 107529 107530 107665 107592 107590
73155 11652 11620 3 107535 107536 108409
73156 11620 11494 7 107534 107536 108897 122821 107568 107570 108777
73157 1052 1304 5 107539 107537 109459 119464 119465
73158 1298 1304 7 107538 107539 120658 120657 123417 123486 117770
73159 1492 1925 5 107542 107543 122111 113202 113203
73160 1676 1925 4 107543 107544 118384 118386
73161 9996 9451 3 107545 107546 107993
73162 602 352 6 107548 107549 112514 113052 113022 113020
73163 602 792 5 107549 107547 112993 112720 112512
73164 602 570 6 107547 107548 111557 108581 108582 112627
73165 179 11777 6 107551 107552 109334 123316 123315 111495
73166 11757 18 4 107553 107550 121387 109340
73167 11757 179 4 107550 107552 109335 121386
73168 102 460 5 107554 107555 124001 121090 121091
73169 102 350 7 107555 107556 109748 123098 123193 123194 124087
73170 489 350 4 107556 107557 122746 109750
73171 489 460 5 107557 107554 123165 108841 108840
73172 489 102 9 107554 107556 109749 121224 123391 108720 108719 120369 120371
73173 350 460 11 107555 107557 122745 123344 123357 123404 123401 123399 123395 123394 124089
73174 11883 11877 8 107560 107558 123297 123298 123306 123274 123273 109265
73175 11883 102 3 107558 107559 123391
73176 805 886 7 107562 107563 120187 120186 121257 122666 122788
73177 492 613 6 107564 107565 109319 108758 108757 121332
73178 651 613 5 107565 107566 121265 121263 109320
73179 11494 11799 5 107568 107569 108568 122600 122811
73180 11620 11754 4 107570 107571 108848 108906
73181 1932 893 4 107574 107572 107703 107705
73182 9857 10477 5 107575 107576 107586 107655 107799
73183 11847 11409 4 107578 107579 107631 107630
73184 11847 418 4 107577 107578 122263 122704
73185 877 298 5 107583 107584 113351 122519 118662
73186 10477 10991 4 107590 107591 107694 107691
73187 3240 2898 4 107593 107595 120206 122238
73188 10991 10803 5 107599 107600 121186 107624 107625
73189 9526 8546 4 107603 107604 107629 107627
73190 1360 209 5 107608 107609 121352 121736 122131
73191 1360 1518 5 107609 107610 122090 121063 121061
73192 2202 1518 8 107610 107611 121156 121185 121970 121982 121253 121252
73193 2202 209 4 107611 107608 122096 121155
73194 1518 209 5 107609 107611 107620 107619 121353
73195 7681 793 7 107613 107614 122167 122166 122150 122151 122194
73196 11657 11145 3 107615 107616 107617
73197 209 565 6 107620 107621 122095 122067 122068 121155
73198 728 1518 8 107622 107619 120895 107724 107726 119103 118443 118442
73199 728 209 4 107619 107621 107709 107708
73200 565 1518 5 107620 107622 119617 119618 121156
73201 3690 2534 3 107635 107636 121086
73202 118 407 5 107639 107640 108872 122825 122093
73203 11652 407 6 107640 107641 112664 112666 122453 108873
73204 11652 334 4 107641 107638 122779 122777
73205 407 334 7 107639 107641 122776 122737 122701 108814 108813
73206 1123 474 3 107645 107646 109163
73207 1123 871 6 107646 107643 121499 121498 121808 109162
73208 1240 1190 4 107648 107649 122534 108543
73209 1399 1190 6 107649 107650 108771 121206 121205 122535
73210 1399 1430 4 107650 107647 113156 108770
73211 1399 1240 4 107647 107649 121029 113155
73212 1190 1430 5 107648 107650 108769 122323 108545
73213 3034 2524 5 107653 107654 122359 122199 120550
73214 11047 11276 3 107658 107659 108903
73215 10510 11075 6 107662 107663 107845 107846 107853 107852
73216 10044 9275 5 107669 107668 107855 107716 107715
73217 418 12 5 107670 107671 122087 122053 107732
73218 144 12 5 107672 107670 107733 122155 121731
73219 10061 10363 4 107676 107677 107971 107742
73220 8471 9333 3 107680 107679 107746
73221 10442 10748 3 107683 107684 107825
73222 10442 11027 4 107681 107683 107824 107844
73223 9376 9333 4 107688 107689 107835 107690
73224 10477 11123 4 107692 107693 107694 107695
73225 2311 1838 8 107699 107700 122007 122005 121212 121211 107788 107787
73226 2311 1526 3 107700 107701 122038
73227 1570 2311 5 107699 107701 122039 122207 122258
73228 1526 1838 5 107700 107702 121367 121366 122235
73229 1224 986 4 107704 107706 122128 121231
73230 209 918 7 107707 107708 121353 121352 121738 122074 122069
73231 93 918 3 107710 107707 122070
73232 9275 10477 5 107714 107715 107754 107799 107811
73233 11075 10477 3 107717 107714 107720
73234 10363 11056 3 107718 107719 107933
73235 3409 2901 5 107722 107723 122097 121671 121669
73236 11601 728 6 107729 107727 122020 122018 122019 122026
73237 11601 12 6 107727 107728 122137 122138 122159 122154
73238 11409 1526 6 107730 107731 121864 122209 122688 122192
73239 519 12 6 107733 107732 122055 122153 122154 122158
73240 10640 480 4 107735 107734 122130 122071
73241 11188 11033 4 107739 107738 108616 108969
73242 9996 10133 4 107740 107741 107985 108030
73243 10363 10133 5 107742 107740 107931 107930 108004
73244 9260 8471 6 107745 107746 107926 108036 108049 108043
73245 11072 11685 7 107749 107750 107818 107842 112947 122427 107877
73246 10668 11685 3 107750 107751 107819
73247 10668 9451 6 107751 107748 107872 107958 107880 107878
73248 1969 3220 4 107752 107753 113304 113306
73249 9275 6373 5 107755 107756 113330 107801 107758
73250 7630 9451 8 107762 107761 108051 107841 107833 107771 107773 107868
73251 860 298 5 107764 107766 122186 113198 113197
73252 10131 9221 3 107769 107770 107849
73253 9451 6676 5 107772 107773 107871 107885 107777
73254 479 380 5 107779 107780 120941 122276 122827
73255 479 521 6 107780 107781 118331 118329 122603 120942
73256 580 521 4 107781 107782 122727 122331
73257 580 380 6 107782 107779 122818 122819 122652 122654
73258 580 479 5 107779 107781 121393 121392 122824
73259 521 380 4 107780 107782 118406 118405
73260 11075 11072 4 107783 107784 112941 107806
73261 1544 2079 5 107785 107786 122255 122463 122572
73262 2311 2079 5 107786 107788 122317 122295 122256
73263 1544 3218 4 107790 107791 113238 113236
73264 3206 1544 5 107789 107791 113353 113257 113256
73265 1364 1097 7 107793 107794 118705 120516 121248 121250 120404
73266 1364 991 5 107794 107792 119398 121272 118704
73267 1364 838 4 107792 107793 120403 119397
73268 2640 3224 5 107796 107797 122346 122108 122109
73269 2840 2534 9 107798 107795 122365 122169 122168 120164 120163 122101 122305
73270 2840 2640 3 107795 107797 122345
73271 3224 2534 3 107796 107798 122216
73272 9275 9857 6 107799 107800 107801 113331 107812 107813
73273 10563 10852 5 107803 107804 112041 110346 110348
73274 9275 11486 3 107810 107811 107813
73275 11075 9857 3 107814 107812 107893
73276 10272 10510 3 107815 107817 107826
73277 10978 10363 3 107827 107828 107895
73278 9260 8955 5 107836 107837 107866 108005 107926
73279 9376 9260 6 107835 107837 107867 108040 108039 108041
73280 9451 9221 4 107838 107839 108045 107841
73281 11685 11442 3 107843 107842 112948
73282 10510 9221 5 107847 107848 107850 107856 107849
73283 10510 9275 4 107850 107851 107852 107855
73284 10510 10044 4 107853 107854 107856 107855
73285 10133 10272 3 107863 107864 107930
73286 10128 10572 4 107865 107862 107974 107966
73287 9260 9216 6 107866 107867 108038 108007 107927 107928
73288 9451 8417 5 107868 107869 107870 107883 107871
73289 1523 1624 7 107874 107875 122937 122553 122522 122387 122278
73290 778 1523 3 107873 107875 122934
73291 1624 877 3 107874 107876 122279
73292 9451 11004 3 107878 107879 107881
73293 9451 6915 3 107883 107884 107885
73294 2898 2307 3 107887 107888 120330
73295 2898 2764 7 107886 107887 122288 122286 122239 122238 120278
73296 11879 11827 6 107889 107890 108608 108609 108846 123232
73297 11524 11879 5 107889 107891 118276 123225 123231
73298 11757 11827 5 107890 107892 108964 109355 123236
73299 1240 1630 5 107902 107903 122621 123500 122605
73300 1352 1240 6 107901 107903 121115 109350 109347 118273
73301 11334 10917 5 107905 107906 107907 107908 107917
73302 101 11844 4 107920 107921 123327 122803
73303 11640 120 5 107922 107919 109582 109584 124052
73304 11640 101 5 107919 107921 117698 117697 121457
73305 9813 9401 5 107923 107924 107963 108003 108026
73306 9260 8631 6 107928 107929 108054 108050 108036 108005
73307 11857 11716 4 107935 107934 113285 122743
73308 3217 2534 7 107937 107936 122216 122305 122304 122183 122182
73309 11281 10272 3 107938 107939 107940
73310 464 949 5 107941 107942 122948 122960 122943
73311 464 208 5 107942 107943 112953 118299 118297
73312 380 208 3 107943 107944 108878
73313 380 949 4 107944 107941 122884 108876
73314 208 949 8 107942 107944 108877 122859 122929 122886 122885 122949
73315 11356 11307 5 107954 107955 111077 111528 108661
73316 11458 11307 7 107956 107954 108662 111440 111430 111294 110881
73317 11261 11307 5 107955 107956 110882 108933 108930
73318 11381 11550 6 107960 107961 108678 108572 108573 108597
73319 10572 10368 4 107966 107967 107981 107973
73320 10510 9813 3 107968 107970 107989
73321 10572 10379 3 107975 107976 107977
73322 10572 10679 4 107981 107982 107983 107984
73323 10235 9813 4 107988 107989 108008 108002
73324 9512 9196 4 107990 107991 108117 108121
73325 9493 9512 4 107990 107992 108081 108118
73326 10820 11078 5 107997 107998 108206 108782 108999
73327 9658 9422 4 108001 107999 108082 108290
73328 10029 9781 4 108011 108010 108020 108019
73329 9548 9376 3 108016 108017 108039
73330 9781 10471 4 108022 108023 108024 108025
73331 8060 9260 6 108034 108035 108053 108050 108049 108048
73332 9260 9425 3 108037 108038 108040
73333 9260 7630 5 108042 108043 108048 108047 108051
73334 9260 9451 4 108044 108045 108051 108046
73335 9260 8329 3 108052 108053 108054
73336 9309 9162 4 108055 108056 108057 108058
73337 9309 9430 3 108060 108061 108062
73338 9503 9309 3 108066 108067 108068
73339 9293 9015 4 108076 108077 108079 108161
73340 9512 9290 3 108084 108085 108092
73341 9512 9246 8 108085 108086 108120 108122 108117 108099 108097 108095
73342 9251 9502 4 108089 108088 108107 108151
73343 9246 9370 3 108095 108096 108098
73344 9237 9512 5 108118 108119 108123 108122 108121
73345 10273 10041 4 108129 108130 108176 108175
73346 10031 10120 4 108131 108128 108171 108192
73347 9118 8875 3 108140 108141 108142
73348 9332 8875 3 108147 108148 108149
73349 9293 9413 6 108161 108162 108164 108183 108172 108166
73350 9293 9332 5 108164 108165 108174 108179 108182
73351 10431 10541 4 108169 108170 108196 108889
73352 9293 9445 4 108180 108181 108183 108182
73353 9293 9438 4 108185 108186 108187 108188
73354 10204 10587 6 108200 108201 158497 158531 158530 158538
73355 10541 10820 4 108205 108206 108783 108633
73356 11076 10576 4 108209 108207 108634 108959
73357 11154 10576 3 108208 108209 108960
73358 10031 9742 3 108210 108211 108212
73359 10283 9963 8 108213 108214 110547 110669 110610 110608 110625 110666
73360 10283 9946 4 108214 108215 110413 110415
73361 9912 10283 6 108213 108215 110423 110601 110665 110667
73362 10480 10420 3 108218 108219 108644
73363 10518 10579 6 108220 108221 109966 109797 109796 110521
73364 10518 10598 5 108221 108222 109667 109587 109585
73365 10559 10518 4 108220 108222 110191 110190
73366 10504 10636 5 108223 108224 110372 110578 148721
73367 10504 10579 4 108224 108225 110424 110373
73368 10702 10504 4 108223 108225 148528 148718
73369 10340 10604 3 108226 108227 108291
73370 10804 10883 4 108233 108234 110606 112482
73371 11019 10804 5 108233 108235 110772 110771 112484
73372 10785 10883 5 108234 108236 111903 108360 108358
73373 9660 9413 3 108240 108241 108242
73374 10632 10776 5 108247 108245 108491 108490 108496
73375 10826 10776 4 108246 108247 108497 108499
73376 9660 9564 3 108249 108250 108251
73377 9660 9599 4 108252 108253 108263 108254
73378 11352 11488 5 108256 108257 110758 111230 123167
73379 11641 11488 4 108257 108258 110996 110759
73380 11641 11352 5 108255 108257 110757 111256 109904
73381 11488 11490 5 108256 108258 110856 110858 111174
73382 9660 9588 4 108260 108261 108262 108263
73383 10280 10102 3 108270 108271 110128
73384 10512 10415 4 108272 108274 108310 108494
73385 9658 9736 6 108282 108283 108284 108288 108289 108290
73386 10710 10970 7 108296 108297 108446 108445 109179 109175 109145
73387 9944 10456 4 108299 108300 108413 108412
73388 10243 10493 3 108304 108302 110697
73389 10324 10493 5 108303 108304 110696 112291 110673
73390 11179 11152 6 108306 108307 144755 112251 112253 158910
73391 11203 11152 4 108307 108308 144441 144752
73392 11152 11100 6 108306 108308 112124 112123 144633 158732
73393 9960 9908 6 108315 108316 108325 108326 108330 108332
73394 10452 10141 3 108317 108318 108414
73395 118 11590 5 108322 108323 122723 122761 122088
73396 11658 11590 6 108324 108322 108772 108570 108571 108853
73397 10970 11220 7 108327 108329 108925 109043 111769 108978 108508
73398 11233 10968 8 108333 108334 108492 108695 108401 108402 108631 108483
73399 10230 10212 3 108339 108340 108341
73400 10850 10635 5 108349 108350 108511 108512 110897
73401 10625 10635 4 108350 108351 111816 111818
73402 10625 10763 3 108351 108348 111837
73403 10625 10850 6 108348 108350 111856 111857 111855 111854
73404 11206 11031 6 108352 108353 111806 111742 111526 108437
73405 11043 11107 7 108354 108355 111412 111413 111416 111869 110125
73406 11043 11206 3 108352 108354 108438
73407 11107 11031 4 108353 108355 111821 111808
73408 10785 10738 6 108359 108360 111296 111298 111656 109985
73409 9976 9917 6 108362 108363 108366 108367 108370 108383
73410 9976 9944 5 108363 108364 108379 108380 108381
73411 9976 10045 4 108365 108366 108381 108368
73412 9976 10202 3 108373 108374 108375
73413 9976 9895 4 108376 108377 108379 108378
73414 9976 9660 3 108382 108383 108384
73415 10468 10427 5 108387 108385 109092 109181 110532
73416 10731 10889 3 108388 108389 110243
73417 10843 10660 3 108390 108391 109142
73418 10843 10889 7 108391 108388 110476 110478 110481 110473 110472
73419 10751 10787 6 108392 108393 109010 109143 108737 108736
73420 11250 11436 6 108394 108395 109090 109211 108637 108636
73421 11250 11154 4 108395 108396 108520 108518
73422 11524 11154 6 108396 108397 108690 108830 108462 108459
73423 11709 11780 3 108405 108406 108997
73424 11709 229 8 108406 108407 111621 124274 124275 111001 111000 109278
73425 11776 11780 5 108408 108405 108998 109247 109300
73426 11776 11709 5 108405 108407 111202 108945 108944
73427 10767 11008 4 108417 108415 108542 108541
73428 11008 11033 3 108423 108421 108790
73429 10631 10832 7 108424 108425 108532 108530 108427 108426 112458
73430 10896 10625 3 108428 108429 110501
73431 10826 10625 7 108431 108428 110502 111855 110784 108500 108497
73432 10826 10896 8 108428 108430 108482 108479 109837 111852 108694 108693
73433 10480 10166 5 108432 108433 110392 110130 109696
73434 10852 11093 3 108434 108435 111883
73435 11266 11031 3 108439 108437 111527
73436 10952 11228 6 108441 108442 148717 149148 148802 148803
73437 10989 10830 6 108447 108448 109446 109445 109901 109991
73438 10989 10973 3 108448 108449 109903
73439 11253 10989 9 108447 108449 109900 109794 109793 109898 110037 109909 109911
73440 10632 10145 4 108452 108453 110710 108454
73441 10381 10632 5 108451 108453 110712 110447 109050
73442 10396 10595 5 108457 108458 110468 110467 110739
73443 10396 10651 5 108455 108457 112287 158833 111154
73444 11005 11154 4 108459 108460 108521 108520
73445 11524 10966 4 108461 108462 108831 109216
73446 1842 1793 7 108463 108464 135701 132163 132164 133077 132139
73447 1531 1793 8 108466 108463 132141 132282 132279 133845 135717 135707
73448 1531 1842 3 108463 108465 132140
73449 1854 1793 3 108464 108466 135702
73450 10767 10776 5 108468 108469 108946 108549 108548
73451 10961 11139 4 108472 108473 108484 108817
73452 11139 10970 4 108472 108474 108934 109074
73453 10939 10896 4 108479 108480 110408 109835
73454 10826 10939 4 108479 108481 109508 109836
73455 11426 11250 6 108486 108487 108636 109048 109055 109057
73456 11285 11426 4 108486 108488 109053 109052
73457 11435 11250 4 108487 108489 109210 108637
73458 10776 10625 5 108496 108497 108498 111826 108501
73459 10855 10625 3 108498 108500 110783
73460 11370 11689 5 108503 108504 112006 112008 112066
73461 11370 11561 4 108504 108502 112193 112235
73462 11107 11025 6 108505 108507 110691 111414 111413 111417
73463 10850 10918 8 108512 108513 111843 111805 108528 108526 111819 111809
73464 10493 10918 5 108513 108514 110760 110761 110917
73465 10493 10850 4 108511 108513 111848 111856
73466 10918 10635 5 108512 108514 111002 111657 111655
73467 10691 11008 3 108515 108516 108805
73468 11005 11012 4 108519 108521 108943 109039
73469 95 219 6 108523 108524 124297 123138 123139 124460
73470 11824 219 5 108525 108523 124479 124513 124310
73471 10850 10929 6 108527 108528 111804 111841 111844 110899
73472 10918 11107 6 108529 108526 111820 111808 111807 111315
73473 11282 11149 3 108536 108537 111760
73474 11149 11481 5 108536 108538 111302 112263 111761
73475 887 1430 5 108544 108545 122913 122914 122735
73476 792 862 4 108554 108555 117986 122868
73477 792 945 5 108555 108553 116487 118328 117984
73478 11381 11008 4 108557 108558 108653 108652
73479 10965 10968 4 108560 108561 108563 108562
73480 174 602 4 108565 108566 113020 111557
73481 11660 469 4 108567 108564 122959 122958
73482 11660 174 5 108564 108566 113021 112914 112915
73483 602 469 5 108565 108567 122957 108583 108581
73484 11799 11777 3 108569 108568 122601
73485 11136 11119 6 108578 108579 111984 111978 111895 111570
73486 10884 11119 5 108580 108578 110853 110855 111800
73487 11093 11119 3 108579 108580 111799
73488 602 949 5 108582 108583 122885 122857 112628
73489 11687 11174 4 108585 108586 108590 108596
73490 11660 11687 5 108584 108586 108591 112914 113027
73491 672 756 7 108588 108589 122540 112986 112987 122955 122613
73492 756 945 5 108587 108589 122538 122530 120878
73493 11340 11687 6 108594 108595 108851 108624 108618 108617
73494 11340 11755 3 108595 108592 108850
73495 11735 11809 5 108600 108601 144962 124426 124427
73496 11571 11735 6 108599 108601 144963 148161 124105 109953
73497 11476 11552 6 108603 108604 108732 108733 109473 109451
73498 11611 11543 6 108605 108602 111259 111042 111043 111179
73499 101 11827 6 108607 108608 123236 121457 121456 122801
73500 11827 76 8 108607 108609 108845 109738 122699 122698 123192 122802
73501 11884 11548 5 108610 108611 121435 109325 109324
73502 11549 11711 6 108622 108623 111595 111597 111286 111285
73503 10412 10966 4 108628 108629 108958 108957
73504 10412 10879 7 108629 108626 108899 108901 109137 109087 109089
73505 10412 11012 4 108626 108628 109201 109099
73506 10966 10879 4 108627 108629 108923 108920
73507 11008 11233 5 108630 108631 108632 108641 108972
73508 11603 11755 5 108639 108638 108654 108697 108699
73509 11085 11135 3 108645 108646 111431
73510 11522 11704 4 108650 108651 111395 111651
73511 11522 11512 7 108651 108649 110880 111736 111366 111365 111393
73512 11522 11481 4 108649 108650 111216 110879
73513 1029 963 5 108657 108658 123022 116498 116127
73514 1191 963 6 108658 108659 117436 117503 124969 123023
73515 963 1389 6 108657 108659 114538 114537 117707 116128
73516 11356 11335 6 108660 108661 111497 111498 111530 108746
73517 11458 11335 6 108662 108660 108748 111444 108686 108685
73518 11307 11335 6 108661 108662 111449 110846 110845 111130
73519 10795 10876 7 108666 108667 110187 109648 109649 110041 149765
73520 10766 10702 4 108668 108665 109605 149284
73521 10876 10702 4 108666 108668 149866 149785
73522 434 184 5 108673 108671 111385 111956 111955
73523 434 169 5 108671 108672 125284 125279 111384
73524 10889 11082 5 108674 108675 110409 110410 110834
73525 10889 11238 5 108675 108676 110480 110483 110439
73526 11298 11238 9 108676 108677 111112 109409 109407 109475 109094 109093 109778
73527 11298 11082 5 108677 108674 110836 111132 111131
73528 11298 10889 4 108674 108676 110479 110835
73529 11704 11751 6 108680 108681 112537 112536 112556 112557
73530 11704 30 3 108681 108679 111022
73531 11704 73 6 108679 108680 112533 112534 112893 111021
73532 10690 10579 4 108682 108683 110258 109966
73533 11445 11335 5 108685 108687 111320 111319 111449
73534 11543 11458 6 108686 108688 111322 111268 109260 109262
73535 10550 10889 5 108691 108692 111845 110953 110567
73536 10550 10826 4 108692 108693 110502 111846
73537 10896 10889 9 108694 108691 110474 110471 110473 110408 110410 110939 111853
73538 10896 10550 5 108691 108693 110501 110020 110019
73539 10826 10889 3 108692 108694 111847
73540 165 11603 7 108697 108698 116496 116495 125164 111514 111515
73541 11776 11603 3 108698 108699 108784
73542 387 281 6 108701 108702 113013 122982 122981 112704
73543 387 730 5 108702 108700 112569 122546 113012
73544 441 795 6 108703 108704 125066 125184 125163 125079
73545 862 782 7 108705 108706 122990 122991 122868 122867 124741
73546 862 795 8 108706 108703 123598 123574 123027 112960 112959 123067
73547 862 441 4 108703 108705 124719 124720
73548 782 795 4 108704 108706 118200 118198
73549 11135 11292 5 108707 108709 111450 111432 111431
73550 11261 10929 5 108708 108710 110940 108932 108933
73551 11552 11709 4 108711 108712 111277 123102
73552 11644 11709 6 108714 108711 123009 109278 108997 108944
73553 11569 11709 5 108712 108714 108945 111201 111278
73554 11640 11386 6 108715 108716 108988 108989 109338 109139
73555 11234 11386 3 108716 108717 109248
73556 48 62 3 108721 108718 123987
73557 489 62 4 108719 108721 123086 123085
73558 11300 11458 5 108722 108723 111294 111295 111325
73559 11632 11351 3 108724 108725 109392
73560 11632 11458 7 108725 108722 110318 110320 110816 111268 111261
73561 11632 11300 6 108722 108724 109391 111459 111472 111326
73562 1414 1697 7 108726 108727 121343 121151 117723 117722 121780
73563 11292 11502 3 108728 108729 111461
73564 11380 11502 5 108729 108730 111128 111129 111466
73565 11296 11552 5 108733 108734 109205 109432 109431
73566 11296 11390 7 108734 108731 109462 109606 109429 109269 109204
73567 11296 11476 4 108731 108733 109474 109461
73568 10787 10830 3 108737 108738 109085
73569 11816 11711 6 108742 108743 112140 111994 111726 110891
73570 11816 11772 4 108743 108744 111934 111935
73571 134 11772 8 108744 108745 109130 112605 111225 111224 125609 118202
73572 11569 11458 4 108747 108748 111327 111291
73573 11569 11335 6 108748 108746 111474 110998 110997 111134
73574 11569 11356 7 108746 108747 111290 111675 110960 110962 111532
73575 11481 11465 5 108750 108751 111303 111302 112439
73576 11481 11751 5 108751 108749 112536 112535 112538
73577 11481 11664 7 108749 108750 112550 112540 112541 112542 112555
73578 226 11695 4 108752 108753 109213 121271
73579 82 11695 6 108753 108754 122793 122274 121293 109214
73580 613 489 5 108758 108756 121287 120925 120927
73581 613 48 6 108756 108757 121478 121439 121261 121258
73582 10820 10691 4 108759 108760 108909 108910
73583 10691 10576 3 108759 108761 108914
73584 361 33 4 108762 108763 123944 123051
73585 361 11872 6 108763 108764 109449 123101 123293 123947
73586 11870 33 5 108765 108762 123052 123674 109452
73587 11596 80 3 108766 108768 122961
73588 1509 1399 4 108770 108771 122598 122597
73589 1509 1190 5 108771 108769 122325 121102 121101
73590 1509 1430 5 108769 108770 121304 121303 122324
73591 11620 469 4 108775 108773 118298 118300
73592 11550 469 4 108774 108775 122947 122959
73593 10714 10986 5 108778 108779 109081 109082 109646
73594 10714 11108 4 108779 108780 110199 110168
73595 10919 10986 3 108781 108778 109647
73596 11108 10986 8 108779 108781 109524 109523 110011 110054 110032 110033
73597 1336 1696 6 108786 108787 122609 122610 122739 122863
73598 1631 1532 4 108788 108785 122577 122575
73599 1631 1336 6 108785 108787 122726 116975 116977 122866
73600 1696 1532 4 108786 108788 122576 122630
73601 632 745 7 108791 108792 109751 121516 129309 129085 124030
73602 632 878 4 108792 108793 123096 109752
73603 597 745 5 108794 108791 124029 109310 109312
73604 597 632 6 108791 108793 123095 123450 123832 124031
73605 10585 10731 6 108795 108797 109034 109032 110486 110305
73606 11750 11597 7 108798 108799 109686 109441 109219 109218 149729
73607 11750 11792 4 108799 108800 123896 109769
73608 11773 11750 8 108798 108800 121037 121038 123986 149705 149706 149730
73609 11524 11780 5 108801 108802 123231 109223 109222
73610 10881 10456 3 108803 108804 109018
73611 10970 11147 7 108806 108807 108934 109075 109145 108962 108963
73612 11275 11102 4 108808 108809 108947 109044
73613 11275 10970 8 108806 108808 109043 111741 108974 108864 108863 108965
73614 1544 1241 8 108812 108811 122463 122285 122284 113236 113235 118550
73615 334 655 9 108814 108815 122813 122814 109712 109711 121133 122716 122702
73616 580 407 5 108816 108813 122093 121392 121394
73617 580 334 3 108813 108815 122092
73618 655 407 3 108814 108816 122703
73619 10518 10480 5 108820 108821 110299 109817 109818
73620 10518 10403 7 108821 108822 109663 109665 110583 110186 110185
73621 10331 10518 6 108820 108822 110579 110521 110190 109967
73622 10403 10480 4 108821 108823 110498 110403
73623 1696 1352 4 108825 108826 118502 122574
73624 1696 1723 5 108826 108824 118654 118496 118495
73625 1696 1430 5 108824 108825 122573 122739 122840
73626 11234 11154 4 108827 108829 108830 108908
73627 118 11799 5 108834 108835 122822 122811 122734
73628 11857 118 8 108833 108835 122823 108859 108860 108872 122826 122820
73629 1301 1340 4 108837 108838 122875 122725
73630 1301 1352 6 108838 108839 122861 118030 118028 118295
73631 1631 1301 6 108837 108839 122860 122907 116976 116975
73632 460 813 6 108841 108842 121193 123370 121497 121496
73633 798 813 6 108842 108843 120742 120745 121020 121194
73634 798 489 6 108843 108840 122746 121441 120927 120924
73635 798 460 4 108840 108842 121192 122745
73636 11827 11814 3 108845 108846 109739
73637 11814 11879 6 108844 108846 123230 123225 122796 122795
73638 11799 11340 4 108850 108851 108858 108871
73639 450 522 5 108855 108856 117726 123185 117647
73640 522 684 6 108855 108857 123636 123901 123721 117648
73641 11857 11494 3 108861 108859 108897
73642 11275 10881 3 108863 108865 108966
73643 782 730 7 108867 108868 122545 122546 122988 123041 111624
73644 575 782 3 108866 108868 122939
73645 11695 118 5 108869 108870 122088 113055 113054
73646 949 258 3 108876 108877 122858
73647 64 991 6 108879 108880 122407 122706 122208 118691
73648 82 144 6 108881 108882 109287 109285 122155 122157
73649 82 991 3 108882 108879 118692
73650 144 991 5 108880 108882 122682 122681 122409
73651 1042 1080 6 108883 108884 129293 129294 134347 134349
73652 1042 1038 5 108884 108885 130077 134890 135234
73653 859 1038 6 108885 108886 133457 121299 121298 123777
73654 859 1080 8 108886 108883 135114 134803 134802 134941 134940 134832
73655 11754 11814 6 108887 108888 116720 118703 109308 109306
73656 949 1523 8 108895 108896 122933 122934 122937 122938 122941 122932
73657 961 949 10 108894 108896 122931 122859 122858 122884 122943 118311 118310 118277
73658 10424 10879 4 108901 108898 109073 109157
73659 10424 10710 3 108898 108900 109072
73660 11047 11282 8 108902 108903 111760 111541 111542 111572 111777 111231
73661 11296 11037 6 108904 108905 108942 108984 108982 109997
73662 10820 10416 3 108910 108911 108913
73663 10782 10751 4 108915 108916 109924 110132
73664 10751 10989 5 108915 108917 109445 109902 110141
73665 11005 10879 8 108920 108921 109087 109135 109525 109526 109038 109039
73666 10650 10879 3 108921 108923 109089
73667 11220 11102 7 108924 108925 109044 111494 111330 111329 111529
73668 11323 11296 5 108928 108927 109054 109118 109432
73669 11107 11307 4 108930 108931 109025 111077
73670 719 887 4 108936 108937 123373 123296
73671 719 1190 5 108937 108938 123499 123432 123427
73672 890 1190 3 108938 108939 121094
73673 890 719 6 108936 108938 123492 123372 123209 123210
73674 10576 10650 3 108954 108955 108956
73675 10966 10576 7 108953 108955 108957 109159 109000 108960 108959
73676 11033 11340 4 108967 108968 108969 108970
73677 10970 11233 4 108972 108973 111740 108974
73678 11844 11667 5 108976 108977 109691 109690 123275
73679 11667 11562 8 108975 108977 109499 109442 109444 109889 109581 109580
73680 11220 10858 3 108978 108979 111337
73681 11238 10939 3 108980 108981 110439
73682 11296 11250 8 108982 108983 109057 109056 109097 109098 109680 110001
73683 11343 11356 9 108985 108986 110961 110960 111674 125127 110959 110958 111525
73684 10966 11386 5 108990 108988 109248 109216 109215
73685 11253 11386 5 108989 108990 109220 109909 109339
73686 11206 11251 5 108994 108995 111158 110909 110910
73687 11206 11122 4 108995 108996 111526 111159
73688 11780 11644 5 108997 108998 109246 109352 109279
73689 11124 11254 4 109002 109003 109225 109753
73690 11070 11124 7 109001 109003 109224 110058 110057 110030 109764
73691 11391 11530 6 109004 109005 128837 148740 109192 109190
73692 11391 11597 5 109005 109006 109730 109731 128836
73693 11758 11597 5 109006 109007 109219 109440 109727
73694 11758 11391 3 109004 109006 109202
73695 11597 11530 4 109005 109007 109218 128838
73696 10986 10750 6 109008 109009 110135 109084 109082 109992
73697 10986 10751 6 109009 109010 109859 109860 109902 110134
73698 10787 10986 4 109008 109010 109886 109929
73699 11037 11147 4 109013 109014 109075 109076
73700 11037 10710 5 109014 109011 109016 109176 109175
73701 11147 10710 4 109012 109014 109145 109080
73702 11705 11417 3 109023 109024 109153
73703 11082 11307 5 109025 109026 111132 111130 111528
73704 11107 11356 4 109027 109028 111077 109119
73705 10731 10710 3 109030 109031 110436
73706 10970 10516 3 109035 109036 109037
73707 10351 10200 4 109041 109042 147045 148519
73708 10606 10632 5 109049 109050 110446 109061 109059
73709 11069 11235 6 109063 109064 145125 144864 144865 110240
73710 11069 11026 8 109064 109065 145134 109987 109988 126645 110786 110787
73711 11212 11026 8 109065 109066 145204 111240 111238 148822 148793 145135
73712 11212 11235 5 109066 109063 110242 144903 144901
73713 11026 11235 4 109064 109066 145202 145126
73714 11464 11681 3 109067 109068 124091
73715 11488 11551 3 109069 109070 111177
73716 11488 11681 5 109070 109067 124093 111204 111176
73717 10420 10710 5 109071 109072 109146 109174 109180
73718 11037 10970 4 109074 109075 109175 109077
73719 11436 11012 3 109078 109079 109090
73720 10971 10750 3 109083 109084 109989
73721 10971 10986 5 109084 109081 110033 110031 110148
73722 10971 10714 7 109081 109083 109644 109643 109878 109877 110168
73723 11005 10412 3 109087 109088 109136
73724 10420 10427 5 109092 109091 110533 109183 109180
73725 11296 11386 3 109098 109095 109655
73726 11296 11498 5 109095 109097 109430 109429 109654
73727 11250 11386 5 109096 109098 109679 109640 109147
73728 11204 11260 6 109100 109101 110308 109874 109876 109926
73729 10982 11000 6 109102 109103 110049 110047 110362 110361
73730 10982 11260 5 109103 109100 109928 109981 110271
73731 10750 10401 4 109106 109104 110515 110499
73732 10388 10579 6 109108 109109 148362 110590 110580 109796
73733 10458 10579 5 109109 109110 110373 110425 148363
73734 10458 10636 4 109110 109107 110153 110372
73735 13 11789 5 109112 109113 111948 111949 125207
73736 13 73 5 109113 109111 123019 112894 112534
73737 13 387 4 109111 109112 125208 125151
73738 199 491 4 109115 109116 125549 125539
73739 303 491 4 109116 109117 124727 124729
73740 303 478 4 109117 109114 125509 125598
73741 303 199 8 109114 109116 110916 110913 111717 111388 111387 112089
73742 491 478 10 109115 109117 125577 114701 114703 114831 114829 125481 125723 125541
73743 10763 10735 8 109121 109122 111707 111705 111877 110617 110615 111789
73744 10735 10728 4 109121 109123 111785 111784
73745 10635 10265 4 109124 109125 111505 111544
73746 10826 11082 6 109126 109127 111851 109837 109836 110279
73747 11772 11845 3 109128 109130 124403
73748 11191 11221 5 109133 109134 144764 112217 112218
73749 11221 11248 7 109132 109134 112023 112025 144716 144706 144705
73750 10412 10787 4 109136 109137 109148 109138
73751 10420 10787 3 109140 109141 109156
73752 11005 10751 3 109143 109144 109859
73753 889 1049 5 109149 109150 109305 109304 114596
73754 889 862 5 109150 109151 118115 123067 122990
73755 1029 862 8 109151 109152 121120 122518 116499 116498 112960 112961
73756 1029 889 3 109149 109151 114597
73757 862 1049 5 109150 109152 117985 117986 122991
73758 11012 10576 4 109158 109159 109201 109164
73759 10403 10388 6 109160 109161 110581 109663 109664 110584
73760 11776 11599 4 109166 109167 109369 109247
73761 11780 11754 4 109168 109169 109306 109342
73762 11780 11755 7 109169 109170 109344 109300 109301 117855 109307
73763 11435 11780 4 109168 109170 109343 109341
73764 11390 11498 5 109172 109173 109545 109656 109429
73765 11870 11390 4 109171 109173 109428 109414
73766 10879 10427 4 109182 109183 110488 110487
73767 11833 11434 4 109186 109187 129006 148853
73768 11413 11434 5 109187 109188 149329 148896 129008
73769 11413 11483 7 109188 109185 130273 149677 149538 110826 110825
73770 11413 11833 6 109185 109187 129007 149445 130294 130272
73771 11434 11483 6 109186 109188 148974 148976 149005 148854
73772 11254 11391 5 109192 109189 109753 109754 148741
73773 11254 11366 6 109189 109191 109207 109206 109226 109225
73774 518 684 6 109193 109194 123721 124163 124165 123637
73775 693 609 4 109195 109196 121654 121656
73776 693 684 5 109196 109193 121023 121022 123789
73777 693 518 6 109193 109195 124117 124168 121245 121244
73778 609 684 7 109194 109196 123665 113186 113185 117646 117648
73779 11814 11780 9 109197 109198 113007 109307 109306 109221 109223 123230 109739
73780 11108 11459 5 109199 109200 109709 109707 110276
73781 11484 11390 3 109203 109204 109270
73782 11250 11147 4 109208 109209 109210 109211
73783 11530 11750 5 109217 109218 149731 149706 149704
73784 11780 11436 5 109221 109222 109374 109341 109342
73785 11070 11366 5 109224 109226 109232 109685 109705
73786 10886 11135 4 109231 109229 110323 110324
73787 11040 11135 5 109230 109231 110837 112110 110795
73788 11429 11626 3 109233 109234 109578
73789 11608 11538 3 109235 109236 109688
73790 11608 11626 7 109236 109233 109488 109487 114473 109595 109592
73791 11218 11052 6 109240 109237 145308 149827 110163 110081
73792 11459 11538 3 109241 109242 109659
73793 135 230 8 109243 109244 112619 125211 125074 125073 112687 111700
73794 11845 135 3 109243 109245 111701
73795 11667 11253 3 109251 109252 109442
73796 10911 11070 4 109254 109255 110029 109764
73797 10868 10911 5 109253 109255 109893 109892 110070
73798 350 492 7 109256 109257 121426 121427 109750 109748 121354
73799 350 499 3 109257 109258 123200
73800 18 492 5 109259 109256 121355 121289 121288
73801 11458 11802 4 109260 109261 110815 110816
73802 11458 11676 5 109261 109262 111444 111327 111323
73803 11543 11802 4 109263 109260 111161 109424
73804 1336 1190 6 109271 109272 122893 122325 122323 122896
73805 961 1336 4 109271 109273 118277 122889
73806 132 450 4 109274 109275 116177 116178
73807 78 401 4 109276 109277 124161 123318
73808 78 450 7 109277 109274 123239 123928 123933 123641 123638
73809 48 11205 5 109283 109284 121407 114119 109742
73810 805 144 3 109286 109287 122682
73811 1174 1167 5 109288 109289 121589 121617 121579
73812 1174 947 4 109289 109290 121620 121588
73813 1220 947 6 109290 109291 121480 121532 121576 121582
73814 1220 1167 5 109291 109288 121580 121482 121479
73815 1220 1174 5 109288 109290 120588 120587 120770
73816 947 1167 6 109289 109291 117238 117237 121540 121590
73817 11166 10892 5 109293 109294 109828 109829 150090
73818 10892 11211 5 109292 109294 150130 150220 149561
73819 257 679 4 109297 109298 109362 109365
73820 733 325 4 109299 109296 123108 123205
73821 679 325 5 109297 109299 123206 123374 123326
73822 874 782 5 109302 109303 111027 111028 117905
73823 874 889 5 109303 109304 124618 125043 111122
73824 1049 782 6 109305 109302 123040 111624 111623 122991
73825 1049 874 6 109302 109304 124459 109468 109467 124359
73826 889 782 5 109303 109305 122990 118200 111123
73827 11755 11814 3 109307 109308 117856
73828 324 745 3 109309 109310 121487
73829 324 597 5 109310 109311 123978 123980 124028
73830 634 324 8 109309 109311 121026 121027 109760 109759 123290 121488
73831 546 609 5 109316 109317 119556 123012 123387
73832 798 613 6 109319 109320 119586 119584 120926 120927
73833 798 651 5 109320 109318 121270 121269 121262
73834 798 492 5 109318 109319 121441 121427 121408
73835 11658 18 6 109321 109322 109555 109557 121372 123331
73836 18 11884 7 109323 109324 109555 109556 120891 121289 121417
73837 11818 11884 4 109325 109323 121419 121436
73838 516 665 6 109327 109328 125063 113018 113019 118093
73839 674 657 5 109329 109326 122996 122998 124756
73840 665 657 5 109327 109329 124757 125138 123568
73841 719 677 9 109330 109331 123430 123491 123496 123258 123222 123223 123299
73842 719 655 5 109331 109332 123373 123427 123431
73843 456 655 7 109332 109333 123287 122814 122812 122425 122423
73844 456 677 4 109333 109330 123300 123304
73845 655 677 5 109331 109333 109710 109711 121132
73846 11777 11879 5 109336 109334 122794 122796 118276
73847 11253 11562 7 109337 109339 110037 109894 109443 109442 109500
73848 11599 11755 3 109344 109345 109369
73849 1041 895 7 109348 109349 122919 122910 118237 110333 110331
73850 1352 895 4 109349 109350 118314 118312
73851 895 1240 4 109348 109350 121116 122639
73852 11827 11640 5 109354 109355 121457 109582 109356
73853 11872 11640 4 109357 109356 109584 124053
73854 248 406 5 109359 109360 111018 111016 124491
73855 173 406 6 109360 109361 123026 123088 109395 109397
73856 173 332 5 109361 109358 124364 123537 123024
73857 406 332 5 109359 109361 123025 110418 110417
73858 677 257 6 109362 109363 123299 123300 122578 122579
73859 677 355 3 109363 109364 123223
73860 679 355 7 109364 109365 123326 116712 116711 123204 123224
73861 355 257 8 109363 109365 123285 122713 122712 123238 123237 123426
73862 294 78 3 109368 109366 123928
73863 11599 11436 3 109372 109373 109374
73864 11351 11641 5 109376 109377 111256 111451 111457
73865 11428 11641 8 109377 109378 109389 110283 110282 110995 110759 110757
73866 11428 11445 3 109378 109375 109387
73867 11641 11445 4 109376 109378 109388 111260
73868 11300 11307 5 109379 109380 111464 111293 111294
73869 11300 11081 4 109380 109381 111332 111463
73870 11081 11307 3 109380 109382 111439
73871 11445 11345 4 109384 109385 111452 111318
73872 11445 11611 6 109385 109386 111259 111257 111260 111456
73873 11428 11614 4 109389 109387 109629 111200
73874 11641 11614 6 109388 109389 111095 111056 111058 111192
73875 11300 11614 4 109390 109391 111460 111471
73876 105 173 7 109395 109396 110999 123078 123093 123091 123087
73877 229 173 4 109396 109397 124099 111001
73878 11611 11870 8 109398 109399 109456 111199 109491 109447 109426 109414
73879 11710 11870 9 109403 109404 123092 123675 109452 109454 109546 109428 109426
73880 11812 11870 4 109404 109405 109491 111198
73881 11812 11729 7 109405 109402 124129 124212 111191 111190 109490
73882 11812 11710 4 109402 109404 113037 113036
73883 11870 11729 3 109403 109405 109447
73884 11552 11238 4 109407 109408 109431 109473
73885 11323 11298 3 109409 109406 111113
73886 10946 10714 4 109411 109412 110199 109877
73887 10919 10715 3 109413 109410 110178
73888 11629 11574 3 109415 109416 109823
73889 11760 11574 8 109416 109417 109792 134493 134483 134481 149905 109824
73890 11773 11477 5 109420 109418 148818 149730 123119
73891 11641 11491 4 109421 109422 109433 109540
73892 11614 11676 3 109425 109423 110268
73893 11710 11390 4 109427 109428 109545 109612
73894 11712 11746 4 109437 109435 144910 145043
73895 14 11746 7 109436 109437 145049 109477 109479 145002 144965
73896 11753 11848 9 109439 109438 111223 111218 110867 110866 112168 123548 117504
73897 11562 11417 3 109443 109444 109891
73898 76 11872 4 109449 109450 122698 123099
73899 11870 76 4 109448 109450 122699 122799
73900 33 11710 5 109452 109453 109740 124080 123673
73901 11872 11710 4 109453 109454 109568 109741
73902 11644 11611 3 109455 109456 111336
73903 825 1052 6 109458 109459 120984 120527 120529 119491
73904 825 1304 7 109459 109457 121002 123796 123812 120987 120983
73905 11298 11390 5 109462 109460 111317 111455 109607
73906 11260 11345 6 109463 109464 110250 110249 110307 110101
73907 11260 11459 6 109464 109465 109965 109963 110275 110276
73908 1334 1005 5 109469 109466 114385 125045 124882
73909 1334 874 4 109466 109468 124136 114384
73910 1049 1005 3 109467 109469 124360
73911 11173 10852 7 109470 109471 112453 112551 112228 111884 111883
73912 11476 11238 3 109473 109474 109475
73913 11795 11746 5 109476 109477 145050 145052 145092
73914 11795 14 7 109477 109478 126692 144999 145000 145097 145128
73915 9683 9583 4 109480 109481 153553 153558
73916 9683 9528 4 109481 109482 153131 153554
73917 9692 9583 4 109483 109480 153218 153219
73918 9692 9683 6 109480 109482 153132 151857 151859 153100
73919 11597 11429 4 109486 109484 124039 109795
73920 11597 11207 4 109484 109485 109887 124038
73921 11626 11459 6 109488 109489 109732 109917 109659 109578
73922 10307 10164 4 109495 109496 110670 110716
73923 11889 11733 5 109498 109497 125662 125734 125659
73924 11562 11705 4 109499 109500 109619 109620
73925 11532 11701 3 109503 109501 144504
73926 11606 11701 8 109502 109503 144505 144785 125769 125768 125895 125896
73927 109 351 5 109504 109505 111023 123984 111031
73928 109 116 9 109505 109506 123736 124130 124194 124211 124217 123656 111024
73929 343 116 5 109506 109507 123973 148964 123737
73930 343 351 7 109507 109504 110886 110885 124205 124204 123972
73931 343 109 4 109504 109506 121452 111030
73932 116 351 4 109505 109507 123971 111025
73933 11031 10744 4 109510 109511 111653 111906
73934 10867 10744 5 109511 109512 111420 111706 111654
73935 10867 11043 6 109512 109509 111412 111411 111876 111418
73936 10867 11031 5 109509 109511 110888 110887 111821
73937 11187 11428 4 109514 109515 110925 110330
73938 11187 11153 4 109513 109514 110329 110970
73939 108 358 5 109517 109518 126779 125849 125851
73940 690 857 4 109519 109520 123660 128295
73941 690 764 5 109520 109521 128489 128326 123661
73942 688 764 6 109521 109522 127715 128439 128440 128490
73943 688 857 6 109522 109519 128297 128467 124750 124749
73944 688 690 5 109519 109521 128485 128476 128296
73945 10986 10879 6 109524 109525 109929 109992 109646 109647
73946 11005 11108 4 109526 109523 109639 109641
73947 11005 10986 7 109523 109525 109886 109859 109858 109990 110012
73948 10879 11108 5 109524 109526 110002 109994 109993
73949 11000 11081 3 109527 109528 110686
73950 11873 54 6 109532 109533 124402 112146 112147 117505
73951 11873 11889 5 109533 109530 125662 125735 125870
73952 54 11889 4 109531 109533 125884 125885
73953 11805 11882 6 109534 109535 148940 148858 128830 128831
73954 15 11882 4 109536 109534 128835 126625
73955 11781 11882 6 109535 109536 126624 129251 149593 149594
73956 11668 11774 7 109537 109538 124793 128744 124680 124681 144862
73957 11491 11490 7 109540 109541 110209 110255 149020 145144 109603
73958 11860 11826 4 109543 109544 110315 110316
73959 11860 147 6 109544 109542 109552 109554 124379 124377
73960 10943 10868 4 109547 109548 109862 109783
73961 10417 10339 5 109550 109551 110381 110382 148259
73962 147 219 6 109552 109553 124235 111551 111552 124297
73963 147 97 5 109553 109554 124378 124229 124230
73964 786 384 5 109558 109559 119558 119559 129252
73965 653 607 3 109560 109561 129025
73966 653 786 8 109558 109560 129064 129155 129316 129311 129310 129264
73967 11507 11277 9 109563 109564 149761 149762 150054 151425 151476 149678 109834
73968 158 179 4 109565 109567 122742 121988
73969 11039 11150 5 109573 109571 125681 125682 126528
73970 11039 11010 8 109571 109572 148242 149814 149831 149849 123642 123643
73971 10862 11104 4 109574 109575 110195 110269
73972 10862 10876 5 109575 109576 109648 110192 110196
73973 11080 10876 6 109576 109577 110613 110614 110042 109649
73974 11080 11104 5 109577 109574 110165 110167 148346
73975 10876 11104 5 109575 109577 148345 110117 110118
73976 11538 11562 4 109579 109581 109725 109724
73977 120 11827 4 109582 109583 109776 121456
73978 10518 10690 6 109585 109586 110119 110186 110496 109966
73979 10518 10591 5 109586 109587 109666 109817 110120
73980 10598 10591 6 109587 109588 110107 110133 110027 109668
73981 10591 10690 5 109586 109588 110106 109645 109642
73982 457 301 7 109589 109590 129525 128776 128778 130527 127725
73983 448 301 4 109590 109591 128823 128829
73984 11608 11597 6 109592 109594 129040 129039 109795 109688
73985 11792 11626 5 109593 109595 114472 123898 109769
73986 11453 11170 3 109596 109597 149449
73987 11086 11455 3 109598 109599 149547
73988 11086 11453 4 109596 109598 149546 149451
73989 11010 11171 4 109600 109601 110083 123643
73990 11210 11171 6 109601 109602 148830 148829 148806 110085
73991 11171 11150 5 109600 109602 110252 110251 125681
73992 11457 11304 10 109608 109609 149591 149590 149749 149845 149234 111166 111167 148899
73993 11457 11429 4 109609 109610 110099 148955
73994 11491 11457 6 109608 109610 110100 124182 124181 145106
73995 11429 11304 6 109609 109611 110223 110274 148916 149521
73996 1174 1346 5 109615 109616 121648 120586 120587
73997 1483 1206 3 109617 109618 121021
73998 1483 1346 6 109618 109615 120771 120855 120854 120975
73999 1483 1174 6 109615 109617 121644 121618 121579 120770
74000 1206 1346 7 109616 109618 120446 109806 109805 118393 121649
74001 11180 11439 6 109621 109622 149218 149071 149072 149528
74002 11180 11259 5 109622 109623 149812 149772 149773
74003 11374 11259 4 109623 109624 149554 149555
74004 11374 11439 5 109624 109621 149530 149529 149569
74005 11259 11439 4 109622 109624 148868 148867
74006 11318 11163 4 109625 109626 144959 144974
74007 11318 11349 5 109626 109627 111073 126356 144960
74008 11199 11349 7 109627 109628 110443 110442 145750 144501 111074
74009 11199 11163 5 109628 109625 144975 145281 145231
74010 11691 11537 4 109631 109632 110903 110906
74011 11753 11537 5 109632 109633 111219 111221 111292
74012 11753 11632 3 109633 109630 110920
74013 10726 10716 5 109634 109635 110356 110357 148723
74014 10726 10799 5 109635 109636 148748 110622 110623
74015 10672 10716 5 109637 109634 148725 110582 110577
74016 11108 11386 7 109639 109640 109708 109709 109923 110055 110011
74017 11108 11250 6 109640 109641 110002 110014 110001 109798
74018 10591 10971 6 109644 109645 110127 110140 110148 109989
74019 10971 10690 4 109643 109645 110126 110181
74020 11345 11498 5 109650 109651 109654 109656 109657
74021 11345 11386 5 109651 109652 109708 109679 109655
74022 11459 11498 4 109653 109650 109658 109721
74023 9783 9937 4 109660 109662 151588 149854
74024 10403 10497 5 109664 109665 110538 110506 110507
74025 10518 10469 5 109666 109667 110191 109967 109818
74026 10598 10469 3 109667 109668 110028
74027 9965 10283 3 109671 109669 110239
74028 10233 10283 9 109670 109671 110672 110663 110603 110602 110698 110624 110568
74029 10533 10352 4 109672 109673 110352 110353
74030 10533 10504 5 109673 109674 148721 148718 148692
74031 10497 10504 4 109674 109675 110034 110578
74032 10504 10352 4 109673 109675 109884 109883
74033 10843 10919 3 109677 109678 110476
74034 11250 11345 3 109679 109680 109798
74035 412 180 5 109681 109682 134489 134132 134133
74036 412 430 8 109682 109683 134376 134374 134121 134122 134429 134490
74037 86 430 3 109683 109684 134128
74038 86 412 7 109681 109683 134468 134492 134480 134316 134317
74039 430 180 4 109682 109684 134067 134066
74040 11626 11750 4 109686 109687 123897 109769
74041 11834 11844 5 109689 109690 109719 109720 123392
74042 1541 1949 8 109693 109694 120573 120571 121687 135410 121039 121040
74043 2033 1722 9 109695 109692 119929 121755 121765 121764 120435 120436 121791
74044 2033 1541 3 109692 109694 119928
74045 1949 1722 3 109693 109695 121539
74046 10166 10361 6 109696 109697 110018 110017 110111 110129
74047 10838 10862 6 109701 109698 110192 110206 110205 110204
74048 10838 10795 3 109698 109700 110187
74049 10766 10862 3 109699 109701 109899
74050 11530 11477 8 109703 109704 123119 149731 128838 128837 150050 150164
74051 11120 11366 3 109705 109706 110062
74052 655 276 3 109712 109710 123287
74053 836 797 5 109715 109716 123168 123126 123125
74054 836 925 5 109716 109713 123834 123535 123188
74055 836 518 5 109713 109715 124175 124164 124163
74056 11844 62 3 109718 109720 123393
74057 11562 11372 7 109725 109722 109800 110039 109894 109891 109889
74058 11538 11372 5 109723 109725 109890 109888 109755
74059 11366 11597 4 109727 109728 109729 109730
74060 11597 11372 7 109729 109731 149315 149314 109887 109888 109821
74061 456 334 3 109735 109736 122814
74062 11601 48 5 109742 109743 121439 121476 114118
74063 1604 1541 5 109744 109745 120069 120070 118791
74064 1576 11902 5 109746 109747 120495 120496 119163
74065 1576 1541 7 109747 109744 118793 120791 121162 121174 121039
74066 11902 1541 4 109745 109747 121040 121538
74067 102 492 3 109748 109749 121223
74068 632 742 4 109751 109752 123294 121517
74069 89 16 7 109757 109758 128906 121339 121337 128974 124004
74070 614 489 8 109761 109762 121147 121198 121196 121607 121447 121025
74071 614 634 8 109762 109759 123227 121557 121555 121578 121032 121031
74072 489 634 3 109760 109762 121146
74073 351 410 6 109765 109766 123725 123984 124167 124288
74074 752 518 7 109767 109768 111041 112164 124116 121243 121245
74075 995 653 4 109770 109771 129017 129316
74076 995 772 4 109771 109772 135155 129018
74077 911 653 4 109773 109770 129311 129015
74078 911 995 5 109770 109772 134830 129318 129317
74079 772 653 6 109771 109773 128948 128947 134157 129019
74080 710 323 6 109774 109775 128394 128395 128771 128839
74081 11464 11339 4 109781 109779 117534 117535
74082 11464 11249 4 109779 109780 145180 145150
74083 10943 10782 4 109782 109783 109861 109896
74084 2000 1937 7 109785 109786 120051 120052 129304 129303 136270
74085 2119 1937 5 109786 109787 120017 120020 120676
74086 2119 2057 6 109787 109784 134922 134921 119337 119336
74087 2119 2000 4 109784 109786 120675 136284
74088 1937 2057 3 109785 109787 136271
74089 9703 9555 6 109789 109790 112268 111909 111910 152245
74090 9436 9703 4 109788 109790 158394 158386
74091 11760 11840 4 109792 109791 119351 134494
74092 11386 11372 3 109800 109799 110036
74093 1109 1201 8 109801 109802 131520 132263 134758 131587 131588 131597
74094 1109 1370 3 109802 109803 131521
74095 1148 1370 6 109803 109804 131463 127692 127694 131536
74096 1148 1201 4 109804 109801 131576 131462
74097 1370 1201 6 109802 109804 130039 130040 131273 131368
74098 1346 1559 6 109806 109807 121079 120961 120890 120447
74099 1308 1346 6 109805 109807 121078 121060 112786 112787
74100 1559 1206 4 109806 109808 120885 120448
74101 11771 75 4 109810 109811 109945 128804
74102 11771 11867 5 109811 109809 148959 128820 109943
74103 11771 11832 6 109809 109810 148935 128954 128951 129034
74104 10757 10940 6 109814 109815 148927 150119 150086 150034
74105 10757 11006 6 109815 109812 109848 109847 150143 148925
74106 10940 11006 4 109813 109815 148926 149926
74107 11760 11475 7 109822 109824 129023 129022 149658 149674 148913
74108 11166 11277 7 109825 109826 149746 149710 128908 128907 150090
74109 10949 11277 5 109827 109825 109948 109946 151532
74110 10899 11277 4 109826 109827 151523 149784
74111 10502 10334 6 109830 109831 154402 153707 153706 154378
74112 10583 10334 5 109832 109830 152337 152336 152866
74113 10475 10334 4 109831 109832 152210 152209
74114 11271 11277 5 109833 109834 128924 128925 128907
74115 10765 10949 4 109838 109839 109946 151531
74116 10949 10470 5 109838 109840 149932 149934 151529
74117 11098 11530 4 109841 109842 149735 149747
74118 11202 11096 9 109843 109844 121781 121782 134709 150214 150395 149652 149653
74119 11071 11096 3 109844 109846 150142
74120 10949 10757 5 109849 109847 149933 149932 150085
74121 11466 11318 6 109850 109851 145192 145193 145181 144838
74122 11466 11315 5 109851 109852 145152 147069 145195
74123 11175 11315 6 109852 109853 148995 148716 145095 145096
74124 11175 11318 7 109853 109850 144839 144996 144974 144973 149076
74125 11315 11318 5 109851 109853 148796 110420 110422
74126 11673 11739 6 109854 109855 146237 149040 145015 128783
74127 11673 11794 4 109855 109856 146468 146238
74128 11622 11794 5 109856 109857 145013 149307 146481
74129 11622 11739 4 109857 109854 128785 145011
74130 11622 11673 6 109854 109856 130415 130416 149036 128784
74131 11794 11739 7 109855 109857 145012 149031 145090 145089 146239
74132 10830 10986 3 109858 109860 109901
74133 10868 10916 4 109862 109863 109893 110053
74134 34 497 5 109865 109866 130288 134637 134638
74135 34 143 5 109866 109864 130231 130232 130287
74136 34 11841 7 109864 109865 150185 150184 150297 134284 134286
74137 833 1149 4 109867 109869 138454 131278
74138 11595 11453 4 109871 109872 148937 148906
74139 11483 11453 4 109872 109873 148975 148976
74140 11453 11439 8 109871 109873 148866 148868 149569 149568 149615 148907
74141 11321 11204 5 109875 109876 110302 110634 110633
74142 10898 10819 6 109879 109880 144595 144593 145861 145426
74143 10671 10898 4 109879 109881 144118 144119
74144 10352 10534 8 109882 109883 110352 110355 110484 110588 110589 129036
74145 10458 10504 5 109884 109885 110373 110372 110034
74146 10458 10534 3 109885 109882 110425
74147 10504 10534 5 109883 109885 110424 148528 148692
74148 11372 11253 3 109894 109895 109898
74149 10989 10986 8 109901 109902 110142 110050 110052 110054 110013 109990
74150 10508 10589 3 109907 109908 131205
74151 10508 10487 7 109908 109906 146442 125894 125893 150743 131204
74152 10989 11386 7 109909 109910 110013 110055 110035 110036 110038
74153 10989 11005 4 109910 109911 109991 109990
74154 10971 11108 7 109912 109913 110015 110033 110168 110200 110208
74155 10971 11207 3 109913 109914 110000
74156 11104 11108 3 109915 109912 110194
74157 11279 11626 3 109917 109918 109919
74158 11457 11692 5 109921 109922 149102 148924 124182
74159 11457 11771 4 109922 109920 148944 148943
74160 10782 10559 6 109924 109925 110061 110072 110090 110131
74161 11007 11260 5 109928 109926 110303 109974 109976
74162 11007 11204 4 109926 109927 148753 110302
74163 11735 108 3 109930 109931 124427
74164 108 11876 6 109930 109932 109956 109955 148980 124428
74165 11876 356 4 109934 109935 148972 148973
74166 323 11855 3 109936 109933 144770
74167 356 11855 5 109934 109936 125515 125514 144860
74168 716 171 5 109938 109939 134344 134343 134767
74169 716 584 6 109939 109937 132252 134277 134495 134581
74170 716 415 6 109937 109938 134275 133934 133933 132251
74171 847 758 7 109940 109941 125923 125926 127781 127779 139059
74172 839 758 5 109942 109940 139060 128751 128752
74173 592 758 6 109941 109942 128772 129130 129131 130422
74174 75 11805 6 109944 109945 128805 128830 128832 148912
74175 10765 11277 6 109946 109947 128924 149678 151478 151533
74176 10892 11277 4 109947 109948 150090 128925
74177 11876 11809 4 109949 109950 124428 124426
74178 11876 113 4 109950 109951 123683 148980
74179 25 11809 6 109952 109949 144962 128867 128864 130507
74180 25 11876 5 109949 109951 123684 110851 110848
74181 11876 317 4 109957 109958 111126 148973
74182 11868 317 5 109958 109959 120960 121451 111127
74183 317 393 5 109957 109959 120958 117530 117532
74184 11867 11868 8 109961 109962 148963 148950 148951 148953 124063 124061
74185 393 11867 4 109960 109962 148962 148855
74186 11260 11429 4 109963 109964 110223 110273
74187 10265 10400 5 109968 109969 110644 110719 110545
74188 10446 10449 4 109971 109972 148264 148263
74189 10446 10267 4 109972 109970 110215 148463
74190 10446 10339 5 109970 109971 148260 110382 110214
74191 11057 11260 3 109973 109974 145262
74192 11080 11260 7 109976 109973 110237 110166 110165 110270 109981
74193 11080 11057 6 109973 109975 145164 128878 128879 145261
74194 11057 10673 5 109977 109978 148849 148767 145172
74195 10740 10673 7 109980 109977 145173 148771 148728 147354 145454
74196 10740 11057 5 109977 109979 110094 110093 145171
74197 11026 10673 3 109978 109980 145453
74198 10982 11080 3 109981 109982 110216
74199 10727 10635 3 109983 109984 112322
74200 10635 10738 7 109983 109985 111655 110897 110769 110770 112317
74201 11108 11037 4 109994 109995 109997 110014
74202 10497 10344 4 109999 109998 148712 147836
74203 10539 10408 4 110003 110004 149935 110086
74204 10428 10525 4 110005 110006 151838 149925
74205 10428 10408 4 110006 110003 110087 151842
74206 10089 10016 3 110008 110009 151668
74207 10104 10016 6 110009 110010 152375 152106 152109 151669
74208 10104 10067 3 110010 110007 152374
74209 10104 10089 7 110007 110009 151667 151916 148682 148683 152404
74210 10016 10067 5 110008 110010 150801 150803 151912
74211 11386 10986 3 110011 110012 110013
74212 10896 10660 4 110019 110021 110245 110474
74213 10503 10612 7 110022 110023 145455 130190 130188 110112 110114
74214 10503 10579 3 110023 110024 129035
74215 10352 10579 7 110024 110025 147131 148667 148362 148363 129036
74216 10352 10612 3 110025 110022 147129
74217 10352 10503 5 110022 110024 110589 110586 149798
74218 11070 10916 4 110029 110030 110056 110053
74219 10987 10986 5 110031 110032 110052 110051 110146
74220 10989 11562 3 110037 110038 110039
74221 10784 10876 3 110041 110042 149748
74222 10784 11080 4 110042 110040 148823 149458
74223 10313 10283 3 110043 110044 110624
74224 10716 10403 4 110045 110046 110363 110506
74225 10882 11000 5 110047 110048 110301 110394 110404
74226 10862 11000 5 110048 110049 110272 110278 110300
74227 10986 10782 3 110050 110051 110144
74228 10782 10509 4 110059 110060 110069 110061
74229 10944 11104 7 110063 110064 148917 149786 149631 148345 148346
74230 11304 11104 4 110065 110063 110167 110164
74231 10311 10490 6 110066 110067 149906 149977 146827 146825
74232 10571 10490 5 110068 110066 146911 149873 149874
74233 10377 10490 3 110067 110068 149888
74234 10911 10509 5 110069 110070 110071 149822 110073
74235 10911 10559 4 110072 110073 145282 110089
74236 10861 10812 5 110078 110075 149865 149863 149557
74237 10861 10743 3 110075 110077 149864
74238 10938 10812 3 110076 110078 149558
74239 10255 10138 6 110079 110080 150751 150749 150915 150909
74240 10944 11218 3 110081 110082 110162
74241 11210 11180 5 110084 110085 148805 149634 149274
74242 10911 10598 4 110088 110089 145283 110091
74243 11057 11087 7 110092 110093 126530 126529 148800 148759 110175
74244 10836 10740 8 110094 110095 144443 144446 148270 148271 148541 145247
74245 10836 11087 5 110095 110092 110177 145068 145067
74246 10836 11057 3 110092 110094 110176
74247 10233 10228 3 110098 110096 110568
74248 11457 11608 4 110099 110100 148924 148954
74249 10838 10591 5 110107 110106 110127 110139 110147
74250 10463 10289 3 110109 110110 149893
74251 10463 10547 10 110110 110108 148673 149966 149964 149963 150697 150800 150799 150671
74252 10463 10330 5 110108 110109 149858 148685 148672
74253 10525 10503 5 110112 110113 151837 149925 149763
74254 10509 10503 4 110113 110114 149798 151836
74255 10876 10971 3 110118 110116 110196
74256 10518 10714 4 110119 110120 110299 110185
74257 10623 10651 5 110122 110123 110908 111154 158507
74258 10874 10623 6 110121 110123 110907 145342 144660 112363
74259 10651 10773 6 110122 110124 110793 144518 144639 158445
74260 10591 10782 7 110131 110132 110143 110144 110145 110147 110133
74261 10591 10986 6 110134 110135 110148 110146 110144 110142
74262 10987 10591 4 110139 110140 110146 110145
74263 10591 10989 3 110141 110142 110143
74264 10089 10380 4 110150 110151 148683 152402
74265 10318 10067 3 110152 110149 151793
74266 10318 10089 7 110149 110151 148682 144663 144665 149989 149991
74267 10380 10067 4 110150 110152 151825 152399
74268 10946 11108 5 110154 110155 110207 110200 110199
74269 10175 10203 4 110158 110159 112293 158444
74270 10247 10203 8 110159 110160 158722 158806 158807 148597 148596 112295
74271 10247 10088 5 110160 110157 158491 158492 158721
74272 10247 10175 8 110157 110159 112294 158503 158282 158283 158504 158821
74273 10203 10088 6 110158 110160 158720 158358 158360 158377
74274 11218 11304 6 110162 110163 149838 149749 129148 129149
74275 11304 11052 3 110161 110163 149837
74276 11260 11104 6 110164 110165 110269 110267 110194 110179
74277 11304 11080 7 110166 110167 148900 149840 145472 145473 110238
74278 11184 11380 5 110169 110170 111149 111124 111111
74279 11452 11580 6 110173 110174 128650 128651 128745 110226
74280 11452 11466 3 110172 110173 110225
74281 11026 11087 3 110177 110175 148754
74282 11207 11260 5 110179 110180 110273 110275 110193
74283 11380 11419 3 110184 110182 111153
74284 10715 10838 3 110188 110189 110205
74285 11260 11108 6 110193 110194 110208 110207 110250 110276
74286 10946 10862 3 110197 110198 110300
74287 11339 11235 5 110201 110203 145142 145141 144817
74288 10648 10673 8 110210 110211 110388 110389 148849 145453 145454 110343
74289 10648 10570 7 110211 110212 147838 148190 110490 110491 147195
74290 10577 10673 7 110213 110210 110344 148728 148183 148185 148366
74291 10577 10648 3 110210 110212 110342
74292 10570 10673 3 110211 110213 147196
74293 11466 11540 3 110218 110219 145147
74294 10324 10233 4 110227 110228 110602 110466
74295 10396 10324 5 110227 110229 112283 110740 110467
74296 10921 10836 5 110230 110231 148782 148540 148541
74297 11026 10984 3 110232 110233 126645
74298 10834 11113 4 110234 110236 145886 148763
74299 11321 11080 4 110237 110238 148841 145261
74300 11175 11212 5 110241 110242 145093 145095 128636
74301 10921 10903 9 110246 110247 110264 148430 148332 148330 145159 145160 148779
74302 10982 10903 4 110247 110248 110361 110266
74303 11150 11240 6 110252 110253 128877 128880 128881 148750
74304 11080 11240 5 110253 110254 145473 148841 128879
74305 11080 11171 5 110254 110251 125683 148276 145472
74306 11080 11150 4 110251 110253 128878 125682
74307 11240 11171 6 110252 110254 111168 111165 148827 148830
74308 11614 11744 5 110256 110257 111157 111156 110317
74309 10566 10743 3 110259 110260 150637
74310 11235 11217 7 110262 110263 111245 123680 128898 145126 145125
74311 11235 10921 3 110261 110262 144864
74312 10921 10799 4 110264 110265 144987 148772
74313 11260 10862 5 110269 110270 110271 110272 110277
74314 11681 11428 4 110281 110282 110994 111176
74315 11641 11551 3 110283 110280 111095
74316 11641 11681 6 110280 110282 110993 124219 111057 111056
74317 11681 11614 5 110284 110285 111056 111094 111156
74318 11681 11729 5 110285 110286 111246 124218 111057
74319 11826 11729 5 110286 110287 111191 124082 111247
74320 11826 11681 4 110284 110286 111084 111085
74321 11729 11614 5 110285 110287 111190 111189 111058
74322 10364 10205 4 110288 110289 147855 147857
74323 9954 9998 8 110290 110291 158105 157194 156441 153182 153184 157797
74324 11262 11265 4 110294 110295 145423 145279
74325 11092 11265 5 110295 110296 112206 112207 144775
74326 11092 11262 6 110293 110295 145424 145272 145271 128499
74327 11265 11126 6 110294 110296 145338 145324 145243 145245
74328 11007 11321 3 110303 110302 147946
74329 11260 11187 5 110306 110307 110314 110309 110308
74330 10855 11233 3 110312 110313 111410
74331 11826 11744 5 110315 110317 111085 111083 124367
74332 11458 11454 5 110318 110319 111255 111254 111325
74333 11632 11549 4 110320 110321 110797 110817
74334 11135 11019 6 110322 110324 110837 112117 111788 111787
74335 11735 11769 4 110326 110327 144861 148733
74336 11868 11769 5 110327 110328 148923 124063 124062
74337 1041 901 4 110331 110332 118063 122850
74338 1041 672 7 110332 110333 118236 122539 122540 122901 118064
74339 895 672 5 110333 110334 113033 123572 118238
74340 672 901 4 110332 110334 113031 118065
74341 11221 11040 8 110339 110341 110828 110827 110895 110896 110795 110756
74342 10577 10624 8 110344 110342 110518 110520 148258 148257 148807 148727
74343 10673 10624 3 110343 110344 147354
74344 10852 10631 4 110347 110348 112458 111795
74345 10860 10785 6 110349 110351 110774 112341 110742 110741
74346 10534 10344 3 110354 110355 110485
74347 10534 10533 7 110352 110354 148696 148695 148702 148703 148692
74348 10636 10716 6 110357 110359 110364 110363 110537 148724
74349 11000 10799 3 110362 110360 110404
74350 10352 10127 6 110366 110367 151810 151890 151849 148530
74351 10331 10388 7 110368 110365 110592 110591 110580 110579 110581
74352 10331 10352 4 110365 110367 151804 148671
74353 10200 10205 3 110369 110371 148627
74354 10903 10882 3 110376 110377 110394
74355 10946 10799 5 110378 110375 110934 110530 110527
74356 11676 11611 5 110379 110380 111179 111184 123106
74357 10417 10446 7 110382 110383 151871 147999 147998 148421 148261
74358 10417 10205 4 110383 110381 110575 151870
74359 10856 10979 3 110384 110385 145516
74360 10856 10969 11 110385 110386 149237 149243 149740 130514 129343 129344 149204 147043 145517
74361 10662 10969 4 110386 110387 144523 149226
74362 10662 10979 5 110387 110384 147933 147932 144522
74363 10662 10856 6 110384 110386 149236 149162 146752 146754
74364 10969 10979 10 110385 110387 144521 149239 130384 130383 145229 145228 148283 145518
74365 10673 10533 7 110388 110390 148698 148702 148466 148366 147196
74366 11201 11237 5 110395 110396 144550 144146 144147
74367 11237 11055 4 110395 110397 145710 145711
74368 440 189 4 110399 110400 125432 125328
74369 541 189 9 125372 125373 125379 110400 110401 114486 112122 112121 -1
74370 541 311 4 110401 110398 114813 114689
74371 541 440 5 110398 110400 117832 117831 117573
74372 189 311 7 110399 110401 114690 124507 124504 125574 125329
74373 10660 10903 3 110405 110406 110859
74374 10660 10799 5 110406 110407 110528 110530 110933
74375 10889 10939 5 110408 110409 110439 110482 110481
74376 9232 9199 8 110411 110412 158059 152123 152124 151878 151879 152116
74377 10164 10283 6 110414 110415 110547 110671 110670 110653
74378 766 406 5 110416 110417 124491 124492 124543
74379 406 435 5 110416 110418 123122 123939 124282
74380 11273 11318 5 110419 110420 128800 128801 110968
74381 11273 11315 5 110420 110421 130595 130594 148160
74382 11422 11315 4 110421 110422 145195 147033
74383 11422 11273 5 110419 110421 147032 148464 110969
74384 10579 10534 6 110424 110425 129036 129035 148295 148529
74385 10694 10390 4 110429 110430 111764 111763
74386 10903 10672 4 110432 110433 110704 148430
74387 10903 10538 4 110431 110432 148332 144821
74388 10739 10797 5 110437 110438 148521 148656 149047
74389 11161 11199 4 110441 110442 145652 145651
74390 11349 11054 3 110443 110440 142910
74391 11349 11161 8 110440 110442 145776 145777 144259 144260 145514 142909
74392 11199 11054 6 110441 110443 145231 145280 146159 145800
74393 10210 9884 3 110452 110453 144982
74394 11282 11522 7 110460 110461 111215 110879 110880 111775 111489
74395 11399 11522 5 110461 110462 111445 111447 111301
74396 11399 11282 5 110459 110461 111300 111516 111443
74397 11522 11274 3 110460 110462 111490
74398 10351 10313 3 110465 110463 110639
74399 10889 10585 3 110471 110472 110475
74400 10889 10961 4 110477 110478 110482 110483
74401 10383 10534 6 110484 110485 148696 148647 146180 146178
74402 10538 10570 5 110493 110490 148376 110643 110641
74403 10672 10570 4 110491 110493 110642 148448
74404 10716 10497 5 110505 110506 110537 148726 110582
74405 10324 10373 3 110509 110510 112328
74406 10731 10480 4 110511 110512 110531 110513
74407 10731 10750 4 110515 110516 110517 110531
74408 10624 10570 4 110518 110519 148191 147838
74409 10624 10351 5 110519 110520 148615 148172 148173
74410 10331 10579 3 110522 110521 110580
74411 10147 10347 5 110523 110524 145394 145392 148038
74412 10147 10292 8 110524 110525 157434 158512 158511 157695 157694 157792
74413 10208 10147 5 110523 110525 157435 158133 158637
74414 10731 11037 3 110534 110535 110536
74415 9965 10169 3 110540 110541 145340
74416 9909 10233 3 110542 110539 110672
74417 10169 10233 7 110540 110542 110663 110544 110543 158432 148570
74418 9884 9741 4 110548 110549 110556 151830
74419 10332 10244 4 110551 110553 148499 147990
74420 9898 10003 6 110557 110555 151892 151855 151852 149899
74421 9884 10003 6 110556 110557 149900 150015 151946 151831
74422 10454 10361 6 110558 110559 110661 110571 110572 110560
74423 10526 10623 7 110561 110562 148268 145411 145409 148050 148048
74424 10538 10623 5 110562 110563 110907 110908 111155
74425 10063 9995 5 110565 110566 157253 158546 158701
74426 10063 10038 3 110566 110564 147350
74427 10454 10307 5 110569 110570 110609 110573 110572
74428 10318 10205 5 110575 110574 111082 150017 152325
74429 10376 10503 5 110586 110587 151832 151837 151836
74430 10376 10534 4 110587 110588 146178 146179
74431 10352 10376 7 110586 110588 148344 151768 151895 151833 151835
74432 10559 10388 4 110590 110591 110593 148666
74433 10388 10509 3 110592 110593 148668
74434 10376 10076 6 110594 110595 151894 151833 151834 151845
74435 10296 10289 4 110596 110597 150022 150023
74436 10296 10376 4 110594 110596 151844 151846
74437 10289 10076 5 110595 110597 148681 148680 151899
74438 10383 10577 3 110598 110599 148218
74439 10283 10307 6 110609 110610 110668 110670 110715 110662
74440 11080 10888 5 110614 110611 149326 149457 149458
74441 11080 10944 5 110611 110613 148346 148900 149325
74442 10876 10888 6 110612 110614 149748 149765 149785 149283
74443 10763 11025 6 110615 110616 111880 111822 110691 110692
74444 10763 11047 3 110616 110617 111878
74445 10735 11047 5 110617 110618 110952 110950 111879
74446 10735 11025 4 110618 110615 111648 111647
74447 11047 11025 7 110616 110618 111232 111231 111776 111417 111415
74448 10935 10800 7 110619 110620 144712 144613 144612 144674 144675
74449 10904 10800 4 110621 110619 145357 156539
74450 10849 10800 4 110620 110621 156538 145322
74451 10834 11022 5 110627 110628 145163 145162 145445
74452 10874 10984 6 110629 110626 148781 145246 145235 128338
74453 10874 10834 6 110626 110628 144661 144660 145343 148786
74454 11022 10984 6 110627 110629 128339 110922 110921 145446
74455 11324 11057 4 110631 110632 145131 148884
74456 11324 11321 6 110632 110633 148838 148886 149018 145132
74457 11204 11324 6 110631 110633 148839 145110 111237 111239
74458 11321 11057 6 110632 110634 147946 145262 145261 145133
74459 10210 10570 3 110638 110640 148359
74460 10265 10493 5 110644 110645 110699 111505 110720
74461 10228 10034 4 110646 110647 110657 110648
74462 10228 10403 5 110649 110650 110657 110658 110659
74463 10586 9793 5 110655 110656 111779 112418 -1
74464 10228 10361 3 110659 110660 110661
74465 10283 10169 4 110663 110664 110665 110674
74466 10283 9941 3 110668 110669 110671
74467 9807 10024 5 110677 110678 158404 146820 146819
74468 11127 11248 6 110680 110681 144705 144605 144604 144723
74469 11127 11128 5 110681 110679 144696 144697 145224
74470 11127 11141 5 110679 110680 145440 144993 144994
74471 10505 10433 5 110682 110683 158839 158302 112313
74472 10505 10651 5 110683 110684 111793 144639 158447
74473 10435 10651 6 110684 110685 112308 112346 112342 111794
74474 11697 11393 5 110688 110689 144768 144771 144653
74475 11749 11817 8 110690 110687 144353 144355 143823 143824 144725 144724
74476 11749 11697 3 110687 110689 144538
74477 11393 11817 3 110688 110690 144654
74478 11135 11206 5 110694 110695 111424 111787 110909
74479 10426 10493 6 110696 110697 110718 110720 111543 111728
74480 10491 10493 4 110699 110700 111815 111506
74481 10738 10867 5 110702 110703 111654 110888 110889
74482 10738 10763 4 110703 110701 110769 110768
74483 10738 10850 4 110701 110702 111809 110897
74484 10400 10048 4 110707 110708 110723 110709
74485 10145 10400 6 110706 110708 110724 110713 110710 110711
74486 10381 10400 4 110712 110713 110722 110714
74487 10400 10307 6 110715 110716 110723 110724 110722 110717
74488 10400 10426 3 110718 110719 110721
74489 10190 10322 4 110729 110730 110736 112426
74490 10203 10190 6 112427 110729 110731 112232 112231 -1
74491 9786 9409 5 110732 110733 148011 157587 158163
74492 9786 9534 5 110733 110734 157723 158263 148012
74493 9768 9534 6 110734 110735 153217 157465 157683 157724
74494 9768 9409 5 110735 110732 158164 158054 153215
74495 9768 9786 6 110732 110734 157722 158554 158552 158162
74496 9534 9409 7 110733 110735 153216 158129 158128 157241 148013
74497 10804 10945 4 110743 110744 110771 112469
74498 10945 10694 6 110743 110745 145314 158454 110949 110947
74499 11191 11208 3 110747 110748 110928
74500 11191 11219 5 110748 110746 144995 110842 110844
74501 11791 11770 3 110749 110750 128639
74502 11637 11770 6 110751 110749 144070 144068 144062 144061
74503 11152 10869 4 144748 110752 110753 -1
74504 10945 10839 4 110754 110755 110949 144681
74505 10945 10869 9 110755 110752 144750 112437 112438 112460 112487 112469 110947
74506 11428 11488 6 110758 110759 111205 111176 111177 111203
74507 10493 10886 4 110762 110760 111003 110782
74508 10744 10738 7 110770 110768 111654 111653 111913 111915 112318
74509 10785 10651 4 110773 110774 112342 110789
74510 10929 10889 8 110775 110776 110802 110953 111844 110939 110834 110835
74511 10435 10529 4 110777 110778 111694 112311
74512 10435 10785 6 110778 110779 112341 112342 112345 111695
74513 10659 10435 6 110777 110779 112343 112347 111765 111762
74514 10728 10625 10 110783 110784 111854 111837 111816 111817 111810 111811 111823 111826
74515 11069 10921 4 110785 110786 126644 144864
74516 11217 11026 5 110787 110788 145214 145203 145126
74517 11217 11069 3 110785 110787 145125
74518 10814 10529 6 110790 110791 111872 112321 112320 111487
74519 10967 10874 7 110792 110794 144819 144818 145259 145258 112224
74520 11549 11691 6 110796 110797 111359 111625 111597 111253
74521 11456 11617 6 110798 110799 144511 144668 145119 144699
74522 11456 11424 4 110799 110800 144632 144512
74523 11468 11424 4 110800 110801 118219 144439
74524 11424 11617 5 110799 110801 118218 144503 144513
74525 295 659 6 126241 110805 110806 112250 112248 -1
74526 481 295 4 110804 110806 125383 114351
74527 10945 10967 5 110810 110809 110832 112112 145226
74528 11105 10933 5 110812 110813 144058 144059 144149
74529 10894 10933 5 110813 110814 143891 145532 144340
74530 10894 11183 4 110814 110811 143711 143890
74531 10894 11105 6 110811 110813 144085 144084 143912 143710
74532 10933 11183 5 110812 110814 143889 144194 144195
74533 11549 11802 6 110817 110815 111324 124311 111627 111359
74534 74 11724 3 110818 110819 144836
74535 125 234 3 110820 110821 125273
74536 125 79 8 110821 110822 112133 112135 123547 114691 114692 125573
74537 303 79 3 110822 110823 111388
74538 303 234 5 110823 110820 125274 112090 111387
74539 303 125 5 110820 110822 111717 111716 125272
74540 79 234 8 110821 110823 111386 125860 125856 125530 125485 125482
74541 11483 11267 5 110824 110825 148974 148975 149630
74542 11040 11176 3 110828 110829 110831
74543 10945 11221 3 110830 110827 111713
74544 11176 11221 7 110828 110830 112187 112189 144706 126310 110833
74545 11176 10967 4 110832 110831 110833 112113
74546 11184 11085 4 110839 110840 111111 110902
74547 11048 11191 4 110842 110843 110981 110979
74548 11295 11219 8 110844 110841 145200 145175 145177 145196 144961 110927
74549 11295 11048 4 110841 110843 145048 145242
74550 11335 11351 3 110846 110847 111319
74551 11735 15 3 110849 110850 128496
74552 25 15 8 110850 110851 123453 123454 130419 148872 130337 128497
74553 25 11735 5 110848 110850 128495 144963 144962
74554 15 11876 6 110849 110851 124198 124149 124151 149015
74555 11083 11119 6 110852 110853 111570 111896 111987 112436
74556 11083 10884 5 110853 110854 111918 112410 111569
74557 10883 10884 5 110854 110855 111917 111938 111920
74558 10883 11083 4 110852 110854 111919 112472
74559 11651 11488 6 110856 110857 144761 111204 111205 110996
74560 11014 11022 6 110864 110865 144351 144352 145468 144619
74561 11753 65 6 110866 110868 111065 111101 111392 111865
74562 11753 11532 8 110871 110869 111221 111220 111223 128465 144504 111097
74563 11753 11563 6 110869 110870 111045 111101 111100 111292
74564 10727 10507 5 110874 110872 112432 112431 112478
74565 401 305 8 110877 110875 124097 124098 124114 124120 124094 121391
74566 401 42 4 110875 110876 124161 124176
74567 11307 11292 4 110881 110882 111438 111293
74568 11458 11292 4 110883 110881 111295 111254
74569 493 343 5 110884 110885 127996 117121 117119
74570 343 317 5 110884 110886 111030 120960 120958
74571 10918 10867 4 110889 110887 111820 111819
74572 11816 11846 6 110890 110891 111725 111996 125178 125281
74573 11330 11040 3 110894 110895 111712
74574 11221 11330 5 110893 110895 111713 112187 111921
74575 11040 11395 5 110894 110896 112110 112057 112058
74576 10850 10896 5 110898 110899 111853 111852 111850
74577 11112 11062 5 110900 110901 110926 126758 110989
74578 11563 11691 8 110903 110904 111252 111253 111596 110974 110975 111100
74579 11563 11502 4 110904 110905 111196 111390
74580 164 437 3 110914 110915 112092
74581 303 437 5 110915 110916 124729 124616 112093
74582 303 164 6 110913 110915 112091 125298 125670 111716
74583 437 199 5 110914 110916 125549 125720 125596
74584 10550 10918 3 110917 110918 111843
74585 10984 11219 4 110922 110923 144969 144968
74586 11175 10984 5 110921 110923 145149 148732 145447
74587 10929 10595 3 110929 110930 110931
74588 10929 10799 3 110933 110934 110935
74589 11343 11266 3 110938 110936 111734
74590 11343 11416 6 110936 110937 111525 111537 111704 111737
74591 11261 10918 4 110940 110941 111423 111315
74592 11749 11850 5 110943 110944 125667 112150 112151
74593 11749 11793 6 110944 110942 112010 112238 112240 125666
74594 10869 10694 4 110947 110948 112461 112470
74595 10929 10550 4 110953 110954 110955 111841
74596 11722 11343 5 110957 110958 111537 111703 124438
74597 11356 11845 5 110959 110956 111539 111687 124442
74598 11356 11722 4 110956 110958 111475 111476
74599 11343 11845 3 110957 110959 124439
74600 11356 11102 6 110961 110962 111531 111498 111499 111529
74601 11569 11102 3 110962 110963 111510
74602 11569 11343 5 110963 110960 111659 111511 111509
74603 11102 11343 4 110961 110963 111331 111329
74604 9903 9810 6 110964 110965 148592 145483 145484 147404
74605 9903 9846 6 110965 110966 158526 147909 147908 148593
74606 9959 9846 3 110966 110967 157805
74607 9959 9810 4 110967 110964 147406 153273
74608 9959 9903 6 110964 110966 158528 158523 158524 147405
74609 11448 11273 4 110968 110969 145449 145451
74610 11563 65 3 110975 110976 111101
74611 11604 65 5 110976 110977 111281 111863 111392
74612 11604 11691 4 110977 110974 111550 111280
74613 11128 11048 6 110978 110979 144610 112357 112359 112374
74614 11112 11128 6 110978 110980 112353 112352 112371 145233
74615 10666 11159 4 110982 110983 158914 158774
74616 10853 11159 5 110985 110982 158762 125680 125678
74617 10853 10666 3 110982 110984 158775
74618 10783 11159 6 110983 110985 143858 144341 144342 158915
74619 10840 10683 5 110987 110988 145332 148223 147098
74620 10683 10935 5 110986 110988 144977 144713 144613
74621 11040 11112 6 110989 110990 112352 112372 145260 145256
74622 11651 11681 6 110993 110994 111204 111185 111188 124226
74623 11651 11428 3 110994 110995 111205
74624 105 11709 5 110999 111000 123009 123102 123079
74625 10886 10635 3 111002 111003 111524
74626 11696 11768 7 111004 111005 123961 123962 143765 149131 144506
74627 11696 11775 5 111005 111006 144979 144091 126846
74628 11746 11696 4 111004 111006 145018 144507
74629 11775 11768 4 111005 111007 144626 126847
74630 11824 240 6 111012 111010 124512 124479 124478 111631
74631 11265 11508 5 111013 111015 125975 144565 144564
74632 248 686 6 111016 111017 123011 118046 118047 124413
74633 248 229 7 111017 111018 124099 124275 123589 123592 125142
74634 406 686 5 111019 111016 124492 123552 123553
74635 229 686 6 111017 111019 123447 123449 118027 118024
74636 11544 11704 7 111021 111022 112537 111688 111651 111652 124619
74637 11544 30 6 111022 111020 113011 112649 112049 112048
74638 11544 73 4 111020 111021 118208 113029
74639 116 366 6 111024 111025 123877 123878 123337 123338
74640 637 782 5 111028 111029 122989 122988 117906
74641 637 874 3 111026 111028 117684
74642 109 317 10 111030 111031 123743 123742 124263 124266 124371 124374 128896 121451
74643 11573 11295 8 111032 111033 144897 145138 145156 145196 128673 126784
74644 11419 11295 4 111034 111032 126785 144617
74645 11195 11119 6 111035 111036 111603 111601 111896 111895
74646 11195 11122 3 111036 111037 111937
74647 11257 11195 6 111035 111037 111936 111980 111398 111399
74648 800 485 3 111039 111040 129914
74649 11774 20 3 111046 111047 112208
74650 20 83 6 111046 111048 128315 128314 128696 112210
74651 320 470 5 111050 111051 121130 124661 124547
74652 332 470 3 111051 111052 121131
74653 332 395 5 111052 111049 111119 123558 123556
74654 260 172 5 111053 111054 124326 124327 112185
74655 988 936 7 111061 111062 117292 117293 124945 124944 117565
74656 988 909 4 111062 111063 123612 123497
74657 925 936 5 111064 111061 116988 116987 124964
74658 925 988 4 111061 111063 118190 117566
74659 909 936 5 111062 111064 118175 118174 123498
74660 83 154 7 111066 111067 111234 111235 128315 128313 124183
74661 83 172 6 111067 111068 128753 126320 126318 128746
74662 172 154 3 111067 111069 128640
74663 11335 11082 5 111070 111071 111131 111130 111497
74664 11335 11238 4 111071 111072 111114 111112
74665 11102 11335 4 111070 111072 111448 111498
74666 11349 11448 7 111074 111073 126357 124068 124067 144624 144500
74667 10013 10339 4 111080 111081 151915 148626
74668 10013 10318 5 111081 111082 150016 144663 144664
74669 10205 10013 6 111080 111082 144691 144690 151828 148627
74670 11555 11656 7 111086 111087 128628 145980 123965 123966 126787
74671 11555 11407 11 111087 111088 124315 126447 126445 144949 144940 144939 145974 145989 128629
74672 11414 11656 4 111089 111086 126789 144173
74673 11414 11555 4 111086 111088 124314 126788
74674 11407 11656 4 111087 111089 126831 126830
74675 11141 11326 5 111091 111092 145244 112360 112361
74676 11265 11326 6 111092 111093 144565 144788 145279 145245
74677 11551 11614 8 111094 111095 111200 111429 111471 111211 111209 111157
74678 10069 10488 3 111098 111099 112506
74679 11336 11301 5 111102 111103 145364 145365 145557
74680 11336 11310 5 111103 111104 145404 145403 145666
74681 11245 11310 4 111104 111105 145878 145719
74682 11245 11301 7 111105 111102 145558 146254 146255 145882 145881
74683 11310 11301 6 111103 111105 145867 144469 144468 144570
74684 996 1006 6 111108 111109 125280 125399 116384 116382
74685 1165 1006 8 111109 111110 125361 125458 114804 114658 114660 125255
74686 1006 1024 3 111108 111110 125360
74687 11335 11323 6 111113 111114 111448 111530 111474 111473
74688 11606 11382 3 111116 111118 112254
74689 114 136 5 111120 111121 125625 112160 112158
74690 889 674 3 111122 111123 118199
74691 11380 11112 5 111124 111125 111470 111148 111146
74692 11335 11676 3 111133 111134 111444
74693 308 198 4 111137 111135 125800 125756
74694 234 198 5 111136 111137 125755 125856 125855
74695 254 313 7 111138 111139 127842 124514 124515 128681 128682
74696 466 313 7 111139 111140 128463 125698 125697 128493 127843
74697 850 775 5 111144 111141 129478 129475 123723
74698 850 685 5 111141 111143 124316 127764 129489
74699 767 775 5 111142 111144 123722 129388 123801
74700 11532 11221 3 111150 111151 112011
74701 11221 11419 8 111153 111152 112111 112025 112024 112217 112216 112011
74702 10623 10396 5 111154 111155 148268 148384 158859
74703 11206 11019 5 111158 111159 111742 111902 111787
74704 11122 11019 4 111159 111160 111723 111743
74705 11019 11251 6 111158 111160 111721 111724 112109 111788
74706 11543 11632 3 111162 111161 111268
74707 11744 11532 5 111163 111164 144880 111222 111220
74708 11240 11304 4 111167 111168 145473 148840
74709 11240 11457 4 111165 111167 148766 148764
74710 11304 11171 5 111166 111168 145472 149839 149235
74711 10874 10595 3 111169 111170 144822
74712 548 599 4 111171 111172 124452 124424
74713 391 599 8 111173 111171 124425 124570 125615 124693 124694 124797
74714 623 599 5 111172 111173 124776 124723 124630
74715 11411 11490 4 111174 111175 148887 124773
74716 147 328 7 111180 111181 111553 111551 124236 128759 124361
74717 147 332 6 111181 111182 124364 123593 122782 122784
74718 92 332 5 111182 111183 124059 123536 123537
74719 92 328 4 111183 111180 124265 124264
74720 92 147 7 111180 111182 124365 124369 124368 124370 124362
74721 332 328 7 111181 111183 124267 124179 123557 123558 123888
74722 11580 11821 5 111186 111187 124118 126699 124144
74723 11681 11580 6 111185 111187 124119 126840 124091 124093
74724 219 246 5 111194 111195 111552 123138 123140
74725 328 219 4 111193 111195 111551 124237
74726 105 11812 8 111197 111198 113037 113035 124225 123094 123093 123107
74727 11611 105 5 111197 111199 111336 123104 123106
74728 11856 11709 5 111201 111202 111621 123584 111590
74729 11632 11551 3 111206 111207 111209
74730 11505 11614 3 111210 111211 111460
74731 10545 10682 4 111212 111213 158395 158699
74732 10671 10682 5 111214 111212 143901 143903 147780
74733 10649 10682 6 111213 111214 147781 158747 158934 158397
74734 11522 11544 6 111215 111216 111651 111351 111352 111301
74735 11744 11848 6 111217 111218 111222 144964 124339 124338
74736 11532 11848 4 111222 111223 128464 144480
74737 160 134 7 111225 111226 125631 112131 112132 125137 112606
74738 134 65 3 111224 111226 125610
74739 58 357 7 111228 111229 112082 111379 111380 128765 124337
74740 58 219 4 111227 111228 124237 124235
74741 11811 154 5 111235 111236 112212 112214 128692
74742 11324 11026 4 111238 111239 148884 148821
74743 11204 11026 6 111239 111240 145213 145214 148714 148828
74744 11204 11212 4 111240 111237 145111 145168
74745 398 313 5 111241 111242 128677 126833 126834
74746 398 463 6 111242 111243 128540 125841 125840 128676
74747 532 398 3 111241 111243 128417
74748 11217 11112 4 111244 111245 123682 144842
74749 11821 11729 3 111246 111247 124081
74750 1765 1442 3 111248 111249 129521
74751 1765 1695 7 111249 111250 136456 136455 139128 129559 129557
74752 1505 1695 4 111250 111251 129807 131423
74753 1505 1442 6 111251 111248 129522 138070 135901 129806
74754 1505 1765 5 111248 111250 138093 138094 129520
74755 1695 1442 6 111249 111251 127685 127686 129878 137816
74756 11328 11093 7 111264 111265 111545 111940 112304 111988 111989
74757 11328 11043 5 111265 111266 111993 111927 111546
74758 11047 11328 3 111264 111266 111992
74759 772 745 4 111269 111271 124014 128948
74760 634 911 4 111270 111272 121233 121232
74761 11402 11561 5 111276 111273 112195 112255 112244
74762 11402 11330 3 111273 111275 112118
74763 11395 11561 4 111274 111276 112236 112193
74764 11676 11709 7 111277 111278 111590 123586 123588 123080 123079
74765 11722 11549 4 111284 111285 111373 111476
74766 11549 11845 7 111284 111286 111625 111627 111661 111662 111539
74767 1006 578 6 111288 111289 125368 125425 116384 116383
74768 578 556 5 111287 111289 114815 114814 125310
74769 11569 11549 5 111290 111291 111328 111349 111350
74770 11031 10785 3 111296 111297 111903
74771 10814 10869 5 111307 111308 112479 112481 112451
74772 657 1005 6 111311 111312 112815 125105 124756 124757
74773 657 993 4 111312 111313 112852 112816
74774 940 993 5 111313 111314 118163 118164 112853
74775 940 1005 5 111314 111311 117846 117845 124227
74776 940 657 6 111311 111313 112851 112803 112805 125138
74777 11390 11445 4 111316 111317 111453 111318
74778 11676 11549 4 111323 111324 124313 111328
74779 11454 11300 4 111325 111326 111462 111389
74780 118 179 3 111334 111335 123315
74781 11274 10858 4 111337 111338 111715 111770
74782 11747 11751 3 111342 111339 112558
74783 548 379 6 111343 111344 124290 124424 124451 124560
74784 548 357 6 111344 111345 123542 124286 124284 124285
74785 321 379 7 111346 111343 124527 124528 124531 124534 124556
74786 321 548 4 111343 111345 123543 124398
74787 357 379 3 111344 111346 124291
74788 3 11856 9 111347 111348 111660 122992 122995 123590 123591 123584 123585
74789 3 11549 5 111348 111349 124313 124311 111661
74790 11569 3 3 111347 111349 124385
74791 11549 11856 4 111348 111350 111686 111662
74792 11522 11596 6 111352 111353 122978 111482 111446 111447
74793 13 11596 4 111353 111354 125122 122979
74794 13 11544 4 111354 111351 111652 125121
74795 13 11522 6 111351 111353 122977 111562 111393 111395
74796 11266 11527 5 111357 111355 111962 111963 112001
74797 11416 11527 5 111356 111357 112019 111746 111744
74798 11691 11802 5 111358 111359 111626 124234 111364
74799 928 530 4 111360 111361 125343 124391
74800 928 662 7 111361 111362 112755 112756 124173 111585 111586
74801 558 530 7 111363 111360 124392 125351 112572 112574 122915
74802 662 530 4 111361 111363 125269 125271
74803 11722 11416 7 111367 111368 111537 111475 111373 111372 111548
74804 11722 11522 5 111368 111365 111562 125135 111703
74805 11722 11512 6 111365 111367 111492 111491 111748 111561
74806 11416 11522 3 111366 111368 111704
74807 111 11789 4 111371 111369 112526 112525
74808 516 434 5 111374 111375 125248 125238 125237
74809 434 635 5 111374 111376 125231 125232 125235
74810 254 357 3 111378 111379 128569
74811 58 473 3 111380 111377 128754
74812 58 254 5 111377 111379 128566 128568 128747
74813 135 434 6 111384 111385 112687 125238 112465 112464
74814 135 184 5 111385 111383 117740 111701 111700
74815 199 234 4 111386 111387 112088 125858
74816 79 199 8 111386 111388 112133 112134 125477 125692 125694 125859
74817 11512 13 5 111393 111394 111757 111750 111561
74818 11704 13 7 111394 111395 111652 112895 112534 111948 111758
74819 11328 11136 5 111396 111397 111873 112303 111940
74820 11257 11136 5 111399 111396 111941 111986 111978
74821 11257 11328 8 111396 111398 111979 111961 111401 111400 111546 111545
74822 11195 11136 5 111397 111399 111895 111894 111874
74823 11328 11266 3 111401 111402 111962
74824 11496 11257 4 111403 111400 111766 111507
74825 819 928 5 111404 111405 124173 124592 124591
74826 819 682 5 111405 111406 112813 125439 124174
74827 1024 928 4 111407 111404 124699 125228
74828 1024 819 8 111404 111406 112814 124777 124433 124432 125360 124698
74829 11025 10867 3 111414 111411 111822
74830 11025 11043 4 111411 111413 111415 111880
74831 11047 11107 3 111416 111417 111781
74832 10735 10867 3 111418 111420 111705
74833 11206 10918 5 111423 111424 111902 111806 111807
74834 11400 11444 3 111427 111428 111434
74835 11454 11444 4 111434 111435 111436 111437
74836 11307 11445 3 111440 111441 111449
74837 11522 11362 7 111445 111446 111481 125057 111783 111489 111490
74838 11351 11390 3 111453 111454 111455
74839 11351 11611 3 111456 111457 111458
74840 11502 11300 5 111461 111462 111472 111467 111466
74841 11300 11380 5 111465 111466 111468 111469 111470
74842 11362 11603 7 111478 111479 111512 111483 111481 125058 111485
74843 11594 11362 3 111478 111480 111484
74844 11522 11603 3 111481 111482 123005
74845 11603 11343 3 111485 111486 125167
74846 11282 11362 4 111488 111489 111782 111771
74847 11512 11609 5 111492 111493 111538 111745 111573
74848 11777 276 5 111495 111496 123332 123329 123328
74849 11508 11468 7 111503 111504 126305 118217 118219 144438 144564
74850 11468 11701 5 111502 111504 126304 124335 124334
74851 11257 11512 3 111507 111508 111767
74852 11603 11274 4 111512 111513 111738 111714
74853 11424 11635 3 111517 111518 144687
74854 11424 11708 6 111518 111519 144783 144800 144756 144688
74855 11565 11708 3 111519 111520 144760
74856 11565 11635 7 111520 111517 124139 124138 144707 144685 144684
74857 165 11856 6 111521 111522 112634 112632 125165 116495
74858 11594 165 3 111521 111523 116496
74859 11356 11323 3 111530 111531 111532
74860 1429 1334 5 111533 111534 118000 118110 118158
74861 1429 1379 4 111534 111535 116477 116478
74862 1440 1429 4 111533 111535 117864 117963
74863 1379 1334 6 111534 111536 116456 116457 118114 118001
74864 10426 10635 5 111543 111544 111790 111960 111727
74865 11257 11093 3 111545 111547 111941
74866 11609 11416 5 111548 111549 112021 111746 111573
74867 147 246 4 111552 111553 122784 122783
74868 674 217 3 111555 111554 111677
74869 174 570 5 111556 111557 113023 123002 113038
74870 1808 1905 3 111558 111559 112603
74871 1905 1510 6 111558 111560 114039 113834 113833 112604
74872 13 11722 4 111561 111562 114488 111751
74873 1036 1251 4 111563 111564 117580 118205
74874 1036 1182 6 111564 111565 117379 117380 124636 117579
74875 1338 1251 5 111566 111563 118206 124816 117576
74876 1338 1036 5 111563 111565 118204 113982 113984
74877 1182 1251 4 111564 111566 117577 117581
74878 11609 11527 7 111567 111568 111745 111746 112015 111861 111858
74879 970 1203 7 111576 111577 117732 117731 117719 117721 123549
74880 970 791 6 111577 111574 124345 124457 117513 117515
74881 970 797 5 111574 111576 116990 116989 124344
74882 1203 791 4 111575 111577 123520 117925
74883 11843 29 4 111578 111579 144635 144478
74884 11891 29 5 111580 111578 112067 112069 112170
74885 476 630 5 111582 111583 126721 126720 129553
74886 476 463 5 111583 111581 125841 124644 124645
74887 476 289 7 111581 111582 129578 128715 128537 128536 125839
74888 928 544 4 111586 111587 125393 125343
74889 578 544 6 111587 111588 124471 124470 125061 125406
74890 578 662 5 111588 111585 124390 124389 125252
74891 578 928 5 111585 111587 125402 124593 124592
74892 544 662 4 111586 111588 125251 125271
74893 11856 11676 3 111589 111590 123585
74894 639 930 5 111591 111592 124778 117687 117688
74895 639 599 7 111592 111593 124694 124523 124524 124588 124587
74896 762 599 6 111593 111594 118050 118052 124776 124797
74897 762 930 6 111594 111591 125323 124306 124307 124673
74898 599 930 4 111592 111594 124789 124938
74899 11711 11563 3 111595 111596 111598
74900 11251 11119 4 111602 111603 111722 111721
74901 11251 11195 5 111603 111600 111897 111936 111937
74902 11789 11662 3 111604 111605 111618
74903 774 823 4 111606 111607 114415 123054
74904 774 729 5 111607 111608 115759 115757 114416
74905 586 729 4 111608 111609 124476 124447
74906 586 823 6 111609 111606 112724 112725 124883 124884
74907 586 774 4 111606 111608 124446 125153
74908 1005 989 9 111612 111613 117868 123014 123015 124882 124360 118168 118169
74909 1005 665 6 111613 111614 124758 124757 117846 117847
74910 637 1005 3 111612 111614 125146
74911 11664 11764 4 111615 111616 125266 -1
74912 11752 11764 5 111616 111617 112043 112045 125267
74913 11778 11752 5 111619 111620 112045 125245 112562
74914 11856 229 6 111621 111622 112634 112633 123592 123591
74915 11845 11802 5 111626 111627 124323 124324 124381
74916 548 473 7 111628 111629 117429 122766 122767 124283 124284
74917 395 548 5 111628 111630 124289 124548 124286
74918 251 160 5 111634 111635 123033 123034 125633
74919 278 160 5 111635 111636 112132 125104 124405
74920 278 251 6 111633 111635 124404 125619 125622 124472
74921 160 206 4 111634 111636 112131 125630
74922 59 178 5 111637 111638 125654 125364 125363
74923 59 11689 7 111638 111639 125642 125658 125656 144703 125655
74924 11779 11689 7 111639 111640 125345 125332 112152 112034 112032
74925 11779 178 4 111640 111637 125492 125623
74926 11779 59 4 111637 111639 124566 124563
74927 11689 178 4 111638 111640 125570 125569
74928 310 544 3 111642 111643 112570
74929 530 544 7 111643 111644 125270 125271 125343 125394 112571
74930 530 440 3 111644 111641 114779
74931 530 310 5 111641 111643 112077 112079 114778
74932 544 440 6 111642 111644 124468 124470 117831 117833
74933 11274 11275 5 111645 111646 111741 111739 111714
74934 11856 11343 4 111658 111659 111674 125126
74935 3 11845 5 111660 111661 124323 124321 124774
74936 11845 11856 4 111660 111662 111687 124440
74937 972 882 9 111664 111665 117736 117737 125128 123073 123072 124929 124454
74938 1265 882 3 111666 111664 118129
74939 1191 882 7 111665 111666 118130 118185 124967 124969 124978
74940 237 467 5 111667 111668 111678 111679 128621
74941 237 390 6 111668 111669 124277 126646 126731 126507
74942 249 390 3 111669 111670 124279
74943 249 467 4 111670 111667 128461 128462
74944 249 237 8 111667 111669 124278 124394 126502 144476 128457 128456
74945 625 434 4 111673 111671 112609 112607
74946 625 535 5 111671 111672 125560 125427 125199
74947 11856 11356 5 111674 111675 111686 111687 124441
74948 387 217 7 111677 111676 125210 125151 123550 122981 114422
74949 237 472 6 111679 111680 126798 126555 126556 128527
74950 386 472 4 111680 111681 125816 125817
74951 386 467 5 111681 111678 126508 125863 125862
74952 386 237 6 111678 111680 128477 128667 128577 126507
74953 472 467 5 111679 111681 126515 127768 127769
74954 1092 719 7 111683 111684 123488 123492 123499 123490 123491
74955 759 719 6 111684 111685 123258 123257 123441 123440
74956 759 978 7 111685 111682 123366 123343 121219 121221 123494
74957 759 1092 3 111682 111684 123489
74958 719 978 3 111683 111685 123496
74959 52 11764 3 111689 111690 112095
74960 11778 11816 5 111691 111692 112016 111997 111996
74961 11778 11764 5 111692 111689 112710 112045 112044
74962 11778 52 7 111689 111691 125168 124535 124537 111836 111833
74963 11816 11764 7 111690 111692 112046 112056 112055 111732 111731
74964 296 283 6 111696 111697 124383 124423 125275 111718
74965 11816 283 5 111699 111696 111720 122986 125330
74966 11816 296 3 111696 111698 111719
74967 136 283 3 111697 111699 124384
74968 230 184 6 111700 111702 124414 112596 111957 111956
74969 11522 11343 6 111703 111704 111736 111775 111783 125134
74970 10805 10852 5 111708 111709 112040 112041 112488
74971 11465 10798 4 111710 111711 112454 -1
74972 11465 10852 6 111711 111708 112440 112439 112552 112453
74973 52 283 4 111720 111718 125277 122987
74974 52 296 6 111718 111719 112635 125078 125282 125276
74975 11816 11609 6 111725 111726 111860 111858 111976 111997
74976 10387 10426 7 111727 111728 112292 112331 112335 112327 111959
74977 151 189 5 111729 111730 125331 125372 -1
74978 151 11816 4 111730 111731 112094 122986
74979 11764 189 5 125336 118151 111732 111729 -1
74980 11764 151 7 111729 111731 112095 112710 125267 125266 -1
74981 11512 11343 5 111734 111735 111773 111736 111737
74982 11165 11512 3 111733 111735 111772
74983 11274 10970 4 111740 111741 111769 111770
74984 11512 11527 3 111744 111745 111747
74985 11846 11512 3 111748 111749 111750
74986 13 11846 6 111750 111751 114489 112621 112620 111759
74987 11875 295 6 144396 144397 111752 111753 112248 -1
74988 11875 153 6 111753 111754 144727 144726 126024 112249
74989 81 153 7 111754 111755 125836 124690 124691 125742 125779
74990 81 295 6 111755 111752 126114 126099 114350 114351
74991 153 295 4 111753 111755 125383 112250
74992 11778 13 5 111757 111758 111949 125113 111759
74993 10659 10390 4 111762 111764 112420 112312
74994 10694 10435 4 111763 111765 112198 112197
74995 11496 11043 3 111768 111766 111927
74996 11282 11343 4 111773 111774 111782 111775
74997 11165 11047 4 111777 111776 111781 111868
74998 10728 10450 7 111785 111786 111830 111824 111811 111812 111801
74999 10860 10435 4 111794 111792 112343 112341
75000 10860 10505 7 111792 111793 144638 158519 158851 112307 112306
75001 10850 10768 3 111804 111805 111842
75002 10274 10728 4 111810 111812 111813 111825
75003 10728 10493 4 111814 111815 111825 111817
75004 10728 10519 4 111823 111824 111829 111827
75005 10728 10776 4 111826 111827 111832 111828
75006 10728 10592 4 111829 111830 111831 111832
75007 151 52 6 111833 111834 112063 122987 112094 112095
75008 11778 224 4 111835 111836 112561 112562
75009 11778 151 4 111833 111835 125245 112710
75010 224 52 6 111834 111836 112821 112820 125187 112065
75011 11246 11105 4 111838 111839 144148 144149
75012 11183 11246 7 111838 111840 144575 144574 145489 144193 144195
75013 10850 10550 7 111841 111842 111843 111848 111857 111846 111845
75014 10850 10889 4 111844 111845 111847 111853
75015 10850 11082 3 111849 111850 111851
75016 11816 11527 4 111858 111859 112056 111977
75017 11609 11699 4 111860 111861 112013 111995
75018 125 11604 5 111863 111864 125571 125294 125295
75019 125 11753 5 111864 111865 112168 123547 125572
75020 11165 11043 4 111868 111869 111870 111875
75021 10488 10814 3 111871 111872 112447
75022 11043 10763 4 111876 111877 111878 111880
75023 11047 11173 3 111884 111885 112230
75024 10242 10390 7 111887 111888 112394 112393 112396 112397 111893
75025 11573 11559 6 111890 111891 128678 145197 145156 145154
75026 10242 10529 4 111892 111893 112337 112338
75027 11195 11083 4 111894 111896 111975 111974
75028 10610 10884 4 111899 111900 112156 111951
75029 10626 10610 4 111898 111900 112405 112501
75030 10884 10586 3 111899 111901 111952
75031 10488 10333 4 111904 111905 112444 112445
75032 10883 11043 4 111907 111908 111917 111916
75033 10744 10883 5 111906 111908 111938 111914 111913
75034 9509 9703 5 111909 111911 145252 112381 112267
75035 10814 10744 6 111914 111915 112321 112447 112449 111939
75036 11083 10814 4 111918 111919 112451 112452
75037 10814 10884 4 111918 111920 111939 112455
75038 11330 11382 6 111921 111922 112118 112194 143822 112188
75039 10203 9815 3 111923 111924 112243
75040 10190 9926 4 111928 111929 112290 112281
75041 9793 10190 6 112422 112280 111928 111930 112418 -1
75042 45 11779 3 111932 111933 112688
75043 45 11772 5 111933 111934 118202 112178 112181
75044 11772 11779 8 111933 111935 112096 112031 112030 112153 125283 112689
75045 10869 11330 5 111942 111943 112474 144682 112437
75046 11370 10869 5 111942 111944 112435 112434 112438
75047 10586 10931 4 111952 111950 112415 112309
75048 721 935 6 111953 111954 113422 112931 112932 113129
75049 475 230 4 111957 111958 112622 112598
75050 475 434 6 111958 111955 118125 124998 125047 125177
75051 475 184 4 111955 111957 112597 118124
75052 230 434 6 111956 111958 125189 125235 125237 112687
75053 10426 10529 3 111959 111960 112310
75054 11527 11257 3 111961 111963 111982
75055 151 182 3 111964 111965 -1
75056 151 11664 7 111965 111966 112141 112154 125265 125266 -1
75057 827 11664 3 111966 111967 112143
75058 827 182 6 114052 112629 112630 111967 111964 -1
75059 827 151 7 111964 111966 112142 112138 112137 122974 -1
75060 10586 10069 3 111968 111969 112441
75061 11083 11370 4 111975 111973 112435 111987
75062 11816 11662 4 111976 111977 112046 112016
75063 11257 11394 5 111979 111980 111983 112000 111982
75064 11527 11394 7 111981 111982 112001 112019 112015 112014 112070
75065 11136 11043 3 111984 111985 111986
75066 11328 11512 4 111989 111990 111993 111992
75067 11496 11093 3 111991 111988 112490
75068 11266 11394 5 111998 111999 112018 112001 112000
75069 178 310 6 112002 112003 125563 124187 124185 125536
75070 178 189 7 112003 112004 124590 125493 125569 125654 125574
75071 136 189 6 112004 112005 124382 124384 114493 114492
75072 136 178 4 112002 112004 112159 112158
75073 189 310 6 112003 112005 125188 125352 125328 125329
75074 11689 11586 5 112006 112007 112034 112033 112234
75075 11689 11699 6 112007 112008 112086 112087 125333 112152
75076 11606 11793 5 112010 112009 112100 112165 112245
75077 11609 11394 4 112012 112013 112015 112021
75078 11394 11416 5 112017 112018 112019 112021 112020
75079 11357 11221 3 112023 112024 144764
75080 11419 11248 4 112025 112022 125898 144715
75081 939 1973 4 112026 112028 113488 113490
75082 11779 11515 3 112029 112030 112105
75083 11793 11689 5 112032 112033 112237 112240 125642
75084 637 1077 3 112037 112038 112771
75085 10610 10805 5 112040 112042 112223 112515 112468
75086 11276 11751 4 112050 112047 112539 112538
75087 11544 11751 4 112048 112050 112535 112537
75088 4877 1845 4 112053 112054 113457 113433
75089 11892 170 7 112059 112060 125707 125714 125766 125888 125693
75090 199 11850 7 112061 112062 125739 125357 125356 125478 125477
75091 199 11892 3 112059 112061 125692
75092 11850 170 3 112060 112062 125708
75093 151 300 5 112063 112064 112083 125414 125324
75094 52 300 6 112065 112063 125277 125276 125249 125242
75095 224 300 4 112064 112065 125243 112084
75096 11738 11891 3 112068 112069 125290
75097 11817 59 6 112073 112074 124955 143824 144709 144703
75098 11817 140 6 112074 112075 144616 144614 144658 124956
75099 189 140 3 112075 112076 125668
75100 189 59 6 112076 112073 125655 125654 124504 124506
75101 189 11817 6 144704 112073 112075 112119 112121 -1
75102 140 59 7 112074 112076 125159 125158 125504 125506 124957
75103 310 465 5 112077 112078 125352 125538 112570
75104 530 296 5 112079 112080 112572 112573 112751
75105 530 465 5 112080 112077 112571 125396 125351
75106 296 465 6 112078 112080 125349 125337 124423 124421
75107 202 58 4 112081 112082 128566 124526
75108 765 300 4 112083 112084 125253 125397
75109 11764 11689 4 112085 112087 125336 -1
75110 199 359 4 112088 112089 125508 125904
75111 303 359 5 112089 112090 125612 125599 125509
75112 311 164 6 112091 112092 125595 125721 125362 125297
75113 11779 11711 3 112096 112097 112140
75114 10720 11129 7 112102 112103 156420 156279 144005 143959 143957
75115 11696 17 4 112106 112107 126443 126441
75116 11127 10967 6 112112 112113 126309 144697 144698 144877
75117 10945 11127 4 112112 112114 158899 145225
75118 10505 10723 4 112115 112116 158481 158519
75119 11817 419 8 125553 125551 144686 144615 144616 112119 112120 -1
75120 11817 541 3 112120 112121 -1
75121 189 419 6 112122 112119 125668 124506 124507 114485
75122 541 419 4 112120 112122 114484 -1
75123 11100 11092 3 112124 112125 144440
75124 11034 11152 3 112126 112123 143591
75125 512 260 5 112128 112129 124254 124252 124633
75126 260 466 3 112127 112129 126582
75127 206 134 5 112130 112131 125624 125302 125300
75128 151 545 5 112136 112137 122975 125371 125412
75129 765 827 8 112138 112139 125183 124417 124347 117904 112794 112793
75130 765 545 3 112139 112136 125392
75131 827 545 4 112137 112139 125391 122976
75132 11664 706 7 112143 112141 112155 112524 112523 112854 112859
75133 172 54 6 112145 112146 124401 128565 125566 112185
75134 11848 54 5 112147 112145 112186 124953 117504
75135 55 11892 5 112148 112149 125707 125712 144767
75136 55 11850 5 112149 112150 125736 125739 125708
75137 11749 11892 6 112151 112148 144355 144354 125653 125353
75138 11749 55 4 112148 112150 125737 143823
75139 224 11664 4 112154 112155 112579 112580
75140 178 114 6 112157 112158 125536 125634 125673 125564
75141 45 136 5 112159 112160 125246 114494 114492
75142 45 114 5 112160 112157 112179 112178 125613
75143 45 178 4 112157 112159 124590 125494
75144 10529 10507 3 112161 112162 112433
75145 909 752 4 112163 112164 123157 123154
75146 321 219 5 112167 112166 124461 123139 123140
75147 22 11891 7 112170 112171 125778 144765 143825 125288 125290
75148 22 81 4 112171 112169 125742 125777
75149 385 447 6 112172 112173 132879 115723 115724 143539
75150 114 125 6 112174 112175 112576 125626 125646 114827
75151 114 11772 7 112175 112176 125283 112180 112178 125609 112577
75152 11586 125 4 112177 112174 114828 125294
75153 11772 125 4 112175 112177 125295 112578
75154 114 11866 6 112179 112180 112191 112190 125675 125564
75155 11772 11866 3 112180 112181 112689
75156 11675 11888 9 112182 112183 125715 144427 144934 145963 114809 112261 112262
75157 11859 11888 5 112183 112184 125644 125809 125716
75158 54 260 4 112185 112186 124952 125531
75159 11176 11382 4 112189 112188 144454 144717
75160 11866 11779 9 112191 112192 125677 125623 125345 112775 112776 112688 112689
75161 11866 11793 3 112192 112190 125676
75162 10694 10505 6 112196 112198 112305 112307 158850 158897
75163 81 11800 7 112200 112201 125637 125803 126114 125706 125705
75164 81 84 5 112201 112199 125764 125765 125636
75165 81 11838 4 112199 112200 126359 144701
75166 11505 11295 4 112202 112203 144843 128699
75167 11034 11265 5 112205 112206 145338 145425 144971
75168 11092 11258 4 112207 112204 144637 144739
75169 11855 11774 5 112208 112209 126701 126700 145116
75170 11724 154 3 112211 112212 144758
75171 14 11811 4 112213 112214 128693 145000
75172 14 154 8 112214 112211 128516 126892 126891 128705 128694 128691
75173 11419 11184 3 112215 112216 112220
75174 11191 11419 5 112215 112217 144763 144617 112219
75175 11191 11532 3 112221 112219 125645
75176 8981 9151 4 112225 112227 157573 157613
75177 10852 11481 5 112228 112229 112263 112439 112550
75178 11481 11173 6 112228 112230 112492 112494 112495 112540
75179 9602 10190 4 112231 112233 112422 -1
75180 11586 11561 6 112234 112235 112236 112244 112247 112241
75181 11561 11793 4 112237 112238 112245 112241
75182 11561 11749 8 112238 112239 125657 144725 144603 124839 124840 112246
75183 11689 11749 3 112239 112240 125658
75184 11875 659 5 112248 112249 125552 125550 -1
75185 11329 11179 5 112251 112252 125528 125527 144656
75186 11353 11329 5 112256 112257 144718 144655 144656
75187 11353 11330 5 112257 112258 144751 144682 144683
75188 11424 11613 6 112259 112260 144799 144783 144333 144334
75189 11424 11888 5 112260 112261 114808 112475 112477
75190 11888 11613 3 112260 112262 144555
75191 10430 10561 5 112264 112265 158836 158876 158878
75192 10526 10561 7 112265 112266 148506 148520 148350 148049 148050
75193 10561 10286 7 112264 112266 148504 158231 158510 158830 158857
75194 10190 10586 4 112269 112270 112418 -1
75195 10433 10768 3 112272 112273 112296
75196 10651 10387 3 112274 112271 112308
75197 10387 10550 3 112275 112276 112325
75198 10839 10629 6 158805 145313 112278 112279 158923 -1
75199 10839 10723 6 112279 112277 158114 112388 112387 158922
75200 10839 10600 7 112277 112278 145312 158841 158840 158479 158476
75201 10324 10387 9 112283 112282 112297 112325 112291 112292 112329 112328 112332
75202 10286 10175 5 112284 112285 157629 157628 158506
75203 10175 10295 5 112284 112286 145301 145298 158856
75204 10433 10249 5 112288 112289 158304 112313 112298
75205 10175 10222 5 112293 112294 158864 158399 158400
75206 10247 10222 4 112294 112295 158835 158834
75207 10183 10209 7 112299 112300 158688 157441 157440 158798 157155
75208 10224 10209 9 112301 112299 145564 145561 145669 158801 158677 158676 158704
75209 9995 10209 3 112300 112301 158689
75210 10505 10659 3 112305 112306 112347
75211 10249 10505 4 112313 112314 158903 158303
75212 10435 10242 3 112315 112316 112393
75213 10529 10738 4 112317 112318 112320 112323
75214 10529 10744 4 112318 112319 112446 112321
75215 10387 10323 3 112326 112327 112336
75216 10387 10121 4 112329 112330 112339 112331
75217 10387 10216 3 112332 112333 112334
75218 10242 10387 6 112335 112336 112337 112397 112340 112339
75219 10435 10768 3 112344 112345 112346
75220 10147 9998 4 112349 112350 153182 156439
75221 10073 9998 7 112350 112351 158428 147871 147870 157799 153184
75222 10073 10229 4 112351 112348 157829 158427
75223 10073 10147 5 112348 112350 153183 158610 157828
75224 9998 10229 4 112349 112351 143907 143904
75225 11040 11128 4 112352 112354 112376 112370
75226 9174 8798 4 112355 112356 151856 158068
75227 10937 11128 7 112358 112359 112373 112371 112370 112375 144696
75228 10356 10191 3 112367 112368 158505
75229 10175 10191 7 112368 112369 158821 158815 158731 157626 157628
75230 10175 10393 3 112369 112366 158504
75231 10175 10356 7 112366 112368 158506 158856 158217 158218 158283
75232 10191 10393 7 112367 112369 158865 143947 143944 157866 158571
75233 11040 10937 3 112372 112370 112377
75234 11112 10937 4 112371 112372 145297 145266
75235 10874 11128 3 112373 112374 145233
75236 10024 10222 5 112378 112379 158399 145419 145420
75237 9509 9807 5 112382 112381 145253 153189 157704
75238 10151 10197 7 112384 112385 146888 147767 147770 147824 147931
75239 10197 10082 4 112383 112385 146887 147935
75240 10723 10800 7 112386 112387 158924 158889 158890 156538 156539
75241 11034 10800 7 112389 112386 145357 144675 144251 144253 158928
75242 11034 10723 4 112386 112388 158113 158295
75243 10839 10800 3 112387 112389 158925
75244 11116 10906 4 112390 112391 147074 147371
75245 10390 10373 3 112395 112396 112399
75246 10390 10387 4 112397 112398 112400 112399
75247 706 47 5 112403 112404 112523 112845 112624
75248 10744 10626 4 112406 112405 112448 112449
75249 11803 11600 6 113162 112930 112929 112408 112407 -1
75250 10515 10393 4 112412 112413 145337 158847
75251 10515 10356 5 112413 112411 158670 158879 145335
75252 10659 10507 6 112420 112421 112430 112432 112442 112433
75253 10494 10492 5 112424 112425 148137 147873 147528
75254 10494 10528 4 112425 112423 145488 145485
75255 10494 10451 7 112423 112424 147450 147449 147588 147587 147594
75256 10507 10804 4 112429 112430 112431 112471
75257 11119 10869 5 112434 112436 112473 112486 112460
75258 11173 11465 4 112553 112453 112454 -1
75259 296 300 6 112462 112463 125276 125275 125337 124328
75260 296 135 4 112463 112464 125278 125282
75261 434 300 4 112465 112462 124329 125248
75262 434 296 8 112462 112464 125279 114491 114490 112753 112573 112575
75263 135 300 4 112463 112465 125250 125249
75264 1935 2251 5 112466 112467 116319 118102 113861
75265 10869 10804 6 112469 112470 112471 112480 112482 112484
75266 10869 10883 6 112472 112473 112485 112482 112483 112481
75267 11838 11424 7 112475 112476 144756 144362 144360 144503 126311
75268 11800 11424 4 112476 112477 144799 144800
75269 10869 10727 4 112478 112479 112483 112480
75270 10869 11019 4 112484 112485 112486 112487
75271 11173 11512 4 112493 112494 112496 112497
75272 10610 10488 7 112498 112499 112501 112500 112510 112506 112507
75273 10610 10096 6 112502 112503 112511 112507 112505 112504
75274 10610 10156 3 112508 112509 112510
75275 575 602 5 112512 112514 113050 112680 112677
75276 46 352 6 112516 112517 118207 123058 123056 124620
75277 11687 352 7 112518 112516 113042 113041 113027 113026 113010
75278 11544 352 4 112517 112518 113011 113029
75279 1495 1480 7 112519 112520 116379 118074 125101 118203 118069
75280 1495 1817 3 112520 112521 116378
75281 1768 1817 7 112521 112522 116462 116461 115189 115188 118002
75282 1768 1495 7 112519 112521 116260 116261 118032 118034 118070
75283 1817 1480 4 112520 112522 118085 116380
75284 441 19 4 112527 112528 125171 125156
75285 441 165 7 112528 112529 124355 125067 125068 112631 112632
75286 217 165 3 112529 112530 124356
75287 217 19 6 112530 112527 125143 125145 118171 118170
75288 165 19 5 112528 112530 125152 125164 125165
75289 2537 2284 5 112531 112532 118391 116464 114223
75290 665 896 5 112543 112545 112773 112783 124927
75291 581 573 4 112547 112548 112838 112715
75292 341 573 5 112548 112549 113051 113102 112840
75293 341 581 5 112546 112548 112839 112935 112934
75294 573 575 4 112547 112549 112680 112679
75295 11664 10852 3 112550 112551 112552
75296 11664 11704 3 112554 112555 112556
75297 182 11747 6 112558 112559 112841 112696 112697 112918
75298 1780 1787 8 112565 112566 117125 117126 116799 116802 117951 115993
75299 1780 1936 4 112566 112563 116880 116879
75300 1780 1784 5 112563 112565 115992 117260 117261
75301 637 453 5 112567 112568 112705 112711 112618
75302 544 465 6 112571 112570 117833 117834 125390 125407
75303 530 434 3 112573 112574 112752
75304 558 296 4 112575 112572 125349 124328
75305 114 65 5 112576 112577 125610 125632 125627
75306 845 938 5 112581 112582 117599 117597 125838
75307 845 1145 3 112582 112583 125728
75308 1173 938 4 112584 112581 124972 124971
75309 1173 845 5 112581 112583 125729 125966 126019
75310 1145 938 8 112582 112584 125296 125459 125464 126028 140685 126020
75311 682 586 5 112585 112586 112722 112725 124997
75312 586 1024 4 112585 112587 116921 116918
75313 1677 1879 3 112588 112589 139284
75314 1677 1829 7 112589 112590 138439 125957 125955 141041 139716
75315 1874 1829 4 112590 112591 138024 139250
75316 1874 1879 5 112591 112588 116803 116805 138022
75317 1874 1677 6 112588 112590 139249 139760 140984 139285
75318 1829 1879 7 112589 112591 138023 139676 140987 140778 139717
75319 184 88 4 112593 112594 124414 125140
75320 11845 88 6 112594 112595 124324 124321 124775 124415
75321 2846 3211 8 112599 112600 113904 113905 114116 113922 113920 -1
75322 2846 3225 4 112600 112601 115379 114156
75323 3042 2846 5 112599 112601 115269 115271 -1
75324 1935 1510 9 112602 112604 113945 116473 118260 117210 117209 116166 112617
75325 28 134 4 112605 112606 115852 115853
75326 625 662 5 112608 112609 125199 125428 123037
75327 625 676 4 112607 112608 123036 114475
75328 1692 1795 6 112613 112614 114890 114891 116475 116474
75329 2222 1795 6 112614 112615 113800 113963 113856 113858
75330 2222 1692 4 112612 112614 118105 118223
75331 1795 1935 4 112613 112615 113799 113945
75332 1669 1510 7 112616 112617 115396 114480 114481 114109 113594
75333 135 13 6 112619 112620 125113 125207 125208 125209
75334 13 230 4 112619 112621 122942 125144
75335 650 475 5 112622 112623 118182 125070 125177
75336 47 182 5 112624 112625 112923 112916 112844
75337 570 1127 4 112626 112627 118332 122717
75338 1127 949 7 112626 112628 122856 122936 122938 122882 122873
75339 441 11856 5 112632 112633 125141 125169 125171
75340 229 441 5 112631 112633 125142 118024 118026
75341 2222 1905 3 112638 112639 113800
75342 1130 589 5 112641 112642 113143 113552 113151
75343 770 505 5 112643 112640 113117 113116 113140
75344 770 1130 4 112640 112642 113142 113153
75345 3376 1544 5 112644 112645 113257 122512 122511
75346 30 11687 3 112649 112650 113010
75347 2559 2698 6 112656 112653 113487 114217 114193 113900
75348 2559 2852 4 112653 112655 113727 113486
75349 2874 2698 5 112654 112656 113901 114230 118608
75350 11803 454 4 112659 112660 112929 112673
75351 1028 581 3 112661 112662 112715
75352 1028 754 6 112662 112663 113059 113723 113003 112933
75353 575 1028 5 112661 112663 112721 112677 112679
75354 407 11847 5 112664 112665 121141 122748 122776
75355 407 11657 5 112665 112666 122257 121087 121088
75356 573 778 5 112667 112668 112670 113279 113046
75357 8 540 4 112671 112672 112675 112676
75358 11803 540 5 112672 112673 112930 113163 112695
75359 8 182 4 112674 112675 112694 112696
75360 1028 602 5 112677 112678 113191 112994 112720
75361 540 1138 3 112681 112683 112684
75362 540 754 4 112686 112684 112998 112997
75363 770 754 3 112685 112686 112996
75364 2808 2706 8 112690 112691 115364 115541 115079 115081 114403 114402
75365 2808 2553 6 112691 112692 115128 115326 115270 115268
75366 2521 2553 8 112692 112693 115319 115193 115031 115032 115293 115130
75367 2521 2706 4 112693 112690 115267 115285
75368 2521 2808 3 112690 112692 115129
75369 11803 182 6 112842 112841 112694 112695 113476 -1
75370 590 6541 7 112698 112699 113323 113347 113340 113334 113332
75371 673 274 4 112700 112701 123716 123714
75372 290 274 7 112703 112700 128380 128811 128812 124123 123894
75373 290 673 5 112700 112702 122771 117671 117670
75374 393 274 6 112701 112703 123895 148855 124112 124111
75375 1390 1053 5 112707 112708 113822 124958 114431
75376 1390 1143 6 112708 112709 112826 114024 113002 113001
75377 1077 1390 4 112707 112709 112825 114182
75378 1758 1821 6 112712 112713 114435 114434 116512 116923
75379 1603 2247 4 112718 112719 113212 113760
75380 792 1028 6 112720 112721 113059 113985 116265 112992
75381 676 823 5 112723 112724 123054 117830 117829
75382 586 676 6 112722 112724 125153 125048 114474 114475
75383 823 682 5 112723 112725 124980 124942 124941
75384 1215 1143 4 112727 112728 114025 112826
75385 1200 1215 5 112726 112728 113845 113844 112827
75386 896 827 5 112729 112730 112794 117903 113954
75387 540 11600 3 112733 112734 112930
75388 1669 1558 7 112736 112737 114395 114387 114386 114397 116262
75389 1061 939 4 112738 112739 113511 113513
75390 1061 1280 7 112739 112740 113545 113430 113431 113505 113569
75391 454 1061 4 112738 112740 113138 113137
75392 1603 1635 6 112744 112745 113916 113761 113212 113179
75393 352 730 4 112746 112747 113012 122545
75394 530 535 7 112751 112752 122915 125269 125270 114779 114778
75395 296 535 3 112753 112751 124607
75396 682 662 6 112756 112757 123035 123037 125437 124174
75397 682 635 3 112757 112754 125155
75398 662 635 4 112755 112757 125226 112795
75399 1935 1991 4 112762 112760 118248 117987
75400 2185 1991 9 112761 112762 114196 114195 113214 113216 113823 114866 114865
75401 2592 2538 6 112764 112765 113951 114466 113862 113865
75402 2797 2538 3 112765 112766 113720
75403 1583 1902 8 112768 112769 112876 114376 114565 114919 112837 112836
75404 1316 1902 6 112870 112871 112769 112770 112903 -1
75405 271 765 4 112778 112780 118094 112846
75406 765 665 6 112782 112783 124936 123568 118093 112846
75407 765 896 4 112783 112781 112794 117902
75408 1308 813 5 112787 112784 121227 121020 118394
75409 1308 984 4 112784 112786 121058 121169
75410 1346 813 5 112785 112787 118393 121650 123826
75411 1344 1534 3 112791 112792 118156
75412 1485 1344 5 112790 112792 118155 116945 116944
75413 1302 1006 5 112798 112799 114571 123610 114660
75414 1302 1564 8 112799 112796 114546 114547 114645 114561 114445 114447
75415 1302 1173 4 112796 112798 114659 114842
75416 1006 1564 4 112797 112799 114570 -1
75417 583 657 6 112802 112803 125075 125076 125241 125204
75418 583 940 4 112803 112804 125378 125354
75419 765 940 8 112804 112805 124936 117902 117904 124346 112808 112806
75420 765 657 4 112805 112802 123567 123568
75421 765 583 8 112802 112804 125181 125183 125392 125413 125397 125203
75422 765 1232 3 112807 112808 116965
75423 765 1050 5 112806 112807 116964 124417 125181
75424 269 252 7 112810 112811 128420 128419 124318 124320 125684
75425 198 252 4 112811 112812 125845 128430
75426 198 11889 6 112812 112809 125452 125884 125870 125844
75427 198 269 6 112809 112811 128124 125756 125755 125451
75428 252 11889 5 112810 112812 125833 125832 125770
75429 1005 635 4 112817 112815 125186 125095
75430 993 635 4 112816 112817 125096 123039
75431 52 271 4 112819 112820 124932 124933
75432 11789 52 4 112819 112821 124537 124536
75433 2511 2540 6 112822 112823 118591 115085 115086 118525
75434 2593 2540 7 112824 112822 114233 114229 114140 114139 112877
75435 1215 1390 5 112825 112826 114026 113660 113659
75436 1005 1495 5 112830 112831 113144 125119 124911
75437 1365 1495 6 112831 112832 124697 112890 112892 113146
75438 1365 1005 4 112829 112831 113145 123029
75439 1495 1278 3 112830 112832 124912
75440 1902 1703 5 112833 112834 116259 114921 112837
75441 573 754 5 112840 112838 112933 113004 113105
75442 341 754 5 112839 112840 113104 113093 112995
75443 11751 706 3 112845 112843 112854
75444 623 359 5 112847 112849 128518 125442 125444
75445 308 391 4 112848 112850 124233 124253
75446 928 657 4 112851 112852 123038 125075
75447 2772 2889 9 112857 112858 118716 118604 118422 118421 118745 118883 115620
75448 2889 2646 4 112856 112858 118695 118637
75449 676 774 8 112860 112861 117791 123054 125153 125071 125069 125185
75450 1005 774 7 112863 112860 125186 125105 125106 125179 124985
75451 1005 676 3 112860 112862 125095
75452 993 774 4 112861 112863 124986 117793
75453 1457 1686 8 112864 112865 124634 124635 124845 124974 124913 124779
75454 1457 1710 5 112865 112866 117060 124559 124558
75455 1665 1710 6 112866 112867 116956 116954 114526 114527
75456 1564 1464 8 112868 112869 114375 114497 114446 114447 114570 -1
75457 1564 1902 7 114925 114924 114564 114376 112869 112870 -1
75458 1316 1564 3 112868 112870 -1
75459 1902 1464 3 112869 112871 112876
75460 2879 2772 5 112872 112873 118420 118421 118744
75461 2879 2920 4 112873 112874 117942 117943
75462 2787 2920 4 112874 112875 113301 113302
75463 2787 2879 5 112872 112874 118518 118517 118576
75464 2319 2593 5 112877 112878 113890 113892 114124
75465 2100 1830 3 112880 112881 115070
75466 1866 1830 8 112881 112882 114626 114619 114621 114835 116634 115071
75467 2709 2800 5 112883 112884 114278 115208 116133
75468 730 989 5 112885 112886 123041 118091 113821
75469 2041 2061 4 112887 112888 116435 116436
75470 2041 2116 5 112888 112889 118478 118419 117923
75471 2176 2041 7 112887 112889 117801 113528 113527 118427 118352
75472 1543 1365 5 112890 112891 115879 117931 124695
75473 1429 1365 6 112891 112892 118109 118000 116478 115880
75474 46 73 6 112893 112894 123018 125086 118207 118208
75475 46 13 6 112894 112895 125121 125122 125147 123017
75476 11704 46 3 112893 112895 124619
75477 1049 997 3 112896 112897 116369
75478 1294 997 6 112898 112896 113119 113118 113952 113207
75479 2185 2322 5 112899 112900 116444 115709 115710
75480 2298 2322 5 112902 112899 116246 113174 113176
75481 2298 2185 6 112899 112901 114535 116320 118378 116245
75482 2195 2322 7 112900 112902 116150 116420 115262 115261 116426
75483 2553 1316 4 113928 112905 112903 -1
75484 2553 1902 6 112903 112904 114113 114970 115141 -1
75485 1725 2147 8 112906 112907 114042 114251 113960 113958 116430 116271
75486 1835 2147 3 112909 112906 116272
75487 887 456 7 112911 112912 112985 122925 122422 122423 123296
75488 672 890 5 112913 112910 118064 118065 123159
75489 672 887 4 112910 112912 112986 122901
75490 456 890 4 112911 112913 123187 123210
75491 182 30 6 112916 112917 112918 112919 112920 112921
75492 182 111 3 112921 112922 112923
75493 754 792 3 112924 112925 113059
75494 589 11683 3 112927 112928 113111
75495 30 352 7 112942 112943 113028 113011 113010 113024 113009
75496 2820 3001 6 114094 114095 112944 112945 114184 -1
75497 2820 2457 5 112945 112946 113733 113731 114138
75498 1497 1968 4 112950 112951 113308 122386
75499 258 464 3 112952 112953 122537
75500 2947 3096 5 112955 112956 114272 114270 116092
75501 3078 2839 3 112957 112954 113424
75502 795 919 7 112958 112959 123068 122753 122754 124987 122466
75503 1029 919 7 112961 112958 122468 125131 118037 114598 114597
75504 1029 795 4 112958 112960 123022 122467
75505 862 919 3 112959 112961 118115
75506 2847 2683 6 112963 112964 118921 118954 118983 118982
75507 2847 2766 4 112964 112965 118742 118740
75508 2929 2683 4 112966 112963 116360 115901
75509 10054 967 4 112967 112969 113396 113450
75510 2622 1905 3 112971 112972 113902
75511 454 505 4 112974 112976 113115 113140
75512 2724 3484 4 112978 112979 113628 113629
75513 3201 2765 6 112980 112977 113382 113502 113501 113597
75514 3201 2724 6 112977 112979 113627 113634 113377 113376
75515 3484 2765 5 112978 112980 113579 113578 113596
75516 730 777 3 112983 112984 113075
75517 456 756 3 112987 112985 122928
75518 1988 2042 5 112988 112989 116489 116488 117824
75519 1988 2050 4 112989 112990 118086 118015
75520 1924 2042 3 112991 112988 116212
75521 1924 1988 8 112988 112990 118136 118400 118448 118287 117508 117507
75522 2050 2042 8 112989 112991 115199 115200 115258 115257 116308 116306
75523 1127 1028 4 112994 112992 116267 113192
75524 1127 792 5 112992 112993 118332 122718 116266
75525 1150 1390 5 113000 113001 113822 125116 118144
75526 1390 1510 5 113000 113002 114022 114109 118117
75527 158 176 8 113005 113006 123199 123208 123424 122741 122742 123116
75528 11814 176 5 113007 113005 118702 118703 117856
75529 11780 176 4 113006 113007 117855 121161
75530 11660 352 6 113008 113009 113025 113027 113021 113022
75531 352 387 4 113012 113013 122043 122044
75532 473 223 4 113014 113015 124551 128574
75533 516 637 3 113017 113018 125062
75534 271 516 7 113017 113019 118094 124376 124932 124934 125148
75535 174 352 6 113020 113021 113041 113040 123001 113023
75536 352 11276 3 113024 113025 113026
75537 352 73 4 113028 113029 118207 113030
75538 526 901 5 113031 113032 123127 123371 123160
75539 526 895 5 113032 113033 123571 117693 117694
75540 672 526 7 113031 113033 123562 123137 123136 123186 123159
75541 116 105 5 113034 113035 124217 124142 124100
75542 116 11812 4 113035 113036 124129 124211
75543 11710 105 3 113037 113034 123092
75544 11710 116 8 113034 113036 124128 124130 124131 124078 123673 123675
75545 352 80 5 113042 113040 125120 124621 124620
75546 1138 1261 4 113043 113044 114073 113076
75547 573 1299 5 113045 113046 113290 113079 113080
75548 602 341 5 113050 113051 113101 113053 113052
75549 838 1190 4 113057 113058 121976 119397
75550 2316 2239 5 113060 113061 119549 119504 119047
75551 2221 2239 6 113061 113062 119821 119707 119709 119836
75552 2239 2271 4 113060 113062 118857 118856
75553 2476 2485 4 113063 113064 114298 113805
75554 1982 2485 5 113065 113063 113807 114155 114294
75555 2036 2485 3 113064 113065 114293
75556 1294 1200 5 113067 113068 113932 113118 113121
75557 1795 1200 5 113068 113069 113835 114071 113933
75558 1795 1510 5 113069 113066 116474 113945 113833
75559 1795 1294 6 113066 113068 113931 114002 114001 116475
75560 2872 2206 5 113072 113073 118455 118453 122330
75561 2542 2872 3 113071 113073 122297
75562 2206 2805 3 113072 113074 122459
75563 1550 1138 6 113076 113077 113152 113860 113956 114076
75564 1795 1905 11 113087 113088 114070 113835 113833 113799 113800 113962 114135 113902 113903
75565 1795 1929 3 113088 113089 114057
75566 1138 288 3 113090 113091 113092
75567 1497 2809 3 113096 113094 122465
75568 265 754 3 113104 113105 113106
75569 3141 2874 3 113107 113109 113171
75570 997 1150 6 113119 113120 113934 113819 113820 116369
75571 2916 3065 7 113123 113124 113550 113706 113651 113650 113656
75572 3387 2916 3 113122 113124 113538
75573 3065 2794 4 113123 113125 113607 113604
75574 67 370 3 113130 113131 113134
75575 11624 67 5 113130 113132 113226 113225 113133
75576 11624 860 3 113135 113133 113251
75577 770 1061 5 113136 113138 113545 113521 113370
75578 1550 1130 6 113142 113143 113551 113554 113859 113152
75579 1005 1388 6 113144 113145 125044 125045 123015 123013
75580 91 10955 4 113148 113149 113248 122184
75581 1501 1399 7 113155 113156 122597 122596 122595 123505 121030
75582 1186 1490 7 113159 113161 113517 113467 113466 113574 113544
75583 939 11803 4 113162 113163 113476 -1
75584 10656 935 3 113164 113165 113412
75585 1624 1299 3 113167 113168 113180
75586 1624 1127 6 113168 113169 122936 122553 122542 113242
75587 2322 2571 5 113174 113175 116276 116336 116337
75588 2322 2476 7 113175 113176 116150 116419 116416 114467 114465
75589 825 609 3 113186 113187 123667
75590 825 627 8 113187 113184 123083 120529 120528 123893 123976 123831
75591 825 684 5 113184 113186 123666 123469 123471
75592 609 627 6 113185 113187 123388 123387 123828 123481
75593 2487 2050 4 113190 113188 114510 114508
75594 2302 2050 5 113189 113190 116368 116308 115157
75595 2209 1974 5 113193 113194 118463 118465 118527
75596 2209 1898 5 113194 113195 113791 118350 118452
75597 1988 1898 4 113195 113196 116269 113793
75598 1988 1974 5 113196 113193 118528 118287 118286
75599 1898 1974 5 113194 113196 118361 118362 118464
75600 298 778 4 113198 113199 113351 122185
75601 1925 1382 5 113202 113204 120232 122676 122327
75602 1603 1138 4 113205 113206 113979 113853
75603 2247 1635 6 113211 113212 113697 113280 113281 113779
75604 2163 1991 6 113213 113214 113898 113899 113801 113804
75605 2163 2185 5 113214 113215 116248 116249 117444
75606 2302 2185 4 113215 113216 113825 116348
75607 2302 1991 3 113216 113213 113824
75608 1795 2622 6 113217 113218 113902 114136 113936 113907
75609 1795 2591 3 113218 113219 113903
75610 2059 1603 8 113223 113224 113874 113875 113877 118040 114892 113910
75611 2059 2168 7 113224 113222 113857 113838 113837 113883 113888
75612 2059 1763 3 113222 113223 113908
75613 2920 3060 4 113232 113233 118368 118607
75614 3039 2920 11 113232 113234 118513 118672 118627 118581 117943 117945 118611 118619 118609
75615 3089 1544 6 113238 113235 113348 113350 122512 113353
75616 3089 1241 5 113235 113237 118678 118677 120263
75617 1924 1631 7 113240 113241 118494 118303 116480 116183 116184
75618 1127 1484 3 113242 113243 122541
75619 1532 1623 5 113244 113245 122854 122855 122577
75620 1760 1623 5 113247 113244 122498 122497 118511
75621 1760 1532 6 113244 113246 122528 122631 122576 122575
75622 1633 1623 4 113245 113247 118510 122946
75623 2561 2547 4 113252 113253 113403 113309
75624 1969 2547 9 113254 113252 113310 122428 122436 122501 113319 113305 113304
75625 2714 1921 3 113261 113259 113610
75626 2714 2724 6 113259 113260 113381 113376 113375 113630
75627 590 9851 7 113262 113263 113343 113342 113341 113328 113327
75628 11075 1570 3 113266 113267 122249
75629 1340 1336 7 113269 113270 122905 122906 122725 122726 122609
75630 1430 1336 7 113270 113271 122739 122864 122324 122323 122913
75631 1430 1340 4 113268 113270 122914 122877
75632 1336 1357 3 113269 113271 122610
75633 11486 1570 6 113273 113272 122249 122205 122163 122077
75634 1339 1299 4 113274 113275 113290 113276
75635 1339 573 4 113277 113278 113279 113290
75636 633 1436 6 113286 113287 122022 120913 120914 121278
75637 633 1526 5 113287 113288 122690 122688 122687
75638 2979 3484 5 113291 113292 113371 113373 113578
75639 1693 1440 3 113294 113295 114012
75640 1693 1379 6 113295 113293 118264 122582 118231 118232
75641 1693 1428 5 113293 113294 114011 118039 118263
75642 1550 2655 5 113300 113299 113756 113696 113695
75643 2947 2920 6 113302 113303 118388 118610 117945 117942
75644 3262 1969 4 113305 113306 113394 113320
75645 3060 2593 4 113311 113312 118368 113418
75646 2183 2251 7 113314 113315 113861 118148 118554 113926 113924
75647 2669 2348 8 113317 113318 117955 113587 113586 116181 116097 116094
75648 2669 2163 3 113318 113316 116465
75649 1824 1969 5 113319 113320 113388 113387 118522
75650 590 10656 3 113324 113325 113327
75651 590 9455 4 113332 113333 113343 113335
75652 590 11004 4 113336 113337 113341 113338
75653 2743 6541 3 113344 113345 113347
75654 1544 91 4 113348 113349 113354 118550
75655 5130 2743 4 113355 113356 113357 113362
75656 2743 3402 3 113358 113359 113361
75657 2743 5039 4 113363 113364 113369 113365
75658 2743 4599 4 113366 113367 113368 113369
75659 2979 3926 4 113373 113374 113383 113577
75660 1487 3201 4 113377 113378 113584 113635
75661 1487 2714 5 113378 113375 113566 113565 113583
75662 4015 2979 4 113379 113380 113383 113625
75663 2714 2765 4 113382 113381 113479 113481
75664 2496 515 4 113392 113393 113439 113601
75665 1339 2561 4 113399 113400 113416 113774
75666 2561 3030 3 113403 113404 113405
75667 1762 2020 5 113407 113408 118226 117803 116270
75668 2153 1562 4 113413 113414 113415 113417
75669 2812 2496 6 113419 113420 113439 113543 113541 113447
75670 1675 721 6 113421 113422 113454 113536 113537 113522
75671 527 1675 5 113421 113423 113465 113471 113523
75672 1061 1261 3 113429 113430 113521
75673 1845 11355 3 113434 113435 113436
75674 2812 515 5 113439 113440 113525 113531 113534
75675 1686 1495 6 113445 113442 125087 118113 118033 118032
75676 2042 1495 3 113443 113445 116261
75677 3705 2496 3 113446 113447 113480
75678 1921 1490 5 113451 113452 113574 113575 113614
75679 1635 1490 4 113453 113451 113559 113553
75680 3066 1675 4 113459 113460 113508 113462
75681 1675 1845 4 113463 113464 113465 113470
75682 1565 1186 4 113468 113466 113576 113563
75683 2765 1675 5 113472 113473 113542 113508 113509
75684 2496 1675 5 113473 113474 113602 113601 113543
75685 1675 1921 6 113472 113474 113613 113614 113619 113558
75686 743 967 4 113477 113478 113524 113482
75687 2765 3705 5 113480 113481 113502 113500 113582
75688 2655 2916 4 113483 113484 113646 113656
75689 2794 2655 7 113483 113485 113618 113671 113670 113605 113604
75690 2668 2559 5 113486 113487 114077 113810 113728
75691 939 2450 5 113767 113491 113488 113611 -1
75692 1280 2450 3 113489 113491 113645
75693 1487 3560 7 113662 113584 113583 113494 113495 113497 -1
75694 9650 1487 4 113498 113496 113497 -1
75695 1550 1408 3 113504 113503 113515
75696 2765 2979 7 113509 113510 113625 113577 113578 113595 113557
75697 1186 1921 4 113514 113516 113574 113576
75698 1490 589 6 113517 113518 113555 113552 113549 113548
75699 515 1675 7 113522 113523 113533 113534 113601 113540 113539
75700 2397 2176 6 113528 113529 115424 115422 118357 117802
75701 2397 2280 7 113529 113526 118485 118486 118798 114963 114965
75702 2397 2041 5 113526 113528 117800 118140 118141
75703 2176 2280 4 113527 113529 116445 116471
75704 515 1423 4 113530 113531 113533 113532
75705 1490 721 4 113535 113536 113556 113555
75706 1408 1117 5 113546 113547 113561 113562 113581
75707 1490 1130 5 113551 113552 113556 113560 113553
75708 2979 1921 5 113557 113558 113620 113753 113608
75709 1082 1522 4 113567 113568 113571 113580
75710 1280 1082 3 113569 113570 113571
75711 1921 1565 7 113575 113576 113590 113633 113610 113609 113613
75712 3926 2765 4 113577 113579 113597 113626
75713 2778 2699 5 113588 113589 116111 114577 113688
75714 2778 2348 3 113586 113588 113686
75715 2699 2669 4 113587 113589 114098 114096
75716 1669 1589 4 113593 113594 114108 114386
75717 2450 3589 4 113678 113598 113599 -1
75718 2450 3987 7 113599 113600 113636 113637 113639 113641 -1
75719 2655 2951 5 113605 113606 113754 113694 113673
75720 2874 3039 3 113616 113617 118609
75721 1316 1462 5 113942 113937 113621 113622 -1
75722 1316 827 9 113622 113623 113954 118210 124347 124416 125417 125418 -1
75723 1215 1462 6 113624 113621 113938 113842 113844 113893
75724 1215 1316 6 113621 113623 113953 114078 113659 113658
75725 827 1462 5 113622 113624 113894 114052 -1
75726 1565 2724 4 113630 113631 113632 113633
75727 2450 3201 6 113634 113635 113661 113640 113637 113638
75728 2450 4725 3 113639 113640 113642
75729 2450 3560 5 113641 113642 113661 113662 -1
75730 3987 3560 3 113643 113641 -1
75731 1280 1462 6 113644 113645 113768 114050 114063 114054
75732 3023 2916 3 113651 113649 113702
75733 1795 2149 3 113652 113653 113664
75734 2476 2797 5 113655 113654 113720 113675 113677
75735 1390 1558 7 113660 113657 124854 118112 116263 114397 114234
75736 1390 1316 5 113657 113659 114182 114431 124853
75737 1215 1558 4 113658 113660 114235 113938
75738 1795 2168 7 113663 113664 113906 113907 113935 113856 113857
75739 2657 2952 4 113668 113665 119098 129609
75740 2657 2633 5 113665 113667 119088 119087 119096
75741 2724 2655 4 113670 113672 113693 113673
75742 2592 2476 5 113675 113676 113708 114465 113951
75743 2668 2476 5 113676 113677 113808 113810 113709
75744 2912 2742 6 113682 113683 113703 113918 114322 114304
75745 3001 2742 3 113684 113682 114275
75746 3023 2742 6 113683 113684 114169 113790 113789 113705
75747 2563 2699 5 113687 113688 114575 115915 115917
75748 3849 3001 3 113689 113690 -1
75749 2655 1921 5 113692 113693 113694 113755 113696
75750 1635 2149 5 113697 113698 113795 113917 113761
75751 3075 2742 3 113703 113705 113919
75752 3001 3065 5 113706 113707 113715 113711 113712
75753 3001 3336 3 113713 113714 113715
75754 11859 77 6 113717 113718 126106 126324 126323 126208
75755 11859 292 5 113716 113717 126207 126252 125843
75756 1294 1138 7 113721 113722 113952 113932 113931 114000 113979
75757 1028 1294 5 113721 113723 113985 116282 113978
75758 2592 2263 3 113724 113725 113880
75759 2784 2852 7 113726 113727 113811 114153 114183 114260 115335
75760 2784 2559 5 113727 113728 113809 114321 113812
75761 2728 2709 7 113729 113730 115898 115658 115659 116136 116174
75762 2875 3091 4 113735 113736 116112 115347
75763 2742 2559 3 113737 113738 114236
75764 2742 2874 7 113738 113739 113788 113789 113919 113918 114238
75765 3255 2912 5 113740 113741 114323 114085 114082
75766 2808 2759 7 113742 113743 115081 114380 114379 115192 115329
75767 2808 2748 5 113743 113744 113815 113813 114403
75768 3042 2748 5 113744 113745 115416 115521 115243
75769 3042 2759 3 113745 113742 115415
75770 3042 2808 10 113742 113744 115242 115270 115269 115377 115376 115175 115174 115330
75771 1933 1908 6 113747 113748 116625 116633 116623 116604
75772 1656 1908 7 113748 113749 114651 114650 114913 114837 114836
75773 1656 1861 4 113749 113746 116503 116502
75774 1908 1861 6 113747 113749 116258 116257 116185 116186
75775 2738 2655 6 113754 113755 113756 113773 113762 113763
75776 1462 939 4 113767 113768 114049 -1
75777 1890 2059 4 113770 113771 118396 118395
75778 1484 2059 6 113771 113772 113873 113875 113876 118041
75779 1484 1890 4 113769 113771 118530 122549
75780 2247 2153 5 113777 113778 113779 113783 113784
75781 2247 3066 4 113780 113781 113782 113784
75782 1974 1940 6 113785 113786 118280 118529 118464 118463
75783 2209 2020 6 113791 113792 113840 113841 118557 118351
75784 1988 2020 6 113792 113793 116270 117804 118142 118404
75785 2263 2360 6 113796 113797 115201 116228 113987 113988
75786 2436 2263 4 113796 113798 116428 116220
75787 1988 2087 4 113802 113803 116489 118015
75788 1991 2087 8 113803 113804 113824 113823 116374 116304 115372 115373
75789 1991 1988 7 113801 113803 116488 117718 113977 113974 117804
75790 2087 2163 5 113802 113804 116403 115859 115860
75791 2784 2874 4 113811 113812 114324 114154
75792 2808 2569 5 113813 113814 115128 115129 114402
75793 2808 2501 4 113814 113815 115242 115326
75794 2748 2501 6 113815 113816 115217 115216 115520 115243
75795 2748 2569 7 113816 113813 114404 114250 114249 114444 115295
75796 2501 2569 5 113814 113816 115311 115356 115327
75797 2485 2820 7 113817 113818 114306 114294 114293 114298 114237
75798 730 1150 3 113820 113821 118090
75799 2087 2302 12 113824 113825 115490 115489 114163 114166 116397 116361 116307 115157 115156 116403
75800 2087 2185 4 113825 113823 116375 116347
75801 2892 2797 4 113827 113828 114287 114288
75802 1940 1692 4 113830 113831 118221 118247
75803 1693 1537 5 113832 113829 117863 122878 118301
75804 1693 1940 6 113829 113831 118222 118529 117077 117079
75805 1692 1537 4 113830 113832 116309 116311
75806 1200 1905 4 113834 113835 114059 114040
75807 2168 2222 4 113838 113839 113889 113856
75808 1462 1589 6 113842 113843 114058 113941 113939 114273
75809 1462 1200 6 113843 113844 114064 114074 114071 114059
75810 1215 1589 5 113845 113842 114235 114026 114025
75811 1200 1589 5 113843 113845 114036 114035 114040
75812 2787 2778 3 113846 113847 114197
75813 1219 1301 5 113849 113850 122529 122945 118333
75814 1219 945 5 113850 113851 116487 116486 120878
75815 1447 945 4 113851 113852 122242 118328
75816 1447 1301 8 113852 113849 118335 122950 122581 122580 122838 122954
75817 1447 1219 5 113849 113851 118327 122883 118334
75818 945 1301 8 113850 113852 122951 122911 118029 118028 118294 122530
75819 1763 1130 4 113854 113855 113859 113914
75820 1138 1763 5 113853 113855 113860 113955 114000
75821 1795 2059 5 113857 113858 114890 113910 113908
75822 2538 2553 3 113864 113865 114401
75823 2538 2384 6 113862 113864 115196 114628 114627 116418
75824 2280 2539 7 113866 113867 119321 118399 118398 118738 115800
75825 2280 2446 4 113867 113868 119241 119320
75826 2321 2539 3 113869 113866 115801
75827 2321 2280 5 113866 113868 119234 115847 115799
75828 2446 2539 8 113867 113869 116151 116075 115990 115988 114021 114020
75829 1974 1693 4 113870 113871 118362 118529
75830 1693 1631 6 113870 113872 118231 122907 117080 117077
75831 2263 2384 6 113879 113880 116273 116274 116404 116429
75832 2168 2273 4 113882 113883 113895 113884
75833 2343 2453 7 113885 113886 116268 116385 116388 116619 116525
75834 2343 2594 3 113886 113887 116121
75835 2168 2319 4 113889 113890 113891 113935
75836 2622 2319 4 113891 113892 114125 113936
75837 1462 777 7 113893 113894 114051 114061 114065 114072 114064
75838 2284 1991 3 113897 113898 114195
75839 2163 2020 3 113899 113896 118142
75840 1991 2020 6 113897 113899 117804 117803 117987 114196
75841 2698 2540 8 113900 113901 114229 114232 115086 115087 118563 114194
75842 1795 1603 4 113909 113910 114891 114001
75843 3076 2855 4 113913 113911 115386 115453
75844 1763 1635 4 113914 113915 113917 113916
75845 2846 3714 3 113920 113921 -1
75846 2846 3255 7 113921 113922 114115 114084 114082 114093 -1
75847 2465 2183 3 113923 113924 114130
75848 2540 2251 3 113925 113926 118462
75849 2540 2183 6 113926 113923 114131 118591 117935 117934
75850 2654 1316 4 113942 113927 113928 -1
75851 1138 1795 5 113933 113931 113955 113956 114075
75852 1795 2319 5 113935 113936 114134 113962 113963
75853 1982 1589 4 113939 113940 114099 114355
75854 2313 2501 5 113943 113944 114360 115117 115083
75855 1388 1150 4 113948 113949 125118 114476
75856 989 1334 4 113950 113947 124882 118012
75857 989 1388 4 113947 113949 123016 123015
75858 1150 1334 6 113948 113950 118011 118195 118147 114477
75859 896 1316 6 113953 113954 118209 118216 114433 114079
75860 2063 2147 4 113958 113959 114971 116376
75861 2446 2766 3 113964 113965 116075
75862 1389 1365 5 113968 113969 118081 118097 117880
75863 1389 1627 6 113966 113968 117866 117865 116479 114046
75864 1365 1379 5 113967 113969 118080 118001 116478
75865 1898 2059 3 113971 113972 118242
75866 2183 1692 4 113973 113970 113980 118223
75867 2059 1692 8 113971 113973 118105 114890 114892 116310 116311 118247
75868 1762 1988 7 113974 113975 117506 117508 118286 116269 116270
75869 1762 1543 6 113975 113976 118257 118196 116483 116481
75870 1991 1762 5 113974 113976 118255 118248 117803
75871 1543 1988 3 113975 113977 117717
75872 1294 1603 6 113978 113979 113999 114001 116476 118288
75873 1278 1036 5 113981 113982 124780 124885 118180
75874 1229 1338 4 113983 113984 118206 124919
75875 1229 1036 7 113984 113981 118181 118212 117676 117675 118205
75876 1229 1278 5 113981 113983 124539 114263 114262
75877 2263 2348 7 113988 113989 115488 116446 116332 116333 116220
75878 2302 2360 4 113990 113987 114163 114165
75879 2302 2263 3 113987 113989 115489
75880 2348 2360 3 113988 113990 116221
75881 2471 2328 5 113991 113992 140698 140701 139357
75882 2471 2418 7 113992 113993 115513 115511 140739 140704 140699
75883 2231 2418 4 113993 113994 114980 116746
75884 2231 2471 5 113991 113993 140473 140015 139356
75885 2418 2328 8 113992 113994 114550 114549 115020 115022 116831 140492
75886 2040 2106 7 113995 113996 116553 115033 115036 115058 115074
75887 2040 2071 6 113996 113997 114463 114464 116240 116554
75888 2130 2071 5 113997 113998 116255 116256 116515
75889 2130 2106 5 113998 113995 116576 116575 116349
75890 2130 2040 6 113995 113997 116514 115862 115861 116357
75891 1294 1763 3 113999 114000 114002
75892 1428 1692 6 114003 114004 118259 118038 118039 118281
75893 1294 1692 5 114005 114003 118282 116476 116475
75894 1510 1692 4 114004 114005 116474 116473
75895 1998 2058 8 114006 114007 119296 119232 119233 119310 116466 116467
75896 1998 1746 7 114007 114008 118249 119236 118918 118917 119297
75897 1630 1746 8 114008 114009 117922 117842 117843 123445 119462 118251
75898 1630 2058 4 114009 114006 119279 119280
75899 1630 1998 3 114006 114008 118250
75900 1746 2058 4 114007 114009 119375 119298
75901 1428 1762 4 114010 114011 118038 118258
75902 1927 2007 6 114013 114014 115109 114344 114346 118254
75903 455 1277 7 114016 114017 134215 134718 134230 121917 121916
75904 455 979 6 114015 114016 134384 134392 134394 134419
75905 2539 2639 5 114021 114018 115671 115670 118888
75906 2539 2500 4 114018 114020 119321 118962
75907 2446 2639 3 114019 114021 118889
75908 1589 1143 4 114023 114024 114025 114036
75909 1390 1589 5 114022 114024 114026 114234 114108
75910 2041 1683 3 114029 114030 119365
75911 2567 2352 4 114031 114032 118734 118487
75912 2366 2536 4 114033 114034 115277 115807
75913 2366 2567 4 114031 114033 115825 117353
75914 2536 2352 7 114032 114034 115276 115768 117382 117383 118796
75915 2692 2839 4 114037 114038 116167 116202
75916 1589 1905 4 114039 114040 114058 114041
75917 1627 1631 3 114046 114047 116183
75918 1389 1631 4 114048 114046 116480 118087
75919 1462 182 6 114049 114050 114062 114051 114052 -1
75920 1261 1462 7 114053 114054 114066 114065 114073 114068 114055
75921 1462 1795 6 114056 114057 114070 114071 114075 114069
75922 1462 1905 4 114058 114059 114070 114060
75923 1462 540 4 114061 114062 114063 114066
75924 1550 1462 4 114067 114068 114076 114069
75925 1462 1138 5 114072 114073 114076 114075 114074
75926 1077 1316 4 114078 114079 114432 114182
75927 2465 2571 5 114080 114081 115170 115171 114216
75928 2846 2912 3 114082 114083 114092
75929 2846 2820 7 114094 114083 114084 114104 114102 114158 -1
75930 3255 2820 5 114084 114085 114300 114292 114174
75931 2184 2008 7 114088 114089 116680 116753 114972 114975 115557
75932 2184 2106 5 114089 114090 116519 116520 116681
75933 2180 2106 6 114090 114091 116610 116505 116506 116579
75934 2180 2008 4 114091 114088 115558 116254
75935 2180 2184 6 114088 114090 114426 114425 116508 115556
75936 2106 2008 5 114089 114091 115059 115058 115073
75937 3001 2846 4 114094 114092 114093 -1
75938 2699 2789 8 114097 114098 116111 116143 115791 115794 118469 118470
75939 1835 2154 6 114106 114107 115264 115266 116176 116175
75940 1835 2121 3 114107 114105 116077
75941 1669 1390 4 114108 114109 116264 114397
75942 1650 1302 4 114110 114111 114644 114645
75943 1302 1595 3 114110 114112 114561
75944 3255 2892 4 114117 114115 114174 114274
75945 11601 11883 5 114120 114118 121424 121422 121388
75946 2485 2593 4 114122 114123 114139 114124
75947 2485 1795 3 114134 114135 114136
75948 2450 2820 4 114137 114138 114184 -1
75949 2553 2846 5 115271 115268 114141 114142 -1
75950 1954 2107 6 114143 114144 116861 116818 116820 138683
75951 1954 2200 6 114144 114145 116732 116730 139303 116862
75952 2010 2200 7 114145 114146 115749 117173 117169 117170 117171
75953 2010 2107 4 114146 114143 117167 115747
75954 2200 2107 4 114144 114146 115748 116863
75955 2787 3032 4 114150 114151 118578 118517
75956 2789 3032 7 114151 114152 115361 115756 115754 118814 118800
75957 2789 2947 4 114152 114149 114198 114199
75958 3032 2947 5 114150 114152 115360 116098 118519
75959 2459 2569 5 114159 114160 115553 116214 116187
75960 2376 2526 6 114161 114162 115222 115223 115359 116135
75961 2526 2569 7 114160 114162 114755 114754 115311 115295 115294
75962 2436 2087 3 114164 114166 116392
75963 2266 2642 4 114171 114172 115830 115831
75964 2664 2266 4 114170 114172 115886 119262
75965 1853 1702 3 114175 114176 114733
75966 1316 1248 8 114181 114178 118216 124861 124853 124852 125110 124939
75967 1316 940 5 114178 114180 124346 118210 118209
75968 1232 1248 6 114179 114181 123061 123060 114364 114366
75969 2063 2100 7 114185 114186 114629 115218 115219 115144 115100
75970 2063 1908 6 114186 114187 115091 116185 115089 114630
75971 1866 1908 8 114187 114188 115038 116633 114835 114837 114914 114916
75972 1866 2063 3 114185 114187 115092
75973 1908 2100 3 114186 114188 114631
75974 1966 1844 5 114189 114190 116867 116906 116907
75975 1977 1844 3 114192 114189 114449
75976 1977 1966 7 114189 114191 114523 114974 114973 115642 116925
75977 1853 1844 9 114190 114192 114448 116684 116748 116747 116941 116696 116697
75978 2698 2465 7 114193 114194 118582 116450 116449 116104 114216
75979 2789 3078 4 114199 114200 115826 115361
75980 2642 2458 4 114201 114202 118967 118934
75981 2458 2821 5 114201 114203 117946 118252 118623
75982 2732 2903 4 114204 114205 114315 114314
75983 2851 2903 9 114205 114206 116051 115339 114378 114377 115350 116107 116108
75984 2484 2315 4 114207 114208 116164 116331
75985 2451 2315 8 114208 114209 116524 116613 115065 115064 115112 115228
75986 2315 2453 6 114207 114209 116523 116618 116388 116387
75987 3241 2889 8 114211 114210 118122 118121 118567 118566 118604 118688
75988 2487 2484 6 114212 114213 116047 116168 115419 115420
75989 2487 2710 5 114213 114214 116032 116030 116048
75990 2580 2484 4 114215 114212 116122 116123
75991 2571 2698 4 114216 114217 114218 116090
75992 2533 2129 3 114220 114221 118565
75993 1859 2588 3 114222 114219 118594
75994 2129 2588 9 114220 114222 118544 118543 118628 118630 118873 118815 118675
75995 2609 2752 6 114225 114226 118316 118317 120272 120218
75996 2412 2609 5 114224 114226 118663 122336 122224
75997 2698 2593 3 114229 114230 114231
75998 2920 2698 6 114231 114232 118387 118388 118612 118608
75999 2920 2540 3 114232 114233 118525
76000 1558 1589 6 114234 114235 114273 114355 114388 114386
76001 2559 2820 5 114236 114237 114320 114321 114239
76002 3032 2956 5 114241 114242 118823 118829 117874
76003 3032 2762 5 114242 114240 118802 118814 118822
76004 3032 2927 4 114240 114241 117873 118801
76005 2956 2937 4 114243 114244 118858 118410
76006 2956 3038 9 114244 114245 118569 118811 118829 118804 118107 118108 118859
76007 2821 2937 5 114246 114243 118411 116074 116073
76008 2821 2956 5 114243 114245 118568 115913 115912
76009 2569 2677 6 114248 114249 114443 116214 115307 115236
76010 2759 2569 3 114248 114250 115237
76011 1993 2083 5 114253 114254 114623 114624 115647
76012 2093 1993 4 114252 114254 114654 114652
76013 2083 2096 4 114253 114255 116536 115648
76014 1452 1287 7 114256 114257 140885 140881 140882 128189 128190
76015 1452 1225 5 114257 114258 128107 140876 141044
76016 1171 1225 5 114258 114259 140842 125587 125586
76017 1171 1452 4 114256 114258 128106 128195
76018 1225 1287 6 114257 114259 140841 140843 140857 141042
76019 1278 972 7 114261 114262 118180 117679 117677 124929 118006
76020 1265 1229 5 114263 114264 118067 124937 124540
76021 1229 972 4 114262 114264 118066 118181
76022 2892 2875 6 114265 114266 114362 114328 114288 114286
76023 2667 2427 3 114268 114269 115832
76024 2610 2709 7 114277 114278 115206 115816 115817 116170 116169
76025 2610 2800 4 114278 114279 116031 115207
76026 2710 2610 3 114277 114279 116030
76027 2820 1982 5 114280 114281 114282 114307 114294
76028 1683 1936 4 114284 114285 117283 119364
76029 1683 1784 7 114285 114283 117419 117418 117766 117767 117282
76030 2875 2820 6 114289 114286 114291 114309 114302 114301
76031 3148 2820 5 114291 114290 114292 114299 114311
76032 1870 2032 4 114295 114297 116148 116145
76033 2686 2912 3 114304 114305 114319
76034 2820 1929 3 114306 114307 114308
76035 2820 3203 3 114309 114310 114311
76036 2709 2732 5 114313 114314 116132 115208 115206
76037 2903 2691 3 114315 114312 116108
76038 2903 2709 6 114312 114314 116192 116173 116136 116107
76039 521 633 4 114316 114317 122700 122125
76040 2875 2837 3 114328 114329 115795
76041 1606 1815 7 114330 114331 139616 139614 126379 126378 140475
76042 1839 1815 7 114332 114330 140477 141198 140634 139734 139733
76043 1757 1815 7 114331 114332 125212 125214 126231 127888 127890
76044 2263 2147 3 114334 114335 116274
76045 2175 2147 8 114335 114336 115263 116411 116272 116271 116241 116244
76046 2175 2322 3 114336 114333 115261
76047 2147 2322 7 114334 114336 115262 116421 116416 116417 116275
76048 1777 1743 6 114337 114338 136666 136665 139379 139320
76049 1785 1743 4 114338 114339 139290 139305
76050 1743 1708 4 114337 114339 138851 138853
76051 2376 2063 5 114340 114341 114966 115186 116367
76052 2063 2320 3 114340 114342 116193
76053 1627 2007 4 114343 114344 115107 117865
76054 1924 1927 3 114345 114346 117218
76055 1924 1627 9 114343 114345 116213 116212 117507 115833 115834 116183 116479
76056 2806 2621 5 114348 114349 115143 115142 115475
76057 2806 2549 6 114349 114347 114591 114590 115333 115332
76058 2806 2606 6 114347 114348 115055 115054 115454 115448
76059 81 481 5 114351 114352 125831 125830 125836
76060 81 363 3 114352 114350 126100
76061 2890 2892 5 114361 114362 115819 115818 116093
76062 2890 2875 6 114362 114363 116112 115425 115427 115795
76063 3134 2890 4 114361 114363 116117 116116
76064 1248 1403 4 114364 114365 123070 124948
76065 1248 993 4 114365 114366 118163 123069
76066 1232 993 6 114366 114367 125094 125257 125258 118164
76067 1232 1403 6 114367 114364 124949 125109 125099 125093
76068 996 1050 5 114368 114369 125225 125223 125286
76069 993 1050 4 114369 114370 125257 125256
76070 1860 1820 5 114371 114372 141016 139729 139730
76071 1860 2173 6 114372 114373 127146 127147 141175 141017
76072 2242 1820 5 114374 114371 140672 140673 140806
76073 2242 1860 3 114371 114373 141121
76074 2173 1820 3 114372 114374 140815
76075 1564 1583 3 114375 114376 114498
76076 2903 2808 5 114378 114379 114716 114718 115095
76077 2759 2851 5 114380 114377 114712 114711 115080
76078 2759 2903 5 114377 114379 115191 115195 115351
76079 2808 2851 5 114378 114380 115079 115539 115340
76080 685 744 6 114383 114381 129084 129487 129490 129489
76081 685 673 3 114381 114382 129083
76082 941 1334 6 114384 114385 125046 125125 125132 124137
76083 1558 1808 3 114387 114388 114389
76084 2558 2983 5 114391 114392 140661 140642 140073
76085 2558 3264 5 140582 140581 114392 114393 -1
76086 3080 2558 6 140640 140518 140074 114391 114393 -1
76087 3264 2983 7 114392 114394 114901 139456 116774 116773 140543
76088 1982 1669 4 114396 114395 114414 116459
76089 2552 2744 5 114398 114399 140443 140442 140498
76090 2739 2744 3 114400 114398 115649
76091 2855 2744 6 114399 114400 115482 115481 137918 140472
76092 2706 2748 3 114403 114404 115310
76093 2706 2569 6 114404 114402 115267 115284 115236 115237
76094 2703 2615 5 114405 114406 118584 118585 118969
76095 2703 2639 4 114406 114407 118953 118919
76096 2847 2639 5 114407 114408 118985 119068 118954
76097 2847 2615 4 114408 114405 118974 118984
76098 2639 2615 7 114406 114408 116072 116071 118963 115671 115668
76099 2008 2038 7 114410 114411 114675 116253 116254 115059 115057
76100 1816 2038 6 114411 114413 115366 115368 114743 114676
76101 774 972 6 114415 114416 125114 125128 117793 117791
76102 823 972 7 114417 114415 117830 117543 117545 114800 114801
76103 729 972 3 114416 114417 122311
76104 946 1196 6 114418 114419 127401 127400 127556 127306
76105 946 1095 5 114419 114420 127863 127611 127575
76106 934 1196 5 114421 114418 127215 127206 127205
76107 934 946 7 114418 114420 127861 127465 127464 127554 127305
76108 387 375 5 114423 114422 122982 122043 122042
76109 2184 2328 4 114424 114425 116708 115942
76110 2342 2180 6 114426 114427 116318 116612 116611 116579
76111 2342 2184 5 114424 114426 116519 116521 115943
76112 2180 2328 4 114425 114427 114549 114548
76113 1053 1316 4 114431 114432 114433 124861
76114 1700 1821 6 114434 114436 114522 116646 117033 116513
76115 2096 2159 7 114437 114438 114943 114946 115111 116216 116217
76116 2096 2164 4 114438 114439 114949 114948
76117 2178 2096 4 114437 114439 115600 115602
76118 1545 1534 5 114441 114442 117094 117083 117081
76119 1545 1386 6 114442 114440 124829 128111 124782 117574
76120 1545 1283 4 114440 114441 124916 124828
76121 2569 2728 4 114443 114444 115294 115553
76122 1564 1486 3 114445 114446 114562
76123 1629 1819 8 114451 114452 114731 140775 140924 117049 116531 114730
76124 1650 1819 5 114452 114453 114618 114683 114685
76125 1650 1629 3 114450 114452 114732
76126 1819 1632 3 114451 114453 114617
76127 2500 2259 4 114456 114457 119319 119316
76128 2224 2446 5 114458 114459 115967 116250 118349
76129 2224 2500 5 114456 114458 118348 119247 119246
76130 2446 2259 5 114457 114459 115966 119242 119241
76131 1542 1710 6 114460 114461 116985 117185 115785 115783
76132 2040 1957 4 114462 114463 116514 116518
76133 2322 2538 4 114466 114467 116417 116418
76134 28 11802 4 114469 114470 124234 124381
76135 11802 88 5 114469 114471 124386 124322 124324
76136 42 11626 6 114472 114473 123190 117554 117552 123216
76137 1150 1480 5 114476 114477 118145 118144 125117
76138 1543 1480 6 114478 114479 115353 115352 116379 116380
76139 1543 1510 5 114479 114480 115394 117209 117207
76140 1669 1543 3 114478 114480 115395
76141 1510 1480 6 114479 114481 118117 118145 118146 118149
76142 556 189 3 114485 114486 114690
76143 19 11722 5 114487 114488 125135 124438 124411
76144 19 13 7 114488 114489 122942 125145 125147 122979 122977
76145 1564 1595 8 114497 114498 114564 114922 114648 114646 114561 114562
76146 1464 1595 3 114499 114497 114586
76147 1583 1595 7 114498 114499 114587 114589 114595 114918 114565
76148 972 1018 4 114503 114504 117736 123554
76149 766 1018 8 114504 114505 124860 125002 124458 124250 124251 117738
76150 766 1090 3 114505 114502 114802
76151 766 972 6 114502 114504 117737 125114 122311 114801
76152 1018 1090 9 114503 114505 124859 124907 125015 125031 125035 124902 123555
76153 1864 1700 3 114506 114507 114734
76154 2343 2050 6 114508 114509 116200 115256 115257 116368
76155 2321 2050 6 114509 114510 118412 119208 117983 116201
76156 2396 2043 3 114511 114512 122332
76157 1428 792 3 114515 114516 118119
76158 1965 1736 7 114517 114518 138879 139132 128155 128156 116606
76159 1965 1735 6 114518 114519 114904 139017 117265 117266
76160 1754 1735 7 114519 114520 117274 116690 116689 117312 114906
76161 1754 1736 6 114520 114517 116608 138618 138617 136066
76162 1754 1965 4 114517 114519 114905 116607
76163 1735 1736 5 114518 114520 127743 127742 138880
76164 1665 1574 4 114525 114526 117104 116971
76165 1415 1517 7 114528 114529 114696 114694 114821 114823 140837
76166 1517 1629 5 114528 114530 114709 140716 140717
76167 2392 2430 4 114531 114532 140195 115518
76168 2392 2403 5 114532 114533 140569 140547 140196
76169 2256 2403 4 114533 114534 140027 140043
76170 2256 2430 6 114534 114531 115519 140466 141516 140025
76171 2256 2392 9 114531 114533 115458 115456 116590 140654 141141 141142 115517
76172 2403 2430 7 114532 114534 140026 140106 140108 140173 140178
76173 1389 1438 7 114536 114537 116885 116886 117716 117782 118020
76174 1296 963 5 114538 114539 117730 117501 117436
76175 1296 1438 4 114539 114536 117907 117881
76176 1296 1389 6 114536 114538 117435 118097 115585 115587
76177 963 1438 4 114537 114539 117882 117708
76178 2315 2180 7 114543 114540 116506 116611 116613 116561 116338
76179 2315 2093 5 114540 114542 116352 116609 116504
76180 2083 2180 4 114541 114543 116339 116536
76181 1234 1415 9 114544 114545 114599 114694 114825 140840 128202 124784 114552
76182 1234 1564 6 114545 114546 114854 114826 114756 114600
76183 1302 1234 5 114544 114546 114842 114798 114553
76184 1564 1415 3 114545 114547 114601
76185 2159 2418 5 114550 114551 114724 114725 114980
76186 2159 2180 5 114551 114548 116508 116216 116218
76187 2418 2180 6 114549 114551 116562 116561 116614 116318
76188 1210 1234 5 114552 114553 114797 124605 124606
76189 2903 3077 6 114554 114555 115385 116050 115339 115095
76190 2903 3113 3 114555 114556 115381
76191 1677 1803 6 114557 114558 140984 140983 141028 141010
76192 1677 1772 7 114558 114559 127924 140978 139703 139704 139760
76193 1605 1772 3 114559 114560 127926
76194 1605 1803 7 114560 114557 139568 139567 139595 139594 139657
76195 1605 1677 5 114557 114559 127925 139577 140977
76196 1772 1803 5 114558 114560 139656 139647 139646
76197 1902 1595 3 114564 114565 114917
76198 1488 1742 7 114567 114568 141583 141366 140825 140824 141371
76199 1488 1539 5 114568 114566 138503 138504 141601
76200 1488 1271 6 114566 114567 126202 126204 143299 141494
76201 1581 1632 4 114573 114574 116960 114751
76202 2563 2732 5 114575 114576 115888 116198 116287
76203 2699 2732 6 114577 114575 116288 116211 116141 116143
76204 2778 2732 6 114576 114577 116144 116113 116115 115889
76205 1498 1663 5 114578 114579 139411 139412 128085
76206 1498 1451 3 114579 114580 141027
76207 1398 1451 11 114580 114581 116933 116935 127976 127978 124811 124810 127761 127763 141031
76208 1398 1663 3 114581 114578 124710
76209 1398 1498 8 114578 114580 141029 140958 127652 127651 127935 128086
76210 1844 1777 4 114582 114584 139477 114639
76211 1953 1785 3 114583 114585 116372
76212 2549 2501 5 114591 114592 115316 115213 115211
76213 2526 2806 4 114593 114590 115362 115215
76214 2526 2549 6 114590 114592 115315 115359 116140 115438
76215 2501 2806 6 114591 114593 115216 114859 114858 115448
76216 1595 1703 3 114594 114595 114649
76217 919 889 5 114596 114597 118115 123068 124618
76218 1049 919 4 114596 114598 118036 124459
76219 1234 1650 3 114599 114600 114695
76220 1564 1650 7 114600 114601 114645 114646 114647 114642 114641
76221 1650 1415 6 114599 114601 114644 114643 114768 114696
76222 868 894 5 114603 114604 124244 124632 124686
76223 852 894 5 114604 114605 124717 124715 124245
76224 852 532 5 114605 114602 124685 125020 128018
76225 894 532 3 114603 114605 128019
76226 1270 1269 7 114607 114608 128264 127993 127992 127994 127902
76227 980 1269 6 114608 114609 127459 138574 128263 128261
76228 980 1263 5 114609 114606 127511 127687 127458
76229 980 1270 6 114606 114608 128253 127892 127891 127510
76230 1269 1263 4 114607 114609 127457 127795
76231 1681 1866 6 114611 114612 114619 114622 114914 114841
76232 1681 1607 7 114677 114661 114662 114686 114612 114610 -1
76233 1681 2100 4 114610 114611 114839 -1
76234 1853 1629 4 114613 114614 116943 116747
76235 1853 1632 4 114614 114615 116295 116293
76236 1864 1629 5 114616 114613 116749 116532 114730
76237 1864 1853 8 114613 114615 114734 114733 114664 114663 116247 116748
76238 1830 1681 4 114619 114620 114744 114686
76239 1830 1656 6 114620 114621 114836 116516 114838 114745
76240 1866 1656 3 114621 114622 114837
76241 1992 2083 5 114624 114625 115078 114860 114863
76242 2100 1992 9 114631 114629 115135 115088 115069 115047 115048 115070 115037
76243 1908 1992 5 114630 114631 115038 116623 115090
76244 1993 1977 4 114632 114634 114652 115056
76245 2237 2536 4 114636 114637 119058 117382
76246 2446 2536 4 114637 114638 116085 116086
76247 2446 2237 4 114635 114637 116252 116250
76248 1517 1564 4 114640 114641 114756 114816
76249 1564 1681 7 114678 114661 114647 114648 114923 114925 -1
76250 1908 1595 6 114649 114650 114912 114922 114917 114918
76251 1703 1908 5 114649 114651 116258 114921 114920
76252 2093 1977 4 114652 114653 114668 114903
76253 1673 1773 4 114656 114657 139175 139257
76254 1673 1766 6 114657 114655 136542 139593 138044 138043
76255 1673 1628 5 114655 114656 115049 115051 116686
76256 1302 1165 7 114659 114660 125254 125261 124909 114799 114798
76257 2250 2308 6 114665 114666 117140 117141 115027 115028
76258 2250 2200 4 114666 114667 115749 115748
76259 2272 2250 6 114665 114667 117199 116668 115609 115608
76260 2038 1933 4 114669 114670 114856 114743
76261 2038 1977 5 114668 114669 114676 114675 114902
76262 1375 1155 5 114672 114673 128206 124677 122967
76263 1386 1155 5 114673 114674 114748 127514 127515
76264 1386 1182 6 114674 114671 118120 128289 128118 114746
76265 1155 1182 6 114672 114674 114747 124815 124962 122968
76266 1173 1681 3 114677 114678 -1
76267 1919 1980 5 114679 114680 140719 140797 140796
76268 2085 1980 5 114680 114681 139641 139640 139639
76269 1980 2242 5 114679 114681 140715 140683 140682
76270 1830 1650 5 114683 114684 114744 114745 114776
76271 2549 2451 6 114687 114688 115138 115136 115232 115337
76272 11848 79 4 114693 114691 123548 124953
76273 260 79 5 114692 114693 124952 125485 125484
76274 1234 1517 4 114694 114695 114756 114824
76275 663 472 6 114697 114698 128426 128241 127768 127730
76276 663 688 7 114698 114699 128311 128312 128435 128439 128427
76277 596 688 9 114699 114700 128476 128470 128467 126723 126722 127404 127827
76278 596 472 6 114700 114697 127732 127625 126146 126145
76279 596 663 4 114697 114699 128460 127731
76280 688 472 5 114698 114700 128485 128490 128428
76281 478 501 5 114701 114702 125387 125385 125578
76282 478 641 4 114702 114703 125597 125576
76283 491 641 3 114703 114704 125537
76284 1841 2225 4 114705 114706 141036 128192
76285 1841 1879 5 114706 114707 127965 127966 139765
76286 1880 1841 4 114705 114707 141026 128193
76287 2851 2677 5 114710 114711 115309 115403 115402
76288 2728 2851 5 114710 114712 115350 115659 115660
76289 2004 1777 4 114713 114714 136665 123692
76290 1953 2004 7 114713 114715 116769 116771 139227 139328 123693
76291 2808 3104 4 114717 114718 115096 115175
76292 2808 2988 5 114716 114717 115174 115328 115192
76293 2381 2242 9 114719 114720 140769 115177 115178 139806 139581 139582 114875
76294 2173 2558 7 114721 114722 127148 127147 140603 140604 139584
76295 2173 2381 3 114719 114721 114876
76296 2558 2242 3 114720 114722 140751
76297 2220 2418 6 114723 114724 116562 115066 115067 114882
76298 2418 2249 7 114723 114725 116746 115513 115133 114870 114871
76299 2369 2172 5 114726 114727 115094 140729 140763
76300 2100 2141 4 114728 114729 114911 115069
76301 2100 2172 5 114729 114726 140759 114960 114909
76302 2100 2369 8 114726 114728 115088 115134 115219 115126 115127 140764
76303 2141 2172 7 114727 114729 114910 114991 114993 115002 115001
76304 1204 1126 3 114735 114736 126085
76305 1204 1193 7 114736 114737 126010 127881 139764 128115 127937
76306 1102 1193 4 114737 114738 125842 126011
76307 1193 1126 8 114736 114738 114783 114780 139523 115675 115674 125965
76308 1420 1386 7 114739 114740 140898 140901 140887 140888 140893
76309 1420 1529 6 114740 114741 127928 127918 127921 140874
76310 1507 1420 4 114739 114741 128183 140553
76311 1529 1386 6 114740 114742 124818 124783 124782 128121
76312 1155 1072 6 114747 114748 128223 128210 124609 124608
76313 1072 1386 4 114746 114748 128222 128119
76314 1507 1700 5 114749 114750 114762 124444 114752
76315 1581 1700 4 114750 114751 115840 114763
76316 2388 2569 3 114753 114755 115306
76317 1003 789 5 114760 114761 127087 127328 127372
76318 1003 952 6 114761 114758 127092 127091 127104 127086
76319 1003 831 3 114758 114760 127373
76320 823 881 9 114764 114765 117571 117569 124991 125091 124982 124980 124883
76321 599 729 9 114766 114767 124722 124630 124452 124453 124489 124475 124476
76322 599 881 7 114767 114764 116920 116919 124789 118050 118051
76323 599 823 3 114764 114766 124884
76324 1606 1718 7 114769 114770 139923 139921 139615 139616 141054
76325 1571 1718 3 114771 114769 141056
76326 1578 1718 8 114770 114771 141080 141079 141098 139737 139736 140612
76327 1381 1529 6 114773 114774 128122 128121 140874 140875
76328 1381 1597 6 114774 114772 129532 116649 116651 117558
76329 1381 1573 3 114772 114773 140653
76330 535 440 5 114779 114777 125431 124469 124468
76331 1112 1126 6 114780 114781 128079 128077 126189 126187
76332 1112 1057 5 114781 114782 124653 124887 125313
76333 1193 1057 4 114782 114783 125842 124654
76334 1193 1112 6 114780 114782 124652 124258 124257 139522
76335 1743 1646 5 114784 114785 139320 138853 138852
76336 688 787 5 114787 114788 127454 127405 127404
76337 787 888 6 114786 114788 127452 127570 127569 127260
76338 1552 1574 5 114790 114791 139256 139247 139245
76339 1503 1574 7 114791 114792 117110 117108 117113 117555 139262
76340 1503 1713 6 114792 114789 117145 117146 116957 116959
76341 1503 1552 3 114789 114791 139263
76342 1574 1713 8 114790 114792 117112 117184 117148 117147 117162 117164
76343 1527 1772 4 114793 114794 117008 117006
76344 1527 1796 7 114794 114795 141007 140989 140988 128185 128051
76345 1663 1796 5 114795 114796 116642 116644 125951
76346 1663 1772 5 114796 114793 140967 137973 137972
76347 1663 1527 6 114793 114795 141012 141014 139411 139410
76348 1210 1165 5 114797 114799 124806 124807 124814
76349 823 1090 5 114802 114800 118178 118177 124859
76350 1145 1006 3 114803 114804 125296
76351 1032 1023 6 114807 114805 127162 127371 127370 127012
76352 11654 11888 4 114808 114809 144366 126312
76353 644 727 5 114810 114811 125455 125040 125041
76354 311 578 3 114813 114814 117572
76355 578 541 6 114813 114815 125368 125420 125061 117573
76356 1354 1517 5 114816 114817 114818 114821 114824
76357 1354 1441 8 114818 114819 114938 114937 128191 128075 124623 114822
76358 1517 1441 5 114820 114818 114823 139475 139474
76359 1607 1441 4 114819 114820 140809 140808
76360 1354 1415 4 114821 114822 124624 114825
76361 1441 1415 4 114822 114823 140781 124625
76362 491 776 5 114829 114830 125928 125788 125479
76363 433 481 4 114833 114834 126077 126078
76364 644 433 4 114832 114834 126157 126156
76365 1908 1830 3 114835 114836 116625
76366 1902 1866 4 114840 114841 114916 115092
76367 1902 1681 5 114925 114915 114841 114839 -1
76368 1902 2100 5 114839 114840 115100 115145 -1
76369 1406 1571 5 114844 114845 139361 138138 138141
76370 1406 1759 7 114845 114843 141222 141229 139693 139692 139818
76371 1406 1600 6 114843 114844 141177 141221 137346 137348
76372 1422 1535 6 114846 114847 140922 141022 141064 140889
76373 1422 1347 3 114847 114848 140923
76374 1204 1347 6 114848 114849 140784 139764 139763 140928
76375 1204 1535 4 114849 114846 140890 141081
76376 1204 1422 5 114846 114848 139709 139711 140782
76377 1347 1535 5 114847 114849 141070 127806 127805
76378 1820 1897 4 114850 114851 140805 127462
76379 1820 2005 5 114851 114852 115320 140673 140804
76380 2027 2005 6 114852 114853 140542 140671 140670 115321
76381 2027 1897 6 114853 114850 127463 139629 139628 140463
76382 2027 1820 6 114850 114852 115006 115008 140800 127461
76383 2005 1897 5 114851 114853 139514 139513 139634
76384 1861 2038 5 114855 114856 115368 115367 115046
76385 2806 2712 5 114859 114857 115474 115500 115523
76386 2806 2736 5 114857 114858 115454 115591 115473
76387 2083 2220 6 114862 114863 115647 115648 116339 115113
76388 2220 1992 5 114861 114863 116501 115076 114908
76389 1991 2263 4 114866 114867 116458 116374
76390 2195 2263 4 114867 114868 116426 116427
76391 2195 1991 5 114865 114867 116447 116328 116326
76392 2263 2185 5 114866 114868 116444 116446 116375
76393 2418 2407 5 114871 114869 115555 115098 114882
76394 2418 2369 3 114869 114870 115131
76395 1571 1256 6 114873 114874 127303 139207 138140 138141
76396 1571 1259 5 114874 114872 139502 127374 127302
76397 2422 2173 6 114876 114877 115516 139962 140622 139584
76398 2422 2242 4 114877 114875 137534 115515
76399 2652 2568 5 114878 114879 140536 115502 115503
76400 2652 2737 3 114879 114880 115597
76401 2739 2568 3 114881 114878 140727
76402 2737 2568 6 114879 114881 140726 140678 140655 140537
76403 1664 1848 5 114883 114884 117142 116955 116951
76404 1664 1970 4 114884 114885 116979 116978
76405 1862 1970 6 114885 114886 115777 115776 116797 116798
76406 1862 1848 5 114886 114883 115994 115995 116883
76407 1862 1664 6 114883 114885 117042 116967 116652 116654
76408 1970 1848 7 114884 114886 116767 116766 117186 139387 117149
76409 2272 2535 3 114888 114889 115828
76410 2419 2272 8 114887 114889 115742 115741 116848 116567 116564 116534
76411 1692 1603 4 114891 114892 118092 116476
76412 2077 2051 7 114893 114894 115017 116664 114996 114995 140584
76413 2077 1830 3 114894 114895 115016
76414 2027 2051 6 114896 114893 140542 140463 114981 114950
76415 2027 2077 6 114893 114895 115043 114961 114959 140671
76416 1864 2027 3 114898 114899 114950
76417 1965 2082 4 114904 114905 138660 139018
76418 2369 1992 4 114907 114908 115075 115088
76419 2172 2077 5 114909 114910 114995 140583 114959
76420 2100 2077 4 114911 114909 114961 115047
76421 2141 2077 5 114910 114911 115068 116665 114996
76422 1908 1681 5 114912 114913 114914 114915 114923
76423 1908 1902 8 114915 114916 115091 116257 114921 114919 114917 114924
76424 1908 1583 3 114918 114919 114920
76425 1908 1564 3 114922 114923 114924
76426 2451 2621 5 114927 114926 115146 115138 115137
76427 1993 2018 3 114928 114930 114947
76428 2382 2360 8 114931 114932 114977 114978 115279 115233 115234 116391
76429 2382 2071 4 114932 114933 116125 116124
76430 2042 2071 9 114933 114934 115265 115254 115252 116236 116285 115258 115255
76431 2042 2382 4 114931 114933 116196 116390
76432 2071 2360 4 114932 114934 115740 116129
76433 1477 1554 8 126177 126178 140950 140956 114935 114936 140680 -1
76434 1441 1554 4 114938 114935 140807 140808
76435 1441 1477 5 114935 114937 140949 140953 140955
76436 1354 1554 4 114936 114938 140829 140681
76437 2365 2343 5 114940 114941 116616 116525 116526
76438 2130 2343 6 114941 114942 116199 116200 116255 116349
76439 2130 2365 3 114939 114941 116575
76440 2343 2174 4 114940 114942 116313 116312
76441 2159 2018 4 114943 114945 115018 116663
76442 2094 2096 4 114944 114946 115110 116600
76443 2164 1993 6 114949 114947 114983 116661 116551 116286
76444 2164 2018 8 114947 114948 116663 116752 139177 139309 139198 114982
76445 2141 2178 5 114952 114953 115002 115005 116552
76446 2654 2384 3 114954 114955 115196
76447 2159 2142 4 114958 114956 115371 115260
76448 2159 2184 5 114956 114957 115111 116508 116708
76449 2027 2172 4 114959 114960 140758 140670
76450 2602 2280 6 114962 114963 118737 118738 118830 118866
76451 2602 2397 4 114963 114964 115885 118797
76452 2537 2397 4 114964 114965 115424 115421
76453 2537 2280 4 114965 114962 116470 116445
76454 2384 2063 6 114968 114969 114971 116205 115214 115030
76455 2553 2063 4 114970 114968 115032 115139
76456 1977 2184 4 114973 114975 116599 115643
76457 2382 2121 5 114976 114977 116124 115224 115225
76458 2154 2382 3 114976 114978 115278
76459 2360 2121 3 114977 114979 116129
76460 2164 1928 4 114983 114982 116739 116667
76461 1646 1739 4 114985 114986 117041 117047
76462 1646 1777 4 114984 114985 117045 139320
76463 2474 2197 4 114987 114988 138052 138053
76464 2474 2392 7 114988 114989 140547 140548 140361 140362 140404
76465 2413 2392 4 114989 114990 115458 140569
76466 2413 2197 7 114990 114987 140375 140570 140575 140506 115457
76467 2413 2474 7 114987 114989 140568 140587 140413 140412 140374
76468 2392 2197 6 114988 114990 115456 116589 139963 139964
76469 2172 2051 4 114991 114992 139317 114995
76470 2172 2164 6 114992 114993 115004 140711 140546 139316
76471 2141 2164 4 114993 114994 116551 115005
76472 2141 2051 4 114994 114991 114996 116662
76473 2164 2051 6 114992 114994 116661 116667 116740 139312
76474 2081 2101 7 114997 114998 115849 115851 116809 139179 115875
76475 2081 1965 4 114998 114999 116819 136326
76476 1954 1965 7 114999 115000 139232 116606 116607 138660 116820
76477 1954 2101 3 115000 114997 115877
76478 1954 2081 9 114997 114999 116818 139216 139303 116701 116315 116314 115876
76479 1965 2101 5 114998 115000 139231 139236 139982
76480 2172 2178 4 115002 115003 140710 115004
76481 2249 2172 4 115001 115003 140730 115094
76482 1820 2303 7 115006 115007 139413 139732 139730 140672 115320
76483 2027 2303 4 115009 115006 115321 140758
76484 2100 2303 8 139414 115007 115009 140759 140764 140461 140460 -1
76485 1383 1293 4 115010 115011 128091 125686
76486 1178 1245 6 115012 115013 139499 140865 128068 128067
76487 1178 1293 6 115013 115010 125687 140839 140838 139498
76488 1178 1383 4 115010 115012 140818 125685
76489 1245 1293 6 115011 115013 128006 125585 125584 140872
76490 2866 2909 4 115014 115015 115382 115446
76491 1992 2077 6 115016 115017 116666 115068 115047 115043
76492 2328 2512 4 115021 115022 116832 116584
76493 2512 2342 4 115021 115023 116581 116582
76494 2076 2083 6 115025 115026 115077 115078 116621 116351
76495 2250 2378 4 115028 115029 115610 115608
76496 2352 2250 6 115027 115029 116678 116025 116023 117231
76497 2093 2040 4 115033 115034 115045 116541
76498 2106 2038 4 115035 115036 115059 116610
76499 2106 2093 5 115033 115035 116505 116504 116555
76500 1992 1866 4 115037 115038 116632 115071
76501 1700 1812 3 115039 115041 116182
76502 1816 1702 4 115040 115042 116373 115782
76503 2027 1992 3 115043 115044 115048
76504 1861 2040 5 115045 115046 116239 116240 116543
76505 1628 1404 5 115050 115051 116685 116855 138789
76506 1673 1404 5 115051 115052 117091 128023 116687
76507 1673 1552 4 115052 115049 139257 117090
76508 1404 1552 7 115050 115052 117089 117135 124877 117070 117069
76509 2806 2619 3 115053 115055 115475
76510 2008 2040 5 115057 115058 115072 116641 115097
76511 2390 2466 5 115060 115061 135178 115684 115683
76512 2223 2244 7 115062 115063 136462 136469 139158 119211 118418
76513 2223 2466 5 115063 115060 140353 136209 136210
76514 2223 2390 4 115060 115062 116039 116036
76515 2244 2466 5 115061 115063 136461 136637 135179
76516 2315 2418 3 115065 115066 116561
76517 2220 2451 3 115067 115064 115099
76518 2220 2315 6 115064 115066 116338 115113 115106 115105
76519 2141 1992 5 115068 115069 115075 115076 116626
76520 2008 2174 6 115072 115073 116680 115687 115686 116596
76521 2106 2174 5 115073 115074 116576 116574 116681
76522 2174 2040 4 115072 115074 116357 116356
76523 2706 2759 5 115080 115081 115310 115237 115238
76524 2706 2851 4 115079 115080 115309 115540
76525 2407 2501 4 115082 115083 115118 115316
76526 2698 2401 3 115087 115084 116365
76527 2540 2401 4 115085 115087 117933 117935
76528 1908 2076 4 115089 115090 116604 116186
76529 3077 2808 7 115095 115096 115376 115378 115380 115798 115340
76530 2407 2451 7 115098 115099 115112 115229 115232 115231 115484
76531 2388 2384 4 115102 115103 116206 115214
76532 2388 2376 8 115103 115101 115306 115222 115209 115187 115186 116366
76533 2315 2407 4 115104 115105 115112 115172
76534 1927 1489 6 115108 115109 118010 118009 117877 117876
76535 2184 2096 5 115110 115111 115556 115557 116599
76536 2155 1835 5 115115 115116 115894 116175 116509
76537 1725 2155 4 115114 115116 115895 116430
76538 2501 2369 7 115117 115118 115213 115212 115125 115126 115221
76539 2800 2543 5 115122 115119 116210 115287 115286
76540 2800 2487 5 115119 115121 116032 116031 116291
76541 2100 2498 3 115127 115124 140461
76542 2100 2501 6 140460 115124 115126 115144 115145 -1
76543 2369 2498 6 115125 115127 140765 140743 140344 115414
76544 2553 2569 3 115130 115128 115327
76545 2606 2369 7 115131 115132 115509 115414 115212 115210 115388
76546 2606 2249 4 115132 115133 115512 115508
76547 2418 2606 6 115131 115133 115511 115323 115325 115555
76548 2100 2313 3 115134 115135 115218
76549 2619 2451 5 115136 115137 115324 115322 115231
76550 2553 2501 7 115141 115139 115293 115327 115326 115365 -1
76551 1902 2501 4 115145 115140 115141 -1
76552 2237 2082 7 115148 115149 118439 117384 117385 115842 115843
76553 2355 2082 4 115149 115150 117340 117339
76554 2355 2126 9 115150 115147 117839 117286 117287 119640 119466 119467 119214
76555 2082 2126 6 115148 115150 117343 117341 116591 116029
76556 2610 2691 4 115152 115153 115816 116197
76557 2610 2692 5 115153 115154 115808 116101 115817
76558 2563 2610 7 115152 115154 115298 115300 115924 115922 116198
76559 2148 2087 3 115155 115156 115859
76560 2050 2087 5 115157 115155 115860 118015 116306
76561 2689 2424 5 115161 115162 139457 140350 140351
76562 2359 2497 7 115164 115165 139447 140521 140742 140747 140734
76563 2359 2471 5 115165 115166 115176 139978 139448
76564 2381 2471 6 115166 115167 115495 140478 139804 115178
76565 2381 2497 4 115167 115164 115606 115494
76566 2381 2359 5 115164 115166 115177 140770 140735
76567 2471 2497 6 115165 115167 115493 115501 140679 139449
76568 2284 2571 4 115169 115170 118377 118390
76569 2465 2669 3 115171 115168 116104
76570 2571 2669 7 115169 115171 116090 116091 116222 116097 116096
76571 2407 2320 5 115172 115173 115204 115338 115229
76572 2359 2242 5 115176 115177 140760 140731 139979
76573 2242 2471 4 115176 115178 139805 139980
76574 2341 2390 6 115179 115180 115683 116036 116037 115639
76575 2398 2390 3 115181 115179 115641
76576 2567 2390 8 115180 115181 117353 118487 118436 118437 135915 115684
76577 1668 1536 3 115182 115183 140932
76578 1668 1452 5 115183 115184 127573 140951 140946
76579 1731 1452 5 115184 115185 139916 140802 127574
76580 1731 1536 5 115185 115182 140934 140774 139914
76581 1731 1668 6 115182 115184 127572 139579 139578 140933
76582 1452 1536 7 115183 115185 139915 139473 139472 140954 140947
76583 1835 1768 6 115189 115190 116329 118035 118034 116463
76584 2759 2988 3 115191 115192 115194
76585 2759 2806 6 115195 115194 115329 115415 115408 115407
76586 1627 2042 6 115198 115199 116212 117824 117529 117221
76587 2050 1927 9 115200 115197 117218 118254 118359 117938 116557 116548 116284
76588 2050 1627 3 115197 115199 116213
76589 2407 2376 5 115204 115205 115209 115223 115358
76590 2610 2732 5 115206 115207 116289 116198 116197
76591 2800 2732 8 115207 115208 116114 116113 116142 116141 116210 116291
76592 2606 2501 5 115211 115212 115413 115455 115448
76593 2369 2549 3 115213 115210 115389
76594 2806 2748 6 115215 115216 115523 115416 115408 115363
76595 2526 2748 4 115217 115215 115296 115295
76596 2063 2369 3 115219 115220 115221
76597 2382 2320 6 115225 115226 115313 116330 115279 115278
76598 2343 2320 3 115226 115227 115314
76599 2343 2382 11 115224 115226 115312 116385 115418 115417 115868 116396 116389 116196 116125
76600 2451 2320 4 115228 115229 115337 116165
76601 2619 2407 3 115230 115231 115483
76602 2407 2549 8 115230 115232 115338 115358 115315 115316 115389 115387
76603 2382 2436 7 115234 115235 116393 115869 115868 116398 116392
76604 2484 2382 8 115233 115235 116394 115419 115418 116386 116331 116330
76605 2562 2706 5 115239 115240 115285 115284 115308
76606 2562 2553 3 115240 115241 115319
76607 3042 2501 5 115365 115242 115243 115522 -1
76608 2200 1970 6 115247 115248 116794 116795 117171 116732
76609 3295 2999 3 115249 115251 116084
76610 1835 2071 4 115253 115254 115264 116077
76611 2042 2343 5 115255 115257 116363 116362 116196
76612 2050 2071 5 115256 115258 116284 116549 116256
76613 2147 2195 3 115262 115263 116414
76614 2195 2175 5 115261 115263 116413 116447 116427
76615 2154 2071 4 115264 115265 115740 116208
76616 2808 2846 6 115268 115269 115379 115380 115705 115364
76617 2553 3042 4 115365 115270 115271 -1
76618 2580 2174 4 115272 115274 116563 116312
76619 2184 2365 4 115282 115283 116520 116521
76620 2174 2184 4 115281 115283 116681 116680
76621 2699 2800 6 115287 115288 118960 115792 115791 116141
76622 2839 3091 4 115290 115291 115349 115347
76623 2902 2890 5 115292 115289 116203 116155 116118
76624 3091 2890 7 115290 115292 116119 115343 115342 116117 116112
76625 2459 2610 3 115297 115298 115808
76626 2484 2563 3 115299 115300 115714
76627 2484 2610 7 115300 115297 116101 116170 116168 116394 116219
76628 2459 2562 7 115304 115305 116088 116089 116187 115657 115655
76629 2677 2562 5 115307 115308 115344 115398 115657
76630 2315 2343 5 115314 115312 116388 116402 116280
76631 2315 2382 4 115312 115313 116331 116387
76632 2676 2924 4 115317 115318 140372 139268
76633 2005 2303 4 115321 115320 140674 140767
76634 2619 2418 7 115323 115324 115476 115695 140487 140490 140739
76635 2451 2606 3 115325 115322 115484
76636 2808 2806 3 115329 115328 115330
76637 2839 2784 4 115334 115335 115920 115918
76638 2549 2320 4 115337 115338 115538 116138
76639 3077 2851 3 115339 115340 115797
76640 2890 3077 8 115341 115342 116116 116093 115815 115798 115797 116050
76641 3056 2890 4 115341 115343 116120 116099
76642 2592 2677 3 115345 115344 115400
76643 2839 2875 6 115347 115348 115918 115919 115426 115425
76644 2163 2148 6 115354 115355 115859 115858 118402 118401
76645 2549 2376 4 115358 115359 116137 115538
76646 1816 1861 4 115368 115369 115782 116624
76647 2142 2328 4 115371 115370 115944 115942
76648 1835 2087 3 115375 115372 116305
76649 2808 3225 3 115377 115378 115379
76650 2963 2866 5 115384 115382 115447 115471 115449
76651 2963 2909 6 115382 115383 115467 115434 115433 115445
76652 2407 2606 5 115387 115388 115555 115484 115483
76653 2847 2833 8 115391 115390 115985 118985 118984 118972 118826 117841
76654 2814 3020 4 115392 115393 118476 118477
76655 1543 1817 8 115394 115395 116380 116378 118002 118143 118257 118053
76656 1510 1817 3 115396 115394 116166
76657 2692 2562 3 115398 115399 115655
76658 2851 2890 7 115401 115403 115540 115539 115797 116051 115867
76659 2155 2376 6 115405 115406 116278 116366 116367 116415
76660 2459 2155 4 115404 115406 116277 116405
76661 3164 2987 5 115409 115411 118835 119018 117200
76662 3107 2833 3 115410 115412 116055
76663 2606 2498 4 115413 115414 115528 115531
76664 2487 2382 4 115417 115419 116395 115869
76665 2484 2343 5 115418 115420 116122 116121 116268
76666 2630 2397 8 115421 115422 118355 115773 115775 118899 118933 115885
76667 2630 2176 4 115422 115423 118884 118356
76668 2537 2176 6 115423 115424 116445 116472 118449 118451
76669 2537 2630 8 115421 115423 118874 118872 118871 118715 118714 115884
76670 2974 2746 3 115437 115435 136936
76671 3015 2929 6 115440 115441 118906 118863 115621 115623
76672 3015 2766 4 115441 115439 118741 118742
76673 3015 2800 7 115439 115440 115767 115766 115793 115792 118959
76674 1131 1359 6 115443 115444 141308 141124 124597 124598
76675 2909 2739 5 115445 115446 115459 115491 115589
76676 2963 2739 3 115447 115445 115470
76677 2766 2911 5 115450 115451 115594 116033 116079
76678 2256 2413 4 115457 115458 140043 140042
76679 2676 2548 5 115461 115462 135931 116822 116823
76680 2717 2746 4 115463 115464 136875 136874
76681 2717 2676 8 115461 115463 140372 140419 140418 140423 140421 139897
76682 2657 2973 7 115469 115468 140426 117526 117249 117248 140399
76683 2341 2017 4 115477 115478 140453 139983
76684 2223 2017 7 115478 115479 124764 115750 115752 138704 140452
76685 2017 1965 7 115477 115479 124763 128918 124870 124869 139236
76686 2744 2854 9 115480 115481 137919 115733 115616 115617 115707 115789 115678
76687 2619 2744 6 115480 115482 115649 140498 115698 115679
76688 2657 2550 6 115485 115487 115633 115635 115952 116838
76689 2263 2087 7 115488 115489 116228 116227 116399 116374 116375
76690 2348 2087 3 115490 115488 116347
76691 2619 2739 8 115491 115492 115592 140741 140490 140488 115649 115590
76692 2568 2471 7 115495 115493 115503 140727 140726 140705 140697
76693 2568 2497 5 115493 115494 115607 140534 115502
76694 2894 2531 5 115498 115499 140359 140358 140364
76695 2894 2689 5 115496 115498 140502 140430 139390
76696 2531 2746 4 115497 115499 140368 140380
76697 2652 2471 4 115503 115501 140706 140728
76698 2652 2497 7 115501 115502 140723 140693 140694 140495 140494
76699 2558 2712 7 140640 115504 115505 115559 140526 140525 -1
76700 2866 2558 3 115504 115506 140518
76701 2681 2712 3 115505 115507 115561
76702 2497 2606 6 115508 115509 115528 115529 140494 140679
76703 2497 2369 4 115509 115510 140521 140344
76704 2249 2497 4 115508 115510 139447 139449
76705 2471 2606 6 115511 115512 140679 140706 140736 140740
76706 2471 2249 6 115512 115513 140473 140474 139448 139449
76707 2197 2422 6 115515 115516 139964 138052 138054 137536
76708 2197 2173 5 115516 115514 139566 140621 139963
76709 2197 2242 3 115514 115515 137535
76710 2256 2617 3 115519 115517 140465
76711 2712 2748 3 115520 115521 115523
76712 2471 2552 9 115524 115525 140703 140698 140699 140379 140377 140705 140702
76713 2471 2248 9 115525 115526 139885 139804 139805 140014 139356 139357 140700
76714 2157 2248 11 115526 115527 139293 115584 115582 116660 139375 139470 140692 140691 139887
76715 2157 2552 6 115527 115524 140646 135238 135240 140391
76716 2157 2471 3 115524 115526 139886
76717 2248 2552 5 115525 115527 140410 139918 139917
76718 2497 2736 4 115529 115530 140695 140495
76719 2498 2497 6 115528 115530 140385 140382 140742 140344
76720 2392 2773 4 115533 115534 140361 115536
76721 2607 2773 5 115534 115535 115554 140586 140588
76722 2607 2392 5 115532 115534 140548 140196 140195
76723 2773 2546 8 115536 115537 140623 140624 140639 140652 140552 140363
76724 2808 2890 4 115539 115541 115705 115798
76725 1686 1855 5 115543 115544 117106 118062 118060
76726 1855 1957 5 115543 115545 116518 116353 116355
76727 2709 2988 4 115547 115548 116173 116174
76728 2932 2709 5 115546 115548 116192 116132 116133
76729 2649 2550 4 115549 115550 115632 115633
76730 2008 2096 4 115557 115558 116253 116670
76731 2558 2652 3 115559 115560 140693
76732 2712 2652 5 115561 115559 140694 140535 137411
76733 2681 2652 7 115560 115561 116507 115598 115597 140536 140723
76734 1426 1611 8 115563 115564 138777 138802 138801 138746 137856 137854
76735 1473 1611 5 115564 115565 138089 137190 137188
76736 1473 1345 5 115565 115562 137666 138550 138565
76737 1473 1426 4 115562 115564 129649 129650
76738 1611 1345 6 115563 115565 138566 138552 138554 138035
76739 2948 2977 3 115567 115568 139879
76740 2863 2948 4 115566 115568 140085 140103
76741 2977 2938 5 115567 115569 140160 140161 139880
76742 2773 2853 7 115570 115571 140598 140601 140630 140633 140652
76743 2773 2977 6 115571 115572 140599 140609 140597 140595
76744 2983 2977 6 115572 115573 115688 117250 127324 127325
76745 2983 2773 5 115570 115572 137424 137421 140639
76746 1568 2409 5 115575 115576 142072 142070 142582
76747 2656 1568 3 115574 115576 142069
76748 2409 2192 6 115575 115577 142020 142022 142093 142583
76749 2004 2157 3 115581 115582 116659
76750 2004 2248 6 115582 115583 135933 135934 139404 116658
76751 2046 2248 4 115583 115584 127905 127906
76752 2046 2157 6 115584 115581 139206 139534 128011 128009
76753 2046 2004 5 115581 115583 139140 139401 139205
76754 1389 1489 7 115585 115586 117782 117783 117867 117866 117880
76755 1389 1409 3 115586 115587 118020
76756 1296 1489 5 115588 115585 118098 116559 116558
76757 2606 2739 4 115592 115593 135618 140736
76758 2766 2701 5 115594 115595 115761 115900 115902
76759 2649 2701 3 115595 115596 115763
76760 1993 2178 4 115600 115601 116552 116286
76761 2220 2096 5 115602 115599 115648 116215 116217
76762 2220 1993 5 115599 115601 116627 116501 115647
76763 2497 2558 7 115606 115607 140533 140693 140526 140524 140734
76764 2250 2461 4 115609 115610 116678 116669
76765 2378 2461 5 115610 115611 115746 115744 115769
76766 2973 2910 7 115612 115613 116784 116785 140503 140513 140426
76767 2973 3173 5 115613 115614 139266 117351 117352
76768 2911 2910 4 115615 115612 139463 139435
76769 2911 2973 5 115612 115614 140440 117527 117526
76770 3173 2910 4 115613 115615 138918 138919
76771 2925 2744 5 115616 115618 115626 116021 115734
76772 2925 2766 4 115626 115627 115891 116079
76773 1594 1615 3 115628 115629 139178
76774 1771 1567 4 115630 115631 137797 138631
76775 1771 1594 6 115628 115630 138046 138045 117180 117181
76776 1567 1615 6 115629 115631 137796 138721 138933 139022
76777 2535 2657 5 115634 115635 115951 115682 115681
76778 2366 2398 7 115640 115641 115825 115807 115765 115764 116757
76779 2366 2390 5 115641 115639 118489 118488 117353
76780 1977 2094 4 115642 115643 116600 116657
76781 2929 3197 3 115644 115645 115646
76782 2911 2929 7 115650 115651 115930 115929 116034 116033 115892
76783 2259 2321 6 115652 115653 119295 119242 119234 119180
76784 2110 2321 4 115654 115652 115909 115910
76785 2459 2692 6 115655 115656 116100 115808 115809 116152
76786 2459 2677 5 115656 115657 116214 115703 115702
76787 2728 2692 4 115660 115658 115899 116105
76788 1954 1926 8 115661 115662 116578 116314 116317 139295 116888 116736
76789 1597 1926 5 115663 115661 116737 139304 139301
76790 2342 2365 5 115664 115665 116628 116521 116522
76791 2453 2365 5 115667 115664 116620 116525 116438
76792 2419 2365 8 115665 115667 116439 116572 116568 116564 116566 116679
76793 2631 2615 7 115668 115669 118397 118928 118931 118586 118584
76794 2631 2539 7 115669 115670 118939 118955 118639 118638 118398
76795 2639 2631 4 115668 115670 118938 118919
76796 2539 2615 4 115669 115671 118962 118399
76797 1450 1321 6 115672 115673 141051 138463 138464 139528
76798 1450 1193 9 115673 115674 125963 128115 140785 124864 124867 141043 141052
76799 1126 1321 8 115675 115672 128177 128176 128089 128087 126189 126188
76800 1126 1450 3 115672 115674 125964
76801 1193 1321 3 115673 115675 140859
76802 2826 2594 4 115677 115676 115788 115786
76803 2536 2535 4 115680 115681 115962 115745
76804 2535 2378 7 115680 115682 115949 115721 115720 115828 115746
76805 2174 1970 4 115685 115686 116595 116794
76806 957 994 5 115690 115691 124305 124611 128135
76807 957 762 4 115691 115692 125190 124306
76808 955 994 6 115693 115690 128136 128220 127481 124595
76809 762 994 6 115691 115693 124594 116917 116914 124307
76810 2512 2619 4 115694 115695 140486 115698
76811 2778 3117 3 115699 115700 116087
76812 2677 2484 3 115704 115702 116209
76813 2744 2826 4 115707 115708 115806 115788
76814 2185 2362 5 115710 115711 116249 117445 116245
76815 2348 2322 4 115712 115709 116332 116334
76816 2348 2185 6 115709 115711 116248 116348 116347 116446
76817 2362 2322 5 115710 115712 116335 116337 116246
76818 2816 3026 7 115716 115717 120472 120173 120171 119309 119308
76819 3061 2801 6 115718 115715 119150 119495 119494 119580
76820 2378 2419 4 115719 115720 115742 115743
76821 2550 2378 3 115719 115721 115945
76822 385 353 4 115722 115723 143630 143628
76823 486 447 6 115724 115725 126243 127255 126279 126278
76824 2689 2371 4 115726 115727 140432 140433
76825 2689 2650 7 115729 115730 116063 135932 140431 140432 116017
76826 2413 2745 5 115731 115732 140413 140063 140064
76827 2413 2650 6 115732 115729 116019 140469 140470 140412
76828 2413 2689 3 115729 115731 116018
76829 2745 2650 6 115730 115732 140411 140434 139942 116064
76830 2657 2925 4 115734 115735 117249 116020
76831 2854 2657 3 115733 115735 117248
76832 2775 2822 6 115736 115737 119195 118986 118989 118996
76833 2775 2670 4 115737 115738 119041 119171
76834 2729 2670 7 115738 115739 119156 118851 118850 119302 119042
76835 2729 2822 3 115739 115736 118997
76836 2419 2398 5 115741 115743 115946 115947 116841
76837 2107 2250 4 115747 115748 117140 117138
76838 2250 2010 5 115747 115749 117199 116745 116743
76839 2017 2052 5 115750 115751 136704 117101 117100
76840 2017 2199 4 115751 115752 119169 119168
76841 2223 2199 4 115752 115753 136794 136795
76842 2223 2052 5 115753 115750 129913 136469 136468
76843 2199 2052 7 115751 115753 136793 136797 138961 138960 136705
76844 2789 3015 6 115754 115755 115796 115793 115794 118813
76845 2789 3117 5 115755 115756 115826 116087 116106
76846 774 766 6 115757 115758 125056 125055 125157 125114
76847 774 475 6 115758 115759 124446 125071 118182 118184
76848 729 475 5 115759 115760 117754 124475 124447
76849 475 766 3 115758 115760 117753
76850 2649 2536 6 115762 115763 116022 115963 115962 115964
76851 1285 1387 4 115771 115772 138877 138876
76852 1285 1342 5 115772 115770 139173 139184 139185
76853 2486 2630 3 115774 115775 118898
76854 2500 2402 6 115778 115779 119247 119248 118481 118363
76855 2670 2556 7 115780 115781 119172 119171 119191 119192 119194
76856 2670 2402 5 115781 115778 118364 119302 119315
76857 2556 2402 6 115779 115781 119288 119272 119271 119273
76858 1780 1710 6 115783 115784 116688 116691 117536 116947
76859 1588 1710 5 115784 115785 116716 116715 116913
76860 2594 2854 4 115786 115787 115790 115789
76861 3015 2699 4 115792 115794 115874 115873
76862 2280 2543 5 115799 115800 118830 116028 115846
76863 2539 2543 7 115800 115801 116151 116156 118958 118639 118640
76864 2710 2744 5 115803 115804 115821 115805 115806
76865 2487 2436 5 115812 115813 115870 115869 115923
76866 2563 2487 5 115812 115814 115915 116287 115922
76867 2710 2649 3 115820 115821 115822
76868 2342 2142 5 115824 115823 115944 115943 116628
76869 1924 1379 4 115834 115835 118480 116184
76870 1924 1762 4 115835 115833 117508 118285
76871 2952 3086 3 115837 115838 136721
76872 1739 1700 6 115839 115840 116294 116292 116646 117032
76873 1739 1581 7 115840 115841 117036 117041 138696 117001 116960
76874 1619 1739 3 115839 115841 117034
76875 2181 2082 4 115845 115842 116744 116692
76876 2110 2082 5 115843 115845 116693 116593 116029
76877 2166 2321 7 115847 115848 119207 119208 115908 115909 119180
76878 2543 2166 3 115846 115848 116027
76879 2341 2081 7 115849 115850 136929 139455 140313 136325 136326
76880 2228 2081 7 115850 115851 116788 116734 116733 129407 129406
76881 1906 1896 4 115855 115856 138375 138374
76882 1882 1896 8 115856 115857 140572 140573 141164 140894 139355 139354
76883 1882 1906 4 115854 115856 139599 139554
76884 1896 2085 4 115855 115857 140574 138526
76885 2050 2163 4 115860 115858 118137 118086
76886 1942 1855 7 115863 115864 116355 118060 116768 116635 116636
76887 1942 2130 5 115864 115861 116358 117978 116354
76888 1942 2040 4 115861 115863 116641 116356
76889 1855 2130 3 115862 115864 116353
76890 2692 2932 3 115865 115866 115887
76891 2436 2343 3 115870 115868 116325
76892 2703 3015 6 115872 115873 118959 118741 118739 118693
76893 2699 2762 6 115874 115871 118230 118642 118467 118469
76894 3015 2762 5 115872 115874 118813 118802 118694
76895 1856 1954 6 115876 115877 139232 139294 139321 116578
76896 1856 2081 3 115875 115876 116577
76897 1429 1627 4 115878 115880 116477 117864
76898 2897 2896 9 115882 115883 136598 136396 115977 115978 135621 119915 119913
76899 2466 2897 5 115881 115883 136831 136698 136700
76900 2630 2602 5 115884 115885 118920 118648 118649
76901 2925 2911 6 115892 115893 117527 116020 116021 116079
76902 1835 2175 8 115896 115894 116176 116407 116305 116303 116412 116272
76903 1725 2175 3 115895 115896 116271
76904 2484 2709 6 115897 115898 116149 116049 116047 116170
76905 2692 2484 5 115897 115899 116209 116100 116101
76906 2701 2929 4 115901 115902 116034 116082
76907 2701 2683 6 115900 115901 116359 118828 119193 116080
76908 2539 2461 3 115904 115905 115990
76909 2539 2766 5 115905 115903 118957 116156 116075
76910 2539 2683 6 115903 115904 115988 118888 118939 118956
76911 2166 2032 4 115907 115908 119238 119240
76912 2110 2032 6 115910 115907 118159 117785 117452 117454
76913 2110 2166 6 115907 115909 119065 119067 119369 119239
76914 2321 2032 5 115908 115910 117939 117982 117983
76915 2487 2610 8 115922 115923 116395 116168 116169 116030 116031 116289
76916 2436 2610 4 115923 115924 116219 116393
76917 1752 1999 6 115925 115926 122220 120812 120815 122554
76918 2268 1999 7 115928 115925 120198 120197 122627 116451 116453
76919 2268 1752 6 115925 115927 122617 122643 122650 122635
76920 1843 1999 4 115926 115928 122616 122221
76921 2142 2045 3 115931 115932 116763
76922 2398 2329 9 115935 115933 139400 136947 116837 116835 116834 116841 116849
76923 2398 2228 6 115933 115934 129408 129406 136930 139399
76924 1912 1844 5 115936 115937 116906 116927 116983
76925 2216 2082 3 115939 115940 116006
76926 2082 2198 6 115939 115941 115968 117339 118439 117206
76927 2398 2550 6 115945 115946 115948 116835 115952 115950
76928 2512 2398 3 115947 115948 116834
76929 2398 2535 3 115949 115950 115951
76930 2274 2162 6 115955 115956 137308 128010 116812 116813
76931 2274 2717 3 115956 115953 137307
76932 2274 2341 5 115953 115955 140338 140337 140501
76933 2162 2717 5 115954 115956 137306 140421 139437
76934 2441 2092 5 115959 115960 119972 119973 119119
76935 2355 2092 6 115961 115959 117225 117226 117284 117286
76936 2402 2092 5 115960 115961 117838 119396 119414
76937 2461 2224 3 115965 115967 116251
76938 2223 2097 4 115971 115969 119211 138584
76939 2223 2216 5 115969 115970 116038 116039 118418
76940 1727 2097 3 115973 115975 119116
76941 2897 2877 5 115976 115977 136397 135962 135949
76942 3049 2877 6 115979 115976 135951 136784 136785 136823
76943 2896 2877 5 115977 115979 136822 136783 136398
76944 2545 2278 5 115980 115981 137480 136859 136573
76945 2545 2289 7 115981 115982 133347 133345 133399 137613 137906
76946 2387 2289 5 115982 115983 136494 135808 135809
76947 2387 2278 4 115983 115980 136574 136662
76948 2387 2545 6 115980 115982 136728 136727 136928 136572
76949 2289 2278 5 115981 115983 136584 136583 137907
76950 2847 2670 4 115985 115984 118983 119068
76951 2822 3046 5 115986 115987 136087 118988 118989
76952 1784 1707 6 115991 115992 117314 117315 117766 117337
76953 1787 1707 3 115993 115991 117338
76954 1780 1707 8 115992 115993 118005 118017 117811 116948 116947 117810
76955 2650 2417 5 115996 115997 116821 116824 140431
76956 2650 2162 5 115997 115998 135241 135239 140441
76957 2371 2162 7 115998 115999 140376 139928 139929 136039 136040
76958 2371 2417 5 115999 115996 140433 139315 139314
76959 2371 2650 6 115996 115998 140366 140469 140468 140432
76960 2162 2417 7 115997 115999 140445 139201 139200 139437 140420
76961 1528 1685 4 116000 116001 136473 138562
76962 2228 2080 6 116003 116004 116734 116789 139286 136348
76963 2352 2082 6 116006 116007 117188 117231 117384 117206
76964 2352 2107 3 116007 116005 117187
76965 1867 1916 5 116009 116010 119873 136211 136357
76966 1960 1916 6 116010 116011 119639 119619 119605 119604
76967 1960 2057 7 116011 116008 119335 119337 119583 119582 135222
76968 1960 1867 4 116008 116010 119872 119562
76969 1916 2057 4 116009 116011 135223 136358
76970 2058 1881 8 116012 116013 119185 119186 119298 119296 118945 118847
76971 2058 1936 9 116013 116014 118936 118937 118345 118346 118837 119364 119203
76972 2060 1881 8 116015 116012 118849 119391 119448 117775 117776 118913
76973 2060 2058 3 116012 116014 118848
76974 1936 1881 3 116013 116015 118914
76975 2478 2413 9 116018 116019 140435 140424 140028 139848 139846 140061 140064
76976 2478 2650 3 116019 116017 140468
76977 2237 2250 3 116023 116024 117385
76978 2181 2250 6 116024 116025 116669 116668 116745 116744
76979 2148 2280 7 116028 116026 117175 118429 116471 116470 118866
76980 2341 2216 4 116037 116038 136771 140238
76981 2374 2405 4 116040 116041 116052 116053
76982 2374 2244 5 116041 116042 118833 118831 135321
76983 2291 2405 7 116043 116040 119051 136544 136445 135916 133292
76984 2244 2405 5 116041 116043 133293 135179 136636
76985 3177 2999 3 116045 116046 118268
76986 2487 2709 3 116047 116048 116169
76987 2890 2903 4 116050 116051 116154 116099
76988 2374 2404 6 116053 116054 136309 136626 135073 119050
76989 2246 2374 4 116052 116054 135322 135321
76990 2664 2615 5 116057 116058 116322 116071 116069
76991 2486 2615 7 116058 116059 118898 118900 118928 118930 116323
76992 2615 2642 6 116057 116059 118964 118969 118974 118603
76993 521 258 6 116061 116062 122604 120942 118405 118408
76994 2650 2676 8 116064 116063 116822 116821 140441 136985 116792 116793
76995 2241 1986 7 116065 116066 120320 120202 120080 118991 118880
76996 2241 1843 6 116066 116067 119183 119408 119428 120287
76997 2102 1843 4 116067 116068 122646 119184
76998 2102 1986 5 116068 116065 118881 119360 122647
76999 2615 2833 4 116072 116069 118603 118984
77000 2639 2833 4 116070 116072 118985 119056
77001 3024 2999 6 116083 116084 118950 118992 119076 118268
77002 2362 2571 6 116095 116096 118390 116377 116337 116224
77003 2669 2362 3 116094 116096 118389
77004 2571 2348 3 116095 116097 116223
77005 2563 2571 7 116102 116103 116222 116223 116224 116336 116226
77006 1029 895 4 116126 116127 116499 122910
77007 963 895 10 116127 116128 117751 117365 117364 119489 121119 121118 123576 116500
77008 895 1389 5 116126 116128 118042 118312 122919
77009 2376 2484 4 116134 116135 116137 116139
77010 2732 2789 3 116142 116143 116144
77011 1784 2032 6 116145 116146 117785 118084 117419 117417
77012 1784 2010 5 116146 116147 117261 116232 116233
77013 1870 1784 5 116145 116147 117260 117314 117316
77014 2010 2032 6 116146 116148 117819 117973 117453 117452
77015 2563 2669 4 116157 116158 116181 116222
77016 1861 2076 6 116161 116162 116186 116603 116351 116350
77017 2511 2588 6 116171 116172 118631 118682 118681 118680
77018 460 120 4 116179 116180 123396 123394
77019 120 450 4 116178 116180 123927 123239
77020 1928 2051 4 116189 116190 116738 116667
77021 1864 1928 7 116188 116190 116860 116533 116532 116750 116247
77022 2051 1993 6 116189 116191 116484 116664 116662 116661
77023 2155 2320 4 116193 116194 116230 116415
77024 2155 2076 4 116194 116195 116440 116231
77025 2130 2050 6 116200 116201 117936 116557 116550 116256
77026 2692 2902 3 116202 116203 116204
77027 2155 2384 7 116205 116206 116278 116277 116429 116242 116243
77028 2155 2388 3 116206 116207 116366
77029 2543 2732 3 116210 116211 116290
77030 2220 2180 5 116218 116215 116339 116338 116562
77031 2563 2362 3 116224 116225 116335
77032 2110 2010 5 116233 116234 116693 116694 117452
77033 2010 1936 4 116232 116234 116881 116880
77034 2147 2155 4 116241 116243 116376 116430
77035 2384 2175 3 116242 116244 116404
77036 2362 2298 4 116245 116246 116377 118379
77037 1902 1861 4 116257 116259 116511 116279
77038 1480 1558 3 116262 116263 117954
77039 1480 1390 7 116263 116264 118117 118144 125102 118203 118111
77040 1447 792 7 116265 116266 118327 118328 118284 118119 116283
77041 1447 1127 6 116266 116267 118292 118290 118291 122883
77042 1028 1447 5 116265 116267 117960 117962 116282
77043 2384 2322 4 116273 116275 116418 116340
77044 2121 2315 4 116280 116281 116609 116401
77045 1447 1294 5 116282 116283 118118 118282 118288
77046 1927 2071 3 116284 116285 116547
77047 2732 2487 5 116287 116288 116290 116291 116289
77048 1739 1853 5 116292 116293 116943 116941 116647
77049 1739 1632 4 116293 116294 116960 117000
77050 1142 1446 6 116297 116298 122637 123323 117916 117914
77051 1785 1862 5 116299 116300 116967 116968 116986
77052 1785 2016 6 116300 116301 139300 138912 116904 116905
77053 1912 1862 5 116302 116299 116927 116926 116797
77054 1912 1785 6 116299 116301 128002 116371 116372 116983
77055 2016 1862 4 116300 116302 116798 117042
77056 1991 2175 5 116303 116304 116458 116447 116448
77057 2087 2175 5 116304 116305 116408 116400 116399
77058 2302 2042 3 116307 116308 116363
77059 1447 1692 6 116309 116310 118092 118282 118281 118293
77060 2081 2080 6 116315 116316 116787 116734 116735 116702
77061 1926 2081 5 116314 116316 116912 139179 116577
77062 2080 1954 3 116315 116317 116703
77063 2500 2615 5 116322 116323 119322 118962 118963
77064 2486 2500 5 116321 116323 119323 119318 118481
77065 2302 2343 6 116324 116325 116396 116361 116363 116368
77066 985 804 6 116341 116342 124675 124718 117564 117562
77067 985 909 5 116342 116343 118174 124739 124676
77068 815 909 6 116343 116344 116982 124628 124626 118175
77069 815 985 6 116341 116343 118173 117827 117828 124397
77070 909 804 4 116342 116344 116980 117158
77071 1957 2130 7 116353 116354 117977 116556 116550 116515 116514
77072 1957 1942 6 116354 116355 118059 117971 117972 117976
77073 1942 2174 7 116358 116356 116596 116595 116796 117168 117975
77074 2999 2683 4 116359 116360 118982 118827
77075 2343 2087 3 116361 116362 116389
77076 2401 2367 5 116364 116365 117933 117932 118553
77077 1150 1049 6 116369 116370 117236 118011 118013 118090
77078 819 996 4 116381 116382 124698 124591
77079 819 1006 6 116382 116383 125309 125453 125361 125360
77080 578 996 4 116384 116381 124593 125401
77081 2382 2453 3 116385 116386 116387
77082 2382 2087 5 116389 116390 116391 116392 116397
77083 2382 2610 3 116393 116394 116395
77084 2382 2302 3 116396 116397 116398
77085 2315 2106 6 116401 116402 116618 116615 116506 116504
77086 2175 2042 3 116406 116407 116408
77087 2041 2148 4 116409 116410 118429 118427
77088 2109 2175 4 116411 116412 116448 116413
77089 2322 2109 3 116419 116420 116421
77090 1881 1807 6 116422 116423 118913 118914 119185 119039
77091 1881 1733 4 116423 116424 117540 117776
77092 1746 1733 5 116424 116425 117854 123509 117541
77093 1733 1807 6 116423 116425 117823 117289 117288 119188
77094 1686 1601 3 116431 116432 117858
77095 1852 1601 6 116434 116431 117859 117998 117323 117322
77096 1852 1686 7 116431 116433 118061 118058 117681 117680 117857
77097 2365 2580 5 116438 116439 116571 116563 116526
77098 2472 2482 5 116441 116442 117424 117425 119417
77099 2332 2472 4 116441 116443 119660 119659
77100 1999 1925 5 116451 116452 118383 118384 122624
77101 1999 1994 5 116452 116453 122616 118545 118503
77102 2268 1994 5 116453 116454 118504 120334 120336
77103 1029 1334 5 116457 116455 118037 125132 118116
77104 1982 1817 5 116459 116460 116490 116491 116494
77105 1998 1802 8 116467 116468 119313 122660 121112 119235 118249 118250
77106 2116 2058 4 116469 116466 119181 118419
77107 2116 1998 4 116466 116468 119312 119311
77108 1802 2058 5 116467 116469 117778 117777 119279
77109 2176 2148 5 116471 116472 118471 118428 118427
77110 1924 1389 7 116479 116480 118304 118498 117618 117620 118068
77111 570 1219 5 116485 116486 120877 122872 122717
77112 792 1219 4 116487 116485 122718 118327
77113 1817 2036 3 116492 116493 116494
77114 11603 11856 3 116497 116495 125166
77115 862 895 5 116499 116500 123577 118238 118237
77116 862 963 4 116500 116498 123027 123575
77117 1619 1821 3 116512 116513 117028
77118 1933 1830 5 116516 116517 116580 116634 116625
77119 2342 2106 5 116522 116519 116579 116615 116617
77120 2365 2106 6 116520 116522 116620 116616 116575 116574
77121 2315 2342 4 116523 116524 116611 116615
77122 1667 1515 6 116528 116529 117099 117098 117376 117378
77123 1491 1515 7 116529 116530 117251 117252 117509 123081 122594
77124 1491 1733 5 116530 116527 123510 116586 116588
77125 1491 1667 3 116527 116529 122593
77126 1515 1733 3 116528 116530 117773
77127 1928 1629 5 116531 116532 116751 116950 117048
77128 1819 1928 3 116531 116533 116859
77129 2174 2419 3 116534 116535 116568
77130 313 427 5 116537 116538 125697 128492 128454
77131 313 529 5 116538 116539 126834 128418 125698
77132 312 529 4 116539 116540 128599 126835
77133 312 427 5 116540 116537 128455 128576 128708
77134 529 427 8 116538 116540 128707 128595 127624 127626 128521 125699
77135 2121 2040 4 116541 116543 116554 116553
77136 1713 1597 8 116546 116544 116737 139279 128012 117165 117164 117093
77137 1713 1954 8 116544 116545 139349 139388 116865 116864 116889 116736
77138 1957 2050 3 116548 116549 116550
77139 1993 2141 6 116551 116552 116627 116626 116665 116662
77140 1927 2130 3 116557 116556 117937
77141 1489 1265 4 116559 116560 116952 117818
77142 2365 2272 3 116564 116565 116569
77143 2419 2200 4 116566 116567 116817 116717
77144 2365 2461 3 116571 116572 116573
77145 1856 1926 4 116577 116578 139239 139180
77146 2328 2419 3 116583 116584 116839
77147 1561 1733 5 116585 116586 123521 117854 117823
77148 1712 1491 4 116587 116588 117251 117253
77149 1712 1561 5 116585 116587 117953 117853 117822
77150 2392 2098 5 116589 116590 140647 140530 140527
77151 2082 1936 6 116593 116591 119525 117840 116879 116881
77152 1970 1942 6 116594 116595 116795 117172 116766 116635
77153 1942 2008 4 116594 116596 116641 116636
77154 2421 2389 6 116601 116602 136939 119157 119159 140444
77155 1933 2076 4 116603 116604 116622 116621
77156 2180 2451 3 116612 116613 116614
77157 2453 2106 4 116617 116618 116619 116620
77158 1708 1821 6 116629 116630 116922 116923 117028 117033
77159 1844 1821 4 116630 116631 116696 116695
77160 1821 1739 4 116629 116631 116647 116646
77161 1933 1866 3 116632 116633 116634
77162 1965 1871 7 116637 116638 139222 139230 127437 127438 128918
77163 1965 1737 6 116638 116639 139133 138879 117266 117267
77164 1774 1737 6 116639 116640 117389 117386 116993 116994
77165 1774 1965 6 116637 116639 139223 128155 124868 124870
77166 1737 1871 3 116638 116640 138032
77167 1663 1743 7 116644 116645 116656 128131 139318 138763 125952
77168 1663 1822 5 116645 116642 137972 137974 116655
77169 1552 1597 10 116648 116649 129531 139259 138862 138661 117092 117093 139245 139246
77170 1552 1381 4 116649 116650 117070 117071
77171 1456 1381 6 116650 116651 116896 116897 139172 129187
77172 1456 1597 4 116651 116648 139264 117557
77173 1664 1708 5 116652 116653 117087 129601 116966
77174 1664 1665 7 116653 116654 116951 116954 117104 117086 117085
77175 1926 1663 4 116655 116656 128130 139030
77176 1996 2004 7 116658 116659 139205 139471 139476 138736 138735
77177 1996 2157 7 116659 116660 139374 139610 139609 139533 139206
77178 2248 1996 3 116658 116660 139373
77179 1993 2077 3 116664 116665 116666
77180 1567 1587 4 116673 116671 139022 139021
77181 1416 1587 7 116672 116673 139142 139097 127981 127983 138730
77182 2132 2030 3 116674 116675 139556
77183 2132 1805 6 116675 116676 139899 137621 137619 139557
77184 2117 1805 6 116676 116677 136570 136571 138001 139900
77185 2117 2030 6 116677 116674 138737 137985 137966 137965
77186 1805 2030 8 116675 116677 138036 138781 138713 138715 116722 116724
77187 1628 1605 10 116685 116686 136541 139657 127926 127925 117067 117068 139260 116856
77188 1673 1605 9 116686 116687 117245 117246 139115 139160 139161 139595 136542
77189 1605 1404 4 116685 116687 117549 116857
77190 1710 1735 3 116688 116690 116913
77191 1754 1780 4 116689 116691 117051 117053
77192 1844 1862 6 116695 116697 116867 116927 116986 116924
77193 2548 2330 5 116699 116700 139989 139990 140427
77194 2452 2548 6 116698 116700 139993 140401 140402 139135
77195 2081 2016 3 116701 116702 139313
77196 2016 1954 7 116701 116703 139295 138912 116864 116731 116730
77197 2274 2248 6 116704 116705 116815 127905 139293 140410
77198 2329 2248 3 116707 116704 139918
77199 2329 2274 5 116704 116706 128039 139400 139991
77200 2277 2248 7 116705 116707 139917 140700 139416 139415 116816
77201 355 773 4 116712 116709 123270 123390
77202 355 627 6 116709 116711 123203 123288 123929 123269
77203 679 773 8 116710 116712 123374 121458 121460 123361 123442 123229
77204 1754 1713 6 116713 116714 116957 138618 139349 116969
77205 1754 1588 5 116714 116715 117274 136066 116958
77206 1710 1713 6 116716 116713 116970 117143 117148 117185
77207 1588 1713 5 116714 116716 117183 117112 116959
77208 99 11777 7 116718 116719 122601 122599 122808 123316 122794
77209 99 11754 4 116719 116720 118701 122670
77210 1803 2030 5 116721 116722 139485 139486 139686
77211 1803 1805 5 116722 116723 137619 137620 139483
77212 2124 1805 3 116723 116724 139557
77213 2124 2030 8 116724 116721 139687 140454 137944 137943 138737 139556
77214 2124 1803 5 116721 116723 139598 139653 139655
77215 1552 1773 7 116726 116727 138661 138863 139319 139272 139257
77216 1594 1773 5 116729 116726 139175 139174 138699
77217 1594 1552 6 116726 116728 127954 117136 117089 117090
77218 1954 1970 5 116731 116732 117567 139387 116865
77219 2200 2081 5 116733 116735 139313 139303 139228
77220 1713 1926 3 116737 116736 116890
77221 1931 1928 9 116738 116739 139197 139536 128030 128033 117048 116859 116860
77222 1931 2164 5 116739 116740 139311 139307 139198
77223 2228 2277 4 116741 116742 136348 128038
77224 2250 2082 6 116743 116744 117385 117231 117141 117138
77225 1844 1864 3 116748 116749 116750
77226 1629 1844 4 116747 116749 116751 116942
77227 2081 2308 7 116755 116756 140313 139217 139216 139228 129407
77228 2081 2366 3 116756 116757 139455
77229 2398 2081 4 116755 116757 136929 129406
77230 1941 1826 5 116759 116761 129511 136273 136707
77231 1848 1855 5 116767 116768 118062 116884 116883
77232 2004 1912 3 116769 116770 117217
77233 2004 2045 6 116770 116771 135935 135933 139140 139402
77234 1953 2045 3 116771 116772 116929
77235 2045 1912 7 116770 116772 116928 116930 116931 116937 139271
77236 3057 2983 5 116773 116775 127325 137424 137423
77237 3022 2785 3 116779 116776 139715
77238 1679 1667 4 116780 116781 119179 119178
77239 1679 1717 7 116781 116782 121045 121048 119440 117919 117920
77240 1730 1667 5 116783 116780 121007 123518 119299
77241 1730 1679 4 116780 116782 117467 117466
77242 3086 2910 7 116786 116784 138919 136721 136722 139451 139450
77243 3050 2910 4 116785 116786 140373 140504
77244 2046 2081 4 116787 116788 116809 116912
77245 2046 2228 5 116788 116789 116811 116814 116810
77246 2737 2676 4 116791 116792 136983 140418
77247 2650 2791 3 116793 116790 139942
77248 2650 2737 6 116790 116792 136984 140660 140637 140434
77249 2676 2791 5 116791 116793 139269 139268 140419
77250 2200 1942 3 116795 116796 117170
77251 1658 1500 5 116800 116801 117276 117495 118019
77252 1787 1658 4 116799 116801 117275 117220
77253 1500 1780 4 116800 116802 117950 118017
77254 1879 1857 11 116803 116804 138716 139751 139946 139682 139680 127118 127117 139717 139284
77255 1879 1906 5 116804 116805 138374 138525 138717
77256 1874 1857 5 116806 116803 139285 139339 139138
77257 1906 1857 3 116804 116806 138718
77258 2274 2046 6 116807 116808 116811 116812 128009 127905
77259 2046 2101 4 116809 116810 118483 139215
77260 2228 2274 7 116811 116813 140338 139399 128039 128038 139286
77261 2162 2046 6 116812 116814 118483 139214 139343 128011
77262 2107 2081 4 116818 116819 136325 139217
77263 2417 2676 4 116821 116823 139897 140420
77264 2548 2650 3 116822 116824 135932
77265 3184 2973 4 116825 116827 140440 139266
77266 2474 2853 4 116828 116829 140630 140012
77267 2474 2681 5 116829 116830 140600 140550 140551
77268 2418 2329 3 116831 116833 140089
77269 2329 2550 3 116835 116836 116838
77270 2358 2124 6 116842 116843 140392 140425 140286 139453
77271 2389 2124 4 116843 116844 136940 136939
77272 2124 2371 5 116842 116844 139314 140376 139454
77273 2626 2556 4 116847 116845 119063 119209
77274 2626 2355 5 116845 116846 119059 119790 119062
77275 2329 2272 3 116848 116849 116850
77276 1638 1847 9 116851 116852 128400 138891 139035 138948 138947 139011 129539
77277 1638 1417 7 116852 116853 138579 139038 139039 136129 128401
77278 1811 1417 5 116853 116854 134905 134906 135172
77279 1811 1847 8 116854 116851 129541 136060 136061 136212 136015 136016
77280 1811 1638 3 116851 116853 129540
77281 1417 1847 3 116852 116854 128402
77282 1628 1394 4 116855 116856 116934 116932
77283 1605 1394 8 116856 116857 117551 126899 128060 128084 127934 127936
77284 1394 1404 10 116855 116857 117550 139276 139283 124599 124601 138932 139265 138790
77285 1954 2308 3 116861 116862 139216
77286 2016 1713 4 116866 116864 116904 116903
77287 1970 1713 4 116865 116866 116978 117149
77288 1761 1767 4 116868 116869 141457 141378
77289 1761 2035 5 116869 116870 141206 139296 139299
77290 1742 2035 5 116870 116871 141426 139690 139691
77291 1742 1767 7 116871 116868 140826 140824 141372 141428 141425
77292 1742 1761 7 116868 116870 141392 141458 141582 141366 141368
77293 2035 1767 6 116869 116871 141424 141201 141200 141203
77294 2607 2488 7 116872 116873 140060 139327 138423 138422 140189
77295 2607 2413 5 116873 116874 140587 140063 140061
77296 2403 2413 9 116874 116875 139855 140003 140002 140044 140043 140569 140568
77297 2403 2488 4 116875 116872 140175 139854
77298 2403 2607 6 116872 116874 140549 140196 140178 140177
77299 2413 2488 4 116873 116875 139847 139846
77300 2716 2844 5 116877 116878 141171 141151 139878
77301 2716 2856 3 116876 116877 139877
77302 2010 1780 6 116880 116882 117311 117053 117050 117261
77303 1389 1630 6 116886 116887 118319 118497 117618 117619
77304 1274 1389 5 116885 116887 118313 118042 117707
77305 1785 1713 5 116889 116890 139279 116902 116904
77306 1785 1926 7 116890 116888 139300 128002 128001 139305 139304
77307 1785 1954 3 116888 116889 138912
77308 1533 1358 8 116891 116892 130772 136686 123706 123704 139240 127904
77309 1533 1482 6 116892 116893 117197 129333 129160 129161
77310 1177 1210 5 116894 116895 124806 118153 118154
77311 1545 1381 5 116898 116896 117558 128122 128111
77312 1285 1381 6 116897 116898 128047 128046 128280 139173
77313 19 11596 4 116899 116900 122978 122979
77314 1713 1664 8 116902 116903 116978 117142 117143 117147 117163 128012
77315 1785 1664 5 116905 116902 139280 116966 116967
77316 2016 1664 4 116903 116905 117042 116979
77317 722 689 6 116909 116910 121658 121661 121412 121411
77318 722 1027 5 116910 116908 123342 123043 121657
77319 722 739 6 116908 116909 121509 119561 119560 123341
77320 881 994 5 116914 116915 123731 124493 124494
77321 881 852 6 116915 116916 118051 124880 124881 123732
77322 762 852 5 116916 116917 124614 124745 118052
77323 762 881 4 116914 116916 118050 124673
77324 852 994 5 116915 116917 124613 124753 123733
77325 586 599 10 116920 116921 124973 125335 125334 125629 124582 124477 124476 124884
77326 586 881 4 116918 116920 124883 124997
77327 599 1024 5 116919 116921 124589 124587 124938
77328 1628 1398 5 116933 116934 139260 128086 124710
77329 1394 1398 8 116934 116935 139265 126094 126095 127653 127651 127936
77330 1394 1451 3 116935 116932 138790
77331 1912 2080 3 116936 116937 117308
77332 2938 2819 5 116940 116938 140560 140559 140005
77333 1739 1629 7 116942 116943 117000 117001 139322 139367 116950
77334 1739 1928 4 116949 116950 128033 128032
77335 1686 1265 5 116952 116953 124845 123045 117817
77336 1664 1710 4 116954 116955 117143 117105
77337 1754 1503 3 116957 116958 138617
77338 3151 2938 5 116961 116962 140191 141322 137922
77339 1050 1316 6 116963 116964 124416 125416 122983 122985
77340 765 1316 4 116964 116965 124346 124347
77341 1848 1713 5 116970 116969 139388 117149 117142
77342 1574 1569 9 116971 116972 117026 117560 139183 139247 117166 117162 117103
77343 1665 1569 4 116973 116971 117086 117082
77344 1534 1569 6 116972 116973 117081 124917 124918 117027
77345 1301 1336 6 116974 116975 122725 122909 122908 122945
77346 1524 1336 4 116977 116974 122944 122865
77347 1524 1301 6 116974 116976 122880 122879 118335 118333
77348 645 815 5 116981 116982 117366 117367 123621
77349 1574 1542 5 116984 116985 117184 117111 117108
77350 797 936 3 116987 116989 124979
77351 970 925 6 116988 116990 123549 117734 117733 117566
77352 1661 1737 5 116992 116993 117391 117345 117268
77353 1774 1705 7 116994 116991 129811 139073 138590 138589 139223
77354 1774 1661 4 116991 116993 117390 119608
77355 1737 1705 6 116992 116994 139133 139134 117277 117269
77356 2717 2417 4 116997 116995 139897 139437
77357 2341 2417 7 116996 116997 139200 139199 140453 140438 140428
77358 1515 1712 7 116998 116999 117398 117377 117378 117773 117251
77359 2791 2924 6 117002 117003 139270 139268 140511 140505
77360 3050 2924 4 117005 117002 140373 139996
77361 3050 2791 6 117002 117004 137512 140029 140481 140504
77362 3099 2924 8 117003 117005 139995 139994 137916 137915 140365 140367
77363 1527 1572 4 117006 117007 139409 139410
77364 1527 1647 7 117007 117008 128051 128184 127085 127084 140519
77365 1772 1647 7 117008 117009 139703 139643 139642 140981 128052
77366 1772 1572 5 117009 117006 140967 140966 140978
77367 1647 1572 5 117007 117009 127802 127803 140520
77368 1403 1486 6 117010 117011 124483 124484 124946 125065
77369 1338 1486 6 117011 117012 124822 124858 124893 124892
77370 1024 1278 4 117013 117015 124781 124780
77371 1267 1661 5 117016 117017 117462 138989 123708
77372 1500 1661 6 117017 117018 117259 117258 117276 117463
77373 1661 1591 6 117016 117018 117403 117402 137208 123710
77374 834 693 6 117021 117022 117595 117594 117892 117891
77375 834 923 7 117022 117019 117759 121511 121510 128774 123663
77376 834 1027 4 117019 117021 117431 117433
77377 643 506 3 117024 117025 126761
77378 1485 1569 4 117026 117027 124901 117559
77379 1708 1619 8 117028 117029 117030 117043 117039 117037 117034 117035
77380 1708 1700 3 117032 117033 117035
77381 1708 1581 4 117036 117037 117038 117040
77382 1619 1545 5 117043 117044 117574 117094 117095
77383 1833 1777 6 117045 117046 139477 123694 123692 139379
77384 1833 1739 7 117046 117047 138696 139322 128031 128032 139527
77385 1629 1931 5 117048 117049 140907 139366 139367
77386 1870 1780 5 117050 117051 117536 117810 117260
77387 1251 1457 4 117054 117055 117805 124816
77388 1251 1254 4 117055 117056 124448 117806
77389 1283 1254 6 117056 117057 124915 124898 124897 125021
77390 1283 1457 4 117057 117054 124817 124910
77391 1283 1251 5 117054 117056 125025 117577 117576
77392 1254 1457 6 117055 117057 124914 124923 124896 117807
77393 1319 1296 3 117058 117059 125033
77394 1288 1749 4 117061 117062 123414 123413
77395 1288 1732 6 117062 117063 123517 123529 123839 123851
77396 1730 1749 7 117064 117061 123110 120893 120612 120613 117409
77397 1730 1288 5 117061 117063 123518 121001 120998
77398 1732 1749 6 117062 117064 117408 117537 117539 123850
77399 1572 1498 7 117065 117066 124575 124573 140520 139409 139412
77400 1572 1605 4 117066 117067 139577 140925
77401 1628 1498 4 117068 117065 128085 128086
77402 1628 1572 5 117065 117067 139576 140966 139683
77403 1605 1498 5 117066 117068 127935 127934 128083
77404 1451 1381 9 117071 117072 128082 128081 128158 140873 140875 140653 129532
77405 1451 1404 6 117072 117069 138789 138790 127976 127975
77406 1381 1404 5 117070 117072 124879 124878 129187
77407 1503 1485 4 117075 117076 117113 117114
77408 1503 1285 7 117076 117073 117134 129422 129421 139248 117555
77409 1485 1285 6 117074 117076 117556 117559 124735 117525
77410 1940 1631 4 117077 117078 117926 118280
77411 1693 1524 4 117079 117080 122880 117863
77412 1545 1665 5 117082 117083 117095 117088 117085
77413 1545 1664 4 117084 117085 117087 129600
77414 1664 1569 5 117084 117086 117103 117163 128013
77415 1594 1404 4 117091 117089 117137 139273
77416 1286 1304 9 117096 117097 123829 123812 123246 123247 117756 117757 122655
77417 1286 1667 4 117097 117098 123531 123530
77418 1515 1304 3 117099 117096 122594
77419 1515 1286 8 117096 117098 123651 123838 123845 123868 123082 123081
77420 1667 1304 9 117097 117099 122593 123508 120944 120943 119179 119177 123837
77421 2052 1873 8 117101 117102 138820 138827 131133 131135 138960 138728
77422 2052 2025 6 117102 117100 129913 139157 139152 138819
77423 1664 1574 4 117103 117104 117105 117147
77424 1574 1588 3 117110 117111 117112
77425 1427 1520 5 117115 117116 136716 138812 131422
77426 1427 1602 5 117116 117117 119500 136685 136717
77427 1695 1602 7 117117 117118 127346 139122 138759 138096 119502
77428 1695 1520 5 117118 117115 131423 136456 127345
77429 1695 1427 5 117115 117117 119501 127685 129807
77430 393 343 6 117119 117120 124112 148962 120959 120958
77431 591 343 6 117120 117121 124206 124204 124210 124113
77432 2354 2589 4 117122 117123 137656 137657
77433 2545 2354 4 117122 117124 133399 133398
77434 2082 1787 4 117127 117125 117840 117709
77435 1658 1809 5 117129 117130 117344 117220 117219
77436 1737 1809 7 117130 117131 117267 138032 117389 117387 117345
77437 1737 1735 5 117131 117128 117277 138880 117266
77438 1737 1658 4 117128 117130 117268 117269
77439 1387 1594 7 117136 117137 138729 117299 117301 117306 137788
77440 1387 1552 3 117135 117136 124876
77441 2308 2082 3 117139 117141 117188
77442 1503 1456 7 117144 117145 139263 139262 139248 139170 138615
77443 1016 1031 3 117150 117151 117160
77444 992 1031 5 117152 117150 117161 117585 117511
77445 517 461 8 117153 117154 128212 128211 126717 126716 127443 125023
77446 992 909 7 117157 117158 124676 117585 117457 117456 123702
77447 992 804 5 117158 117156 124687 124688 124675
77448 992 645 5 117156 117157 124342 124348 128356
77449 1016 1017 7 117159 117160 117411 117335 117333 117548 117455
77450 992 1017 3 117161 117159 117457
77451 1031 1017 6 117160 117161 117584 123611 117278 117280
77452 1569 1713 3 117162 117163 117165
77453 1597 1569 6 117165 117166 139246 139264 139267 128013
77454 1574 1597 3 117164 117166 139245
77455 2010 1970 4 117171 117172 117186 117567
77456 1601 1561 5 117177 117178 117814 117815 117921
77457 1683 1561 6 117178 117179 117764 117763 117767 117768
77458 1683 1438 4 117179 117176 118023 117875
77459 1683 1601 6 117176 117178 117321 117323 117999 118008
77460 1771 1587 5 117181 117182 117191 119199 119201
77461 1771 1856 4 117182 117180 134984 117190
77462 1713 1542 3 117183 117184 117185
77463 1885 1587 4 117191 117189 139194 139193
77464 1601 1400 4 117192 117193 118003 117815
77465 1400 1707 5 117192 117194 118014 118018 117816
77466 2357 2394 9 117195 117196 120829 120841 120858 119850 119851 120827 120449
77467 1482 1611 3 117198 117197 138746
77468 3024 3164 4 117200 117201 118950 118951
77469 1501 1802 6 117203 117204 119237 119235 121110 122628
77470 1630 1501 6 117202 117204 119462 123443 122605 122606
77471 1543 1935 4 117208 117209 118053 118196
77472 1510 1440 5 117210 117207 118149 118150 118228
77473 1935 1440 4 117208 117210 118261 118197
77474 2358 2230 6 117213 117214 136199 136200 140285 140286
77475 2267 2230 6 117216 117213 139936 139904 139903 139977
77476 2267 2358 4 117213 117215 137537 140425
77477 2424 2230 3 117214 117216 138004
77478 2258 2103 5 117223 117224 119468 119469 119402
77479 2258 2092 4 117224 117225 119119 119603
77480 2355 2103 5 117226 117223 119404 119640 119641
77481 2355 2258 6 117223 117225 119118 119424 119423 119403
77482 850 912 5 117227 117228 129326 129470 129274
77483 850 785 6 117228 117229 129488 127764 123787 123788
77484 834 785 5 117229 117230 117594 117596 129479
77485 834 912 8 117230 117227 123700 123699 123768 123751 117890 117892
77486 785 912 4 117228 117230 123659 123703
77487 1273 1220 7 117232 117233 129213 129214 128969 121495 120974
77488 1273 1654 5 117233 117234 117474 135000 135001
77489 1368 1654 6 117234 117235 120901 120900 120781 117476
77490 1368 1220 4 117235 117232 120724 120723
77491 1654 1220 6 117233 117235 121051 120949 120951 135286
77492 1167 1094 5 117238 117239 120921 121483 121479
77493 873 947 7 117240 117237 117254 117256 120882 134355 121570
77494 873 1167 3 117237 117239 120922
77495 1094 947 4 117238 117240 121531 121480
77496 1214 1222 9 117241 117242 129516 139005 129190 129191 138641 138973 138993
77497 1214 850 5 117242 117243 129398 129399 129517
77498 868 1222 5 117244 117241 138966 138965 139015
77499 868 1214 4 117241 117243 138990 138992
77500 850 1222 5 117242 117244 139016 129403 129402
77501 1378 1605 4 117246 117247 126899 128058
77502 1605 1416 4 117245 117247 117551 117549
77503 1205 873 6 117254 117255 120796 120799 120923 120922
77504 1661 1787 4 117257 117258 117275 117346
77505 1326 1579 6 117263 117264 119579 120965 129242 134130
77506 1326 1253 5 117262 117263 134324 134326 121484
77507 1809 1965 5 117265 117267 139222 139211 139076
77508 2031 1987 8 117270 117271 138042 127703 127701 136569 138784 138707
77509 2031 2011 3 117271 117272 128020
77510 1948 2011 9 117272 117273 137925 126234 126236 137874 137744 137743 128022
77511 1948 1987 5 117273 117270 131586 130042 130044
77512 1948 2031 6 117270 117272 128021 138682 138754 138708
77513 1017 1226 5 117278 117279 117335 117334 118135
77514 1017 1194 3 117279 117280 117411
77515 1807 1683 5 117282 117283 119362 117765 117763
77516 2092 2060 8 117284 117285 118425 118848 118849 119341 119340 119593
77517 2092 2126 6 117285 117286 117838 119394 118935 118426
77518 2355 2060 3 117287 117284 119641
77519 1807 1712 4 117289 117290 117498 117822
77520 1894 1712 5 117290 117291 119260 119055 117500
77521 1894 1733 4 117291 117288 119251 119353
77522 988 985 5 117293 117294 124954 117826 117827
77523 1031 985 9 117294 117295 124739 117511 117510 117695 125016 125008 124970
77524 1031 936 3 117295 117292 123498
77525 1031 988 7 117292 117294 124670 117711 117713 123611 123497
77526 985 936 4 117293 117295 118174 118173
77527 1027 1114 3 117298 117296 123770
77528 1594 1351 3 117300 117301 117305
77529 1387 1351 7 117301 117302 117614 117611 138831 138057 117307
77530 1387 1587 3 117302 117299 138730
77531 1351 1587 7 117300 117302 127983 127982 136101 124586 124583
77532 1735 2107 3 117303 117304 139017
77533 1351 1736 6 117307 117305 124583 124585 138616 138056
77534 1387 1736 3 117306 117307 138055
77535 1926 2016 4 117309 117310 139295 139300
77536 1735 2010 3 117311 117312 117313
77537 1784 1852 4 117315 117316 117417 117418
77538 1401 1392 5 117318 117319 139006 126633 126631
77539 1213 1392 5 117319 117320 136466 129831 129830
77540 1392 1315 6 117318 117320 138653 138651 138709 129501
77541 1683 1707 4 117324 117321 117768 117766
77542 1253 911 4 117326 117327 134571 129377
77543 1115 911 7 117327 117328 129318 129258 129260 129273 129278
77544 1115 1042 5 117328 117325 128889 128887 130268
77545 1115 1253 4 117325 117327 121485 121484
77546 911 1042 5 117326 117328 134830 135154 129378
77547 1183 985 3 117330 117331 125008
77548 1183 1065 6 117331 117329 124804 124803 124671 124672
77549 1183 1179 6 117329 117330 125017 125010 125005 125006
77550 1187 1017 5 117333 117334 118134 117735 117546
77551 1226 1016 3 117335 117332 117336
77552 1561 1707 7 117338 117337 117768 117814 117816 118016 118005
77553 2082 1918 5 117341 117342 117710 117709 119525
77554 1961 1943 9 117347 117348 129814 129813 138773 136654 136318 136321 136403
77555 1961 1847 4 117348 117349 136243 138947
77556 2000 1847 7 117349 117350 135364 135365 136212 135417 135415
77557 2000 1943 3 117350 117347 136347
77558 2000 1961 7 117347 117349 120109 120111 136336 136335 136402
77559 1847 1943 6 117348 117350 136346 136171 136173 138948
77560 2151 2317 8 117354 117355 120046 120044 136280 135123 135124 136227
77561 2151 2171 6 117355 117356 136486 136298 136299 136162
77562 2449 2171 5 117356 117357 135585 135587 136638
77563 2449 2317 8 117357 117354 136386 136307 136306 136329 136312 136311
77564 2171 2317 5 117355 117357 135197 129825 129827
77565 1260 1247 4 117358 117359 138858 138794
77566 1260 1208 4 117359 117360 117634 117635
77567 1387 1208 5 117360 117361 138941 139251 138877
77568 1387 1247 7 117361 117358 117654 117655 138951 139253 138940
77569 1387 1260 6 117358 117360 138876 139243 138831 138793
77570 1208 1247 5 117359 117361 138939 127737 127736
77571 1099 963 5 117363 117364 119487 123564 123464
77572 895 1231 3 117365 117362 117749
77573 895 1099 5 117362 117364 119488 117860 117861
77574 963 1231 4 117363 117365 117750 122661
77575 645 470 7 117367 117368 123652 117601 117447 117446 117808
77576 797 470 4 117368 117369 124660 124503
77577 797 815 8 117369 117366 124628 124627 124979 124344 124343 124567
77578 2975 2867 4 117370 117371 120469 120468
77579 1231 1203 7 117373 117374 117459 117460 122661 117588 117582
77580 1330 1203 6 117374 117375 117522 117520 117605 117879
77581 1330 1239 6 117375 117372 119257 123428 123797 123480
77582 1515 1732 7 117376 117377 117796 117795 123848 123839 123651
77583 1753 1737 3 117386 117387 117391
77584 1774 1809 3 117388 117389 138033
77585 1774 1753 6 117386 117388 138675 138676 119607 117390
77586 1729 1547 5 117395 117396 134910 134911 134927
77587 1831 1547 5 117397 117395 135039 135038 135326
77588 1747 1547 7 117396 117397 135325 135304 135302 134924 134923
77589 1733 2060 6 117400 117401 117776 119188 119251 119329
77590 2060 1667 4 117399 117401 117775 117470
77591 878 1291 4 117404 117405 123900 123823
77592 984 825 4 117406 117407 120527 120528
77593 825 1291 7 117405 117407 120984 120983 120985 123523 123522
77594 1960 1749 7 117408 117409 119894 119893 129199 119872 119604
77595 1732 1960 4 117408 117410 119620 119605
77596 684 712 4 117412 117413 123636 123605
77597 496 712 6 117413 117414 123124 123074 122847 122848
77598 2032 1683 3 117419 117420 118072
77599 2532 2482 5 117425 117426 120144 119442 119419
77600 2532 2472 4 117423 117425 119418 119477
77601 2482 2570 5 117424 117426 120142 119326 119258
77602 2060 1985 7 117428 117427 119082 119083 119354 119352 119329
77603 473 804 5 117430 117429 124638 124637 125943
77604 1027 1104 8 117431 117432 123382 123245 123248 123336 123334 123533
77605 834 1233 6 117433 117434 123753 123768 123664 117759
77606 834 1104 5 117434 117431 117891 117890 123750
77607 1233 1104 4 117432 117434 123752 123825
77608 1191 1296 5 117436 117435 118100 117799 117502
77609 399 428 6 117438 117439 126967 129593 130504 128378
77610 658 428 10 117439 117440 130476 130376 130378 131163 131164 130830 130714 126968
77611 658 394 5 117440 117437 127767 127766 130481
77612 658 399 4 117437 117439 126966 129782
77613 428 394 6 117438 117440 130006 130005 128719 128379
77614 1104 1304 5 117442 117443 123247 123248 121002
77615 470 594 6 117447 117448 124247 124246 124294 117603
77616 1239 1413 6 117449 117450 123277 120653 120652 117755
77617 1413 1304 3 117449 117451 117757
77618 2032 2181 5 117453 117454 117939 117981 117974
77619 909 1017 5 117457 117455 123566 123612 117584
77620 909 1016 4 117455 117456 123655 123565
77621 1274 1203 3 117460 117461 117901
77622 1274 1231 9 117458 117460 117750 117749 117812 117813 123420 123379 123249
77623 1203 1438 6 117459 117461 117882 117881 117878 117879
77624 1661 1400 4 117463 117462 139001 117494
77625 1291 1690 4 117464 117465 123654 121009
77626 1291 1730 6 117465 117466 121007 121001 121000 123658
77627 1679 1690 4 117467 117464 121010 121045
77628 1679 1291 7 117464 117466 119178 117917 117919 119439 121008
77629 1730 1690 6 117465 117467 121046 121047 121066 121076
77630 1732 1717 3 117468 117469 119300
77631 1443 1525 4 117471 117472 132271 134918
77632 1292 1525 6 117473 117471 134919 135006 135045 135052
77633 1549 1525 6 117472 117473 135048 135050 136521 132272
77634 1273 1721 5 117474 117475 117486 119578 135133
77635 1654 1721 7 117476 117474 135134 120697 120696 120531 120533
77636 1368 1721 6 117475 117476 120780 120785 120782 117487
77637 1918 2060 3 117477 117478 119354
77638 1894 2060 5 117479 117477 119352 119251 119250
77639 1413 1515 6 117480 117481 123781 123872 123082 117509
77640 258 961 6 117482 117483 122858 118407 118408 122536
77641 877 208 6 117484 117485 122929 122241 122240 122394
77642 208 961 3 117483 117485 122859
77643 1721 1326 4 117487 117486 119579 120953
77644 1400 1588 3 117488 117489 117490
77645 1400 1503 5 117490 117491 117606 139003 117492
77646 1503 1658 3 117492 117493 138995
77647 1018 1296 6 117501 117502 117797 125035 117837 117728
77648 1018 1191 6 117502 117503 124978 123554 123555 117798
77649 963 1018 7 117501 117503 124977 124251 117514 117516 117729
77650 1988 1627 5 117506 117507 117824 117718 117717
77651 1194 985 4 117510 117512 126118 117696
77652 791 1018 3 117513 117514 124250
77653 791 963 9 117514 117515 123520 123564 123563 121119 121117 122590 124249
77654 970 963 3 117515 117516 117732
77655 970 1018 7 117516 117513 124458 124966 118188 117835 117731
77656 11692 11608 7 117517 117518 148922 148968 148966 148965 148924
77657 1183 1285 5 117524 117525 124734 125010 117715
77658 1627 1991 3 117528 117529 117718
77659 393 356 4 117531 117532 148972 128528
77660 317 356 8 117532 117533 124243 124049 124048 128757 144860 148973
77661 356 493 4 117531 117533 128305 128304
77662 1749 1916 4 117537 117538 119873 119604
77663 1749 1711 5 117538 117539 123809 123810 136168
77664 993 972 7 117542 117543 117792 117793 123073 117678 117679
77665 993 823 6 117543 117544 125091 124943 124941 117829
77666 1036 823 5 117544 117545 118178 118179 124991
77667 1036 972 5 117545 117542 118180 118181 118211
77668 1036 993 5 117542 117544 125089 124935 124885
77669 925 1187 5 117546 117547 120988 120990 117734
77670 925 1016 5 117547 117548 123565 123468 123467
77671 1017 925 5 117546 117548 123566 118190 117733
77672 1404 1416 7 117549 117550 139275 127799 127800 139273 128023
77673 1394 1416 3 117550 117551 126898
77674 42 103 6 117552 117553 124172 124176 124076 123215
77675 42 2 5 117553 117554 123189 124132 124133
77676 1285 1574 4 117555 117556 117560 139182
77677 1597 1545 7 117557 117558 139277 139278 129599 129600 139267
77678 881 985 5 117561 117562 124397 124396 124549
77679 971 804 4 117563 117564 124716 124714
77680 971 985 6 117564 117561 124351 124353 124706 124708
77681 971 881 7 117561 117563 123732 123731 123739 123738 124550
77682 970 988 7 117565 117566 118191 124738 124737 118269 118271
77683 1007 823 6 117568 117569 118179 118177 124908 125001
77684 1007 881 5 117569 117570 124396 124959 124990
77685 1386 1619 4 117574 117575 124820 124783
77686 1338 1283 5 117578 117576 124817 124436 118048
77687 1182 1283 6 117577 117578 118049 118120 128285 125026
77688 1179 1036 6 117579 117580 117675 117673 124983 125007
77689 1179 1251 5 117580 117581 125025 124448 124449
77690 1182 1179 6 117579 117581 125026 128283 124657 124656
77691 1104 1231 3 117582 117583 117587
77692 909 1031 5 117585 117584 123497 123498 124739
77693 1071 857 5 117589 117590 128252 128270 128247
77694 1071 852 3 117590 117591 128149
77695 821 852 6 117591 117592 123719 124614 124613 124755
77696 821 1071 5 117589 117591 128104 127979 127980
77697 852 857 7 117590 117592 123717 124685 124684 128057 128062
77698 693 785 4 117593 117594 123659 123690
77699 691 834 4 117595 117596 128775 123663
77700 691 785 5 117596 117593 123164 123163 129480
77701 845 776 5 117597 117598 125822 125953 125837
77702 845 933 5 117598 117599 125728 125729 125823
77703 938 933 6 117599 117600 125829 125826 140823 126020
77704 933 776 5 117598 117600 125927 125968 125824
77705 752 470 3 117603 117601 123653
77706 1425 1351 3 117607 117608 138860
77707 1425 1233 8 117608 117609 138952 139009 138958 138956 117666 117668
77708 1661 1233 4 117609 117610 123708 123710
77709 1661 1425 7 117607 117609 137208 137210 121019 121018 138859
77710 1233 1351 5 117608 117610 138988 138985 138984
77711 1222 1351 4 117611 117612 138641 138830
77712 1222 1416 6 117612 117613 117653 138971 129193 129191
77713 1387 1416 8 117613 117614 138730 138729 127800 127801 138949 117655
77714 1387 1222 4 117611 117613 117654 138793
77715 1416 1351 5 117612 117614 127983 127984 138642
77716 1199 1318 6 117615 117616 139046 129412 129410 117667
77717 1199 1034 6 117616 117617 123840 139052 139049 139047
77718 1233 1199 4 117615 117617 123841 117666
77719 1389 1651 5 117619 117620 118220 117783 117716
77720 1222 1355 4 117622 117623 138953 138967
77721 1222 1124 4 117623 117624 117637 138954
77722 1247 1124 4 117624 117625 127658 117638
77723 1247 1355 4 117625 117622 138969 138979
77724 1124 1355 5 117623 117625 138983 138977 138955
77725 1355 1416 4 117626 117627 129456 139142
77726 1355 1378 8 117627 117628 138967 138969 138978 126654 126655 129457
77727 1264 1378 3 117628 117629 138970
77728 1264 1416 6 117629 117626 139097 138922 129192 129193
77729 1264 1355 7 117626 117628 138953 138955 136242 136240 139163
77730 758 673 5 117630 117631 128408 128996 129493
77731 758 810 5 117631 117632 128752 128772 128409
77732 1081 810 9 117632 117633 124143 123923 123921 129176 117664 117662 127783
77733 1081 673 4 117633 117630 123047 123046
77734 1081 758 5 117630 117632 128751 139056 129495
77735 1260 1067 9 117635 117636 138929 138806 136590 136589 138991 138857 138858
77736 1285 1260 7 117634 117636 138976 129419 129421 139244 138876
77737 1037 1124 8 117637 117638 127659 129452 128389 128390 129460 129458
77738 1608 1659 6 117639 117640 138838 139108 139143 138767
77739 1608 1602 5 117640 117641 127785 127786 138837
77740 1315 1608 5 117639 117641 129501 129500 138768
77741 878 1162 6 117642 117643 123319 123320 123823 120981
77742 1114 1166 7 117644 117645 123221 123678 123802 123835 123979
77743 1166 1162 4 117643 117645 123220 123314
77744 522 609 3 117647 117648 123365
77745 351 305 6 117649 117650 124209 123972 123971 123362
77746 351 689 5 117650 117651 123668 124169 124208
77747 609 689 7 117651 117652 123251 121661 121655 121656 123669
77748 609 305 6 117652 117649 123363 121390 121391 123250
77749 689 305 6 117650 117652 121409 121411 123959 123956
77750 1247 1416 3 117653 117655 138950
77751 504 596 7 117656 117657 127442 127807 128513 126456 126457
77752 504 517 8 117657 117658 128197 126257 126258 126339 126340 127443
77753 648 504 5 117656 117658 128196 125638 125640
77754 252 39 5 117660 117661 125835 125833 125845
77755 252 427 4 117661 117659 124792 128483
77756 252 373 5 117659 117660 128430 128420 124791
77757 1081 1055 7 117662 117663 123756 123754 128398 128399 127782
77758 810 998 7 117664 117665 129165 128884 128883 123409 123408
77759 810 1055 4 117665 117662 127784 129164
77760 1199 1425 4 117666 117667 123813 123816
77761 710 607 4 117672 117669 128997 129132
77762 710 673 8 117669 117671 128771 128770 119522 119519 123938 128996
77763 290 607 5 117670 117672 129158 129157 128380
77764 1179 1229 5 117674 117675 124449 124450 124995
77765 1036 1065 4 117676 117673 124984 124863
77766 1229 1065 4 117674 117676 124862 125012
77767 1005 972 3 117677 117678 123072
77768 1957 1852 3 117681 117682 117971
77769 989 674 3 117685 117683 118169
77770 989 874 5 117683 117684 117905 124359 118168
77771 819 930 4 117686 117687 124777 125348
77772 930 808 4 117686 117688 125323 125342
77773 1746 1962 4 117691 117689 118915 118917
77774 1881 1962 6 117690 117691 118841 118840 119392 119391
77775 526 664 4 117692 117693 123599 123446
77776 1285 985 5 117695 117696 126117 124353 124350
77777 101 11690 4 117698 117699 123282 123327
77778 2241 2116 3 117701 117702 119183
77779 2245 2116 13 117702 117703 119311 119181 118478 118479 118818 118806 118805 118794 118561 118560 118723
77780 2245 2102 6 117703 117700 119330 119331 119383 119355
77781 2116 2102 6 117701 117703 119312 119314 122644 119184
77782 1052 627 5 117704 117705 120526 120529 121122
77783 843 627 5 117705 117706 120946 123899 123172
77784 963 1274 5 117707 117708 117901 117750 117751
77785 988 1183 5 117711 117712 125004 125003 124671
77786 988 1226 4 117712 117713 118135 118133
77787 1031 1183 6 117714 117711 124672 125008 125017 117715
77788 1290 970 5 117719 117720 124737 118189 117835
77789 1187 970 5 117720 117721 117734 117735 124738
77790 1559 1414 4 117723 117724 120885 120886
77791 366 450 8 117725 117726 123183 123698 123697 123878 124064 123941
77792 366 522 4 117726 117727 123456 123184
77793 496 366 5 117725 117727 123455 123695 123696
77794 1203 963 8 117729 117730 117882 117901 122661 123464 123520 117732
77795 1203 1018 4 117728 117729 117731 117836
77796 1017 970 3 117735 117733 118191
77797 1018 882 4 117738 117736 124978 124977
77798 766 882 6 117737 117738 125042 125060 125130 125157
77799 2633 2291 5 117743 117744 119053 136445 118438
77800 2633 2390 4 117741 117743 118436 118491
77801 366 524 3 117745 117746 123695
77802 366 406 6 117746 117747 121512 121515 123456 123455
77803 183 524 4 117748 117745 123170 123131
77804 183 366 9 117745 117747 124177 124171 123657 123338 123340 123941 123696
77805 895 1274 8 117751 117749 117861 117862 122640 121116 118314 118042
77806 766 443 8 117752 117753 125056 124301 124303 124412 123581 123579
77807 443 729 5 117752 117754 124489 124488 124280
77808 1286 1239 3 117755 117756 123824
77809 1413 1286 8 117755 117757 122656 123082 123873 123827 119648 119647
77810 923 1233 5 117758 117759 123479 123476 123377
77811 1861 1686 4 117760 117761 117781 118054
77812 1298 1231 3 117769 117770 117813
77813 2058 2041 10 117778 117779 119365 119368 119366 119371 118139 118140 119182 118419
77814 1651 1802 3 117780 117777 117940
77815 1651 2058 7 117777 117779 119363 119187 119186 119375 119280
77816 1438 1489 5 117784 117782 118022 118021 118023
77817 147 248 3 117790 117789 123593
77818 676 972 3 117791 117792 117830
77819 1018 1265 3 117797 117798 124902
77820 2245 2041 4 117800 117801 118478 119182
77821 2245 2176 4 117801 117802 118809 118479
77822 1251 1229 5 117805 117806 124449 118205 118206
77823 1457 1229 6 117807 117805 124919 124539 124540 124894
77824 1254 1229 5 117806 117807 124895 124950 124450
77825 988 1007 5 117825 117826 118270 118271 124944
77826 815 988 3 117825 117827 124945
77827 440 465 4 117832 117833 125538 125432
77828 544 541 5 117834 117831 125061 125419 125389
77829 465 541 5 117832 117834 125381 125380 125379
77830 1018 1290 5 117835 117836 117837 125031 118187
77831 2126 2402 6 117839 117838 119395 119378 119301 119269
77832 1274 1746 5 117843 117844 123379 123422 123462
77833 1053 1005 4 117845 117847 117868 124228
77834 665 940 5 117846 117848 124927 124936 125138
77835 1365 1334 4 117851 117849 118000 118001
77836 1191 1334 5 117850 117851 118114 118116 125125
77837 1852 1489 3 117859 117857 117877
77838 895 1052 4 117862 117860 123398 123465
77839 1389 2007 4 117865 117867 118220 118068
77840 1501 1506 3 117870 117871 119475
77841 1501 1446 7 117871 117869 122595 118322 118324 121238 119473
77842 2927 3215 6 117872 117873 118836 118853 118891 118893
77843 3215 2956 4 117872 117874 118804 118803
77844 1092 922 5 117884 117885 123490 123419 123355
77845 677 922 6 117885 117886 121128 121127 121132 123430
77846 677 978 6 117886 117883 123496 123494 123493 123173
77847 677 1092 3 117883 117885 123491
77848 922 978 5 117884 117886 123174 123235 123234
77849 2515 2764 9 117887 117888 121210 122234 122293 122298 122286 122287 122391
77850 693 912 6 117892 117889 121023 121244 121246 123659
77851 693 1104 5 117889 117891 123533 123532 121022
77852 1286 1158 7 117893 117894 123381 123526 123843 123867 123827
77853 1286 1104 6 117894 117895 119647 123824 123247 123245
77854 1267 1104 10 117895 117896 123752 123750 123347 123349 123748 123799 120651 119649
77855 1267 1158 4 117896 117893 123263 123262
77856 1267 1286 3 117893 117895 119648
77857 1104 1158 4 117894 117896 123825 123382
77858 11324 11332 5 117897 117898 145110 145109 148790
77859 11324 11352 5 117898 117899 148885 148838 148839
77860 11411 11352 5 117899 117900 123166 123167 124773
77861 11411 11324 7 117897 117899 148887 148891 149026 148863 148789
77862 11352 11332 5 117898 117900 145153 145179 145209
77863 940 827 3 117903 117904 118210
77864 989 782 4 117905 117906 123041 123040
77865 1686 1619 5 117908 117909 124779 118043 118044
77866 739 1317 3 117910 117911 129436
77867 1096 739 6 117910 117912 123341 123634 129262 129464
77868 978 1142 5 117913 117914 122805 121095 121096
77869 856 978 5 117913 117915 122842 122841 123475
77870 1291 1304 7 117917 117918 119463 119464 120983 120986 119177
77871 1291 1717 3 117918 117919 119438
77872 1679 1304 3 117920 117917 119179
77873 1717 1304 6 117918 117920 120943 120945 120657 120659
77874 1099 791 4 117924 117925 123564 123169
77875 1752 1986 5 117928 117929 122647 122658 122629
77876 1986 1501 8 117928 117930 121238 120355 120357 121050 121111 121110
77877 2367 2540 5 117933 117934 118462 118460 118563
77878 2183 2367 5 117932 117934 118554 118556 118552
77879 2032 2130 7 117936 117937 117977 117978 117980 117981 117982
77880 2050 2032 5 117936 117938 118360 119238 117983
77881 2879 3039 5 117943 117944 118341 118339 118420
77882 2947 2879 5 117942 117944 118516 118519 118518
77883 2470 2427 6 117947 117948 118343 118365 118366 118267
77884 1561 1780 3 117950 117951 118005
77885 2013 2122 7 117956 117957 136216 136214 135121 135122 136365
77886 2013 1916 6 117957 117958 136358 136357 136364 136317
77887 2088 1916 6 117958 117959 119634 119633 119639 135223
77888 2088 2122 6 117959 117956 136265 120027 120028 134327
77889 2088 2013 3 117956 117958 136362
77890 1916 2122 6 117957 117959 136193 120049 119481 119478
77891 1447 1603 5 117961 117962 118288 118092 118040
77892 2760 2583 7 117966 117964 135485 120557 120555 135149 135334
77893 2191 2208 4 117967 117968 118749 118747
77894 1986 2067 4 117969 117970 119445 119219
77895 1986 2191 3 117967 117969 119218
77896 2032 2174 4 117973 117974 117980 117975
77897 2032 1957 3 117976 117977 117979
77898 445 1271 4 129986 117989 117990 -1
77899 1022 1066 6 117991 117992 126372 143248 143247 142558
77900 1022 1271 9 117992 117989 127236 127234 141529 141226 139822 139821 126371
77901 1022 445 5 117989 117991 142557 143441 129987
77902 1066 1271 7 117990 117992 126370 141650 143299 143397 -1
77903 650 441 5 117993 117994 125161 125184 123010
77904 248 441 5 117995 117993 123011 125142 125141
77905 1852 1848 3 117996 117997 118061
77906 1601 1927 3 117998 117999 118009
77907 1365 972 3 118007 118006 124454
77908 1049 989 6 118012 118013 118091 123040 124359 124360
77909 1707 1500 4 118016 118017 118019 118018
77910 441 686 5 118024 118025 125163 123010 123011
77911 229 672 5 118026 118027 123137 122921 122920
77912 672 686 6 118025 118027 123562 123572 123596 123597
77913 1301 1029 3 118029 118030 122876
77914 1352 1029 5 118030 118031 122685 118275 118274
77915 1352 945 3 118031 118028 118296
77916 1768 1686 3 118035 118032 118071
77917 1835 1686 4 118033 118035 118056 118057
77918 1334 919 4 118036 118037 124137 124136
77919 650 686 6 118045 118046 123010 125053 125051 124302
77920 686 443 3 118045 118047 124303
77921 599 852 4 118051 118052 124723 124722
77922 1686 1942 4 118058 118059 118060 118073
77923 901 890 6 118065 118063 120940 120939 123372 123160
77924 1229 1090 6 118066 118067 125027 125014 124862 118212
77925 2470 2533 4 118075 118076 118735 118505
77926 2268 2544 4 118078 118079 122643 118593
77927 2772 2511 3 118082 118083 118631
77928 1389 1352 9 118089 118087 118304 118499 118319 118313 118312 122917 118275
77929 1379 1352 4 118088 118089 118274 122861
77930 516 765 6 118093 118094 124375 125253 125203 123567
77931 1365 1296 4 118097 118098 118099 118100
77932 1583 1495 5 118103 118104 125049 123062 123059
77933 2956 3280 4 118106 118107 118803 118892
77934 1447 1428 7 118118 118119 118283 122838 118262 118263 118281
77935 2889 3094 3 118122 118123 118520
77936 882 1365 5 118129 118130 118186 124930 124454
77937 988 1187 5 118133 118134 124738 124736 125004
77938 988 1017 6 118134 118135 123611 123612 118190 118191
77939 1924 2163 3 118136 118137 118402
77940 2058 2339 9 118138 118139 119370 119380 119377 119244 118911 118912 119225
77941 2397 2058 3 118138 118140 119226
77942 2041 2339 3 118139 118141 119252
77943 1510 1334 4 118146 118147 118227 118150
77944 1485 1457 3 118155 118157 124559
77945 2335 1869 4 118161 118162 120024 119427
77946 1040 1232 5 118165 118166 124420 124418 122969
77947 1040 1464 3 118166 118167 123609
77948 80 217 6 118172 118170 124356 124354 125129 124621
77949 46 217 6 118171 118172 123056 123055 123018 123017
77950 1090 1007 4 118176 118177 124907 124993
77951 1036 1007 5 118179 118176 124984 124983 124990
77952 1036 1090 5 118176 118178 118211 118212 124863
77953 650 774 8 118182 118183 125055 124785 124786 125084 125217 125069
77954 443 774 3 118183 118184 125056
77955 941 882 7 118185 118186 124906 124904 124788 124787 125100
77956 1065 1018 4 118187 118188 124965 125015
77957 1065 970 4 118188 118189 118269 118272
77958 1290 1065 6 118187 118189 124963 124803 124802 125030
77959 1697 1691 4 118193 118194 119856 119857
77960 1645 1697 5 118192 118194 121143 119286 118433
77961 1935 1762 7 118196 118197 118258 118225 118226 118248 118256
77962 674 795 7 118198 118199 122751 122754 125083 125081 125066
77963 889 795 5 118199 118200 123067 123068 125043
77964 134 45 4 118201 118202 125613 125246
77965 375 570 5 118213 118214 123002 123003 123004
77966 862 375 4 118213 118215 124719 124741
77967 11617 11508 5 118217 118218 144502 144810 128534
77968 11424 11508 9 118218 118219 144437 125975 125974 144557 125511 125510 144360
77969 1940 1898 6 118221 118222 118464 118452 118241 118242
77970 2602 2762 4 118230 118229 118649 118641
77971 1968 2054 3 118233 118235 118279
77972 1041 862 4 118236 118237 122518 122517
77973 2208 2103 7 118239 118240 119107 119105 119734 119716 119717
77974 2176 2129 6 118244 118245 118450 118451 118884 118821
77975 2129 2061 4 118243 118245 118473 118321
77976 1746 1802 3 118251 118249 119237
77977 2458 2906 3 118252 118253 118622
77978 1762 1817 3 118255 118256 118257
77979 1428 1935 4 118258 118259 118260 118261
77980 1447 1693 5 118263 118264 122581 118301 118293
77981 1379 1447 3 118262 118264 122580
77982 2625 2470 3 118267 118265 118765
77983 988 1065 6 118269 118270 124954 124670 124671 124963
77984 1447 1049 4 118283 118284 122242 122954
77985 1524 1447 4 118289 118291 118334 118335
77986 1041 945 6 118296 118294 122538 122539 122517 122516
77987 1041 1301 5 118294 118295 122875 122909 122887
77988 208 469 6 118300 118297 122949 122957 122958 122947
77989 1924 1352 3 118304 118303 118500
77990 1509 1532 4 118305 118306 122892 122547
77991 1509 1676 6 118306 118307 119385 119386 121102 122895
77992 1827 1532 5 118308 118305 122548 122528 122523
77993 1827 1509 4 118305 118307 120814 120813
77994 1676 1532 6 118306 118308 122515 118432 118431 122894
77995 949 887 3 118309 118310 122888
77996 1352 1274 4 118313 118314 121115 118320
77997 3047 2609 5 118315 118317 120273 122484 120288
77998 2752 2515 5 118316 118318 122343 122361 118664
77999 1446 1634 6 118322 118323 121153 121152 121208 122329
78000 1446 1843 8 118323 118324 121237 120911 120909 121136 121241 121239
78001 1228 871 4 118325 118326 121500 121499
78002 479 407 5 118329 118330 121392 122825 122675
78003 479 760 3 118330 118331 121393
78004 2477 2434 3 118336 118337 120444
78005 2879 2889 5 118339 118340 118645 118743 118421
78006 2879 3122 4 118340 118341 118516 118646
78007 3039 2889 4 118342 118339 118422 118566
78008 3122 2889 5 118340 118342 118567 118643 118644
78009 2058 2224 6 118344 118345 119361 119376 119377 119379
78010 2110 2058 6 118344 118346 118838 119369 119373 119382
78011 1936 2224 3 118345 118347 118417
78012 2556 2224 4 118349 118348 119273 119268
78013 1924 2176 4 118352 118353 118472 118428
78014 2630 2458 9 118355 118356 118875 118867 118868 118886 118622 118623 118934
78015 2176 2458 6 118356 118357 118809 118820 118819 118821
78016 2116 2427 3 118367 118365 118794
78017 2544 2427 4 118366 118367 118752 118751
78018 2458 2772 3 118369 118370 118868
78019 2332 2288 5 118371 118372 118777 118778 119503
78020 2332 2264 7 118372 118373 119692 119661 119660 119791 119739
78021 2239 2264 4 118373 118374 119421 119693
78022 2239 2288 6 118374 118371 119047 118856 118855 119420
78023 2239 2332 5 118371 118373 119691 119548 119504
78024 2102 2339 4 118381 118382 119331 118912
78025 2102 2266 4 118382 118380 119430 119330
78026 1999 1676 7 118384 118385 119387 119385 122551 122622 122625
78027 1555 1999 4 118383 118385 118546 118503
78028 1206 813 6 118393 118394 120745 120744 121318 121645
78029 2631 2280 5 118397 118398 118737 118798 118929
78030 2280 2615 4 118397 118399 119322 118930
78031 2148 1988 4 118400 118401 118409 118446
78032 1988 2284 3 118403 118404 118538
78033 380 961 5 118406 118407 122884 122651 122654
78034 961 521 6 118406 118408 122693 122695 122728 122727
78035 2245 2339 5 118414 118415 119057 119225 119331
78036 3039 2772 4 118422 118420 118581 118605
78037 2923 2849 3 118423 118424 118980
78038 2092 1936 3 118425 118426 118936
78039 1190 1676 5 118430 118431 122893 121102 121103
78040 1697 1684 9 118433 118434 119485 121054 121055 121732 121349 121347 119285
78041 1645 1684 5 118435 118433 119287 121180 121179
78042 1682 1684 4 118434 118435 121181 119486
78043 2567 2291 3 118437 118438 135916
78044 2237 2198 3 118439 118440 118713
78045 1518 1618 7 118443 118444 119618 121185 121694 121697 121987
78046 1015 1518 3 118442 118444 119617
78047 2086 2148 4 118445 118446 118447 118471
78048 2176 2086 5 118449 118450 118474 118472 118471
78049 2872 2304 8 118453 118454 120299 122489 122492 122404 119944 119945
78050 2809 2304 3 118454 118456 118689
78051 2356 2564 7 118459 118457 118757 119774 119775 120834 119765
78052 2356 2429 5 118457 118458 119785 119784 118756
78053 2367 2465 3 118460 118461 118582
78054 2762 2789 5 118468 118469 118813 118814 118825
78055 2699 2787 3 118470 118467 118512
78056 2339 2280 6 118484 118485 119252 119370 119325 119324
78057 2486 2280 5 118486 118484 119323 118930 118929
78058 2366 2216 5 118490 118489 140238 119092 119094
78059 2352 2633 5 118491 118492 118632 118796 118734
78060 1631 1723 4 118493 118494 118501 118495
78061 1723 1389 3 118497 118498 118499
78062 2054 2412 5 118507 118508 118549 122648 122570
78063 2412 2396 5 118507 118509 122225 122224 122398
78064 1932 1997 5 118514 118515 118708 122180 122179
78065 3032 2879 5 118517 118519 118646 118645 118577
78066 1407 1969 8 118522 118523 118613 118656 118657 122507 122503 122501
78067 1407 1562 3 118523 118524 118614
78068 760 961 4 118531 118532 122728 122550
78069 2129 2454 4 118534 118535 118548 118543
78070 2805 3518 5 118536 118537 118624 122458 122457
78071 1634 1994 4 118547 118545 122302 122291
78072 1634 1999 6 118545 118546 119387 119384 122220 122221
78073 2367 2020 3 118555 118556 118557
78074 2625 2245 5 118559 118560 118721 119429 118750
78075 2116 2625 4 118558 118560 118722 118592
78076 2245 2544 3 118559 118561 118752
78077 2906 2956 4 118568 118569 118769 118768
78078 2814 3185 4 118571 118572 118665 118575
78079 2814 2872 4 118570 118571 118573 122477
78080 3135 2872 7 118573 118574 122396 122395 122486 122474 122475
78081 2832 2879 4 118576 118577 118743 118744
78082 2630 2615 5 118585 118586 118899 118898 118964
78083 2630 2631 4 118586 118583 118920 118933
78084 2630 2703 5 118583 118585 118968 118647 118648
78085 2268 2116 4 118592 118593 122617 118736
78086 2564 2493 5 118598 118599 118757 119938 119952
78087 2493 2429 7 118597 118599 118756 119904 118781 118780 119953
78088 3094 2752 3 118601 118602 118615
78089 3241 2772 4 118604 118605 118626 118717
78090 2874 2920 6 118606 118607 118609 118620 118617 118608
78091 2920 2852 5 118610 118611 118618 118617 118612
78092 2920 3273 3 118618 118619 118620
78093 2630 2906 7 118621 118622 118885 118882 118753 118754 118768
78094 2805 3268 4 118624 118625 122448 122449
78095 3241 2920 3 118626 118627 118719
78096 2588 2209 4 118628 118629 118680 118697
78097 2588 2537 6 118629 118630 118872 118685 118683 118681
78098 2774 2667 5 118634 118635 120258 119399 119400
78099 2833 2774 4 118633 118635 120254 119009
78100 2667 2729 5 118634 118636 118763 119290 119292
78101 2539 2602 3 118640 118638 118738
78102 1752 1696 6 118654 118655 122620 122630 122863 122840
78103 1877 1752 6 118653 118655 122527 122526 122632 119875
78104 1407 1339 4 118657 118658 122471 122496
78105 860 1407 5 118656 118658 122187 122186 122452
78106 1407 2547 5 118659 118660 122501 122502 122504
78107 2412 2515 3 118663 118664 122337
78108 2809 1407 4 118668 118666 122465 122508
78109 1968 1624 5 118670 118671 122380 122386 122387
78110 1968 2137 4 118671 118669 122432 122379
78111 3039 2814 3 118672 118673 118696
78112 10955 1241 5 118676 118678 122190 118725 118727
78113 3089 11072 3 118677 118679 120264
78114 2588 2787 3 118682 118683 118684
78115 2814 2889 4 118687 118688 118716 118695
78116 2996 2304 4 118689 118690 122406 120299
78117 11754 176 4 118703 118701 122671 122744
78118 1364 1453 6 118705 118704 121274 122372 121973 120515
78119 1997 1453 6 118707 118708 120179 120180 121216 120262
78120 2429 2208 5 118710 118711 119782 119916 119966
78121 2333 2429 6 118709 118711 118782 118781 119783 119785
78122 2208 2276 6 118710 118712 119793 119755 118749 118748
78123 2814 2772 4 118716 118717 118720 118718
78124 2116 1843 6 118722 118723 119183 119184 122618 118736
78125 1843 2245 3 118721 118723 119408
78126 1241 11685 5 118726 118727 122427 122447 122499
78127 2441 2258 8 118730 118731 136283 136764 119750 119751 119118 119119
78128 2441 2264 7 118731 118732 119652 119437 119436 120054 136263
78129 2444 2264 7 118732 118733 119470 119713 119715 119791 119653
78130 2444 2258 4 118733 118730 119603 119468
78131 3015 2847 4 118742 118739 118905 118906
78132 2335 2191 7 118746 118747 119218 119102 119101 120073 119895
78133 2276 2191 7 118749 118746 119766 119167 119164 119805 119754
78134 2889 2630 3 118753 118755 118883
78135 2356 2493 3 118757 118756 119905
78136 2667 2849 3 118760 118761 120251
78137 2664 2729 4 118763 118764 118850 119293
78138 652 742 5 118771 118772 123294 123295 123879
78139 652 722 6 118772 118773 120963 121412 121410 123463
78140 737 722 5 118773 118774 121657 121658 120964
78141 737 742 4 118774 118771 123924 123042
78142 737 652 6 118771 118773 120962 121306 121307 123846
78143 722 742 7 118772 118774 123043 123685 129170 121518 121517
78144 2334 2288 4 118778 118779 119838 119628
78145 2444 2429 4 118780 118782 119782 119917
78146 2333 2493 3 118781 118783 119736
78147 2527 2576 5 118785 118786 118998 119896 119897
78148 2653 2576 5 118786 118787 119275 119278 118999
78149 2653 2733 6 118787 118784 119002 119625 120253 120239
78150 2427 2653 3 118790 118788 119002
78151 1123 1576 6 118792 118793 120790 121558 121498 121501
78152 1541 1123 4 118791 118793 120789 121812
78153 2397 2631 5 118797 118798 118932 118931 118933
78154 2789 2832 3 118799 118800 118825
78155 2533 2752 4 118807 118808 120218 118824
78156 3038 2832 3 118810 118811 118812
78157 2458 2129 4 118815 118816 118821 118875
78158 2458 2116 3 118817 118818 118820
78159 2683 2670 6 118827 118828 119194 119230 119069 118983
78160 2374 2161 4 118831 118832 136309 135322
78161 2244 2122 6 118833 118834 136543 139166 135563 135565
78162 2244 2161 5 118834 118831 135323 136379 136394
78163 2122 2161 7 118832 118834 136314 136215 136214 135817 135814
78164 2058 2039 5 118837 118838 119367 119368 119374
78165 1998 1881 4 118841 118842 119296 119297
78166 1998 2135 4 118842 118839 119231 119232
78167 1998 1962 5 118839 118841 118917 118916 119359
78168 1881 2135 4 118840 118842 118945 118947
78169 2260 2455 5 118844 118845 136416 136576 136562
78170 2415 2214 5 118846 118843 136234 136233 136467
78171 2415 2260 4 118843 118845 136417 136399
78172 2092 1881 4 118849 118847 118947 119392
78173 2092 2058 5 118847 118848 118936 118935 118946
78174 2271 2288 6 118854 118856 119048 119838 119773 119283
78175 2239 2234 4 118855 118857 119821 119825
78176 2602 2148 3 118864 118865 118866
78177 2630 2772 7 118868 118869 118871 118870 118883 118882 118887
78178 2588 2630 4 118867 118869 118872 118873
78179 2129 2630 4 118873 118874 118884 118875
78180 1867 1811 5 118877 118878 129302 136015 119610
78181 1937 1811 8 118878 118879 135116 134897 134894 135098 135236 129304
78182 1937 1914 8 118879 118876 136270 136271 120017 120019 136228 135434
78183 1937 1867 3 118876 118878 129303
78184 1811 1914 3 118877 118879 119611
78185 2630 2470 3 118885 118886 118887
78186 2639 2683 7 118888 118889 119245 119069 118954 118953 118938
78187 2927 3280 3 118892 118893 118894
78188 1554 1536 7 118895 118896 140934 140932 140947 140956 140807
78189 1554 1791 5 118896 118897 140937 140935 140936
78190 1607 1554 8 140832 140829 140808 118895 118897 140688 140690 -1
78191 2615 2397 3 118899 118900 118931
78192 2734 2688 5 118901 118902 119731 119901 135482
78193 2734 2570 5 118902 118903 119049 119284 119730
78194 2585 2756 6 118909 118907 136580 136565 136144 119537
78195 2058 2102 4 118912 118910 119233 119383
78196 2058 2135 7 118910 118911 119243 119393 118946 118945 119232
78197 1746 1986 4 118918 118915 119061 121050
78198 1998 1986 6 118916 118918 121111 121112 122658 119360
78199 2703 2683 5 118921 118922 118956 118952 118953
78200 2896 2452 3 118927 118924 140402
78201 2896 2730 9 118924 118926 136598 136596 136783 136820 136900 136901 139434
78202 2466 2452 7 118925 118927 139135 139136 136209 120873 120872
78203 2631 2486 3 118928 118929 118932
78204 2126 2058 5 118935 118937 119361 119378 119393
78205 2683 2631 3 118938 118939 118952
78206 2987 3177 5 118940 118941 119017 119024 119021
78207 2135 2092 6 118946 118947 119441 119412 119396 119394
78208 2703 2539 4 118955 118956 118957 118958
78209 2703 2800 3 118959 118960 118961
78210 2338 2653 4 118965 118966 120240 118999
78211 2642 2703 4 118968 118969 118973 118977
78212 2466 2380 7 118971 118970 120872 120874 135570 136389 136112
78213 2642 2762 4 118975 118976 118977 118978
78214 2733 2849 10 118979 118980 119987 119948 119949 120251 120249 120247 120257 119925
78215 2733 2923 6 118980 118981 119789 119788 119911 119921
78216 2937 2733 3 118979 118981 119926
78217 3046 2775 6 118987 118989 119129 119145 119143 119960
78218 2774 3011 6 118993 118994 119307 120225 120235 120234
78219 2774 3026 5 118994 118995 120230 120228 119308
78220 3095 2774 5 118993 118995 119918 119920 120244
78221 2987 2849 3 119000 119001 120247
78222 2674 2835 7 119005 119003 120636 120647 120689 120721 136126
78223 2894 2977 4 119007 119008 139998 139938
78224 3099 2894 5 119006 119008 139997 140365 136943
78225 2658 2754 4 119010 119011 120266 120061
78226 2564 2443 5 119014 119015 119775 120837 120137
78227 2564 2482 4 119015 119013 119938 119774
78228 3295 2987 5 119018 119019 119025 119021 119020
78229 2987 3444 4 119022 119023 119025 119024
78230 712 895 3 119027 119028 123268
78231 712 664 9 119026 119027 123076 122962 122964 122721 122720 122847 122400
78232 2774 2711 3 119029 119030 119458
78233 2404 2449 7 119037 119038 136372 136386 136387 136548 136639
78234 2404 2380 3 119036 119037 136389
78235 1651 1881 3 119039 119040 119186
78236 2697 2670 4 119041 119042 119315 119172
78237 2950 3011 5 119044 119045 120227 119923 119880
78238 3011 2818 4 119044 119046 119906 119881
78239 2288 2316 4 119047 119048 119628 119503
78240 2404 2291 4 119050 119051 136226 135074
78241 2291 2585 5 119052 119053 136544 136226 119425
78242 1986 1717 4 119060 119061 120357 120356
78243 2259 2166 3 119064 119065 119180
78244 2280 2110 3 119066 119067 119373
78245 2280 2259 7 119064 119066 119381 119325 119319 119241 119234
78246 2862 2911 4 119070 119071 119125 119126
78247 2441 2338 4 119073 119074 119120 119972
78248 2402 2338 6 119075 119073 119414 119413 119406 119407
78249 2088 1985 7 119081 119082 119632 119634 134327 119173 119174
78250 2984 3158 5 119084 119085 136866 136887 136886
78251 2984 3210 3 119085 119086 136082
78252 2482 2751 5 119091 119089 120154 120142 120144
78253 2506 2751 6 119090 119091 120145 119964 119963 120672
78254 2216 2308 3 119093 119094 119095
78255 2633 2911 3 119096 119097 119099
78256 2067 2335 5 119102 119100 120639 119444 119219
78257 1180 1518 3 119103 119104 121987
78258 2208 2022 4 119105 119106 119665 119663
78259 2103 2022 4 119108 119105 119719 119643
78260 2908 2462 4 119109 119110 136008 136010
78261 2908 2455 3 119110 119111 136832
78262 2770 2462 4 119112 119109 135519 135521
78263 2770 2908 8 119109 119111 136910 120093 120092 136903 136780 136779
78264 2455 2462 8 119110 119112 136463 136724 136711 136576 136575 136824
78265 2482 2416 7 119122 119123 119419 119417 119597 119598 119140
78266 2443 2416 6 119124 119122 119142 119594 119389 119388
78267 2848 2462 6 119130 119131 136713 136726 136463 135521
78268 3002 2913 7 119132 119133 136890 136827 136373 136374 136581
78269 2896 2913 5 119135 119132 136820 136822 136819
78270 2896 3002 5 119132 119134 135504 136893 136900
78271 3161 2913 4 119133 119135 119198 119197
78272 2213 2555 3 119136 119137 120703
78273 2213 2386 6 119137 119138 136178 135305 135174 120704
78274 2463 2386 3 119138 119139 136185
78275 2386 2555 7 119137 119139 136184 133849 133851 134332 120705
78276 2356 2443 8 119141 119142 119596 119705 119710 120828 120836 119775
78277 2356 2416 3 119142 119140 119595
78278 2356 2482 7 119140 119141 119774 119905 119784 119786 119792
78279 3046 2801 6 119143 119144 119154 119494 119493 119939
78280 2495 2799 3 119147 119146 120098
78281 3061 2751 4 119150 119148 119887 119903
78282 2801 2751 5 119149 119150 119959 120131 120150
78283 2711 2493 6 119151 119152 119458 119729 120158 119937
78284 2358 2421 4 119157 119158 137537 140392
78285 2556 2822 6 119160 119161 119209 119195 119191 119190
78286 2276 2243 3 119164 119166 119806
78287 2356 2191 5 119165 119167 119765 120833 120207
78288 2199 2330 7 119169 119170 136600 136599 136660 136715 136795
78289 2088 2355 5 119174 119175 119403 119404 119466
78290 2291 1985 4 119176 119173 134328 119253
78291 2291 2088 4 119173 119175 119472 120028
78292 2355 1985 4 119174 119176 119254 119467
78293 1667 1291 4 119177 119178 121007 123776
78294 2058 2245 6 119181 119182 119226 119225 119383 119310
78295 1807 2058 4 119185 119187 119362 119203
78296 2913 3200 7 119196 119197 136890 136825 136826 136302 136300
78297 3049 2913 4 119196 119198 136819 136823
78298 1587 1636 7 119199 119200 138809 139191 139192 139195 139193
78299 1587 1615 6 119200 119201 139178 139022 138805 138803
78300 1771 1636 3 119202 119199 123999
78301 1615 1636 5 119200 119202 123998 139113 138810
78302 1794 1843 5 119205 119206 120911 120405 120343
78303 1843 1645 3 119204 119206 120909
78304 2244 2097 5 119211 119210 119213 135563 139159
78305 2047 2213 7 119217 119215 119834 120714 120716 120720 120719
78306 2047 2119 6 119215 119216 136051 120018 120020 119833
78307 1778 1729 7 119221 119222 119599 119600 136426 135176 135177
78308 1778 1521 3 119222 119223 136391
78309 1888 1521 9 119223 119224 121256 132285 132284 135095 135078 135047 135046
78310 1888 1778 5 119221 119223 134506 134505 136217
78311 1521 1729 5 119222 119224 121254 129207 135132
78312 1998 2102 8 119233 119231 119359 119360 122659 119313 119312 119355
78313 1501 1998 3 119235 119236 121111
78314 1501 1746 6 119236 119237 119462 123444 121049 121050
78315 2402 2058 4 119244 119243 119378 119376
78316 2339 2224 4 119249 119246 119317 119377
78317 2339 2500 5 119246 119248 119318 119324 119316
78318 2402 2224 6 119247 119249 119376 119301 119274 119273
78319 1400 1239 5 119257 119255 121474 123277 123345
78320 1400 1231 4 119255 119256 123415 121473
78321 1894 1985 4 119259 119260 119353 119352
78322 2667 2402 5 119263 119261 119407 119291 119290
78323 2000 2078 6 119264 119265 120051 120675 136281 136203
78324 2000 2001 4 119265 119266 119530 120052
78325 2015 2001 7 119266 119267 135125 136099 135339 135337 119531
78326 2015 2078 5 119267 119264 136205 120037 120036
78327 2015 2000 7 119264 119266 119529 135417 120110 120111 136204
78328 2001 2078 6 119265 119267 120030 119830 119829 120053
78329 2402 2237 4 119269 119270 119271 119274
78330 2774 2653 4 119275 119276 119399 120239
78331 2697 2653 4 119276 119278 120240 119401
78332 2135 2338 5 119281 119282 119415 119413 119412
78333 1308 1684 4 119287 119285 121346 121195
78334 1308 1697 5 119285 119286 121144 121151 121345
78335 2402 2729 4 119289 119290 119293 119302
78336 2697 2667 5 119291 119292 119400 119401 119422
78337 2751 2688 4 119303 119304 119731 119732
78338 2751 3008 6 119304 119305 119902 119903 119959 119900
78339 2715 3008 4 119305 119306 135960 120132
78340 3008 2688 5 119304 119306 136011 135958 119901
78341 3011 2816 3 119309 119307 120175
78342 2245 1998 3 119310 119311 119355
78343 2102 1802 3 119313 119314 122645
78344 2339 2259 4 119317 119316 119325 119380
78345 2500 2280 6 119319 119320 119321 119322 119323 119324
78346 2711 2482 5 119326 119327 119937 120157 120154
78347 1733 1985 5 119328 119329 119353 119492 119550
78348 3138 2978 5 119334 119332 136123 135988 120056
78349 1960 2119 6 119337 119338 136051 136261 135225 135108
78350 1960 1914 6 119338 119335 119562 129199 136236 136050
78351 2119 1914 4 119336 119338 120018 120017
78352 2060 1962 4 119341 119339 119452 119391
78353 1043 1118 7 119342 119343 134947 129305 129306 134827 134536
78354 1043 927 3 119343 119344 120979
78355 1074 927 5 119344 119345 129231 129229 120980
78356 1074 1118 5 119345 119342 134538 122844 122845
78357 927 1118 6 119343 119345 131861 134835 134685 134687
78358 1363 1213 7 119346 119347 124095 129832 129830 123606 119507
78359 1189 1213 5 119348 119346 119509 129081 123755
78360 89 11677 7 119349 119350 128906 149701 123144 123145 122557
78361 11840 89 8 119349 119351 134398 134379 134380 123226 123228 122558
78362 1001 1325 5 119356 119357 122267 122266 122211
78363 1683 2058 5 119362 119363 119365 119374 119364
78364 2058 2166 4 119366 119367 119369 119372
78365 2058 2280 5 119370 119371 119372 119373 119381
78366 2058 2259 4 119379 119380 119381 119382
78367 1509 1999 4 119384 119385 120814 120812
78368 2377 2416 6 119388 119390 119669 120021 119818 119563
78369 2135 2126 3 119393 119394 119395
78370 1190 1364 5 119397 119398 122612 120350 120351
78371 2234 2221 4 119409 119410 119821 119824
78372 2472 2416 5 119417 119418 119650 119654 119659
78373 2239 2128 6 119421 119420 119825 119707 119708 119826
78374 2258 2585 5 119424 119425 136225 119753 119751
78375 2128 2234 6 119434 119432 119825 119824 119823 119822
78376 2208 2234 5 119433 119434 119794 119793 119804
78377 2416 2441 4 119437 119435 119651 119650
78378 1679 1237 3 119439 119440 121012
78379 2506 2532 4 119442 119443 119956 120145
78380 1678 1828 5 119446 119447 120887 121068 121065
78381 1770 1811 4 119453 119454 136419 136060
78382 1709 1811 5 119454 119455 134909 134515 134514
78383 1811 2015 6 119453 119455 135921 119531 119529 136061
78384 1237 1304 4 119465 119463 120659 120658
78385 2264 2103 6 119469 119470 119716 119680 119505 119471
78386 1446 1794 5 119473 119474 120910 120911 121236
78387 1501 1794 5 119475 119473 120355 120354 120192
78388 1943 2122 7 119478 119479 135752 139150 136316 136215 136216
78389 1916 1943 3 119478 119480 136317
78390 1711 2122 3 119479 119481 120050
78391 1298 901 4 119482 119483 123504 123369
78392 1274 901 4 119483 119484 122640 122638
78393 901 1052 6 119482 119484 123465 123356 122831 122828
78394 1913 1684 10 119485 119486 121240 121215 121213 122383 120363 120364 121160 121145
78395 963 836 3 119489 119487 123563
78396 836 1052 6 119490 119491 121122 121121 123356 123398
78397 3008 2801 4 119493 119495 119959 119940
78398 1712 1916 4 119496 119498 119499 119552
78399 1427 1395 7 119500 119501 127684 129415 132216 129785 129783
78400 1695 1395 4 119501 119502 129879 127686
78401 1395 1602 5 119500 119502 138097 136449 136447
78402 1496 1213 3 119509 119507 123608
78403 1496 1363 9 119507 119508 129118 135104 136277 136421 136423 138703 123607
78404 1672 1774 9 119513 119514 136465 139098 119607 119608 129811 139072 139069
78405 1672 1873 5 119514 119512 129544 138162 136464
78406 1672 1826 5 119512 119513 139068 139032 129543
78407 926 799 8 119515 119516 128415 128414 129384 128533 128531 129414
78408 926 660 4 119516 119517 129506 129295
78409 630 799 4 119518 119515 124664 124665
78410 660 799 4 119516 119518 128306 129296
78411 899 673 3 119519 119520 123936
78412 710 775 5 119521 119522 128393 128394 128690
78413 710 899 7 119519 119521 129505 127778 127780 139061 123937
78414 2333 2356 4 119524 119523 119785 119786
78415 1916 1753 4 119526 119527 119528 120049
78416 1811 2001 5 119530 119531 134898 134901 135236
78417 1811 2000 5 119529 119530 129304 129302 136212
78418 2119 2317 8 119532 119533 135228 119572 119573 134922 136284 136285
78419 2119 2489 5 119533 119534 136033 136034 135229
78420 2196 2489 4 119534 119535 136095 136181
78421 2196 2317 6 119535 119532 136268 136269 136313 136093
78422 2196 2119 4 119532 119534 136222 136221
78423 2404 2756 8 119536 119537 136143 136384 136549 136387 136385 136762
78424 2404 2585 5 119537 119538 136225 136226 136142
78425 2626 2404 6 119536 119538 136388 136765 136768 136761
78426 1446 1364 4 119540 119541 121152 120407
78427 922 1364 6 119541 119542 120404 120403 120351 120353
78428 922 1223 4 119542 119539 121201 121199
78429 922 1446 6 119539 119541 121208 122328 123235 121209
78430 1364 1223 5 119540 119542 121250 121249 120408
78431 2033 1891 6 119546 119547 119853 119852 119890 121755
78432 1891 1923 6 119545 119547 120738 120859 120766 120765
78433 1916 1733 3 119550 119551 119552
78434 1483 1236 4 119555 119553 121595 121618
78435 609 652 6 119557 119556 120962 120963 123251 123250
78436 786 722 6 119559 119560 123635 129170 129168 129253
78437 739 384 5 119561 119558 129126 124023 121507
78438 739 786 5 119558 119560 123634 129261 129210
78439 722 384 4 119559 119561 121508 123863
78440 2506 2377 3 119563 119564 119820
78441 725 582 7 119567 119568 129065 129066 134323 133941 133942
78442 725 1008 7 119568 119565 123779 123778 134533 134528 134526
78443 725 1042 3 119565 119567 129955
78444 582 1008 3 119566 119568 134527
78445 1080 1043 5 119569 119570 134940 134888 134889
78446 1080 863 5 119570 119571 134046 134914 134941
78447 1074 1080 8 119569 119571 129014 129013 134507 135193 134177 134179
78448 2119 2264 4 119573 119574 135108 134921
78449 2295 2317 3 119575 119572 136135
78450 2295 2119 5 119572 119574 135225 136260 136134
78451 810 900 5 119577 119576 129176 123408 123410
78452 1579 1721 6 119578 119579 120966 135208 135202 135201
78453 2264 2057 4 119581 119583 134921 120047
78454 798 1206 4 119584 119585 120745 120743
78455 798 1308 5 119585 119586 121262 121226 121020
78456 2620 2713 7 119588 119589 135384 135382 120042 120040 119990
78457 2757 2713 4 119589 119590 120102 120104
78458 2757 2659 4 119590 119587 135070 135072
78459 2334 2443 3 119596 119594 119704
78460 1778 1309 4 119600 119601 136429 136427
78461 1431 1729 3 119602 119599 135132
78462 1431 1778 9 119599 119601 136420 136422 137963 131654 131653 134506 136391
78463 1309 1729 5 119600 119602 129207 129208 135203
78464 1672 1753 4 119606 119607 138873 138875
78465 1661 1672 5 119606 119608 129810 121017 121019
78466 1867 1556 6 119609 119610 136014 138892 136166 136167
78467 1811 1556 6 119610 119611 135116 134907 134905 136016
78468 1556 1914 5 119609 119611 135434 136229 136202
78469 2603 2586 5 119613 119612 119855 120134 120459
78470 2128 2190 5 119614 119615 119701 119703 120710
78471 2190 2022 3 119614 119616 120857
78472 3223 2658 5 119623 119624 120445 120378 120282
78473 2642 2733 4 119625 119626 119949 120252
78474 2867 2598 5 119629 119630 120614 120671 120475
78475 2836 2598 4 119630 119631 120439 120578
78476 2798 3127 5 119636 119637 136152 136160 136032
78477 2783 2857 4 119638 119635 120002 120001
78478 2783 2798 8 119635 119637 136151 136154 136156 136037 135566 120101
78479 3127 2857 8 119636 119638 135957 136844 136017 120106 120107 135992
78480 1960 2022 4 119642 119643 119718 120616
78481 2356 2232 5 119644 119646 120207 120832 120828
78482 1413 1104 3 119647 119649 120652
78483 2472 2264 4 119652 119653 119660 119654
78484 2394 2599 3 119656 119657 120818
78485 2584 2599 4 119657 119658 119845 120776
78486 2584 2586 4 119658 119655 119868 119843
78487 2584 2394 5 119655 119657 120817 120829 119867
78488 2599 2586 5 119656 119658 119844 120641 120640
78489 2067 2128 4 119662 119664 119795 119822
78490 2995 11915 5 119666 119667 135352 135425 135453
78491 2995 3386 7 119667 119668 119961 135353 134112 134111 135351
78492 3719 2995 3 119666 119668 119962
78493 2186 2463 4 119671 119672 120168 119951
78494 2372 2186 4 119671 119673 120602 119950
78495 2186 2212 8 119674 119675 119694 120168 120593 120718 120695 120693
78496 2434 2033 5 119678 119676 119888 119890 121765
78497 2434 2394 4 119676 119677 120312 120827
78498 2128 2103 4 119679 119680 119734 119719
78499 2494 2177 5 119685 119686 135947 120032 120035
78500 2415 2282 3 119687 119684 120565
78501 2415 2494 4 119684 119686 135912 135911
78502 781 772 5 119689 119690 129068 129067 134485
78503 634 781 7 119688 119690 134446 134435 121556 121555 134352
78504 2186 2605 5 119694 119695 120452 119950 119951
78505 2586 2605 9 119695 119696 120548 120547 120568 120637 120669 120641 120453
78506 2605 2212 4 119694 119696 120691 120169
78507 2186 2033 4 119697 119698 120730 120731
78508 2364 2694 3 119711 119712 120208
78509 2208 2444 5 119713 119714 119782 119733 119717
78510 2978 3008 6 119720 119721 119811 119902 120132 135578
78511 2978 3227 4 119721 119722 119995 119812
78512 3297 2978 5 119720 119722 120055 120056 135579
78513 1483 1923 3 119726 119727 119878
78514 2021 1654 7 119728 119725 120951 135147 135146 120697 120698
78515 2021 1483 7 119725 119727 119879 120477 121676 121566 120950
78516 1923 1654 6 119726 119728 120763 120761 120821 120819
78517 2751 2734 5 119730 119731 119900 120131 120149
78518 2570 2751 7 119730 119732 119955 119964 120143 120142 120153
78519 2493 2482 7 119735 119736 119904 119905 119938 119965 119937
78520 3232 2975 5 119740 119742 120566 120590 120116
78521 1547 1642 6 119746 119747 135324 135304 135034 135011
78522 1547 1662 7 119747 119748 134523 133231 133232 135038 135327
78523 1540 1662 7 119748 119749 129248 135002 135254 135255 135037
78524 1540 1642 6 119749 119746 135013 135245 135244 129246
78525 1540 1547 3 119746 119748 135012
78526 1662 1642 4 119747 119749 129247 135317
78527 2441 2585 3 119751 119752 119842
78528 2626 2258 3 119753 119750 136388
78529 2067 2276 4 119754 119755 119777 119778
78530 3180 2888 3 119756 119758 120323
78531 2859 2064 10 119760 119761 121971 122033 122017 121729 121730 121734 121735 122061
78532 2968 3127 3 119762 119763 120106
78533 3208 2968 5 119762 119764 119772 121873 120105
78534 2564 2191 4 119765 119766 119895 120775
78535 2372 2599 4 119767 119768 120141 120382
78536 3219 2864 5 119771 119769 135572 135555 135554
78537 3174 2864 4 119770 119771 135433 135432
78538 2067 2234 4 119776 119777 119794 119822
78539 2625 2513 3 119780 119781 120309
78540 2513 2527 6 119779 119781 120292 119898 119897 119912
78541 2429 2482 3 119783 119784 119904
78542 2980 2733 9 119789 119787 119907 120246 120236 120238 120256 119925 119926
78543 2232 1923 4 119798 119796 120865 120864
78544 2232 1875 5 119796 119797 120485 120484 120706
78545 2243 2271 3 119801 119803 119814
78546 2227 2309 4 119807 119808 119813 119810
78547 2227 2356 3 119815 119816 119817
78548 2416 2408 3 119818 119819 119983
78549 2078 2213 5 119828 119829 135413 119834 119832
78550 2196 2001 4 119830 119831 120728 120031
78551 2196 2078 5 119828 119830 120029 136268 136221
78552 2001 2213 4 119829 119831 135437 135438
78553 2078 2119 6 119832 119833 120676 120675 136285 136221
78554 2078 2047 3 119833 119834 135414
78555 2144 2434 4 119839 119841 120465 121759
78556 2586 2598 6 119843 119844 120669 120614 120578 120119
78557 2599 2598 10 119844 119845 120777 120825 120826 120842 120148 120147 120475 120670
78558 738 49 6 119848 119849 121641 134082 121310 121295
78559 738 510 9 119846 119848 121294 133592 121546 121290 121292 121552 120442
78560 49 200 6 119847 119849 121629 121628 121638 121610
78561 2357 2033 3 119851 119852 119888
78562 1891 2394 3 119853 119850 120738
78563 2901 2687 3 119859 119860 121314
78564 2905 2687 7 119860 119861 120347 120349 122081 121371 121315
78565 2905 1360 3 119861 119858 122076
78566 2687 1360 5 119859 119861 122036 122035 122135
78567 209 11415 3 119864 119865 122067
78568 11415 93 6 119864 119866 121329 121331 121203 121202
78569 2643 2584 6 119867 119868 120120 120078 120077 120830
78570 1875 1837 4 119869 119870 120615 120861
78571 1730 1875 6 119869 119871 120613 120532 120534 120862
78572 1749 1867 5 119872 119873 136168 136167 129198
78573 2116 1752 8 119874 119875 122633 122642 122617 122618 122644 122615
78574 2481 2921 6 119882 119883 133981 135513 120090 120091
78575 3664 2960 7 119884 119885 121899 121901 121903 121915 120457
78576 3664 2921 4 119885 119882 133891 134054
78577 2357 2434 6 119888 119889 120810 120772 120773 120827
78578 1891 2434 4 119889 119890 121767 120811
78579 1721 1960 4 119892 119893 136236 120736
78580 1749 1875 3 119894 119891 120613
78581 1749 1721 6 119891 119893 136259 120783 120785 120612
78582 2888 2754 4 119908 119909 120310 120200
78583 2897 3029 3 119914 119915 135987
78584 2774 2980 3 119919 119920 120236
78585 2733 2821 4 119921 119922 119988 119987
78586 1613 1722 8 119929 119927 121682 121681 121779 121758 121756 121754
78587 1613 1541 4 119927 119928 120573 120572
78588 1062 1722 5 119930 119931 121429 121428 121631
78589 1062 1329 6 119931 119932 121633 121632 121635 121630
78590 2506 2375 4 119934 119933 119936 119954
78591 2674 1945 4 119942 119943 121708 121709
78592 1945 2468 5 119941 119943 134140 134119 134110
78593 2872 2254 4 119945 119946 122444 122330
78594 2396 2254 5 119946 119947 122299 122416 122446
78595 2396 2872 5 119944 119946 122445 122472 122405
78596 2570 2489 3 119958 119957 120013
78597 2995 3111 7 119961 119962 135453 135349 120087 120088 135330
78598 2807 2555 7 119969 119970 133849 136183 136071 136073 135910
78599 2574 2555 6 119970 119971 120456 120478 135167 133851
78600 2574 2835 5 119971 119968 120721 120375 120377
78601 2574 2807 7 119968 119970 133850 135526 135881 136138 136128
78602 2555 2835 5 119969 119971 120455 120546 120632
78603 2574 2468 7 119976 119977 135166 120478 120376 120375 120679
78604 2574 2240 3 119977 119974 120209
78605 2574 2694 7 119974 119976 120678 135263 135881 135477 120208
78606 2468 2240 7 119975 119977 135420 135328 134620 134619 134119
78607 2798 2907 5 119978 119979 136124 135906 135907
78608 2798 2807 5 119979 119980 136136 136177 136141
78609 2887 2807 7 119980 119981 135567 135541 135534 135535 136137
78610 2807 2907 7 119979 119981 135999 136046 136110 135476 135473
78611 2364 2468 4 119984 119985 135166 135420
78612 2364 2555 4 119985 119986 134332 135167
78613 2212 2364 5 119984 119986 134331 135173 135419
78614 2620 2575 5 119989 119990 136219 136220 136330
78615 2713 2575 4 119990 119991 136036 136043
78616 2551 2327 4 119992 119993 120756 120755
78617 2240 1884 4 119996 119997 134619 135426
78618 1769 2021 5 119998 119999 134102 134104 121567
78619 1769 1884 5 119999 119996 135292 134100 134099
78620 1769 2240 7 119996 119998 120746 120747 135448 120682 120684
78621 2857 2780 5 120000 120001 135957 136848 120103
78622 2726 2204 4 120004 120005 135501 135498
78623 2204 1738 5 120004 120006 133881 133880 134939
78624 2078 2317 7 120007 120008 136268 136285 136281 129824 129825
78625 2078 2134 5 120008 120009 120036 120030 120029
78626 2327 2134 8 120009 120010 136164 135952 135953 135968 135967 120038
78627 2327 2317 6 120010 120007 135197 136311 136310 136313
78628 2327 2078 5 120007 120009 120037 136264 135196
78629 2134 2317 3 120008 120010 136269
78630 2861 2989 5 120014 120015 140132 140131 140017
78631 2878 2989 4 120016 120014 137340 137341
78632 2918 2989 4 120015 120016 139883 140154
78633 1914 2047 4 120018 120019 136237 136050
78634 1937 2047 6 120019 120020 135414 120714 120717 135171
78635 2375 2377 3 120021 120022 120023
78636 2134 2001 5 120030 120031 120729 134820 135125
78637 2134 2196 8 120031 120029 136269 136164 135313 135314 135447 120727
78638 2327 2275 9 120033 120034 135204 136158 135917 135920 135968 135991 120756
78639 2177 2275 4 120034 120035 135316 135206
78640 2134 2015 4 120038 120036 135125 136100
78641 2327 2620 5 120039 120040 136219 136190 136191
78642 2391 2713 5 120041 120042 136188 136005 136007
78643 2391 2620 3 120042 120039 136187
78644 2000 2317 5 120044 120045 136281 136284 136279
78645 2118 2317 4 120045 120046 129827 129824
78646 2118 2151 5 120046 120043 136337 136755 136162
78647 2118 2000 5 120043 120045 136203 136204 136336
78648 2122 1753 6 120049 120050 135752 138668 136354 136194
78649 2001 1937 5 120052 120053 135438 135237 135236
78650 1937 2078 5 120051 120053 135413 135414 120676
78651 2867 3223 4 120058 120059 120466 120619
78652 2816 2599 6 120065 120063 120623 120667 120146 120136
78653 2140 11909 3 120066 120067 120214
78654 2123 11909 8 120067 120068 120432 121845 121167 121165 134165 120384
78655 1604 1205 4 120070 120071 120788 120786
78656 565 11714 4 120074 120075 122068 121978
78657 565 11415 6 120075 120076 121986 121204 121202 122067
78658 10399 565 4 120074 120076 121995 121979
78659 2584 2658 3 120078 120079 120138
78660 1673 1533 5 120082 120083 139160 139240 139202
78661 1673 1640 5 120083 120084 139181 139492 139161
78662 1590 1640 5 120084 120085 131522 138752 138753
78663 1590 1673 4 120082 120084 138630 138632
78664 11908 2921 7 120089 120086 135511 133981 133858 133857 133249
78665 11908 2995 5 120086 120088 135329 135444 135503
78666 3111 2921 6 120087 120089 133250 134105 133653 133652
78667 2908 2735 3 120093 120094 136924
78668 2935 2908 9 120092 120094 136934 120113 120114 136778 136030 136029 136861
78669 2494 2799 7 120098 120096 135964 134116 134115 135756 134954
78670 2583 2494 4 120100 120099 135460 135459
78671 2857 2757 7 120102 120103 136852 136567 135214 135071 135072
78672 2780 2757 6 120103 120104 134868 134867 136588 136853
78673 3208 2857 3 120107 120105 121874
78674 1770 1961 5 120108 120109 136243 139094 136395
78675 1770 2000 3 120109 120110 135415
78676 2015 1961 4 120111 120108 135435 135436
78677 2747 2908 3 120112 120113 136919
78678 2908 2891 7 120112 120114 136081 136078 140247 136954 136920
78679 3375 2975 6 120115 120116 120591 120592 121961 120562
78680 2492 2836 6 120117 120118 120133 120135 120645 120493
78681 2598 2643 4 120119 120120 120139 120439
78682 2034 2270 4 120121 120123 120769 120768
78683 2232 2357 4 120122 120124 120483 120454
78684 3043 2666 5 120125 120127 120463 120170 120172
78685 2599 2506 4 120140 120141 120611 120146
78686 2751 2532 3 120143 120144 120145
78687 2751 2711 5 120149 120150 120155 120154 120153
78688 2816 2711 4 120155 120156 120158 120157
78689 1541 1307 7 120160 120161 121162 121175 121675 120194 120193
78690 11899 1307 6 120161 120162 121615 133999 135408 121163
78691 11899 1205 5 120162 120159 120797 120799 121613
78692 11899 1541 4 120159 120161 120791 120789
78693 1307 1205 4 120160 120162 121587 121586
78694 3399 2534 6 120163 120165 121086 121085 122183 122102
78695 2463 2212 5 120168 120169 120692 121465 120594
78696 2666 3026 3 120171 120172 120174
78697 2898 3102 6 120176 120177 120206 122239 122254 120314
78698 2307 1453 3 120181 120179 122107
78699 2335 2115 3 120182 120184 120581
78700 588 838 5 120188 120189 122747 122709 122707
78701 991 588 5 120188 120190 122133 122132 122706
78702 1298 1794 3 120191 120192 123352
78703 1307 1483 4 120194 120195 121565 121566
78704 1307 1167 5 120195 120193 121586 121483 121482
78705 1999 2043 5 120196 120197 122626 122622 122623
78706 2054 2268 5 120198 120199 122333 122570 122635
78707 2054 1999 4 120196 120198 122554 122556
78708 2268 2043 4 120197 120199 122332 122374
78709 1721 2021 5 120203 120204 129291 129290 120697
78710 2186 2021 7 120205 120203 120698 120732 120730 120725 120693
78711 2047 2021 5 120204 120205 120694 120716 120717
78712 2364 2574 6 120208 120209 135166 135167 135170 135422
78713 2750 2520 4 120211 120212 121798 121698
78714 2750 2324 3 120212 120213 121866
78715 2715 2867 5 120224 120222 120522 120519 120488
78716 2715 2835 7 120222 120223 135976 135909 120632 120579 120580
78717 2774 2666 3 120225 120226 120243
78718 1382 1838 4 120231 120232 122213 122212
78719 2733 2774 8 120233 120234 120244 120236 120237 120254 120258 120239
78720 2733 2987 5 120237 120238 120255 120247 120248
78721 2733 3095 3 120244 120245 120246
78722 2733 2833 4 120248 120249 120250 120254
78723 2733 2667 5 120250 120251 120252 120253 120258
78724 2733 3107 3 120255 120256 120257
78725 2950 3287 3 120259 120260 120308
78726 2859 2140 3 120268 120269 121729
78727 2859 11907 5 120269 120270 120582 122048 121730
78728 2609 3135 4 120272 120273 122474 122300
78729 2254 1624 6 120280 120281 122438 122435 122385 122380
78730 2363 3399 3 120283 120284 121085
78731 3217 2363 7 120283 120285 122079 122031 121370 121369 122182
78732 2456 2241 5 120286 120287 120320 120293 120291
78733 2456 2527 3 120291 120292 120318
78734 12 11732 5 120297 120298 122138 122156 121731
78735 11145 12 7 120296 120298 122137 122136 122146 122142 122141
78736 2872 2996 7 120299 120300 122440 122480 122443 122441 122487
78737 1994 1958 5 120301 120302 122289 122371 122368
78738 1994 2456 5 120302 120303 121177 120334 120335
78739 2310 1958 4 120304 120301 120360 120337
78740 2310 1994 5 120301 120303 122367 122202 122203
78741 2311 2758 3 120307 120306 122005
78742 2456 1986 3 120319 120320 120325
78743 2898 3180 4 120321 120322 120324 120323
78744 2477 2513 3 120328 120329 120333
78745 1994 1843 7 120335 120336 122616 122302 122301 122370 122289
78746 1913 2115 4 120340 120338 121160 121360
78747 1620 1224 3 120345 120346 122040
78748 1190 922 8 120351 120352 121205 123419 123432 122571 121977 121976
78749 1634 922 4 120352 120353 121208 121207
78750 1634 1364 7 120353 120350 122292 122291 121183 121154 121152
78751 1634 1190 7 120350 120352 121206 121101 121103 122607 122611
78752 1717 1501 4 120357 120354 123353 121049
78753 1610 1958 5 120359 120360 122368 121378 121377
78754 1610 1684 5 120362 120363 122382 121277 121218
78755 1913 1620 4 120364 120361 121379 121360
78756 1913 1610 4 120361 120363 122381 121378
78757 1684 1620 7 120362 120364 121359 121732 121693 120699 120701
78758 2572 2520 5 120365 120366 120517 120542 120541
78759 3035 2541 8 120367 120368 120441 121826 120806 120644 120643 120518
78760 3035 2520 5 120368 120365 120402 120400 120440
78761 102 324 3 120369 120370 123383
78762 102 546 4 120370 120371 121091 121089
78763 2468 2835 3 120374 120375 120689
78764 2586 2574 3 120376 120377 120456
78765 2586 2835 7 120377 120374 120647 120646 120569 120547 120455
78766 2270 2605 4 120380 120381 120452 120453
78767 2599 2605 7 120382 120380 120641 120670 120666 120667 120611
78768 2123 2727 5 120383 120384 134034 121872 121871
78769 2687 3613 3 120386 120387 121099
78770 3409 2687 4 120385 120387 121955 122081
78771 2150 3290 3 120388 120389 121931
78772 728 613 6 120390 120391 122114 122021 122018 122001
78773 1047 613 8 120391 120392 120917 120933 121319 121320 121327 122117
78774 613 763 6 120390 120392 120916 121287 121258 121260
78775 1657 921 5 120396 120393 121835 121701 121639
78776 1228 921 6 120394 120396 121605 121606 120807 120808
78777 2601 2357 3 120397 120398 120822
78778 1446 1684 7 120406 120407 121153 121239 121240 121181 121179
78779 1364 1684 7 120407 120408 121277 122384 121213 121182 121154
78780 1684 1223 7 120406 120408 121218 120701 120702 121195 121180
78781 11910 2064 4 120417 120416 121932 121527
78782 2515 2304 5 120418 120419 122412 122492 122316
78783 49 48 5 120421 120422 121541 121553 121610
78784 11663 49 4 120421 120423 121446 121638
78785 1181 805 3 120424 120425 122531
78786 1618 1184 4 120428 120427 121713 121712
78787 738 1062 5 120429 120431 120442 121665 121787
78788 11907 11905 5 120433 120434 121949 121703 121704
78789 11907 1722 6 120434 120435 121750 120498 120499 121856
78790 2033 11905 5 120436 120433 121753 121790 121789
78791 1722 11905 5 120434 120436 120758 120757 121948
78792 2431 3035 4 120440 120441 121825 122049
78793 1346 1613 4 120446 120447 120889 120975
78794 1613 1206 6 120446 120448 120931 121622 121643 121021
78795 2517 2357 5 120449 120450 120816 120774 120773
78796 2586 2270 4 120451 120453 120640 120831
78797 2638 2468 6 120458 120460 120760 121374 120629 120628
78798 1008 1075 6 120461 120462 129366 134530 134531 134486
78799 2836 3231 3 120470 120471 120552
78800 3231 2975 5 120469 120471 120551 120566 120487
78801 3026 2867 3 120472 120473 120620
78802 2867 2599 4 120474 120475 120666 120623
78803 1483 1949 3 120476 120477 120571
78804 1288 1291 7 120479 120480 120985 120986 123776 121001 120999
78805 1288 1027 4 120480 120481 123525 123720
78806 1158 1291 5 120482 120479 121467 123900 123522
78807 1158 1288 5 120479 120481 123526 123790 121466
78808 1027 1291 3 120480 120482 123523
78809 1875 2189 3 120485 120486 120888
78810 2859 3556 3 120489 120490 122003
78811 2836 2541 3 120493 120494 120518
78812 1949 1576 6 120495 120497 121430 121574 121573 121039
78813 11907 2144 3 120499 120500 121840
78814 2431 1722 4 120501 120498 121752 121777
78815 11519 11506 7 120502 120503 151208 151209 151137 151129 151125
78816 11519 11642 3 120503 120504 151135
78817 11723 11642 5 120504 120505 150249 150250 150923
78818 2960 4114 6 120509 120510 121895 121906 121869 121868
78819 11915 2960 6 120508 120510 121894 121900 121899 133811
78820 2905 3410 4 120511 120512 122149 120514
78821 2905 3409 5 120513 120514 122097 122082 122081
78822 1364 1181 3 120516 120515 121974
78823 2605 2867 6 120519 120520 120637 120671 120666 120664
78824 2605 2802 4 120520 120521 120567 120568
78825 2715 2802 3 120521 120522 120580
78826 2715 2605 8 120519 120521 120579 120631 120662 120661 120673 120665
78827 2572 2881 3 120523 120524 120541
78828 627 984 4 120526 120528 123892 123172
78829 1721 1730 4 120532 120533 120780 120612
78830 1654 1730 5 120533 120534 120869 121077 120781
78831 1654 1875 6 120534 120531 120762 120761 120852 120850
78832 2887 2873 5 120535 120536 135532 135533 135534
78833 3055 2873 6 120538 120535 135542 135468 133827 121785
78834 3055 2887 4 120535 120537 135568 135541
78835 200 11678 5 120539 120540 121098 121628 121592
78836 3223 2975 5 120544 120545 120591 120590 120551
78837 2605 2835 4 120546 120547 120567 120579
78838 2555 2605 5 120546 120548 120691 120663 120631
78839 2760 2919 3 120555 120556 135148
78840 2616 2695 5 120559 120560 135769 133375 133378
78841 2395 2695 4 120560 120561 134858 135770
78842 2395 2616 4 120558 120560 135768 137083
78843 2695 2507 5 120559 120561 134857 135863 135771
78844 2975 11912 5 120562 120563 120621 120622 121951
78845 2897 2822 3 120575 120576 136087
78846 3035 11907 4 120582 120583 121826 121825
78847 1166 1220 7 120588 120589 120724 120974 121234 121235 121582
78848 1166 1346 6 120589 120586 121652 123701 123314 120722
78849 1166 1174 4 120586 120588 121620 121651
78850 1220 1346 5 120587 120589 120723 121051 120771
78851 2190 2212 3 120593 120594 120750
78852 2312 2134 6 120596 120597 135953 135312 135314 135450
78853 2275 2134 3 120597 120598 135968
78854 2275 2312 4 120595 120597 135991 135385
78855 2134 2003 7 120596 120598 135967 136100 134820 134819 135449
78856 3175 2960 3 120600 120601 121797
78857 2270 2190 4 120603 120604 120835 120778
78858 372 11895 4 120605 120606 134438 134466
78859 2311 3235 4 120608 120609 122488 122217
78860 2887 2934 6 120624 120625 134630 135942 135531 135532
78861 2887 3136 6 120625 120626 136086 136153 135546 134631
78862 3327 2934 6 120627 120624 135406 134450 134451 135361
78863 3136 2934 4 120625 120627 135355 134632
78864 2468 2205 3 120629 120630 121373
78865 2779 2551 6 120634 120635 121880 121881 120751 120754
78866 2379 2779 8 120633 120635 135356 133508 133509 135335 135336 135440
78867 2492 3035 3 120642 120643 120645
78868 2674 2586 3 120647 120648 120690
78869 2346 2564 6 120649 120650 120775 120834 120837 120838
78870 1267 1239 4 120653 120651 123428 123345
78871 2757 2665 4 120655 120656 135071 135070
78872 1717 1298 6 120660 120657 123418 123353 123352 123474
78873 2816 2605 5 120664 120665 120674 120668 120667
78874 2605 2598 3 120669 120670 120671
78875 2605 2751 3 120672 120673 120674
78876 2574 2674 5 120678 120679 120721 136128 135264
78877 2240 2003 4 120682 120683 135265 135449
78878 2240 1945 6 120683 120684 135426 134119 134118 135266
78879 1769 1945 5 120684 120685 131860 135185 135292
78880 1769 2003 6 120685 120682 134819 134818 135054 131858
78881 2047 2212 3 120694 120695 120720
78882 2186 1654 4 120698 120696 120762 120763
78883 1684 1047 5 120702 120699 121348 121347 121346
78884 1223 1047 5 120700 120702 121328 121327 122116
78885 2386 2212 3 120704 120705 134331
78886 2232 1895 6 120706 120707 120846 120845 120844 120865
78887 1875 2128 3 120709 120710 120856
78888 2270 2584 4 120712 120713 120776 120817
78889 2598 2270 3 120711 120713 120777
78890 2213 1937 5 120714 120715 135428 135438 135413
78891 2021 1937 5 120715 120717 129291 129288 134104
78892 2213 2186 3 120718 120719 120749
78893 1346 1368 6 120722 120723 120901 120899 123516 123313
78894 2196 1769 4 120727 120728 120748 120747
78895 2134 1769 4 120729 120727 135448 134819
78896 2001 1769 7 120728 120729 134818 134900 134901 135237 135437
78897 1678 1654 5 120733 120734 121065 121077 120900
78898 1654 1346 5 120733 120735 120855 121051 120901
78899 1180 1618 8 120739 120740 121712 121742 121743 121999 121987 121714
78900 891 798 4 120742 120743 120926 120924
78901 813 891 4 120742 120744 121316 121625
78902 1769 2213 5 120748 120746 121567 135428 135437
78903 2919 2634 5 120752 120753 135431 133531 133534
78904 2634 2779 4 120752 120754 135458 135467
78905 11902 1722 5 120758 120759 121538 121539 121791
78906 1923 1895 7 120764 120765 120905 120876 120870 120865 120767
78907 2034 1923 4 120764 120766 120866 120768
78908 2270 1895 3 120769 120767 120844
78909 1220 1483 6 120770 120771 120949 120950 121565 121580
78910 1368 1730 7 120780 120781 121075 121076 123658 123111 120893
78911 1556 1721 6 120782 120783 136229 135207 120966 120953
78912 1556 1749 6 120783 120784 123807 123810 136167 136202
78913 1368 1749 5 120784 120785 120893 123109 123749
78914 1368 1556 4 120782 120784 123818 120952
78915 1123 1205 6 120786 120787 121677 120796 120797 121812
78916 1062 1205 8 120787 120788 121429 121630 121636 121674 121664 121665
78917 11899 1576 5 120790 120791 121163 135409 121559
78918 11899 1123 5 120789 120790 120919 120798 120797
78919 250 7644 4 120793 120794 151461 134101
78920 8980 3063 3 120795 120792 151226
78921 873 11899 4 120798 120799 121614 120920
78922 222 185 6 120803 120800 134400 129043 129041 148653
78923 11887 185 4 120801 120803 134362 134298
78924 11911 2541 3 120805 120806 121601
78925 1228 1123 6 120809 120807 121720 134370 121499 121501
78926 1869 2434 4 120810 120811 121763 120823
78927 1999 1827 5 120814 120815 122556 122623 122551
78928 1827 1752 5 120813 120815 122555 122619 122548
78929 1923 1701 4 120820 120821 120875 120876
78930 2356 2346 4 120832 120833 120834 120836
78931 2346 2599 4 120838 120839 120842 120840
78932 1895 2067 4 120846 120847 120848 120849
78933 1654 1828 4 120850 120851 121065 120869
78934 1923 2357 4 120858 120859 120866 120860
78935 1828 1730 4 120862 120863 121068 120869
78936 2290 2466 5 120873 120874 135571 136461 136210
78937 2290 2380 7 120874 120871 135843 135842 136293 136195 135569
78938 2290 2452 5 120871 120873 136208 136400 136207
78939 756 1219 5 120877 120878 122529 122927 122874
78940 947 614 6 120881 120882 134354 121578 121547 121545
78941 886 1446 4 120883 120884 121209 123380
78942 918 1518 5 120894 120895 121353 121061 121064
78943 180 11840 4 120897 120898 134067 121890
78944 1678 1368 5 120899 120900 121075 121074 123515
78945 1613 1895 3 120904 120905 120906
78946 1446 1645 7 120909 120910 121072 121070 121069 121179 121137
78947 633 1325 6 120912 120913 121911 121912 122266 122265
78948 1235 633 3 120912 120914 121279
78949 763 891 6 120915 120916 121335 121333 121626 121637
78950 1047 891 4 120917 120915 121621 120932
78951 1242 1123 4 120918 120919 121558 121808
78952 1242 11899 6 120919 120920 134000 133999 135407 121559
78953 1094 1205 4 120923 120921 121587 121613
78954 891 489 7 120924 120925 121335 121336 121196 121197 121625
78955 1678 1690 6 120934 120935 121010 121009 121074 121066
78956 1837 1690 3 120936 120934 121047
78957 1717 1690 4 120935 120936 121046 121045
78958 1092 901 8 120938 120939 123488 123489 122923 122830 122828 123369
78959 890 1092 5 120937 120939 123492 121094 121093
78960 901 1240 6 120938 120940 122850 122639 122638 123504
78961 479 258 3 120941 120942 122277
78962 1304 1746 7 120944 120945 123417 123422 123421 123519 123509
78963 460 773 5 120947 120948 123401 123402 122833
78964 460 843 7 120948 120946 123880 123370 123310 123309 123404
78965 1220 2021 4 120950 120951 135282 121564
78966 1556 1326 5 120952 120953 120965 124019 123817
78967 103 123 9 120954 120955 122834 123259 122251 122252 124077 123215 123217
78968 11834 123 5 120955 120956 123619 123618 122836
78969 343 11868 5 120959 120960 121452 123737 148963
78970 609 722 3 120963 120964 121661
78971 609 737 8 120964 120962 123012 123388 123667 123665 121654 121655
78972 1556 1579 5 120965 120966 135117 134907 129241
78973 1417 1115 5 120967 120968 121563 121561 128959
78974 1417 1376 6 120968 120969 139041 136129 124017 124018
78975 1317 1376 10 120969 120970 123884 123882 123865 123866 123623 123624 123820 139044
78976 1317 1417 6 120967 120969 139043 139089 129325 128960
78977 1376 1115 4 120968 120970 128945 128978
78978 969 1103 4 120971 120972 122764 122762
78979 1176 1103 6 120973 120971 134544 134543 134883 134961
78980 582 360 6 120976 120977 134158 134159 134461 134360
78981 277 360 4 120977 120978 124006 129086
78982 1158 878 5 120981 120982 123806 123805 123900
78983 1288 1304 4 120986 120987 123829 123837
78984 825 1288 4 120985 120987 123830 123720
78985 517 907 5 120993 120991 127521 127874 127873
78986 727 907 6 120992 120993 127790 127789 127832 127474
78987 755 818 8 120994 120995 128301 129651 129653 129788 129695 129641
78988 847 732 6 120996 120997 129512 129379 125926 125924
78989 847 818 5 120997 120994 128352 128354 129598
78990 847 755 6 120994 120996 128868 129673 129674 129642
78991 1162 1288 5 120998 120999 121466 123412 123413
78992 1162 1291 7 120999 121000 123792 123821 123822 123823 121467
78993 1730 1162 4 120998 121000 123111 123110
78994 1385 1312 7 121003 121004 127261 138739 128609 128610 129390
78995 1385 1533 5 121004 121005 129332 129160 127262
78996 1528 1312 4 121006 121003 129612 138623
78997 1528 1385 5 121003 121005 138811 138878 129611
78998 1533 1312 4 121004 121006 138896 127263
78999 1679 1678 4 121010 121008 121012 121048
79000 1380 1042 4 121014 121015 135234 129293
79001 1135 1380 6 121013 121015 121414 121413 129212 129211
79002 1582 1672 9 121016 121017 139071 139072 139110 139032 138816 138817 136663
79003 1582 1661 4 121017 121018 129536 129537
79004 1425 1672 5 121019 121016 126060 126057 138875
79005 1425 1582 4 121016 121018 139100 136664
79006 11684 489 4 121024 121025 121448 123086
79007 634 546 3 121028 121026 123346
79008 634 842 3 121032 121033 121577
79009 813 842 7 121033 121034 121481 121316 121318 121646 121600
79010 813 614 3 121034 121031 121147
79011 11773 31 6 121038 121035 121464 121462 123988 123985
79012 11773 123 3 121035 121037 123351
79013 11750 31 3 121036 121038 121660
79014 11909 2204 5 121042 121041 121167 121166 121817
79015 651 733 6 121052 121053 121325 121399 121270 121268
79016 1869 1684 3 121056 121054 121145
79017 2115 1684 4 121055 121056 121160 121359
79018 1142 1346 4 121059 121060 123466 123117
79019 1308 1142 5 121058 121060 123324 123323 121168
79020 1360 918 6 121061 121062 122104 122164 121737 121352
79021 1360 2442 7 121062 121063 122075 122076 122036 122037 122105
79022 2442 918 3 121062 121064 122106
79023 1730 1678 5 121066 121067 121068 121077 121075
79024 1645 1223 3 121071 121069 121180
79025 1368 1690 3 121076 121074 123654
79026 1325 1838 8 121081 121082 121912 122211 122213 122592 121300 121301
79027 1325 794 3 121082 121083 121911
79028 1436 794 4 121083 121084 121368 122022
79029 1092 887 3 121092 121093 123265
79030 1190 1092 6 121092 121094 123499 123419 122535 122534
79031 11874 418 7 121105 121104 121159 122191 122195 122260 122259
79032 10640 409 4 121108 121109 122230 122130
79033 1802 1986 3 121112 121110 122629
79034 89 11423 3 121113 121114 123145
79035 1240 1274 5 121115 121116 122638 123501 122621
79036 664 963 3 121117 121118 122588
79037 215 485 5 121124 121125 130168 129109 129108
79038 389 155 5 121126 121123 130374 130314 130313
79039 389 215 5 121123 121125 130169 130260 130321
79040 485 155 4 121124 121126 130312 130261
79041 922 886 8 121128 121129 122667 121257 121200 121201 121209 123174
79042 922 334 4 121129 121127 121133 122785
79043 1446 1682 4 121136 121137 121181 121242
79044 11847 588 6 121142 121141 122709 122708 122731 122704
79045 11469 11869 5 121149 121150 121700 121699 121718
79046 1634 1684 3 121153 121154 121184
79047 1526 418 4 121159 121158 122690 122192
79048 1307 1576 4 121163 121162 121176 135293
79049 11908 2123 3 121164 121165 134160
79050 11908 11909 4 121165 121166 121816 134168
79051 2204 11908 8 121164 121166 121815 121822 121875 135501 134163 134161
79052 2044 2133 7 121170 121171 136487 138531 130879 130882 135580
79053 2044 2170 5 121171 121172 136514 136412 136411
79054 2236 2170 3 121172 121173 135291
79055 2236 2044 6 121170 121172 135025 135027 136441 136499
79056 2170 2133 8 121171 121173 135289 136557 137890 137875 137212 136488
79057 1884 1541 4 121174 121175 134946 135410
79058 1576 1884 4 121174 121176 121572 121573
79059 1843 1684 4 121184 121182 121215 121239
79060 1843 1364 4 121182 121183 122301 121214
79061 12 10803 7 121186 121187 122094 122145 122147 122142 122140
79062 31 11792 4 121190 121191 123350 121464
79063 856 813 5 121193 121194 121227 122837 123276
79064 856 460 5 121192 121193 123310 123312 123344
79065 842 489 3 121197 121198 121481
79066 922 1399 5 121207 121205 123355 123234 122328
79067 1634 1399 5 121206 121207 122329 122596 122598
79068 2515 2311 7 121210 121211 122317 122316 122493 122217 122218
79069 1913 1364 3 121213 121214 122369
79070 1453 1994 4 121216 121217 122372 122281
79071 978 733 5 121220 121221 123493 122843 122841
79072 759 843 3 121222 121219 123279
79073 733 843 6 121220 121222 123280 123406 123309 123311
79074 492 11877 6 121225 121223 121354 121355 123202 123298
79075 489 11877 3 121224 121225 123297
79076 1166 911 7 121232 121234 121494 129273 123836 123835 123291
79077 1446 1986 3 121236 121237 121238
79078 1446 1913 3 121240 121241 121242
79079 518 912 4 121243 121244 123637 124166
79080 752 693 5 121245 121246 123690 123691 124201
79081 752 912 8 121246 121243 123155 123154 123177 124349 129326 123703
79082 1610 1097 3 121247 121248 122034
79083 1610 1364 6 121248 121249 121277 122373 121973 121974
79084 1518 2901 3 121251 121252 122090
79085 1463 1888 4 121255 121256 133208 134997
79086 1463 1521 5 121256 121254 129209 134862 133207
79087 1463 1729 6 121254 121255 134912 134911 134928 129208
79088 763 48 5 121258 121259 121528 121624 121286
79089 763 11663 5 121259 121260 122000 121663 121529
79090 613 11663 4 121260 121261 121440 122001
79091 651 1308 4 121262 121263 121264 121281
79092 613 1223 5 121265 121266 121327 122113 121357
79093 651 856 4 121267 121268 121269 121281
79094 1364 1555 5 121274 121272 122612 122292 122290
79095 1436 588 3 121280 121278 122344
79096 48 614 3 121284 121282 121447
79097 48 510 6 121282 121283 121553 121609 121624 121608
79098 489 763 4 121286 121287 121335 121334
79099 510 947 3 121290 121291 121545
79100 738 11840 6 121294 121295 121312 134097 134224 133593
79101 1038 725 4 121297 121298 123778 121322
79102 1111 1038 7 121297 121299 133456 135182 135213 123919 121323
79103 1838 1555 4 121300 121302 121376 122280
79104 878 652 6 121307 121305 123097 123096 123295 123847
79105 49 11785 4 121310 121311 121342 134219
79106 11785 738 3 121310 121312 134096
79107 2363 2901 5 121313 121314 121998 121996 122031
79108 2905 2363 3 121313 121315 121370
79109 842 1206 3 121317 121318 121616
79110 1047 1308 5 121320 121321 121345 121346 121328
79111 848 725 6 121324 121322 134533 123602 123601 124016
79112 848 1038 4 121322 121323 123920 134529
79113 93 10803 4 121329 121330 122094 121683
79114 93 11225 6 121330 121331 121364 121363 121691 122143
79115 489 510 4 121334 121336 121607 121608
79116 11256 855 3 121340 121341 121983
79117 1047 1697 4 121343 121344 121347 121345
79118 1369 1684 3 121348 121349 121693
79119 11225 11869 3 121365 121363 121692
79120 794 1526 6 121367 121368 122687 122209 122206 122004
79121 2905 3217 4 121370 121371 122082 122032
79122 1884 2468 6 121373 121374 134154 134619 134140 121776
79123 1884 2638 4 121374 121375 135412 134155
79124 1958 1620 4 121379 121377 121953 121957
79125 11734 1123 7 121381 121382 134359 121723 121722 121569 121568
79126 2048 11904 5 121384 121385 121522 121705 121851
79127 1555 1382 4 121396 121397 122326 122327
79128 733 492 4 121398 121399 121408 121426
79129 2575 2386 7 121401 121402 136178 136185 136184 135590 135024
79130 2196 2386 4 121402 121403 135306 135305
79131 2196 2312 5 121403 121400 135314 135454 135421
79132 2196 2575 7 121400 121402 136179 136095 136093 136163 135313
79133 18 101 3 121404 121406 122663
79134 305 652 5 121409 121410 124121 124094 123250
79135 305 722 5 121410 121411 121509 121508 123864
79136 689 652 3 121412 121409 123251
79137 1075 1038 6 121415 121416 134530 123920 123919 135212
79138 1075 1135 4 121416 121413 129367 129366
79139 1075 1380 5 121413 121415 135251 135280 135224
79140 1038 1135 4 121414 121416 134891 134890
79141 11877 11818 7 121418 121419 123274 123272 122674 122673 122810
79142 11884 11877 4 121417 121419 123306 123202
79143 11883 82 3 121422 121423 121425
79144 11548 11883 5 121433 121434 121445 121435 121437
79145 11883 11818 4 121436 121437 121438 123274
79146 11883 11482 4 121442 121443 121444 121445
79147 733 334 3 121450 121449 122697
79148 11868 109 8 121451 121452 123736 123672 123671 124221 124223 128890
79149 101 11877 6 121453 121454 122803 123282 122672 122673
79150 120 11877 4 121454 121455 122769 122804
79151 773 350 5 121458 121459 123405 123401 123375
79152 773 733 4 121459 121460 123281 123280
79153 679 350 3 121461 121458 123206
79154 1199 1264 7 121468 121469 129424 129409 129412 139050 129425
79155 1199 1213 5 121469 121470 129430 129548 129423
79156 1019 1213 6 121470 121471 129301 129217 129220 129431
79157 1019 1264 6 121471 121468 129426 129755 138869 138868
79158 1491 1231 3 121472 121473 123416
79159 226 48 4 121475 121476 121478 121477
79160 1326 1115 8 121486 121484 128889 121562 121563 128978 129175 129272
79161 1273 1115 4 121485 121486 129279 129278
79162 360 324 6 121487 121488 124035 121523 121526 124028
79163 360 634 5 121488 121489 124015 134461 124036
79164 745 360 6 121487 121489 124014 128946 124030 124029
79165 576 704 6 121491 121492 125921 130172 130171 129962
79166 444 704 7 121492 121493 130101 130103 129724 129725 125922
79167 444 576 5 121490 121492 125920 130401 130347
79168 1273 911 5 121494 121495 128968 134571 129278
79169 1576 1228 5 121500 121501 121788 121886 134124
79170 369 723 8 121503 121502 134134 129075 129077 131668 134193 134192
79171 998 803 5 121504 121505 128930 123409 123407
79172 974 803 4 121506 121504 129094 129096
79173 384 305 8 121507 121508 123862 128949 129092 129091 123211 123212
79174 739 305 4 121509 121507 123957 123959
79175 406 410 7 121512 121514 123940 123122 123025 123026 124160
79176 632 722 6 121516 121517 123463 123864 123863 129253
79177 722 745 3 121516 121518 129168
79178 406 797 5 121520 121521 123133 123939 123940
79179 123 401 5 121524 121525 122253 122252 124098
79180 324 401 4 121525 121526 123980 123975
79181 324 123 8 121523 121525 123974 123259 123260 123618 123617 124056
79182 401 360 5 121524 121526 124050 124051 124114
79183 48 200 4 121530 121528 121609 121610
79184 11663 200 5 121529 121530 121638 121592 121591
79185 947 1075 5 121531 121532 121575 134353 121570
79186 921 71 7 121533 121534 121867 121930 121877 121862 121857
79187 11694 921 3 121533 121535 121793
79188 921 615 5 121548 121549 121702 121639 121605
79189 921 10148 4 121549 121550 121862 121876
79190 24 921 8 121548 121550 121857 121793 121792 121721 121719 121606
79191 510 1205 3 121551 121552 121664
79192 11840 634 4 121556 121557 123226 134436
79193 1209 1417 5 121560 121561 135158 134554 134129
79194 1209 1115 6 121561 121562 128887 130267 135161 135160
79195 1326 1417 5 121563 121560 129242 124019 124018
79196 1326 1209 5 121560 121562 128888 134324 134130
79197 1075 873 3 121570 121571 121878
79198 1576 1738 9 121574 121572 135293 135409 135344 135257 133879 133881 135267
79199 947 634 8 121575 121576 121581 123905 121599 121577 121578 134352
79200 947 1166 5 121581 121582 121620 121653 123908
79201 1167 1329 4 121585 121583 121593 121594
79202 1167 1035 5 121583 121584 121590 121589 121602
79203 1167 1236 4 121595 121593 121602 121617
79204 828 497 7 121597 121598 129061 129062 129852 128977 128976
79205 828 713 5 121598 121596 134686 130128 130130
79206 828 617 5 121596 121597 133831 134389 134892
79207 813 947 4 121599 121600 121647 123906
79208 2140 11905 4 121603 121604 121949 121948
79209 1483 1722 3 121611 121612 121682
79210 1094 11899 4 121614 121613 121615 134000
79211 1062 891 5 121626 121627 121678 121636 121635
79212 1329 763 3 121634 121632 121637
79213 1174 1613 3 121642 121643 121644
79214 1035 813 5 121645 121646 121647 123902 121650
79215 1035 1346 5 121648 121649 121650 123903 121652
79216 1035 1166 4 121651 121652 123904 121653
79217 11758 31 4 121659 121660 123985 123647
79218 763 11693 4 121662 121663 122028 121689
79219 2202 2150 7 121666 121667 122008 122009 122015 122016 122014
79220 793 2901 6 121669 121670 121996 121997 122171 122177
79221 3217 2901 4 121670 121671 122032 122031
79222 1062 842 3 121673 121674 121678
79223 2021 1541 4 121675 121676 121687 134946
79224 11305 11869 4 121692 121690 121718 121733
79225 2370 1648 3 121695 121696 121739
79226 921 11546 5 121701 121702 121876 121877 121884
79227 11904 11907 4 121703 121705 121861 121963
79228 2674 1884 3 121706 121708 121776
79229 1745 11897 4 121716 121717 134061 149692
79230 1123 24 4 121719 121720 134423 121723
79231 921 11734 3 121721 121722 121859
79232 9284 8902 4 121725 121726 151269 151271
79233 1618 2150 3 121728 121727 122016
79234 209 409 3 121738 121736 122123
79235 918 409 6 121737 121738 122084 122083 122086 122165
79236 1180 892 3 121740 121741 121742
79237 418 480 3 121745 121746 122259
79238 418 409 6 121746 121747 122086 122087 122261 122260
79239 2541 1722 4 121752 121750 121764 121766
79240 1722 1891 4 121754 121755 121767 121757
79241 1722 2434 7 121759 121760 121763 121767 121765 121766 121777
79242 1722 2115 3 121760 121761 121762
79243 11582 520 3 121768 121769 154953
79244 11542 520 5 121770 121768 154959 133714 133713
79245 549 520 9 121769 121770 133776 131116 131118 133615 133614 133679 154954
79246 11904 2123 5 121772 121771 121814 121861 121851
79247 855 921 3 121773 121774 121867
79248 921 2150 6 121773 121775 121799 121835 121884 121930
79249 1722 1414 3 121778 121779 121780
79250 11202 11271 6 121782 121783 149489 134594 131387 131388
79251 10827 11096 9 121784 121781 150142 146145 146143 149403 149399 149401 146455
79252 892 24 3 121794 121792 121838
79253 11694 24 5 121793 121794 121839 121841 121843
79254 768 392 4 121800 121801 132073 132071
79255 768 34 5 121801 121802 134637 130264 130262
79256 262 34 8 121802 121803 134191 134606 150370 130289 130287 130288
79257 262 392 5 121803 121800 134829 134683 134190
79258 262 768 5 121800 121802 134603 134513 134511
79259 34 392 5 121801 121803 131867 131827 131826
79260 250 1724 4 121804 121805 121908 151202
79261 1209 1579 7 121810 121811 134130 134129 129358 129356 135192
79262 1209 1253 5 121811 121809 134443 134325 134324
79263 1209 1380 3 121809 121810 134442
79264 2636 11908 7 121815 121816 134173 133859 133857 121858 121820
79265 2204 2636 3 121815 121817 121821
79266 222 372 4 121827 121829 134401 134400
79267 1740 452 5 121830 121831 134169 133975 133976
79268 11911 3405 6 121833 121834 121945 121941 121942 121938
79269 3175 11911 6 121832 121834 121943 121934 121933 121904
79270 24 71 5 121842 121843 121857 121847 121848
79271 24 11937 3 121848 121849 121850
79272 2140 3290 3 121853 121854 121946
79273 11911 2064 3 121855 121852 122017
79274 3290 2064 6 121853 121855 122033 121954 121931 121932
79275 1526 11486 6 121863 121864 122206 122163 122162 122188
79276 1228 2727 5 121870 121872 134033 121929 121928
79277 2779 2864 6 121881 121879 133507 133509 135457 135455
79278 2779 2583 4 121879 121880 135356 135334
79279 1655 1747 6 121888 121889 129360 135302 135144 135142
79280 2003 1655 4 121887 121889 129359 134195
79281 4474 2960 5 121894 121895 121914 121903 121902
79282 2960 3701 3 121900 121901 121902
79283 2960 5471 6 121905 121906 121914 121915 134186 121907
79284 633 1838 3 121912 121913 122271
79285 11364 11896 7 121919 121920 151483 151473 151470 151471 151482
79286 11785 11896 3 121920 121921 133946
79287 3376 1570 5 121924 121922 122207 122511 122189
79288 2727 1657 4 121925 121926 121927 121928
79289 11911 3375 5 121935 121936 121961 121959 121958
79290 11911 3436 5 121937 121938 121962 121960 121958
79291 3594 11911 4 121939 121940 121942 121962
79292 11911 3355 3 121943 121944 121945
79293 11911 2975 4 121950 121951 121961 121952
79294 2202 3735 5 121964 121965 122008 121968 121969
79295 2202 7734 3 121966 121967 121969
79296 11714 2202 5 121978 121980 121981 122124 122096
79297 565 10661 5 121985 121986 121995 122013 121991
79298 257 158 5 121988 121989 123237 123429 122741
79299 1181 1648 3 121993 121994 122066
79300 728 11663 5 122000 122001 122019 122025 122029
79301 2840 1838 4 122006 122007 122235 122236
79302 2202 10661 4 122010 122011 122013 122012
79303 728 519 5 122020 122021 122115 122120 122153
79304 728 11693 4 122027 122028 122029 122030
79305 352 375 7 122041 122043 124498 124497 125120 123001 123003
79306 387 782 5 122042 122044 122546 122989 123000
79307 793 6499 4 122045 122046 122167 122103
79308 2611 2324 6 122051 122052 122058 122060 122059 122057
79309 918 519 5 122054 122055 122120 122100 122098
79310 918 12 7 122055 122053 122083 122073 122069 122070 122152
79311 793 10640 6 122071 122072 122151 122226 122231 122230
79312 11714 918 3 122073 122074 122084
79313 2825 11486 4 122077 122078 122214 122162
79314 118 580 6 122092 122093 122824 122818 122815 122816
79315 3555 2534 3 122101 122102 122304
79316 1360 1224 4 122104 122105 122127 122128
79317 3128 2640 6 122108 122110 122273 122338 122341 122348
79318 613 1181 4 122112 122113 122117 122114
79319 1181 1047 4 122116 122117 122119 122118
79320 12 10562 3 122139 122140 122141
79321 12 11225 4 122143 122144 122160 122145
79322 12 10954 4 122146 122147 122160 122148
79323 12 82 4 122155 122156 122159 122158
79324 1436 2840 4 122169 122170 122236 122362
79325 793 5523 7 122171 122172 122228 122232 122226 122194 122178
79326 3690 1526 4 122175 122176 122200 122188
79327 64 11695 4 122196 122197 122274 122780
79328 1610 1994 7 122203 122201 122281 122373 122382 122381 122368
79329 794 11486 5 122205 122206 122210 122246 122248
79330 11409 794 4 122209 122210 122247 122532
79331 2515 3128 3 122218 122219 122234
79332 409 793 5 122227 122228 122233 122230 122229
79333 793 11714 3 122231 122232 122233
79334 546 123 3 122253 122251 123974
79335 418 11657 3 122262 122263 122705
79336 633 11409 5 122268 122269 122532 122688 122691
79337 11409 588 4 122268 122270 122736 122692
79338 479 11857 5 122276 122277 122603 122675 122826
79339 11685 1407 4 122282 122283 122469 122499
79340 2310 2764 3 122287 122288 122303
79341 1364 1994 7 122290 122291 122301 122369 122384 122373 122372
79342 2311 2304 5 122294 122295 122316 122489 122406
79343 2840 3408 3 122306 122307 122308
79344 1877 2054 3 122309 122310 122526
79345 2254 2533 7 122314 122315 122413 122433 122417 122416 122460
79346 1633 1676 4 122321 122322 122524 122515
79347 1633 1492 4 122319 122321 122514 122421
79348 1676 1523 5 122320 122322 122564 122566 122560
79349 1336 1509 5 122324 122325 122895 122892 122891
79350 2268 2396 5 122332 122333 122398 122378 122375
79351 2609 2268 4 122335 122336 122378 122377
79352 3308 2640 4 122339 122340 122350 122341
79353 3128 3308 3 122341 122342 122351
79354 2758 3224 3 122346 122347 122349
79355 2758 3308 7 122350 122351 122356 122353 122352 122354 122360
79356 2758 3547 3 122355 122356 122357
79357 2758 3034 4 122358 122359 122363 122360
79358 2758 2534 3 122364 122365 122366
79359 1913 1994 5 122369 122370 122371 122381 122383
79360 2012 2609 4 122376 122377 122389 122402
79361 1994 1684 3 122382 122383 122384
79362 2515 2307 3 122390 122391 122392
79363 3102 2872 5 122395 122397 122481 122483 122485
79364 522 712 4 122400 122401 123636 122848
79365 522 836 4 122401 122399 124164 123901
79366 2609 2304 4 122402 122403 122404 122412
79367 2609 2872 8 122404 122405 122473 122474 122484 122483 122482 122490
79368 64 893 3 122407 122408 122711
79369 1523 2079 4 122410 122411 122561 122562
79370 1676 1968 3 122415 122414 122566
79371 2805 2809 3 122419 122420 122454
79372 887 655 4 122423 122424 122521 123373
79373 580 456 5 122425 122422 122926 122819 122815
79374 1969 2254 5 122428 122429 122437 122435 122434
79375 2254 1890 3 122430 122431 122433
79376 2254 1639 3 122437 122438 122439
79377 2872 3235 6 122441 122442 122481 122482 122491 122488
79378 2396 2805 3 122445 122446 122461
79379 3218 2542 3 122450 122451 122506
79380 2805 3300 4 122455 122456 122457 122470
79381 2805 2533 4 122460 122461 122476 122462
79382 1191 919 3 122468 122466 124989
79383 1191 795 5 122466 122467 123023 124967 124988
79384 2872 2533 5 122472 122473 122475 122477 122476
79385 2872 3406 3 122478 122479 122480
79386 2872 3047 3 122484 122485 122486
79387 2872 2311 4 122487 122488 122493 122489
79388 2515 2872 4 122490 122491 122493 122492
79389 1407 1639 4 122494 122495 122507 122496
79390 1407 2542 4 122504 122505 122508 122506
79391 1029 1041 5 122518 122516 122685 122918 122910
79392 1752 2054 7 122525 122526 122634 122648 122635 122554 122555
79393 1760 1752 5 122525 122527 122620 122631 122619
79394 756 1301 4 122529 122530 122887 122908
79395 1041 756 5 122540 122538 122887 122900 122897
79396 1704 1299 3 122543 122544 122583
79397 1532 1752 5 122547 122548 122631 122630 122862
79398 1127 1523 3 122553 122552 122938
79399 2012 1523 4 122559 122560 122567 122568
79400 1523 1827 3 122563 122564 122565
79401 1696 1357 5 122573 122574 122849 122608 122610
79402 1301 1693 5 122581 122582 122907 122880 122878
79403 1379 1301 8 122580 122582 122860 122861 122876 122911 122952 122839
79404 1704 1537 3 122585 122586 122587
79405 686 664 6 122588 122589 123457 123569 123599 123595
79406 686 791 5 122589 122590 124615 123552 123458
79407 963 686 7 122588 122590 124655 125059 123573 123575 123576
79408 1325 1925 3 122591 122592 122676
79409 99 11494 3 122599 122600 122807
79410 99 11799 6 122600 122601 122670 122669 122668 122734
79411 1340 1696 3 122608 122609 122851
79412 1802 1752 6 122614 122615 122645 122660 122629 122628
79413 1999 2012 4 122624 122625 122626 122627
79414 1752 2318 5 122632 122633 122641 122649 122634
79415 1506 1142 4 122636 122637 123324 123466
79416 1752 2544 4 122641 122642 122643 122657
79417 1752 2102 5 122644 122645 122659 122647 122646
79418 1752 2412 4 122648 122649 122657 122650
79419 464 580 4 122652 122653 122852 122926
79420 1286 1491 3 122655 122656 123081
79421 1752 1998 3 122658 122659 122660
79422 838 285 4 122664 122665 122775 122677
79423 838 886 3 122666 122667 122786
79424 11757 11877 3 122674 122672 123271
79425 285 64 3 122677 122678 122774
79426 991 519 4 122679 122680 122681 122683
79427 521 1382 3 122694 122695 122729
79428 334 760 3 122701 122702 122715
79429 588 64 5 122706 122707 122708 122733 122711
79430 838 11847 4 122709 122710 122790 122748
79431 355 101 3 122712 122714 123049
79432 334 838 9 122715 122716 122785 122786 122787 122775 122773 122790 122737
79433 361 712 5 122721 122722 123124 123385 123053
79434 361 664 3 122719 122721 122870
79435 712 551 3 122720 122722 123074
79436 144 588 4 122730 122731 122733 122732
79437 838 407 4 122737 122738 122747 122748
79438 11870 183 4 122749 122750 124101 123052
79439 874 919 6 122752 122753 124618 124459 124136 123020
79440 795 874 3 122751 122753 125043
79441 919 674 3 122752 122754 123021
79442 355 158 5 122757 122758 123425 123237 123123
79443 361 355 8 122757 122759 123233 123288 123931 123292 123101 123100
79444 526 158 5 122758 122760 123207 123208 123423
79445 969 956 6 122763 122764 134696 134695 133957 133958
79446 1103 981 6 122765 122762 134544 123909 123911 129933
79447 956 981 6 122763 122765 134472 134471 134691 134690
79448 623 473 3 122768 122766 124638
79449 120 350 7 122769 122770 123219 123394 124088 123194 123196
79450 323 673 4 122771 122772 128048 128771
79451 334 64 5 122773 122774 122791 122780 122781
79452 11847 334 5 122776 122777 122778 122781 122790
79453 334 805 3 122787 122788 122789
79454 334 82 3 122791 122792 122793
79455 11879 99 4 122794 122795 122798 122797
79456 76 294 3 122802 122800 123050
79457 11844 11877 6 122803 122804 123278 123243 123241 123240
79458 1298 978 4 122805 122806 123495 123502
79459 11818 325 3 122809 122810 123214
79460 118 655 3 122812 122813 122816
79461 118 380 4 122817 122818 122827 122820
79462 118 11620 3 122821 122822 122823
79463 118 479 4 122824 122825 122826 122827
79464 1092 1052 4 122828 122829 123487 123368
79465 1092 773 3 122829 122830 122922
79466 901 773 7 122830 122831 123302 123303 123438 123367 122924
79467 294 773 4 122832 122833 123389 123270
79468 123 62 3 122836 122834 123260
79469 1428 1301 3 122838 122839 122953
79470 978 886 5 122842 122843 123173 123174 123380
79471 1074 974 6 122845 122846 134351 129171 129172 129231
79472 1074 1309 4 122846 122844 134793 134484
79473 1219 1623 5 122853 122854 122946 122902 122903
79474 1623 1336 4 122853 122855 122866 122865
79475 778 949 6 122856 122857 122886 122930 122934 122935
79476 1336 1752 4 122862 122863 122864 122891
79477 547 361 6 122870 122871 123181 123233 123289 123053
79478 547 551 3 122871 122869 123179
79479 1301 1537 3 122878 122879 122950
79480 1704 949 4 122881 122882 122941 122940
79481 1336 887 7 122888 122889 122896 122913 122905 122899 122898
79482 1336 1676 3 122893 122894 122895
79483 1041 1336 4 122899 122900 122909 122906
79484 1336 756 5 122898 122900 122908 122927 122912
79485 1340 887 3 122904 122905 122914
79486 558 535 3 122915 122916 124561
79487 1041 1389 3 122917 122918 122919
79488 901 978 3 122923 122924 123366
79489 949 877 4 122929 122930 122933 122931
79490 949 1624 3 122935 122936 122937
79491 1301 1049 4 122951 122952 122953 122954
79492 664 719 3 122962 122963 123075
79493 712 719 5 122965 122962 123077 123439 123437
79494 1155 1210 7 122967 122968 124960 124813 124603 124606 124679
79495 1083 1072 4 122970 122971 124726 124724
79496 1083 994 7 122971 122972 124753 124754 127481 128251 124759
79497 971 994 4 122972 122973 123731 123733
79498 971 1072 5 122973 122970 125916 123740 123739
79499 971 1083 4 122970 122972 125935 125915
79500 994 1072 8 122971 122973 124493 124495 124609 128209 128227 124760
79501 541 151 5 122974 122975 125369 125372 -1
79502 541 545 6 122975 122976 125404 125389 125381 125370
79503 827 541 5 122974 122976 125403 125418 -1
79504 19 11522 6 122977 122978 123005 125057 125134 125135
79505 281 375 3 122982 122980 124498
79506 281 217 5 122980 122981 123551 123055 123057
79507 541 1050 3 122983 122984 125359
79508 151 283 7 122986 122987 125324 125424 125371 125369 125331
79509 19 3 3 122992 122993 124774
79510 19 88 4 122993 122994 125123 124775
79511 11856 88 4 122994 122995 124363 125180
79512 11856 19 10 122992 122994 125172 125171 125165 125166 125173 125126 124441 124440
79513 88 3 6 122993 122995 124261 124260 124322 124321
79514 657 774 3 122997 122998 125105
79515 674 774 5 122998 122999 125084 125085 125106
79516 674 635 5 122999 122996 125239 125234 125216
79517 774 635 5 122997 122999 125217 125185 125186
79518 321 248 4 123008 123006 124487 124268
79519 1005 1248 7 123013 123014 124228 124227 123069 123070 125119
79520 1388 1248 5 123016 123013 125107 125108 125118
79521 989 1248 4 123014 123016 125124 124992
79522 217 73 4 123018 123019 123550 123551
79523 13 217 6 123017 123019 125151 125209 125144 125145
79524 919 941 6 123020 123021 124987 124989 125131 124137
79525 795 963 5 123022 123023 124968 123573 123027
79526 332 410 6 123024 123025 123121 123730 123741 123536
79527 173 410 4 123026 123024 123538 124159
79528 1278 941 3 123030 123031 124906
79529 251 240 6 123032 123033 124404 125616 124518 124407
79530 65 251 5 123032 123034 125627 124467 124406
79531 1686 1403 7 123044 123045 124974 125097 125088 125087 125092
79532 923 1081 5 123047 123048 129483 139057 129495
79533 1081 744 5 123046 123048 129482 128246 124143
79534 355 76 7 123049 123050 123192 123099 123100 123123 123238
79535 33 183 5 123051 123052 123339 123340 123946
79536 217 352 4 123056 123057 124497 124621
79537 281 46 3 123058 123055 125086
79538 1583 1248 4 123059 123061 124939 125111
79539 1232 1495 3 123060 123062 124949
79540 475 599 6 123063 123064 124431 124429 124475 124477
79541 278 599 4 123065 123063 124582 125619
79542 240 599 5 123064 123065 125616 124570 124571
79543 882 993 3 123073 123071 124986
79544 882 1005 5 123071 123072 124905 124904 124985
79545 901 712 5 123076 123077 123303 123266 123268
79546 901 719 8 123077 123075 123158 123371 123372 123488 123440 123438
79547 105 11676 5 123078 123079 123105 123106 123107
79548 11684 62 6 123084 123086 123987 124071 123253 123252
79549 173 183 4 123087 123088 124159 123090
79550 92 105 4 123091 123089 124216 123094
79551 92 183 5 123089 123090 124189 124171 124170
79552 652 597 3 123097 123095 123451
79553 105 11552 4 123102 123103 123104 123105
79554 1162 1749 4 123109 123110 123413 123411
79555 383 161 4 123112 123113 128966 128964
79556 383 168 7 123113 123114 130319 130517 130538 130602 130528
79557 284 168 3 123114 123115 130320
79558 284 161 7 123115 123112 129616 129866 129868 130344 130338
79559 284 383 6 123112 123114 128623 128622 128738 128735
79560 168 161 8 123113 123115 130339 129990 128644 128641 130580 130529
79561 11530 11773 3 123119 123120 149706
79562 456 526 4 123130 123128 123187 123186
79563 176 526 5 123129 123130 123136 123135 123208
79564 406 791 5 123133 123134 123552 124543 124282
79565 1217 1202 5 123141 123142 134792 135194 135270
79566 1463 1217 5 123141 123143 135109 135111 135273
79567 1437 981 3 123146 123147 123909
79568 1437 1134 6 123147 123148 129952 131416 131417 123910
79569 1176 1134 4 123148 123149 133793 129953
79570 1176 981 5 123149 123146 134544 134589 134590
79571 1176 1437 6 123146 123148 129951 131930 134882 134543
79572 1134 981 6 123147 123149 134675 131812 129934 123911
79573 746 640 8 123150 123151 134552 134569 150169 134811 132137 132138
79574 746 725 4 123151 123152 134449 134534
79575 859 746 7 123150 123152 124034 124033 135118 134945 134509
79576 725 640 4 123151 123153 133941 134322
79577 909 912 5 123154 123156 123655 123702 123178
79578 925 752 3 123155 123157 124116
79579 526 890 4 123159 123160 123209 123187
79580 594 691 4 123162 123163 129486 128782
79581 785 752 5 123164 123161 123788 123703 123690
79582 785 594 5 123161 123163 129491 127765 123787
79583 691 752 5 123162 123164 123691 124200 128781
79584 496 183 4 123170 123171 123942 123696
79585 406 496 3 123175 123176 123455
79586 645 912 3 123177 123178 124342
79587 551 526 5 123179 123180 123182 123594 123446
79588 450 518 3 123185 123183 123364
79589 42 11710 6 123189 123190 123977 124135 124078 124080
79590 102 120 3 123194 123195 124086
79591 11844 350 3 123196 123193 123278
79592 11844 102 7 123193 123195 124085 123393 123392 123244 123243
79593 229 158 4 123197 123198 123199 123207
79594 591 305 6 123212 123213 124210 124209 123956 123957
79595 123 11626 5 123216 123217 123943 123897 123898
79596 123 42 5 123215 123216 123960 128962 124075
79597 294 350 3 123219 123218 123395
79598 679 719 6 123222 123224 123403 123437 123442 123257
79599 89 634 6 123226 123227 123290 124036 134456 134437
79600 11879 11780 3 123230 123231 123232
79601 11690 11877 6 123240 123242 123273 123272 123271 123282
79602 1286 1027 5 123245 123246 123811 123525 123381
79603 1304 1027 3 123246 123248 123796
79604 1765 1876 5 123254 123255 139092 129564 129567
79605 1765 2095 5 123255 123256 129799 129800 138702
79606 1413 1233 5 123264 123261 123870 123781 123780
79607 1413 1158 4 123261 123263 123827 123869
79608 1267 1233 10 123262 123264 123709 123708 138988 123677 123676 123767 123753 123752
79609 836 901 4 123266 123267 123356 123302
79610 773 759 6 123279 123281 123361 123441 123367 123343
79611 355 325 4 123286 123285 123326 123390
79612 361 627 5 123288 123289 123385 123397 123527
79613 294 361 3 123292 123293 123932
79614 664 518 4 123307 123308 124115 124175
79615 733 460 3 123312 123309 123357
79616 1162 1346 5 123313 123314 123319 123322 123821
79617 78 103 4 123317 123318 124172 124054
79618 1346 878 5 123319 123321 123826 123903 123701
79619 984 1162 3 123320 123322 123822
79620 276 11658 3 123330 123331 123332
79621 737 1104 4 123334 123335 123791 123532
79622 825 1027 9 123336 123333 123513 123514 123524 123523 123720 123811 123796
79623 116 183 5 123338 123339 124101 124142 123656
79624 33 366 3 123340 123337 124064
79625 33 116 6 123337 123339 123674 123673 124079 124096
79626 1096 722 4 123341 123342 123685 123635
79627 1104 1016 4 123348 123349 123747 123467
79628 1376 1515 6 123358 123359 123848 123844 123845 123623
79629 1376 1711 8 123359 123360 123820 129530 129529 123808 123809 123849
79630 1591 1376 3 123358 123360 123624
79631 305 366 4 123362 123363 123697 123877
79632 901 759 4 123366 123367 123440 123489
79633 773 325 5 123374 123375 123402 123389 123390
79634 739 1233 3 123376 123377 129152
79635 1746 1231 3 123378 123379 123421
79636 627 737 3 123388 123386 123831
79637 460 325 3 123399 123400 123402
79638 843 350 3 123404 123405 123406
79639 803 900 6 123410 123407 129094 129093 129243 129224
79640 1749 1376 6 123414 123411 123749 123807 123809 123850
79641 1288 1376 6 123412 123414 123851 123844 123842 123790
79642 1746 1298 5 123418 123417 123462 123445 123444
79643 1274 1304 3 123422 123420 123486
79644 719 158 4 123423 123424 123429 123425
79645 719 922 4 123430 123431 123432 123490
79646 552 704 4 123433 123434 130101 123772
79647 552 675 9 123434 123435 130107 128998 128999 128615 128618 130080 130102
79648 800 675 5 123435 123436 123914 130007 130008
79649 800 552 7 123433 123435 130109 130113 130138 129914 123771
79650 675 704 7 123434 123436 123913 126563 126562 130430 130103
79651 719 773 4 123438 123439 123442 123441
79652 1630 1298 4 123443 123445 123461 123500
79653 686 524 6 123447 123448 123570 123457 123458 123553
79654 686 526 6 123448 123449 123562 123571 123599 123594
79655 167 15 5 123452 123453 124198 124199 124122
79656 290 15 5 123454 123452 124123 128913 130420
79657 684 836 7 123470 123471 123604 123605 123901 124163 123834
79658 1198 1233 7 123476 123477 123841 138956 129435 129433 129152
79659 1198 1034 3 123477 123478 123840
79660 923 1198 6 123476 123478 139053 129483 129481 129151
79661 1860 2098 9 123483 123484 141161 141162 141167 141175 141176 141210 140523
79662 1896 1841 6 123485 123482 139225 127964 127966 139766
79663 1896 1860 5 123482 123484 141164 141163 141225
79664 2098 1841 4 123483 123485 138425 138424
79665 1298 1399 3 123505 123506 123507
79666 1304 1733 4 123508 123509 123521 123510
79667 825 742 4 123511 123513 123924 123879
79668 1027 878 4 123512 123514 123806 123770
79669 1368 1291 5 123515 123516 123792 123658 123654
79670 1288 1667 5 123517 123518 123776 123837 123530
79671 825 1158 3 123522 123524 123805
79672 1288 1286 8 123525 123526 123842 123838 123529 123530 123829 123830
79673 361 450 7 123527 123528 123945 123944 123947 123932 123931
79674 1732 1286 3 123531 123529 123651
79675 323 493 7 123541 123539 128395 128048 128049 128304 124308
79676 323 775 4 123539 123540 128689 128394
79677 548 320 6 123542 123543 123580 123578 124547 124548
79678 391 379 6 123544 123545 124425 124290 124291 124556
79679 240 379 7 123545 123546 124532 124528 124299 124300 124571
79680 379 223 4 123544 123546 124533 124534
79681 11753 79 5 123548 123547 125547 125546 125445
79682 395 357 4 123561 123559 124286 124304
79683 686 551 3 123569 123570 123594
79684 686 895 5 123571 123572 123577 123576 123595
79685 686 795 6 123573 123574 123597 125163 125053 125054
79686 686 862 4 123574 123575 123577 123596
79687 548 443 5 123579 123580 124398 124560 124280
79688 320 443 4 123580 123581 124474 124399
79689 729 548 8 123582 123583 123955 124730 124629 124452 124451 124280
79690 3 11676 6 123585 123586 124331 124312 124313 124385
79691 229 3 3 123589 123591 124274
79692 11856 248 5 123590 123592 125141 125170 124363
79693 672 795 3 123597 123598 125079
79694 725 412 6 123600 123601 134487 134534 134322 134323
79695 781 412 4 123603 123600 134433 134121
79696 781 725 5 123600 123602 134528 129067 129066
79697 848 412 4 123601 123603 134122 134430
79698 1401 1363 3 123606 123607 139006
79699 1548 1355 5 123613 123614 138804 136240 136241
79700 1548 1615 7 123614 123615 127629 127627 139026 138810 138803
79701 1482 1615 6 123615 123616 138721 138722 136460 136459
79702 1482 1355 5 123616 123613 129461 128250 128249
79703 1482 1548 6 123613 123615 136287 136288 136343 136342
79704 1615 1355 4 123614 123616 138933 138805
79705 11758 324 3 123620 123617 123981
79706 11834 324 5 123618 123620 123982 123983 124027
79707 1515 1317 6 123623 123625 138974 123871 123872 123868
79708 786 646 4 123626 123627 129064 129154
79709 607 646 6 123627 123628 129222 129090 129024 129025
79710 646 900 4 123626 123628 129243 129244
79711 767 532 4 123629 123630 127968 128372
79712 1096 786 7 123634 123635 129189 129188 129259 129116 129115
79713 42 33 5 123639 123640 124132 124080 124079
79714 78 42 5 123638 123640 124133 124172 124161
79715 33 450 7 123639 123641 123934 123944 123946 124064 124096
79716 11039 11171 5 123643 123644 148277 125683 125681
79717 11039 11180 3 123644 123642 149783
79718 123 89 4 123645 123646 124056 124057
79719 89 31 6 123645 123647 123988 124003 124004 124058
79720 11735 11821 3 123648 123649 124144
79721 183 109 4 123656 123657 124170 124215
79722 690 747 5 123660 123661 128325 128367 128327
79723 764 747 4 123661 123662 124752 126738
79724 684 737 4 123665 123666 123791 123789
79725 689 518 3 123669 123668 124117
79726 109 11641 5 123670 123671 124224 124219 124196
79727 11710 109 4 123670 123672 124130 124195
79728 116 11870 4 123674 123675 124100 124101
79729 1114 1326 4 123678 123679 123886 123803
79730 11235 11295 7 123680 123681 145242 145200 145201 144817 128897
79731 11217 11295 4 123682 123680 128899 144840
79732 591 693 3 123686 123687 124207
79733 591 689 6 123687 123688 128336 123958 123956 124208
79734 691 689 3 123688 123689 128337
79735 691 591 6 123686 123688 125604 125605 124206 124203
79736 1833 2004 6 123692 123693 138733 138736 139501 139535
79737 1833 1953 5 123693 123694 139377 139378 139539
79738 1533 1605 4 123704 123705 128410 139160
79739 1533 1478 4 123705 123706 136439 128411
79740 1358 1478 5 123706 123707 138435 138555 136687
79741 1358 1605 5 123707 123704 139115 128058 128060
79742 1478 1605 8 123705 123707 128084 128083 140925 140977 139568 128412
79743 1233 1591 5 123709 123710 138952 123782 123780
79744 755 656 8 123712 123713 129787 129653 128723 128725 127671 127672
79745 755 801 7 123713 123711 124705 129674 129696 129695 129789
79746 623 852 8 123719 123717 125020 124702 124701 124721 124723 124745
79747 767 899 3 123722 123724 129341
79748 810 744 3 123727 123726 124143
79749 435 317 7 123728 123729 124287 124292 124295 124276 124178
79750 410 317 4 123729 123730 123743 124167
79751 317 332 4 123728 123730 123742 124179
79752 852 971 7 123732 123733 125935 125934 125999 124715 124714
79753 11553 11593 6 123734 123735 148936 148991 148760 148761
79754 11868 116 5 123736 123737 148950 124134 124131
79755 971 1182 4 123738 123740 128255 124657
79756 332 109 4 123741 123742 124267 124059
79757 1081 1115 4 123744 123745 129467 129337
79758 1115 1189 5 123744 123746 135160 128959 128961
79759 834 1267 3 123750 123751 123753
79760 1081 1213 4 123754 123755 139065 129508
79761 506 273 6 123757 123758 123761 128663 126977 126844
79762 513 426 4 123759 123760 126875 126926
79763 11492 11591 6 123764 123765 149128 149114 149113 149118
79764 11673 11591 7 123765 123766 130503 149037 128784 128783 145016
79765 11673 11363 7 123766 123763 145064 145063 149478 147145 130501
79766 11673 11492 5 123763 123765 149137 149130 149066
79767 11591 11363 3 123764 123766 130502
79768 1233 912 3 123767 123768 123769
79769 552 498 5 123771 123772 130096 129748 129749
79770 924 980 3 123773 123774 123875
79771 747 980 6 123774 123775 124358 124752 126736 127722
79772 980 1091 7 123773 123775 124357 125959 128263 138575 123876
79773 1008 1038 6 123777 123778 134529 134530 134891 130077
79774 859 1008 3 123777 123779 129954
79775 1233 1515 4 123781 123782 139009 123871
79776 10004 9682 4 123783 123784 155946 155616
79777 752 850 5 123786 123788 129326 129471 129418
79778 11151 11196 8 123795 123793 149752 149804 149598 149597 149956 149629
79779 1104 1330 3 123797 123798 123799
79780 767 630 6 123800 123801 129413 124664 124191 124192
79781 1326 1096 4 123803 123804 129175 123887
79782 1096 1166 4 123802 123804 129271 123836
79783 1376 1556 6 123807 123808 136130 124017 123817 123818
79784 1711 1556 4 123808 123810 136166 139013
79785 1286 825 3 123811 123812 123830
79786 1262 1199 8 123813 123814 128396 128397 129548 139020 129409 129410
79787 1262 1198 5 123814 123815 138847 139036 129550
79788 1425 1198 5 123815 123816 138956 138957 138848
79789 1198 1199 6 123814 123816 123841 123840 139053 129551
79790 1326 1376 6 123817 123819 123886 123887 128978 124018
79791 597 401 4 123832 123833 123980 124050
79792 1515 1288 3 123838 123839 123844
79793 1376 1286 4 123842 123843 123866 123845
79794 825 652 3 123846 123847 123879
79795 1376 1732 4 123848 123849 123850 123851
79796 685 449 3 123852 123853 127973
79797 449 493 6 123852 123854 124308 128305 128317 127974
79798 716 1078 5 123856 123857 133934 134274 132169
79799 716 1176 3 123857 123855 133933
79800 716 969 7 123855 123856 132168 130035 130034 132252 132251
79801 497 231 5 123859 123860 149453 130315 124044
79802 277 718 3 123861 123858 128550
79803 277 497 7 123858 123860 149587 149588 150172 123890 123891
79804 231 718 5 123859 123861 128551 129073 124045
79805 632 305 5 123862 123864 124121 124120 124155
79806 1317 1286 4 123866 123867 123873 123868
79807 1317 1413 4 123869 123870 123872 123873
79808 1091 976 4 123876 123874 127280 127636
79809 1114 1317 3 123881 123882 123885
79810 1096 1376 4 123883 123884 128945 123887
79811 646 497 4 123891 123889 129062 128967
79812 878 1035 4 123902 123903 123904 123907
79813 878 947 4 123905 123906 123907 123908
79814 1437 1103 5 123909 123910 134329 134784 134543
79815 1134 1103 4 123910 123911 129935 134330
79816 675 849 6 123913 123914 129828 129618 129617 130075
79817 849 800 4 123912 123914 128346 128345
79818 1272 1118 6 123915 123916 134223 134221 134827 134893
79819 1272 1282 6 123916 123917 132053 134957 128340 128343
79820 944 1272 6 123915 123917 132052 134625 134769 134779
79821 1282 1118 4 123916 123918 128979 129924
79822 1081 739 4 123922 123923 128246 129437
79823 2 132 4 123925 123926 124090 124055
79824 450 355 3 123929 123930 123931
79825 450 11872 4 123933 123934 123947 123935
79826 923 710 4 123937 123938 129494 139062
79827 183 450 4 123942 123941 123946 123945
79828 538 428 7 123951 123952 130702 129593 129592 130714 130829
79829 70 428 3 123952 123953 130671
79830 70 306 7 123953 123950 130748 130144 130142 130672 130669
79831 70 538 6 123950 123952 130699 130242 130239 130737
79832 11696 11893 4 123962 123963 126597 126595
79833 4 11893 5 123963 123964 128329 128330 128523
79834 4 11768 3 123964 123961 126847
79835 4 11696 5 123961 123963 144931 144090 126846
79836 38 4 7 123967 123968 126819 126817 126843 128523 144931
79837 38 11656 3 123968 123965 145924
79838 4 11656 4 123966 123968 145756 128630
79839 1170 1101 6 123969 123970 124725 128277 128288 127258
79840 11773 11758 4 123986 123985 123989 149703
79841 277 259 3 123991 123992 149713
79842 282 259 8 123992 123993 129185 128950 128793 128792 128904 149722
79843 1548 1315 8 123994 123995 136343 129448 129446 138639 138768 138769
79844 1548 1426 3 123995 123996 136288
79845 1520 1426 7 123996 123997 129648 129649 138777 136552 136289
79846 1520 1548 5 123994 123996 136287 127629 127628
79847 1426 1315 7 123995 123997 138634 138633 138748 129881 129882
79848 1885 1636 6 123998 123999 139193 139168 135852 135854
79849 132 102 5 124001 124002 124085 124086 124087
79850 11525 11730 6 124007 124008 129058 148970 149757 149685
79851 11525 11462 5 124008 124009 148752 149524 129059
79852 11439 11525 5 124007 124009 124011 124013 149684
79853 11218 11525 6 124010 124011 148752 149522 129147 129148
79854 11457 11439 7 124012 124013 148942 148944 149477 149530 149528
79855 11457 11525 4 124013 124010 149590 149589
79856 11457 11218 5 124010 124012 149527 149844 149749
79857 772 360 4 124014 124015 134159 128947
79858 1556 1417 6 124017 124019 129241 134905 128402 128401
79859 225 193 4 124020 124021 129994 129995
79860 225 11893 5 124021 124022 145032 130468 130469
79861 50 225 6 124020 124022 145031 130558 129865 129867
79862 11896 979 3 124024 124025 133924
79863 597 360 4 124028 124029 124031 124050
79864 746 1111 5 124032 124033 135119 129099 129100
79865 723 746 7 124032 124034 134449 134535 131986 131983 134655
79866 360 89 6 124035 124036 134360 128974 124058 124057
79867 11525 11207 6 124037 124038 149645 148909 148910 148915
79868 11525 11597 6 124038 124039 129039 129037 149313 149314
79869 11429 11525 5 124037 124039 149760 149519 148916
79870 10977 11079 9 124040 124041 146485 150206 134036 134037 149308 150627 154500
79871 10977 11155 7 124041 124042 131938 149429 149430 150534 146486
79872 10718 11155 8 124042 124043 148905 149579 150577 151087 149251 131939
79873 10718 11079 4 124043 124040 154502 148904
79874 11155 11079 3 124041 124043 146487
79875 231 389 6 124044 124045 129072 129102 130375 130314
79876 328 317 8 124047 124048 128756 124361 124265 124263 124179 124178
79877 356 470 3 124049 124046 124241
79878 356 328 6 124046 124048 128656 128657 124496 124259
79879 317 470 5 124047 124049 124242 124246 124276
79880 11876 11867 4 124060 124061 128923 148979
79881 11769 11867 6 124063 124060 128821 128820 148960 148952
79882 11769 11876 6 124060 124062 144861 149016 124151 124150
79883 11448 11456 3 124068 124069 145035
79884 11636 11349 3 124070 124067 126336
79885 11636 11448 8 124067 124069 128487 128488 126850 126446 126448 144918
79886 102 11684 3 124071 124072 124073
79887 103 305 3 124076 124077 124097
79888 109 11729 7 124081 124082 124212 124194 124195 124196 124218
79889 132 350 3 124087 124088 124089
79890 11580 11488 4 124092 124093 144761 144896
79891 11671 11483 7 124102 124103 130309 149676 130273 130271 149514
79892 11671 11376 3 124103 124104 130310
79893 11462 11671 7 124102 124104 149624 149621 149618 130308 130307
79894 11540 11571 5 124105 124106 145147 145184 148572
79895 658 761 7 124107 124108 125499 127767 129782 129781 129993
79896 658 605 4 124108 124109 130076 125498
79897 605 761 4 124108 124110 129751 125500
79898 11580 11774 7 124118 124119 128750 128745 128744 144878 126700
79899 15 274 4 124122 124123 128912 145113
79900 383 525 7 124124 124125 128622 129347 128625 128626 128777
79901 383 289 4 124125 124126 130319 128623
79902 301 525 5 124127 124124 128778 127985 126714
79903 301 383 4 124124 124126 130517 128776
79904 289 525 7 124125 124127 126715 129569 129579 129578 128624
79905 11729 116 3 124128 124129 124194
79906 11868 42 4 124135 124134 148951 124162
79907 11697 11565 6 124141 124138 144458 144460 144529 144771
79908 11697 11635 4 124138 124140 125825 144181
79909 11679 11565 5 124139 124141 144400 125512 125513
79910 10992 11649 6 124145 124146 132784 150486 150480 150481
79911 10992 11018 7 124146 124147 131633 131634 131496 131494 132783
79912 11331 11018 5 124147 124148 154743 154935 131917
79913 11331 11649 5 124148 124145 131914 131913 146858
79914 11331 10992 4 124145 124147 131916 150473
79915 11018 11649 5 124146 124148 150284 150283 132785
79916 11876 11805 4 124149 124150 148979 124197
79917 15 11769 3 124151 124152 148857
79918 713 718 8 124153 124154 130139 130140 130145 130136 130129 130130
79919 810 592 5 124156 124157 130112 128773 128772
79920 566 592 5 124157 124158 129107 129105 130099
79921 592 607 5 124156 124158 129158 129132 129130
79922 410 183 4 124159 124160 124177 124189
79923 693 351 5 124168 124169 124207 124202 124201
79924 819 662 4 124173 124174 124387 124390
79925 154 398 5 124183 124184 128598 128600 128361
79926 178 251 4 124185 124186 125669 125634
79927 178 303 4 124186 124187 125299 125298
79928 303 251 7 124186 124188 125589 125612 125274 125272 125670
79929 767 709 5 124190 124191 124663 124761 128372
79930 463 709 5 124193 124190 128373 124643 124645
79931 691 351 5 124200 124202 124203 124205 127995
79932 351 591 5 124203 124204 124209 124208 124207
79933 691 343 3 124205 124206 127996
79934 109 11812 5 124211 124212 124213 124214 124225
79935 105 109 4 124215 124216 124225 124217
79936 109 11681 4 124218 124219 124226 124220
79937 109 11651 4 124221 124222 124226 124224
79938 147 58 6 124230 124231 124238 128762 124236 124235
79939 11744 58 5 124231 124232 124339 145003 124240
79940 11744 97 4 124232 124229 124340 124338
79941 11744 147 6 124229 124231 124239 124367 124377 124380
79942 58 328 4 124236 124237 124337 128763
79943 147 11821 7 124238 124239 124366 124368 124372 124373 128761
79944 58 11821 5 124240 124238 128687 128688 145014
79945 317 449 4 124242 124243 128317 124248
79946 766 791 8 124249 124250 124457 124568 124569 124542 124543 124615
79947 963 766 4 124249 124251 125042 124655
79948 1161 1086 6 124255 124256 126181 126221 140844 140878
79949 1161 1193 6 124256 124257 140861 125519 125517 126017
79950 1112 1086 7 124258 124255 140866 126096 125311 124887 124886
79951 1112 1161 3 124255 124257 140860
79952 1193 1086 3 124256 124258 126182
79953 328 109 3 124263 124264 124267
79954 317 92 3 124265 124266 124362
79955 915 1002 7 124270 124271 130031 129734 129735 129823 129818
79956 849 1002 6 124271 124272 127714 129624 129205 129202
79957 849 983 7 124272 124269 129946 129736 128345 128344 127712
79958 849 915 3 124269 124271 130017
79959 1002 983 3 124270 124272 127713
79960 237 362 3 124277 124278 124393
79961 435 791 3 124281 124282 124542
79962 435 351 3 124287 124288 124293
79963 435 594 3 124294 124295 124296
79964 443 379 6 124298 124299 124527 124560 124488 124430
79965 379 475 3 124298 124300 124431
79966 650 766 4 124301 124302 125130 125055
79967 686 766 7 124302 124303 124413 124492 124615 124655 125060
79968 957 930 7 124305 124306 125342 125348 124889 124812 124612
79969 994 930 5 124307 124305 124610 124495 124494
79970 449 323 3 124308 124309 126275
79971 3 11802 5 124311 124312 124330 124322 124323
79972 594 685 8 124316 124317 126615 129245 127973 127972 129487 127765
79973 172 234 3 124325 124327 125566
79974 558 300 5 124329 124328 125350 125410 125247
79975 373 623 6 124332 124333 128518 128242 125641 125639
79976 791 815 3 124343 124345 124568
79977 992 752 4 124348 124349 129471 128363
79978 1179 971 5 124351 124352 128286 124657 124550
79979 1285 971 4 124352 124353 128112 128245
79980 1285 1179 7 124350 124352 128287 125022 125009 125010 125018
79981 317 147 5 124361 124362 124371 124373 128760
79982 147 109 3 124370 124371 124372
79983 516 224 4 124375 124376 125187 125243
79984 147 27 3 124378 124379 124380
79985 189 296 4 124382 124383 124421 125188
79986 189 283 6 124383 124384 125330 125331 125373 124422
79987 662 620 5 124387 124389 125426 125428 125437
79988 530 583 4 124391 124392 125396 125394
79989 237 228 4 124393 124394 126501 126646
79990 249 228 4 124394 124395 126199 126198
79991 198 54 6 124401 124402 125884 125857 125855 128563
79992 11873 198 5 124400 124402 125870 125871 126639
79993 251 260 7 124406 124407 124517 125292 125483 125484 124466
79994 148 195 8 124408 124409 126266 126253 125374 125375 125790 125802
79995 148 11859 5 124409 124410 125644 126268 126265
79996 11800 148 5 124408 124410 125643 125635 125637
79997 766 248 5 124412 124413 124491 124541 124473
79998 1050 827 3 124416 124417 125182
79999 1302 1232 4 124419 124420 124922 124920
80000 189 465 5 124421 124422 125379 125432 125352
80001 283 465 6 124422 124423 125338 125421 125382 125380
80002 379 599 6 124425 124424 124453 124430 124431 124571
80003 108 11809 5 124427 124428 145010 128808 128806
80004 443 599 3 124429 124430 124489
80005 819 957 6 124433 124434 124799 125460 125388 125348
80006 1165 957 4 124434 124435 124814 124801
80007 1165 819 5 124432 124434 124800 125457 125361
80008 957 1024 4 124433 124435 124890 124889
80009 1534 1338 4 124436 124437 124744 124742
80010 11343 19 8 124438 124439 125127 125126 125174 125167 125139 125134
80011 19 11356 3 124441 124442 125127
80012 1375 1700 3 124444 124445 124842
80013 1619 1375 7 124443 124445 124846 124903 124821 124820 124841
80014 586 475 6 124446 124447 124477 124581 124998 125048
80015 1254 1179 6 124448 124450 124996 125005 125009 125021
80016 379 729 3 124453 124451 124488
80017 766 970 4 124457 124458 124999 124646
80018 240 219 4 124460 124461 124511 124479
80019 946 975 6 124462 124463 127550 127552 127557 127577
80020 946 866 8 124463 124464 127441 127545 127451 127449 127586 127551
80021 1010 866 5 124464 124465 126175 125038 125039
80022 1010 946 6 124462 124464 127440 127831 125992 125994
80023 125 251 7 124466 124467 125626 125671 125272 125273 125573
80024 544 535 4 124471 124468 125270 125251
80025 578 535 4 124469 124471 125252 125430
80026 1403 1641 5 124482 124483 124976 124975 125097
80027 1703 1403 5 124482 124484 124947 125050 125088
80028 467 537 3 124500 124501 125890
80029 503 735 6 124502 124499 127484 125758 125760 127238
80030 503 467 6 124499 124501 127410 127202 127203 127483
80031 59 311 6 124504 124505 125158 125776 125362 125364
80032 59 419 3 124505 124506 125159
80033 419 311 6 124505 124507 125507 125491 125488 125160
80034 11824 202 4 124508 124509 124513 124512
80035 202 240 5 124510 124511 124512 124529 124532
80036 172 313 3 124515 124516 128652
80037 251 391 5 124517 124518 125615 125617 125293
80038 39 74 4 124521 124519 145821 126689
80039 87 74 7 124520 124521 126688 144836 126894 126893 126519
80040 550 599 5 124522 124523 124693 125618 125334
80041 599 620 4 124522 124524 125435 125335
80042 202 379 3 124531 124532 124533
80043 11778 135 4 124538 124535 125112 125113
80044 11789 135 5 124536 124538 125207 125205 125202
80045 1965 2025 4 124544 124545 124763 127438
80046 2107 2025 4 124546 124544 127439 138583
80047 2223 2025 6 124545 124546 138584 139158 129913 124764
80048 1179 881 5 124549 124550 124656 125007 124959
80049 473 202 3 124551 124552 128570
80050 391 321 3 124555 124556 124557
80051 662 535 7 124561 124562 125199 125426 125252 125251 125269
80052 164 59 7 124563 124564 125319 125355 125473 125362 125363
80053 11779 164 4 124563 124565 125677 125492
80054 11793 59 5 124564 124566 125642 125666 125321
80055 797 766 4 124567 124569 124631 124660
80056 1553 1572 4 124572 124573 127803 127558
80057 1553 1498 6 124573 124574 141018 141104 141084 140927
80058 1478 1498 6 124574 124575 128083 127034 127036 139719
80059 1478 1572 4 124575 124572 127560 140925
80060 1478 1553 7 124572 124574 141019 141099 139603 139605 127559
80061 1338 1457 8 124576 124577 124855 124743 124742 124817 124816 124919
80062 1199 1055 5 124578 124579 128399 128397 129430
80063 839 1055 7 124579 124580 129492 129595 129338 127784 127782
80064 1055 1019 3 124578 124580 129431
80065 1705 1587 4 124584 124586 136102 138590
80066 599 625 4 124588 124589 124973 125435
80067 928 996 6 124593 124591 124699 125322 125225 125222
80068 821 955 10 124595 124596 125876 125969 128239 127791 127249 127251 127979 127482
80069 821 762 7 124596 124594 124614 124746 128233 125341 125340
80070 821 994 4 124594 124595 124754 124613
80071 1404 1246 3 124600 124601 124748
80072 1394 1246 4 124601 124602 125545 125544
80073 1394 1342 3 124602 124599 139164
80074 957 1155 5 124603 124604 128207 124611 124612
80075 957 1234 7 124604 124605 124801 124799 125462 126009 128213
80076 1210 957 5 124603 124605 124814 124890 124812
80077 1234 1155 4 124604 124606 124784 128200
80078 930 1155 6 124610 124608 124815 124961 124813 124612
80079 994 1155 4 124609 124610 124611 128208
80080 437 414 5 124616 124617 125150 125263 124728
80081 1293 1354 6 124623 124624 128072 128070 140814 128074
80082 1293 1415 6 124624 124625 140780 140858 140839 140840
80083 1441 1293 3 124623 124625 128073
80084 815 925 3 124626 124627 124964
80085 623 729 3 124629 124630 124721
80086 804 623 5 124638 124639 127075 124702 124647
80087 512 804 3 124637 124639 125944
80088 1375 1486 6 124640 124641 124842 124846 124858 124851
80089 529 463 4 124643 124644 128540 128416
80090 476 709 4 124645 124642 126719 126721
80091 1227 1279 5 124648 124649 126093 125946 125945
80092 1227 1394 5 124649 124650 125544 138932 126094
80093 1266 1394 7 124650 124651 138528 138946 139283 139164 125545
80094 1266 1279 6 124651 124648 128243 127991 127428 127425
80095 1266 1227 4 124648 124650 124771 124772
80096 1394 1279 6 124649 124651 138527 127606 127605 126095
80097 1087 1057 5 124653 124654 127838 127436 124888
80098 1087 1193 9 124654 124652 126182 126017 126018 125819 125821 126010 126011
80099 1087 1112 3 124652 124653 124886
80100 767 799 4 124663 124664 129414 124762
80101 687 680 5 124666 124667 128294 126741 126739
80102 702 747 3 124668 124669 126763
80103 702 687 7 124666 124668 128366 128365 129519 128425 128424
80104 747 680 6 124667 124669 126762 126736 126738 128325
80105 1031 1065 3 124672 124670 124970
80106 1415 1155 4 124679 124677 128201 124784
80107 11668 11551 3 124681 124682 144863
80108 11452 11774 3 124683 124680 128745
80109 804 894 6 124686 124688 124718 124716 124717 128019
80110 391 639 3 124694 124692 125307
80111 1403 1543 3 124695 124696 125092
80112 1403 1495 9 124696 124697 124912 124911 124948 124949 125049 125050 125087
80113 852 548 3 124700 124701 124730
80114 804 852 7 124700 124702 128018 124717 124714 124881 124731
80115 605 675 7 124703 124704 129617 130076 130191 130192 127776
80116 755 675 4 124705 124703 127777 129673
80117 1067 971 5 124706 124707 125999 128244 128112
80118 894 971 4 124707 124708 124716 124715
80119 980 898 6 124711 124712 127868 127869 127739 127666
80120 934 898 5 124712 124713 126070 126069 127865
80121 898 1060 6 124711 124713 126401 126398 127571 127667
80122 852 729 5 124721 124722 124880 124731 124730
80123 1101 1072 4 124724 124725 128256 125916
80124 1170 1072 6 124725 124726 124760 128224 128119 128117
80125 491 414 4 124727 124728 125535 125577
80126 1063 1067 5 124732 124733 124740 127738 129473
80127 1254 1285 5 124734 124735 124899 124897 125009
80128 988 1290 4 124736 124737 124963 125003
80129 1619 1338 5 124743 124744 124903 124893 124857
80130 762 623 7 124745 124746 128234 125443 125444 124798 124776
80131 1404 1227 6 124747 124748 138932 127977 127975 124879
80132 932 688 7 124751 124749 127715 128435 127845 127718 127717
80133 821 688 6 124750 124751 127453 127454 126724 126723
80134 1083 821 4 124754 124755 128104 127482
80135 994 1170 3 124759 124760 128228
80136 542 386 4 124766 124767 125862 125816
80137 425 386 4 124767 124768 126361 125863
80138 425 542 6 124765 124767 125861 128451 128449 128237
80139 1246 1063 5 124769 124770 128276 138964 125905
80140 1266 1063 6 124772 124769 125907 128267 128254 128243
80141 1266 1246 7 124769 124771 125545 138664 129393 129394 125906
80142 650 941 4 124786 124787 125082 125080
80143 882 774 6 124788 124785 125157 125128 124986 124985
80144 882 650 5 124785 124787 125052 125051 125130
80145 941 774 4 124786 124788 125179 125085
80146 504 373 9 124790 124791 126256 126257 128231 125638 125639 128230 128503
80147 504 252 7 124791 124792 128510 128480 126340 126338 128419
80148 427 504 8 124790 124792 128509 127808 127807 128521 128494 128492
80149 776 556 5 124795 124796 125928 125929 125837
80150 819 1234 3 124799 124800 125461
80151 1319 1065 5 124802 124804 125011 125012 125013
80152 1321 1188 8 124808 124809 128169 128170 128174 128089 124834 124837
80153 1321 1398 5 124809 124810 140855 128188 128187
80154 1451 1188 5 124811 124808 128109 128081 128080
80155 1451 1321 5 124808 124810 128102 128103 128108
80156 1398 1188 6 124809 124811 128120 128159 128166 128165
80157 930 1210 3 124812 124813 124891
80158 1529 1375 3 124818 124819 124841
80159 1466 1396 6 124823 124824 141110 141100 141101 139624
80160 1466 1275 6 124824 124825 141037 141106 141107 141108
80161 1281 1275 5 124825 124826 127729 127930 127929
80162 1281 1396 8 124826 124823 127963 127961 127433 127430 127947 127728
80163 1281 1466 5 124823 124825 140930 138936 138938
80164 1275 1396 5 124824 124826 127727 127568 127567
80165 1285 1386 3 124829 124827 128047
80166 1285 1283 7 124827 124828 124900 124897 125022 128282 128046
80167 1776 1472 6 124830 124831 141445 141448 142739 142389
80168 1776 2525 6 124831 124832 141850 142735 131293 131291
80169 2111 1472 6 124833 124830 141332 138184 138183 142500
80170 2111 1776 4 124830 124832 141851 142384
80171 2525 1472 4 124831 124833 142380 142379
80172 1192 1321 7 124834 124835 140877 139220 139221 128093 128087
80173 1192 1170 8 124835 124836 126603 126604 128228 128224 128225 140886
80174 1188 1170 6 124836 124837 128109 127939 127940 128140
80175 1188 1192 4 124834 124836 128139 128088
80176 1170 1321 4 124835 124837 128108 140606
80177 11561 11393 3 124838 124839 144602
80178 790 866 5 124843 124844 127201 127218 127449
80179 1573 1663 5 124847 124848 125952 125951 141012
80180 1451 1597 4 124849 124850 129531 129532
80181 1451 1573 7 124847 124849 140653 127920 127919 140892 141013
80182 1597 1663 4 124848 124850 139259 138763
80183 1558 1248 3 124852 124854 124928
80184 1457 1641 4 124855 124856 124913 124975
80185 1641 1338 4 124855 124857 124892 124976
80186 1018 823 3 124859 124860 124908
80187 1090 1065 6 124862 124863 124993 125015 125030 125013
80188 1411 1450 6 124864 124865 140790 140791 141069 141059
80189 1411 1287 5 124865 124866 127494 127493 140881
80190 1193 1287 4 124866 124867 140857 140856
80191 1193 1411 4 124864 124866 141040 141057
80192 1287 1450 4 124865 124867 141042 140885
80193 1965 1856 5 124868 124869 139231 139232 128156
80194 1774 1856 4 124871 124868 128157 138381
80195 2017 1856 5 124869 124871 139209 139210 139237
80196 1271 1014 6 124872 124873 126712 126710 141227 139822
80197 1121 1514 4 124874 124875 138449 126154
80198 1121 1014 7 124875 124872 139823 143401 143423 141542 141541
80199 1121 1271 4 124872 124874 126153 139821
80200 1514 1014 4 124873 124875 141602 141603
80201 1086 1057 4 124887 124888 127434 125312
80202 1087 1086 6 124886 124888 127435 126223 126181 126182
80203 1229 1344 5 124894 124895 124951 125027 124937
80204 1254 1344 3 124895 124896 124925
80205 1254 1569 4 124898 124899 124901 124918
80206 1569 1283 4 124898 124900 124916 124917
80207 1278 882 4 124905 124906 124930 124929
80208 1018 1007 5 124907 124908 125002 124966 124965
80209 1177 1232 5 124920 124921 125093 125094 125268
80210 1457 1319 3 124923 124924 124926
80211 52 516 4 124931 124932 125187 125242
80212 135 271 4 124933 124934 125206 125202
80213 135 516 6 124934 124931 125250 125238 125073 125072
80214 1024 823 3 124942 124943 124982
80215 1403 1583 5 124946 124947 125049 125109 125098
80216 1319 1229 5 124950 124951 125014 125012 124995
80217 54 79 8 124952 124953 125445 125575 144813 125885 125857 125530
80218 59 55 5 124957 124955 125737 125736 125741
80219 140 55 6 124956 124957 125740 125727 125220 125221
80220 1024 1155 3 124960 124961 124962
80221 882 795 5 124967 124968 125054 125052 125100
80222 882 963 5 124968 124969 124977 125042 125059
80223 682 881 3 124980 124981 124997
80224 941 795 5 124987 124988 125100 125082 125083
80225 1179 1319 4 124995 124996 125006 125011
80226 1007 766 4 124999 125000 125001 125002
80227 1319 1090 5 125013 125014 125028 125033 125032
80228 1179 1031 3 125016 125017 125018
80229 532 623 6 125019 125020 127075 126489 126488 128441
80230 1283 1179 5 125021 125022 128284 125026 125025
80231 461 596 6 125023 125024 127731 127732 127809 127442
80232 1090 1344 4 125027 125028 125036 125029
80233 1090 1290 4 125030 125031 125034 125032
80234 1090 1296 5 125033 125034 125035 125037 125036
80235 1010 727 6 125039 125040 126152 126162 127789 127440
80236 644 866 6 125041 125038 126176 126195 125961 125960
80237 644 1010 3 125038 125040 126151
80238 727 866 5 125039 125041 125987 126133 127441
80239 475 676 4 125047 125048 125071 125070
80240 650 795 5 125052 125053 125184 125081 125082
80241 686 882 4 125054 125051 125060 125059
80242 19 11362 3 125057 125058 125139
80243 1403 1464 4 125064 125065 125098 125099
80244 676 650 4 125069 125070 125176 125218
80245 387 135 6 125074 125072 125206 125205 125208 125210
80246 296 169 5 125077 125078 125278 125279 125308
80247 650 674 6 125080 125081 125161 125162 125216 125084
80248 993 881 3 125089 125090 125091
80249 635 676 9 125095 125096 125154 125155 125226 125227 125231 125218 125185
80250 1480 1248 4 125101 125102 125117 125108
80251 184 160 4 125103 125104 125137 125136
80252 1248 1150 5 125115 125116 125117 125118 125124
80253 941 1029 3 125131 125132 125133
80254 311 140 3 125160 125158 125725
80255 419 140 5 125159 125160 125724 144616 125668
80256 11856 230 4 125170 125169 125172 125180
80257 19 11594 3 125173 125174 125175
80258 650 434 4 125177 125176 125232 125189
80259 583 1050 8 125181 125182 125416 125359 125318 125223 125224 125378
80260 583 827 5 125182 125183 125391 125403 125417
80261 255 500 3 125193 125191 125542
80262 437 641 3 125196 125194 125346
80263 414 501 6 125200 125201 125263 125535 125578 125561
80264 583 516 4 125203 125204 125240 125398
80265 135 217 3 125209 125210 125211
80266 1815 1880 3 125212 125213 139733
80267 1815 1972 7 125213 125214 126230 127472 127470 140097 139734
80268 1757 1972 3 125214 125215 126232
80269 1972 1880 6 125213 125215 128193 128194 141514 139735
80270 635 650 5 125216 125217 125218 125232 125233
80271 140 153 3 125221 125219 144658
80272 140 255 8 125219 125220 125726 125505 125504 125725 125724 144614
80273 583 996 5 125222 125223 125317 125399 125401
80274 230 635 4 125233 125234 125236 125235
80275 300 516 7 125242 125243 125253 125398 125247 125248 125250
80276 151 11752 4 125244 125245 125267 125265
80277 1040 1165 3 125254 125255 125259
80278 996 1040 6 125259 125260 125287 125286 125317 125280
80279 996 1302 3 125260 125261 125262
80280 234 251 5 125273 125274 125611 125483 125482
80281 300 283 5 125277 125275 125338 125422 125324
80282 206 169 5 125284 125285 125300 125301 125308
80283 11679 22 3 125288 125289 125314
80284 11738 22 4 125289 125290 125522 125316
80285 251 359 6 125292 125293 125628 125614 125612 125611
80286 164 178 7 125297 125298 125669 125673 125674 125492 125363
80287 311 178 5 125299 125297 125364 125574 125563
80288 11670 32 4 125303 125304 144490 144572
80289 11670 145 5 125304 125305 126293 144482 144481
80290 152 32 5 125306 125303 145923 142916 142918
80291 955 1112 5 125311 125313 128079 128076 126097
80292 11679 11892 5 125314 125315 144354 125447 125448
80293 11738 11892 6 125315 125316 125523 125903 125652 125653
80294 11892 22 7 125314 125316 125521 125714 125712 144766 143825
80295 583 1040 4 125317 125318 125358 125400
80296 164 11850 3 125319 125320 125356
80297 11850 59 5 125319 125321 125667 125736 125357
80298 195 249 6 125326 125327 125374 125377 125487 127922
80299 249 363 4 125325 125327 126254 126334
80300 11689 189 8 144704 125655 125569 125344 125332 125333 125336 -1
80301 465 300 4 125337 125338 125411 125350
80302 776 821 6 125339 125340 125876 125968 126029 127680
80303 821 478 3 125339 125341 127923
80304 11866 11689 3 125344 125345 125570
80305 465 558 4 125349 125350 125395 125351
80306 199 59 5 125355 125357 125741 125506 125474
80307 583 541 8 125358 125359 125415 125403 125404 125419 125420 125405
80308 359 501 4 125365 125366 125561 125385
80309 762 501 4 125367 125365 125387 125548
80310 541 283 4 125369 125370 125380 125373
80311 545 283 4 125370 125371 125423 125382
80312 148 201 3 125375 125376 125600
80313 249 148 6 125374 125376 125601 126344 126492 126254
80314 201 195 4 125375 125377 125486 125791
80315 465 545 4 125382 125381 125390 125408
80316 481 153 5 125383 125384 125696 125695 125836
80317 544 545 3 125390 125389 125409
80318 583 545 7 125391 125392 125412 125423 125408 125409 125404
80319 544 583 6 125393 125394 125407 125409 125419 125406
80320 583 465 6 125395 125396 125407 125408 125421 125411
80321 583 300 6 125397 125398 125410 125411 125422 125414
80322 583 1006 4 125399 125400 125405 125425
80323 578 583 5 125401 125402 125406 125420 125425
80324 583 151 4 125412 125413 125414 125424
80325 583 1316 3 125415 125416 125417
80326 283 583 4 125421 125422 125424 125423
80327 620 535 5 125426 125427 125556 125431 125430
80328 620 682 4 125436 125437 125439 125438
80329 478 623 4 125442 125443 128236 128242
80330 11679 11817 4 125446 125447 144353 143708
80331 11891 11892 3 125448 125449 143825
80332 11891 11817 5 125449 125446 126642 126643 144765
80333 11892 11817 5 125447 125449 144766 144767 144355
80334 79 198 4 125451 125452 125857 125856
80335 79 11889 7 125452 125450 125865 125590 125592 144815 125885
80336 79 269 5 125450 125451 125860 125859 125864
80337 977 727 3 125455 125456 126152
80338 714 977 9 125989 125454 125456 126072 126074 140847 126219 126218 -1
80339 938 1165 4 125457 125458 125459 125463
80340 1234 938 5 125461 125462 126007 125464 125463
80341 11497 11278 5 125466 125467 144559 143613 143614
80342 11371 11278 5 125467 125468 143642 143644 144280
80343 11791 11575 5 125469 125470 128853 143458 143461
80344 11470 11575 5 125471 125469 145926 145928 145920
80345 11637 11575 7 125470 125471 126392 126394 145327 144068 128855
80346 255 164 3 125472 125473 125721
80347 255 59 4 125473 125474 125504 125776
80348 199 255 9 125472 125474 125505 125732 125874 125540 125539 125720 125719
80349 851 816 7 125475 125476 127184 127281 143410 143284 127095
80350 776 500 5 125479 125480 127899 125979 125787
80351 491 500 3 125481 125479 125789
80352 79 251 3 125482 125484 125573
80353 255 311 6 125488 125489 125719 125721 125776 125725
80354 255 437 4 125489 125490 125717 125720
80355 419 255 9 125488 125490 125718 125722 125973 125542 125543 144615 125724
80356 178 11866 6 125493 125494 125564 125674 125623 125570
80357 10134 10241 4 125496 125497 156478 157199
80358 488 658 5 125498 125499 127766 126560 126561
80359 605 488 6 125498 125500 128323 128321 129370 130191
80360 408 382 4 125502 125503 126366 126495
80361 307 408 5 125501 125503 126052 126051 126497
80362 199 140 4 125505 125506 125740 125733
80363 11508 11565 3 125511 125512 144398
80364 11679 11424 5 125513 125510 144362 144688 144687
80365 356 191 5 125514 125516 128654 128656 128757
80366 1161 1160 6 125517 125518 126214 126215 127949 126016
80367 1161 1225 5 125518 125519 140862 140842 140841
80368 1193 1225 5 125519 125520 140857 141043 140863
80369 1193 1160 6 125520 125517 126018 140827 141040 140856
80370 1225 1160 3 125518 125520 140843
80371 11892 29 4 125521 125523 125887 125766
80372 705 644 4 125525 125526 125961 125962
80373 705 593 6 125524 125525 126240 126273 126280 143734
80374 234 54 5 125530 125531 125566 128564 125855
80375 307 353 3 125532 125533 126248
80376 307 145 5 125533 125534 126486 126475 126249
80377 255 478 4 125540 125541 125722 125873
80378 491 255 4 125539 125541 125718 125717
80379 11875 419 3 125551 125552 126024
80380 659 11817 3 125553 125550 -1
80381 310 620 4 125554 125555 125565 125556
80382 310 625 4 125558 125559 125560 125565
80383 359 414 5 125561 125562 125614 125599 125579
80384 252 517 4 125567 125568 126716 126340
80385 478 414 4 125577 125578 125579 125598
80386 659 734 5 125982 125580 125581 125988 -1
80387 517 734 6 125583 125580 125984 127874 126056 126055
80388 517 659 4 125580 125582 125933 125983
80389 500 734 5 125581 125583 128094 125979 125981
80390 1293 1171 5 125585 125586 128106 140814 128007
80391 1225 1245 6 125587 125584 140876 141053 140863 140862
80392 1225 1293 3 125584 125586 128107
80393 1171 1245 5 125585 125587 140871 140879 128008
80394 251 414 4 125588 125589 125614 125593
80395 11889 11892 5 125590 125591 125903 125887 125888
80396 550 251 6 125593 125594 125621 125618 125617 125628
80397 311 199 3 125595 125596 125719
80398 148 84 7 125600 125601 126343 126213 125635 125636 125790
80399 744 493 5 125602 125603 129082 129084 129485
80400 691 493 6 125605 125602 128782 128781 127995 127996
80401 11203 11357 3 125606 125607 125886
80402 134 114 6 125609 125610 125631 125624 125625 125613
80403 251 599 5 125615 125616 125619 125629 125618
80404 251 586 4 125620 125621 125629 125622
80405 160 114 4 125630 125631 125632 125633
80406 148 81 3 125636 125637 125802
80407 504 623 4 125639 125640 126457 126455
80408 648 373 3 125641 125638 128232
80409 11888 148 5 125643 125644 126335 126341 126213
80410 164 114 5 125646 125647 125675 125673 125672
80411 11675 145 4 125648 125649 126329 144482
80412 41 11675 4 125648 125650 125715 144426
80413 11859 145 5 125649 125651 126207 126208 126330
80414 59 11561 3 125656 125657 144709
80415 59 11749 6 125657 125658 125666 125667 125737 143824
80416 11733 11838 5 125659 125660 141628 145954 125774
80417 11889 11838 6 125661 125659 125775 144792 125749 125731
80418 1063 1188 3 125663 125664 125846
80419 164 251 4 125669 125670 125671 125672
80420 164 11866 4 125674 125675 125676 125677
80421 10894 11159 4 125678 125679 143912 143858
80422 11160 11159 6 144769 143913 125679 125680 158761 -1
80423 11039 11080 8 125682 125683 148278 149457 148823 148814 147178 145164
80424 1383 1420 8 125685 125686 128090 139324 140891 128100 128101 140817
80425 1178 1420 5 125687 125685 140819 140888 140900
80426 1293 1420 4 125686 125687 140858 128092
80427 11414 11161 6 125688 125689 144259 128582 128580 128620
80428 11326 11161 6 125691 125688 145492 145493 145515 145514
80429 11326 11414 4 125688 125690 144546 145767
80430 11449 11161 3 125689 125691 144260
80431 79 170 4 125694 125693 125865 125864
80432 427 466 3 125699 125697 128494
80433 529 466 6 125698 125699 128512 128481 128482 128504
80434 11635 11875 5 125700 125701 144180 144181 144707
80435 11861 11708 4 125702 125703 144453 144463
80436 11861 11875 6 144396 144395 125703 125700 144708 -1
80437 11861 11635 4 125700 125702 144462 144685
80438 11708 11875 4 125701 125703 125748 125746
80439 11800 11875 5 125706 125704 125748 144395 144397
80440 11800 11843 4 125704 125705 126358 125747
80441 11159 11359 6 144769 144627 125709 125710 144730 -1
80442 11359 11278 5 125709 125711 144279 143644 143641
80443 11888 41 8 125716 125715 144428 145925 145819 126342 126341 125808
80444 419 478 4 125722 125723 125930 125972
80445 140 170 3 125726 125727 125733
80446 1145 933 6 125730 125728 126020 126023 126022 140659
80447 1173 933 4 125729 125730 140658 125967
80448 39 11889 6 125735 125734 125775 125834 125833 125844
80449 55 199 4 125738 125739 125741 125740
80450 1000 1023 4 125743 125744 127301 126140
80451 937 1023 10 125745 125743 126141 127012 127368 127351 127349 127348 127585 127216
80452 11708 11800 6 125747 125748 144453 144563 144800 144791
80453 252 84 3 125752 125753 125801
80454 201 29 4 125754 125751 125872 144793
80455 84 29 5 125752 125754 144702 125764 125763
80456 812 503 3 125758 125759 128478
80457 600 735 3 125760 125757 127239
80458 600 812 6 125757 125759 128502 127848 127847 127850
80459 39 201 6 125761 125762 125835 125834 144811 144952
80460 84 195 5 125763 125765 125790 125791 125801
80461 280 381 6 125773 125771 139288 138499 138498 143617
80462 85 381 3 125772 125773 143608
80463 39 11838 4 125775 125774 145938 144811
80464 26 22 4 125777 125778 144762 125780
80465 26 153 4 125779 125780 144728 144727
80466 66 141 7 125782 125783 143712 143713 143791 144339 143663
80467 270 141 3 125783 125784 143290
80468 270 66 6 125781 125783 143715 126283 126282 126250
80469 714 295 5 126241 125785 125786 126109 -1
80470 419 776 5 125787 125788 125929 125953 125980
80471 11472 11577 7 144411 144370 127051 127048 125794 125792 -1
80472 11472 11359 4 125792 125793 144424 -1
80473 11302 11193 8 125795 125796 145632 144562 144082 144083 144122 144120
80474 11302 11160 4 125796 125797 144447 145631
80475 11095 11193 8 125798 125795 143221 143220 143753 143787 143982 143885
80476 11095 11302 4 125795 125797 144386 144121
80477 11160 11193 4 125796 125798 143886 143972
80478 198 373 7 125799 125800 128124 128430 128429 128579 128562
80479 399 213 4 125805 125806 129123 129121
80480 335 213 6 125806 125807 128473 128474 128726 128729
80481 335 345 3 125807 125804 129397
80482 213 345 5 125805 125807 128963 128965 130141
80483 363 11888 3 125808 125809 126335
80484 145 417 7 125810 125811 143727 126729 126730 126476 126249
80485 593 261 4 125815 125814 126212 126211
80486 1347 1193 6 125818 125819 140827 141057 140785 139764
80487 1347 1087 3 125819 125820 140828
80488 1169 1087 5 125820 125821 126045 126047 140853
80489 1169 1193 3 125821 125818 127881
80490 1169 1347 7 125818 125820 141050 141039 141038 141049 139763
80491 845 734 5 125822 125823 125966 125977 125978
80492 776 734 6 125824 125822 125980 125979 127679 126029
80493 933 734 9 125823 125824 126030 127875 127813 127812 127815 140777 125967
80494 1128 933 4 125826 125827 125985 140822
80495 938 1128 6 125826 125828 126008 126007 126028 140684
80496 955 933 8 125827 125829 125927 125969 128240 127564 127563 125986
80497 201 11889 4 125832 125834 144792 125872
80498 556 845 5 125837 125838 126019 125977 125954
80499 289 398 5 125839 125840 128539 128360 128361
80500 476 398 4 125841 125839 128600 128578
80501 1279 1188 7 125846 125847 127944 128040 128168 128159 125946
80502 289 83 5 125848 125850 128314 128313 128360
80503 10791 10865 6 125852 125853 147750 148020 148205 147501
80504 10602 10865 4 125853 125854 147706 147708
80505 10865 10620 5 125852 125854 147834 147997 147502
80506 425 467 6 125861 125863 127409 127410 125890 125889
80507 10664 10817 6 125867 125868 143926 143611 143610 143874
80508 10568 10853 6 125869 125866 157213 158672 158765 143943
80509 10568 10664 6 125866 125868 143931 143930 158823 157212
80510 338 199 3 125874 125875 125970
80511 11893 40 4 125882 125883 130468 130471
80512 11893 11783 7 125880 125882 144955 144812 126598 126595 143766
80513 40 11813 6 125881 125883 145033 145034 148999 146246
80514 10184 10232 8 125891 125892 150600 150789 152340 152434 150737 149994
80515 10184 10508 7 125892 125893 150742 152407 152384 152382 150601
80516 10487 10232 5 125894 125891 149996 149998 146440
80517 10487 10184 3 125891 125893 149995
80518 10508 10232 3 125892 125894 146441
80519 10907 10969 4 125900 125901 149575 149243
80520 11170 10969 9 125901 125902 130386 130383 149105 147162 145443 145442 148831
80521 10969 10901 7 125900 125902 149209 149239 149224 149226 149237
80522 1122 1266 10 125906 125907 127999 128000 138587 129514 129515 138980 128273 128274
80523 1122 1063 7 125907 125905 128144 128145 129404 128266 128265
80524 1122 1246 3 125905 125906 138962
80525 1071 1126 4 125908 125909 128042 128147
80526 1071 1056 4 125909 125910 125918 128043
80527 955 1056 5 125910 125911 126123 126124 125919
80528 955 1126 5 125911 125908 128078 128079 127460
80529 955 1071 6 125908 125910 125917 127979 128105 128150
80530 1056 1126 7 125909 125911 126259 126260 127681 128176 128044
80531 1063 1270 5 125912 125913 128253 128264 128254
80532 932 1270 5 125913 125914 127886 127885 127892
80533 1270 1279 7 125912 125914 127952 127486 127485 127992 127991
80534 1101 971 7 125915 125916 128255 128286 128245 128244 125934
80535 1021 1056 8 125918 125919 127833 127836 127526 127527 127946 127945
80536 1021 955 4 125919 125917 127251 127248
80537 577 704 6 125921 125922 130066 130069 130085 130089
80538 577 444 3 125922 125920 130400
80539 571 847 5 125923 125924 128868 129503 129504
80540 758 732 3 125925 125926 129380
80541 758 571 4 125923 125925 130525 130422
80542 1647 1699 8 125936 125937 139406 128186 128184 140732 140836 127941
80543 1647 1899 4 125937 125938 139642 139407
80544 1882 1899 9 125938 125939 139509 140773 140657 139555 139554 139519 139518
80545 1882 1699 6 125939 125936 127943 140894 141123 139507
80546 1882 1647 5 125936 125938 139643 138438 127942
80547 1899 1699 6 125937 125939 139508 140997 140991 139408
80548 1625 1514 3 125940 125941 141673
80549 1539 1625 10 125940 125942 141524 143128 141601 141589 141588 141577 141576 141677
80550 1422 1393 6 125947 125948 140957 141009 141022 141023
80551 1305 1393 5 125950 125947 141074 127933 127932
80552 1305 1422 5 125947 125949 140724 139711 139710
80553 1341 1393 5 125948 125950 128181 128182 139503
80554 419 845 3 125953 125954 125978
80555 1677 1553 7 125955 125956 127558 127559 141028 127323 127321
80556 1677 1647 5 125956 125957 138438 139703 127802
80557 1829 1647 5 125957 125958 140973 127941 127942
80558 1829 1553 4 125958 125955 137957 137958
80559 1647 1553 5 125956 125958 141011 140927 127803
80560 1450 1275 6 125963 125964 139528 140776 141106 128116
80561 1193 1275 3 125965 125963 127937
80562 1126 1275 7 125964 125965 126085 126086 127682 127681 128177
80563 821 933 4 125969 125968 126030 127876
80564 338 419 3 125971 125972 125973
80565 11258 11424 5 125976 125974 144786 144740 144739
80566 11265 11424 5 125975 125976 144775 145423 144788
80567 734 714 8 125982 125984 127814 127815 140849 126219 126220 -1
80568 1086 933 6 125985 125986 128123 126223 126221 140820
80569 593 714 4 125989 125990 126109 -1
80570 1102 946 8 125991 125992 127896 127894 127610 127575 127401 127399
80571 1169 1102 3 125991 125993 127444
80572 1013 866 4 125997 125998 126025 126026
80573 1013 830 5 125998 125995 143223 126137 126139
80574 866 830 7 125996 125998 126206 126195 126194 127201 126161
80575 1128 1145 4 126000 126001 126028 140256
80576 1128 1234 6 126001 126002 128071 128214 126009 126007
80577 1354 1128 4 126000 126002 128070 140257
80578 616 642 4 126003 126004 143801 143744
80579 585 447 4 126005 126006 142188 126450
80580 585 642 7 126006 126003 142947 141401 141400 143086 142186
80581 447 642 5 126004 126006 142187 143676 143805
80582 1128 957 4 126008 126009 128095 126035
80583 888 954 7 126012 126013 126043 126041 127716 127149 127150
80584 888 1095 3 126013 126014 127828
80585 1056 1095 8 126014 126015 127417 127418 126260 126261 127211 127524
80586 1095 954 7 126013 126015 127619 127618 127872 127871 127829
80587 1087 1160 8 126018 126016 140757 140846 140848 140854 140853 140828
80588 1087 1161 4 126016 126017 126181 126222
80589 933 1171 7 126023 126021 127951 127950 140820 140822 140823
80590 933 1287 3 126021 126022 140686
80591 866 977 5 126025 126027 126175 126176 126206
80592 734 821 3 126029 126030 127678
80593 709 865 6 126034 126031 127759 127758 129619 129620
80594 709 924 3 126031 126033 128459
80595 799 865 4 126032 126034 129296 128415
80596 647 846 4 126037 126038 142221 155810
80597 696 647 4 126037 126039 155449 155992
80598 2169 846 5 126038 126040 142215 142214 142211
80599 954 870 3 126043 126044 127829
80600 954 812 6 126044 126041 127830 127844 127858 127871
80601 870 812 6 126042 126044 127862 127849 127818 126163
80602 429 438 5 126049 126050 126276 126277 126494
80603 429 307 7 126050 126051 126599 126600 126664 126584 126583
80604 307 438 4 126050 126052 126367 126428
80605 734 787 4 126056 126053 127813 127811
80606 734 648 6 126053 126055 128094 127679 127678 127875
80607 517 787 4 126054 126056 127521 127520
80608 1698 1672 8 126057 126058 139027 139045 138162 138161 139098 138873
80609 1698 1479 5 126058 126059 138834 138835 139023
80610 1425 1698 5 126057 126059 138934 138935 138874
80611 1479 1672 4 126058 126060 136663 138836
80612 701 898 3 126061 126062 126088
80613 1919 1901 6 126064 126065 140719 140718 140771 140867
80614 1919 1931 6 126065 126066 129070 136918 139635 140797
80615 1796 1931 5 126066 126067 139482 128218 128217
80616 1796 1901 8 126067 126064 140868 140976 140975 139146 139147 139480
80617 1796 1919 3 126064 126066 129069
80618 1931 1901 3 126065 126067 139481
80619 898 858 6 126068 126069 127866 127869 127706 126572
80620 916 934 5 126070 126071 127100 126082 126083
80621 916 898 8 126068 126070 126401 126400 127497 126087 126088 126573
80622 977 1087 3 126073 126074 140848
80623 714 1087 5 126074 126075 126125 126128 140846
80624 714 1010 4 126075 126072 126162 127788
80625 481 621 3 126077 126079 126129
80626 999 1060 8 126080 126081 127381 127332 127333 130977 127642 126985
80627 999 934 3 126081 126082 127099
80628 916 1060 4 126083 126080 126399 126401
80629 1204 1275 7 126084 126085 127937 128116 141037 127929 127578
80630 1102 1275 4 126086 126084 127579 127948
80631 916 702 4 126089 126087 127498 127633
80632 381 100 7 126092 126090 143772 143798 143790 143789 143767
80633 381 346 4 126090 126091 143340 143342
80634 1227 1398 5 126093 126094 127977 127978 128120
80635 1279 1398 4 126095 126093 128159 127798
80636 1112 1178 4 126097 126096 128068 128069
80637 715 783 6 126101 126102 127030 127031 142935 143158
80638 715 879 6 126102 126103 143424 126451 126452 142968
80639 1025 879 7 126103 126104 141653 143044 127160 127161 143366
80640 1025 783 5 126104 126101 142851 141153 141152
80641 1025 715 4 126101 126103 143431 143454
80642 879 783 3 126102 126104 141652
80643 600 433 3 126108 126107 126269
80644 1889 2070 5 126110 126111 141646 141648 141676
80645 1889 2028 6 126111 126112 141205 141204 141459 141599
80646 2029 2028 4 126112 126113 141423 141264
80647 2029 1889 7 126110 126112 141263 141504 141208 141207 141684
80648 2028 2070 8 126111 126113 139779 139780 127222 127221 141569 141649
80649 1067 1194 4 126118 126119 138929 128268
80650 486 433 5 126121 126122 126200 126201 126269
80651 486 362 5 126122 126120 126328 126549 126548
80652 907 714 6 126125 126126 127814 127873 127790 127788
80653 907 933 6 126126 126127 128123 127563 127561 127812
80654 1087 933 5 126127 126128 140757 126222 126223
80655 1087 907 6 126125 126127 127435 127436 127839 127810
80656 933 714 4 126126 126128 140845 127815
80657 644 517 3 126130 126131 126132
80658 1897 1791 6 126135 126136 127462 127463 139637 139636
80659 1897 1919 5 126136 126134 136918 139634 140805
80660 1897 1782 4 126134 126135 140909 136917
80661 593 1013 4 143222 126137 126138 -1
80662 2587 2926 6 126142 126143 140082 140617 140619 141387
80663 2926 2856 3 126142 126144 140122
80664 472 529 7 126146 126147 126503 127102 127103 128596 127624
80665 690 529 3 126147 126148 126504
80666 690 596 4 126148 126145 128476 128475
80667 1149 788 3 126149 126150 138253
80668 433 424 5 126155 126156 126255 126546 126200
80669 1731 1782 5 126158 126159 140931 140802 140707
80670 1731 1820 4 126159 126160 139579 140960
80671 1791 1731 6 126158 126160 139578 140936 140774 140708
80672 965 968 5 126165 126166 127499 127500 127503
80673 1060 968 5 126166 126167 126985 126399 126398
80674 1060 1175 8 126167 126164 126471 126472 127601 127600 137579 127642
80675 1060 965 5 126164 126166 127571 127741 127501
80676 968 1175 5 126165 126167 127641 130982 127504
80677 319 210 7 126168 126169 130467 130465 126914 126916 130569
80678 253 210 6 126171 126168 130570 130639 130616 130615
80679 253 319 4 126168 126170 130561 130560
80680 273 210 3 126169 126171 130618
80681 486 621 5 126173 126174 126271 126270 126201
80682 1477 1668 5 126178 126179 140712 140969 140951
80683 1726 1668 5 126179 126180 140903 140963 140713
80684 1726 1554 5 140690 140689 126180 126177 -1
80685 1668 1554 7 126178 126180 140902 140935 140933 140932 140946
80686 1160 1287 9 126183 126184 127495 127494 140856 140843 126214 126217 140686
80687 1145 1160 3 126183 126185 140659
80688 1245 1112 7 126186 126187 139522 140860 140866 128068 128066
80689 1245 1126 3 126187 126188 139523
80690 1321 1112 3 126189 126186 128093
80691 1321 1245 6 126186 126188 140859 141051 139219 139221
80692 451 601 6 126190 126191 143171 126800 126799 143500
80693 451 669 8 126191 126192 143276 142545 138274 138272 143462 143463
80694 579 669 6 126192 126193 141696 141694 143211 143274
80695 579 601 6 126193 126190 143207 143192 143187 143079
80696 579 451 3 126190 126192 143277
80697 669 601 3 126191 126193 143080
80698 197 41 4 126196 126197 128525 126473
80699 197 249 4 126197 126198 126502 128524
80700 228 197 7 126196 126198 126501 126237 126238 126682 126474
80701 249 41 6 126197 126199 126491 126344 126345 128526
80702 1271 1767 4 126203 126204 143397 -1
80703 1488 1767 7 126204 126205 140824 128388 128386 140744 141169
80704 1488 1995 3 126205 126202 141371
80705 1767 1995 5 126203 126205 141372 141444 -1
80706 11861 385 4 126209 126210 144343 144499
80707 11861 593 5 144344 126210 126211 143820 -1
80708 261 385 7 126212 126209 143760 132877 132879 143630 143440
80709 261 11861 7 126209 126211 143819 144168 144496 144497 144498
80710 1161 1171 6 126215 126216 140842 140871 140844 127950
80711 1287 1161 3 126214 126216 140841
80712 1171 1160 3 126215 126217 127951
80713 1173 714 3 126220 126218 -1
80714 1161 933 4 126221 126222 127949 127950
80715 708 816 6 126224 126225 143732 143446 127281 127264
80716 1116 1196 4 126226 126227 127215 127306
80717 1207 1141 4 126228 126229 127397 127396
80718 1141 1196 4 126227 126229 127204 127206
80719 1815 1841 4 126230 126231 139674 127705
80720 1757 1841 8 126231 126232 141026 127965 127964 139224 139753 139675
80721 1887 2011 4 126233 126234 131579 131333
80722 1887 1948 6 126234 126235 138027 131585 130042 130043
80723 1911 2011 6 126236 126233 131335 137876 137880 137878
80724 1911 1887 7 126233 126235 130049 130048 131489 131488 131334
80725 906 1022 6 126244 126245 141536 143247 143258 143259
80726 906 1156 4 126245 126246 143412 141537
80727 1121 1156 7 126246 126247 127154 127155 141640 141642 143208
80728 1121 906 4 126244 126246 143411 143367
80729 1156 1022 3 126245 126247 141538
80730 363 148 7 126253 126254 126551 126354 126335 126268 126267
80731 269 504 4 126256 126258 128484 128419
80732 624 924 6 126263 126264 129518 129737 130875 129693
80733 295 148 3 126265 126266 126267
80734 705 486 5 126271 126272 127166 126279 126273
80735 593 447 4 126278 126280 143707 143539
80736 66 100 8 126283 126281 144052 144382 144379 143791 143790 143799
80737 66 346 4 126281 126282 143705 144051
80738 353 261 5 126284 126285 143160 143161 143630
80739 425 503 4 126286 126287 127410 126641
80740 1025 1410 3 126289 126290 143416
80741 1025 1406 8 126290 126291 141731 143420 126464 126465 143427 143422
80742 1156 1406 3 126291 126292 141572
80743 1156 1025 8 126289 126291 141730 127171 127170 143208 143412 143415
80744 1406 1410 6 126290 126292 140915 140914 141186 141183
80745 695 1271 3 126294 126295 127234
80746 695 820 5 126295 126296 143575 138224 138222
80747 626 820 6 126296 126297 143256 143376 143380 143381
80748 626 1271 7 143396 143255 126297 126294 127236 129986 -1
80749 626 695 7 126294 126296 143579 143578 141146 141147 127235
80750 820 1271 7 126295 126297 127228 126711 126710 141491 141529
80751 11450 11610 3 126298 126299 130605
80752 11829 11610 5 126299 126300 146213 128632 128633
80753 38 11783 4 126306 126307 126596 126598
80754 11127 11221 4 126309 126310 144705 145224
80755 11654 11838 4 126311 126312 144367 144789
80756 11105 11159 8 126314 126315 126425 144341 143912 143913 144627 127220
80757 10964 11159 5 126315 126316 145220 145219 126427
80758 10964 11262 5 126316 126313 144528 128498 128499
80759 10964 11105 4 126313 126315 126426 144526
80760 58 83 4 126320 126317 128688 128686
80761 58 11774 5 126317 126319 144983 145003 145014
80762 77 11861 5 126324 126321 143489 144168 144169
80763 77 11820 4 126321 126323 144451 143488
80764 11859 11861 5 126322 126324 144126 144128 143796
80765 145 11820 6 126325 126326 144451 126330 126329 144481
80766 362 363 5 126333 126334 126551 126550 126547
80767 504 338 3 126338 126339 128484
80768 41 84 4 126342 126343 126345 145818
80769 148 41 5 126341 126343 126344 126490 126354
80770 11836 11717 8 126346 126347 145997 145995 145019 145022 128892 128893
80771 11836 168 5 126347 126348 128643 128641 148878
80772 113 168 8 126348 126349 128857 128594 127749 127750 128674 128675
80773 113 11717 4 126349 126346 149014 149013
80774 113 11836 3 126346 126348 146173
80775 127 273 5 126351 126352 128664 128545 128544
80776 273 193 6 126351 126353 128663 128662 129994 128549
80777 11559 11318 6 126355 126356 145053 145178 145181 128679
80778 11559 11349 4 126356 126357 145121 145054
80779 11838 11843 5 126358 126359 144635 144636 144790
80780 11790 11806 7 126362 126363 130298 149487 130350 129988 129989
80781 11790 119 5 126363 126364 146135 146136 130297
80782 146 11790 4 126362 126364 146457 146409
80783 119 11806 8 126363 126365 129088 130509 130510 131000 149032 130299
80784 438 382 4 126366 126367 126429 126587
80785 362 41 6 126368 126369 126396 126550 126490 126491
80786 1539 1066 4 126372 126370 141651 143321
80787 523 381 6 126373 126374 141637 126543 126544 127185
80788 523 536 3 126374 126375 127163
80789 462 381 5 126376 126373 127187 138497 138499
80790 1767 1606 4 126379 126377 127314 127316
80791 11630 11798 4 126380 126381 143595 143593
80792 11630 85 5 126381 126382 144015 144017 144018
80793 117 11630 5 126380 126382 126534 126531 144075
80794 85 11798 6 126381 126383 143512 143511 144309 144042
80795 11837 63 6 126384 126385 143807 143526 143524 144336
80796 11837 445 6 143811 143808 126385 126386 143962 -1
80797 266 445 6 126386 126387 143507 143584 143768 143963
80798 266 63 6 126387 126384 144337 143770 143647 143505
80799 266 11837 3 126384 126386 143961
80800 445 63 3 126385 126387 143506
80801 11210 11350 6 126390 126391 149634 148744 148745 148826
80802 11210 11170 5 126391 126388 128937 128935 149274
80803 11210 11216 5 126388 126390 149069 127061 127060
80804 11575 11284 7 126392 126393 145883 144419 144420 145932 145920
80805 11575 11531 5 126393 126394 144549 144543 144544
80806 11637 11531 5 126394 126395 144171 144170 144394
80807 11637 11284 4 126395 126392 145916 145913
80808 11531 11284 5 126393 126395 145914 145911 145910
80809 362 424 5 126396 126397 126548 126546 126547
80810 968 916 7 126399 126400 127500 127631 127615 127613 126986
80811 898 968 3 126398 126400 127499
80812 10215 10118 4 126404 126405 153694 152586
80813 9974 10172 3 126406 126407 153705
80814 9974 10118 8 126407 126404 152588 152908 153701 153747 152883 152882
80815 11045 11137 9 126408 126409 146948 153785 153783 156472 156450 146054 146055
80816 11406 11137 5 126411 126408 156417 156430 145686
80817 11406 11045 4 126408 126410 144273 147021
80818 11088 11137 3 126409 126411 145687
80819 999 1054 6 126414 126415 138459 130986 130979 127402
80820 10975 10704 9 143372 143375 143818 143816 143983 126418 126419 143687 -1
80821 124 212 6 126421 126420 126683 126684 126884 126886
80822 326 490 5 126422 126423 143090 126538 126539
80823 327 490 3 126423 126424 141645
80824 490 462 8 126422 126424 141644 137429 137430 127254 127253 143218
80825 11105 10829 6 126425 126426 144060 144058 144085 144086
80826 11159 10829 4 126427 126425 144342 158937
80827 10964 10829 4 126426 126427 158936 144592
80828 471 307 4 126430 126428 126583 126498
80829 11864 186 5 126431 126432 148833 149305 146339
80830 11864 106 5 126432 126433 146333 146335 148834
80831 11794 106 4 126433 126434 130365 149415
80832 11794 11864 8 126431 126433 149464 148282 148281 149390 145239 145238
80833 106 186 6 126432 126434 130364 131724 130000 130002
80834 128 297 7 126436 126437 126996 128739 130636 126929 126748
80835 128 397 3 126437 126435 126919
80836 703 503 4 126438 126439 127093 127238
80837 537 703 6 126438 126440 127283 127240 127242 127237
80838 11696 11783 7 126441 126442 145061 149093 143765 126595 126596
80839 11696 11523 7 126442 126443 128421 145544 145908 149135 145060
80840 17 11523 5 126443 126444 146115 146005 128422
80841 11523 11783 4 126442 126444 145024 145023
80842 11555 11448 4 126445 126446 126849 145099
80843 11407 11636 3 126447 126448 144919
80844 585 346 5 126449 126450 143341 143340 143392
80845 771 699 6 126453 126454 141639 142120 139384 127270
80846 699 879 3 126452 126454 141638
80847 504 466 6 126455 126456 128512 128494 128493 128230
80848 596 466 3 126456 126458 128481
80849 447 508 7 126461 126462 126485 126484 143803 143676 143332
80850 1025 1085 9 126463 126464 143419 143407 143338 143339 127175 127176 127161
80851 1054 1406 5 126465 126466 138406 138401 138403
80852 1054 1025 4 126463 126465 143045 127160
80853 1406 1085 5 126464 126466 138456 138455 138493
80854 698 508 6 126467 126468 142967 126653 126652 126627
80855 600 382 3 126478 126479 126554
80856 831 703 8 126482 126480 127364 127246 127245 127241 127240 127286
80857 789 703 3 126481 126482 127268
80858 508 703 3 126485 126483 127259
80859 508 708 7 126483 126484 143802 143439 126650 126652 127267
80860 148 362 3 126490 126492 126551
80861 382 503 6 126495 126496 126566 126554 126553 126587
80862 698 649 7 126499 126500 127289 127193 126877 126876 127130
80863 237 197 6 126501 126502 144477 128666 128577 126731
80864 436 429 5 126506 126505 126571 126636 126635
80865 315 429 4 126509 126510 126571 126569
80866 244 436 5 126513 126514 126771 126769 126671
80867 427 74 5 126518 126519 128710 128595 126557
80868 152 309 5 126520 126521 142918 142917 126523
80869 680 976 5 126524 126525 126754 126762 127721
80870 680 965 3 126525 126526 126755
80871 898 965 6 126526 126527 127571 127499 127497 127496
80872 898 976 4 126527 126524 127666 127667
80873 965 976 6 126525 126527 127741 127740 138888 126756
80874 11150 11057 4 126528 126529 128877 128878
80875 11039 11057 7 126530 126528 145164 147177 148699 145172 145171
80876 11770 11630 3 126531 126532 144061
80877 11770 11634 6 126532 126533 144049 144047 145326 144062
80878 117 11634 4 126533 126534 144016 144356
80879 11634 11630 7 126532 126534 144015 143359 143358 144053 144063
80880 523 642 6 126535 126536 143252 141449 141450 143086
80881 699 642 6 126537 126535 141400 127188 127190 127270
80882 715 642 4 126536 126537 127269 139380
80883 309 326 6 126538 126540 143721 143582 143136 143135
80884 523 585 5 126542 126543 141636 143728 143086
80885 431 381 5 126544 126545 143342 143772 127186
80886 431 585 5 126545 126542 142186 142188 143341
80887 427 472 5 126556 126557 127624 127625 128448
80888 472 74 5 126555 126557 128596 126680 126679
80889 537 751 5 126559 126558 127242 127243 127299
80890 488 675 5 126561 126562 130105 130106 130191
80891 675 658 4 126561 126563 130075 130076
80892 11636 11655 5 126564 126565 144585 145825 145055
80893 244 149 4 126568 126567 126942 126864
80894 315 436 6 126570 126571 126672 126671 126872 126753
80895 1003 1054 7 126576 126577 127104 127088 127089 138403 143045
80896 1003 883 7 126577 126575 131041 127331 127327 127087 127086
80897 1003 879 4 126575 126576 143044 131040
80898 159 244 6 126578 126579 127074 126864 126858 126702
80899 253 349 3 126580 126581 126609
80900 417 429 4 126584 126585 127133 126665
80901 841 829 8 126588 126589 134668 129773 129771 130120 130060 130062
80902 509 507 8 126591 126592 127111 127113 126959 126957 130991 127123
80903 275 509 3 126590 126592 126629
80904 507 339 4 126591 126593 126620 126622
80905 11893 38 6 126597 126598 128542 128543 128522 128523
80906 1071 1170 4 126602 126603 128140 128141
80907 1192 1083 4 126604 126601 128221 128251
80908 1192 1071 5 126601 126603 128139 128147 128150
80909 1323 1337 7 126605 126606 130530 138871 138893 138895 138621
80910 1323 1358 4 126606 126607 129462 130531
80911 1482 1337 4 126608 126605 129159 129161
80912 1482 1323 6 126605 126607 129461 136342 136344 137187
80913 1358 1337 7 126606 126608 130772 137730 127696 127695 129513
80914 273 212 4 126610 126611 128664 126910
80915 426 436 5 126613 126614 126753 126928 126638
80916 426 425 5 126614 126612 128237 126767 126752
80917 908 671 7 126616 126617 130738 130053 130052 130807 130806
80918 908 666 7 126617 126618 130786 130870 130876 130865 130739
80919 661 666 8 126618 126619 130334 130333 130362 127106 127105 129805
80920 661 908 5 126616 126618 130787 130862 130887
80921 666 671 7 126617 126619 130684 130757 130756 129762 129761
80922 339 404 3 126620 126621 126973
80923 507 397 4 126622 126623 130724 127123
80924 126 11882 4 126624 126625 130544 129250
80925 126 15 6 126625 126626 149028 130419 130420 130545
80926 11781 126 8 126624 126626 149078 149060 149061 129582 129581 129249
80927 1608 1401 6 126630 126631 129500 136453 136452 138776
80928 1608 1392 4 126631 126632 127785 129501
80929 1496 1392 5 126632 126633 138703 136655 127787
80930 1496 1608 6 126630 126632 127786 139127 139024 138882
80931 663 680 7 126647 126648 128431 128447 128426 128427 128438
80932 663 858 3 126648 126649 128432
80933 812 663 10 126647 126649 128433 128478 128502 128508 128310 128312 128434 128479
80934 708 698 6 126651 126652 127285 127289 127292 127210
80935 508 771 3 126653 126650 142966
80936 1355 1358 6 126655 126656 138982 129462 128250 128248
80937 1266 1358 7 126656 126657 138528 127425 127427 127695 129515
80938 1266 1378 8 126657 126654 128273 128272 129393 138662 139282 138946
80939 1266 1355 3 126654 126656 138980
80940 1358 1378 6 126655 126657 128059 128058 139114 138942
80941 494 514 7 126658 126659 130637 130769 130761 130763 131078
80942 494 306 4 126659 126660 130748 130638
80943 210 514 4 126661 126658 130505 130506
80944 210 494 8 126658 126660 130741 130740 126914 126772 126774 131076
80945 403 307 4 126662 126663 126664 126674
80946 10693 10947 6 126666 126667 147324 156399 156397 156333
80947 10842 10947 6 126667 126668 130797 130796 147124 147123
80948 10947 10753 4 126666 126668 146726 146725
80949 152 403 4 126673 126674 126675 126820
80950 11441 11765 3 126677 126678 142943
80951 11441 11741 5 126678 126676 146359 146360 146311
80952 11441 11514 5 126676 126677 142942 145475 145474
80953 1938 7 3 126685 126686 155223
80954 11712 87 3 126690 126688 128555
80955 11795 193 3 126692 126693 127654
80956 14 193 7 126694 126692 128713 128711 128705 128586 128584
80957 1598 1566 8 126696 126697 136995 136996 137539 137252 137253 137644
80958 1577 1566 8 126697 126698 136433 132339 132075 129140 129143 129910
80959 624 506 5 126703 126704 129561 129563 129644
80960 865 818 7 126706 126707 129699 129587 129586 129554 129556
80961 865 1011 7 126707 126708 138695 138926 129647 129128 129129
80962 926 1011 4 126708 126709 128852 129613
80963 926 865 6 126706 126708 138694 128413 128415 129295
80964 1011 818 6 126707 126709 128851 129276 129275 129698
80965 1271 1163 5 126711 126712 127793 127792 127229
80966 1014 1163 5 126712 126713 128845 128847 141603
80967 1014 820 7 126713 126710 141492 143104 143103 143262 143237
80968 525 323 5 126714 126715 129568 128607 127986
80969 461 195 4 126717 126718 127922 128436
80970 688 648 3 126724 126722 127405
80971 542 680 7 126725 126726 126739 126742 127604 127602 128447
80972 32 417 3 126728 126729 143719
80973 417 270 4 126728 126730 138296 143720
80974 264 37 5 126732 126733 131771 131779 146043
80975 264 267 7 126733 126734 131166 131169 129197 129196 131770
80976 187 37 4 126735 126732 146651 138300
80977 187 264 7 126732 126734 131165 131747 131746 146171 146170
80978 267 37 5 126733 126735 138299 131271 131270
80979 680 980 5 126736 126737 128137 127739 127721
80980 687 542 4 126739 126740 126760 128424
80981 680 643 3 126741 126742 128125
80982 11659 11787 8 126743 126744 156147 142540 142541 155549 155550 146593
80983 11169 11787 3 126745 126743 146595
80984 11443 11787 6 126744 126745 156188 156283 146526 146525
80985 163 244 7 126746 126747 126940 126942 127074 127072 127066
80986 128 244 5 126747 126748 126930 126935 126941
80987 244 297 5 126746 126748 126912 126913 126956
80988 482 612 3 126749 126750 128817
80989 482 557 7 126750 126751 126932 126931 130823 130821 131013
80990 965 702 8 126755 126756 138889 130789 129803 127661 127498 127496
80991 702 976 6 126754 126756 127821 127822 128366 126763
80992 10874 11112 10 126757 126758 145256 145258 145266 145233 145234 145235 144673 144553
80993 10874 11062 4 126758 126759 144818 145257
80994 11617 11712 7 126765 126766 145952 144670 144668 145117 144787
80995 39 11617 3 126764 126766 145951
80996 400 436 4 126769 126770 126928 126872
80997 507 400 6 126768 126770 126927 126908 126905 126897
80998 494 528 5 126773 126774 131077 130763 130762
80999 210 528 5 126774 126775 130654 126883 126882
81000 210 502 4 126775 126772 126916 130613
81001 694 649 5 126776 126777 127294 126852 126851
81002 10327 10227 6 126780 126781 144374 144375 143840 143841
81003 10327 10187 5 126781 126782 145346 145349 158555
81004 10088 10187 4 126782 126783 158726 158489
81005 10088 10227 5 126783 126780 158721 158720 158724
81006 10088 10327 4 126780 126782 158488 158492
81007 11665 11414 5 126788 126789 145939 145909 144925
81008 11665 11656 6 126789 126787 128630 145755 145838 145921
81009 11414 11479 7 126790 126791 144173 145939 144853 144855 145760
81010 11310 11407 5 126792 126793 145974 145866 145831
81011 11310 11479 7 126793 126790 144579 144577 144569 144566 145990
81012 11310 11414 3 126790 126792 145761
81013 11407 11479 5 126791 126793 145989 126832 126831
81014 638 459 6 126794 126795 143389 131025 131023 142925
81015 397 564 8 126796 126797 130718 130719 130723 130724 130766 130768
81016 397 459 8 126797 126794 142926 143051 141562 141561 141528 141527
81017 564 459 3 126795 126797 142912
81018 601 177 5 126801 126799 143037 143034 143634
81019 831 735 3 126802 126803 127245
81020 428 156 9 126804 126805 130670 130671 130702 130504 128720 128719 130463
81021 428 119 4 126805 126806 130677 130674
81022 291 119 5 126806 126807 130016 130015 131674
81023 291 156 4 126807 126804 130300 130302
81024 291 428 7 126804 126806 131672 130377 130376 129722 129719
81025 119 156 8 126805 126807 130423 130424 131001 130510 130511 130673
81026 11688 11880 4 126808 126809 145589 145659
81027 11688 6 7 126809 126810 146031 146033 156208 142853 142856
81028 11410 6 3 126810 126811 143550
81029 11410 11880 7 126811 126808 145661 144227 144226 144287 143548
81030 11410 11688 5 126808 126810 146032 146021 145660
81031 6 11880 7 126809 126811 143549 144232 144285 146022 145590
81032 854 749 5 126812 126813 130905 130721 127108
81033 1110 788 4 126814 126815 130629 130627
81034 1110 749 4 126815 126812 127110 130803
81035 212 4 5 126817 126818 126878 126881 126841
81036 11825 4 5 126818 126819 145756 145757 126880
81037 11825 212 4 126816 126818 126879 126884
81038 1201 1372 5 126821 126822 129922 130040 131272
81039 1201 1268 7 126822 126823 131518 131566 131562 131248 129921
81040 1442 1268 3 126823 126824 131147
81041 1442 1372 8 126824 126821 131467 137810 138068 135901 129416 129417
81042 1442 1201 7 126821 126823 131517 131561 134617 132269 131466
81043 11795 11633 4 126825 126826 145091 145092
81044 11795 11762 7 126826 126827 145140 144889 144890 144929 144930
81045 11517 11795 4 126825 126827 145051 145052
81046 11656 11650 5 126829 126830 128628 145839 145838
81047 11479 11650 7 126832 126829 126837 126838 144567 144566 145991
81048 11479 11656 4 126829 126831 144173 145921
81049 11407 11650 3 126830 126832 128629
81050 398 529 6 126834 126835 128598 128578 128540 128417
81051 11665 11650 6 126836 126837 145838 144742 144743 126920
81052 11534 11650 6 126838 126836 126922 143956 144072 145536
81053 11551 11580 4 126839 126840 128750 128651
81054 127 212 5 126841 126842 128664 128665 128671
81055 127 38 4 126842 126843 128522 128545
81056 4 127 6 126841 126843 128330 128328 145945 128672
81057 329 506 4 126844 126845 130614 126976
81058 11696 11448 6 126849 126850 144507 144506 149133 145908
81059 11636 11696 4 126848 126850 145018 144979
81060 666 400 3 126853 126854 130019
81061 702 400 5 126855 126853 126906 126908 126925
81062 513 400 6 126854 126855 126875 126874 127506 128614
81063 162 11794 5 126860 126861 130557 145089 149011
81064 216 126 5 126862 126859 128602 128604 129497
81065 216 162 4 126859 126861 129234 129233
81066 11794 126 7 126860 126862 129498 129580 129582 149525 149050
81067 159 149 3 126863 126864 127052
81068 1059 1070 4 126865 126866 129605 129607
81069 905 987 7 126867 126868 131577 130659 130660 131715 129894
81070 987 1044 6 126867 126869 136551 131575 131574 129895
81071 426 400 6 126873 126875 126925 126927 126928 126895
81072 11885 204 3 126889 126890 143698
81073 210 11885 5 126888 126890 145030 131492 130379
81074 74 154 6 126891 126893 128710 128706 128704 128703
81075 87 14 4 126892 126894 144852 128517
81076 404 400 4 126896 126897 129712 126955
81077 1394 1378 5 126898 126899 128059 138946 139276
81078 163 339 3 126901 126902 143531
81079 397 275 3 126903 126904 126974
81080 502 400 7 126905 126906 130019 128614 128613 130342 129712
81081 502 702 4 126906 126907 130687 130018
81082 273 38 4 126909 126910 128545 128543
81083 253 297 5 126911 126912 126929 130570 130560
81084 297 400 5 126911 126913 126955 130342 130341
81085 494 319 5 126914 126915 130751 130753 130743
81086 502 319 5 126915 126916 130340 128613 128612
81087 299 163 3 126917 126918 131008
81088 11575 11534 8 126921 126922 143460 143461 145926 145927 145896 145897
81089 11575 11650 5 126922 126920 145905 126948 126946
81090 11575 11665 4 126920 126921 145933 145904
81091 104 267 6 126923 126924 130973 131129 131271 129741
81092 253 128 4 126929 126930 126934 130639
81093 557 241 4 126933 126931 131015 131074
81094 11367 11338 9 126936 126937 142882 146309 146307 146546 146396 146395 147302
81095 11367 11579 5 126937 126938 143030 146554 142883
81096 11533 11579 8 126938 126939 146739 145740 145742 146066 131084 131085
81097 11533 11338 4 126939 126936 147301 146757
81098 11533 11367 5 126936 126938 143031 146555 147297
81099 667 807 7 126944 126945 142863 130999 129634 129633 126995
81100 667 1132 3 126945 126943 142436
81101 667 788 5 126943 126944 126994 131179 142435
81102 11880 11650 7 126946 126947 144225 144226 144288 144071 143956
81103 11825 11650 7 126947 126948 144745 144742 145839 145981 145983
81104 420 459 4 126950 126951 142926 142925
81105 297 528 5 126952 126954 130710 130654 129026
81106 509 717 6 126957 126958 127131 127124 127125 130992
81107 1048 1140 4 126960 126961 136502 137079
81108 1048 1068 5 126961 126962 130954 136658 136503
81109 1152 1068 7 126962 126963 138005 138217 130985 127273 127271
81110 1152 1140 7 126963 126960 127646 127645 138159 136622 136624
81111 1152 1048 4 126960 126962 130953 138156
81112 528 948 6 126965 126964 130704 127078 127080 130944
81113 671 399 7 126966 126967 129591 130758 130756 130760 129780
81114 671 428 3 126967 126968 129592
81115 669 1159 5 126969 126970 143042 130935 130936
81116 669 1014 5 126970 126971 143193 143076 143074
81117 960 1014 5 126971 126972 132591 132592 142710
81118 960 1159 6 126972 126969 142663 142835 142627 142626
81119 329 284 4 126975 126976 130612 130611
81120 273 284 4 126977 126975 129996 128662
81121 60 11825 4 126981 126982 142904 126984
81122 11303 11117 6 126987 126988 144277 144211 126997 126998
81123 10999 11117 6 126989 126987 143551 143991 143990 144031
81124 11194 11117 6 126988 126989 144032 152912 147338 144278
81125 130 245 7 126991 126992 127003 127002 127025 127068 127067
81126 280 245 9 126992 126993 127040 127043 143169 142822 142821 143078 143686
81127 280 247 4 126993 126990 143673 127045
81128 280 130 3 126990 126992 143672
81129 245 247 4 126991 126993 127044 127047
81130 720 667 5 126995 126994 131181 131185 131410
81131 11222 11117 4 126998 126999 144196 143551
81132 11798 130 4 127001 127002 127024 145017
81133 245 117 4 127003 127000 143689 143686
81134 245 11798 6 127000 127002 127023 130587 130586 143512
81135 130 117 6 127001 127003 143672 143671 144099 144217
81136 11167 11227 6 127004 127005 147096 147090 147091 147273
81137 11167 11245 4 127005 127006 143986 146063
81138 11116 11245 7 127006 127007 146992 145882 145876 145274 143987
81139 11116 11227 4 127007 127004 130620 130622
81140 11116 11167 5 127004 127006 143985 147074 147075
81141 11245 11227 6 127005 127007 146253 146254 146394 147230
81142 1810 2072 4 127009 127010 135825 136787
81143 1989 2072 4 127010 127011 136607 135826
81144 1989 1792 4 127011 127008 137765 137791
81145 1989 1810 6 127008 127010 127121 127122 131464 131465
81146 2072 1792 5 127009 127011 137792 137793 137194
81147 1865 1893 7 127013 127014 129873 139810 139870 138011 136675
81148 1546 1893 3 127014 127015 129874
81149 11763 11748 4 127016 127017 143883 144241
81150 11763 11566 6 127017 127018 144377 144102 144103 143882
81151 11797 11566 6 127018 127019 143561 143552 143553 144299
81152 11797 11763 5 127016 127018 144117 144011 144010
81153 11566 11748 5 127017 127019 143559 144223 143884
81154 11447 11303 5 127020 127021 144282 144276 144277
81155 11447 11379 5 127021 127022 144131 144132 144257
81156 11316 11447 8 127020 127022 143785 143786 144041 142996 142427 142429
81157 11851 11798 6 127023 127024 144434 143938 143533 143534
81158 245 11851 4 127023 127025 143685 143684
81159 638 669 4 127026 127027 141497 141498
81160 638 700 7 127027 127028 143069 143071 143072 142920 142921
81161 1105 700 3 127028 127029 143070
81162 1105 669 4 127029 127026 143194 143193
81163 1105 638 6 127026 127028 141565 141564 143364 143363
81164 700 669 8 127027 127029 143076 141695 141696 143080 143463 143402
81165 906 699 5 127032 127033 142119 141639 141638
81166 906 715 3 127030 127032 142968
81167 699 783 6 127031 127033 143390 143570 143058 142936
81168 1498 1394 4 127034 127035 127651 127934
81169 1498 1311 6 127035 127036 139718 141005 140959 127652
81170 1478 1311 4 127036 127037 127987 127989
81171 1478 1394 5 127037 127034 128084 138435 128050
81172 1311 1394 5 127035 127037 127608 127605 127653
81173 304 280 8 127040 127041 138500 138498 143619 143620 143674 127045
81174 304 420 5 127041 127042 127046 127070 142930
81175 245 304 3 127040 127042 127044
81176 420 280 4 127041 127043 143168 143288
81177 420 247 5 127047 127046 127071 143515 127101
81178 11290 11302 6 127049 127050 144386 144447 145277 144508
81179 11472 11302 7 127050 127051 144215 143659 143661 144120 144121
81180 11472 11290 4 127048 127050 144385 144452
81181 11302 11577 5 127049 127051 144371 144967 144510
81182 163 159 5 127052 127053 142815 127073 127074
81183 11835 11807 6 127054 127055 130361 146097 146188 146142
81184 11807 11621 7 127054 127056 146648 146320 146317 146125 146126
81185 11765 115 4 127058 127059 146216 145770
81186 11427 11674 4 127063 127064 146305 146419
81187 11564 11396 7 127065 127062 146490 146489 154929 146393 146390
81188 11564 11427 7 127062 127064 146304 131110 131109 146421 146835
81189 11674 11396 4 127063 127065 131760 131761
81190 245 374 4 127068 127069 138135 143685
81191 948 612 3 127078 127079 130703
81192 948 897 8 127079 127080 130943 130945 129889 129891 130658 130656
81193 528 897 3 127080 127081 130653
81194 1535 1450 8 127082 127083 141112 141081 141070 141069 141047 140835
81195 1535 1527 4 127083 127084 141086 141115
81196 1647 1450 3 127085 127082 140732
81197 1647 1535 6 127082 127084 141085 141011 140973 140836
81198 1527 1450 9 127083 127085 139670 139372 128054 128053 138430 140911 141117
81199 952 1023 3 127092 127090 127174
81200 851 830 3 127094 127095 143285
81201 11231 11369 6 127096 127097 131751 149438 149404 149405
81202 666 717 4 127106 127107 130749 130698
81203 802 854 5 127108 127109 130655 130657 130722
81204 509 436 3 127112 127113 127114
81205 1560 1757 4 127115 127116 139612 139613
81206 1560 1879 4 127116 127117 140778 141067
81207 1857 1757 5 127118 127115 139761 139762 139768
81208 1857 1560 8 127115 127117 140779 127320 127322 140883 140948 140980
81209 1879 1757 8 127116 127118 138192 138189 127965 127967 139676 140985
81210 2105 2014 6 127119 127120 132471 137817 136619 136620
81211 2105 1810 5 127120 127121 135825 133192 132472
81212 1989 2014 6 127122 127119 137192 135686 135685 137821
81213 1989 2105 5 127119 127121 135826 136605 137191
81214 1810 2014 6 127120 127122 137822 136547 136519 132473
81215 11649 11342 6 127127 127128 150482 150481 131914 131912
81216 11582 11342 6 127128 127129 147561 134248 134246 154936
81217 11582 11852 4 127129 127126 146471 146470
81218 11582 11649 5 127126 127128 130536 130535 150434
81219 509 649 3 127130 127131 127132
81220 533 468 8 127134 127135 143296 143140 143139 143123 143122 131016
81221 667 603 4 127136 127137 132637 132636
81222 667 533 4 127134 127136 143137 131017
81223 603 468 6 127135 127137 142911 142885 142884 143253
81224 610 720 5 127139 127140 131183 130917 130916
81225 879 906 7 127141 127142 141638 142968 141652 141653 131040
81226 883 906 4 127144 127141 131041 141126
81227 771 906 5 127142 127144 143199 142118 141639
81228 1860 2303 6 127145 127146 141121 139730 139731 -1
81229 2558 2303 8 140525 140524 140748 140768 140751 127148 127145 -1
81230 2558 1860 6 127145 127147 141176 140070 140067 -1
81231 2173 2303 3 127146 127148 140752
81232 888 1021 5 127150 127151 127250 127248 127833
81233 932 954 6 127152 127149 127718 127844 127859 127885
81234 932 888 4 127149 127151 127835 127717
81235 1021 954 4 127150 127152 127884 127836
81236 1373 1156 6 127153 127154 141538 141537 143415 138409
81237 1116 934 4 127157 127158 127305 127215
81238 1023 1141 3 127159 127156 127406
81239 934 1141 6 127157 127159 127407 127466 127207 127206
81240 523 668 5 127163 127164 127208 141636 141637
81241 1863 2257 5 127167 127168 141871 141656 141654
81242 2073 2257 10 127169 127167 141338 141160 139833 139832 140036 141377 141785 141859
81243 2143 2257 3 127168 127169 141858
81244 1025 1197 4 127171 127172 143338 143406
81245 1105 1197 7 127172 127173 138468 130444 130442 131279 138418
81246 1105 1156 5 127173 127170 141642 141641 138482
81247 1105 1025 7 127170 127172 143339 143398 141564 141566 143209
81248 1197 1156 3 127171 127173 138483
81249 1025 731 5 127176 127177 138295 143431 143366
81250 833 1085 8 127178 127175 138417 138419 138454 130903 130902 127394
81251 833 1025 4 127175 127177 138294 143398
81252 2944 3018 5 127180 127181 140628 140578 127312
81253 789 1032 5 127182 127183 127326 127328 127371
81254 642 837 3 127188 127189 141401
81255 699 851 3 127190 127191 139384
81256 699 837 8 127191 127188 141402 143569 143568 143390 142119 142120
81257 831 649 3 127192 127193 127293
81258 1060 1256 5 127194 127195 127333 130978 127600
81259 1868 1742 3 127198 127199 141143
81260 2084 1995 5 127200 127197 141318 141381 141437
81261 2084 1868 6 127197 127199 141155 141773 141732 141316
81262 934 1281 4 127205 127207 127592 127508
81263 708 789 7 127209 127210 127287 127268 127265 127264 127282
81264 1671 1530 7 127213 127214 131315 137642 137414 130929 130927
81265 1023 866 3 127216 127217 127551
81266 2070 2084 3 127222 127223 139677
81267 2073 2084 6 127223 127224 141568 141539 137409 137408
81268 2073 2028 3 127224 127221 141567
81269 2073 2070 12 127221 127223 139678 139781 141422 141158 141160 141337 141670 141648 141578 141570
81270 2084 2028 5 127222 127224 127446 127448 141148
81271 1839 1571 5 127226 127227 138393 138214 138213
81272 1271 1139 5 127228 127229 140386 140387 143255
81273 2716 2763 4 127230 127231 140088 139585
81274 446 771 3 127232 127233 143482
81275 1022 626 3 127235 127236 129987
81276 1022 695 6 127234 127235 143441 143445 138223 138222
81277 703 735 7 127237 127238 127239 127851 127247 127245 127244
81278 703 751 3 127241 127242 127244
81279 537 831 3 127243 127240 127288
81280 703 934 6 127246 127247 127852 127465 127367 127363
81281 888 821 5 127249 127250 127835 127453 127452
81282 523 490 4 127252 127253 143737 143252
81283 1381 1101 6 127257 127258 128290 128281 128280 138944
81284 1385 1337 4 127261 127262 129159 138621
81285 1533 1337 5 127262 127263 138832 130772 129161
81286 1337 1312 7 127261 127263 136672 127752 127751 137633 138895
81287 471 708 5 127266 127267 127285 127290 127284
81288 1152 958 6 127271 127272 127392 130981 138158 130953
81289 1152 999 7 127272 127273 130979 130976 130977 137578 127393
81290 1377 1204 6 127274 127275 140928 139709 139712 141077
81291 1377 1169 4 127275 127276 139739 141049
81292 1216 1204 3 127277 127274 127683
81293 1079 924 6 127278 127279 138916 138883 138637 127820
81294 1079 1091 4 127279 127280 127635 138915
81295 976 1079 6 127278 127280 127634 138572 138888 127821
81296 537 708 6 127283 127284 127291 127295 127299 127288
81297 708 831 6 127286 127287 127292 127293 127296 127288
81298 708 649 6 127289 127290 127291 127294 127297 127293
81299 708 694 3 127294 127295 127298
81300 708 751 4 127296 127297 127298 127299
81301 1475 1571 5 127302 127303 139208 140497 127376
81302 946 1116 5 127305 127306 127555 127552 127553
81303 2785 3041 6 140590 127307 127308 127311 141415 -1
81304 1160 1411 5 127310 127309 141058 141040 127494
81305 1359 1767 8 141170 140744 139920 127314 127315 141082 141214 -1
81306 1750 1767 4 127315 127316 141119 141083
81307 1750 1606 4 127316 127313 139615 139614
81308 2029 1469 4 127317 127318 141674 141207
81309 1560 1677 3 127320 127321 141041
81310 1560 1553 7 127321 127322 139602 139603 139542 137956 137957
81311 1857 1553 3 127322 127323 140884
81312 1857 1677 6 127323 127320 139716 139284 139285 140983
81313 1032 883 3 127326 127327 127329
81314 999 1256 4 127333 127334 127402 130976
81315 1887 1832 6 127337 127335 137675 138171 138170 138282
81316 1653 1832 4 127336 127337 138281 138211
81317 1499 1322 7 127338 127339 130928 137611 131353 131356 131403
81318 1499 1530 3 127339 127340 130927
81319 1195 1546 7 127342 127343 137323 138520 138276 138048 138049
81320 1563 1546 5 127343 127344 138221 138327 137325
81321 1563 1332 6 127344 127341 138071 137435 137434 138122
81322 1563 1195 5 127341 127343 137324 137981 138215
81323 1546 1332 3 127342 127344 138220
81324 1659 1695 4 127345 127346 139121 136455
81325 1023 790 5 127347 127348 127580 127365 127366
81326 789 1023 5 127350 127351 127369 127371 127372
81327 1939 2053 5 127352 127353 136290 127910 127908
81328 1939 2165 5 127353 127354 139890 139891 139947
81329 1904 2165 5 127354 127355 139850 140166 139902
81330 1904 2053 4 127355 127352 137960 139849
81331 1904 1939 8 127352 127354 139901 139894 139893 139788 139787 137959
81332 2165 2053 7 127353 127355 137712 137711 137871 139985 139948
81333 2525 2218 5 127357 127358 131293 131292 132035
81334 2671 2525 5 127356 127358 142735 132875 132876
81335 1660 1372 7 127360 127361 138074 138129 131469 131472 138068
81336 1434 1372 5 127361 127362 131467 131272 131274
81337 1434 1689 5 127362 127359 137636 137637 137679
81338 1434 1660 4 127359 127361 138066 137738
81339 1372 1689 3 127360 127362 137810
81340 1023 703 3 127363 127364 127366
81341 934 790 3 127367 127365 127464
81342 1023 816 3 127368 127369 127370
81343 1694 1653 7 127379 127380 138086 137775 137776 138105 130813
81344 1694 1313 5 127380 127377 128348 128349 138085
81345 1653 1313 7 127378 127380 128358 127598 127597 138521 138398
81346 831 1060 3 127381 127382 127468
81347 610 833 4 127384 127383 143429 142736
81348 1790 1432 6 127385 127386 142311 142363 142090 132671
81349 1790 2475 4 127386 127387 137594 142312
81350 1836 1800 8 127388 127389 136642 136641 137641 137643 137576 130930
81351 1836 1975 4 127389 127390 136593 137668
81352 2152 1800 4 127391 127388 130931 131396
81353 1152 968 3 127392 127393 130982
81354 1085 717 5 127394 127395 138490 138437 138436
81355 1196 1102 4 127401 127398 127579 127576
81356 564 618 7 127411 127412 130922 143344 142912 130718 130078
81357 564 854 4 127412 127413 130894 130895
81358 528 854 4 127413 127414 130705 130704
81359 1263 1275 8 127415 127416 127455 127729 127727 128114 128171 128160
81360 1056 1275 5 127418 127415 128161 128175 127681
81361 1095 1275 5 127416 127418 127682 127948 127456
81362 977 1169 5 127419 127420 140850 141039 127882
81363 1281 1259 5 127421 127422 138647 127962 127961
81364 1259 1393 6 127424 127423 139502 128182 127915 127917
81365 1358 1279 3 127425 127426 138527
81366 1358 1269 6 127426 127427 127696 137732 138555 138576
81367 1266 1269 8 127427 127428 127993 128267 127999 127998 138588 127697
81368 1269 1279 5 127426 127428 127992 127607 127606
81369 1435 1396 5 127430 127431 138151 138337 138203
81370 1281 1475 3 127432 127433 127962
81371 1281 1435 6 127430 127432 138647 136324 136323 137997
81372 1475 1396 5 127431 127433 127959 127700 127698
81373 1086 907 4 127434 127435 128123 128142
81374 2107 1871 3 127439 127437 139141
81375 727 946 7 127440 127441 127546 127846 127584 127583 127832
81376 504 461 5 127442 127443 128480 128511 127808
81377 1539 2028 5 127445 127446 141567 141569 141588
81378 1539 2084 5 127446 127447 141155 141781 141568
81379 1742 2028 7 127448 127445 141590 141459 141392 139691 139689
81380 946 790 5 127449 127450 127464 127580 127587
81381 946 703 5 127450 127451 127544 127860 127465
81382 821 787 4 127454 127452 127791 128148
81383 1196 1275 5 127455 127456 127579 127578 127930
81384 1230 1269 7 127459 127457 127797 138336 127754 127753 137935
81385 1230 1263 4 127457 127458 127840 127796
81386 2027 1791 3 127463 127461 140813
81387 1767 1972 4 127470 127471 139777 139776
81388 1797 1815 4 127472 127469 141063 127705
81389 1797 1767 5 127469 127471 140738 141082 141083
81390 727 884 4 127473 127474 127583 127582
81391 1264 1124 6 127475 127476 138931 138955 138954 129458
81392 1011 1315 3 127477 127478 138792
81393 1011 1124 6 127478 127475 129460 138926 138881 138791
81394 1011 1264 6 127475 127477 138870 138869 138867 129459
81395 1315 1124 7 127476 127478 128003 127879 127878 127773 127772
81396 1083 955 4 127481 127482 128105 128221
81397 503 663 5 127484 127483 128437 128500 128478
81398 1279 1263 5 127486 127487 128040 127958 127953
81399 1311 1270 4 127488 127485 127994 127956
81400 1311 1279 6 127485 127487 128168 127798 127605 127607
81401 284 569 4 127491 127492 128731 128307
81402 965 916 4 127497 127498 127660 127500
81403 965 1230 5 127501 127502 127668 138887 127740
81404 319 400 5 127506 127507 130561 130341 128613
81405 1095 1270 3 127509 127510 127618
81406 1192 1178 9 127512 127513 128226 128219 128138 128069 128067 140818 140819
81407 1192 1155 3 127513 127514 128223
81408 1386 1178 5 127515 127512 140888 128205 128204
81409 1386 1192 5 127512 127514 128222 128225 140887
81410 1155 1178 8 127513 127515 128206 128201 128200 128207 128208 128210
81411 1056 870 3 127524 127522 127834
81412 1095 870 7 127523 127524 127828 127829 127862 127611 127609
81413 1021 1263 3 127527 127525 127953
81414 1021 1270 5 127525 127526 127884 127886 127952
81415 1259 1216 4 127529 127528 127543 127915
81416 1116 1153 3 127531 127532 127533
81417 1116 1169 3 127534 127535 127538
81418 1207 975 3 127536 127537 127557
81419 1116 1131 3 127540 127541 127542
81420 946 600 4 127544 127545 127546 127847
81421 399 543 3 127547 127548 130482
81422 946 1023 6 127550 127551 127585 127580 127554 127553
81423 1677 1478 4 127559 127560 140977 141010
81424 1572 1677 6 127558 127560 139577 139576 140978 127802
81425 933 787 4 127564 127561 127813 128229
81426 955 787 5 127562 127564 128238 127791 127570
81427 1498 1419 8 127565 127566 141109 140912 140913 140958 140959 141004
81428 1498 1275 3 127566 127567 141108
81429 1396 1419 3 127568 127565 128113
81430 1396 1498 7 127565 127567 141110 141018 139719 139718 141006
81431 1275 1419 6 127566 127568 128114 128172 140776 141107
81432 1637 1668 6 127572 127573 140969 140962 140963 140972
81433 1637 1452 7 127573 127574 137566 137564 138600 138602 140970
81434 1731 1637 4 127572 127574 140931 140960
81435 946 870 5 127584 127581 127610 127611 127849
81436 946 884 4 127581 127583 127841 127894
81437 727 870 4 127582 127584 127818 127817
81438 946 937 3 127585 127586 127587
81439 1079 1258 6 127588 127589 138747 138629 138569 138568
81440 1079 1144 6 127589 127590 138797 138726 129327 129330
81441 1230 1144 4 127590 127591 138542 138541
81442 1230 1258 7 127591 127588 130845 130846 138434 138059 138061
81443 1230 1079 6 127588 127590 138798 138887 138572 138571
81444 1144 1258 4 127589 127591 138620 138619
81445 973 958 6 127594 127595 129590 130961 138165 138145
81446 973 920 5 127595 127593 129701 130861 129588
81447 973 1045 5 127593 127594 138144 128873 128875
81448 1313 1195 6 127596 127597 138520 127649 127647 136623
81449 1297 1653 5 127598 127599 137982 138248 128359
81450 1297 1313 4 127596 127598 128357 137606
81451 1653 1195 4 127597 127599 137324 137323
81452 472 680 5 127602 127603 128491 128428 128426
81453 690 680 6 127603 127604 128125 128294 128325 128326
81454 1311 1269 5 127607 127608 127987 127988 127994
81455 1269 1394 4 127606 127608 128050 138576
81456 1102 870 3 127609 127610 127893
81457 968 751 4 127612 127613 127614 127616
81458 968 701 4 127614 127615 127623 127617
81459 701 958 4 127620 127622 127632 127623
81460 427 596 4 127625 127626 127807 127809
81461 1548 1659 8 127627 127628 138769 138767 139144 139153 135056 135057
81462 1615 1520 5 127629 127630 138778 136457 136459
81463 1615 1659 4 127630 127627 137887 137886
81464 916 958 4 127631 127632 127633 127660
81465 1146 1079 6 127634 127635 138930 138567 138568 138571
81466 1146 1091 9 127635 127636 138575 138573 138697 138698 138890 137024 137025
81467 976 1146 4 127634 127636 130696 130695
81468 256 411 5 127638 127639 129842 131072 131070
81469 243 411 3 127639 127640 129843
81470 243 364 6 127640 127637 130146 130155 130154 131550
81471 411 364 7 127638 127640 130216 130218 131664 131774 131776
81472 999 1175 3 127641 127642 137578
81473 1144 1073 4 127643 127644 138513 130456
81474 1144 1152 3 127644 127645 138514
81475 1140 1073 5 127646 127643 130457 131039 137079
81476 1140 1144 6 127643 127645 137952 137951 138207 130455
81477 1152 1073 5 127644 127646 138156 138158 138255
81478 1195 1459 5 127649 127650 132544 132547 138276
81479 1195 1152 5 127650 127647 136624 138005 138218
81480 1459 1152 4 127648 127650 130987 130989
81481 193 20 6 127655 127654 128713 128712 128546 128514
81482 1247 1122 7 127657 127658 138979 128271 128274 138962 128144
81483 1124 1122 5 127658 127659 129454 138842 138983
81484 1122 1037 5 127657 127659 129453 129450 128145
81485 1638 1778 3 127662 127663 129427
81486 1638 1496 7 127663 127664 139124 138833 136339 136340 129428
81487 1961 1496 3 127664 127665 139125
81488 1961 1638 7 127662 127664 138846 129812 129814 138947 139094
81489 1496 1778 7 127663 127665 139129 138688 136422 136421 129429
81490 1030 1230 4 127668 127669 138541 138798
81491 755 525 3 127670 127671 129395
81492 732 656 3 127672 127673 129671
81493 2718 2531 6 127675 127676 139436 140458 140280 140223
81494 2478 2488 6 127677 127674 132852 140060 139846 139842
81495 2478 2718 3 127674 127676 132851
81496 648 776 4 127679 127680 127898 127899
81497 1427 1442 4 127684 127685 129806 129416
81498 1395 1442 7 127686 127684 129417 131147 131517 129758 129760
81499 1320 1370 8 127688 127689 136505 129691 129689 127691 127692 137926
81500 1268 1370 3 127690 127688 129335
81501 1372 1370 8 127689 127690 129334 130040 131274 138074 138126 138114
81502 1320 1148 6 127692 127693 129920 130851 130852 136550
81503 1405 1370 5 127694 127691 131438 132203 131537
81504 1405 1320 4 127691 127693 129919 131313
81505 1337 1269 6 127696 127697 137635 127751 127754 137731
81506 1266 1337 4 127695 127697 138586 129514
81507 1478 1396 8 127698 127699 141101 141019 139719 127989 127990 138151
81508 1341 1396 5 127699 127700 127960 127963 139624
81509 2031 2117 4 127701 127702 137965 136570
81510 2031 2125 5 127702 127703 138705 138706 137964
81511 1987 2125 4 127703 127704 136720 136718
81512 1987 2117 6 127704 127701 136571 137927 137929 137544
81513 2125 2117 6 127702 127704 137545 139971 137987 137966
81514 1930 2132 5 127708 127709 139749 139417 139418
81515 1930 2085 6 127709 127710 139337 138712 138711 139748
81516 2162 2132 5 127711 127708 139590 139669 139928
81517 2162 1930 7 127708 127710 139338 139343 139187 139186 139589
81518 2085 2132 5 127709 127711 138367 138368 139750
81519 849 1212 6 127714 127712 129206 129821 129833 129820
81520 688 954 3 127718 127716 127830
81521 301 571 3 127725 127726 129747
81522 1263 1396 8 127727 127728 127796 127795 127901 127957 141006 128113
81523 461 472 5 127732 127730 127769 128527 128448
81524 1247 1063 6 127737 127738 138963 128143 128144 138964
81525 1067 1247 5 127736 127738 128383 128381 138858
81526 1315 1212 7 127744 127745 138653 138652 138825 138807 138808
81527 951 1213 8 127746 127747 129816 129596 129597 129219 129217 129299
81528 951 1212 5 127747 127744 129834 129821 129815
81529 951 1315 3 127744 127746 138686
81530 301 168 7 127748 127749 128592 128826 128829 129525 130517
81531 168 289 7 127748 127750 128716 128717 130339 130320 130319
81532 1312 1230 5 127752 127753 130843 130846 136673
81533 1269 1312 3 127751 127753 137634
81534 1230 1337 3 127752 127754 136674
81535 1011 951 5 127756 127757 129275 129277 128769
81536 1011 801 4 127757 127755 129129 129698
81537 1011 849 5 127755 127756 128768 129646 129128
81538 1383 1451 6 127760 127761 128102 128100 140892 141015
81539 1383 1398 3 127761 127762 140855
81540 1419 1451 3 127763 127760 141025
81541 1419 1383 5 127760 127762 138465 138431 138432
81542 785 685 3 127764 127765 129490
81543 1323 1385 5 127770 127771 137187 138621 138739
81544 1323 1315 5 127771 127772 129449 129448 136344
81545 1124 1385 4 127773 127770 128609 128608
81546 1124 1323 8 127770 127772 138931 138977 138842 137023 137022 138740
81547 1315 1385 5 127771 127773 138667 129881 129880
81548 1734 1611 6 127774 127775 138670 138802 138095 136482
81549 675 571 6 127776 127777 129503 129502 128615 128617
81550 899 847 6 127778 127779 128063 128065 129598 129512
81551 899 758 3 127779 127780 139058
81552 710 758 9 127780 127781 129380 130525 129131 128997 128996 129494 139063
81553 710 847 3 127781 127778 129379
81554 839 810 6 127783 127784 129339 130118 128773 128752
81555 839 1081 4 127782 127783 128751 129323
81556 1496 1602 5 127786 127787 136656 138688 139130
81557 1602 1392 6 127785 127787 136448 136447 136685 138709
81558 907 1010 5 127788 127789 127831 127897 127810
81559 1163 1514 6 127793 127794 141406 142867 141604 141603
81560 1163 1720 5 127794 127792 140721 140720 141020
81561 1396 1230 4 127796 127797 138203 127947
81562 1396 1269 6 127797 127795 127902 127988 127990 138337
81563 1416 1342 3 127799 127801 139241
81564 1535 1377 6 127804 127805 140922 141024 139738 139495
81565 1411 1535 6 127804 127806 141069 141068 141131 139496
81566 734 907 4 127811 127812 127814 127874
81567 727 812 5 127816 127818 127846 127848 128508
81568 702 924 7 127822 127820 130878 130877 129738 129518 128365
81569 1133 1144 5 127823 127824 138725 138726 138599
81570 1133 1172 5 127824 127825 138578 129667 129666
81571 1045 1172 3 127825 127826 138557
81572 1045 1144 7 127826 127823 138444 138443 138544 130456 130455
81573 1172 1144 8 127824 127826 138207 138206 138505 138619 129330 129329
81574 907 946 4 127831 127832 127841 127896
81575 907 1102 5 127837 127839 127897 127896 127895
81576 373 313 5 127842 127843 128503 128454 128453
81577 932 812 5 127844 127845 128434 127857 127856
81578 812 946 6 127846 127847 127860 127861 127863 127849
81579 812 703 4 127850 127851 127852 127860
81580 812 980 7 127853 127854 127856 127858 127870 127867 127868
81581 858 980 4 127855 127853 127869 128137
81582 980 954 4 127859 127858 127872 127891
81583 812 1095 5 127862 127863 127864 127870 127871
81584 812 898 3 127865 127866 127868
81585 933 648 4 127875 127876 128240 128229
81586 1124 1164 6 127877 127878 128608 128611 138913 138795
81587 1059 1315 6 127879 127880 138633 138635 138807 128005
81588 1059 1164 8 127880 127877 128016 128015 137523 138903 138854 138749
81589 1059 1124 6 127877 127879 128004 138881 138925 138796
81590 1315 1164 4 127878 127880 138748 138667
81591 1750 1815 6 127887 127888 139674 141063 141119 139614
81592 1750 1757 3 127888 127889 139675
81593 1718 1757 7 127889 127890 141054 141056 141080 139754 139753
81594 1718 1815 3 127890 127887 139616
81595 648 500 4 127899 127900 128133 128094
81596 478 648 8 127898 127900 128134 128196 128232 128236 128235 127923
81597 1270 1396 3 127901 127902 127956
81598 1533 1567 3 127903 127904 139202
81599 1944 1939 4 127907 127908 137959 139493
81600 1944 2053 6 127908 127909 139597 139591 139592 137960
81601 1907 1939 6 127910 127907 139494 139896 139925 136291
81602 1907 1944 4 127907 127909 139370 139371
81603 1687 1478 3 127912 127913 139521
81604 1475 1687 6 127911 127913 139520 139208 131531 131530
81605 1478 1616 6 127912 127914 138373 138458 139558 140834
81606 1573 1420 5 127918 127919 140891 140945 127927
81607 1529 1451 3 127920 127921 140875
81608 1451 1420 6 127919 127921 140873 140607 128103 128100
81609 1677 1628 3 127924 127925 139576
81610 1628 1772 7 127924 127926 139656 139600 137971 137973 140966
81611 1207 1393 3 127931 127933 141075
81612 1398 1605 3 127935 127936 139260
81613 1188 1381 3 127938 127939 128081
81614 1829 1882 5 127942 127943 139355 139250 138439
81615 1829 1699 6 127943 127941 140974 141096 141224 140895
81616 1056 1279 3 127946 127944 127958
81617 1056 1188 7 127944 127945 128043 128044 128174 128161 128041
81618 933 1160 8 127949 127951 140686 140659 140658 140777 140845 140757
81619 1594 1456 3 127954 127955 137788
81620 1396 1311 5 127956 127957 139718 127989 127988
81621 1396 1259 3 127959 127960 127961
81622 1896 1879 8 127966 127967 138023 138022 138374 138526 140532 139767
81623 1896 1757 3 127967 127964 139226
81624 1420 1452 7 127969 127970 128092 128090 139325 139725 140869
81625 1629 1452 7 127971 127969 140870 140803 139916 139915 140717
81626 1415 1452 5 127970 127971 140837 140781 140780
81627 1404 1398 3 127976 127977 139265
81628 1227 1451 4 127978 127975 128082 128080
81629 1587 1318 5 127981 127982 139165 139203 139096
81630 1416 1318 4 127984 127981 138922 138920
81631 1351 1318 9 127982 127984 138897 138898 138984 138860 138861 139028 139149
81632 1478 1269 5 127990 127987 128050 138555 138529
81633 1266 1270 3 127993 127991 128254
81634 1269 1091 5 127997 127998 138573 128263 128262
81635 1122 1091 9 128000 127997 128266 129405 129453 129454 138843 138872 138698
81636 1122 1269 3 127997 127999 128265
81637 1266 1091 3 127998 128000 138697
81638 1124 1033 3 128003 128004 138791
81639 1059 1033 5 128004 128005 129835 129660 129661
81640 1033 1315 7 128003 128005 138808 138686 138687 138855 138792
81641 1293 1128 5 128006 128007 128070 128071 139498
81642 1171 1128 7 128007 128008 140821 140822 140684 140256 140257
81643 1128 1245 4 128006 128008 140864 139499
81644 2274 2157 4 128009 128010 140391 139293
81645 1597 1664 5 128012 128013 129600 129601 139280
81646 1164 950 5 128014 128015 137522 128036 128034
81647 924 1059 5 128016 128017 129752 129753 138796
81648 924 950 6 128017 128014 138637 130878 130873 130771
81649 924 1164 4 128014 128016 138795 138883
81650 1059 950 6 128015 128017 130055 129678 129675 130785
81651 2031 2158 8 128020 128021 138681 137970 137968 138031 138705 138042
81652 2011 2158 5 128022 128020 137977 137933 137934
81653 1948 2158 3 128021 128022 137938
81654 1734 1771 4 128025 128026 138751 138780
81655 1590 1771 6 128026 128027 137795 137797 138630 138753
81656 1590 1900 3 128027 128024 129351
81657 1590 1734 8 128024 128026 138752 138671 138670 138799 138732 129349
81658 1771 1900 6 128025 128027 138654 138655 138685 138692
81659 1088 899 3 128028 128029 138923
81660 1833 1931 6 128030 128031 139366 128215 128218 139540
81661 1928 1833 5 128030 128032 139376 139378 139541
81662 1739 1931 3 128031 128033 139367
81663 1164 1079 8 128034 128035 129327 129328 138629 138628 138913 138883
81664 1164 1133 7 128035 128036 138547 138908 129665 129666 138725
81665 1133 1079 4 128035 128037 138829 138726
81666 1263 1188 6 128040 128041 128160 128169 128165 128167
81667 1126 1188 4 128044 128042 128088 128089
81668 1381 1283 3 128045 128046 128281
81669 1386 1381 7 128045 128047 128111 128121 140898 128291 128290
81670 1796 1647 4 128051 128052 140975 128186
81671 1383 1527 6 128055 128053 138432 141015 141008 139324
81672 1452 1527 5 128054 128055 139325 137565 137564
81673 1394 1358 6 128059 128060 138435 138576 138527 138528
81674 857 1083 3 128061 128062 128252
81675 1199 899 8 128063 128064 129425 139048 139049 139051 139061 139058
81676 1019 899 6 128064 128065 129533 129374 129373 129426
81677 1245 1192 4 128066 128067 139218 139221
81678 1112 1192 5 128069 128066 128093 128077 128076
81679 1293 1234 4 128071 128072 140840 140838
81680 1293 1452 8 128073 128074 128106 128107 140872 128091 128092 140780
81681 1441 1452 7 128075 128073 140781 139475 139472 140953 128189
81682 1354 1452 4 128074 128075 128190 128195
81683 1192 1126 5 128077 128078 128147 128088 128087
81684 955 1192 6 128076 128078 128150 128221 128220 128138
81685 957 1178 5 128095 128096 128135 128207 128213
81686 799 1063 5 128097 128098 128320 128533 128324
81687 1383 1321 7 128101 128102 140855 138465 138463 139219 139220
81688 1321 1420 4 128101 128103 140606 140877
81689 1170 1451 4 128108 128109 128158 140607
81690 1450 1204 5 128115 128116 141111 141081 140784
81691 1170 1182 3 128117 128118 128277
81692 1170 1386 6 128118 128119 128225 140901 128291 128288
81693 1520 1473 5 128126 128127 136750 137188 129649
81694 1520 1505 6 128127 128128 131422 131423 138093 136751
81695 1331 1505 4 128128 128129 131474 136681
81696 1331 1473 6 128129 128126 129650 137666 130357 130358
81697 1331 1520 5 128126 128128 138812 138814 129648
81698 1505 1473 5 128127 128129 131473 131471 131470
81699 1773 1743 4 128131 128132 138864 138863
81700 1773 1663 4 128130 128131 139319 139261
81701 994 1178 5 128135 128136 128219 128209 128208
81702 1063 1037 3 128143 128145 129451
81703 868 645 4 128151 128152 128356 128362
81704 11821 83 4 128153 128154 128688 144888
81705 1774 1736 4 128157 128155 138589 138380
81706 1275 1188 3 128160 128161 128170
81707 1578 1757 6 128162 128163 139612 140985 140986 141080
81708 1578 1687 3 128163 128164 139510
81709 1188 1311 3 128166 128167 128168
81710 1321 1275 6 128170 128171 128172 139528 128177 128175
81711 1263 1321 4 128169 128171 128173 128187
81712 1321 1419 5 128172 128173 128188 138465 138464
81713 1321 1056 3 128174 128175 128176
81714 1781 1557 4 128179 128180 139673 141128
81715 1781 1726 8 140632 140631 139467 139466 128180 128178 141118 -1
81716 1781 1411 4 128178 128179 140944 140943
81717 1527 1699 4 128184 128185 139671 139670
81718 1796 1699 5 128185 128186 140976 140993 140995
81719 1441 1287 3 128191 128189 140949
81720 478 504 3 128196 128197 128231
81721 1581 1796 4 128198 128199 138658 140921
81722 1178 1415 6 128201 128202 140839 140900 128205 128203
81723 1234 1178 5 128200 128202 140838 128214 128213
81724 1178 1375 3 128203 128204 128206
81725 1178 1072 3 128209 128210 128226
81726 1782 1833 4 128215 128216 140920 140906
81727 1782 1796 9 128216 128217 129069 140868 140993 140990 140989 140929 140921
81728 1931 1782 6 128215 128217 129070 136917 140910 140907
81729 994 1192 5 128219 128220 128251 128228 128227
81730 1072 1192 5 128222 128223 128226 128227 128224
81731 648 762 3 128233 128234 128235
81732 648 955 3 128238 128239 128240
81733 1355 1567 6 128248 128249 138933 139021 129456 129457
81734 1101 1182 6 128255 128256 128277 128289 128285 128283
81735 1582 1548 8 128257 128258 136450 136451 139144 139155 139156 139204
81736 1582 1264 3 128258 128259 136538
81737 1318 1264 8 128259 128260 139096 138922 138921 129412 129411 136540
81738 1318 1548 3 128260 128257 139203
81739 1318 1582 10 128257 128259 136539 139112 139131 139100 129536 129535 139149 139165
81740 1264 1548 7 128258 128260 139162 136240 129447 129446 138640
81741 1063 1269 5 128261 128262 128265 128267 128264
81742 1378 1247 8 128271 128272 129392 138665 138951 138950 138968 138969
81743 1122 1378 3 128271 128273 138978
81744 1266 1247 3 128272 128274 129394
81745 1101 1283 5 128281 128282 128284 128285 128292
81746 1101 1179 4 128283 128284 128287 128286
81747 1386 1101 4 128288 128289 128292 128290
81748 687 690 3 128293 128294 128367
81749 643 688 3 128296 128297 128470
81750 624 656 7 128299 128300 128723 129652 129745 130572 130474
81751 606 624 7 128298 128300 128724 129711 129710 129715 129714
81752 755 606 5 128301 128302 129395 128725 128724
81753 818 606 5 128303 128301 129711 129554 129381
81754 732 606 5 128302 128303 129382 129549 129396
81755 525 284 5 128307 128308 128624 128622 129348
81756 525 476 4 128308 128309 129553 129578
81757 569 525 6 128307 128309 128591 128590 128734 128732
81758 154 20 4 128315 128316 128691 128692
81759 154 289 6 128316 128313 128361 128536 128535 128694
81760 20 289 7 128314 128316 128695 128712 128716 128721 128697
81761 457 488 5 128321 128322 130497 130513 129369
81762 656 488 7 128322 128323 130488 130571 130474 130475 130491
81763 1783 2160 4 128333 128334 129441 139091
81764 2095 2160 7 128334 128335 135033 135804 135784 135782 129442
81765 2095 2199 4 128335 128332 138724 135032
81766 2095 1783 8 128332 128334 129440 136350 136349 138702 139093 139104
81767 2160 2199 8 128333 128335 135031 135849 135848 136677 136678 136797
81768 744 689 5 128336 128337 128351 128350 128407
81769 1521 1272 5 128340 128341 134862 132267 132265
81770 1521 1309 5 128341 128342 129940 129207 129209
81771 1282 1521 5 128340 128342 129941 134932 134931
81772 1694 1345 4 128349 128347 138554 138278
81773 818 951 5 128352 128353 129275 129697 129641
81774 818 1019 4 128353 128354 129533 129276
81775 1019 951 6 128353 128355 129218 129217 129300 129277
81776 1310 1313 7 128357 128358 138085 138277 138614 138512 138405
81777 1310 1653 5 128358 128359 138545 138595 138086
81778 868 752 4 128362 128363 129418 128364
81779 11148 11255 8 128368 128369 149472 148395 148291 148292 149101 149098
81780 11148 11388 5 128369 128370 145936 145937 149471
81781 11291 11388 5 128370 128371 146217 146220 147062
81782 11291 11255 3 128371 128368 149100
81783 11291 11148 6 128368 128370 148889 148888 149010 149099
81784 11388 11255 4 128369 128371 146324 146321
81785 1260 1351 8 128374 128375 129419 129420 139171 138831 138830 129238
81786 1260 1194 5 128375 128376 138644 138929 138976
81787 1088 1351 6 128377 128374 129240 138898 138985 138986
81788 1194 1351 6 128375 128377 138987 139002 138885 138884
81789 428 335 3 128378 128379 128720
81790 1067 926 4 128382 128383 129473 129472
81791 1067 1222 5 128381 128382 138966 138993 138857
81792 1488 1600 6 128386 128387 140664 140663 141125 140745
81793 1488 1714 6 128387 128388 140825 141367 141581 141535
81794 1037 865 4 128390 128391 138694 138695
81795 924 1124 6 128392 128389 138917 138916 138795 138796
81796 924 1037 4 128389 128391 138928 138927
81797 865 1124 4 128390 128392 138925 138926
81798 710 493 3 128395 128393 128770
81799 1262 1055 3 128397 128398 129509
81800 1081 1199 6 128399 128396 129551 139057 139056 129323
81801 1081 1262 6 128396 128398 129508 139066 139037 129550
81802 1638 1556 5 128400 128401 136130 139013 138892
81803 1556 1847 4 128400 128402 136016 136014
81804 291 368 6 128403 128404 130403 130404 131727 129705
81805 291 444 6 128404 128405 129723 129725 130400 130401
81806 216 444 5 128405 128406 129679 128604 128605
81807 216 291 6 128403 128405 130301 130302 130016 129706
81808 758 607 4 128408 128409 129130 128997
81809 1478 1640 5 128411 128412 139560 138458 136440
81810 1640 1605 4 128410 128412 139567 139161
81811 924 926 4 128413 128414 129615 138928
81812 688 680 3 128427 128428 128440
81813 932 663 3 128434 128435 128446
81814 663 764 4 128438 128439 128446 128479
81815 1582 1479 6 128442 128443 139131 136664 136663 138775
81816 1582 1262 3 128443 128444 139112
81817 1401 1262 8 128444 128445 139034 139066 139019 139020 139007 139008
81818 1401 1582 6 128442 128444 136539 136538 136450 136452
81819 542 701 4 128449 128450 128458 128452
81820 312 373 5 128455 128453 128561 128562 128575
81821 596 643 4 128468 128469 128470 128475
81822 383 457 8 128471 128472 130600 130538 128776 128777 130496 130497
81823 383 213 6 128472 128473 128963 128966 130528 130599
81824 335 457 5 128474 128471 130513 130532 130603
81825 335 383 5 128471 128473 129397 130578 130512
81826 213 457 3 128472 128474 130601
81827 11636 11746 5 128488 128486 144910 144909 145018
81828 11636 11559 4 128486 128487 145036 145042
81829 472 764 3 128489 128490 128491
81830 313 504 3 128492 128493 128503
81831 11499 15 9 128496 128497 130336 149077 149533 149318 148856 148857 149015
81832 25 11499 4 128495 128497 130335 148162
81833 600 663 4 128500 128501 128507 128502
81834 663 727 4 128505 128506 128507 128508
81835 201 504 3 128509 128510 128511
81836 504 529 3 128512 128513 128521
81837 11839 193 4 128514 128515 129991 128548
81838 43 14 3 128516 128517 144784
81839 373 359 3 128518 128519 128520
81840 11831 197 7 128524 128525 145970 145969 145946 145902 144477
81841 11831 41 7 128525 128526 145818 145819 145947 145949 145971
81842 926 868 5 128531 128532 129472 138965 129496
81843 926 1063 7 128532 128533 129385 129404 129451 138963 129473
81844 193 154 4 128538 128535 128705 128703
81845 193 289 7 128535 128537 128714 130343 128717 128712 128711
81846 476 154 5 128536 128538 128704 128601 128600
81847 11893 253 3 128541 128542 144812
81848 273 11893 7 128541 128543 128544 128549 130469 130471 144955
81849 20 168 4 128546 128547 128674 128716
81850 11839 168 5 128547 128548 128644 128643 128675
81851 168 193 4 128546 128548 129990 128717
81852 718 646 6 128550 128551 129138 129133 129063 128967
81853 231 646 3 128551 128552 129139
81854 11724 87 5 128554 128555 144836 144852 144837
81855 10979 11170 4 128556 128557 130385 130383
81856 10979 11228 6 128557 128558 148791 148799 149148 145254
81857 11273 11228 7 128558 128559 148239 145450 145451 128801 128799
81858 11273 11170 8 128559 128556 149105 147151 147153 149159 149158 149157
81859 11228 11170 4 128557 128559 149174 145255
81860 254 54 3 128563 128564 128565
81861 254 202 5 128566 128567 128573 128570 128569
81862 223 254 4 128571 128572 128573 128574
81863 11414 11246 6 128580 128581 145761 145760 145829 128619
81864 11161 11407 4 128582 128583 145775 145777
81865 11407 11246 5 128581 128583 145855 145864 145831
81866 74 193 4 128585 128586 128703 128638
81867 11806 11591 4 128587 128588 145001 146367
81868 168 293 4 128594 128592 128827 128856
81869 74 529 4 128595 128596 128597 128706
81870 529 154 5 128599 128598 128601 128706 128707
81871 126 336 5 128602 128603 130094 128649 128647
81872 126 444 5 128603 128604 130322 128871 128869
81873 216 336 5 128605 128602 129233 129235 130301
81874 444 336 6 128603 128605 129723 129724 130429 130458
81875 1164 1312 4 128610 128611 138628 129391
81876 1312 1124 5 128609 128611 138914 138899 138740
81877 571 552 3 128615 128616 130158
81878 675 448 5 128617 128618 130081 130106 130192
81879 448 552 7 128616 128618 130079 130095 129728 129730 129917
81880 11262 11414 4 128619 128620 145767 145781
81881 289 284 6 128623 128624 128715 128714 130338 130320
81882 383 656 4 128626 128627 130491 130496
81883 555 383 6 128625 128627 130492 130575 130323 130325
81884 11555 11650 8 128628 128629 145991 145975 145976 145977 145982 145981
81885 11585 11610 9 128633 128634 146131 145078 130552 130551 131216 131215 130605
81886 11585 11835 4 128634 128631 146084 146191
81887 11610 11835 4 128632 128634 146192 146209
81888 11836 161 6 128641 128642 148986 149035 146244 146243
81889 11836 11839 7 128642 128643 146173 128893 128894 148564 148987
81890 11839 161 4 128642 128644 129991 130490
81891 25 126 6 128646 128645 144908 130419 130421 130542
81892 162 336 5 128647 128648 130082 129232 129233
81893 448 336 7 128648 128649 130079 130081 130104 130182 130473
81894 172 191 5 128652 128653 128753 128749 128748
81895 191 328 7 128655 128656 128756 128759 128763 128764 128758
81896 328 358 4 128655 128657 128701 128702
81897 11811 11855 3 128659 128658 145116
81898 10988 11014 4 128660 128661 145221 145222
81899 127 386 3 128667 128668 128669
81900 197 127 6 128666 128668 128670 128671 128672 145902
81901 254 358 3 128682 128680 128685
81902 254 191 5 128680 128681 128748 128747 128684
81903 473 191 5 128683 128684 128754 128766 128758
81904 58 191 8 128686 128687 128762 128763 128765 128754 128747 128749
81905 14 20 5 128693 128691 128695 128713 144999
81906 289 14 3 128694 128695 128711
81907 20 108 5 128696 128697 128722 128808 128807
81908 11339 11295 7 128698 128699 144899 144816 144817 145136 144897
81909 11339 11505 6 128699 128700 145028 145130 145205 145148
81910 11532 11339 4 128698 128700 142899 142898
81911 154 427 4 128707 128708 128709 128710
81912 156 335 6 128720 128718 130083 128727 128729 130484
81913 156 394 3 128718 128719 130480
81914 624 755 3 128723 128724 129651
81915 162 335 5 128726 128727 130082 130598 130603
81916 162 156 8 128727 128728 145534 145088 145087 130557 129234 129232
81917 213 156 5 128728 128729 129123 129122 145535
81918 213 162 8 128726 128728 145007 145006 130579 130581 130599 130601
81919 543 284 5 128730 128731 129348 128738 128737
81920 569 606 5 128733 128734 129571 129570 129715
81921 345 383 7 128735 128736 130323 130577 129397 128963 128964
81922 345 543 6 128736 128737 129681 130486 130482 130324
81923 284 345 6 128735 128737 129682 130612 130487 129616
81924 543 383 4 128736 128738 129347 130325
81925 204 297 4 128739 128740 130710 130634
81926 11110 10920 3 128741 128742 134408
81927 11071 10920 5 128742 128743 149302 149304 134410
81928 191 147 4 128759 128760 128761 128762
81929 191 357 3 128764 128765 128766
81930 849 1033 4 128767 128768 129660 129833
81931 1011 1033 7 128768 128769 129577 138870 138792 138791 129661
81932 1033 951 6 128767 128769 129300 129299 138686 129834
81933 744 834 4 128774 128775 129479 129477
81934 493 752 3 128779 128780 128781
81935 11591 11622 8 128784 128785 146367 144474 144473 146344 129797 129796
81936 329 225 6 128786 128787 130733 130521 130524 130611
81937 345 225 5 128788 128786 130487 130355 130141
81938 399 225 4 128787 128788 129121 129120
81939 11671 11730 5 128789 128790 149516 149617 130308
81940 259 75 5 128791 128792 128844 128833 128832
81941 274 75 6 128794 128791 148912 148921 129183 129182
81942 274 259 6 128791 128793 128810 128812 128912 145112
81943 282 75 6 128792 128794 129029 129031 149725 128905
81944 897 908 5 128795 128796 129621 130806 130887
81945 897 1084 6 128796 128797 137529 137528 131424 129622
81946 973 1084 6 128797 128798 129701 128875 128876 137805
81947 973 908 4 128798 128795 130862 130861
81948 973 897 7 128795 128797 137804 137673 137672 130945 130888
81949 1084 908 5 128796 128798 130871 130863 129623
81950 11228 11067 5 128802 128799 148791 144956 130446
81951 11318 11067 5 128800 128802 130445 149076 148796
81952 11849 75 9 128804 128805 128843 128844 128905 149716 130306 130303 148881
81953 11849 11805 4 128805 128803 148941 148858
81954 11849 11771 6 128803 128804 148935 149647 149758 149627
81955 566 259 6 128809 128810 128950 129184 129103 129101
81956 290 259 5 128812 128809 129124 130547 128913
81957 290 566 5 128809 128811 129157 129107 129104
81958 11453 11350 3 128814 128815 149532
81959 11593 11455 4 128816 128813 149053 148760
81960 11593 11453 5 128813 128815 148981 146908 146907
81961 514 528 3 128818 128819 130763
81962 514 612 6 128819 128817 131014 131381 130801 130761
81963 514 482 7 128817 128818 131078 130505 130389 130387 131013
81964 11769 11771 3 128820 128822 145236
81965 290 301 3 128823 128824 128826
81966 448 290 9 128823 128825 129635 129918 129730 129731 130541 128862 128828
81967 290 168 4 128826 128827 128858 128828
81968 11805 259 4 128831 128832 145112 128834
81969 75 11882 3 128833 128830 128843
81970 259 15 5 128834 128835 130545 128913 128912
81971 11477 11391 6 128836 128837 144913 144914 149669 149742
81972 11597 11477 7 128836 128838 149729 148818 148817 149313 149315
81973 1070 1331 4 128841 128842 129607 130805
81974 1331 1212 5 128840 128842 129606 138825 138824
81975 1163 1276 3 128846 128847 141604
81976 1566 1502 6 128849 128850 132075 132074 130708 130707
81977 1566 1586 3 128850 128848 132339
81978 899 1011 5 128852 128851 129374 129371 129614
81979 11637 32 3 128854 128855 144070
81980 32 11575 7 128853 128855 144069 144573 144572 145923 143988
81981 11450 11389 6 128859 128860 130426 131855 131854 144795
81982 11450 11448 4 128860 128861 149116 130427
81983 25 448 3 128862 128863 130542
81984 11593 11571 6 128865 128866 144248 144249 146221 146222
81985 25 11571 4 128866 128867 144963 148162
81986 25 11593 6 128864 128866 130335 130337 148870 145145
81987 126 552 4 128869 128870 130095 130094
81988 126 389 8 128870 128871 130321 130374 130375 130546 130540 130539
81989 444 389 4 128871 128872 130097 130260
81990 444 552 6 128872 128869 130458 130102 130101 130096
81991 1045 1076 5 128873 128874 138538 131038 131037
81992 973 1076 6 128876 128873 138510 138348 138136 138137
81993 1084 1076 4 128874 128876 138517 138570
81994 11057 11240 7 128877 128879 145133 145131 148864 148852 148800
81995 11087 11240 3 128882 128880 148800
81996 11115 11240 8 128881 128882 148852 148865 148873 144992 144990 148751
81997 998 913 5 128884 128885 129727 129269 129166
81998 718 810 5 128886 128883 128931 129216 130110
81999 718 998 6 128883 128885 129743 129744 129263 128930
82000 913 810 4 128884 128886 130115 129167
82001 1209 1042 5 128887 128888 134325 134347 130266
82002 1326 1042 3 128888 128889 134326
82003 11855 109 3 128890 128891 128896
82004 11593 11717 8 128895 128892 148991 149053 146907 146909 148871 148870
82005 11593 11836 4 128892 128894 148563 148936
82006 11839 11717 4 128893 128895 149012 149014
82007 11295 11249 4 128897 128899 144850 144816
82008 10583 10734 7 128902 128903 146879 146942 146941 146959 150724
82009 10734 10475 3 128901 128903 146877
82010 282 11849 3 128904 128905 149723
82011 10893 11166 4 128909 128910 149787 149739
82012 11615 11572 6 128914 128915 146437 146438 148403 128981
82013 11615 11864 7 128915 128916 149518 149474 149476 148281 148279
82014 11413 11864 3 128916 128917 146454
82015 11413 11572 5 128917 128914 128983 150391 146453
82016 11413 11615 7 128914 128916 149446 129007 129008 148897 128982
82017 11864 11572 6 128915 128917 146452 130439 130438 130890
82018 11622 11440 4 128919 128920 146345 146344
82019 11622 11388 7 128920 128921 129796 149036 149454 146436 146435
82020 11511 11388 7 128921 128922 146771 146220 146219 147146 129798
82021 11511 11622 3 128919 128921 129797
82022 368 576 7 128926 128927 129778 130279 130347 130403 130159
82023 563 368 6 128926 128928 130397 130398 131719 130160
82024 477 576 6 128927 128929 129998 134872 134840 129779
82025 287 279 7 128932 128933 131547 146443 131739 131563 131564
82026 287 572 6 128933 128934 130832 131728 131729 131548
82027 306 287 4 128932 128934 130831 131142
82028 10359 10524 8 128939 128938 153720 146951 146498 146500 154432 154434
82029 850 992 4 128940 128941 129470 129471
82030 809 640 7 128942 128944 129173 134988 134333 134335 134801
82031 745 653 5 128946 128948 129015 129310 129085
82032 11535 11832 4 128951 128952 148957 129032
82033 11535 11721 4 128952 128953 149732 148958
82034 11771 11721 4 128953 128954 149647 149759
82035 1963 1834 7 128955 128956 135719 135644 135643 135696 135469
82036 1580 1888 6 128957 128958 134996 133208 132285 132286
82037 1580 1963 6 128955 128957 134797 135715 135688 135470
82038 1888 1834 5 128956 128958 135656 135638 135637
82039 1189 1417 6 128959 128960 129324 139086 135159 135158
82040 1189 1317 4 128960 128961 129268 129267
82041 345 161 4 128964 128965 130355 129616
82042 213 161 7 128965 128966 130529 130579 146244 130520 130356
82043 1273 1008 4 128968 128969 129368 134311
82044 741 377 7 128972 128973 129981 129195 129194 131607 129791
82045 741 411 3 128973 128970 130218
82046 741 562 9 128970 128972 129790 130716 130715 131628 132656 131624 130217
82047 377 411 4 128971 128973 131664 131766
82048 768 828 6 128975 128976 133831 134388 134855 134849
82049 1147 1118 5 128979 128980 134881 134844 129923
82050 11347 11413 6 128982 128983 150355 134551 134550 149553
82051 11347 11572 7 128983 128981 148405 149440 149411 134339 134340
82052 11347 11615 4 128981 128982 149552 148404
82053 11833 11615 7 128984 128985 129112 129006 129007 149444 149474
82054 11833 11794 3 128985 128986 129113
82055 155 11794 6 128986 128987 149390 130270 129580 129583
82056 155 11615 3 128987 128984 149476
82057 155 11833 8 128984 128986 149543 149452 148819 130291 130290 149475
82058 11794 11615 9 128985 128987 148281 148280 146481 146468 146469 149525 129114
82059 11271 11841 4 128988 128989 134126 134125
82060 11574 11841 5 128991 128988 150163 150167 149905
82061 11475 11841 4 128989 128991 129023 129020
82062 11862 11730 6 128992 128993 149646 149619 149617 149709
82063 11862 11849 8 128993 128994 149559 149712 149723 149716 149717 149728
82064 11882 11730 5 128995 128992 149592 149594 148940
82065 11882 11862 4 128992 128994 149560 149620
82066 11849 11730 6 128993 128995 148941 149627 148970 148971
82067 552 592 9 128999 129000 130116 130112 130099 130093 129916 129917 130158
82068 903 592 3 129000 129001 129552
82069 903 552 5 128998 129000 130117 130119 130108
82070 11369 11810 6 129002 129003 134476 133690 133689 134303
82071 11369 11485 5 129003 129004 149438 134667 134477
82072 11715 11810 6 129005 129002 150513 131736 131735 150291
82073 1614 1380 8 129009 129010 130199 135150 135151 134998 134999 135145
82074 1307 1380 5 129011 129009 135235 135281 135280
82075 1599 1380 5 129010 129011 135251 135250 130200
82076 1080 995 5 129012 129013 134348 134349 135114
82077 809 1080 5 129012 129014 134046 134801 134803
82078 653 809 5 129019 129017 129155 129156 134464
82079 772 809 4 129018 129019 134465 135156
82080 11638 11841 10 129020 129021 134084 134085 134560 134283 134284 149909 134127 134126
82081 11638 11760 3 129021 129022 149657
82082 11760 11841 7 129021 129023 149905 149539 149540 134395 134396
82083 502 297 5 129026 129027 130342 130340 130613
82084 384 75 4 129028 129029 129182 129091
82085 21 282 3 129030 129031 149726
82086 11692 11832 4 129034 129032 148966 148967
82087 11692 11535 4 129032 129033 149102 148965
82088 11525 11721 8 129037 129038 149732 149759 148969 129058 129059 149721
82089 11525 11608 4 129038 129039 149760 149733
82090 222 474 6 129042 129043 134401 134417 134415 134368
82091 222 11896 7 129041 129042 134367 134365 134364 151471 150056
82092 11556 10 5 129045 129044 146484 146482 132447
82093 416 10815 3 129048 129046 151121
82094 35 143 9 129051 129052 130157 130022 130021 130245 129237 129236 130231
82095 35 11833 8 129052 129050 134561 149679 149445 149444 149614 130290
82096 35 11841 4 129050 129051 134286 134283
82097 11730 11721 4 129060 129058 148971 149646
82098 11462 11721 5 129059 129060 149572 149571 149582
82099 772 582 8 129068 129065 134527 134800 134465 134157 134159 134447
82100 772 725 3 129065 129067 134526
82101 781 582 5 129066 129068 134446 134434 134433
82102 389 566 6 129071 129072 129101 129104 129105 130098
82103 718 566 6 129073 129071 130100 129216 129215 129138
82104 231 566 6 129072 129073 129139 129153 129181 129103
82105 268 723 3 129074 129075 134497
82106 268 369 6 129075 129076 150420 129135 129136 134315
82107 402 369 4 129076 129077 131670 150415
82108 402 723 7 129077 129074 134498 131986 131985 133919 131669
82109 402 268 7 129074 129076 150413 150186 150182 134570 134496
82110 242 477 4 129079 129080 129704 134838
82111 242 367 5 129078 129079 131890 130282 130280
82112 11806 214 3 129087 129088 130731
82113 809 974 4 129095 129096 129221 129172
82114 768 904 7 129097 129098 135129 134809 134810 133917 133918
82115 768 1111 3 129098 129099 135127
82116 746 904 3 129100 129097 134655
82117 389 259 4 129101 129102 130546 129124
82118 389 592 3 129105 129106 130093
82119 290 389 6 129104 129106 129729 129731 130540 129124
82120 11794 11781 4 129113 129114 129582 129583
82121 11781 11615 5 129112 129114 149061 149059 149298
82122 1363 1418 5 129117 129118 135105 134959 134958
82123 1496 1418 6 129118 129119 136341 136340 136356 135106
82124 1418 1189 6 129117 129119 139031 135159 129376 129375
82125 225 213 6 129121 129122 145832 130519 130356 130141
82126 156 399 8 129123 129120 130734 130747 130701 130700 130504 130484
82127 156 225 6 129120 129122 145824 130728 130727 130733
82128 865 801 4 129129 129127 129637 129699
82129 865 849 4 129127 129128 129645 129636
82130 268 11887 5 129134 129135 150422 150238 150175
82131 86 369 4 129136 129137 134390 134317
82132 86 268 7 129134 129136 134316 134479 134482 150235 150176
82133 1391 1577 8 129140 129141 132148 131409 131222 131223 131556 131557
82134 1566 1391 4 129140 129142 132364 132074
82135 1371 1577 3 129141 129143 129911
82136 333 388 3 129144 129145 131427
82137 11124 11525 4 129150 129147 148908 148910
82138 11304 11525 6 129148 129150 148915 148916 149520 149590
82139 1198 739 8 129151 129152 129432 129436 129464 129439 129437 129484
82140 786 809 5 129154 129155 129315 129313 129314
82141 1385 1482 5 129159 129160 129331 129880 137187
82142 903 810 5 129164 129165 129167 130119 129339
82143 903 998 3 129165 129163 129166
82144 913 903 6 129166 129167 130108 129974 129971 129270
82145 786 745 6 129168 129169 129188 129312 129310 129309
82146 786 742 3 129169 129170 129189
82147 809 582 5 129173 129174 134464 134465 134992
82148 1303 1202 8 129177 129178 134639 135113 135248 135194 134180 134178
82149 1303 1284 8 129178 129179 134952 135128 135014 135016 135308 134640
82150 1043 1284 5 129179 129180 134613 134943 134944
82151 1043 1202 6 129180 129177 134889 134537 134536 134611
82152 1043 1303 6 129177 129179 134951 135120 135115 134888
82153 1284 1202 4 129178 129180 134612 134641
82154 384 259 3 129184 129185 129186
82155 1214 1416 4 129191 129192 138920 138642
82156 1264 1222 6 129193 129190 138959 138954 138953 138970
82157 1264 1214 8 129190 129192 138921 139050 129756 129755 138867 138866
82158 267 741 5 129197 129194 131769 131067 131066
82159 267 377 3 129194 129196 131768
82160 264 741 6 129195 129197 131260 129869 129870 129982
82161 1749 1914 4 129199 129198 136202 136259
82162 974 1363 5 129200 129201 129659 129257 129256
82163 780 1002 5 129202 129203 129770 129769 130031
82164 780 761 4 129203 129204 129993 130645
82165 761 1002 6 129203 129205 129625 130054 130860 130646
82166 1380 1220 6 129212 129213 135286 135282 135281 135224
82167 1273 1135 4 129214 129211 134310 129368
82168 1220 1135 4 129212 129214 129365 129367
82169 1213 839 3 129219 129220 129492
82170 1292 1201 6 129225 129226 130205 134758 134757 134617
82171 1292 983 4 129226 129227 134916 130206
82172 1328 1201 4 129228 129225 131561 131560
82173 983 1201 7 129226 129228 131570 131569 131562 130222 130207
82174 156 216 5 129234 129235 130302 130423 130425
82175 156 336 6 129235 129232 130083 130480 130463 130300
82176 1214 1260 6 129238 129239 129398 138990 138991 138973
82177 1214 1088 6 129239 129240 138626 138627 138923 129399
82178 1351 1214 5 129238 129240 138897 138642 138641
82179 1579 1417 5 129241 129242 134129 134555 134906
82180 1642 1769 5 129246 129247 131858 131860 135183
82181 1662 1769 7 129247 129248 135003 135097 134899 134900 135054
82182 126 231 5 129249 129250 130543 130375 130373
82183 11781 231 4 129251 129249 130428 149544
82184 786 632 4 129252 129253 129309 129264
82185 1217 974 5 129255 129256 129281 129287 134351
82186 1363 1217 4 129254 129256 129280 134958
82187 911 786 5 129258 129259 129312 129311 129317
82188 1198 1081 9 129265 129266 129550 129551 129483 129482 129437 129438 129467
82189 1198 1189 5 129266 129267 129324 139054 139036
82190 1317 1081 3 129268 129265 129337
82191 1317 1198 11 129265 129267 129325 139090 138957 129435 129434 129436 129466 129465 129469
82192 913 1055 4 129269 129270 129928 129726
82193 1115 1166 4 129271 129272 129279 129273
82194 1019 1011 6 129276 129277 129577 138869 129372 129374
82195 1189 1217 5 129280 129281 129286 129363 129375
82196 910 809 3 129284 129285 129313
82197 900 1217 5 129286 129287 134350 135187 129362
82198 1614 1937 4 129288 129289 135135 134103
82199 1614 1721 6 129289 129290 135134 135133 135201 135136
82200 1721 1937 7 129289 129291 135171 136228 135207 135208 135137
82201 1080 1253 3 129292 129294 134443
82202 660 865 6 129295 129296 129620 129572 129555 129556
82203 1470 944 5 129297 129298 132052 134624 133961
82204 1213 1033 4 129301 129299 138687 138856
82205 1019 1033 4 129300 129301 138868 129577
82206 1043 779 4 129306 129307 134943 134935
82207 768 779 10 129307 129308 134388 134387 134511 132071 132070 134539 134810 134807
82208 768 1118 3 129308 129305 134855
82209 779 1118 6 129306 129308 134854 134291 134290 134893
82210 1109 1471 4 129322 129319 132263 132262
82211 1109 1292 5 129319 129321 134848 134843 134758
82212 1327 1471 7 129320 129322 132264 132367 132354 132355 132202
82213 1198 1417 3 129324 129325 139087
82214 1144 1164 3 129327 129329 138725
82215 1172 1079 3 129328 129330 138747
82216 1482 1426 8 129333 129331 129882 136288 136289 136553 138800 138746
82217 1533 1426 4 129332 129333 137856 137855
82218 1044 1370 5 129334 129335 137926 131463 130039
82219 1372 1044 3 129334 129336 129922
82220 850 926 3 129342 129340 129403
82221 767 926 7 129341 129342 139014 129496 129414 129413 129388
82222 10856 11142 4 129344 129345 149181 149205
82223 11115 10969 5 129346 129343 130516 145443 145458
82224 11115 10856 4 129343 129345 145066 130515
82225 11142 10969 5 129344 129346 145459 144829 144831
82226 1734 1615 4 129349 129350 136457 136460
82227 1590 1615 5 129351 129349 138722 137796 137795
82228 1900 1615 6 129350 129351 138654 137888 137886 138778
82229 1164 1331 4 129352 129353 138901 138854
82230 1345 1331 6 129353 129354 137666 138198 138196 138509
82231 1331 1426 6 129352 129354 129650 129648 138634 138636
82232 1217 1209 7 129355 129356 135190 135188 135189 129362 129363
82233 1217 1579 7 129356 129357 135110 135111 134979 134981 135191
82234 1418 1579 5 129357 129358 134555 134516 134517
82235 1418 1209 4 129358 129355 129376 134554
82236 1642 1747 3 129360 129361 135304
82237 1642 2003 6 129361 129359 131859 131858 135317 135324
82238 1642 1655 8 129359 129360 135034 135036 135209 135307 135395 134196
82239 900 1209 4 129364 129362 135165 135164
82240 1189 1209 6 129363 129364 135163 135160 135158 129376
82241 1214 1011 4 129371 129372 138867 138865
82242 1214 1019 3 129372 129373 129755
82243 899 1214 9 129371 129373 129756 139048 138924 138923 129517 129516 138994
82244 732 660 3 129382 129383 129534
82245 660 818 5 129381 129383 129507 129506 129556
82246 1091 926 5 129384 129385 129405 129455 129615
82247 1258 1312 7 129390 129391 138569 130844 130846 138622 129612
82248 1258 1164 5 129391 129389 129927 138657 138629
82249 1258 1385 4 129389 129390 129611 129926
82250 1378 1246 3 129392 129393 138663
82251 1246 1247 7 129392 129394 138962 138964 138939 138940 138666
82252 1616 1805 5 129400 129401 138610 139906 138613
82253 926 1122 3 129404 129405 129450
82254 2308 2228 3 129407 129408 138672
82255 1264 1262 3 129409 129411 139007
82256 1427 1372 4 129415 129416 135900 138761
82257 1395 1372 3 129417 129415 131146
82258 1260 1503 3 129420 129421 139170
82259 1285 1351 3 129422 129419 138884
82260 1503 1351 9 129420 129422 138885 139003 138995 138997 138999 138616 138615
82261 1401 1199 3 129423 129424 139020
82262 899 1264 3 129426 129425 129756
82263 1638 1770 5 129427 129428 139010 139011 139094
82264 1496 1770 5 129428 129429 136277 136276 136356
82265 1770 1778 7 129427 129429 136424 136425 135176 135175 136395
82266 1198 1027 3 129432 129433 129434
82267 1198 910 5 129438 129439 129463 129465 129468
82268 2069 2095 3 129442 129440 136625
82269 2069 1783 7 129440 129441 138591 129445 129444 139070 138849
82270 1783 1950 4 129443 129444 139105 139116
82271 1961 1783 8 129443 129445 138592 139085 138844 138846 139125 139117
82272 1548 1323 4 129447 129448 136342 136241
82273 1323 1264 4 129447 129449 138931 136242
82274 1037 1091 4 129452 129453 129455 138927
82275 1091 1124 6 129452 129454 137023 137025 138915 138917
82276 1037 1264 4 129458 129459 138866 138959
82277 1037 1011 6 129459 129460 138695 129613 129614 138865
82278 1355 1323 6 129461 129462 138981 138977 136242 136241
82279 1198 1096 3 129463 129464 129466
82280 1198 1115 3 129467 129468 129469
82281 744 850 5 129476 129477 129488 129489 129478
82282 744 785 5 129479 129480 129491 129490 129488
82283 744 1198 3 129481 129482 129484
82284 594 744 4 129485 129486 129491 129487
82285 758 923 4 129493 129494 139055 129495
82286 126 215 5 129497 129498 130269 130321 130322
82287 11794 215 4 129498 129499 145239 130270
82288 1213 1262 4 129508 129509 129548 139019
82289 1826 1783 5 129510 129511 136272 139078 138645
82290 1122 1358 4 129515 129513 130531 138982
82291 1122 1337 5 129513 129514 138585 138872 130530
82292 624 702 4 129518 129519 129563 129562
82293 1505 1689 3 129522 129520 138069
82294 1442 1689 10 129521 129522 138067 137810 137679 136612 136613 137693 137815 137816
82295 457 168 4 129525 129526 130597 130538
82296 1638 1425 5 129527 129528 139039 139025 138934
82297 1638 1376 4 129528 129529 136130 136129
82298 1376 1425 4 129528 129530 139044 139041
82299 1705 1318 3 129538 129535 139028
82300 1705 1582 6 129535 129537 139071 139073 136102 136103
82301 1661 1318 4 129536 129538 138861 138859
82302 1418 1811 6 129540 129541 136419 134514 134516 135172
82303 1418 1847 3 129541 129539 136418
82304 1418 1638 6 129539 129540 138579 136338 136340 139010
82305 1818 1672 5 129543 129544 139045 138818 138816
82306 1818 1873 5 129544 129542 131134 131133 138826
82307 1818 1826 5 129542 129543 135819 135821 138645
82308 1546 1716 4 129547 129545 137655 138292
82309 606 865 4 129554 129555 129570 129710
82310 1765 1786 6 129558 129559 138701 129800 129801 138166
82311 1695 1786 5 129559 129560 137814 138759 139123
82312 1695 1689 4 129560 129557 137816 137813
82313 1786 1689 5 129558 129560 137811 135890 135888
82314 666 624 8 129561 129562 129737 130865 129764 129762 130745 129680
82315 1659 1765 5 129564 129565 136454 136455 139111
82316 1659 1900 4 129565 129566 137886 138774
82317 1876 1900 7 129566 129567 136546 138765 138684 138655 137888
82318 1876 1659 7 129564 129566 137887 135057 135058 139079 139080
82319 525 421 3 129568 129569 129654
82320 10079 9971 5 129573 129574 150608 152295 149385
82321 10079 10113 4 129574 129575 150732 150607
82322 10266 10113 5 129575 129576 149335 152318 150733
82323 10266 9971 7 129576 129573 149386 150705 150704 150642 149333
82324 10266 10079 5 129573 129575 150610 145080 145079
82325 126 155 5 129580 129581 130373 130374 130269
82326 11781 155 4 129581 129583 149543 130428
82327 624 761 8 129584 129585 129693 130866 129764 129763 130574 129745
82328 818 761 5 129587 129584 129746 129788 129754
82329 818 624 5 129584 129586 129711 129651 129652
82330 865 761 6 129585 129587 129637 129636 129655 129694
82331 920 661 4 129588 129589 129805 130787
82332 973 661 5 129590 129588 130862 130888 130946
82333 399 538 6 129593 129591 130668 130240 130242 130700
82334 951 1055 3 129594 129595 129597
82335 1708 1597 5 129599 129601 139289 138851 138850
82336 1660 2049 3 129603 129604 138758
82337 2049 1900 7 129602 129604 138756 138750 138720 138719 136546
82338 1212 1059 6 129605 129606 138807 129835 129820 129819
82339 1331 1059 6 129606 129607 130842 138854 138636 138635
82340 2910 2952 7 129608 129609 139435 138918 136721 136380 136381
82341 2910 2657 7 129609 129610 139461 140408 140514 140426 139463
82342 2567 2910 4 129608 129610 139458 139459
82343 1084 1046 8 129622 129623 130864 138131 138909 138559 137683 131426
82344 1046 908 7 129621 129623 130783 130784 130858 131582 130807
82345 849 1059 6 129626 129624 129820 129660 129646 129645
82346 761 1059 5 129625 129626 129655 129752 130055
82347 10926 11168 3 129628 129629 146265
82348 11367 11144 4 129630 129627 147303 146395
82349 741 667 6 129632 129633 131410 131068 131066 131260
82350 807 796 5 129634 129631 131268 131114 130997
82351 807 741 5 129631 129633 130800 130799 131406
82352 667 796 7 129632 129634 130998 132745 142760 131046 131048
82353 950 920 5 129638 129640 130781 130867 130872
82354 951 755 3 129641 129642 129696
82355 1059 1011 4 129646 129647 138881 129661
82356 865 1059 5 129645 129647 138925 129753 129655
82357 818 656 3 129652 129653 129746
82358 11089 10700 5 129656 129657 130122 130123 150756
82359 11089 11021 4 129657 129658 130224 130228
82360 11017 11089 7 129656 129658 130210 130209 154934 152948 151057
82361 316 560 6 129662 129663 130162 130892 132147 131831
82362 192 560 5 129663 129664 131783 134239 130163
82363 560 272 5 129662 129664 131781 134666 131832
82364 1649 1854 6 129668 129669 134982 135724 129929 129932
82365 1854 1617 5 129668 129670 130590 130589 132258
82366 847 801 3 129674 129672 129684
82367 908 950 8 129675 129676 130859 130873 130869 130867 130863 130783
82368 908 1002 6 129676 129677 130858 130051 130053 130860
82369 1059 908 3 129675 129677 130784
82370 1002 950 3 129676 129678 130054
82371 345 506 4 129681 129682 130614 130537
82372 1392 1363 5 129685 129686 129830 139006 138703
82373 1392 1395 6 129686 129687 136447 129783 129786 129831
82374 1431 1395 5 129687 129688 129943 129958 136449
82375 1431 1392 4 129685 129687 136448 136655
82376 1395 1363 5 129686 129688 129942 130009 129832
82377 1320 1476 7 129690 129691 136504 138083 138101 138249 136708
82378 1370 1476 6 129691 129692 137540 138124 138126 136506
82379 1370 1598 4 129692 129689 131438 136996
82380 1476 1598 6 129690 129692 137539 137660 137659 136709
82381 924 761 5 129693 129694 129752 130771 130874
82382 818 801 5 129695 129697 129698 129699 129754
82383 1084 920 4 129701 129700 130872 130871
82384 262 203 5 129702 129703 130208 130215 134583
82385 477 262 4 129702 129704 134693 134585
82386 186 291 4 129705 129706 130015 131723
82387 11383 11240 7 129707 129708 149142 149143 149094 131307 131310
82388 11383 11286 5 129708 129709 148992 144823 144824
82389 11212 11383 4 129707 129709 149046 143621
82390 1147 800 3 129717 129718 130012
82391 1147 713 8 129716 129717 130132 130134 134881 134629 130176 130175
82392 336 428 4 129719 129720 130005 130463
82393 291 704 5 129721 129722 130068 130066 129725
82394 291 336 5 129719 129721 129723 130301 130300
82395 704 428 4 129720 129722 130476 130006
82396 552 290 3 129729 129730 129916
82397 448 389 3 129731 129728 130539
82398 905 1002 7 129733 129734 129769 129767 130051 131512 131376
82399 915 1044 5 129735 129732 129895 131247 130685
82400 915 905 5 129732 129734 131249 131716 129894
82401 1002 1044 4 129733 129735 130686 131377
82402 666 924 3 129737 129738 130876
82403 342 482 4 129739 129740 130821 130387
82404 342 267 7 129740 129741 131270 131770 131768 131769 130822
82405 104 342 6 129739 129741 129850 129849 130676 130388
82406 718 1004 4 129744 129742 130136 129915
82407 389 498 4 129750 129748 130097 130169
82408 1328 1442 5 129757 129758 131561 134618 133176
82409 1460 1395 6 129759 129760 129879 138097 129958 129957
82410 1460 1442 5 129760 129757 133177 137815 129878
82411 671 624 3 129762 129763 130760
82412 761 666 3 129764 129761 130739
82413 761 671 7 129761 129763 129780 129781 130645 130646 130738
82414 299 564 4 129765 129766 130719 130078
82415 905 671 6 129767 129768 130661 130659 131578 130052
82416 905 780 5 129768 129769 131249 131717 130776
82417 1002 671 4 129770 129767 130053 130646
82418 841 983 3 129771 129772 130177
82419 841 1147 6 129772 129773 134669 134627 130176 130174
82420 829 1147 3 129773 129774 134670
82421 1257 1366 7 129775 129776 138548 138556 138560 138197 137748
82422 1297 1366 4 129776 129777 138084 138082
82423 1427 1392 4 129783 129784 138651 136685
82424 1427 1212 5 129784 129785 132215 138824 138652
82425 1212 1392 4 129784 129786 136466 138653
82426 761 755 3 129787 129788 129789
82427 741 697 5 129790 129791 131542 131371 131370
82428 11140 11229 8 129792 129793 146861 146860 146978 146977 146980 147035
82429 11244 11239 8 129794 129795 131029 146961 146962 146398 146397 146737
82430 11244 11229 4 129795 129792 146949 131028
82431 11244 11140 4 129792 129794 147026 147034
82432 11239 11229 5 129793 129795 131027 146572 146571
82433 11388 11591 3 129798 129796 149037
82434 2044 1786 8 129801 129802 136351 132308 132306 136525 136523 136604
82435 2044 2095 8 129802 129799 136410 136412 135783 135782 136625 136350
82436 2044 1765 5 129799 129801 138167 138531 137794
82437 1786 2095 3 129800 129802 136349
82438 920 965 3 129803 129804 130788
82439 1427 1505 6 129806 129807 131422 136681 136679 135900
82440 802 697 7 129809 129808 131468 131346 130479 130478 130610
82441 1705 1672 3 129810 129811 139071
82442 1698 1961 4 129812 129813 139081 138844
82443 915 1212 3 129817 129818 129822
82444 915 1268 5 129822 129823 130685 131248 130013
82445 2078 2171 3 129825 129826 135196
82446 2118 2078 5 129824 129826 136264 136205 136203
82447 982 675 5 129828 129829 129972 129973 130007
82448 1033 1212 4 129833 129834 138808 129835
82449 983 943 4 129837 129838 130011 129840
82450 1147 982 4 129839 129836 129983 130010
82451 371 832 4 129844 129845 129939 129938
82452 371 681 6 129845 129846 134704 134699 134698 134469
82453 560 681 6 129846 129847 132154 131831 131832 134702
82454 681 832 9 129845 129847 132150 131874 131876 132145 131979 131978 134470
82455 342 214 5 129848 129849 130675 131141 131385
82456 37 342 8 129848 129850 131270 131771 131743 131733 131734 131386
82457 828 640 3 129851 129852 129864
82458 917 1125 4 129853 129854 129899 129897
82459 917 1107 5 129854 129855 131430 131150 131148
82460 5 342 5 129857 129858 131661 131733 131508
82461 5 287 4 129858 129859 131805 131662
82462 364 287 4 129859 129860 131776 131804
82463 364 342 5 129860 129857 131509 131775 131774
82464 287 342 8 129858 129860 131767 130832 130831 131141 131412 131663
82465 2908 3115 3 129862 129863 136030
82466 3068 2908 7 129861 129863 136778 136081 136080 140240 136854
82467 225 161 5 129865 129866 130355 130356 130518
82468 225 284 6 129866 129867 129995 129996 130611 130487
82469 50 284 3 129867 129868 130500
82470 50 161 6 129868 129865 130559 148986 130490 130489
82471 264 243 8 129870 129871 131194 131193 146313 146312 131541 130155
82472 264 796 4 129871 129869 131048 131047
82473 1459 1865 4 129872 129873 139809 130938
82474 1546 1459 7 129872 129874 130770 138522 138276 138257 130937
82475 286 122 5 129875 129876 131200 131201 131784
82476 1695 1460 5 129878 129879 138096 137814 137813
82477 1482 1315 4 129882 129880 136344 136343
82478 1493 1525 6 129883 129884 134919 134918 135091 135081
82479 1460 1525 7 129886 129883 135079 135080 136371 137812 133177
82480 1460 1493 4 129883 129885 134933 134930
82481 1328 1525 4 129884 129886 133176 135006
82482 8980 10091 5 129888 129887 151455 151456 151462
82483 897 1195 4 129889 129890 137671 137672
82484 1322 1107 4 129892 129893 138387 138142
82485 987 915 5 129894 129895 131583 131598 131714
82486 1039 917 7 129899 129896 131051 131052 131449 131149 131148
82487 1039 1148 3 129896 129898 131397
82488 188 344 7 129900 129901 156154 156321 142983 142974 142972
82489 188 98 5 129901 129902 130941 143163 156120
82490 458 98 7 129902 129903 156139 143325 143323 143048 130942
82491 458 344 7 129903 129900 142843 131285 131287 155749 156168
82492 458 188 4 129900 129902 130940 142975
82493 98 344 3 129901 129903 156155
82494 2235 2108 7 129904 129905 136480 136481 136621 137833 132298
82495 2235 2439 4 129905 129906 137798 137196
82496 2460 2439 6 129906 129907 132396 137183 137133 137132
82497 2460 2235 7 129904 129906 137799 131399 131401 137801 132299
82498 2439 2108 5 129905 129907 132362 132361 137197
82499 1577 1405 6 129910 129911 132148 130691 130692 131227
82500 1405 1566 4 129910 129912 132203 136995
82501 448 592 3 129917 129918 130004
82502 1332 1320 6 129919 129920 138072 137435 137436 131311
82503 1044 1201 6 129921 129922 130039 131462 131574 131247
82504 2091 1915 7 129930 129931 130835 134969 137838 133784 132061
82505 1854 1915 6 129931 129932 132258 132260 133392 130837
82506 1854 2091 5 129929 129931 130836 135695 135722
82507 1915 1649 4 129930 129932 132854 132062
82508 1243 1103 6 129935 129933 134665 134768 134255 134254
82509 1243 981 4 129933 129934 131811 134472
82510 969 371 5 129937 129938 131636 131637 134833
82511 832 1176 6 129939 129936 134590 133793 133792 134470
82512 371 1176 5 129937 129939 134469 134545 134547
82513 1521 1431 6 129940 129941 135004 135046 136391 135132
82514 780 983 3 129945 129946 129992
82515 11155 11433 7 129947 129948 150540 150531 150532 149431 149430
82516 11155 11582 8 129948 129949 134246 154941 134644 134642 150549 150541
82517 11369 11582 5 129949 129950 133688 133690 134248
82518 11369 11155 4 129947 129949 134247 150534
82519 11582 11433 5 129948 129950 134070 134069 150127
82520 931 1134 6 129952 129953 131977 131950 131951 132288
82521 931 1176 7 129953 129951 131593 131595 134816 134817 133792
82522 931 1437 6 129951 129952 132287 133514 132276 131931
82523 956 944 7 129961 129959 132274 132290 134695 134871 134880
82524 841 944 7 129960 129961 134878 134873 134863 134628 134627
82525 11806 107 3 129963 129964 129989
82526 146 107 7 129965 129963 146409 131741 131740 131773 131382
82527 757 563 3 129966 129967 131092
82528 631 841 3 129968 129969 130062
82529 841 563 5 129967 129969 130060 129997 129999
82530 913 675 4 129973 129974 130107 130008
82531 872 1327 4 129975 129976 131347 131349
82532 11615 11361 4 129978 129979 149029 149058
82533 11673 11361 5 129980 129978 149448 145063 145065
82534 11455 11361 6 129979 129980 149003 149172 149485 149030
82535 364 741 5 129981 129982 130154 130217 130218
82536 37 146 5 129985 129984 131386 131382 131384
82537 626 445 6 129986 129987 141147 141144 143811 -1
82538 161 193 5 129990 129991 130489 130344 130343
82539 273 225 6 129994 129996 130524 130523 130470 130469
82540 576 841 7 129997 129998 134863 130173 130174 130177 130120
82541 477 841 4 129998 129999 131093 134873
82542 186 203 4 130001 130002 148833 130243
82543 106 203 4 130002 130003 130396 148834
82544 106 368 5 130003 130000 131720 130398 130395
82545 1268 983 3 130013 130014 131562
82546 666 502 5 130018 130019 130363 130362 130698
82547 143 215 5 130022 130020 130256 130254 130156
82548 143 11864 3 130020 130021 149171
82549 11619 11804 5 130023 130024 149392 130405 130406
82550 11619 11864 5 130024 130025 130440 130438 130891
82551 94 11864 5 130025 130026 146335 148836 148835
82552 94 11804 5 130026 130023 130418 146428 146334
82553 94 11619 6 130023 130025 149051 149497 150429 130417
82554 11864 11804 5 130024 130026 146333 149464 149393
82555 131 23 8 130027 130028 156228 156112 143740 141417 141420 143143
82556 131 11682 3 130028 130029 156227
82557 188 11682 5 130029 130030 142858 142903 156308
82558 188 23 5 130030 130027 143146 141462 141461
82559 188 131 7 130027 130029 156307 156119 143163 143162 143145
82560 11682 23 7 130028 130030 142857 144264 146205 155411 155410
82561 944 716 3 130033 130034 134277
82562 969 779 3 130035 130032 134541
82563 969 944 8 130032 130034 134276 134856 134876 134870 134695 134694
82564 716 779 7 130033 130035 134542 134917 134850 134851 134495
82565 122 11702 5 130037 130038 131802 131911 132499
82566 1887 1987 4 130041 130042 131584 138026
82567 2026 1948 3 130043 130044 137925
82568 2026 1887 8 130041 130043 131579 131580 137530 137532 138372 138025
82569 1069 1405 5 130046 130047 130694 130691 132171
82570 1660 1911 7 130049 130050 137950 133299 132000 131999 138102
82571 1911 1476 5 130048 130050 137859 137660 137661
82572 905 908 3 130051 130052 131582
82573 761 950 4 130054 130055 130771 130859
82574 2351 2448 8 130056 130057 136515 137453 137721 135775 135776 137709
82575 2675 2448 4 130059 130056 137036 137035
82576 2675 2351 4 130056 130058 137885 137710
82577 291 577 7 130066 130067 130377 131673 130404 130402 130400
82578 291 658 3 130067 130068 130376
82579 658 577 6 130067 130069 130084 131452 131451 130378
82580 1111 1599 5 130070 130071 135213 135247 135246
82581 497 242 4 130073 130074 131891 130282
82582 497 262 5 130074 130072 130288 134603 134604
82583 336 552 4 130079 130080 130458 130094
82584 336 675 5 130080 130081 130105 130430 130429
82585 335 336 4 130083 130082 130473 130472
82586 915 577 4 130084 130085 130088 131610
82587 1644 2296 4 130086 130087 133578 133579
82588 661 538 5 130090 130091 130334 130548 130370
82589 538 494 8 130090 130092 130754 130735 130737 130638 130637 130372
82590 552 566 4 130098 130099 130111 130100
82591 675 444 3 130102 130103 130429
82592 913 552 5 130107 130108 130115 130114 130109
82593 552 810 6 130110 130111 130112 130118 130119 130115
82594 552 839 3 130116 130117 130118
82595 11089 10998 9 130121 130122 130228 130229 148984 150467 146871 146870 154443
82596 10709 10700 7 130123 130124 146736 148306 149344 154340 150757
82597 10709 10998 10 130124 130121 151003 150599 150353 148237 148236 149368 146880 146734
82598 10709 11089 3 130121 130123 150755
82599 10700 10998 4 130122 130124 146735 146368
82600 562 1069 5 130126 130127 130715 131629 130436
82601 917 562 3 130125 130127 130716
82602 713 927 4 130128 130129 130135 134685
82603 713 943 4 130131 130132 130133 130145
82604 713 1004 5 130133 130134 134853 130135 130136
82605 713 552 3 130137 130138 130139
82606 70 210 7 130143 130144 130741 130742 145846 145029 131492
82607 287 107 7 130149 130150 131662 131663 131740 131739 132557
82608 287 256 6 130150 130147 131071 131070 131804 131805
82609 287 11815 4 130147 130149 132556 131810
82610 107 256 3 130148 130150 131808
82611 11166 11098 4 130152 130153 149735 149746
82612 11254 11166 5 130151 130153 148742 148741 149787
82613 143 155 5 130157 130156 130255 130295 130291
82614 577 368 4 130159 130160 131721 130404
82615 477 560 7 130162 130163 133697 131964 131963 133959 130893
82616 1078 239 6 130164 130165 132082 134444 134772 133794
82617 1078 415 5 130165 130166 133932 133934 132083
82618 875 415 4 130166 130167 134183 133960
82619 875 239 8 130167 130164 133796 134747 134740 134742 134308 134181
82620 875 1078 7 130164 130166 133556 133557 134790 134313 133795
82621 415 239 8 130165 130167 134182 134245 150276 134503 134502 132084
82622 215 498 3 130168 130169 130259
82623 576 983 5 130170 130171 130179 130177 130178
82624 576 1147 3 130174 130175 130178
82625 713 841 3 130176 130173 134628
82626 10627 10116 6 130180 130181 154524 154520 149382 149383
82627 11815 279 4 130183 130184 146463 131817
82628 11815 94 9 130184 130185 131814 146461 150371 130417 130418 146464 146465
82629 423 279 7 130186 130183 131818 131547 131549 131454 131453
82630 423 11815 6 130183 130185 131815 131809 131810 131816
82631 94 279 4 130184 130186 131461 131460
82632 10539 10503 5 130187 130188 149763 149924 149939
82633 10888 10612 7 130189 130190 145457 149867 149283 148195 148194
82634 10888 10503 4 130190 130187 149769 145456
82635 11653 11715 4 130196 130197 146371 150291
82636 11572 11715 8 130197 130198 149563 134338 134340 150391 150379 146372
82637 1380 1540 7 130200 130199 135254 135231 135230 135253 135252
82638 11272 10778 5 130201 130202 151279 150230 134562
82639 11272 10616 3 130202 130203 151278
82640 11172 11272 6 130201 130203 151289 150398 150381 134563
82641 10616 10778 6 130202 130204 149609 134065 134062 151280
82642 1292 829 5 130205 130206 134670 134668 134843
82643 829 1201 4 130205 130207 130223 131587
82644 11089 11200 5 130210 130211 148983 130229 130224
82645 11564 11017 6 130212 130209 154932 146488 146490 146835
82646 11564 11089 7 130209 130211 149397 149361 148378 148380 154942
82647 133 53 4 130213 130214 130237 150378
82648 53 262 4 130213 130215 134582 150431
82649 364 562 3 130216 130217 131550
82650 11202 11347 6 130220 130221 134550 149694 149695 150270
82651 11592 11202 6 130219 130221 134549 149499 149498 149876
82652 1201 915 6 130222 130223 131588 131583 131247 131248
82653 10733 10578 5 130226 130227 150082 150177 148338
82654 11021 10998 5 130230 130228 146368 148386 149370
82655 11200 10998 5 130229 130230 149371 149443 148985
82656 34 133 4 130232 130233 150369 130289
82657 34 35 5 130233 130231 134286 134285 134463
82658 11815 11619 6 130234 130235 130407 130406 130417 150375
82659 35 53 5 130237 130238 149156 149467 150376
82660 302 538 4 130239 130240 130666 130735
82661 302 399 4 130240 130241 130747 130667
82662 70 399 3 130241 130242 130701
82663 70 302 7 130239 130241 130726 130725 145845 130742 130736
82664 203 215 5 130243 130244 130257 130256 149306
82665 143 203 5 130245 130246 130258 130256 149171
82666 826 458 7 130247 130248 142147 142716 143213 143177 132800
82667 826 68 6 130248 130249 132506 143308 143304 142146
82668 707 68 4 130249 130250 155448 132507
82669 707 458 5 130250 130247 131286 131287 155447
82670 707 826 6 130247 130249 132505 143088 143087 132799
82671 68 458 6 130248 130250 155446 156140 143325 142148
82672 156 11878 6 130251 130252 145824 145535 145534 145040
82673 367 143 5 130254 130255 130281 130280 130258
82674 367 155 4 130255 130253 130261 130296
82675 768 584 4 130262 130263 132070 132073
82676 768 402 7 130263 130264 132037 131984 131985 133917 134539
82677 34 402 7 130264 130265 134372 150405 150186 150185 134638
82678 34 584 5 130265 130262 131826 131446 131447
82679 402 584 5 130263 130265 134371 134581 134540
82680 995 1042 8 130268 130266 134349 134519 134518 134989 135155 134830
82681 995 1209 7 130266 130267 135162 135165 135189 134508 134348
82682 11671 11413 3 130272 130273 130292
82683 1149 1197 8 130274 130275 138318 138319 138481 131278 130442 130443
82684 1149 1332 5 130275 130276 138357 130957 130955
82685 1504 1197 5 130277 130274 131236 138050 138047
82686 1504 1149 5 130274 130276 131405 131404 131235
82687 1332 1197 3 130275 130277 138320
82688 498 368 3 130278 130279 130348
82689 11649 272 4 130284 130285 150454 134608
82690 61 272 7 130285 130286 131857 131685 131686 131937 150455
82691 61 11852 3 130286 130283 146479
82692 61 11649 7 130283 130285 150453 134615 134614 154410 154660
82693 11592 11833 5 130293 130294 149679 134566 134567
82694 497 155 6 130295 130296 130312 130313 130315 148819
82695 11804 11790 7 130297 130298 149486 130405 130408 146428 146429
82696 11804 11806 4 130298 130299 149201 149199
82697 119 11804 4 130297 130299 149394 149398
82698 11721 75 3 130303 130304 148879
82699 11849 21 3 130305 130306 149717
82700 11849 11721 7 130303 130305 149728 148971 148969 149647 148880
82701 11483 11567 4 130311 130309 149691 149538
82702 155 231 5 130314 130315 149452 130428 130373
82703 11564 11294 4 130318 130316 149396 149397
82704 11200 11294 5 130317 130318 148983 148985 149442
82705 345 555 3 130323 130324 130483
82706 572 563 4 130327 130328 131565 131456
82707 577 423 3 130329 130326 131454
82708 577 572 6 130326 130328 131611 131610 131452 131450
82709 905 1046 6 130330 130331 131512 131582 131578 131577
82710 1046 1108 6 130330 130332 137682 131426 131425 131526
82711 11593 15 3 130336 130337 148871
82712 161 289 3 130338 130339 130343
82713 319 297 4 130340 130341 130560 130569
82714 241 610 6 130345 130346 131074 131054 131055 142923
82715 11790 11622 4 130349 130350 146415 146418
82716 11786 11622 5 130351 130349 146350 144472 144474
82717 11806 11622 6 130350 130351 146367 145011 145013 149488
82718 11244 11441 7 130353 130354 146103 131847 131845 146291 131326
82719 11244 11200 11 130354 130352 131807 154841 146110 146109 146130 146127 146397 146330 146329
82720 11244 11427 4 130352 130353 130679 130681
82721 267 11835 3 130360 130361 146081
82722 106 119 5 130364 130365 149398 146136 131725
82723 740 587 5 130366 130367 143174 143210 143043
82724 740 611 4 130367 130368 141521 143173
82725 1159 611 5 130368 130369 130936 142663 141523
82726 1159 587 3 130369 130366 130935
82727 1159 740 10 130366 130368 141522 143266 143239 143096 142502 141624 141626 143042
82728 598 494 4 130371 130372 130769 130802
82729 428 577 3 130377 130378 131665
82730 11726 11591 4 130380 130381 146228 146212
82731 10979 11049 5 130384 130385 145254 149149 149238
82732 11049 10969 3 130384 130386 149209
82733 514 104 4 130388 130389 130506 130647
82734 514 342 5 130387 130388 131144 130907 130909
82735 10622 10502 4 130390 130391 152836 154453
82736 10700 10622 4 130390 130392 150582 154339
82737 368 94 4 130393 130394 130397 130395
82738 94 106 8 130395 130396 146335 146334 146430 146465 131460 130399
82739 563 106 3 130398 130399 131459
82740 291 576 3 130401 130402 130403
82741 11790 11815 10 130407 130408 146464 146462 131817 131816 132556 132555 131614 131613
82742 11790 11619 4 130405 130407 149179 149178
82743 11815 11804 3 130406 130408 130418
82744 11058 10981 6 130409 130410 132859 132649 132650 154773
82745 11058 11612 8 130410 130411 154148 154146 131835 131834 132336 132334
82746 11461 10981 4 130412 130409 154795 138270
82747 11461 11058 5 130409 130411 154772 145795 145794
82748 11612 10981 3 130410 130412 138269
82749 11615 11378 9 130413 130414 149058 149056 149556 148404 148403 149462 146833
82750 11622 11378 6 130416 130413 146834 149504 149455 149454
82751 11622 11615 4 130413 130415 146481 146832
82752 11673 11378 5 130414 130416 149479 149478 149448
82753 126 290 5 130420 130421 130541 130540 130547
82754 11794 156 4 130424 130425 130557 145090
82755 11741 11669 7 130431 130432 131842 146358 146360 146434 146433
82756 11741 37 4 130432 130433 131797 131843
82757 115 37 6 130433 130434 146044 131779 131743 131742
82758 115 11669 5 130434 130431 146495 131036 131035
82759 37 11669 5 130432 130434 146653 146100 131844
82760 53 11864 5 130439 130440 148835 148837 149156
82761 53 11619 3 130440 130437 149051
82762 53 11572 6 130437 130439 149467 146372 134319 134321
82763 1584 1197 5 130443 130444 138470 138472 131236
82764 1584 1105 6 130444 130441 137914 138487 141489 138469
82765 1584 1149 4 130441 130443 131235 137913
82766 11199 11067 5 130445 130446 144957 149139 149140
82767 11492 11836 5 130447 130448 149112 149129 149130
82768 11553 11836 5 130449 130447 145020 145022 148936
82769 11633 11836 6 130448 130449 148563 148564 149055 149074
82770 802 612 6 130451 130450 130722 130452 130453 130478
82771 802 598 3 130453 130454 130610
82772 1140 1045 5 130457 130455 138557 138539 131038
82773 220 181 9 130459 130460 130920 143059 143062 143063 143109 146654 145940
82774 220 187 4 130460 130461 130775 130773
82775 139 187 7 130461 130462 142971 142970 144392 130817 130820
82776 139 220 4 130459 130461 142533 145941
82777 187 181 3 130460 130462 130921
82778 302 319 5 130464 130465 130743 130682 130683
82779 302 210 5 130465 130466 145844 130742 130740
82780 40 210 6 130466 130467 130618 130615 130617 145893
82781 40 319 3 130467 130464 130729
82782 40 302 5 130464 130466 145892 130746 130730
82783 40 273 7 130470 130471 144954 130619 130618 130729 130730
82784 40 225 8 130468 130470 130746 146098 130519 130518 130558 145033
82785 697 612 4 130477 130478 130609 131381
82786 557 697 7 130477 130479 130967 130966 131371 130908 130910
82787 383 488 5 130491 130492 130576 130512 130497
82788 10712 10759 3 130493 130494 145585
82789 11363 11511 5 130501 130502 149117 146218 146219
82790 11511 11673 3 130501 130503 147146
82791 11839 25 4 130507 130508 149012 145145
82792 119 70 4 130511 130509 131616 130672
82793 11087 10969 4 130516 130514 148832 145442
82794 213 40 4 130519 130520 149054 146099
82795 40 161 4 130518 130520 149035 130559
82796 302 329 7 130521 130522 130682 130752 130666 130667 130732
82797 302 273 4 130522 130523 130730 130683
82798 225 302 6 130521 130523 130746 146076 130725 130727
82799 168 213 3 130528 130529 130581
82800 1323 1122 5 130530 130531 138981 138842 138843
82801 11647 11314 6 130533 130534 154957 154961 155134 154464
82802 11649 11314 5 130536 130533 154465 150480 150482
82803 11649 11647 8 130533 130535 154829 150454 150453 154474 150287 150289
82804 11582 11314 5 130534 130536 154936 154941 154944
82805 126 259 5 130543 130544 130545 130547 130546
82806 11440 11585 7 130550 130551 146133 146268 146267 147087 146758
82807 11610 11557 6 130552 130549 130923 146227 146071 145076
82808 11585 11557 5 130550 130552 145077 145741 146411
82809 11585 11645 10 130553 130554 145803 145802 145763 145766 145906 146084 146045 146010
82810 11585 11341 4 130554 130555 146256 146052
82811 11523 11341 9 130555 130556 145835 145848 145851 144927 144796 144794 147252
82812 11523 11645 4 130556 130553 146011 145834
82813 11341 11645 3 130554 130556 145833
82814 40 50 4 130558 130559 149001 145034
82815 931 549 6 130562 130563 131948 134652 131117 131118
82816 931 750 5 130563 130564 133486 131951 131949
82817 861 931 5 130562 130564 133032 133031 133440
82818 11314 10828 4 130565 130566 132644 132646
82819 11314 11542 8 130566 130567 154944 154957 154963 155127 154995 132954
82820 11155 11542 6 130567 130568 151085 150141 134643 134644
82821 11155 10828 5 130568 130565 134610 150577 151148
82822 11155 11314 6 130565 130567 154941 150754 150753 134609
82823 11542 10828 6 130566 130568 151150 151151 151165 132955
82824 297 210 6 130570 130569 130613 130654 130634 130636
82825 399 656 3 130571 130572 130573
82826 399 383 4 130575 130576 130578 130577
82827 162 161 3 130579 130580 146243
82828 11216 11142 7 130582 130583 131308 131309 144991 145459 148197
82829 11216 11315 5 130583 130584 148159 130594 130592
82830 11113 11315 5 130584 130585 148715 148716 148431
82831 11113 11216 3 130582 130584 148196
82832 11315 11142 4 130583 130585 148739 149062
82833 245 11890 4 130586 130588 142821 143077
82834 1621 1854 4 130590 130591 132184 132088
82835 11315 11383 7 130595 130592 149062 149046 148992 147069 147033
82836 11273 11383 5 130593 130595 147032 149008 149121
82837 162 457 5 130596 130597 130600 130601 130603
82838 162 383 3 130599 130600 130602
82839 11585 11450 8 130604 130605 130641 130643 146268 146269 147244 145998
82840 397 6 4 130607 130608 141597 131004
82841 397 221 5 130608 130606 141562 143052 143528
82842 397 241 7 130606 130607 131003 131009 131053 131055 141561
82843 11227 11038 4 130620 130621 147020 147273
82844 11223 11038 5 130621 130623 145550 146729 146731
82845 11610 11621 4 130626 130624 146192 146131
82846 11579 11621 6 130625 130626 146067 146066 146647 145430
82847 1110 720 5 130628 130629 130803 130804 131366
82848 11645 11392 6 130631 130632 145792 147072 143692 143693
82849 11851 11392 5 130632 130633 143682 144432 144430
82850 11851 11688 7 130633 130630 146021 146034 146033 143517 143518
82851 11851 11645 3 130630 130632 145791
82852 11392 11688 3 130631 130633 143681
82853 210 128 5 130635 130636 130639 130640 131209
82854 11450 11511 6 130642 130643 146139 146140 147134 149119
82855 11585 11511 4 130643 130644 131216 146133
82856 11585 11591 3 130644 130641 131215
82857 11706 11643 7 130648 130649 143384 143385 143997 144000 144295
82858 11706 11782 4 130649 130650 131059 156217
82859 263 11782 7 130650 130651 143006 143004 144233 144144 131061
82860 263 11643 4 130651 130648 146012 155948
82861 263 11706 4 130648 130650 131060 144224
82862 661 528 4 130652 130653 130944 130690
82863 854 897 3 130656 130657 130962
82864 802 948 3 130658 130655 130849
82865 905 598 4 130660 130661 130776 131718
82866 2235 2395 7 130663 130664 131400 131401 137800 137840 133401
82867 2395 2120 6 130663 130665 133517 135597 136475 133402
82868 306 156 3 130669 130670 130673
82869 342 306 6 130675 130676 131144 131143 130833 130831
82870 11504 11244 4 130679 130680 145733 131326
82871 11344 11427 5 130681 130678 145531 146422 131806
82872 11344 11504 5 130678 130680 145734 146122 145530
82873 502 612 3 130688 130689 130765
82874 1069 1577 4 130691 130693 131408 131409
82875 1146 980 4 130696 130697 138574 138575
82876 1230 1146 6 130695 130697 137935 130843 130845 138571
82877 538 156 3 130699 130700 130702
82878 612 854 6 130703 130705 130906 130721 130722 130962
82879 1502 1764 6 130706 130707 136434 132172 132174 132347
82880 1471 1764 5 130709 130706 131514 131513 133360
82881 1471 1502 5 130706 130708 132366 132354 132353
82882 1154 1519 6 130711 130712 141611 142826 142823 142825
82883 1154 1361 4 130712 130713 141383 141612
82884 1089 1154 6 130711 130713 141382 142952 142873 142871
82885 917 741 7 130716 130717 131052 130799 130798 131372 131370
82886 741 1069 6 130715 130717 131050 131343 131757 131630
82887 397 618 5 130720 130718 141527 131056 131053
82888 302 156 4 130726 130727 130732 130747
82889 225 70 3 130728 130725 145823
82890 156 329 3 130733 130732 130734
82891 494 302 5 130735 130736 130740 130743 130752
82892 494 70 4 130736 130737 130748 130741
82893 908 761 6 130738 130739 130866 130874 130859 130860
82894 666 399 4 130744 130745 130756 130750
82895 494 329 4 130752 130753 130755 130754
82896 671 329 3 130757 130758 130759
82897 612 494 5 130761 130762 130765 130764 130802
82898 564 509 4 130766 130767 130992 130991
82899 220 554 5 130773 130774 131010 142940 130920
82900 220 221 8 130774 130775 142533 145994 156006 145993 143089 131011
82901 388 11863 6 130778 130779 150494 134307 134309 134580
82902 11542 11863 9 130779 130780 131871 133713 133712 133465 133462 150321 150495
82903 11542 388 4 130777 130779 150493 150254
82904 11863 56 3 130778 130780 131870
82905 1046 950 5 130785 130783 130864 138130 137522
82906 908 920 6 130786 130787 130861 130871 130867 130868
82907 10087 10036 5 130790 130791 154643 156760 153769
82908 10019 10215 5 130792 130793 146316 153832 153756
82909 10019 10036 5 130793 130790 152740 152739 146315
82910 10019 10087 4 130790 130792 153755 153770
82911 10215 10036 3 130791 130793 146314
82912 11158 10842 3 130795 130796 144142
82913 10947 10956 4 130797 130794 146724 146726
82914 10947 11158 7 130794 130796 155562 147439 147440 156077 147057
82915 10842 10956 7 130795 130797 147321 156455 156115 147416 144143
82916 720 741 4 130798 130800 131410 131411
82917 483 487 5 130810 130811 132712 132713 154866
82918 487 422 4 130809 130811 142442 142320
82919 1694 1893 4 130812 130813 138377 138376
82920 10725 10590 5 130815 130816 146349 147553 145573
82921 10725 10699 3 130814 130815 145571
82922 11822 221 7 130818 130819 146088 146092 146193 156005 145994
82923 187 11822 4 130817 130819 130914 130913
82924 221 139 3 130818 130820 142533
82925 342 557 5 130821 130822 131543 130908 130909
82926 267 557 7 130822 130823 131015 131075 131170 131069 131067
82927 959 902 8 130827 130828 142537 142568 132895 132894 142398 142343
82928 902 1168 3 130826 130828 131022
82929 598 428 4 130829 130830 131699 130834
82930 2091 2226 8 130835 130836 135642 135641 135741 135877 137841 134970
82931 1915 2226 3 130837 130835 133391
82932 1744 1575 3 130839 130840 131970
82933 1840 1666 5 130841 130838 138329 137582 132537
82934 1840 1744 7 130838 130840 131969 132451 132450 132946 142620
82935 1575 1666 5 130839 130841 132536 132453 132193
82936 1146 1312 7 130843 130844 138567 138899 138894 137633 137634
82937 1146 1258 3 130844 130845 138568
82938 736 628 4 130847 130848 131946 132068
82939 1320 1289 8 130850 130851 138072 138073 138101 138081 138080 137777
82940 987 1320 4 130850 130852 136551 137778
82941 1801 1792 5 130854 130855 138076 137858 131436
82942 1801 1836 6 130855 130856 138200 138199 138201 138202
82943 1971 1836 5 130856 130857 131801 136511 137629
82944 1971 1792 6 130857 130854 131437 131490 131491 131799
82945 1971 1801 4 130854 130856 137542 131435
82946 1836 1792 7 130855 130857 131800 133412 133411 137947 137949
82947 624 908 3 130865 130866 130875
82948 908 702 4 130868 130869 130877 130870
82949 908 924 5 130873 130874 130875 130876 130877
82950 2009 2044 5 130879 130880 136501 136604 138167
82951 2120 2044 3 130880 130882 135581
82952 2075 1836 4 130883 130884 136511 136512
82953 2075 2006 5 130884 130885 137688 136693 136691
82954 2152 2075 6 130883 130885 137687 137598 135086 135083
82955 2006 1836 7 130884 130886 136593 137670 137863 138200 137629
82956 11572 11720 3 130889 130890 146437
82957 11864 11720 5 130890 130891 149393 148282 148279
82958 11720 11619 8 130889 130891 149392 149178 149177 149503 149463 146439
82959 1494 1125 4 130900 130901 137865 131198
82960 1085 854 3 130903 130904 138452
82961 948 1085 7 130902 130904 138453 138175 138174 138251 138436
82962 514 557 4 130909 130910 131014 131013
82963 514 697 6 130910 130907 131145 131702 131414 131381
82964 11842 11807 4 130911 130912 143700 143703
82965 11842 187 7 130912 130913 144392 143014 143012 146171 146169
82966 11822 11807 9 130914 130911 146027 156207 146024 146025 146188 146091 146088
82967 557 610 5 130917 130915 131074 131075 131171
82968 3014 2530 6 130925 130926 142481 132899 132898 133060
82969 3014 2976 7 130924 130925 133059 133098 133132 133141 133139
82970 1671 1322 3 130928 130929 137413
82971 1800 1934 5 130930 130931 131394 138304 137577
82972 2281 1975 4 130934 130932 138400 141362
82973 1459 1469 6 130937 130938 138361 138360 138416 138256
82974 1546 1469 4 130939 130937 138258 130983
82975 348 188 6 130940 130941 143162 143215 143251 143217
82976 348 98 5 130941 130942 143046 142280 142281
82977 458 348 5 130940 130942 143047 142727 142728
82978 948 661 5 130943 130944 130958 130960 130946
82979 948 973 7 130945 130946 130961 138164 138533 138348 138349
82980 11759 11528 6 130947 130948 143794 143792 146200 143516
82981 11688 11528 6 130949 130947 143518 143681 156050 131213
82982 11554 11528 3 130948 130949 131212
82983 948 958 6 130950 130951 138163 130961 130960 130959
82984 948 1068 6 130951 130952 138251 137640 136659 136658
82985 958 1048 5 130953 130954 138163 138165 138157
82986 1149 1195 5 130955 130956 138396 138317 138318
82987 1064 1039 7 130963 130964 131475 131267 131269 131149 131151
82988 720 697 3 130965 130967 131346
82989 557 917 3 130966 130968 131372
82990 241 104 5 130971 130972 130973 131128 146014
82991 1152 1060 3 130977 130978 137579
82992 1256 1152 8 130976 130978 138350 138178 138177 130989 130988 130980
82993 1054 1152 4 130979 130980 136878 130985
82994 1068 1054 3 130985 130986 138461
82995 1152 1085 5 130987 130988 136878 138217 138218
82996 1459 1256 7 130989 130990 138139 138140 131529 131532 138172
82997 1459 1085 6 130990 130987 132544 132546 138492 138455
82998 1256 1085 4 130988 130990 138456 136879
82999 11645 11830 8 130994 130995 145713 145790 146124 146046 146010 146011
83000 11410 11830 7 130995 130996 145850 145852 145984 144228 144227
83001 11410 11301 7 130996 130993 144159 145365 143638 143635 144520
83002 11410 11645 8 130993 130995 145661 145660 145791 145792 145728 144158
83003 11830 11301 4 130994 130996 145847 145849
83004 796 1012 7 130997 130998 132746 131677 131676 131477 131113
83005 667 1012 6 130998 130999 132638 132637 142876 132747
83006 119 11739 3 131000 131001 149031
83007 241 163 4 131002 131003 131008 131057
83008 128 11835 5 131007 131005 146073 146074 146075
83009 11830 11835 5 131006 131007 142855 142854 146124
83010 554 459 4 131012 131010 142941 142555
83011 221 459 6 131011 131012 142556 141560 141562 143050
83012 554 533 7 131016 131017 143133 143095 142941 142940 143060
83013 11698 11354 9 131019 131018 142334 155606 155357 155356 155286 155288 155377
83014 784 1892 4 131020 131021 138346 138345
83015 902 1892 7 131021 131022 142537 142570 142397 137575 137574
83016 1892 1168 7 131020 131022 142485 142486 142531 131304 131301
83017 638 610 5 131024 131025 143430 143429 143428
83018 459 610 10 131025 131026 138486 143181 143094 142555 142556 142923 141528 141526
83019 610 567 3 131024 131026 138485
83020 11289 11244 6 131028 131029 131846 131845 146290 146950
83021 11289 11239 3 131029 131027 146592
83022 11289 11229 6 131027 131028 146765 146766 146225 146224
83023 11880 309 5 131030 131031 143434 143435 142917
83024 117 309 4 131031 131032 143198 143690
83025 11700 11510 7 131033 131034 144161 143033 131445 131443 145743
83026 11700 115 5 131034 131035 146044 146042 146548
83027 11669 11510 6 131036 131033 145745 146308 146107 146106
83028 11669 11700 4 131033 131035 146653 145744
83029 1076 1073 5 131039 131037 138510 138534 137078
83030 1575 1946 4 131045 131042 132448 132002
83031 1575 1990 3 131042 131044 132464
83032 796 314 5 131046 131047 131202 132643 142691
83033 667 264 6 131048 131049 143016 131167 131169 131260
83034 667 314 5 131049 131046 142827 131156 131157
83035 264 314 5 131047 131049 143017 131195 131194
83036 1039 741 4 131052 131050 131345 131406
83037 397 610 3 131055 131056 141528
83038 11706 177 10 131059 131060 143738 143739 144218 144219 143696 143694 156181 156194
83039 263 177 9 131060 131061 143035 143037 143499 143484 143479 143478 143481
83040 177 11782 3 131059 131061 144145
83041 11706 11759 6 131062 131063 143009 146200 146201 156190
83042 11706 23 7 131063 131064 143739 143740 156111 146205 143010
83043 220 23 8 131064 131065 146187 143106 143107 143144 141420 141419
83044 220 11759 7 131065 131062 156006 147313 146654 146534 146186
83045 220 11706 5 131062 131064 144218 144220 145993
83046 23 11759 3 131063 131065 143011
83047 741 557 6 131067 131068 131411 131372 131371 131543
83048 667 557 4 131068 131069 131172 131185
83049 667 267 4 131069 131066 131169 131168
83050 411 423 3 131072 131073 131546
83051 411 287 6 131073 131070 131776 131767 131728 131544
83052 423 287 7 131071 131073 131545 131548 131547 145934 131810
83053 482 494 3 131076 131077 131078
83054 796 692 6 131081 131079 131677 142196 142690 132643
83055 243 692 4 131080 131081 132128 132125
83056 11700 11602 7 131082 131083 131442 131445 143032 143701 143702
83057 11700 11579 6 131083 131084 146647 146338 146336 146554
83058 11533 11602 8 131085 131082 146319 146318 146493 146492 146556 143031
83059 11533 11700 4 131082 131084 146649 146376
83060 11579 11602 3 131083 131085 143030
83061 990 595 3 131087 131088 131632
83062 559 872 3 131089 131086 131555
83063 559 990 7 131086 131088 131631 132598 131501 131503 131554
83064 218 1356 3 131094 131095 133715
83065 861 1356 6 131095 131097 133490 133237 133239 133748
83066 1621 1626 7 131099 131100 132249 133220 133219 132181 132179
83067 1626 1306 6 131098 131100 132248 134824 133587 133588
83068 11787 11828 7 131101 131102 142543 142541 156259 146385 146361
83069 11787 207 7 131102 131103 144238 156300 146526 146524 142992
83070 227 207 8 131103 131104 142957 142956 142961 142982 156323 144239
83071 227 11828 4 131104 131101 146363 156201
83072 227 11787 5 131101 131103 144237 146620 146362
83073 207 11828 4 131102 131104 146663 142993
83074 11725 11583 6 131105 131106 154383 156268 155375 142913
83075 11725 11584 5 131106 131107 146599 156261 154384
83076 11767 11584 6 131107 131108 146611 146597 146598 146600
83077 11767 11583 5 131108 131105 142915 146583 146585
83078 11767 11725 7 131105 131107 142806 142807 154541 142938 142914
83079 11584 11583 4 131106 131108 156151 154385
83080 11427 11514 3 131110 131111 131504
83081 11460 11564 3 131112 131109 146402
83082 1064 796 4 131113 131114 131267 131476
83083 875 549 4 131116 131117 134654 133817
83084 931 520 4 131118 131115 133439 133440
83085 931 875 9 131115 131117 134697 131595 131596 132276 133515 131954 131953
83086 11209 11341 7 131120 131121 145073 145074 146257 147084 147085
83087 11301 11341 11 131121 131122 143896 144469 144466 144520 145847 145835 145833 146052 146248
83088 11301 11209 3 131119 131121 146057
83089 11341 11134 4 131120 131122 143895 145497
83090 11726 11557 5 131123 131124 146227 146228 143028
83091 11786 11648 4 131125 131126 145769 146101
83092 11786 11726 4 131123 131125 146118 143029
83093 11648 11557 6 131124 131126 145768 146347 146072 146071
83094 11853 241 3 131127 131128 146013
83095 1519 1955 5 131130 131131 138343 133052 132441
83096 1519 1508 7 131131 131132 142708 138261 138260 141607 142831
83097 1976 1519 4 131130 131132 142707 132440
83098 2052 1783 6 131135 131136 138592 138591 139091 138961
83099 2052 1818 5 131136 131133 138828 138772 138771
83100 1783 1818 7 131134 131136 139085 139083 139082 139107 138645
83101 9322 10670 5 131139 131140 141431 155293 155295
83102 9322 10530 6 131140 131137 155726 155844 155845 141430
83103 9322 10326 3 131137 131139 155725
83104 10670 10530 4 131138 131140 141429 155751
83105 214 287 4 131142 131141 131413 131564
83106 306 697 3 131145 131143 131704
83107 1268 1395 5 131146 131147 131518 131568 132216
83108 1107 1039 3 131151 131148 131431
83109 11042 11178 5 131152 131154 146759 147036 146889
83110 10895 11146 3 131153 131155 145748
83111 348 553 9 131158 131159 141531 143066 143055 143053 143246 143164 142727
83112 724 603 8 131160 131161 142838 141815 141814 142828 142847 142884
83113 724 553 6 131161 131158 132772 132771 143267 143269
83114 724 348 5 131158 131160 143250 143217 142728
83115 603 553 3 131159 131161 141532
83116 658 572 6 131164 131162 131452 131697 131696 131695
83117 658 279 3 131162 131163 131451
83118 554 264 4 131165 131166 131167 143015
83119 554 557 4 131170 131171 131184 131172
83120 468 211 7 131173 131174 142895 143039 143139 143061 142924
83121 318 211 5 131174 131175 142671 156200 142897
83122 211 235 4 131173 131175 141464 141463
83123 587 533 7 131176 131177 142841 143183 143184 143185 143178
83124 220 587 5 131176 131178 143475 143294 143179
83125 554 788 4 131179 131180 131182 142640
83126 554 720 4 131180 131181 131184 131183
83127 10885 11230 5 131186 131187 154820 132935 132936
83128 769 692 4 131189 131190 132599 132729
83129 953 811 3 131191 131188 132727
83130 953 769 6 131188 131190 132597 132596 132705 132706
83131 692 811 8 131189 131191 132726 132725 132834 132622 132621 132730
83132 243 232 4 131192 131193 146388 132517
83133 314 232 8 131195 131192 132028 132030 142590 142591 142564 142563
83134 314 243 5 131192 131194 131202 132128 132127
83135 264 232 4 131193 131195 143023 146389
83136 559 122 3 131199 131200 131336
83137 10546 10487 4 131203 131204 150748 150700
83138 10546 10508 7 131204 131205 149214 148304 148302 148478 148479
83139 10589 10546 4 131203 131205 149213 150653
83140 11521 11528 9 131206 131207 146573 147314 143795 143794 131212 131213 143691
83141 11392 11521 4 131206 131208 146250 143692
83142 11521 11688 3 131213 131214 145931
83143 2445 2215 5 131217 131218 137237 141903 138301
83144 2445 2281 5 131218 131219 137451 141873 137236
83145 2255 2445 5 131217 131219 137450 138384 138302
83146 1249 1577 7 131221 131222 131408 131932 131605 131603 131906
83147 1391 1249 4 131220 131222 131407 131642
83148 1577 1300 3 131221 131223 131873
83149 423 562 5 131226 131224 131545 131546 131675
83150 1598 1405 6 131227 131228 131312 131313 131438 136995
83151 802 917 4 131229 131230 131367 131468
83152 10312 10198 3 131231 131232 147216
83153 10197 10198 5 131234 131231 147218 147931 147883
83154 769 194 3 131239 131237 132142
83155 11169 11308 5 131241 131242 146814 146812 156262
83156 11463 11308 7 131242 131243 156247 156252 146581 146582 153846
83157 11463 11169 7 131240 131242 153845 155597 142788 142789 154709
83158 11308 11865 4 131241 131243 144293 144292
83159 2790 3165 6 131245 131246 132886 132844 132213 132212
83160 1154 1136 4 131251 131252 142618 139713
83161 1362 1159 5 131253 131250 131295 131297 142720
83162 1362 1154 5 131250 131252 142617 142826 142812
83163 1136 1159 7 131251 131253 142628 142627 142834 141816 139714
83164 190 902 4 131254 131255 142809 142319
83165 487 902 4 131256 131254 142320 142246
83166 692 902 5 131255 131256 142247 141547 141546
83167 3106 2865 4 131257 131259 135729 133374
83168 539 736 5 131261 131262 132106 131992 131994
83169 10303 10284 8 131264 131265 151218 151102 151100 151285 151294 151570
83170 10098 10284 5 131265 131266 150847 150937 151104
83171 10098 10179 6 131266 131263 151039 150350 150351 150846
83172 10098 10303 4 131263 131265 151219 151330
83173 10284 10179 4 131264 131266 150710 150709
83174 1039 796 4 131267 131268 131345 131344
83175 1039 807 4 131268 131269 131449 131406
83176 1370 1434 5 131273 131274 138066 132130 131369
83177 2203 1976 7 131275 131276 141868 141869 141951 141789 141787
83178 2203 2152 7 131276 131277 138399 131298 131299 141791 141866
83179 1197 833 3 131278 131279 138419
83180 604 1089 3 131280 131281 142813
83181 864 962 3 131282 131283 142946
83182 864 604 8 131280 131282 142944 142929 142759 142758 141545 141544
83183 1120 344 4 131284 131285 142842 142584
83184 1120 458 5 131285 131286 132800 141631 141632
83185 707 344 5 131287 131284 141615 141614 142189
83186 707 1120 6 131284 131286 132799 142381 138478 138477
83187 1800 1511 8 131288 131289 136671 138265 138315 138304 131363 131362
83188 1790 1776 4 131290 131291 141445 141446
83189 2218 1776 7 131293 131290 142114 141840 141839 142383 142600
83190 2218 1790 5 131290 131292 132888 132887 142675
83191 1412 1159 7 131294 131295 142811 142096 133071 133072 142094
83192 1412 1362 4 131295 131296 142457 142812
83193 1421 1362 6 131296 131297 141609 141608 141606 141605
83194 1421 1159 3 131297 131294 142814
83195 1421 1412 9 131294 131296 142458 142554 141824 141825 142757 142733 142734
83196 2608 2152 3 131299 131300 137570
83197 1465 1168 7 131301 131302 142062 142063 142780 142386 142387
83198 1465 2300 4 131302 131303 141980 142385
83199 1892 2300 7 131303 131304 132738 132741 141765 141766 141982
83200 1892 1465 5 131301 131303 141981 138344 138345
83201 2300 1168 4 131302 131304 142580 142581
83202 1276 1516 6 131305 131306 138441 138382 137740 137741
83203 11240 11142 4 131309 131310 143622 144992
83204 11240 11216 5 131307 131309 144990 149069 149068
83205 11142 11383 4 131308 131310 143621 149062
83206 1598 1332 4 131311 131312 138239 138232
83207 1836 1530 8 131315 131316 131458 138202 137949 137948 137663 137643
83208 1836 1741 7 131316 131314 136641 136640 137863 138199 131457
83209 1836 1671 3 131314 131315 137641
83210 1324 1499 5 131317 131318 138488 141507 141686
83211 2768 2433 4 131319 131320 133349 133348
83212 2768 2850 7 131320 131321 135902 133322 133323 132424 132427
83213 2460 2850 5 131321 131322 133383 137282 135904
83214 2850 2433 4 131320 131322 133382 137130
83215 1516 1849 7 131323 131324 141452 142833 132559 132560 137740
83216 1514 1516 7 131323 131325 138064 138063 141406 142309 137741
83217 2014 1549 3 131330 131331 136353
83218 1585 1689 3 131332 131329 136520
83219 1585 2014 8 131329 131331 137667 137433 137432 134973 134971 137724
83220 1549 1689 6 131330 131332 136521 136613 135887 135886
83221 2089 1911 4 131334 131335 137862 137861
83222 2089 2011 6 131335 131333 131581 137727 137900 137877
83223 2089 1887 4 131333 131334 137923 131580
83224 814 196 6 131338 131339 131967 131993 132097 132927
83225 1680 1314 4 131340 131342 138308 137609
83226 796 1069 5 131343 131344 131476 131477 131888
83227 1221 872 5 131347 131348 132328 132382 132432
83228 1243 872 4 131348 131349 132089 132121
83229 1085 952 5 131350 131351 138462 138471 138490
83230 1349 1132 6 131354 131355 138018 141691 138187 137979
83231 1322 1349 4 131353 131355 133367 133366
83232 1132 1499 3 131354 131356 137980
83233 2090 1823 8 131357 131359 137770 137751 137753 137754 137756 133404
83234 1511 1978 6 131363 131364 142460 138313 138307 138305
83235 1976 1800 4 131365 131362 137830 137603
83236 1976 1511 5 131362 131364 142459 142707 137829
83237 1978 1800 5 131363 131365 137599 131396 131394
83238 1370 1371 6 131368 131369 132129 131537 131536 131521
83239 3199 2813 6 131374 131375 132374 132322 131480 131479
83240 3199 2955 5 131375 131373 132376 132375 133311
83241 3199 2962 8 131373 131374 132358 132360 132477 132479 137181 132461
83242 2167 2068 9 131379 131380 139841 140135 137443 137442 137514 138000 138132
83243 2167 1904 3 131380 131378 139827
83244 2167 1893 6 131378 131379 138012 138011 139874 139826
83245 107 37 4 131382 131383 131420 131734
83246 11786 37 8 131383 131384 131671 146118 146101 131844 131843 131421
83247 146 342 4 131385 131386 131773 131412
83248 11202 11377 5 131388 131389 149790 149791 134709
83249 11638 11377 4 131389 131390 134127 149907
83250 1934 2502 5 131391 131392 136840 136838 132022
83251 2502 1978 7 131391 131393 137321 132669 132666 141867 132023
83252 2235 2566 5 131399 131400 135807 135805 136476
83253 2460 2395 6 131401 131402 135797 137082 135873 135875
83254 2460 2566 4 131402 131399 135871 135796
83255 1322 1149 6 131403 131405 138357 138356 138387 138386
83256 1069 1391 5 131409 131407 131643 132170 132171
83257 146 287 4 131413 131412 131740 131563
83258 1437 1455 6 131415 131416 132287 135620 133818 133819
83259 1306 1455 4 131418 131415 133587 132004
83260 1306 1437 5 131415 131417 134329 134785 134824
83261 1134 1455 6 131416 131418 132005 132518 132520 132288
83262 5 37 5 131420 131421 131797 131742 131733
83263 11786 5 4 131419 131421 131731 131732
83264 1084 1108 3 131424 131426 137681
83265 371 272 3 131428 131429 134699
83266 272 388 5 131427 131429 134656 134657 134682
83267 1391 1327 5 131432 131433 132367 132368 132383
83268 1371 1327 3 131433 131434 132264
83269 1971 1832 5 131437 131435 137543 138168 138171
83270 1792 1832 4 131436 131437 137675 137674
83271 10627 10732 4 131440 131441 146750 146751
83272 10627 10957 5 131439 131440 154969 154906 154905
83273 11367 11700 4 131442 131443 146681 146554
83274 11602 11510 4 131444 131445 132579 132580
83275 34 171 4 131447 131448 150367 134372
83276 34 69 7 131448 131446 131827 131868 134606 150361 150362
83277 577 279 7 131450 131451 131665 131673 131721 131455 131454
83278 563 279 5 131453 131455 131719 131459 131461
83279 1836 1719 3 131458 131457 138201
83280 279 106 7 131459 131460 146463 146134 131725 131724 131720
83281 1044 1148 4 131462 131463 136550 131575
83282 1442 1434 4 131467 131466 132270 137679
83283 1473 1660 5 131469 131470 136750 137190 138090
83284 1372 1505 5 131471 131472 135901 135900 138041
83285 1505 1660 6 131470 131472 138070 138069 138094 136751
83286 1505 1268 4 131473 131474 136679 138041
83287 1069 1064 5 131475 131476 131478 131484 131486
83288 1012 1069 4 131477 131478 131485 131889
83289 1137 1333 5 131483 131481 131487 138240 136564
83290 1137 1069 5 131481 131482 132654 131485 131484
83291 1887 1792 5 131489 131490 137675 132455 132457
83292 1971 1911 5 131491 131488 137861 137860 137868
83293 1971 1887 6 131488 131490 138171 137531 137530 137923
83294 1792 1911 8 131489 131491 137866 137194 137193 137254 137251 137661
83295 10957 10992 4 131493 131494 154440 154088
83296 10957 11018 7 131494 131495 154905 154943 146297 146298 154439
83297 10436 11018 4 131495 131496 154789 154845
83298 10436 10992 5 131496 131493 154089 154802 154788
83299 2373 1751 5 131499 131497 133260 133259 133437
83300 2435 1751 4 131498 131499 133436 132076
83301 769 990 4 131500 131501 132596 132701
83302 806 990 4 131503 131500 132414 132413
83303 572 829 6 131506 131507 131565 131611 131612 131706
83304 115 342 5 131509 131508 131743 131778 131777
83305 1109 987 5 131510 131511 131597 131598 131713
83306 1764 1617 6 131514 131515 135076 132853 132348 132347
83307 1549 1764 5 131513 131515 135075 136353 135886
83308 1617 1471 5 131514 131516 134763 132355 132353
83309 1395 1201 5 131517 131518 131567 131570 131560
83310 2405 2585 6 131523 131524 136088 136144 136142 136544
83311 2405 2567 5 131524 131525 135916 135915 136089
83312 2633 2405 3 131523 131525 136445
83313 1148 1371 3 131528 131527 131536
83314 1256 1687 3 131529 131531 139207
83315 1530 1494 4 131534 131535 131936 138226
83316 1530 1593 6 131535 131533 137663 137664 138314 131935
83317 1502 1617 5 131538 131539 132353 132347 132346
83318 1502 1327 5 131539 131540 132327 132368 132354
83319 1513 1502 7 131538 131540 132326 132405 132207 132190 132189
83320 342 741 4 131542 131543 131769 131607
83321 287 562 3 131544 131545 131729
83322 2810 2557 4 131551 131552 135799 135800
83323 835 872 6 131555 131553 132328 132121 131987 131989
83324 835 990 5 131553 131554 132413 132343 132340
83325 1391 1502 7 131557 131558 132402 132387 132368 132366 132074
83326 1586 1391 3 131556 131558 131872
83327 1502 1577 3 131557 131559 132075
83328 1201 1212 3 131566 131567 131569
83329 1593 1823 4 131572 131573 137139 137138
83330 1593 1792 5 131573 131571 133411 133413 137786
83331 1201 987 4 131576 131574 131583 131597
83332 1948 1775 5 131585 131586 138708 138755 138028
83333 1775 1987 6 131584 131586 138707 138786 137426 137427
83334 1109 915 4 131588 131589 131707 131598
83335 1343 1467 5 131591 131592 131837 131838 132244
83336 1176 1445 8 131593 131594 133555 134459 134460 133953 133956 131930
83337 1176 875 5 131594 131595 134815 133960 133556
83338 931 1445 3 131596 131593 131931
83339 875 1445 6 131594 131596 132275 135558 135557 133557
83340 1652 2090 6 131600 131601 132393 137770 132325 132324
83341 1680 1577 5 131604 131605 131933 132550 137140
83342 1109 572 6 131608 131609 131713 131707 131706 131708
83343 915 572 7 131610 131612 131707 131714 131716 131698 131697
83344 11514 11790 6 131615 131613 149179 146416 146418 146369
83345 9184 9149 3 131617 131618 134251
83346 9184 11931 6 131618 131619 150188 151390 151435 134252
83347 8980 11931 3 131619 131620 150189
83348 1715 1481 6 131621 131622 132377 132245 132246 133204
83349 1512 1481 6 131623 131621 133206 133572 131997 131996
83350 1652 1481 4 131622 131623 131896 131897
83351 7259 10758 3 131626 131627 151266
83352 7259 10535 6 131627 131625 134207 134206 131864 131862
83353 990 1069 6 131629 131630 131756 131641 131643 132162
83354 741 990 3 131628 131630 131755
83355 10821 11018 6 131635 131633 131917 154933 154174 154173
83356 10684 11018 4 131634 131635 154840 154789
83357 736 681 5 131638 131639 131877 131876 131958
83358 736 316 3 131639 131640 131990
83359 1249 990 5 131641 131642 132419 131841 131839
83360 560 121 4 131646 131644 131781 131783
83361 340 121 4 131645 131646 134238 150443
83362 11506 11197 5 131647 131648 133693 151044 151209
83363 11506 11337 4 131648 131649 134076 133694
83364 11243 11337 4 131649 131650 150104 134077
83365 11243 11506 5 131647 131649 134075 134147 151137
83366 11337 11197 6 131648 131650 150031 150033 151109 133695
83367 1778 1786 4 131654 131651 139118 137962
83368 1431 1786 4 131652 131654 137961 135082
83369 681 549 4 131655 131656 134653 131948
83370 61 122 3 131658 131659 131802
83371 107 342 4 131661 131663 131773 131734
83372 322 723 4 131668 131669 134751 134633
83373 322 402 6 131669 131670 150407 134341 134342 134749
83374 369 322 7 131668 131670 150414 134679 134681 134716 134634
83375 279 291 5 131672 131673 131727 131723 131674
83376 11385 11723 5 131678 131679 134572 151095 133943
83377 11385 11796 5 131679 131680 150550 150521 134573
83378 11680 11723 5 131681 131678 133945 150497 146445
83379 11680 11385 6 131678 131680 150539 150529 150302 133944
83380 11796 11723 6 131679 131681 146444 150500 150499 134574
83381 1300 1106 6 131682 131683 132475 132418 132420 132380
83382 1106 1238 6 131682 131684 132143 132398 132386 132381
83383 11707 51 5 131688 131689 133677 155001 155122
83384 11707 150 6 131687 131688 155000 133774 133775 154956
83385 10977 11433 3 131690 131691 149430
83386 10977 11369 5 131691 131692 150206 150207 150534
83387 572 598 8 131694 131695 131699 131700 131703 131701 131711 131718
83388 780 572 4 131694 131696 131698 131717
83389 572 514 3 131702 131703 131705
83390 595 1109 4 131709 131708 131710 132008
83391 572 987 5 131711 131712 131713 131714 131715
83392 572 905 4 131715 131716 131717 131718
83393 279 368 5 131719 131720 131726 131727 131721
83394 279 186 4 131722 131723 131726 131724
83395 11741 5 4 131730 131731 131797 131798
83396 53 69 3 131737 131738 150336
83397 53 11715 8 131738 131735 146371 146372 150376 150378 150431 150335
83398 53 11810 5 131735 131737 150441 150439 150290
83399 69 11715 7 131736 131738 150334 150390 150361 150360 150510
83400 279 107 3 131739 131741 146447
83401 11767 235 6 131744 131745 143013 146604 154541 146545
83402 11767 187 3 131745 131746 143012
83403 264 235 6 131747 131744 143023 143017 143016 143015
83404 187 235 5 131745 131747 142969 142970 143014
83405 11036 10756 3 131750 131748 146710
83406 1467 1433 6 131754 131753 131838 132243 137580 138312
83407 953 990 7 131755 131756 131839 131840 132596 132598 132657
83408 11625 11628 4 131758 131759 154728 154729
83409 11625 11396 4 131759 131760 146390 146391
83410 11674 11625 5 131758 131760 153972 146514 146513
83411 11396 11628 7 131759 131761 146420 146512 146538 146507 146506
83412 11529 11504 8 131762 131763 146274 146432 146540 146536 146537 146122
83413 11529 11441 3 131763 131764 146275
83414 11338 11441 6 131764 131765 146291 146150 146152 146277
83415 11338 11504 4 131765 131762 145734 145733
83416 11338 11529 7 131762 131764 146108 146105 146546 146591 146123
83417 342 264 4 131770 131771 131778 131772
83418 121 192 7 131782 131783 134238 150437 150438 131907 131909
83419 2708 2495 3 131786 131787 135759
83420 2495 2282 6 131786 131788 135789 135762 135608 135607
83421 10465 10959 5 131791 131792 154800 154982 155093
83422 10465 10328 6 131792 131793 155113 150492 150490 154799
83423 10160 10465 4 131791 131793 155013 155014
83424 10472 10717 5 131794 131795 148144 148116 148092
83425 10677 10717 3 131796 131794 144869
83426 10556 10717 4 131795 131796 144870 148017
83427 1792 2024 8 131799 131800 137203 137781 137779 137790 137793 137866
83428 1836 2024 6 131800 131801 136512 136603 136602 137204
83429 2024 1971 6 131799 131801 136510 137627 137728 137868
83430 61 11702 7 131802 131803 134615 146874 131923 131922 131910
83431 11344 11200 3 131807 131806 146811
83432 840 981 4 131811 131812 134674 134471
83433 11815 316 5 131814 131815 146182 146181 146460
83434 423 11790 3 131818 131816 145934
83435 279 11790 7 131817 131818 146443 146447 146457 146135 146134
83436 1481 1238 8 131819 131820 132186 132253 132254 131995 131996 131896
83437 1481 1243 3 131820 131821 132185
83438 11649 11625 4 131822 131823 154784 146483
83439 11649 110 6 131823 131824 154159 154660 154659 154785
83440 10 11625 5 131825 131822 146484 154729 146513
83441 110 11625 4 131823 131825 146514 153973
83442 2966 4140 3 131828 131829 132916
83443 1106 990 7 131840 131841 132420 132341 132343 132414 132701
83444 11244 11474 4 131846 131847 146102 146961
83445 11441 11474 7 131847 131848 146152 146278 146359 145474 145476
83446 11441 11289 3 131848 131845 146150
83447 11474 11289 5 131846 131848 146151 146224 146592
83448 10208 10053 4 131849 131850 156531 147573
83449 11209 11241 7 131852 131853 145074 145072 144606 144608 146210
83450 11209 11450 3 131853 131854 146257
83451 11389 11241 4 131855 131852 147013 147014
83452 11389 11209 4 131852 131854 147084 147086
83453 61 110 4 131856 131857 146479 154660
83454 1945 1642 5 131859 131860 135184 135389 134196
83455 10536 10535 4 131862 131863 134051 134249
83456 340 34 3 131867 131868 134191
83457 340 69 6 131868 131866 150440 150336 150334 134605
83458 549 11863 5 131871 131870 134580 133817 133776
83459 832 736 4 131875 131876 132144 132111
83460 681 835 4 131877 131874 132151 131991
83461 736 835 9 131875 131877 131990 132107 132106 132119 132411 132182 132112
83462 10870 11230 4 131878 131879 133736 154820
83463 10870 11333 5 131879 131880 155027 155017 133737
83464 10957 11333 7 131880 131881 146875 131886 131884 150487 154945
83465 10957 10870 5 131878 131880 155021 155020 154819
83466 11333 11230 4 131879 131881 154927 133738
83467 814 539 5 131882 131883 132120 131992 131967
83468 11333 11090 5 131887 131884 132703 132704 142579
83469 11702 11090 4 131885 131887 142578 154184
83470 617 242 4 131890 131891 134798 134838
83471 711 1250 4 131892 131894 132839 132778
83472 966 654 3 131893 131895 131975
83473 1652 1513 6 131897 131898 132124 132445 132405 132404
83474 835 286 3 131899 131900 132107
83475 9648 9890 6 131902 131903 155692 132976 132979 133123
83476 9648 10000 3 131903 131904 153652
83477 9982 10000 7 131904 131905 156512 154610 154608 155967 153653
83478 9982 9890 3 131905 131902 133125
83479 192 11852 3 131907 131908 154442
83480 11649 11485 5 131912 131913 146857 154498 149391
83481 11342 11331 6 131914 131915 133698 133700 150474 150473
83482 11331 11485 6 131913 131915 134667 134738 134575 134577
83483 11331 10821 5 131916 131917 154479 154476 150474
83484 11509 11451 5 131918 131919 132901 155040 154911
83485 11894 11451 4 131920 131918 154308 153854
83486 61 11446 4 131921 131923 146873 153855
83487 11854 11894 5 131925 131926 132603 154912 154308
83488 11894 196 5 131924 131926 132602 132910 132092
83489 10870 10885 7 131927 131928 154819 154820 154984 154920 133718
83490 9919 10885 4 131929 131927 133720 154940
83491 10298 10885 4 131928 131929 133757 133756
83492 1333 1593 5 131934 131935 138231 137608 132549
83493 10778 11155 4 131938 131939 149252 150209
83494 1952 2425 5 131940 131941 135605 135030 135029
83495 1952 1799 8 131941 131942 135559 135681 132077 132079 135630 135645
83496 2296 1952 6 131940 131942 135560 135614 133355 133356
83497 2928 2616 3 131945 131943 135552
83498 736 861 3 131946 131947 132067
83499 931 681 6 131948 131949 131950 131978 134817 134651
83500 681 1134 3 131952 131950 131979
83501 750 1134 6 131951 131952 132146 132101 132100 132520
83502 1455 931 7 131954 131955 133032 133486 132288 132287 135427
83503 931 1255 4 131953 131955 133031 133439
83504 1449 824 4 131960 131961 132297 132295
83505 969 477 4 131962 131963 133957 134870
83506 477 392 5 131962 131964 133696 134662 134877
83507 1119 1106 3 131965 131966 132732
83508 1878 1502 4 131972 131973 132191 132190
83509 1878 1858 4 131973 131971 132291 132292
83510 832 931 3 131977 131978 133792
83511 1715 1621 4 131980 131981 132179 132245
83512 1513 1715 5 131980 131982 132207 132404 132377
83513 723 768 3 131983 131985 133918
83514 402 746 6 131984 131986 134553 134570 150183 132038
83515 736 814 5 131992 131993 132096 132412 132119
83516 736 196 4 131993 131994 132001 132095
83517 1185 1238 5 131998 131995 132257 132399 132143
83518 1185 1481 4 131995 131997 133571 132256
83519 1306 1468 5 132006 132004 133588 133645 133643
83520 1134 1468 3 132005 132006 133644
83521 376 487 8 132011 132012 132620 132757 142629 154889 132614 132615
83522 1020 487 5 132014 132011 132588 132587 132699
83523 1020 376 3 132011 132013 132610
83524 811 487 4 132012 132014 132837 132622
83525 1938 4017 3 132015 132016 133265
83526 4017 2702 6 132015 132017 133029 132990 132991 133266
83527 2460 2226 7 132020 132021 133394 137801 135875 135874 137114
83528 2460 2292 5 132021 132019 133184 133185 133393
83529 11463 11788 3 132025 132026 154188
83530 330 232 4 132027 132028 132517 146627
83531 330 314 5 132028 132029 141618 132126 132127
83532 11871 314 4 132029 132030 142632 141619
83533 11871 232 5 132030 132027 146630 146662 142631
83534 11871 330 10 132027 132029 141617 142624 142625 133083 132423 132422 132458 146629
83535 10398 10050 4 132031 132032 155278 154024
83536 9744 10050 6 132032 132033 154109 153688 153690 154084
83537 2525 2262 3 132034 132035 132890
83538 402 497 4 132037 132038 150187 134638
83539 497 746 4 132036 132038 150174 134811
83540 1688 1834 6 132039 132040 133650 133842 135463 134965
83541 1834 1952 6 132039 132041 133019 135369 135366 134966
83542 2420 2345 5 132042 132043 140022 136019 136020
83543 2420 2406 7 132043 132044 139572 139570 137493 137491 138117
83544 2693 2345 4 132045 132042 137870 137463
83545 2693 2420 4 132042 132044 139959 139960
83546 2423 1644 4 132047 132048 133337 133516
83547 1470 1272 5 132052 132053 134908 133476 133479
83548 10170 6478 4 132054 132055 146162 154948
83549 10170 6308 5 132055 132056 155167 155004 146163
83550 10646 6308 4 132056 132057 150244 150327
83551 2091 1764 3 132060 132061 132394
83552 1764 1649 5 132060 132062 132853 135077 132395
83553 1643 1458 5 132063 132064 133628 133636 133589
83554 1643 1439 7 132064 132065 132921 132920 133252 133254 133629
83555 1964 1439 3 132065 132066 133028
83556 1964 1458 6 132066 132063 133591 133597 133606 133603
83557 1964 1643 8 132063 132065 133027 133625 133596 133595 133632 133590
83558 1157 736 10 132067 132068 132105 132095 132096 132255 132160 132161 132098 132099
83559 1157 628 6 132068 132069 133167 132831 132093 132094
83560 779 392 4 132071 132072 134828 134829
83561 1799 1688 4 132077 132078 134789 134791
83562 3070 2300 5 132081 132080 133075 132874 132528
83563 1078 904 8 132082 132083 134274 134813 134902 134903 134136 134137
83564 239 904 3 132084 132082 134445
83565 415 904 5 132083 132084 134759 134766 134275
83566 1157 61 4 132090 132091 132105 132094
83567 1157 196 5 132091 132092 132911 132097 132095
83568 11894 1157 4 132090 132092 132832 132093
83569 1157 750 4 132099 132100 132519 132102
83570 1134 1157 5 132098 132100 132518 133644 132204
83571 6534 2702 5 132104 132103 155212 133035 133037
83572 2895 2933 4 132108 132109 133256 133255
83573 2514 2895 4 132108 132110 133014 133358
83574 1989 1915 5 132114 132115 137716 135687 135686
83575 1858 2108 4 132116 132113 133216 136568
83576 1915 2108 5 132114 132116 137182 137833 137632
83577 2433 2294 5 132122 132123 137269 137268 132363
83578 243 330 7 132125 132127 132517 146626 132503 132504 132661
83579 314 692 4 132126 132128 132643 142689
83580 1370 1566 6 132129 132130 138065 137540 136996 132203
83581 1963 2282 5 132131 132132 135043 135044 134787
83582 2299 1888 3 132133 132134 135610
83583 2299 2282 8 132134 132131 134788 135758 135607 135442 135373 135372
83584 2299 1963 5 132131 132133 135721 135644 134786
83585 1621 1793 3 132141 132139 133220
83586 1621 1842 5 132139 132140 132184 133218 133219
83587 832 750 3 132144 132145 132146
83588 840 681 4 132150 132151 132153 132154
83589 1481 736 3 132159 132160 132253
83590 1157 1306 4 132161 132158 133643 132204
83591 1157 1481 5 132158 132160 132254 132256 133621
83592 2002 1793 5 132164 132165 132349 133663 133078
83593 1840 1467 5 132167 132166 132537 137583 137588
83594 716 1100 5 132168 132169 132178 132175 134542
83595 1915 1502 5 132173 132174 132346 132189 132191
83596 1284 1100 6 132175 132176 134794 134770 134771 134869
83597 716 904 8 132177 132178 134274 134275 134767 134748 134750 134850
83598 716 1284 3 132175 132177 134917
83599 1715 1626 4 132179 132180 133209 132246
83600 1306 1238 3 132186 132187 132370
83601 1915 1878 7 132191 132192 132259 132260 133396 132293 132292
83602 1915 1513 3 132192 132189 132261
83603 1458 1751 6 132197 132198 133570 133599 133606 133447
83604 1458 1468 7 132198 132196 133649 132988 132987 133471 133470
83605 1458 1983 4 132196 132197 133445 133648
83606 1335 1617 5 132199 132200 134279 133916 133915
83607 1327 1443 4 132201 132202 134764 134842
83608 2323 2090 7 132205 132206 137300 137177 137174 137756 137567
83609 2629 1964 6 132208 132209 133270 133272 133632 133550
83610 2722 2966 7 132210 132211 132992 133225 133271 132932 132933
83611 3165 2813 3 132214 132212 133161
83612 1427 1268 5 132215 132216 138761 136679 136680
83613 3014 3131 3 132219 132217 133139
83614 2578 2090 4 132222 132223 137290 133372
83615 654 1051 3 132225 132226 132797
83616 2131 1374 5 132228 132229 133066 133105 132809
83617 2131 439 4 132229 132227 132863 133050
83618 2296 2672 7 132235 132236 133524 134211 133503 133504 133548
83619 3031 2672 4 132237 132235 133549 135747
83620 3103 2672 4 132236 132237 135446 133525
83621 1531 1306 5 132240 132241 134253 134785 132248
83622 1467 1666 5 132243 132244 132536 132537 137581
83623 1626 1531 4 132248 132249 132282 132281
83624 969 415 4 132250 132251 134834 134833
83625 736 1238 6 132255 132253 132370 132408 132411 132412
83626 1157 1238 5 132254 132255 132410 132409 132257
83627 1915 1617 6 132258 132259 132261 132346 132348 132854
83628 1521 1493 7 132265 132266 135092 135094 135081 134930 134931
83629 1521 1580 5 132266 132267 133207 132285 132283
83630 1272 1580 8 132267 132268 133476 133478 134934 134937 134885 134887
83631 1272 1493 4 132268 132265 134957 134908
83632 1471 1442 6 132269 132270 136612 135051 135049 134904
83633 944 1335 4 132273 132274 132289 133961
83634 875 1437 3 132275 132276 133513
83635 1437 1793 4 132279 132280 133818 133844
83636 1437 1626 4 132280 132281 134824 133819
83637 1521 1649 4 132283 132284 135096 135092
83638 1100 944 7 132290 132289 134624 134625 134771 134795 134694
83639 1643 824 6 132295 132296 133637 133628 133629 133633
83640 1804 824 4 132296 132297 132525 132526
83641 1804 1643 7 132294 132296 133638 133589 133590 133630 132403
83642 2179 2235 5 132298 132299 137824 137837 137834
83643 1814 1563 5 132300 132301 138363 138327 137584
83644 1719 1563 7 132303 132300 137586 138241 138245 138238 138112
83645 1741 1563 3 132301 132303 138111
83646 2044 1950 5 132306 132307 136545 136577 136526
83647 1786 2069 3 132308 132309 139070
83648 2294 2253 8 132310 132311 137722 137726 137604 132314 132315 137270
83649 2499 2253 5 132313 132310 137272 136817 136816
83650 2499 2294 6 132310 132312 132317 137268 137267 137271
83651 2448 2253 4 132311 132313 137316 137453
83652 2113 2253 5 132316 132314 137605 137764 137622
83653 2323 2253 3 132315 132316 137623
83654 2439 2499 4 132318 132317 137263 137262
83655 1990 1652 3 132323 132324 132524
83656 1221 1502 5 132326 132327 132387 132437 132444
83657 1020 1218 6 132329 132330 132673 132912 132786 132388
83658 1020 1185 4 132330 132331 132734 132674
83659 1009 1185 6 132331 132332 132392 132399 132400 132735
83660 1009 1218 3 132332 132329 132390
83661 1009 1020 4 132329 132331 132675 132389
83662 11404 11058 3 132333 132334 132859
83663 11090 11612 3 132335 132336 132704
83664 11090 11404 9 132333 132335 142579 142578 154183 146342 146343 146840 132860
83665 2214 2410 3 132337 132338 136408
83666 1221 1106 4 132341 132342 132381 132380
83667 2002 2188 6 132349 132350 133441 133432 133431 133662
83668 2433 2439 7 132362 132363 137263 137020 133350 133348 132396
83669 1471 1391 4 132364 132365 132367 132366
83670 864 1433 4 132378 132379 132493 142662
83671 1221 1109 4 132384 132385 132432 132431
83672 1157 1218 7 132390 132388 132787 133576 133575 132639 132391
83673 1764 2014 9 132394 132395 137667 136353 136352 136547 137823 135685 133785
83674 1009 1238 5 132398 132399 132409 132407 132401
83675 814 1238 4 132406 132407 132410 132412
83676 9458 5551 3 132415 132416 150232
83677 9458 7563 7 132416 132417 133750 154946 155116 133275 133273
83678 330 11612 3 132421 132422 132459
83679 2949 2768 7 132424 132425 137093 137152 137226 137216 137217
83680 2850 2949 4 132424 132426 135859 137218
83681 1343 692 4 132435 132433 132726 132601
83682 1519 1920 6 132440 132441 133053 142160 142703 142705
83683 1976 1920 5 132442 132440 142459 142461 142575
83684 1955 1920 4 132441 132442 141832 133054
83685 1652 1221 3 132443 132444 132445
83686 1792 1476 4 132456 132457 137661 137659
83687 1792 1719 6 132455 132456 138113 138077 137858 137674
83688 11871 36 3 132458 132460 146625
83689 2578 2662 5 132465 132467 133372 137061 133336
83690 2105 2009 5 132471 132472 133193 137327 137328
83691 3392 2790 4 132480 132481 141936 132947
83692 11 376 4 132482 132483 132604 132855
83693 534 1211 3 132485 132486 142551
83694 534 885 5 132486 132487 142038 155685 142550
83695 844 1211 6 132488 132485 142785 142610 142104 142103
83696 1012 1361 5 132492 132494 142616 141613 141612
83697 1361 1892 6 132495 132496 137369 142371 137573 137575
83698 1744 1361 4 132495 132497 141702 141701
83699 1666 1892 4 132496 132498 141796 137370
83700 2958 2685 7 132501 132502 140172 140118 140119 140241 140216
83701 844 68 5 132506 132507 155716 142745 142746
83702 844 826 5 132505 132506 143264 143244 143111
83703 11547 11731 8 132509 132510 132521 154873 154874 133727 133725 154756
83704 11854 11731 8 132511 132509 154757 155041 133094 133090 132956 132810
83705 11788 11731 4 132510 132511 132811 132523
83706 10402 10872 4 132512 132514 154764 146693
83707 2722 1374 5 132515 132516 132825 132808 132809
83708 1455 1157 4 132518 132519 133601 133646
83709 1455 750 4 132519 132520 133486 133487
83710 11547 9 4 132521 132522 154849 155263
83711 11788 9 4 132522 132523 154145 154850
83712 2300 2671 7 132528 132529 142369 142161 142162 142673 132875
83713 3070 2671 5 132530 132528 132876 141755 141724
83714 2616 2884 5 132532 132533 135552 135818 135471
83715 9383 8821 6 132540 132541 132640 154201 152848 132974
83716 9139 9383 5 132539 132541 132641 154157 155383
83717 2702 2933 6 132542 132543 133623 133163 133162 132964
83718 1085 1195 5 132544 132545 138174 138219 138218
83719 1085 1197 9 132545 132546 138491 138495 143338 138418 138419 138481 138175
83720 1459 1197 5 132546 132547 138257 138256 138414
83721 1197 1195 7 132545 132547 138048 138047 138320 138318 138176
83722 1680 1593 8 132548 132549 137609 138316 137787 137786 137139 132550
83723 824 1439 6 132554 132552 133629 133634 133751 133564
83724 824 1458 4 132552 132553 133605 133628
83725 287 11790 4 132556 132557 146443 145934
83726 1516 1421 3 132558 132559 142733
83727 1324 1849 5 132560 132561 141507 141467 138383
83728 1324 1421 7 132561 132558 142734 142814 141609 141610 141686
83729 1324 1516 5 132558 132560 138382 138440 142095
83730 1903 1671 3 132562 132563 138266
83731 2146 1955 5 132564 132565 141758 141870 141943
83732 2218 1955 7 132566 132564 135103 135102 141668 141839 141759
83733 1959 1955 5 132565 132566 141760 141751 141750
83734 960 833 4 132569 132570 142736 143362
83735 788 960 7 132568 132570 142641 142640 142435 142434 142845
83736 960 1136 9 132571 132572 142627 142836 142894 142865 142864 142719 142712
83737 769 1119 5 132575 132576 132736 132732 132731
83738 1119 811 5 132575 132577 132835 132725 132724
83739 11602 11767 5 132578 132579 143032 146185 146583
83740 11489 11767 5 132581 132578 146585 146611 146610
83741 11510 11767 6 132579 132581 146612 146614 144162 143033
83742 2829 2803 6 132582 132583 141972 141961 141934 132867
83743 2297 2803 7 132585 132582 132868 141812 141811 141820 141819
83744 2790 2803 5 132583 132585 132885 132886 141929
83745 487 378 6 132586 132587 132700 132713 154868 132614
83746 511 487 3 132586 132588 132615
83747 960 1276 3 132592 132593 142711
83748 1324 1276 7 132593 132594 138442 138382 138383 141468 141490
83749 1324 1014 3 132594 132591 141258
83750 559 953 6 132597 132598 132663 132662 132658 132600
83751 559 692 3 132599 132600 132660
83752 11894 511 4 132602 132603 155058 132909
83753 11463 11871 6 132606 132607 146094 146532 156226 154814
83754 11463 11819 6 132605 132606 154813 154855 154188 154187
83755 11698 233 4 132611 132612 155288 155248
83756 11698 378 7 132612 132613 154851 154880 154868 154867 155377
83757 9 11698 6 132611 132613 154852 154850 154849 155249
83758 378 376 4 132614 132616 132806 154880
83759 1356 753 7 132619 132617 133612 133678 133734 133748 133715
83760 376 692 3 132620 132621 132758
83761 439 1622 4 132624 132625 133025 133050
83762 711 1374 3 132626 132623 133013
83763 711 439 5 132623 132625 133026 155302 133046
83764 11642 2104 3 132630 132627 151139
83765 11642 876 5 132627 132629 133808 133807 151249
83766 1799 2104 9 132628 132630 150329 134263 133886 133799 133797 133870 133833
83767 10811 11065 3 132631 132632 150462
83768 10811 11252 4 132632 132633 150558 150461
83769 10866 11065 5 132634 132631 151074 151076 154797
83770 11252 11065 8 132632 132634 154990 154974 154971 154979 154978 150463
83771 603 960 5 132635 132636 143127 142937 142894
83772 1012 960 4 132638 132635 142865 142866
83773 1012 603 6 132635 132637 142911 142848 142828 142829
83774 667 960 7 132636 132638 142863 142436 142435 142819 143137
83775 8821 9235 3 132642 132640 154202
83776 9139 9235 8 132641 132642 154204 154118 154047 154027 154026 154158
83777 10925 11314 5 132644 132645 154983 154986 132954
83778 10617 11314 4 132645 132646 134609 154926
83779 10872 10981 5 132650 132651 154516 154740 154747
83780 953 1137 3 132652 132653 132654
83781 953 562 4 132655 132656 132657 132663
83782 953 330 3 132658 132659 132661
83783 194 11854 5 132664 132665 132683 132692 132810
83784 1976 2297 6 132667 132668 141949 141789 141790 142575
83785 2502 2297 5 132668 132669 137617 141953 141950
83786 2502 1976 4 132666 132668 141948 141869
83787 1790 1472 6 132670 132671 142091 141447 141445 142379
83788 2233 1472 5 132672 132670 142380 142500 142611
83789 1432 1472 7 132671 132672 142330 141863 141864 142604 142092
83790 2662 2955 5 132676 132677 135834 135970 133336
83791 2353 2708 5 132678 132679 135786 133839 133469
83792 2790 1990 3 132681 132682 132970
83793 1920 1978 6 132684 132685 142460 142461 141216 138328
83794 1920 1433 5 132685 132686 142619 142703 142692
83795 1666 1978 4 132687 132684 137582 137581
83796 1666 1920 8 132684 132686 137368 137370 142565 142456 142455 138329
83797 1433 1978 4 132685 132687 137580 138313
83798 11854 9 3 132691 132692 132956
83799 9823 11801 3 132695 132696 155010
83800 966 487 7 132699 132700 132712 142442 142246 132836 132837
83801 1106 769 7 132701 132702 132733 132737 132732 132707 132705
83802 1343 769 4 132706 132707 132731 132728
83803 628 51 4 132711 132708 133616 133763
83804 628 520 4 132708 132710 133614 133613
83805 11894 51 5 132709 132711 133762 155002 133677
83806 1343 811 4 132724 132726 132727 132728
83807 769 1185 4 132734 132735 132737 132736
83808 1825 1892 4 132738 132739 142439 142531
83809 1825 2361 4 132739 132740 142516 142438
83810 2300 1825 5 132738 132740 142513 142515 142580
83811 2361 1892 4 132739 132741 142167 142440
83812 11487 11500 5 132742 132743 156250 146561 146562
83813 11487 11489 7 132743 132744 156378 156277 156274 156248 156249
83814 11308 11487 8 132742 132744 156377 156269 156262 144292 144291 156252
83815 864 796 4 132745 132746 142196 142758
83816 667 864 4 132745 132747 142874 142759
83817 9562 9744 5 132749 132750 132996 132997 154206
83818 10341 9497 5 132751 132748 155281 155308 155274
83819 10341 9562 4 132748 132750 153711 155280
83820 9744 9497 5 132749 132751 155255 155256 155262
83821 1644 138 4 132756 132754 133717 133814
83822 9399 11084 6 132759 132760 132968 155108 155109 155389
83823 3319 5367 3 132761 132762 155199
83824 3319 11084 7 132762 132759 154269 154270 154988 154989 155198
83825 3319 9399 5 132759 132761 154133 154134 155390
83826 11500 11871 4 132764 132765 156225 146532
83827 11584 11871 4 132765 132766 146598 154254
83828 11871 11461 5 132764 132766 146596 146093 146094
83829 553 740 8 132770 132771 143266 143202 143173 143174 141557 141555
83830 458 724 6 132772 132773 141632 142843 142975 142728
83831 458 740 5 132773 132770 143214 143177 141631
83832 458 553 4 132770 132772 142727 143165
83833 724 740 4 132771 132773 141630 143239
83834 1609 1622 7 132775 132776 133108 133107 132779 132782 132847
83835 1622 2530 4 132774 132776 141716 133057
83836 711 1609 3 132779 132780 142472
83837 1622 966 3 132781 132782 132830
83838 11446 10992 5 132783 132784 146747 146746 154440
83839 11018 11446 4 132783 132785 154461 154439
83840 10221 726 3 132788 132789 133120
83841 10119 636 3 132790 132791 142291
83842 10119 726 5 132791 132788 133122 133061 133063
83843 3190 2829 4 132792 132793 141890 133199
83844 826 1120 5 132799 132800 143176 141711 141712
83845 2557 2928 6 132804 132801 135801 135800 135751 135650
83846 2557 2708 5 132801 132803 133469 133840 135850
83847 11731 194 3 132810 132811 132957
83848 2614 1825 6 132812 132813 142513 142516 142364 142354
83849 2614 2111 5 132813 132814 142507 142505 142514
83850 2037 2111 6 132814 132815 132818 142414 142412 142411
83851 2037 1825 4 132815 132812 142355 132817
83852 2037 2614 6 132812 132814 142508 142503 142301 142303
83853 2111 1825 4 132813 132815 132816 142515
83854 1168 2037 4 132817 132818 142539 142547
83855 2111 1168 5 132816 132818 142064 142062 142581
83856 4905 2614 3 132819 132820 142277
83857 2305 1938 3 132821 132823 133594
83858 1353 711 3 132828 132829 132839
83859 824 11894 5 132832 132833 155050 132909 132910
83860 628 824 6 132831 132833 155049 133755 133752 133564
83861 966 811 4 132834 132835 132838 132837
83862 2156 2300 4 132841 132842 141767 141765
83863 2803 2156 5 132840 132842 141819 132885 132884
83864 2156 2790 5 132844 132845 141861 142341 132885
83865 2156 2651 5 132845 132846 132892 142243 141862
83866 3165 2156 6 132844 132846 132893 142360 142359 132884
83867 2745 2488 3 132852 132850 139327
83868 2745 2718 8 132850 132851 139436 139442 139443 139627 140585 139326
83869 11819 376 7 132855 132856 133067 146149 154809 154891 154189
83870 10981 11404 9 132859 132860 154913 154816 154815 154839 154846 138270 138269
83871 636 2131 5 132862 132863 133051 133111 133112
83872 2518 2803 3 132868 132867 141909
83873 495 1098 5 132872 132873 155512 155519 142390
83874 1348 495 5 132871 132873 155511 142588 142443
83875 3070 2525 5 132876 132874 133076 141931 141979
83876 447 261 3 132878 132879 143161
83877 1947 2721 5 132880 132881 142478 142479 142480
83878 1947 636 6 132881 132882 133092 142291 133109 133112
83879 3549 636 3 132882 132883 133093
83880 3549 1947 7 132880 132882 133091 141715 142353 142420 142482
83881 2218 1612 4 132887 132889 141753 141752
83882 2156 2530 5 132892 132893 142362 142395 142295
83883 902 966 9 132895 132896 142538 142246 142247 141963 141700 141703 142569
83884 483 902 3 132894 132896 142532
83885 966 959 4 132895 132897 141404 142467
83886 2530 3549 3 132899 132900 142420
83887 3520 2530 4 132898 132900 142419 133070
83888 11509 11230 7 132901 132902 153806 132937 132935 133736 133738
83889 11230 11451 4 132901 132903 154830 154927
83890 10293 10617 4 132905 132906 150485 133761
83891 10293 10440 6 132904 132905 133759 155095 154449 154448
83892 196 824 4 132908 132910 132911 132927
83893 11023 10443 4 132914 132915 151304 149942
83894 10443 11009 4 132913 132915 151360 151124
83895 10276 9497 3 132917 132919 155323
83896 1439 1967 5 132921 132922 133666 133604 133028
83897 1439 1356 6 132922 132920 133678 133238 133237 133610
83898 2514 1967 4 132923 132924 133627 133221
83899 824 814 3 132925 132926 132927
83900 10329 10864 5 132928 132929 155149 155150 155173
83901 10329 10646 4 132929 132930 151192 154977
83902 11740 10646 5 132930 132931 150561 151099 151193
83903 11740 10864 5 132931 132928 155139 155136 150559
83904 11740 10329 6 132928 132930 151191 155171 155172 155175
83905 10646 10864 5 132929 132931 150560 151156 151172
83906 10885 11509 3 132934 132935 154984
83907 11065 11230 3 132936 132937 154979
83908 11065 11509 5 132937 132934 155009 154972 154971
83909 11065 10885 6 132934 132936 154978 155098 154921 154920
83910 9549 9713 5 132938 132940 154063 154064 154082
83911 11478 11181 6 132941 132942 155123 151173 151084 151083
83912 11478 11707 9 132942 132943 155122 155000 133463 133464 155126 155132 155124
83913 11743 11707 6 132943 132944 154071 146475 146476 155001
83914 11743 11181 5 132944 132941 150476 150478 155006
83915 11743 11478 4 132941 132943 150984 150982
83916 11707 11181 4 132942 132944 155007 155117
83917 2297 1744 5 132946 132945 142342 142404 142454
83918 8599 10276 3 132948 132950 132984
83919 9056 10643 3 132949 132951 133158
83920 2883 1967 3 132952 132953 133580
83921 11542 10925 5 132954 132955 154951 155130 154994
83922 8049 10137 5 132958 132959 154140 155264 155261
83923 2880 2693 3 132960 132961 140271
83924 1938 2883 9 132962 132963 133265 133573 133033 133034 133594 133580 133187
83925 2933 2883 5 132964 132962 133188 133467 133466
83926 2702 2883 4 132963 132964 133501 133266
83927 9399 6534 5 132968 132969 155265 155224 155225
83928 10137 9116 3 132971 132972 154725
83929 9116 10781 5 132971 132973 133547 151055 154771
83930 8821 9549 4 132974 132975 153920 152849
83931 9890 9559 4 132976 132978 156877 155691
83932 9928 9648 4 132977 132979 155487 155688
83933 11074 11698 5 132980 132981 155286 155248 155249
83934 11074 11013 5 132981 132982 155289 154860 154858
83935 11547 11074 5 132980 132982 154872 154873 155263
83936 9116 10643 3 132985 132983 133547
83937 1468 861 3 132988 132989 133647
83938 10437 3678 6 132993 132994 142648 142650 155986 155984
83939 9562 10298 5 132995 132996 153711 155331 154857
83940 9883 9744 4 132997 132998 154109 154110
83941 9883 9562 5 132995 132997 154103 150954 150953
83942 1964 1967 7 133001 133002 133221 133027 133028 133603 133561
83943 1964 2344 3 133002 133003 133222
83944 2023 1967 4 133004 133001 133563 133602
83945 2294 2024 4 133005 133006 137604 137733
83946 2072 2113 6 133007 133008 137792 136607 136606 137828
83947 2072 2024 7 133008 133005 137677 137676 137728 137867 137793
83948 2072 2294 6 133005 133007 136516 136518 137884 137734
83949 2113 2024 5 133006 133008 137790 137767 137605
83950 2651 2554 5 133010 133012 133165 133164 133166
83951 2344 2684 4 133017 133018 133586 133500
83952 2379 1834 3 133020 133019 135168
83953 10137 11182 6 133023 133021 155312 155314 154713 154712
83954 2597 2207 3 133039 133040 133320
83955 2921 2636 3 133042 133043 133857
83956 9050 9744 5 133044 133045 133269 154120 154121
83957 11354 726 4 133047 133048 155376 142790
83958 11354 711 6 133048 133049 155302 155258 151051 151052
83959 636 11354 5 133047 133049 155218 142153 142152
83960 2131 1622 7 133050 133051 142372 142107 133057 133056 133066
83961 1776 1920 5 133053 133054 141830 142370 142159
83962 2131 2530 4 133055 133057 142106 133096
83963 726 205 3 133061 133062 155424
83964 726 1947 7 133062 133063 133109 133110 142348 142347 155467
83965 2651 1804 4 133064 133065 133165 133144
83966 11819 330 3 133067 133068 133083
83967 1412 1516 7 133072 133073 142748 142747 142833 142733 142095
83968 1244 1412 5 133071 133073 142350 142349 142097
83969 1516 1159 4 133072 133074 138441 138440
83970 10777 10445 7 133079 133080 154862 155595 155569 155570 155625
83971 11828 235 4 133084 133085 146588 146590
83972 232 235 6 133085 133086 142563 143023 146545 154160
83973 1947 2614 5 133087 133089 142321 142509 142498
83974 10221 1947 3 133091 133092 141714
83975 11854 44 3 133095 133094 155042
83976 3131 2976 6 133099 133100 133138 133139 133142 133134
83977 1984 2629 4 133102 133103 133143 133135
83978 1804 2629 6 133103 133104 133630 133550 133200 133144
83979 1622 1947 5 133108 133106 142348 142107 141716
83980 726 2131 3 133110 133111 142372
83981 2131 1947 5 133110 133112 142478 142106 142107
83982 11354 11213 3 133118 133119 141550
83983 11354 11471 6 133117 133118 141549 142333 142334 155604
83984 11808 10221 5 133120 133121 155506 155515 155516
83985 11808 10119 5 133121 133122 146172 142652 142653
83986 726 11808 8 133120 133122 155424 155467 155509 155488 142790 142791
83987 10155 9648 4 133123 133124 156785 155487
83988 9839 10119 3 133127 133128 155215
83989 2976 3914 7 133129 133130 133131 133133 133132 133140 133134
83990 2976 4107 3 133140 133141 133142
83991 2597 2651 7 133146 133147 137286 133190 133191 133210 133166
83992 1585 1493 5 133150 133151 135090 135091 135094
83993 3465 2933 5 133153 133155 133583 133467 133241
83994 10276 8185 4 133156 133157 155200 155201
83995 1439 628 5 133167 133168 133238 133735 133564
83996 2483 2480 5 133171 133169 136703 136702 133379
83997 2207 2480 3 133170 133171 133380
83998 9571 9814 4 133172 133173 155157 155194
83999 9571 9871 7 133173 133174 155160 155181 155183 155187 155158
84000 9556 9871 5 133174 133175 154053 150722 150723
84001 9556 9814 5 133175 133172 155156 155076 155073
84002 1442 1525 6 133176 133177 137693 135050 135049 135045
84003 2219 2177 4 133182 133183 134991 134956
84004 2219 2282 7 133183 133180 135371 134977 134978 135044 134990
84005 2597 2483 5 133189 133190 136536 133319 133320
84006 1911 2105 5 133192 133193 137850 137880 136786
84007 2055 2262 6 133197 133195 137235 138268 141740 141364
84008 3045 2829 4 133198 133199 141898 141895
84009 1751 1715 6 133204 133205 133262 133260 133257 133209
84010 1751 1512 5 133205 133206 133569 133570 133261
84011 1580 1463 4 133207 133208 134884 134887
84012 2597 1670 3 133210 133211 133316
84013 2002 2373 3 133212 133213 133437
84014 2373 1512 3 133214 133215 133246
84015 2966 1643 5 133224 133225 133596 133626 133622
84016 2883 3465 7 133228 133229 133581 133467 133468 133568 133558
84017 3465 2305 3 133228 133230 133294
84018 1547 1709 5 133232 133233 134929 134927 135039
84019 1579 1709 6 133233 133234 134515 134517 135110 135112
84020 1579 1662 9 133234 133231 134525 135255 135153 135152 135202 134896 134895
84021 1579 1547 5 133231 133233 135261 134979 134524
84022 1709 1662 5 133232 133234 134909 136091 135040
84023 1356 628 3 133238 133239 133734
84024 416 157 4 133243 133244 151380 133927
84025 416 11898 4 133244 133245 134273 151385
84026 1439 44 3 133253 133254 133634
84027 1439 753 5 133252 133253 133751 133735 133678
84028 1878 1751 4 133257 133258 133438 133259
84029 2023 1715 3 133262 133263 133264
84030 4017 2883 6 133265 133266 133551 133568 133552 133554
84031 9598 8850 7 133267 133268 155254 155316 154095 154096 155272
84032 9744 8850 4 133268 133269 154139 155256
84033 1964 2966 4 133270 133271 133596 133483
84034 1964 2722 3 133271 133272 133595
84035 9458 6437 3 133274 133275 155115
84036 2545 2410 3 133281 133282 136928
84037 2455 2582 6 133283 133280 136913 136911 136832 136824
84038 2455 2545 5 133280 133282 136727 136042 136041
84039 2769 2850 5 133285 133286 136949 133385 133384
84040 2628 2850 4 133286 133287 133329 133330
84041 2628 2678 5 133287 133284 133328 136701 137283
84042 2383 2353 5 133288 133289 135731 135732 135740
84043 2091 2353 4 133290 133288 135641 135640
84044 2405 2390 4 133292 133293 135178 135915
84045 2842 2965 9 133295 133296 133302 133305 141893 141908 141915 141916 141455
84046 2842 3045 6 133296 133297 141733 141879 141988 141912
84047 3194 2965 5 133298 133295 137336 137335 133317
84048 3194 2842 4 133295 133297 141734 141456
84049 2740 2842 6 133302 133303 141920 141937 141989 141912
84050 2740 2682 6 133303 133304 141924 133362 133363 141921
84051 2682 2842 3 133303 133305 141892
84052 2491 2215 3 133306 133307 137237
84053 2281 2203 5 133308 133309 138400 138399 141768
84054 2281 2491 4 133306 133308 141804 137236
84055 2955 3470 3 133310 133311 133312
84056 2179 2226 6 133314 133315 133391 134970 137824 133394
84057 1854 2179 4 133313 133315 133392 133415
84058 2965 3247 6 133317 133318 137301 137302 137303 137333
84059 2483 2578 3 133319 133321 136537
84060 2768 3147 4 133323 133324 133370 137217
84061 2843 3147 4 133324 133325 137099 133371
84062 2843 2850 6 133325 133322 137167 137166 137161 137160
84063 3147 2850 6 133323 133325 137158 136958 136960 137218
84064 2483 2628 5 133327 133328 136703 137274 137110
84065 1946 2336 3 133331 133332 137214
84066 2645 2420 7 133339 133340 139569 139570 139844 140192 139951
84067 2385 2420 5 133340 133341 140136 137517 137518
84068 2420 2504 3 133339 133341 139952
84069 2099 2214 5 133343 133344 135357 135331 135332
84070 2099 2120 4 133344 133342 136474 135597
84071 2624 2289 4 133345 133346 137832 133397
84072 2624 2753 6 133351 133352 135660 137131 137134 137148
84073 2624 2680 5 133352 133353 137027 136668 135659
84074 2815 2680 5 133353 133354 137055 136774 136777
84075 2815 2624 6 133351 133353 137026 137029 137028 137149
84076 2680 2753 6 133352 133354 137054 137219 137202 135661
84077 2296 2723 5 133356 133357 133524 133523 135376
84078 2296 1886 5 133357 133355 135615 134212 134211
84079 1689 1764 5 133359 133360 135886 136352 135005
84080 1689 1471 5 133360 133361 137637 136612 135887
84081 1349 1511 7 133365 133366 138285 138283 138286 138288 141665
84082 1137 1322 5 133367 133368 138240 138293 138019
84083 1137 1349 4 133365 133367 138018 141689
84084 3150 2768 3 133369 133370 137216
84085 2695 2648 5 133375 133377 133511 133510 135855
84086 2755 2616 5 133376 133378 135712 135713 135471
84087 2207 2323 5 133380 133381 137299 137177 137176
84088 2323 2483 3 133379 133381 137294
84089 2850 3054 6 133385 133386 136959 136960 135859 135860
84090 1888 2014 4 133390 133388 134973 137694
84091 1888 2009 4 133388 133389 136431 134972
84092 2354 2624 5 133397 133398 137657 137658 137836
84093 2289 2354 5 133397 133399 137612 136617 136618
84094 2235 2014 6 133400 133401 137839 137835 136621 136619
84095 2395 2014 3 133401 133402 137831
84096 2113 1823 7 133403 133404 137758 137757 137764 137767 137789
84097 2326 2503 6 133409 133410 137006 137007 136533 136535
84098 2503 2368 5 133408 133410 137852 140394 136471
84099 1792 1934 6 133412 133413 137785 137782 137783 137203
84100 1593 1934 5 133413 133414 137577 138326 137787
84101 1593 1836 5 133414 133411 138021 137663 137576
84102 2760 3229 3 133417 133418 135487
84103 3221 2864 5 133419 133416 133908 135433 135554
84104 3229 2864 6 133417 133419 135555 135573 135561 135488
84105 2930 2865 7 133427 133428 135706 135704 135928 135966 135882
84106 3006 2930 4 133426 133428 135584 135583
84107 2865 2954 3 133427 133429 135781
84108 1626 2188 3 133431 133433 133598
84109 1751 2002 5 133432 133434 133438 133437 133436
84110 2799 2770 5 133442 133443 135929 135930 135973
84111 2799 2865 4 133443 133444 135959 135966
84112 2673 2799 6 133442 133444 134346 134345 135018 135017
84113 1967 1751 4 133446 133447 133561 133563
84114 1967 1458 5 133447 133445 133670 133604 133603
84115 11578 11661 6 133450 133451 155019 155135 155137 154704
84116 11578 11863 6 133451 133452 150570 150571 151140 151141
84117 11306 11863 6 133452 133453 150924 150922 150321 150320
84118 11306 11661 5 133453 133450 151155 151157 151187
84119 11863 11661 4 133451 133453 151183 151182
84120 2672 2438 3 133454 133455 135499
84121 1303 859 5 133457 133458 135118 135115 134832
84122 3028 2845 3 133461 133459 133505
84123 11478 11863 5 133462 133463 150572 150570 150320
84124 11542 11707 5 133464 133465 133775 154962 154963
84125 11542 11478 6 133462 133464 155127 155129 155130 150319
84126 11707 11863 3 133463 133465 133774
84127 3272 2883 4 133466 133468 133551 133501
84128 1468 1218 3 133471 133472 133575
84129 1512 1458 4 133473 133470 133570 133600
84130 1531 1580 7 133475 133474 134983 135688 133955 133954 134962
84131 1580 1100 6 133477 133478 134775 134776 134960 134985
84132 1100 1470 5 133477 133479 134624 134626 134915
84133 2904 3459 5 133484 133485 133873 133888 133894
84134 10328 11740 3 133489 133488 155172
84135 1455 1356 5 133490 133491 133494 133665 133610
84136 11863 138 3 133497 133498 151140
84137 150 138 4 133498 133499 133815 155121
84138 150 1255 4 133499 133496 133642 133733
84139 150 11863 7 133496 133498 150571 150572 133774 133712 133641
84140 138 1255 6 133497 133499 133813 133814 133816 151142
84141 2760 2779 3 133507 133508 135334
84142 2379 2864 4 133509 133506 135576 135575
84143 2695 2735 5 133510 133512 135772 135773 135867
84144 1756 931 3 133514 133515 135427
84145 2395 2214 6 133517 133518 136472 136446 135359 135357
84146 2299 1788 3 133519 133520 135169
84147 2066 2299 8 133519 133521 135553 135375 135372 135610 135721 135611
84148 3103 2723 7 133523 133525 135445 135677 135625 133860 133861
84149 2845 11906 4 133528 133529 133939 133777
84150 2379 11906 3 133529 133530 133940
84151 2379 2447 5 133530 133527 134475 134474 134214
84152 2783 2919 7 133531 133532 136156 135545 135547 135780 135429
84153 2783 2741 4 133532 133533 135982 136037
84154 2634 2741 6 133533 133534 135467 135480 135216 135215
84155 2634 2783 5 133531 133533 135220 135221 135430
84156 2928 3010 4 133538 133539 133900 137118
84157 2930 2755 3 133541 133542 135882
84158 2285 1799 4 133545 133546 133887 133799
84159 1799 2447 4 133544 133546 134135 135645
84160 2883 4720 5 133553 133554 133573 133565 133566
84161 1078 1445 4 133555 133557 135683 134689
84162 1751 1964 3 133561 133562 133606
84163 1983 2296 6 133577 133578 133620 135404 133657 133656
84164 2344 3465 3 133581 133582 133583
84165 2344 2435 3 133584 133585 133586
84166 11242 10755 6 133608 133609 133674 133673 151159 155228
84167 11242 10870 4 133609 133607 155008 154843
84168 1439 1455 4 133610 133611 133669 133666
84169 9814 10811 4 133617 133618 155189 155012
84170 10465 10811 4 133619 133617 155014 155093
84171 10692 10811 7 133618 133619 155016 155015 155089 155063 155062
84172 1643 2933 4 133622 133623 133624 133635
84173 1643 2514 4 133625 133626 133635 133627
84174 1643 2629 3 133630 133631 133632
84175 1643 1218 3 133636 133637 133638
84176 1455 1458 5 133648 133649 133668 133669 133670
84177 2921 11915 7 133653 133654 134054 133811 133812 134081 134106
84178 3085 3111 3 133655 133652 135349
84179 11915 3111 4 133653 133655 135453 134107
84180 1983 2002 3 133662 133663 133664
84181 1967 1455 4 133665 133666 133670 133667
84182 11181 11065 4 133671 133672 154990 154797
84183 11181 11242 8 133672 133673 150999 151000 154922 155006 155007 154991
84184 10755 11065 6 133674 133671 151076 151073 154921 154844
84185 10755 11181 4 133671 133673 151158 154798
84186 11242 11065 5 133672 133674 154843 154972 154974
84187 11766 11582 5 133680 133681 133688 134070 134071
84188 56 11810 4 133682 133683 150261 150133
84189 11810 11582 6 133681 133683 146473 146470 147561 133690
84190 1706 2447 5 133684 133685 134214 135646 134135
84191 11766 11369 3 133688 133689 134302
84192 11337 11642 7 133694 133695 151110 151196 133806 133807 151248
84193 477 340 6 133696 133697 134292 134586 134585 134664
84194 11331 11177 6 133699 133700 154476 146929 146928 149406
84195 11331 11369 4 133698 133699 149404 134667
84196 10058 10443 5 133701 133702 134041 134043 150774
84197 10654 10443 6 133702 133703 151310 151362 151124 151123
84198 10443 9284 7 133701 133703 151309 151311 151597 151438 150775
84199 11181 10959 6 133705 133706 154553 154550 151175 151084
84200 11181 10864 4 133706 133704 151186 154551
84201 11181 11578 6 133704 133705 151083 150476 150475 151185
84202 2604 3125 4 133708 133709 133890 134091
84203 3143 2604 8 133707 133709 133889 134087 133983 133786 133732 133731
84204 3407 2604 3 133710 133711 133766
84205 11542 150 4 133712 133714 154960 133775
84206 10755 9919 5 133719 133720 154050 154048 154996
84207 10755 10885 5 133720 133718 154921 155097 154987
84208 9571 9654 6 133721 133722 155191 155186 155187 155188
84209 9418 9654 5 133723 133721 150995 150996 152648
84210 9919 9654 3 133722 133723 154267
84211 11509 11547 4 133724 133725 155018 154985
84212 11509 11731 4 133725 133726 155041 155046
84213 2604 2904 3 133730 133731 133912
84214 2447 2604 4 133730 133732 133779 133778
84215 628 753 8 133734 133735 133752 133754 155035 133764 133763 133765
84216 10870 11509 8 133736 133737 154985 151181 151180 155008 155009 154984
84217 11333 11509 6 133737 133738 155040 155057 155046 155018
84218 10692 10828 5 133740 133741 150347 150346 155089
84219 10828 11306 4 133739 133741 151163 151165
84220 10885 10252 6 133742 133743 155103 154987 154940 133757
84221 10252 10957 4 133742 133744 154967 133758
84222 753 861 4 133746 133747 133765 133748
84223 51 753 5 133745 133747 133763 133762 155068
84224 753 824 3 133751 133752 133753
84225 628 44 3 133754 133755 155037
84226 10252 10298 5 133757 133758 154161 153777 153779
84227 10298 10957 6 133756 133758 154968 154939 154938 155020
84228 10139 10617 6 133760 133761 150469 150160 150161 150342
84229 10139 10440 4 133759 133760 150615 155096
84230 11894 753 4 133762 133764 151098 151097
84231 2771 2604 9 133766 133767 134153 134028 134027 134087 134088 134091 134092
84232 2771 3085 3 133767 133768 134142
84233 6308 2632 4 133769 133770 133772 133995
84234 2428 2299 4 133780 133781 135300 135442
84235 2428 2583 5 133781 133782 135461 135459 135299
84236 2275 2299 4 133783 133780 135373 135375
84237 1915 2014 5 133784 133785 135686 137632 137835
84238 2841 2447 3 133788 133789 135484
84239 1295 875 3 133795 133796 134314
84240 1295 239 4 133796 133794 134744 134746
84241 1295 1078 9 133794 133795 134312 135481 133922 133923 134136 134138 134774
84242 2425 2104 5 133797 133798 133898 133909 133897
84243 1255 7 5 133801 133802 133816 155023 151189
84244 11337 11661 4 133805 133806 150778 150776
84245 1255 354 3 133809 133810 150566
84246 1424 1461 5 133820 133821 134936 135655 135311
84247 1284 1272 7 133822 133823 134612 134613 134777 134769 134770
84248 1284 1461 5 133823 133820 135310 134640 134641
84249 1272 1461 5 133821 133823 134987 134886 134885
84250 2873 2995 6 133827 133828 134111 135452 134001 134003
84251 3191 2995 4 133828 133829 135346 134112
84252 768 617 4 133831 133832 134513 134387
84253 11306 10769 7 133836 133837 150889 151164 151163 151160 134074
84254 11306 11190 4 133834 133836 134072 151126
84255 10769 11197 3 133835 133837 150836
84256 2708 2438 4 133839 133840 137107 135832
84257 2438 2353 6 133839 133841 135708 135709 135732 135733
84258 1688 1454 4 133842 133843 135666 135647
84259 2841 3103 4 133847 133848 135593 133860
84260 2807 2386 4 133849 133850 135525 135590
84261 2574 2386 4 133850 133851 135170 135423
84262 416 1724 5 133854 133855 133877 133927 151381
84263 2960 11908 4 133858 133859 134167 133982
84264 239 72 4 133863 133864 150498 150343
84265 238 322 6 133865 133862 134773 134678 134677 134713
84266 72 322 7 133863 133865 134714 134721 151397 150366 150344
84267 2694 1788 4 133866 133867 135489 135514
84268 2104 2423 3 133870 133871 133897
84269 10058 11060 6 133874 133875 151272 151446 151388 151230
84270 157 11060 6 133876 133874 151231 151386 151380 151203
84271 250 11060 8 133875 133876 151202 151410 133965 133967 151420 151273
84272 1738 11900 6 133879 133880 134938 135492 135140 135138
84273 365 1026 3 133885 133883 133962
84274 1706 1799 6 133886 133887 134135 135630 134261 134262
84275 3237 2604 3 133889 133890 134088
84276 2904 3603 4 133892 133893 133894 133896
84277 2974 3021 4 133903 133904 140339 136842
84278 3243 2974 4 133902 133904 136989 136988
84279 2864 2796 4 133907 133908 135432 135418
84280 2425 2632 3 133909 133910 133911
84281 3063 2481 3 133913 133914 133928
84282 402 904 5 133919 133917 134836 134750 134749
84283 1454 1078 7 133921 133922 135666 134689 134688 134920 134902
84284 1078 1424 3 133921 133923 134903
84285 474 1252 3 133925 133926 134032
84286 474 979 8 133926 133924 134363 134426 134418 134415 134394 134393
84287 5471 250 4 133929 133930 151414 134101
84288 415 1176 6 133932 133933 134834 134547 134546 133960
84289 11325 11680 7 133944 133945 150149 150146 150301 150520 150303
84290 2930 2882 6 133949 133950 135791 135927 135704 135705
84291 3058 2776 4 133951 133952 135544 135522
84292 3058 2882 5 133952 133949 135897 135899 135905
84293 1580 1176 4 133953 133954 134961 134960
84294 1531 1176 4 133954 133956 134882 134883
84295 477 956 4 133959 133957 134871 134812
84296 166 405 6 133963 133964 151134 151162 151427 134049
84297 11060 1745 5 133966 133967 151421 151424 149692
84298 9126 8967 4 133971 133972 151632 152097
84299 1728 2771 4 133977 133979 134144 134031
84300 2481 11908 5 133981 133982 134162 134163 135509
84301 10536 11060 4 133990 133991 151231 151230
84302 10536 11898 4 133991 133992 134228 151433
84303 10654 11898 5 133992 133993 151229 151228 134229
84304 10654 11060 6 133993 133990 151388 151444 151426 151411
84305 10654 10536 4 133990 133992 134227 150205
84306 11898 11060 5 133991 133993 151412 151385 151386
84307 876 6308 5 133995 133996 150981 134012 134011
84308 354 876 3 133994 133996 150980
84309 2674 2873 6 134002 134003 135468 136139 135264 135262
84310 9905 9315 6 134007 134008 150852 150853 150505 150504
84311 9905 10179 5 134008 134006 150259 150710 150846
84312 9905 9284 4 134006 134007 150920 150258
84313 10536 10758 7 134009 134010 151266 134249 134250 134228 134227
84314 11519 11243 5 134014 134015 151137 151247 151274
84315 72 11299 6 134016 134013 150148 150147 150366 151402
84316 11243 11299 7 134014 134016 151400 134706 134705 151253 151254
84317 10599 10465 5 134017 134018 150224 151259 150780
84318 9811 10599 5 134017 134019 151239 151238 150781
84319 10605 10213 5 134021 134022 150046 150150 150042
84320 10309 9595 4 134025 134026 151374 150331
84321 1740 2727 4 134033 134034 134164 134120
84322 166 455 6 134040 134038 150324 134722 134720 134232
84323 166 416 5 134038 134039 134049 151428 150323
84324 10815 10058 5 134041 134042 151448 151446 151447
84325 416 405 4 134048 134049 151413 134273
84326 10536 157 6 134051 134052 151199 151231 151433 134250
84327 9284 9620 4 134055 134056 151256 134058
84328 10303 10778 5 134062 134063 151100 151101 151284
84329 10303 10645 3 134063 134064 151285
84330 10616 10303 7 134062 134064 151294 151603 134218 134216 151283
84331 11433 11796 3 134068 134069 150126
84332 11766 11433 6 134068 134070 134302 134301 146117 146116
84333 11385 11306 4 134074 134072 151128 151161
84334 11823 11506 6 134075 134076 151243 151244 151138 134145
84335 11243 11823 6 134075 134077 151404 150135 150137 134146
84336 10813 10718 4 134078 134079 149512 151245
84337 10910 10718 6 134079 134080 151147 151087 151088 149513
84338 10718 10769 5 134078 134080 151145 151146 151214
84339 11895 49 4 134082 134083 134420 134219
84340 2771 3125 5 134089 134090 134095 134094 134091
84341 2845 2771 3 134092 134093 134094
84342 1884 1614 3 134098 134099 134156
84343 1937 1769 6 134103 134104 135428 135237 135098 135097
84344 2921 3719 3 134105 134106 134108
84345 2379 2873 4 134114 134113 135336 135271
84346 781 430 9 134123 134121 134434 134435 134386 134385 134402 134403 134431
84347 11841 11377 5 134127 134125 150163 150228 149908
84348 412 369 4 134133 134134 134315 134317
84349 723 412 9 134132 134134 134497 134498 134535 134487 134430 134429 134488
84350 1078 322 4 134137 134138 134773 134444
84351 1295 322 4 134138 134139 134676 134678
84352 322 904 9 134137 134139 134752 134751 134749 134748 134765 134759 134445
84353 11900 2771 5 134141 134142 134153 134143 134144
84354 72 11506 4 134147 134145 151130 151129
84355 157 10758 4 134151 134152 151118 134250
84356 157 11114 3 134152 134150 151117
84357 582 653 5 134157 134158 134278 134448 134464
84358 1740 11908 6 134160 134161 134162 134167 134173 134168
84359 1740 11909 5 134164 134165 134168 134172 134166
84360 1740 615 3 134169 134170 134171
84361 1740 2636 3 134172 134173 134174
84362 10467 9947 5 134175 134176 151468 151501 151439
84363 1080 1202 3 134178 134179 134889
84364 1074 1202 6 134179 134180 134792 134793 134538 134537
84365 1074 1303 3 134180 134177 135195
84366 239 388 5 134181 134182 134244 150496 134307
84367 875 388 6 134183 134181 134309 134654 134697 134815
84368 1745 5471 4 134186 134187 134189 134188
84369 262 340 8 134191 134190 134684 134585 134583 134582 150430 134605
84370 1277 369 4 134194 134192 134215 134716
84371 1397 369 3 134193 134194 134634
84372 10535 11898 4 134197 134198 151194 134300
84373 9896 10337 3 134201 134199 150067
84374 238 11519 3 134202 134203 151125
84375 1443 1493 4 134209 134210 134918 135090
84376 1886 2112 5 134212 134213 134967 135601 135599
84377 10564 10303 3 134217 134218 151562
84378 1202 1118 4 134221 134222 134538 134536
84379 10284 10371 4 134225 134226 150726 150727
84380 10758 11898 4 134228 134229 151116 151118
84381 1397 455 4 134230 134231 134232 134719
84382 2756 2734 3 134233 134234 135482
84383 2908 2868 5 134235 134236 136697 136696 135595
84384 2730 2868 5 134236 134237 136901 139432 136737
84385 2868 3002 4 134235 134237 136893 135596
84386 192 340 6 134239 134238 150444 134588 134587 134292
84387 10733 10824 4 134241 134242 148338 150304
84388 10936 10824 6 134242 134243 146896 146895 149340 148339
84389 10824 10746 5 134241 134243 150084 150110 150112
84390 239 56 4 134244 134245 150277 150502
84391 11155 11342 8 134246 134247 146486 146487 148905 134602 134601 150754
84392 1103 1306 4 134253 134254 134330 134329
84393 11841 142 7 134257 134258 149628 150171 134406 134404 149540
84394 142 11671 5 134257 134259 149578 148932 148934
84395 1706 238 4 134264 134265 134266 134271
84396 238 1397 4 134267 134266 134272 134677
84397 1706 405 3 134268 134269 134270
84398 10749 10564 3 134280 134281 149402
84399 11638 34 4 134284 134285 134462 150296
84400 10309 11060 7 134288 134289 150331 151536 151432 151198 134412
84401 11060 10815 9 134287 134289 150330 151450 151446 151444 151441 151440 151121
84402 185 11713 4 134295 134297 134361 134298
84403 10535 876 7 134299 134300 151217 151263 151205 151081 151082
84404 11810 11433 4 134301 134303 150513 150340
84405 2104 11823 5 134305 134306 151139 150329 150328
84406 11863 239 4 134307 134308 134743 150248
84407 1799 1078 3 134312 134313 134789
84408 268 412 8 134315 134316 134478 134521 134548 134568 134496 134497
84409 11653 53 5 134319 134320 134646 150290 146371
84410 94 11572 3 134321 134318 149497
84411 94 11653 6 134318 134320 134439 134441 150371 150429
84412 1985 2122 5 134327 134328 136244 136194 136193
84413 640 995 3 134333 134334 134518
84414 809 859 3 134335 134336 134803
84415 859 995 4 134334 134336 135114 134519
84416 11231 11572 3 134338 134339 149409
84417 11347 11231 8 134337 134339 149410 149356 149358 150621 149331 149330
84418 322 716 3 134342 134343 134748
84419 171 402 5 134344 134341 150406 134372 134371
84420 716 402 5 134342 134344 134581 134851 134750
84421 1080 1209 7 134347 134348 134507 135190 135192 134442 134443
84422 1074 1217 8 134350 134351 134484 134792 135195 135193 135188 135186
84423 781 947 4 134352 134353 134355 134354
84424 11364 11939 3 134358 134356 150157
84425 185 11545 7 134362 134361 149492 150105 151472 150055 148653
84426 24 222 3 134366 134364 151481
84427 582 430 5 134374 134375 134378 134455 134434
84428 11840 412 6 134376 134373 134398 134494 134491 134468
84429 11840 582 3 134373 134375 134379
84430 89 430 3 134378 134380 134437
84431 979 1740 3 134381 134382 134383
84432 779 828 3 134388 134389 134854
84433 979 11897 3 134391 134392 134393
84434 11760 11567 6 134396 134397 149660 149675 149658 149657
84435 11760 11671 4 134397 134395 148934 148931
84436 11841 268 9 134404 134405 150168 150182 150184 150409 150228 150167 149539
84437 11841 640 5 134405 134406 150170 150173 150169
84438 142 268 4 134407 134404 134522 134521
84439 640 268 4 134405 134407 134548 134569
84440 11071 10940 3 134409 134410 149794
84441 222 979 3 134415 134416 134419
84442 474 723 3 134417 134418 134427
84443 11895 11941 3 134420 134421 134422
84444 372 979 3 134425 134426 134428
84445 430 634 4 134435 134436 134437 134455
84446 11653 192 6 134439 134440 154442 150438 150436 134646
84447 634 582 5 134446 134447 134461 134456 134455
84448 11760 142 7 134452 134453 148933 148934 149540 134522 134454
84449 1176 1454 3 134457 134459 134688
84450 1445 1100 3 134458 134460 134776
84451 11715 34 6 134462 134463 150369 150370 150361 150359
84452 681 1176 4 134469 134470 134817 134814
84453 2447 1952 5 134473 134474 135646 135645 135605
84454 268 11760 5 134478 134479 134481 149539 134522
84455 86 11760 3 134479 134480 134483
84456 268 11574 4 134481 134482 150229 150167
84457 1008 781 4 134485 134486 134532 134528
84458 412 372 3 134488 134489 134490
84459 412 11574 3 134491 134492 134493
84460 402 412 3 134498 134496 134553
84461 11530 11166 7 134500 134501 150050 148740 148742 149735 149710
84462 11166 11475 4 134499 134501 150101 150098
84463 415 322 3 134502 134504 134759
84464 1074 1209 3 134507 134508 135188
84465 863 859 4 134509 134510 134941 134942
84466 262 617 7 134512 134513 134604 134798 134693 134684 134683
84467 262 779 3 134511 134512 134829
84468 1811 1579 6 134515 134516 134906 134907 134897 134895
84469 1303 1579 5 134524 134525 135269 135200 134981
84470 1303 1662 3 134525 134523 135037
84471 1303 1547 10 134523 134524 134980 135248 135041 134925 134924 135035 135011 135012
84472 848 1008 4 134529 134531 134532 134533
84473 746 412 5 134534 134535 134553 134568 134552
84474 402 779 4 134539 134540 134851 134836
84475 779 1100 4 134541 134542 134869 134795
84476 1176 388 5 134545 134546 134815 134816 134814
84477 11413 11202 3 134549 134550 150072
84478 1418 1417 6 134555 134554 135159 139042 138579 135172
84479 2118 2015 6 134556 134557 135099 135436 136204 136205
84480 2327 2069 3 134558 134559 135064
84481 2327 2118 5 134556 134558 136054 136056 136264
84482 11833 11638 3 134560 134561 134566
84483 268 746 4 134568 134569 150168 134570
84484 11542 11723 6 134572 134574 150493 150495 151077 151276
84485 11485 11564 4 134576 134577 146857 150433
84486 11331 11564 6 134577 134578 148379 148380 154743 146858
84487 11331 11384 4 134578 134575 134739 149395
84488 11564 11384 7 134576 134578 149360 149361 149396 149428 150432
84489 388 549 6 134579 134580 134654 134652 134653 134657
84490 340 203 4 134583 134584 134587 134586
84491 53 340 6 134582 134584 134588 150441 150336 150335
84492 10687 10621 6 134596 134597 145717 145718 154565 153000
84493 10687 10732 4 134597 134598 146407 146408
84494 10810 10732 6 134598 134599 154508 154496 154497 154672
84495 10810 10621 3 134599 134596 153002
84496 10810 10687 7 134596 134598 154671 146079 146078 154579 153001
84497 10732 10621 7 134597 134599 147002 147001 146750 146749 152982
84498 10992 11155 3 134600 134601 150753
84499 11155 10617 5 134600 134602 149579 134610 134609
84500 69 262 3 134605 134606 150390
84501 11649 121 4 134607 134608 154829 150434
84502 1272 1043 4 134611 134613 134935 134827
84503 1442 1292 4 134617 134618 135045 134904
84504 11823 1799 3 134621 134622 150329
84505 11823 11642 6 134622 134623 151243 151248 151249 151139
84506 2887 2919 5 134630 134631 135545 136155 135941
84507 1397 322 8 134633 134634 134717 134719 134715 134677 134676 134752
84508 1303 1461 5 134639 134640 134926 134925 135042
84509 1461 1202 4 134639 134641 134987 134986
84510 11155 11385 6 134642 134643 150140 150531 150539 150550
84511 11582 11385 3 134645 134642 150521
84512 1295 1111 3 134650 134648 134805
84513 388 931 4 134651 134652 134697 134816
84514 681 388 5 134651 134653 134656 134698 134814
84515 10440 11252 6 134658 134659 155094 155099 150463 150461
84516 11189 10992 7 134660 134661 146747 150486 154715 151080 151079
84517 11189 10440 3 134658 134660 154176
84518 10992 11252 5 134659 134661 146746 154088 154089
84519 617 392 7 134662 134663 134683 134828 134673 134671 134875
84520 617 340 3 134663 134664 134684
84521 477 617 7 134662 134664 134693 134838 134837 134840 134874
84522 617 969 3 134671 134672 134856
84523 322 11887 5 134679 134680 151396 150418 150417
84524 322 455 7 134680 134681 134718 134719 134720 134721 151395
84525 1118 828 6 134686 134687 134947 134855 134854 134892
84526 832 956 3 134691 134692 134796
84527 333 681 3 134702 134703 134704
84528 11190 10594 4 134707 134708 150190 150192
84529 9618 8998 3 134711 134712 150843
84530 322 166 4 134713 134714 134720 134715
84531 322 1277 3 134716 134717 134718
84532 72 455 3 134721 134722 150868
84533 10091 7361 3 134726 134727 151419
84534 10091 7223 9 134727 134728 150000 151466 151431 151307 151308 151415 151418
84535 10813 10303 6 134732 134733 151246 151245 151284 151283
84536 10813 10599 5 134733 134730 151035 150974 150973
84537 10813 10594 7 134730 134732 150338 150337 150191 150190 151382
84538 10303 10599 6 134731 134733 151312 151332 151330 145158
84539 11211 11719 5 134734 134735 150139 150125 150124
84540 11211 11462 6 134735 134736 149736 149737 150074 150073
84541 11477 11462 5 134736 134737 149582 149524 149523
84542 11462 11719 6 134735 134737 149571 149573 149621 149623
84543 11231 11331 5 134738 134739 150202 149406 149404
84544 239 11642 5 134741 134742 134743 150249 150448
84545 239 1799 3 134745 134746 134747
84546 2557 2210 3 134754 134755 135697
84547 2673 2566 4 134761 134762 135764 135766
84548 904 171 3 134765 134766 134767
84549 944 1284 3 134769 134771 134778
84550 1078 238 3 134772 134773 134774
84551 779 1272 4 134779 134777 134935 134893
84552 779 1284 7 134777 134778 134869 134917 134808 134807 134943
84553 1688 1756 4 134780 134781 135556 135065
84554 1688 1445 6 134781 134782 135463 135647 135683 135557
84555 1886 1445 5 134782 134783 135617 135632 135464
84556 1886 1756 8 134783 134780 135066 135615 135599 135598 135726 135616
84557 1886 1688 4 134780 134782 134965 134964
84558 1963 2238 6 134786 134787 134845 134846 135689 135643
84559 2282 2238 4 134787 134788 134976 134978
84560 1688 1078 5 134789 134790 135683 135666 135481
84561 1688 875 5 134790 134791 135682 135556 135557
84562 1042 772 5 134799 134800 135156 135155 135154
84563 1080 640 3 134801 134802 134914
84564 1397 1592 5 134804 134806 135284 134993 134994
84565 768 1284 4 134807 134809 134952 134944
84566 904 779 4 134808 134810 134836 134850
84567 2001 2003 5 134818 134820 136099 135319 135053
84568 1642 979 4 134821 134822 135296 135392
84569 1642 1111 7 134822 134823 135209 135211 135245 135246 135295
84570 1277 1642 4 134821 134823 135307 135393
84571 617 576 4 134839 134840 134865 134841
84572 2432 2211 4 134859 134860 137554 137553
84573 944 576 4 134863 134864 134865 134872
84574 2780 2620 3 134866 134868 135384
84575 944 477 7 134870 134871 134879 134873 134872 134874 134877
84576 944 392 3 134875 134876 134877
84577 944 757 3 134878 134879 134880
84578 1461 1580 5 134884 134885 134936 135657 134996
84579 1463 1461 7 134884 134886 134986 135042 134913 134912 134997
84580 1662 1811 6 134894 134895 134909 135921 134898 134899
84581 1937 1579 4 134896 134897 135117 135208
84582 1937 1662 5 134894 134896 135137 135135 135097
84583 2001 1662 5 134898 134900 135053 135320 135337
84584 1769 1811 3 134899 134901 135098
84585 1461 1547 4 134913 134910 134923 134925
84586 1461 1729 5 134910 134912 135243 135653 135298
84587 1463 1547 7 134911 134913 135041 135249 135273 135261 134929
84588 1461 1747 6 134926 134923 135298 135654 135311 135310
84589 1303 1747 6 134924 134926 135308 135242 135143 135144
84590 1463 1709 5 134928 134929 135112 135109 135157
84591 1460 1521 5 134930 134932 135004 135047 135079
84592 1424 1580 4 134936 134937 134953 135629
84593 1738 2481 3 134938 134939 135491
84594 859 1043 4 134940 134942 134945 135115
84595 768 1303 5 134951 134952 135129 135127 135126
84596 2395 2177 4 134955 134956 135358 135359
84597 1580 1103 4 134961 134962 134963 134985
84598 1834 1886 5 134965 134966 135665 135696 135464
84599 2210 2112 7 134967 134968 135500 135649 135694 135703 135699
84600 2091 2179 3 134969 134970 137837
84601 1585 2009 4 134971 134972 136522 137568
84602 2917 3486 3 134974 134975 135669
84603 1547 1217 4 134979 134980 135270 135273
84604 1303 1217 5 134980 134981 135199 135195 135194
84605 1854 1580 3 134983 134982 135715
84606 1042 809 4 134988 134989 135156 134992
84607 1397 1655 4 134995 134993 135285 135303
84608 1888 1461 4 134996 134997 135243 135656
84609 1614 1654 4 134999 135000 135134 135146
84610 1273 1614 4 134998 135000 135133 135268
84611 1654 1380 4 134999 135001 135286 135147
84612 1614 1662 6 135002 135003 135135 135136 135152 135150
84613 1307 1738 5 135007 135008 135388 135408 135293
84614 2635 2575 5 135010 135009 136025 135589 135024
84615 1303 1540 8 135012 135013 135181 135180 135253 135275 135269 135037
84616 1303 1642 4 135013 135011 135036 135211
84617 1424 1303 3 135015 135016 135242
84618 2673 2490 3 135017 135019 135507
84619 2848 2455 4 135020 135021 136065 136463
84620 2490 2735 3 135022 135023 135377
84621 2044 2279 4 135025 135026 135783 136514
84622 2236 2160 4 135027 135028 135824 136442
84623 2160 2279 5 135026 135028 135823 136595 135784
84624 2217 2199 5 135031 135032 138723 136600 136601
84625 2160 2217 3 135031 135033 135802
84626 1655 1547 3 135034 135035 135302
84627 1655 1303 5 135035 135036 135210 135141 135144
84628 1709 1831 4 135039 135040 136092 135198
84629 1831 1662 5 135038 135040 135338 135320 135318
84630 1463 1303 3 135041 135042 135113
84631 1525 1471 3 135048 135049 135052
84632 1549 1442 3 135050 135051 136613
84633 2003 1662 5 135053 135054 135317 135327 135318
84634 1548 1636 6 135055 135056 139154 139156 138809 138810
84635 1876 1636 5 135058 135055 139113 135854 135851
84636 1876 1548 3 135055 135057 139026
84637 1659 1636 3 135056 135058 139099
84638 1592 1788 4 135059 135060 135284 135283
84639 1747 1592 5 135059 135061 135130 135143 135142
84640 1952 1756 5 135066 135065 135679 135634 135614
84641 2522 2387 4 135068 135067 135809 136728
84642 1585 1764 4 135075 135076 135077 137667
84643 1521 1525 4 135078 135079 135081 135093
84644 2024 2075 7 135083 135084 137733 137677 137628 136510 136512
84645 2024 2253 8 135084 135085 136602 137638 137781 137766 137605 137604
84646 2152 2024 3 135083 135085 136603
84647 2253 2075 5 135084 135086 137597 137702 137726
84648 2099 1585 3 135087 135088 137432
84649 1521 1585 4 135093 135094 135096 135095
84650 2518 2491 7 135100 135101 137128 141938 137259 137261 141348
84651 1955 2491 4 135103 135100 141350 141943
84652 1955 2518 4 135100 135102 141667 141349
84653 2218 2491 5 135101 135103 141941 141901 137129
84654 1709 1363 5 135104 135105 135107 136428 136275
84655 1496 1709 3 135104 135106 136276
84656 1463 1579 3 135111 135112 135261
84657 1556 1937 4 135116 135117 135207 135434
84658 1303 746 4 135118 135119 135126 135120
84659 2013 2317 3 135122 135123 136363
84660 2151 2122 4 135124 135121 135817 135816
84661 2317 2122 4 135122 135124 136084 136085
84662 1424 1747 7 135131 135130 135242 135309 135311 135627 135256
84663 1721 1662 3 135136 135137 135202
84664 1738 979 5 135138 135139 135392 135343 135257
84665 1738 1277 6 135139 135140 135495 135397 135396 135393
84666 2021 1380 4 135145 135147 135282 135235
84667 1614 1579 4 135151 135152 135201 135268
84668 1662 1380 3 135153 135150 135254
84669 1209 910 4 135161 135162 135164 135163
84670 1834 2299 6 135168 135169 135611 135644 135368 135369
84671 1540 1111 4 135181 135182 135247 135245
84672 1038 1540 4 135180 135182 135274 135252
84673 1642 1599 6 135183 135184 135390 135294 135246 135244
84674 1217 995 3 135186 135187 135189
84675 1217 1080 4 135190 135191 135199 135193
84676 1579 1080 5 135191 135192 135233 135232 135200
84677 2171 2327 6 135196 135197 135585 135586 136055 136056
84678 1599 1038 4 135212 135213 135274 135250
84679 2551 2783 4 135221 135219 135779 136022
84680 2057 2088 5 135222 135223 136362 136265 136267
84681 2830 2707 6 135226 135227 136896 136897 140357 140298
84682 2119 2375 5 135228 135229 136278 136282 136134
84683 1540 1579 4 135231 135232 135269 135255
84684 1080 1540 3 135230 135232 135275
84685 2552 2650 5 135238 135239 136985 136984 140645
84686 2552 2162 5 135239 135240 137308 137306 140471
84687 2157 2650 6 135241 135238 140484 140483 140470 140366
84688 1547 1202 3 135248 135249 135270
84689 2741 2887 5 135260 135258 135941 135942 136013
84690 2635 2887 4 135259 135260 136140 136137
84691 2574 2873 3 135263 135264 136138
84692 2934 2379 4 135271 135272 135575 135335
84693 2961 2873 5 135276 135277 135451 135452 135350
84694 2961 3341 3 135277 135278 135462
84695 2279 2133 4 135289 135290 136585 136558
84696 1242 1642 4 135294 135295 135296 135391
84697 2495 2428 4 135299 135300 135608 135763
84698 2495 2299 5 135300 135301 135465 135759 135607
84699 1747 1284 3 135308 135309 135310
84700 2134 2575 3 135312 135313 135952
84701 2282 2275 6 135315 135316 135965 135443 135373 135374
84702 1831 2001 3 135319 135320 135339
84703 2244 2246 5 135323 135321 136636 136637 136378
84704 2161 2246 6 135322 135323 136377 136327 136076 136075
84705 2003 1547 4 135324 135325 135326 135327
84706 2177 2214 6 135333 135331 135359 136232 136234 136390
84707 2015 1662 4 135337 135338 136091 135921
84708 2015 1831 8 135338 135339 136238 136239 136148 136149 136165 136092
84709 2618 2688 7 135340 135341 136098 136097 136133 136052 136053
84710 2618 2626 4 135341 135342 136761 136132
84711 2489 2618 6 135340 135342 136767 136305 136057 136058
84712 1242 1738 6 135343 135344 135407 135388 135387 135391
84713 3219 2934 5 135354 135355 135361 135360 135572
84714 2395 2099 6 135357 135358 135439 136345 136415 135597
84715 2013 1867 6 135362 135363 136360 136361 136357 135562
84716 2013 1847 3 135363 135364 136346
84717 1847 1867 7 135363 135365 136015 136014 138891 136174 136171
84718 1834 2238 4 135366 135368 135643 135665
84719 2507 2282 5 135370 135371 135868 135863 135864
84720 2066 2282 3 135372 135374 135577
84721 2494 2391 5 135380 135381 136131 135947 135912
84722 2776 2494 6 135379 135381 136258 136048 135983 135964
84723 2579 2713 3 135382 135383 136188
84724 1738 1642 6 135389 135390 135391 135392 135393 135395
84725 1738 1655 3 135394 135395 135396
84726 2792 3359 5 135399 135400 135742 135745 135684
84727 3486 2792 7 135398 135400 135743 135738 135675 135669 135670
84728 3359 2723 4 135399 135401 135678 135677
84729 2779 2726 3 135402 135403 135440
84730 1738 11899 3 135407 135408 135409
84731 1770 1847 6 135415 135416 136060 136418 139011 136243
84732 2015 1847 3 135416 135417 136061
84733 2635 2574 4 135422 135423 135526 135477
84734 2786 2634 3 135430 135431 135530
84735 2282 2428 4 135442 135443 135761 135608
84736 3103 2792 4 135445 135446 135748 135684
84737 2240 2134 4 135447 135448 135449 135450
84738 2934 2864 6 135456 135457 135575 135574 135573 135572
84739 1445 1963 4 135469 135470 135633 135632
84740 2659 2907 5 135473 135474 136170 136125 136124
84741 2659 2688 5 135474 135475 136072 136133 136169
84742 2807 2688 4 135475 135476 136111 136073
84743 2807 2659 5 135473 135475 136071 136182 136141
84744 2991 2865 5 135478 135479 137104 135946 135943
84745 2726 11900 4 135492 135493 135494 135508
84746 1277 2726 4 135495 135496 135497 135508
84747 2438 2210 5 135499 135500 135648 135708 135697
84748 2726 11908 5 135501 135502 135503 135511 135509
84749 2921 2726 4 135510 135511 135513 135512
84750 2919 3092 5 135516 135517 135780 136023 135543
84751 2730 2770 3 135519 135520 136779
84752 2848 2770 5 135520 135521 136065 136064 136780
84753 2680 2915 4 135523 135524 137223 137090
84754 2807 2635 6 135525 135526 135880 136137 136136 135589
84755 2783 2899 3 135527 135528 136000
84756 2694 2887 5 135531 135533 135535 136140 136013
84757 2873 2807 5 135536 135534 135542 136139 136138
84758 2694 2807 4 135535 135536 135881 135880
84759 2618 2575 5 135537 135538 136304 136057 135979
84760 2555 2659 4 135539 135540 136071 136072
84761 2555 2575 5 135540 135537 135981 136184 136183
84762 2555 2618 4 135537 135539 136052 135980
84763 2887 2783 3 135545 135546 136154
84764 2968 3008 7 135548 135549 135578 135960 136011 136118 135985
84765 1952 1255 4 135559 135560 135634 135680
84766 2246 2290 6 135569 135571 136378 136377 136653 136197
84767 2968 2978 5 135578 135579 135988 136122 135961
84768 2044 2214 8 135580 135581 136501 136523 136524 136577 136500 136499
84769 2214 2133 3 135580 135582 136513
84770 2171 2391 4 135586 135587 136807 136406
84771 2449 2391 4 135587 135588 136224 136808
84772 2449 2327 6 135588 135585 136311 136218 136190 136189
84773 2575 2807 5 135589 135590 136183 136182 136177
84774 2908 2941 4 135594 135595 140239 136854
84775 2868 2941 4 135595 135596 136894 140284
84776 1756 2112 3 135599 135600 135662
84777 1793 1886 4 135601 135598 135718 135698
84778 2519 2566 4 135602 135604 135765 135764
84779 1531 1886 3 135616 135617 135631
84780 2606 2652 4 135618 135619 140494 140706
84781 3352 2723 5 135624 135625 135678 135668 135667
84782 1834 1424 4 135627 135628 135629 135655
84783 1963 1886 7 135631 135632 135696 135689 135690 135718 135726
84784 1834 1729 4 135635 135636 135653 135638
84785 2226 2210 5 135642 135639 135648 135649 135693
84786 2226 2353 4 135639 135641 135740 135709
84787 2091 2210 5 135640 135642 135695 135691 135692
84788 2507 2353 5 135651 135652 135786 135733 135731
84789 1834 1461 5 135653 135654 135655 135657 135656
84790 2589 2624 5 135659 135660 137184 137657 136667
84791 2589 2753 4 135660 135661 137186 137185
84792 2882 2935 5 135671 135672 136485 136861 135913
84793 2882 3115 4 135672 135673 135922 136484
84794 875 1952 4 135679 135680 135681 135682
84795 1764 1989 3 135687 135685 137717
84796 2210 1793 6 135698 135699 135701 135702 135707 135716
84797 2210 1842 3 135700 135701 135703
84798 2755 2507 4 135714 135712 135771 135864
84799 1963 1793 4 135716 135717 135727 135718
84800 1963 2066 3 135719 135720 135721
84801 1963 1756 3 135725 135726 135727
84802 2438 2507 4 135733 135730 137124 135832
84803 2438 2383 4 135730 135732 135787 137123
84804 2792 2895 3 135736 135737 135746
84805 2226 2383 6 135740 135741 135872 135874 137112 135787
84806 3031 2792 5 135744 135745 135748 135747 135746
84807 2928 2690 4 135749 135750 137105 135751
84808 1943 1753 4 135752 135753 139095 139106
84809 2708 2299 4 135757 135758 135759 135760
84810 2566 2695 6 135765 135766 135867 135855 135769 135770
84811 2566 2616 3 135768 135769 135856
84812 2351 2072 5 135774 135775 137884 137883 136614
84813 2187 2448 3 135776 135777 137700
84814 2187 2072 5 135777 135774 136616 136529 136531
84815 2448 2072 7 135775 135777 137699 137893 137692 136517 136518
84816 2590 2730 6 135792 135793 135936 140400 136737 136736
84817 2730 2582 3 135792 135794 136009
84818 2810 2663 6 135798 135799 137116 135924 135925 137086
84819 2928 2810 6 135798 135800 137105 137119 137118 137126
84820 2557 2663 5 135799 135801 135850 135857 135858
84821 2462 2095 3 135803 135804 136594
84822 2235 2522 3 135805 135806 136477
84823 2882 3092 3 135810 135811 135905
84824 2404 2161 4 135814 135815 136075 136309
84825 2404 2151 5 135815 135816 136227 136372 136074
84826 2122 2404 6 135814 135816 136084 136083 136627 136626
84827 2151 2161 7 135815 135817 136235 136320 136319 136328 136076
84828 1826 1582 5 135819 135820 139155 139109 139032
84829 1826 1659 6 135820 135821 139078 139079 139099 139153
84830 1818 1659 4 135821 135822 139108 139107
84831 1818 1582 4 135822 135819 138816 138815
84832 1659 1582 4 135820 135822 139143 139144
84833 2105 2072 8 135825 135826 136606 137690 137692 137896 137882 136786
84834 1577 1806 3 135830 135831 136433
84835 2850 2662 7 135833 135834 135969 135904 135902 137167 137165
84836 2648 2624 3 135835 135836 135870
84837 2566 2624 6 135836 135837 137032 136478 136476 135871
84838 2624 2843 6 135835 135837 137147 137149 137148 137141
84839 2278 2049 4 135839 135840 136628 137482
84840 2380 2399 5 135843 135844 136781 136792 136206
84841 2199 2399 5 135844 135845 136660 135846 135848
84842 2199 2290 6 135845 135842 136678 136793 136794 136715
84843 2199 2380 3 135842 135844 136677
84844 2399 2290 4 135843 135845 136714 136207
84845 2399 2462 7 135846 135847 136792 136791 136951 136773 136661
84846 2399 2160 3 135847 135848 136781
84847 2199 2462 4 135849 135846 136599 136601
84848 1826 1636 8 135851 135852 139167 139067 139068 139109 139154 139099
84849 1826 1885 4 135852 135853 136707 136706
84850 1876 1826 5 135851 135853 136273 136272 139079
84851 2278 2170 5 135861 135862 136557 137735 136628
84852 2282 2695 4 135863 135865 135990 135869
84853 2460 2624 6 135870 135871 137799 137132 137134 137141
84854 2383 2460 3 135873 135874 137113
84855 2226 2395 4 135875 135872 135877 137800
84856 2091 2395 6 135877 135876 136415 136475 137831 137840
84857 3021 2985 4 135878 135879 139975 136978
84858 2761 2680 4 135884 135885 137220 137202
84859 1786 2009 7 135888 135889 136522 136431 136430 136604 138166
84860 2531 2325 4 135891 135892 137500 137498
84861 2314 2325 7 135894 135891 137519 137521 139438 140034 140023
84862 2314 2531 4 135891 135893 138110 138107
84863 2424 2325 4 135892 135894 140008 140004
84864 2768 2662 3 135902 135903 137215
84865 2857 2907 4 135908 135906 136125 136176
84866 2807 2715 4 135909 135910 136111 136110
84867 2015 2003 5 135918 135919 136238 136099 136100
84868 2275 2015 3 135917 135919 136239
84869 2003 2327 3 135918 135920 135967
84870 2460 2810 3 135924 135926 137117
84871 2770 2930 3 135927 135928 135929
84872 2004 2018 4 135934 135935 139227 139329
84873 2590 2452 5 135936 135937 136953 136970 139993
84874 2949 2915 5 135938 135939 137137 137223 137162
84875 2770 2991 3 135943 135944 135945
84876 3008 2877 5 135951 135949 135963 136818 136829
84877 2780 3092 3 135955 135956 136001
84878 3127 2780 5 135954 135956 136062 136846 135957
84879 2968 2715 4 135960 135961 136104 136012
84880 2756 2877 5 135963 135962 136107 136109 136566
84881 2678 2662 5 135969 135970 137061 137289 137291
84882 2848 2899 6 135974 135975 136063 136077 136376 136375
84883 2907 2835 4 135976 135977 136047 136046
84884 2907 2978 4 135977 135978 136122 136123
84885 2715 2907 5 135976 135978 136104 136105 136110
84886 2463 2575 5 135981 135979 136059 136186 136185
84887 2463 2618 4 135979 135980 136053 136058
84888 3119 2857 5 135986 135984 136017 136843 136830
84889 3008 2857 4 135985 135986 136818 136120
84890 2494 2695 3 135989 135990 135994
84891 3127 2887 3 135992 135993 136032
84892 3142 2915 7 135996 135998 137058 137051 137050 137052 137053
84893 2780 2899 6 136000 136001 136062 136847 136077 136049
84894 2391 2780 4 136003 136004 136006 136005
84895 2391 2579 8 136002 136003 136188 136187 136223 136224 136811 136712
84896 2582 2908 9 136008 136009 136937 136920 136919 136934 136924 136910 136832
84897 2432 2345 4 136020 136021 137869 137870
84898 2432 2420 6 136018 136020 139960 137487 137488 140020
84899 2345 2301 5 136019 136021 137625 137072 137071
84900 2981 2843 6 136028 136027 137087 136993 136994 137092
84901 2935 3002 3 136029 136031 136485
84902 2489 2213 4 136033 136035 136180 136181
84903 2371 2413 7 136038 136039 138366 137548 137547 140435 140469
84904 2157 2371 3 136038 136040 140366
84905 2489 2575 5 136059 136057 136094 136095 136180
84906 2984 2891 7 136078 136079 136841 136492 136491 136982 136981
84907 2908 2984 3 136078 136080 140324
84908 3068 2891 4 136079 136081 136559 136561
84909 2057 2122 5 136085 136083 136266 136265 136365
84910 2466 2585 5 136088 136090 136700 136699 136565
84911 2317 2575 7 136093 136094 136304 136333 136330 136312 136310
84912 2756 2618 6 136098 136096 136250 136308 136762 136132
84913 1587 1582 6 136101 136102 139190 139191 139204 139165
84914 1351 1582 3 136103 136101 139149
84915 2831 2877 6 136106 136107 136397 136398 136782 136850
84916 2757 2877 4 136109 136106 136851 136567
84917 2757 2831 5 136106 136108 136586 136588 136856
84918 2466 2449 3 136114 136112 136639
84919 2579 2449 8 136113 136114 136548 136251 136245 136192 136189 136224
84920 2863 2869 4 136115 136117 140292 140006
84921 2756 2968 3 136118 136119 136121
84922 2807 2674 4 136126 136127 136139 136128
84923 2405 2756 3 136143 136144 136383
84924 3068 2974 4 136145 136146 136868 139940
84925 1831 2327 3 136148 136150 136158
84926 3136 2798 4 136151 136152 136161 136153
84927 2798 2919 3 136155 136156 136157
84928 2798 3208 3 136159 136160 136161
84929 2327 2196 3 136163 136164 136313
84930 1711 1867 7 136166 136168 136211 136361 136172 136174 139012
84931 1943 1867 3 136171 136172 136360
84932 1847 1711 3 136173 136174 139035
84933 2575 2213 4 136178 136179 136180 136186
84934 2579 2327 3 136189 136191 136223
84935 2620 2449 6 136190 136192 136246 136247 136329 136220
84936 2380 2171 8 136195 136196 136486 136638 136807 136804 136805 136294
84937 2246 2171 4 136196 136197 136297 136298
84938 2171 2290 4 136195 136197 136799 136295
84939 2358 2314 4 136198 136199 138003 139986
84940 2165 2314 6 136201 136198 139830 137520 137521 139439
84941 2165 2358 5 136198 136200 136634 136633 140341
84942 2230 2314 5 136199 136201 139981 139977 138004
84943 2399 2452 5 136206 136207 136723 136953 136791
84944 2223 2290 6 136210 136208 136401 136794 136468 136462
84945 2161 2013 3 136213 136214 136235
84946 1943 2013 9 136216 136213 136405 136403 136347 136346 136360 136359 136317
84947 1943 2161 5 136213 136215 136315 136318 136320
84948 2575 2449 3 136218 136220 136312
84949 1914 1721 5 136228 136229 136259 136236 136237
84950 2665 2579 3 136230 136231 136245
84951 2449 2665 4 136245 136246 136248 136249
84952 2618 2449 4 136247 136248 136250 136306
84953 2449 2756 5 136249 136250 136307 136387 136251
84954 2327 2786 4 136252 136253 136254 136255
84955 2327 2776 4 136255 136256 136257 136258
84956 2317 2441 4 136262 136263 136283 136766
84957 1876 1783 5 136272 136274 139093 139092 139080
84958 1363 1770 3 136275 136277 136424
84959 1482 1520 4 136289 136287 136459 136458
84960 2132 1907 5 136291 136292 138155 137618 137621
84961 2132 2053 6 136292 136290 139948 139984 139945 139943
84962 2132 1939 5 136290 136291 139899 139898 139947
84963 2380 2160 7 136293 136294 136803 136801 136809 136781 136677
84964 2171 2160 4 136294 136295 136758 136760
84965 2160 2290 4 136293 136295 136796 136678
84966 2246 2052 4 136296 136297 136653 136327
84967 2151 2052 5 136299 136296 136328 136444 136755
84968 2171 2052 6 136297 136299 136756 136759 136758 136799
84969 2913 2877 8 136300 136301 136845 136851 136850 136821 136822 136823
84970 2913 3119 4 136301 136302 136833 136843
84971 3200 2877 3 136303 136300 136785
84972 3119 2877 5 136301 136303 136784 136829 136830
84973 2317 2618 7 136304 136305 136763 136308 136306 136331 136334
84974 2317 2756 3 136307 136308 136385
84975 2161 2052 7 136314 136315 136443 136328 136327 136392 136394
84976 2122 2052 5 136316 136314 136543 139152 139151
84977 1943 2052 6 136315 136316 139103 139075 138772 136654
84978 2161 1961 3 136318 136319 136443
84979 1943 2151 3 136320 136321 136405
84980 2151 1961 6 136319 136321 136404 136335 136337 136444
84981 1141 1435 3 136322 136324 138646
84982 2317 2620 4 136329 136330 136332 136331
84983 2317 2659 3 136332 136333 136334
84984 1638 1479 5 136338 136339 138834 139025 139038
84985 1418 1479 4 136341 136338 139042 139031
84986 1783 2044 3 136350 136351 138849
84987 1786 1783 8 136349 136351 139070 139105 139118 139120 139123 138701
84988 1770 1418 5 136355 136356 139010 136418 136419
84989 1711 2013 3 136359 136361 136364
84990 2301 2252 3 136366 136367 137879
84991 2331 2252 8 136367 136368 137820 137905 137894 136528 136530 137932
84992 2252 2432 5 136366 136368 137472 137471 137553
84993 2331 2351 5 136369 136370 137709 137710 137265
84994 2899 2913 5 136376 136373 136789 136788 136847
84995 2899 3002 4 136373 136375 136814 136813
84996 2848 2913 5 136374 136376 136858 136855 136582
84997 2290 2244 5 136378 136379 136393 136462 136461
84998 2161 2290 3 136377 136379 136392
84999 3195 2910 3 136380 136382 136722
85000 2052 2244 5 136393 136394 136543 139157 136469
85001 2052 2290 7 136392 136393 136468 136793 136796 136799 136653
85002 2831 2897 6 136396 136397 136578 136579 136698 136597
85003 2896 2831 3 136396 136398 136596
85004 2330 2290 4 136401 136400 136714 136715
85005 1961 2013 3 136402 136403 136404
85006 2260 2236 4 136409 136407 136442 136441
85007 2049 2044 4 136410 136411 136487 137794
85008 1778 1363 5 136420 136421 136424 136428 136429
85009 1431 1496 4 136422 136423 136655 136656
85010 1778 1709 4 136425 136426 136427 136428
85011 1786 2214 3 136430 136432 136523
85012 2354 2105 6 136435 136436 137690 137691 136617 136479
85013 2354 2113 4 136436 136437 137720 137828
85014 2108 2105 5 136438 136435 136481 136620 137191
85015 2108 2354 5 136435 136437 137719 137197 136480
85016 2113 2105 4 136436 136438 136605 136606
85017 1478 1435 7 136439 136440 138373 138152 138151 138529 136687
85018 1961 2052 7 136444 136443 136654 138771 138592 136753 136752
85019 1431 1602 6 136448 136449 138770 137961 137963 136656
85020 1582 1608 6 136451 136452 138775 138817 138815 139143
85021 1401 1548 4 136453 136450 138640 138639
85022 1608 1548 4 136451 136453 138768 138767
85023 1520 1734 6 136457 136458 136552 138095 136644 136645
85024 1482 1734 4 136458 136460 138732 136553
85025 1871 1672 3 136464 136465 138161
85026 2120 2091 3 136474 136475 137135
85027 2235 2624 6 136476 136477 137832 137836 137798 137799
85028 2235 2354 5 136479 136480 137196 137836 136618
85029 1660 1611 5 136483 136482 137189 137190 138013
85030 3002 2882 6 136484 136485 136860 136865 136814 136815
85031 2788 2984 4 136490 136491 137091 136898
85032 2891 2915 4 136492 136489 136749 137053
85033 2984 2915 4 136490 136492 137052 136899
85034 2279 2289 4 136493 136494 136584 136585
85035 2548 2896 6 136496 136497 139433 139434 140402 140403
85036 2885 2548 5 136495 136497 140389 139213 139137
85037 1048 1076 4 136502 136503 136657 137078
85038 1370 1366 3 136505 136506 138114
85039 2158 2440 4 136507 136508 136629 136941
85040 2252 2440 6 136509 136507 137555 137471 137473 137560
85041 2326 2440 4 136508 136509 137007 136631
85042 2354 2072 4 136516 136517 137690 137828
85043 2044 1888 3 136524 136525 136526
85044 2252 2072 6 136528 136529 137901 137899 137896 137893
85045 2252 2187 6 136529 136530 137195 136746 136744 137902
85046 2331 2072 3 136531 136528 137699
85047 2252 2503 5 136532 136533 137560 137590 137481
85048 2278 2503 4 136535 136532 136859 136738
85049 2278 2252 7 136532 136534 137482 137735 137891 137907 137480
85050 1318 1401 3 136539 136540 139008
85051 1605 1766 3 136542 136541 139594
85052 2404 2579 3 136548 136549 136652
85053 1734 1426 4 136553 136552 138802 138799
85054 2368 2330 8 136554 136555 138742 138744 140429 139990 136976 136772
85055 2462 2330 4 136556 136554 136661 136599
85056 2217 2330 4 136555 136556 136600 138731
85057 2278 2133 4 136557 136558 136583 137891
85058 2891 3142 5 136560 136561 136841 137053 137077
85059 2857 2877 5 136566 136567 136845 136830 136818
85060 2031 1805 4 136569 136570 138036 138782
85061 1987 1805 5 136571 136569 138785 137426 137425
85062 2387 2582 4 136574 136572 136921 136916
85063 2831 2585 3 136579 136580 136699
85064 2730 2913 5 136581 136582 136849 136821 136820
85065 2529 2440 4 136591 136592 137474 140301
85066 2897 2730 3 136597 136598 136831
85067 1653 1775 5 136609 136610 137776 138092 138020
85068 1611 1476 6 136611 136608 138596 138566 138089 138013
85069 1611 1653 4 136608 136610 137775 138595
85070 2089 2072 8 136616 136614 137678 137676 137729 137862 137877 137901
85071 2089 2351 3 136614 136615 137665
85072 2108 2014 4 136620 136621 137632 137192
85073 1140 1313 7 136622 136623 137606 138405 138208 137951 137954
85074 2440 2194 7 136631 136629 136942 139967 139970 140457 137005
85075 2326 2194 4 136630 136631 137006 137853
85076 2358 2413 4 136632 136633 140424 137547
85077 2132 2413 6 136635 136632 137548 138368 139889 139984
85078 2132 2358 5 136632 136634 140285 139453 137546
85079 2165 2413 6 136633 136635 139985 140003 140019 140028
85080 1903 1836 4 136642 136640 137670 137668
85081 1910 1987 6 136647 136648 138026 137427 137425 137927
85082 2026 2068 6 136649 136646 138289 138009 138008 137998
85083 2026 1910 4 136646 136648 138025 138352
85084 1987 2068 4 136647 136649 137937 137929
85085 1048 948 5 136657 136658 138163 138164 138532
85086 948 1076 5 136657 136659 137639 138348 138534
85087 2399 2330 6 136660 136661 136772 136971 136723 136714
85088 1800 1671 5 136671 136669 137685 137641 137642
85089 1511 1671 5 136670 136671 137414 137413 137610
85090 1312 1435 5 136672 136673 138622 138623 138896
85091 1230 1435 8 136673 136674 138336 138203 137997 137996 138006 138434
85092 1435 1337 5 136672 136674 137731 137730 138832
85093 1427 1331 5 136680 136681 138812 138813 138824
85094 2986 2843 4 136682 136683 137224 137021
85095 1435 1358 4 136687 136686 137730 137732
85096 3110 2942 3 136690 136688 139976
85097 2985 2942 6 136689 136690 139975 140125 140327 140340
85098 1971 2006 5 136691 136692 137543 137542 137629
85099 2885 2590 7 136694 136695 137457 137456 136884 136882 139213
85100 2885 2908 6 136695 136696 140239 140240 140324 140247
85101 2868 2590 4 136697 136694 140390 136737
85102 2868 2885 5 136694 136696 140284 140335 140389
85103 2908 2590 5 136695 136697 136736 136937 136954
85104 2480 2628 4 136703 136701 137279 137275
85105 2480 2678 6 136701 136702 137292 137281 137280 137285
85106 2052 1941 3 136705 136704 138728
85107 2391 2462 6 136710 136711 136725 136713 136712 136810
85108 1427 1315 5 136716 136717 138651 138652 138813
85109 1987 2158 5 136718 136719 137975 137977 138042
85110 2462 2490 3 136724 136725 136726
85111 1917 1813 7 136729 136730 137551 137552 137991 137990 139741
85112 1857 1907 8 136731 136732 139745 139685 138154 138155 139944 139682
85113 1857 1813 4 136732 136729 139762 139747
85114 1857 1917 4 136729 136731 139680 139768
85115 1907 1813 6 136730 136732 139742 139744 139494 139371
85116 2006 2167 3 136733 136734 138179
85117 2261 2146 8 136741 136742 141905 137446 137447 141891 141944 141718
85118 2261 2287 5 136742 136743 141747 141748 141784
85119 2252 2011 11 136744 136745 137151 137978 137933 137695 137696 137889 137897 137899 137900
85120 2252 2026 3 136745 136746 137150
85121 2187 2011 3 136747 136744 137727
85122 2052 2069 5 136753 136754 136759 136757 138591
85123 2118 2052 4 136752 136754 136756 136755
85124 2052 2160 5 136757 136758 136796 136797 139091
85125 2404 2618 4 136761 136762 136763 136767
85126 2404 2441 4 136764 136765 136770 136766
85127 2489 2404 4 136767 136768 136770 136769
85128 2399 2368 3 136772 136773 136952
85129 2719 2815 4 136775 136777 137026 136923
85130 2877 2730 3 136783 136782 136821
85131 2072 1911 7 136786 136787 137194 137867 137860 137862 137876
85132 2913 3109 4 136789 136790 136825 136827
85133 3127 2913 6 136788 136790 136826 136833 136844 136846
85134 2380 2260 5 136801 136802 136804 136806 136812
85135 2380 2069 3 136802 136803 136805
85136 2380 2391 5 136806 136807 136808 136811 136810
85137 2871 2565 5 136834 136835 140329 140316 140281
85138 2336 1934 5 136840 136837 137761 137650 137214
85139 2336 2253 7 136837 136839 137272 137270 137623 137622 137763
85140 2913 2857 5 136843 136844 136848 136852 136845
85141 2913 2780 6 136846 136847 136858 136857 136853 136848
85142 2913 2831 5 136849 136850 136856 136857 136855
85143 2913 2757 4 136851 136852 136853 136856
85144 2908 2882 4 136860 136861 136903 136902
85145 2861 2834 10 136862 136863 136964 140158 140131 140047 140048 140314 140349 140414
85146 2531 2861 6 136862 136864 140283 140282 140364 140415
85147 3222 2984 3 136867 136869 136877
85148 2974 3090 4 136871 136872 140352 139940
85149 2746 2590 3 136882 136883 136905
85150 2644 2885 3 136884 136881 140206
85151 2788 2747 3 136888 136889 136922
85152 3002 3200 3 136890 136891 136892
85153 2896 2868 5 136893 136894 140335 139433 136901
85154 2830 2871 3 136897 136895 140347
85155 2548 2590 9 136905 136906 140395 139988 139989 139993 140400 140390 139213
85156 2644 2548 3 136904 136906 139389
85157 2628 2502 6 136908 136909 137273 137110 137108 137240
85158 2770 2582 3 136910 136911 136912
85159 2582 2279 3 136914 136915 136916
85160 1931 1897 5 136917 136918 139513 139515 140737
85161 2582 2935 3 136925 136926 136934
85162 3198 2915 6 136933 136931 137173 137049 137048 137051
85163 3198 2959 3 136931 136932 137172
85164 2124 2417 8 136940 136938 136987 140454 140448 140446 140445 139314
85165 2124 2421 6 136938 136939 140392 140397 140370 136986
85166 2440 2211 6 136942 136941 137555 137554 137686 139966
85167 2552 2398 5 136947 136948 140485 140499 139992
85168 2590 2399 4 136951 136952 136971 136953
85169 2986 2768 4 136955 136956 137021 137152
85170 2878 2834 3 136964 136965 140159
85171 2644 2894 5 136968 136966 140359 140354 140356
85172 2590 2330 4 136970 136971 136976 139989
85173 2421 2267 5 136972 136973 137538 137537 140397
85174 2194 2467 3 136974 136975 139970
85175 2194 2267 8 136975 136972 139937 139904 139905 139972 139965 139967
85176 2194 2421 6 136972 136974 140457 140393 140371 140370
85177 2891 2885 4 136979 136981 140247 137457
85178 2676 2552 4 136985 136983 140423 140471
85179 2368 2124 4 136986 136987 137944 137945
85180 2942 2894 4 136990 136991 140345 140340
85181 2965 2596 5 136999 136997 141907 141908 137064
85182 2880 2596 7 136998 136999 137063 140120 140121 137178 137136
85183 3012 2918 6 137001 137002 140149 140150 140199 140201
85184 3012 2861 4 137000 137001 140202 140288
85185 2194 2503 4 137005 137006 137852 140393
85186 2641 2660 6 137009 137010 137399 137014 137012 137317
85187 2731 2660 5 137010 137011 137075 137180 137179
85188 2731 2828 3 137011 137008 137074
85189 2641 2464 5 137013 137014 137400 137374 137332
85190 2193 2337 3 137015 137016 141280
85191 2073 2229 5 137017 137018 139832 139831 141422
85192 2073 2337 6 137018 137015 140261 140260 141374 140036
85193 2589 2439 7 137019 137020 137262 137266 137656 137184 137185
85194 1323 1091 4 137023 137024 138871 138843
85195 1146 1124 4 137025 137022 138899 138930
85196 1146 1323 4 137022 137024 138893 138894
85197 2735 2624 5 137028 137030 137033 137032 137147
85198 2331 2675 6 137036 137037 137820 137819 137851 137710
85199 2331 2680 3 137037 137034 137905
85200 2331 2448 6 137034 137036 137709 137700 137699 137894
85201 3088 2843 6 137038 137039 137096 137098 137160 137099
85202 2858 2869 7 137041 137042 140292 140304 140305 137310 137309
85203 2704 2628 3 137045 137046 137115
85204 3064 2915 3 137047 137049 137304
85205 2680 2986 5 137054 137055 137089 137090 137221
85206 2661 2858 4 137057 137056 137310 137312
85207 2993 2959 8 137059 137060 137172 137385 137391 137390 137382 137380
85208 2943 2880 5 137065 137063 140250 137360 137362
85209 3007 2735 3 137068 137069 137143
85210 2301 2167 4 137070 137071 137513 137514
85211 2127 2301 6 137070 137072 137626 137561 137562 137999
85212 2660 2823 3 137073 137075 137076
85213 1073 1048 6 137078 137079 138156 138157 138506 138532
85214 2426 2608 4 137081 137080 137315 137331
85215 2810 2981 4 137086 137087 137106 137126
85216 2949 2753 4 137093 137094 137219 137153
85217 2990 2843 3 137098 137097 137161
85218 2843 2991 4 137100 137101 137104 137142
85219 2226 2663 3 137112 137114 137125
85220 2662 2843 4 137121 137122 137215 137167
85221 2777 2491 4 137128 137129 141899 141975
85222 2439 2624 5 137131 137132 137798 137658 137184
85223 1823 1680 5 137139 137140 137662 137745 137784
85224 2843 2815 4 137144 137145 137149 137146
85225 2211 2252 9 137150 137151 137976 137736 137555 137553 137879 137932 137195
85226 2949 3147 6 137154 137155 137156 137218 137217 137164
85227 3088 2850 4 137157 137158 137160 137159
85228 2949 3150 4 137163 137164 137216 137225
85229 2850 2810 3 137165 137166 137168
85230 3064 2922 3 137170 137171 137320
85231 2993 3198 6 137172 137173 137305 137343 137372 137383
85232 2336 2090 3 137174 137175 137754
85233 2323 2336 7 137174 137176 137213 137680 137623 137624 137755
85234 1520 1611 4 137188 137189 138095 138777
85235 1941 1900 5 137198 137199 138765 138719 137825
85236 2030 1885 7 137200 137201 138693 139686 139687 140455 138766
85237 2030 1900 6 137201 137198 137827 138680 138677 138692
85238 2030 1941 4 137198 137200 138745 137826
85239 1885 1900 4 137199 137201 138685 138684
85240 1934 2024 3 137203 137204 137638
85241 2426 2075 4 137207 137205 137597 137598
85242 1425 1753 5 137209 137210 138875 138874 138638
85243 2170 1948 3 137211 137212 137744
85244 2949 2680 5 137219 137220 137222 137223 137221
85245 2949 2843 3 137224 137225 137226
85246 2573 2337 3 137227 137228 139908
85247 2595 2337 6 137230 137227 140112 139506 139504 139926
85248 2627 2337 8 137228 137230 139927 137469 137468 141343 141342 139910
85249 2491 2445 10 137236 137237 141914 141939 141942 141901 141899 141910 141911 141913
85250 3252 2931 5 137241 137242 137245 137247 137243
85251 3126 2959 3 137246 137244 137382
85252 3252 2959 4 137245 137246 137390 137250
85253 2931 3259 3 137247 137248 137249
85254 1598 1911 3 137251 137252 137660
85255 1792 1566 3 137253 137254 137715
85256 2491 2740 4 137259 137260 141921 141920
85257 2480 2294 4 137267 137269 137455 137739
85258 2336 2294 4 137270 137271 137739 137680
85259 2336 2628 5 137273 137274 137275 137278 137277
85260 2678 2460 5 137281 137282 137291 137295 137293
85261 2678 2516 3 137283 137284 137285
85262 2678 2651 3 137286 137287 137288
85263 2678 2090 5 137289 137290 137298 137300 137295
85264 2678 2323 5 137292 137293 137300 137299 137294
85265 2678 2207 4 137296 137297 137299 137298
85266 2552 2717 8 137306 137307 140500 140485 140409 140407 140422 140423
85267 2552 2274 7 137307 137308 140391 140410 139991 139992 140501
85268 2502 2393 3 137313 137314 137569
85269 2967 2965 3 137318 137319 137359
85270 2790 1978 3 137321 137322 137410
85271 1563 1653 6 137324 137325 137584 137586 138242 137982
85272 3012 2893 3 137330 137329 140000
85273 2965 3216 3 137333 137334 137335
85274 2993 3126 8 137337 137338 137371 137373 137376 137381 137382 137389
85275 3342 2993 5 137337 137339 137372 137384 137388
85276 1373 1600 5 137345 137346 143102 140662 140664
85277 1373 1406 7 137346 137347 141185 141183 143422 143400 143391
85278 1714 1406 4 137347 137348 141222 141231
85279 1714 1373 4 137345 137347 143318 141535
85280 2641 2823 3 137349 137350 137394
85281 2685 2918 6 137353 137354 140116 140117 140172 140098
85282 2953 2645 3 137355 137356 140152
85283 2953 2685 4 137353 137355 140275 140099
85284 2880 3067 3 137361 137362 137364
85285 2943 2967 3 137363 137360 140245
85286 2445 2596 7 137366 137367 141708 141911 141874 137451 137450
85287 1920 1361 5 137368 137369 142159 142160 142619
85288 1920 1892 5 137369 137370 142567 142683 142370
85289 2993 2828 4 137376 137377 137378 137386
85290 2993 2931 4 137379 137380 137381 137386
85291 2993 3275 5 137383 137384 137387 137392 137385
85292 2993 3252 5 137387 137388 137389 137390 137393
85293 2993 3259 3 137391 137392 137393
85294 2641 2761 3 137395 137396 137397
85295 2596 2641 3 137399 137400 137401
85296 2145 2182 3 137406 137407 138271
85297 2084 2182 9 137409 137406 139812 141407 141380 141318 141316 141414 141413
85298 2645 2581 4 137416 137417 140220 140267
85299 2504 2720 4 137418 137415 140065 139930
85300 2581 2720 5 137416 137418 139931 140010 140270
85301 2900 3209 5 137419 137420 140262 140264 140320
85302 2983 2940 5 137421 137423 140543 140661 140638
85303 3057 2773 3 137422 137424 140599
85304 420 462 5 137428 137429 142930 143288 143129
85305 1530 1563 4 137437 137434 138123 138238
85306 1320 1563 5 137435 137437 138245 138249 138073
85307 2693 2596 4 137438 137439 140273 140227
85308 2420 2167 6 137441 137442 137513 140022 138117 138115
85309 2068 2325 7 137443 137440 137504 140030 137485 137484 140164
85310 2068 2420 3 137440 137442 137503
85311 2261 2143 4 137447 137448 141886 141887
85312 2255 2143 7 137448 137449 141800 141858 141855 141659 141658
85313 2255 2146 3 137449 137446 141799
85314 2255 2261 7 137446 137448 138303 138302 141783 141782 141904
85315 2596 2255 6 137452 137450 138385 138338 138340 141809
85316 2351 2253 4 137453 137454 137702 137722
85317 2385 2065 3 137458 137459 139860
85318 2403 2065 6 137459 137460 140106 139839 137872 137873
85319 2345 2349 5 137461 137462 137625 137869 137463
85320 2528 2595 4 137466 137464 139701 139702
85321 2581 2595 7 137465 137466 140252 140186 140185 140220 140268
85322 2337 2257 8 137467 137468 141375 140036 137706 137707 139953 139954
85323 2596 2257 4 137470 137467 138341 138338
85324 2596 2337 3 137467 137469 140037
85325 2627 2257 5 137468 137470 138489 141749 141376
85326 2675 2252 6 137472 137473 137590 137892 137904 137820
85327 2529 2467 5 137474 137475 137507 137511 138332
85328 1801 2006 5 137478 137479 138200 137542 137541
85329 1801 1741 4 137479 137476 138182 138199
85330 2006 1741 4 137477 137479 137863 137864
85331 2252 2545 6 137480 137481 137892 137903 137909 137906
85332 2117 2068 6 137485 137486 139892 137928 137929 137936
85333 2117 2325 5 137483 137485 140031 140035 139438
85334 2068 2165 5 137484 137486 139890 139902 140165
85335 2432 2565 3 137489 137487 139961
85336 2265 2420 6 137490 137491 138115 139562 139561 140192
85337 2265 2406 3 137491 137492 138116
85338 2414 2420 3 137493 137490 139844
85339 2414 2265 6 137490 137492 139884 140041 140079 140184
85340 2211 2325 6 137496 137494 139941 140033 140031 140030
85341 2301 2325 3 137495 137496 137504
85342 2565 2385 4 137497 137499 137518 140137
85343 2301 2068 6 137503 137504 138010 138008 137999 137514
85344 2165 2074 5 137505 137506 137714 137712 139850
85345 2565 2424 4 137509 137510 140004 140001
85346 1941 2217 7 137515 137516 138723 138731 138741 137826 137825
85347 2385 2314 4 137519 137520 138109 138107
85348 1164 1046 7 137522 137523 138902 138906 138907 138909 138547
85349 10777 11059 6 137524 137525 142375 142373 154690 154693
85350 10777 11471 6 137525 137526 155604 155602 155599 155600
85351 10698 10777 7 137524 137526 155605 155593 155592 155569 155533
85352 1257 897 3 137527 137528 138549
85353 897 1297 5 137527 137529 137804 138143 138150
85354 1887 2127 4 137531 137532 138371 138170
85355 2026 1971 3 137533 137530 137723
85356 2085 2422 4 137534 137536 139348 139345
85357 1566 1476 4 137540 137539 137859 137992
85358 2006 1832 4 137543 137541 138243 138169
85359 2117 2211 5 137544 137545 139974 140031 137936
85360 2132 2371 5 137548 137546 139454 139928 138367
85361 1944 1846 4 137549 137550 139364 139362
85362 1944 1813 5 137550 137551 139371 139493 139857
85363 1917 1846 7 137552 137549 139816 139770 137807 137809 138604
85364 1813 1846 4 137550 137552 139807 139808
85365 1435 1616 5 137558 137559 138334 138457 138373
85366 1527 1637 5 137563 137564 139372 139671 140988
85367 1782 1452 6 137565 137566 140802 140803 140904 139725
85368 1782 1637 6 137566 137563 140990 140994 140961 140931
85369 1782 1527 6 137563 137565 139631 139618 139617 140989
85370 1934 1680 8 137571 137572 137645 138325 137787 137785 137745 137647
85371 1892 1089 5 137573 137574 138346 138344 142621
85372 1800 1593 4 137576 137577 138315 137664
85373 1467 1978 5 137580 137581 137583 137587 138307
85374 1467 1934 4 137587 137588 137645 138306
85375 11808 10698 3 137591 137592 155431
85376 2409 2475 6 137594 137596 142137 142139 142073 142070
85377 1332 1125 6 137601 137602 137865 138088 138014 138017
85378 1140 1297 4 137606 137607 137749 138404
85379 1593 1314 3 137608 137609 138230
85380 2289 2448 4 137612 137613 137908 137701
85381 2167 1956 4 137616 137614 138012 138132
85382 2167 1865 7 137614 137615 138179 138181 139758 139873 138011
85383 1803 2132 6 137618 137619 139598 139590 139418 138153
85384 1907 1805 5 137620 137621 139925 138610 138612
85385 1907 1803 5 137618 137620 139484 139606 138154
85386 2113 2336 3 137624 137622 137757
85387 2089 2024 3 137628 137627 137676
85388 1849 1955 4 137631 137630 141751 141856
85389 1146 1269 6 137634 137635 138588 138573 138574 137935
85390 1337 1146 6 137633 137635 138586 138585 138890 138893
85391 1800 1530 4 137642 137643 137664 138265
85392 1934 1674 4 137646 137647 137746 137649
85393 1934 1990 4 137648 137649 137774 137652
85394 1934 2207 4 137650 137651 137652 137760
85395 2075 2072 4 137677 137678 137883 137734
85396 1257 1108 8 137681 137682 138561 138556 138523 138516 138515 138549
85397 1257 1046 5 137682 137683 138558 138906 138564
85398 2448 2105 4 137691 137692 137895 137701
85399 2252 2170 4 137696 137697 137735 137890
85400 2049 2011 4 137698 137695 137934 137743
85401 2170 2011 4 137696 137698 137744 137875
85402 2193 2070 5 137703 137704 139781 139778 139779
85403 2029 2193 4 137703 137705 141478 141423
85404 2201 2257 7 137707 137708 139833 141159 138606 138609 139759
85405 2257 2229 3 137706 137708 139832
85406 2053 2074 4 137712 137713 139592 139849
85407 2065 2165 4 137714 137711 137873 139860
85408 2351 2294 4 137721 137722 137725 137884
85409 2075 2294 4 137725 137726 137733 137734
85410 2072 1971 3 137728 137729 137860
85411 1269 1435 5 137731 137732 138529 138337 138336
85412 1566 1660 5 137737 137738 138065 137992 137950
85413 1276 1514 9 137741 137742 137941 140058 138451 138449 141602 141604 142310
85414 1276 1849 6 137742 137740 138383 141466 141354 137939
85415 1823 1934 7 137745 137746 137774 137760 137761 137762 137782
85416 1257 1345 5 137747 137748 138196 138507 138904
85417 1823 2207 5 137752 137753 137759 137760 137773
85418 1823 2336 6 137754 137755 137757 137763 137761 137759
85419 1823 2323 3 137755 137756 137758
85420 1823 2253 5 137762 137763 137764 137766 137780
85421 1823 2024 3 137766 137767 137779
85422 1823 1652 4 137768 137769 137771 137770
85423 1823 1990 3 137772 137773 137774
85424 1792 2253 3 137780 137781 137783
85425 1792 1680 3 137784 137785 137786
85426 2113 1792 4 137789 137790 137792 137791
85427 2235 2226 4 137800 137801 137824 137841
85428 2464 2351 3 137802 137803 137818
85429 1880 1846 3 137806 137807 138580
85430 1880 1917 7 137807 137808 137989 137990 138190 138191 139769
85431 1839 1917 3 137808 137809 138605
85432 1839 1846 7 137809 137806 138582 138355 138354 139757 138603
85433 1689 1460 4 137811 137812 137815 137813
85434 2014 1806 3 137821 137822 137823
85435 2217 2030 5 137826 137827 137967 137969 137984
85436 2217 1900 4 137827 137825 138720 138691
85437 1915 2235 4 137833 137834 137838 137835
85438 2235 2091 5 137837 137838 137839 137840 137841
85439 2871 2693 6 137842 137843 140329 140330 140331 140333
85440 1435 1259 4 137844 137845 138647 138646
85441 622 740 7 137846 137847 143298 143212 143214 141555 141558
85442 622 1113 3 137847 137848 142126
85443 629 740 5 137849 137846 143191 143188 143151
85444 629 622 6 137846 137848 142125 142158 143224 143225
85445 1113 740 7 137847 137849 143152 141625 141624 142501 143305
85446 2194 2368 6 137852 137853 137924 137942 137945 140371
85447 1426 1528 4 137854 137855 138811 138034
85448 1611 1528 5 137857 137854 138035 138563 138562
85449 1911 2024 3 137866 137867 137868
85450 2403 2165 4 137873 137871 140003 139861
85451 2403 2053 4 137871 137872 139838 140002
85452 2011 2133 5 137874 137875 137889 137881 137878
85453 2072 2011 4 137876 137877 137899 137882
85454 2011 2105 4 137880 137881 137897 137882
85455 2252 2133 5 137889 137890 137891 137912 137898
85456 2448 2252 6 137893 137894 137910 137909 137908 137895
85457 2252 2105 5 137895 137896 137897 137898 137911
85458 2252 2089 3 137900 137901 137902
85459 2252 2680 4 137903 137904 137905 137910
85460 2289 2252 5 137906 137907 137912 137911 137908
85461 2973 2744 3 137918 137919 140399
85462 2948 3018 5 137920 137921 140577 140578 140558
85463 3018 2938 5 137920 137922 141324 141243 140560
85464 2117 1910 4 137927 137928 139907 138001
85465 2211 2331 3 137930 137931 137932
85466 2211 2068 5 137936 137937 137998 138010 140030
85467 1849 1469 3 137939 137940 141355
85468 1469 1276 7 137939 137941 140057 141573 141505 141506 141356
85469 2030 2194 6 137942 137943 137985 137986 138029 138030
85470 2368 2030 7 137942 137944 140456 138766 138745 137984 137983
85471 2124 2194 6 137943 137945 140370 139937 139791 138738
85472 1598 1836 3 137947 137948 138021
85473 1530 1792 4 137949 137946 138077 138076
85474 1144 1175 10 137952 137953 138505 138620 138542 138543 138551 138544 138513 138514
85475 1313 1144 3 137951 137953 138206
85476 1175 1140 3 137952 137954 138159
85477 1560 1535 4 137955 137956 139543 141072
85478 1829 1535 6 137958 137955 139708 139707 140974 140973
85479 1829 1560 6 137955 137957 141041 140779 140778 141066
85480 1553 1535 5 137956 137958 141011 141084 139544
85481 1944 1904 5 137959 137960 139363 139364 139857
85482 1602 1786 5 137961 137962 139120 138759 138760
85483 1602 1778 4 137962 137963 138688 139119
85484 2030 2031 8 137964 137965 138036 138679 138680 137967 137968 138029
85485 2125 2030 3 137964 137966 137986
85486 2030 2158 4 137968 137969 137983 138030
85487 2217 2031 4 137970 137967 138691 138727
85488 1628 1822 4 137974 137971 139596 139029
85489 1987 2252 3 137975 137976 137978
85490 1132 1149 5 137979 137980 138386 138388 138188
85491 1297 1563 4 137982 137981 138216 138246
85492 2194 2117 5 137985 137987 139905 139790 138738
85493 1813 1687 8 137991 137988 139427 139747 139742 139727 139726 139807
85494 1813 1880 3 137988 137990 139426
85495 1917 1687 4 137989 137991 138604 138605
85496 1694 1904 4 137993 137994 138594 138376
85497 1805 1904 4 137994 137995 139893 138613
85498 2068 2127 4 137999 138000 138133 138009
85499 1230 1313 3 138006 138007 138059
85500 1322 1110 4 138015 138016 138142 138356
85501 1829 1896 7 138023 138024 139355 140895 141225 139225 139226
85502 1896 1874 4 138022 138024 139354 138375
85503 1887 1910 5 138025 138026 138058 138091 138280
85504 1948 1660 6 138027 138028 138757 138758 138823 138102
85505 2194 2031 3 138029 138031 138706
85506 1809 1871 5 138032 138033 138841 138840 139222
85507 2029 2074 6 138037 138038 139564 139565 139875 139871
85508 2029 2035 6 138038 138039 141263 141264 141478 139697
85509 1846 2035 6 138039 138040 139882 138355 138353 141502
85510 1846 2074 7 138040 138037 139828 139365 139362 139816 139815
85511 2035 2074 5 138038 138040 139881 140102 139698
85512 1594 1766 4 138043 138045 139258 139174
85513 1771 1673 6 138044 138046 138631 138630 139181 139491
85514 1504 1195 3 138047 138049 138250
85515 1546 1197 5 138048 138050 138472 138258 138257
85516 2474 2422 7 138051 138052 140404 140405 140600 140625 140482
85517 2157 2197 4 138053 138054 140571 140375
85518 2157 2422 8 138054 138051 140484 140646 139886 139887 139346 139348
85519 2157 2474 4 138051 138053 140374 140483
85520 1456 1351 4 138056 138057 139171 138615
85521 1258 1175 4 138060 138061 138620 138147
85522 1370 1660 4 138065 138066 138074 138124
85523 1660 1442 3 138067 138068 138070
85524 1289 1563 5 138071 138073 138247 138216 138215
85525 1801 1530 3 138075 138076 138202
85526 1257 1320 4 138079 138080 138523 138548
85527 1289 1257 3 138078 138080 138516
85528 1320 1297 4 138079 138081 138083 138082
85529 1297 1476 6 138083 138084 138546 138248 138246 138100
85530 1310 1694 4 138085 138086 138553 138278
85531 1333 1332 4 138088 138087 138106 138227
85532 1476 1473 5 138089 138090 138127 138128 138565
85533 1602 1460 4 138096 138097 138770 138760
85534 1476 1289 3 138100 138101 138247
85535 1716 1584 5 138103 138104 141584 138291 138292
85536 2385 2478 5 138108 138109 139829 139848 139842
85537 2314 2478 5 138109 138110 139987 139986 139830
85538 1504 1563 6 138111 138112 138123 138122 138221 138363
85539 1832 2127 5 138120 138121 138169 138168 138170
85540 1832 1956 4 138118 138120 138282 138281
85541 2127 1814 3 138119 138121 138244
85542 1372 1476 4 138125 138126 138129 138127
85543 1046 1133 3 138130 138131 138547
85544 1956 2068 5 138132 138133 138289 138351 138347
85545 374 177 7 138134 138135 143683 145935 144219 143476 143132
85546 1459 1406 6 138138 138139 138455 138494 139692 139359
85547 1571 1459 3 138138 138140 139360
85548 1256 1406 6 138139 138141 141177 138407 138406 138456
85549 973 1073 5 138144 138145 138506 138533 138510
85550 1258 1172 7 138146 138147 138619 138747 138657 138195 138193
85551 1313 1172 5 138148 138146 138512 138208 138206
85552 1175 1172 3 138147 138148 138505
85553 1297 1108 3 138149 138150 138515
85554 1857 1803 8 138153 138154 139684 140883 140884 140983 139339 139340
85555 2132 1857 5 138153 138155 139943 139751 139417
85556 1871 1698 6 138160 138161 138673 138674 139101 139102
85557 1698 1873 4 138160 138162 138826 138827
85558 1048 973 3 138164 138165 138506
85559 1313 1256 3 138172 138173 138177
85560 1197 948 3 138175 138176 138319
85561 1865 2257 6 138180 138181 138609 138608 141656 141875
85562 1472 1211 5 138184 138185 142610 142802 141331
85563 1596 2111 4 138186 138183 142418 142417
85564 1211 2111 6 138184 138186 142415 142414 142064 141333
85565 1132 1105 5 138187 138188 138420 142718 141692
85566 1879 1917 5 138191 138192 139680 139681 139817
85567 1917 1757 4 138190 138192 139768 139741
85568 1258 1310 3 138193 138194 138614
85569 1257 1331 3 138196 138197 138508
85570 2055 1850 3 138204 138205 138268
85571 1140 1172 5 138207 138208 138511 138578 138557
85572 1600 1839 3 138212 138213 138466
85573 1068 1085 7 138219 138217 138461 138460 138471 138437 138251
85574 695 853 6 138223 138224 143574 143573 143452 143453
85575 820 853 6 138224 138225 141491 141492 143083 143081
85576 820 1022 3 138225 138222 141529
85577 853 1022 7 138223 138225 141226 141228 143368 143259 143260
85578 3018 2844 4 138228 138229 139878 141150
85579 1511 1593 6 138230 138231 138314 138315 138326 138316
85580 2842 3040 6 138233 138234 141801 141733 141734 141917
85581 2842 2795 7 138234 138235 141880 141709 141707 141990 141802
85582 2946 2842 5 138233 138235 141881 141916 141918
85583 2795 3040 4 138234 138236 141798 141803
85584 1476 1563 5 138241 138242 138246 138247 138249
85585 1107 1105 4 138252 138254 142846 138420
85586 1469 1197 8 138256 138258 138470 138468 138483 143406 138495 138415
85587 1362 1519 6 138259 138260 141605 142457 142826 142680
85588 1314 1519 6 138261 138259 142681 142713 142714 142709
85589 2546 2681 6 138263 138264 140643 140650 140552 140550
85590 2546 2558 9 138264 138262 140604 140605 140070 140069 140093 140579 140642
85591 2546 2422 5 138262 138263 140405 140406 140622
85592 1850 2262 4 138268 138267 141591 141593
85593 451 587 3 138273 138274 142544
85594 669 420 3 138275 138272 142576
85595 587 420 5 138273 138275 142577 143131 143130
85596 1956 1887 5 138279 138280 138372 138371 138282
85597 1349 1508 4 138283 138284 141687 141688
85598 1314 1349 3 138287 138288 141666
85599 1956 2026 4 138289 138290 138372 138352
85600 638 1025 8 138294 138295 143454 142851 142852 143071 141563 141564
85601 3081 2969 3 138298 138297 141835
85602 2215 2261 4 138301 138303 141886 141885
85603 1511 1934 5 138304 138305 138306 138325 138326
85604 1511 1467 5 138306 138307 138312 138309 138310
85605 1680 1511 4 138308 138310 138325 138316
85606 1511 1433 5 138311 138312 138313 142692 142706
85607 948 1149 4 138317 138319 138453 138397
85608 2819 2763 7 138321 138322 139663 140087 140088 140561 139956
85609 2940 2617 3 138323 138324 140055
85610 2940 2763 6 138324 138321 139958 140594 140593 140053
85611 1840 1920 4 138328 138329 142620 141217
85612 2467 2644 5 138331 138332 140296 138650 138648
85613 2255 2257 10 138338 138339 141852 141872 141875 141871 141858 141859 141782 138489
85614 2255 2414 3 138339 138340 141808
85615 1519 1412 6 138342 138343 142831 142458 142457 142823
85616 1846 1789 4 138353 138354 139756 141501
85617 1759 1459 5 138359 138360 138524 139692 139424
85618 1469 1846 3 138361 138358 139740
85619 1459 1846 5 138359 138361 139809 139783 139425
85620 1814 1504 4 138362 138363 138364 138365
85621 2085 2371 3 138366 138367 139929
85622 2528 2716 5 138369 138370 139864 141251 141246
85623 1587 1774 6 138380 138381 139196 139192 139190 138590
85624 2627 2255 4 138385 138384 141783 138489
85625 10053 10110 3 138389 138390 147389
85626 1687 1839 6 138392 138393 138428 139824 138603 138605
85627 1406 1151 5 138401 138402 143391 141221 138407
85628 1406 1003 4 138402 138403 143427 143400
85629 1310 1140 5 138404 138405 138511 138577 138537
85630 1373 1410 5 138408 138409 143416 141183 141184
85631 2587 2400 10 138411 138412 142042 140082 140083 141436 141409 141408 141334 141156
85632 2939 2400 3 138412 138413 141353
85633 2939 2587 7 138410 138412 140618 140619 141388 141312 141302
85634 2400 2793 4 138411 138413 141351 141157
85635 1444 1459 5 138416 138414 138492 138494 138524
85636 1444 1197 3 138414 138415 138491
85637 1085 1105 3 138417 138418 143339
85638 2679 2607 4 138421 138422 140194 140038
85639 1841 2256 5 138425 138426 141036 139765 139766
85640 1972 2098 5 138427 138424 140523 140648 140647
85641 1714 1687 3 138429 138428 139820
85642 1419 1527 5 138432 138430 140913 141030 141025
85643 1419 1450 6 138430 138431 138464 140776 141105 140912
85644 1435 1258 4 138433 138434 138622 138624
85645 1677 1882 4 138438 138439 139249 139704
85646 1324 1159 8 138440 138442 141258 142626 142628 142720 142814 142094
85647 1144 1030 6 138444 138445 138543 138541 138797 138599
85648 958 1144 3 138443 138445 138551
85649 1012 1362 4 138446 138448 142617 142680
85650 1276 1121 5 138449 138450 141640 141543 141541
85651 1085 1149 4 138452 138453 138481 138454
85652 1085 999 3 138459 138460 138462
85653 1469 1105 4 138468 138469 141505 138482
85654 2143 1975 3 138475 138476 141878
85655 2143 1798 4 138476 138473 141853 141884
85656 1120 1465 5 138478 138479 142879 142695 142382
85657 817 707 5 138480 138477 141615 141616 142630
85658 817 1120 6 138477 138479 142890 142892 142962 142584
85659 1465 707 5 138478 138480 142782 142123 142122
85660 1156 1469 6 138482 138483 141730 141572 141571 141573
85661 567 960 4 138484 138485 141499 141500
85662 610 960 8 138485 138486 143182 143134 142639 142641 142736 143428
85663 960 459 4 138484 138486 142888 142887
85664 1324 1584 4 138488 138487 141468 141467
85665 1085 1444 5 138491 138492 138493 143419 138496
85666 1406 1444 7 138493 138494 139693 141234 140914 140917 143420
85667 1085 1469 3 138495 138496 143407
85668 462 280 5 138499 138500 143288 143049 141594
85669 462 304 5 138500 138497 141530 141644 142930
85670 1350 1373 6 138501 138502 141575 141240 141241 140662
85671 1350 1539 4 138502 138503 141493 141651
85672 1488 1373 5 138504 138501 140664 141535 143319
85673 1488 1350 6 138501 138503 141494 141579 141495 140663
85674 1257 1093 6 138507 138508 138560 138561 138564 138911
85675 1093 1345 3 138507 138509 138900
85676 1901 1922 5 138519 138518 139664 139649 139291
85677 1313 1546 3 138520 138521 138522
85678 1879 2085 6 138525 138526 140576 139888 139750 139748
85679 1765 2133 3 138530 138531 138656
85680 1073 948 3 138532 138533 138534
85681 1133 1140 4 138539 138540 138577 138578
85682 1310 1611 4 138552 138553 138595 138596
85683 1046 1310 3 138559 138558 138907
85684 1079 1312 4 138567 138569 138628 138914
85685 2065 1839 3 138581 138582 139772
85686 1846 2065 5 138580 138582 139882 139815 139770
85687 1146 1266 4 138586 138587 138697 138588
85688 1122 1146 3 138585 138587 138698
85689 1616 1904 6 138593 138594 138613 139788 139728 139368
85690 1030 1133 4 138597 138598 138829 138599
85691 1452 1557 4 138601 138602 140971 140792
85692 1846 1687 7 138603 138604 139807 139795 139782 139425 139423
85693 2257 2029 5 138606 138608 141654 141338 141336
85694 1865 2201 3 138607 138609 139758
85695 1616 1907 7 138610 138611 139606 139685 139743 139744 139896
85696 1640 1907 3 138611 138612 139484
85697 1214 1318 6 138625 138626 138897 138920 138921 139046
85698 1034 1214 4 138625 138627 138924 139047
85699 1315 1331 5 138634 138635 138825 138813 138814
85700 1059 1426 3 138636 138633 138749
85701 992 1260 3 138643 138644 138806
85702 1581 1833 5 138658 138659 138696 139323 140920
85703 1342 1378 6 138662 138663 138665 139242 139241 139274
85704 1266 1342 4 138662 138664 139164 139281
85705 1342 1247 3 138665 138666 139253
85706 1753 1871 6 138668 138669 138841 138675 138674 139106
85707 1774 1698 3 138676 138673 139098
85708 1753 1698 6 138674 138676 138873 138874 138972 139095
85709 1734 2031 5 138678 138679 138782 138784 138689
85710 2030 1734 6 138677 138679 138781 138783 138787 138780
85711 2031 1900 6 138678 138680 138691 138750 138754 138690
85712 2031 2049 4 138681 138682 138750 138727
85713 2031 1775 4 138689 138690 138708 138707
85714 1771 2030 5 138692 138693 139486 138788 138780
85715 1773 1856 6 138699 138700 139321 139239 139234 139235
85716 1783 1765 5 138701 138702 139092 139111 139128
85717 1906 1930 5 138710 138711 138717 138718 139139
85718 1930 1922 7 138710 138712 139645 139644 139652 139332 139334
85719 2030 1685 3 138713 138714 138783
85720 2030 1640 5 138714 138715 139485 138788 138787
85721 1879 1930 4 138716 138717 139748 139749
85722 1930 1857 5 138716 138718 139138 139340 139417
85723 1980 1833 7 138733 138734 139552 139545 139540 139541 139539
85724 1980 1996 8 138734 138735 139373 139374 139640 139573 139549 139550
85725 2004 1980 5 138733 138735 139404 139329 139328
85726 1996 1833 3 138734 138736 139500
85727 2124 2117 4 138737 138738 139789 139575
85728 1312 1323 4 138739 138740 138894 138895
85729 1941 2368 4 138741 138742 138743 138745
85730 2368 1885 4 138744 138743 138766 140437
85731 1734 1640 4 138751 138752 138779 138787
85732 1640 1771 5 138751 138753 139181 139487 138788
85733 1900 1948 4 138754 138755 138757 138756
85734 1597 1743 8 138762 138763 138862 138864 139301 139290 138851 138852
85735 1818 1943 3 138772 138773 139074
85736 1961 1818 4 138771 138773 139081 139085
85737 1608 1479 5 138776 138775 138836 139023 138882
85738 1734 1987 3 138784 138785 138786
85739 1260 1222 5 138793 138794 138857 138973 138830
85740 1426 1590 3 138799 138800 138801
85741 1587 1548 6 138803 138804 139162 139203 139204 138809
85742 1587 1355 5 138804 138805 139021 139142 139163
85743 1608 1672 4 138817 138818 139027 138836
85744 1608 1818 5 138818 138815 139108 139082 139077
85745 1871 2052 5 138819 138820 139102 139103 139151
85746 1765 1948 3 138821 138822 138823
85747 1698 2052 4 138827 138828 139075 139102
85748 1698 1818 7 138828 138826 139045 139077 139083 139081 139074
85749 1496 1698 4 138833 138835 139024 139126
85750 1783 1608 5 138837 138838 139082 139084 139127
85751 1783 1659 7 138838 138839 139121 139111 139080 139078 139107
85752 1602 1783 6 138837 138839 139122 139120 139119 139130
85753 1783 1698 5 138844 138845 139126 139084 139083
85754 1783 1638 3 138845 138846 139124
85755 1479 1198 5 138847 138848 139090 139087 139054
85756 1033 1264 4 138855 138856 138868 138870
85757 1743 1552 3 138862 138863 139318
85758 1214 1037 4 138865 138866 139005 138994
85759 1091 1337 3 138871 138872 138890
85760 1737 1736 3 138879 138880 139134
85761 1079 965 4 138886 138887 138888 138889
85762 1638 1867 3 138891 138892 139012
85763 1093 1164 5 138900 138901 138903 138902 138911
85764 1164 1257 4 138904 138905 138906 138911
85765 1164 1084 3 138908 138909 138910
85766 1124 1079 5 138913 138914 138930 138915 138916
85767 1466 1305 4 138936 138937 140724 140783
85768 1466 1341 7 138937 138938 139624 141113 140940 140938 140725
85769 1246 1387 3 138940 138941 139254
85770 1342 1101 3 138943 138944 139184
85771 1208 1342 5 138943 138945 139252 139251 139185
85772 1387 1378 3 138951 138949 139242
85773 1378 1222 4 138967 138968 138971 138970
85774 1515 1425 3 138974 138975 139009
85775 1355 1122 6 138978 138979 138983 138981 138982 138980
85776 1351 1267 5 138986 138987 139000 138989 138988
85777 1214 1067 3 138991 138992 138993
85778 1351 1588 3 138996 138997 138998
85779 1400 1351 5 139000 139001 139004 139003 139002
85780 1222 767 3 139014 139015 139016
85781 1698 1608 5 139023 139024 139084 139077 139027
85782 1262 1189 4 139033 139034 139037 139036
85783 1425 1417 4 139039 139040 139043 139041
85784 1417 1479 6 139038 139040 139089 139087 139086 139042
85785 1199 1214 4 139046 139047 139048 139050
85786 1199 923 6 139051 139052 139053 139057 139055 139062
85787 1199 758 6 139055 139056 139060 139059 139058 139063
85788 1199 710 3 139061 139062 139063
85789 1401 1081 3 139064 139065 139066
85790 1774 1636 5 139069 139067 139169 139192 139148
85791 1672 1636 3 139068 139069 139110
85792 1582 1774 4 139072 139073 139190 139148
85793 1479 1317 3 139088 139089 139090
85794 1264 1587 4 139096 139097 139163 139162
85795 1943 1871 4 139101 139103 139150 139106
85796 1636 1582 5 139110 139109 139156 139191 139148
85797 1358 1673 4 139114 139115 139240 139229
85798 1778 1783 5 139116 139117 139129 139119 139118
85799 1783 1695 4 139121 139122 139123 139128
85800 1783 1496 6 139124 139125 139129 139130 139127 139126
85801 1965 1705 3 139132 139133 139223
85802 1930 1874 5 139138 139139 139334 139333 139341
85803 1772 1901 5 139145 139146 140981 139651 139429
85804 1909 1901 7 139147 139145 139430 139649 139622 139574 139553
85805 1826 1548 3 139153 139154 139155
85806 2244 2025 4 139157 139158 139159 139166
85807 2017 1636 4 139167 139168 139195 139169
85808 1456 1260 4 139170 139171 139243 139244
85809 2248 2164 6 139176 139177 139469 139470 140696 140014
85810 1926 2101 7 139180 139179 139215 139189 139188 139302 139238
85811 1456 1574 4 139182 139183 139256 139262
85812 2101 1930 4 139186 139188 139342 139665
85813 1926 2162 3 139187 139189 139214
85814 1587 2017 4 139194 139195 139196 139209
85815 1931 2018 3 139197 139198 139308
85816 2101 2417 5 139199 139201 140446 140447 140451
85817 1996 2046 5 139205 139206 139524 139391 139392
85818 1965 2097 3 139211 139212 139230
85819 1192 1383 4 139218 139220 140817 140818
85820 1829 1757 5 139226 139224 139754 140986 139676
85821 1829 1841 7 139224 139225 141223 141096 139707 139706 139752
85822 1773 2101 3 139233 139234 139238
85823 2017 2101 5 139236 139237 139306 140451 139983
85824 1552 1569 3 139246 139247 139255
85825 1882 1874 6 139250 139249 139517 139519 139599 139354
85826 1404 1378 4 139274 139275 139276 139282
85827 1597 1785 5 139279 139280 139289 139290 139304
85828 1404 1266 3 139281 139282 139283
85829 1901 2085 6 139292 139291 139622 139621 139639 140718
85830 1889 1761 6 139296 139297 141238 141600 141458 141204
85831 1889 1789 4 139297 139298 141501 141239
85832 2035 1889 5 139296 139298 141502 141263 141205
85833 1789 1761 5 139297 139299 141457 141173 141172
85834 1980 1931 8 139307 139308 139536 139540 139482 139481 140797 140668
85835 1980 2018 6 139308 139309 139405 139329 139330 139537
85836 2164 1980 6 139307 139309 139469 139468 140683 140669
85837 2005 1931 5 139310 139311 140668 139635 139513
85838 2005 2164 5 139311 139312 139316 140544 140669
85839 2051 2005 6 139310 139312 139317 140584 140542 139514
85840 2005 2172 6 139316 139317 140583 140670 140767 140545
85841 1833 1629 4 139322 139323 140906 139366
85842 1527 1420 5 139324 139325 139631 139632 140945
85843 2745 2607 6 139327 139326 140586 140589 140063 140062
85844 1953 1980 4 139328 139330 139538 139539
85845 1772 1922 3 139331 139332 139444
85846 1772 1930 5 139332 139333 139647 139600 139601
85847 1874 1922 6 139334 139331 139446 139662 139664 139431
85848 1874 1772 9 139331 139333 139646 139760 139517 139516 139429 139428 139445
85849 1833 1822 5 139335 139336 139501 139500 139552
85850 1930 2157 5 139337 139338 139534 139533 139645
85851 1874 1803 4 139341 139339 140984 139646
85852 1930 1803 8 139340 139341 139647 139661 139667 139665 139589 139418
85853 1930 2046 5 139343 139344 139526 139524 139534
85854 2381 2157 4 139346 139347 139581 140691
85855 2085 2381 3 139345 139347 139582
85856 2811 2936 6 139350 139351 141306 140155 140156 140145
85857 2958 2627 6 139352 139353 140242 140241 140236 140237
85858 2627 2936 4 139351 139353 141311 141309
85859 2328 2248 3 139357 139358 139416
85860 1406 1687 3 139359 139361 139818
85861 1846 1904 5 139364 139365 139796 139795 139808
85862 1904 2074 8 139363 139365 139825 139827 139840 140168 139850 139849
85863 1904 1687 4 139368 139369 139795 139726
85864 1980 2157 5 139374 139375 139468 140715 139641
85865 2248 1980 5 139373 139375 139469 139405 139404
85866 1833 1844 4 139376 139377 139477 139527
85867 490 642 4 139380 139381 143664 143252
85868 1883 1748 4 139382 139383 142078 141720
85869 1954 1848 4 139385 139386 139388 139387
85870 1996 1926 3 139392 139393 139471
85871 1822 2046 3 139394 139391 139526
85872 1822 1996 8 139391 139393 139476 139500 139550 139551 139660 139525
85873 2293 2587 5 139396 139397 141439 141440 141436
85874 2350 2084 4 139398 139395 139811 139812
85875 2350 2293 4 139395 139397 139799 139797
85876 2587 2084 4 139396 139398 141407 141409
85877 2274 2398 4 139399 139400 139992 140337
85878 1647 1901 4 139406 139407 140981 140975
85879 1901 1699 4 139406 139408 140992 140976
85880 1498 1527 9 139409 139411 141027 141029 140913 140911 141116 141086 140519
85881 1663 1572 4 139410 139412 139683 140967
85882 2303 1726 4 139414 139413 140632 -1
85883 2162 1885 3 139420 139421 139654
85884 2124 1885 5 139421 139422 140448 139687 139655
85885 2124 2101 3 139422 139419 140446
85886 2124 2162 6 139419 139421 139653 139669 140376 140445
85887 1759 1687 6 139423 139424 139818 139819 139820 139824
85888 1813 1757 4 139427 139426 139741 139762
85889 1909 1874 4 139430 139428 139650 139662
85890 2548 2868 4 139432 139433 140389 140390
85891 2730 2548 4 139432 139434 140401 140400
85892 2117 2314 4 139439 139438 140007 139981
85893 2689 2834 5 139440 139441 140416 140414 140430
85894 2689 2718 3 139441 139442 140458
85895 2745 2834 5 139443 139440 140294 140180 139626
85896 2718 2834 6 139441 139443 139625 140290 140279 140280
85897 1822 1874 3 139445 139446 139650
85898 1822 1922 5 139446 139444 139652 139660 139659
85899 2359 2249 6 139447 139448 140665 140666 140730 140522
85900 3086 2924 4 139450 139452 139995 139996
85901 2124 2132 8 139453 139454 139669 139598 139557 139556 139575 139856
85902 2657 2717 4 139462 139461 140409 140369
85903 1699 1781 10 139465 139466 139673 141134 141137 141122 139507 139508 140996 141000
85904 1726 1637 5 139467 139464 140926 140963 140964
85905 1726 1699 3 139464 139466 139672
85906 1781 1637 3 139465 139467 140965
85907 2164 2157 3 139468 139470 140714
85908 1536 1517 4 139473 139474 140816 140716
85909 1441 1536 5 139472 139474 140809 140807 140955
85910 1517 1452 4 139473 139475 140837 140717
85911 1350 1131 5 139478 139479 140793 141495 140616
85912 1901 1980 6 139480 139481 140719 139639 139573 139553
85913 1796 1980 5 139482 139480 139546 139548 139545
85914 1803 1640 8 139483 139484 139559 139560 139567 139492 139487 139485
85915 2053 2225 4 139488 139489 139838 140045
85916 1879 2053 6 139488 139490 139851 139946 139945 140016
85917 1803 1673 4 139491 139492 139595 139593
85918 1813 1939 4 139494 139493 139787 139786
85919 1718 1535 5 139495 139496 141130 141097 139737
85920 1718 1411 3 139496 139497 141120
85921 2595 2229 5 139505 139506 140251 140186 139588
85922 2595 2265 5 139504 139505 139587 139933 140079
85923 1882 1781 3 139509 139507 140772
85924 1899 1781 4 139508 139509 140755 140756
85925 1578 1560 8 139510 139511 140941 140939 141072 141066 141067 139612
85926 1687 1560 7 139512 139510 139613 140980 140979 139521 139520
85927 1571 1560 4 139511 139512 140497 140496
85928 1897 2051 4 139514 139515 140462 140463
85929 1772 1882 4 139517 139518 139643 139704
85930 1899 1772 4 139516 139518 139642 139651
85931 1245 1193 6 139522 139523 140859 141052 140863 140861
85932 1930 1996 4 139524 139525 139644 139533
85933 1930 1822 6 139525 139526 139532 139596 139601 139652
85934 2558 2940 5 139529 139530 140579 140661 140581
85935 2558 2944 4 139530 139531 140091 140093
85936 3041 2558 5 140582 139529 139531 140540 -1
85937 1980 1928 4 139536 139537 139538 139541
85938 1466 1560 5 139542 139543 140939 140940 141102
85939 1466 1535 8 139543 139544 141103 141115 141112 140890 140889 141071
85940 1553 1466 5 139542 139544 141104 141100 141099
85941 1980 1909 4 139546 139547 139549 139553
85942 1980 1822 4 139547 139548 139552 139550
85943 1996 1909 5 139549 139551 139658 139623 139574
85944 1803 1616 5 139558 139559 139606 139684 140833
85945 1478 1803 6 139558 139560 139568 141010 139605 139604
85946 2420 2283 5 139563 139561 139951 139952 140136
85947 2565 2406 3 139571 139572 140024
85948 1996 1901 3 139573 139574 139621
85949 1668 1820 5 139579 139580 140902 140903 140972
85950 1791 1668 3 139578 139580 140935
85951 2157 2242 5 139583 139581 140692 140714 140715
85952 2265 2504 4 139586 139587 139934 140146
85953 2595 2504 4 139587 139588 140185 139935
85954 1803 2162 5 139589 139590 139653 139654 139666
85955 1803 1553 4 139605 139602 140884 141028
85956 1803 1560 4 139602 139604 140833 140883
85957 1922 1996 5 139608 139609 139644 139660 139658
85958 2157 1922 3 139607 139609 139645
85959 1996 2085 5 139608 139610 139640 139621 139623
85960 1527 1581 3 139618 139619 139632
85961 1573 1782 3 139620 139617 140929
85962 1573 1527 7 139617 139619 140945 141008 141013 141012 141007
85963 1581 1782 7 139618 139620 140921 140920 140905 140904 139633
85964 2085 1909 3 139622 139623 139648
85965 2863 2745 4 139626 139627 140596 140181
85966 1897 1607 3 139629 139630 139637
85967 1819 1897 6 139628 139630 139636 140909 140737 140462
85968 1420 1782 3 139631 139633 139725
85969 2005 1919 5 139634 139635 140796 140801 140804
85970 1819 1791 4 139636 139638 140775 140908
85971 1909 1922 5 139648 139649 139662 139659 139658
85972 1628 1803 4 139656 139657 139679 139661
85973 1803 2101 4 139665 139666 139688 139668
85974 1750 1841 4 139674 139675 141061 141060
85975 2070 2145 4 139677 139678 139778 139780
85976 1879 1907 4 139681 139682 139851 139834
85977 1857 1616 4 139684 139685 139746 140948
85978 2504 2283 7 139694 139695 139952 139950 140146 140148 140113
85979 2403 2504 6 139694 139696 140175 140177 140173 140114
85980 2035 2229 4 139697 139698 140101 141479
85981 2573 2469 7 139699 139700 139908 139909 141247 141271 141273
85982 2528 2573 5 139699 139701 139837 140059 141335
85983 2595 2469 5 139700 139702 140252 140251 140112
85984 1841 1578 3 139705 139706 141098
85985 1535 1578 8 139708 139705 139737 139738 141065 141064 141071 141072
85986 1535 1841 5 139705 139707 141095 141129 141097
85987 1829 1578 6 139706 139708 141066 140987 140986 141079
85988 1422 1377 5 139709 139710 141023 140922 140923
85989 1305 1377 4 139710 139712 141078 141074
85990 1136 724 4 139713 139714 141814 142830
85991 1829 1857 3 139716 139717 140779
85992 977 1347 3 139722 139720 141039
85993 1160 1347 6 139721 139722 141050 140828 140827 141058
85994 2430 2504 6 139723 139724 139866 139865 140173 140176
85995 1904 1813 5 139728 139726 139808 139857 139787
85996 1616 1813 4 139727 139728 139786 139744
85997 1781 2303 4 139731 139732 140632 -1
85998 1781 1820 6 139732 139729 141003 141000 140965 140631
85999 1781 1860 10 141218 141212 141165 141122 140772 140755 140754 139729 139731 -1
86000 1972 1839 3 139734 139735 140635
86001 1377 1578 3 139738 139736 141073
86002 1687 1907 3 139742 139743 139745
86003 1687 1857 5 139745 139746 140980 139761 139747
86004 1879 2132 5 139749 139750 139889 139945 139751
86005 1841 1718 6 139752 139753 141061 141062 141097 141098
86006 1829 1718 3 139754 139752 141079
86007 1789 1759 5 139755 139756 141239 141172 139784
86008 1839 1759 4 139757 139755 139785 139824
86009 1879 2256 4 139767 139765 140614 140531
86010 2065 2035 6 139771 139772 139882 139881 140110 139858
86011 1880 2035 4 139773 139771 139859 141513
86012 2114 1860 4 139774 139775 139792 141473
86013 2114 1767 8 139775 139776 140096 141508 141424 141425 141088 139793
86014 1767 1860 6 139794 139775 139777 140738 141214 -1
86015 1893 1846 6 139782 139783 139810 139869 139828 139796
86016 1616 1939 4 139786 139788 139906 139896
86017 2230 2194 3 139790 139791 139904
86018 2124 2230 5 139789 139791 139936 140286 139856
86019 2114 2479 8 139792 139793 141087 141357 141517 141139 141140 141488
86020 1860 2479 5 139794 139792 140068 140067 -1
86021 1767 2479 4 141089 139793 139794 -1
86022 2437 2293 8 139798 139799 141439 141433 141432 141358 141033 141035
86023 2720 2705 3 139803 139800 140075
86024 2242 2248 4 139805 139806 140692 140696
86025 2248 2381 4 139804 139806 140691 140479
86026 1014 1022 3 139822 139823 141228
86027 2074 1893 4 139825 139826 139871 139828
86028 2074 2167 7 139826 139827 139841 140115 140076 139876 139875
86029 2165 2478 4 139829 139830 140341 140028
86030 2073 2201 3 139831 139833 141158
86031 2856 3242 4 139835 139836 141291 141290
86032 2403 2225 5 139838 139839 140026 140027 140044
86033 2068 2074 3 139840 139841 140134
86034 2488 2385 5 139842 139843 140174 139854 139847
86035 2385 2413 4 139847 139848 140019 139855
86036 3256 2989 4 139852 139853 140130 140171
86037 2035 2225 4 139858 139859 141511 140111
86038 2074 2430 5 139868 139865 140108 140107 140102
86039 2074 2504 4 139865 139867 140113 140114
86040 2229 2430 5 139866 139868 140101 141484 140169
86041 1893 2029 4 139869 139870 139874 139871
86042 2029 2167 4 139872 139873 139874 139875
86043 2471 2422 5 139885 139886 140702 140697 140478
86044 2248 2422 3 139887 139885 140479
86045 2413 1879 5 139888 139889 140016 140046 140575
86046 1939 2117 5 139891 139892 139907 139900 139898
86047 2068 1939 4 139890 139892 139949 139901
86048 1939 1910 4 139894 139895 139907 139949
86049 1805 1939 6 139893 139895 139900 139899 139925 139906
86050 2117 2267 6 139905 139903 140007 140035 139974 139971
86051 2337 2469 7 139910 139908 140112 141315 141280 140261 140258
86052 2627 2469 4 139909 139910 141093 141094
86053 2581 2607 6 139911 139912 140567 140040 140038 140179
86054 2560 2607 3 139912 139913 140343
86055 1629 1731 4 139914 139916 140707 140708
86056 2277 2552 4 139917 139919 140493 140703
86057 1393 1718 4 139922 139923 140612 139924
86058 2337 2414 6 139926 139927 140037 139954 139955 140041
86059 2679 2504 5 139930 139932 140194 140193 140066
86060 2645 2265 5 139933 139934 140190 140192 140184
86061 2124 2267 4 139936 139937 140397 140425
86062 2053 1857 3 139943 139944 139946
86063 2645 2283 3 139950 139951 140190
86064 2948 2763 3 139958 139956 140563
86065 2948 2819 7 139956 139957 140104 140103 140559 140558 140562
86066 2392 2422 4 139964 139962 140406 140404
86067 2392 2173 4 139962 139963 140527 140529
86068 2267 2211 6 139965 139966 139968 140033 139974 139973
86069 2267 2440 3 139966 139967 139969
86070 2267 2125 3 139971 139972 139973
86071 2359 2164 5 139978 139979 140711 140667 140665
86072 2242 2164 7 139979 139980 140696 140714 140683 140544 140546
86073 2164 2471 5 139978 139980 140014 140015 140474
86074 2413 2053 5 139984 139985 140002 140045 140016
86075 2745 3099 4 139999 139997 140367 140381
86076 2876 2861 3 140017 140018 140158
86077 2430 2225 5 140025 140026 140109 140111 141515
86078 2325 2267 4 140032 140033 140035 140034
86079 2581 2718 4 140039 140040 140565 140077
86080 2225 2413 5 140042 140044 140045 140046 140506
86081 2861 3110 3 140048 140049 140312
86082 3146 2834 4 140050 140047 140133 140142
86083 3146 2861 6 140047 140049 140287 140202 140153 140132
86084 2763 2773 3 140053 140054 140623
86085 2607 2478 3 140060 140061 140062
86086 2558 2479 5 140067 140069 140091 140540 -1
86087 2546 1860 5 140068 140070 141210 141211 141473
86088 2785 2400 7 140083 140084 140555 140554 142081 141443 141441
86089 3057 2863 4 140086 140085 140105 140564
86090 2418 2552 6 140089 140090 140487 140489 140699 140492
86091 2944 2546 4 140092 140093 140580 140095
86092 2763 2546 5 140094 140095 140593 140623 140636
86093 2114 1815 3 140096 140097 140634
86094 2880 2918 3 140100 140098 140207
86095 2880 2685 6 140098 140099 140271 140232 140121 140118
86096 2819 3057 3 140104 140105 140538
86097 2430 2065 4 140106 140107 140110 140109
86098 2958 2596 4 140119 140120 140235 140236
86099 2880 2958 6 140118 140120 140250 140224 140209 140207
86100 2627 2943 3 140123 140124 140237
86101 2985 3146 3 140126 140127 140287
86102 2989 3146 9 140132 140133 140143 140171 140170 140187 140317 140221 140154
86103 2068 2283 5 140134 140135 140164 140165 140167
86104 2685 2647 5 140139 140140 140198 140243 140216
86105 2918 3146 5 140153 140154 140222 140200 140201
86106 2856 2811 4 140155 140157 140233 140253
86107 2685 2627 4 140162 140163 140241 140243
86108 2283 1904 3 140166 140167 140168
86109 2504 2488 5 140174 140175 140189 140193 140188
86110 2607 2504 5 140176 140177 140189 140194 140179
86111 2918 3209 7 140199 140200 140262 140263 140276 140266 140265
86112 2958 3067 4 140203 140204 140246 140244
86113 3101 2958 6 140203 140205 140278 140218 140219 140255
86114 2953 2958 4 140208 140209 140225 140219
86115 3114 2869 3 140211 140210 141149
86116 3146 2900 3 140221 140222 140264
86117 2958 2967 5 140224 140225 140255 140244 140245
86118 2731 2685 3 140231 140232 140272
86119 2939 2856 6 140234 140233 140254 141312 140919 140918
86120 3016 2918 3 140248 140249 140263
86121 2337 2350 4 140258 140260 141341 141342
86122 2073 2469 3 140259 140261 141279
86123 2685 2581 4 140267 140268 140269 140270
86124 2685 2693 5 140271 140272 140273 140274 140275
86125 2958 3209 3 140276 140277 140278
86126 2565 2861 3 140281 140283 140315
86127 2861 2985 6 140287 140288 140299 140348 140314 140312
86128 2718 2858 4 140290 140291 140304 140293
86129 2644 2440 4 140296 140297 140328 140301
86130 2985 2871 4 140300 140299 140346 140327
86131 2869 2705 4 140305 140306 140307 140308
86132 2587 2696 3 140309 140310 141219
86133 2587 2716 6 140310 140311 141171 141292 141313 141220
86134 2989 3209 4 140317 140318 140319 140320
86135 2421 2590 4 140325 140326 140396 140395
86136 2871 2953 4 140332 140333 140336 140334
86137 2894 2871 7 140345 140346 140360 140358 140354 140355 140347
86138 2894 2861 5 140348 140349 140502 140364 140360
86139 2894 2707 3 140355 140356 140357
86140 2474 2546 4 140362 140363 140550 140405
86141 2773 2474 7 140361 140363 140551 140630 140629 140644 140588
86142 2471 2737 3 140377 140378 140726
86143 2471 2739 7 140378 140379 140704 140741 140736 140728 140727
86144 2303 2497 4 140382 140383 140524 140747
86145 2303 2712 5 140525 140383 140384 140733 -1
86146 2498 2303 6 140382 140384 140459 140461 140765 140746
86147 2712 2497 5 140383 140385 140695 140694 140526
86148 1139 1720 3 140386 140388 140721
86149 2552 2910 3 140407 140408 140515
86150 2474 2650 5 140411 140412 140483 140482 140637
86151 2689 2861 3 140414 140415 140502
86152 2737 2717 4 140417 140418 140422 140516
86153 2717 2791 4 140417 140419 140511 140512
86154 2162 2676 4 140420 140421 140471 140441
86155 2330 2417 6 140427 140428 140439 140449 140436 140429
86156 2417 1885 6 140436 140437 140455 140448 140447 140450
86157 2417 2223 3 140438 140439 140452
86158 2417 2017 5 140449 140450 140451 140453 140452
86159 2417 2030 3 140454 140455 140456
86160 2303 2501 4 140733 140459 140460 -1
86161 2479 2256 4 140465 140466 141139 141142
86162 2430 2479 6 140464 140466 141517 140786 140788 141187
86163 1714 1606 3 140475 140476 140620
86164 2973 2791 3 140481 140480 140503
86165 2650 2422 4 140484 140482 140660 140645
86166 2552 2619 4 140486 140487 140488 140498
86167 2418 2739 3 140489 140490 140704
86168 2328 2552 4 140491 140492 140698 140493
86169 2552 2341 3 140499 140500 140501
86170 2791 2910 5 140503 140504 140505 140512 140517
86171 2197 2225 3 140506 140507 140613
86172 1899 2173 3 140510 140508 140687
86173 1899 1919 8 140508 140509 140771 140896 140997 140756 140753 140811
86174 2910 2737 5 140513 140514 140515 140516 140517
86175 1647 1498 4 140519 140520 140927 141085
86176 2359 2369 5 140521 140522 140729 140766 140743
86177 2173 2098 8 140527 140528 140603 141175 140810 140687 140675 140621
86178 2173 2546 4 140528 140529 140622 140604
86179 2546 2098 5 140528 140530 140648 141210 140605
86180 2197 1879 5 140531 140532 140576 140575 140613
86181 2497 2681 3 140533 140534 140723
86182 3041 2479 4 140540 140541 141434 -1
86183 2005 2242 6 140544 140545 140674 140673 140801 140682
86184 2172 2242 4 140545 140546 140731 140762
86185 2474 2607 5 140548 140549 140587 140589 140588
86186 2403 2474 3 140547 140549 140568
86187 2773 2681 3 140551 140552 140633
86188 3233 2785 7 140590 140591 140557 140554 141806 141807 -1
86189 2944 2819 4 140561 140562 140628 140608
86190 2613 2581 3 140565 140566 140567
86191 2940 2546 5 140580 140579 140638 140624 140593
86192 2005 2077 3 140583 140584 140671
86193 2773 2745 7 140585 140586 140644 140602 140598 140595 140596
86194 3233 3041 3 140592 140590 -1
86195 2773 2791 3 140601 140602 140629
86196 2098 2558 3 140605 140603 141176
86197 1170 1420 5 140606 140607 140899 140901 140886
86198 2940 2977 3 140609 140610 140611
86199 1350 1600 4 140615 140616 140663 140662
86200 2767 2587 3 140617 140618 142042
86201 2737 2422 5 140625 140626 140655 140676 140660
86202 2114 1839 5 140634 140635 141520 141509 141508
86203 2546 2983 5 140638 140639 140651 140643 140642
86204 2422 2552 5 140645 140646 140702 140677 140676
86205 2546 1972 4 140648 140649 141474 141211
86206 1972 2392 4 140647 140649 141255 140654
86207 2546 2853 3 140650 140651 140652
86208 2098 1899 5 140656 140657 141162 140811 140687
86209 2359 2178 3 140666 140667 140710
86210 2005 1980 4 140668 140669 140682 140796
86211 2242 2303 8 140674 140672 141121 140752 140751 140769 140760 140762
86212 2552 2568 3 140677 140678 140705
86213 1173 1554 4 140680 140681 140832 -1
86214 938 1171 3 140684 140685 140823
86215 1554 1820 4 140688 140689 140902 140937
86216 2471 2277 3 140700 140701 140703
86217 1629 1782 7 140709 140707 140803 140905 140906 140907 140924
86218 2359 2172 6 140710 140711 140731 140761 140729 140730
86219 1557 1668 3 140712 140713 140962
86220 1748 1163 4 140722 140720 141021 141723
86221 1466 1422 5 140724 140725 140952 140889 140782
86222 2558 2359 3 140734 140735 140748
86223 2471 2619 3 140739 140740 140741
86224 2359 2498 3 140742 140743 140746
86225 1488 1359 4 140744 140745 141124 141168
86226 2303 2359 7 140746 140747 140748 140770 140760 140761 140766
86227 1860 1919 5 140753 140754 141016 141017 141167
86228 1899 1860 4 140753 140755 140773 141162
86229 1781 1919 4 140754 140756 140996 141003
86230 2303 2172 6 140758 140759 140763 140761 140762 140767
86231 2303 2369 4 140763 140764 140765 140766
86232 2303 2381 3 140768 140769 140770
86233 1860 1882 5 140772 140773 141161 141164 141123
86234 1204 1466 6 140782 140783 140930 141037 141111 140890
86235 1347 1450 4 140784 140785 141059 141070
86236 2479 2437 5 140786 140787 140982 141358 141357
86237 2430 2437 4 140789 140786 141518 141178
86238 1452 1411 4 140790 140792 140880 140881
86239 1350 1066 7 140793 140794 141344 141575 141651 141650 141579
86240 1131 1066 7 140795 140793 141307 141308 143155 140830 140831
86241 1032 1066 4 140794 140795 141559 141345
86242 2098 1919 3 140810 140811 141167
86243 1192 1420 5 140819 140817 140877 140886 140887
86244 1171 1086 4 140820 140821 140879 140844
86245 1742 1714 3 140825 140826 141368
86246 1616 1560 4 140833 140834 140979 140948
86247 1699 1535 6 140835 140836 140974 141095 141138 141048
86248 1160 714 4 140845 140846 140847 140849
86249 1160 1169 4 140850 140851 140853 141050
86250 1160 1010 3 140851 140852 140854
86251 1245 1161 5 140860 140861 140862 140871 140878
86252 1245 1086 5 140864 140865 140866 140878 140879
86253 1901 1782 4 140867 140868 140992 140897
86254 1581 1452 3 140870 140869 140904
86255 1381 1420 4 140873 140874 140898 140899
86256 1452 1477 8 140882 140880 140971 140970 140951 140950 140954 140953
86257 1573 1383 3 140891 140892 141008
86258 1896 1699 3 140894 140895 141163
86259 1899 1782 3 140896 140897 140991
86260 1782 1819 4 140908 140909 140910 140924
86261 1498 1450 3 140911 140912 141114
86262 1444 1410 3 140914 140916 141574
86263 1469 1406 4 140915 140917 141731 141572
86264 1554 1731 3 140933 140934 140936
86265 1466 1578 4 140938 140939 141071 140952
86266 1359 1781 5 141218 140942 140943 141118 -1
86267 1781 1797 6 140942 140944 141128 141134 141136 141212
86268 1452 1554 3 140946 140947 140950
86269 1477 1536 3 140954 140955 140956
86270 1820 1637 6 140960 140961 140999 140965 140964 140972
86271 1637 1477 3 140968 140969 140970
86272 1879 1578 3 140985 140987 141067
86273 1796 1637 3 140990 140988 140995
86274 1699 1782 6 140991 140992 140993 140994 141001 140998
86275 1699 1919 4 140996 140997 140998 141002
86276 1699 1820 4 140999 141000 141002 141001
86277 1498 1263 3 141004 141005 141006
86278 1527 1451 6 141013 141014 141027 141031 141025 141015
86279 1553 1396 3 141018 141019 141100
86280 1393 1535 3 141022 141024 141065
86281 1527 1398 3 141029 141030 141031
86282 2114 2293 6 141032 141033 141087 141088 141427 141253
86283 2114 2437 4 141033 141034 141518 141357
86284 2035 2437 6 141034 141035 141373 141480 141179 141178
86285 2035 2293 3 141035 141032 141254
86286 2035 2114 9 141032 141034 141519 141511 141513 141509 141424 141426 141252
86287 1225 1450 4 141042 141043 141053 141044
86288 1718 1797 5 141046 141045 141062 141130 141120
86289 1557 1535 4 141047 141048 141132 141068
86290 1377 1207 4 141075 141076 141077 141078
86291 1498 1535 4 141084 141085 141086 141103
86292 2479 2293 7 141089 141087 141358 141180 141182 141434 -1
86293 1767 2293 5 141444 141428 141088 141089 -1
86294 3004 2856 3 141090 141091 141301
86295 1699 1841 5 141095 141096 141166 141137 141135
86296 1478 1466 4 141099 141101 141113 141102
86297 1466 1498 7 141103 141104 141110 141108 141109 141114 141116
86298 1466 1450 6 141105 141106 141111 141112 141117 141114
86299 1419 1466 3 141105 141107 141109
86300 1466 1527 3 141115 141116 141117
86301 1860 1699 5 141122 141123 141163 141224 141166
86302 1488 1131 4 141124 141125 141495 141307
86303 1797 1557 4 141127 141128 141133 141132
86304 1797 1535 5 141129 141130 141131 141132 141138
86305 1797 1699 4 141133 141134 141135 141138
86306 1781 1841 3 141136 141137 141165
86307 2114 2392 4 141140 141141 141255 141510
86308 347 445 6 141144 141145 143320 143507 143506 143808
86309 626 347 4 141144 141146 143587 143810
86310 695 445 6 141145 141147 143441 143444 143157 143156
86311 906 1025 7 141154 141152 141653 143417 143414 143412 143411
86312 853 1025 6 141153 141154 143413 143425 143073 142852
86313 2070 2257 3 141159 141160 141336
86314 1066 1488 5 141168 141169 143299 141579 141307
86315 1066 1767 4 143397 141169 141170 -1
86316 1359 1066 5 143154 141308 141168 141170 -1
86317 1761 1714 6 141173 141174 141233 141367 141368 141378
86318 1759 1761 4 141172 141174 141232 141238
86319 2293 2696 4 141180 141181 141410 141432
86320 2293 2944 4 141181 141182 141416 141411
86321 1373 1625 5 141184 141185 143318 143319 143128
86322 1406 1625 5 141185 141186 141234 141229 141231
86323 1625 1410 5 141184 141186 141574 141525 141524
86324 604 692 6 141189 141190 142689 142690 141545 141546
86325 330 604 4 141188 141190 141618 141617
86326 396 867 5 141191 141192 143312 143337 143378
86327 396 1129 7 155873 143234 143232 141192 141193 143347 -1
86328 1139 1129 6 141193 141194 143065 143227 143254 143348
86329 1139 396 3 141191 141193 143346
86330 1129 867 4 141192 141194 142743 142740
86331 830 1066 4 141197 141195 143388 143223
86332 830 619 6 141195 141196 143735 143283 143285 143629
86333 1839 1767 4 141198 141199 141201 141508
86334 1767 1789 3 141202 141203 141457
86335 2028 1761 3 141206 141204 141392
86336 1889 1759 6 141208 141209 141587 141238 141239 141503
86337 1469 1889 4 141207 141209 141586 141683
86338 1860 1359 4 141218 141213 141214 -1
86339 2297 1920 9 141216 141217 142454 142456 142566 142683 141830 141832 142575
86340 2587 2437 6 141219 141220 141296 141295 141439 141281
86341 1860 1829 3 141223 141224 141225
86342 1271 853 3 141226 141227 141491
86343 1014 853 6 141227 141228 143401 143425 143110 141492
86344 1625 1714 5 141230 141231 143318 141581 141233
86345 1625 1761 5 141232 141233 141580 141582 141600
86346 826 1367 7 141235 141236 142465 142603 143087 141712 141710
86347 1612 1367 6 141236 141237 142684 142685 142755 142466
86348 1367 867 3 141235 141237 143236
86349 1151 1373 4 141241 141242 143391 143102
86350 2469 2781 5 141244 141245 141314 141275 141273
86351 2469 2716 4 141245 141246 141329 141313
86352 2437 2528 4 141250 141251 141330 141477
86353 2114 2145 3 141252 141253 141454
86354 867 1244 6 141259 141260 143236 143228 143231 142074
86355 1163 1612 6 141261 141262 141554 141723 141726 141385
86356 1612 1244 5 141260 141262 141553 142483 142684
86357 2647 2469 4 141271 141272 141389 141275
86358 2573 2781 3 141273 141274 141335
86359 2437 2785 3 141281 141282 141433
86360 3081 2523 4 141283 141284 141835 141834
86361 2233 2523 3 141288 141289 142136
86362 1748 2293 3 141298 141299 -1
86363 2785 2293 9 141415 141411 141410 141433 141440 141441 141300 141298 -1
86364 1995 2293 7 141299 141300 141438 141437 141442 141444 -1
86365 1868 2182 3 141316 141317 141552
86366 1995 2182 4 141317 141318 141379 141396
86367 3004 2795 3 141319 141320 141761
86368 1465 1472 6 141331 141332 142389 142124 142123 142801
86369 1465 2111 5 141332 141333 142062 142385 142384
86370 1211 1465 4 141331 141333 142063 142783
86371 2073 2029 3 141337 141338 141657
86372 2337 2287 4 141343 141341 141374 141375
86373 2203 2518 6 141348 141349 141932 141951 141928 141889
86374 2767 2793 6 141351 141352 142048 142046 142043 142044
86375 1276 1863 3 141356 141354 141469
86376 2073 2146 5 141359 141361 141799 141905 141721
86377 1761 1488 3 141366 141367 141580
86378 2287 2257 4 141375 141376 141748 141377
86379 2400 2084 4 141380 141381 141435 141409
86380 2400 1995 6 141381 141379 141398 142085 141443 141438
86381 864 1154 4 141382 141383 142749 142932
86382 1163 1432 3 141384 141385 142061
86383 2587 3022 3 141386 141387 141388
86384 2587 2647 3 141389 141390 141391
86385 10486 10537 6 141393 141394 154612 154533 154534 155394
86386 10994 10537 5 141394 141395 142594 142592 154613
86387 10537 10807 3 141393 141395 152904
86388 1883 2182 5 141396 141397 141399 141414 141552
86389 1995 1883 4 141396 141398 142087 141551
86390 699 585 4 141402 141400 143728 143603
86391 966 1098 4 141404 141405 141964 142468
86392 2182 2587 3 141407 141408 141421
86393 2056 2084 5 141412 141413 141539 141781 141773
86394 2084 1883 3 141412 141414 141732
86395 2293 3041 4 141415 141416 141434 -1
86396 177 131 6 141417 141418 143474 143480 143481 143738
86397 177 220 5 141418 141419 144218 143476 143475
86398 23 177 3 141417 141419 143739
86399 220 131 5 141418 141420 143142 143293 143294
86400 2114 1742 4 141425 141426 141454 141427
86401 10262 10530 7 141429 141430 155860 155917 155997 156039 155750
86402 2293 2400 4 141435 141436 141441 141438
86403 1790 1551 5 141446 141447 142737 142674 142675
86404 1472 1551 3 141447 141448 142738
86405 1551 1776 6 141446 141448 142722 142637 142115 142114
86406 1850 1849 5 141452 141453 141856 141860 142756
86407 3053 2842 4 141455 141456 141917 141918
86408 1742 1889 3 141458 141459 141598
86409 23 11881 5 141460 141461 142857 144265 143106
86410 211 23 4 141460 141462 143147 143107
86411 211 181 4 141463 141465 143063 142924
86412 1584 1276 5 141468 141466 141469 141506 141489
86413 1514 1863 5 141472 141470 141585 141673 141678
86414 2546 2114 4 141473 141474 141510 141488
86415 2193 2437 5 141475 141476 141477 141487 141480
86416 2193 2430 3 141481 141482 141484
86417 2193 2560 3 141485 141486 141487
86418 1276 1105 7 141489 141490 142711 141540 141543 141641 141505
86419 1350 1271 3 141493 141494 141650
86420 638 960 5 141498 141499 143428 143362 143363
86421 567 669 7 141500 141497 143402 143462 142576 142462 142464
86422 1889 1846 4 141501 141502 141504 141503
86423 2114 1880 4 141512 141513 141520 141514
86424 2114 2430 5 141515 141516 141517 141518 141519
86425 740 608 3 141521 141522 143202
86426 1159 608 7 141522 141523 142835 142834 142839 142840 143268
86427 608 611 6 141521 141523 142927 143124 143067 143068
86428 459 618 4 141526 141527 142912 143389
86429 608 553 6 141531 141532 143269 143268 143202 143068
86430 1105 1121 4 141542 141543 141642 143209
86431 1105 1014 7 141540 141542 141566 141565 143070 143193 142710
86432 11471 11808 3 141548 141549 155503
86433 11213 11808 8 141550 141548 155522 155510 154752 142561 142560 155431
86434 1883 1868 7 141551 141552 141732 141772 141719 141720 142099
86435 553 622 4 141555 141556 143164 143165
86436 553 579 5 141556 141557 143245 143263 143246
86437 740 579 7 141557 141558 143191 143187 141693 141694 143210
86438 579 622 5 141556 141558 143225 143205 143204
86439 459 241 3 141560 141561 142923
86440 1014 1025 5 141566 141563 143257 143425 143423
86441 1014 638 3 141563 141565 143069
86442 1539 2073 7 141567 141568 141778 141681 141680 141576 141570
86443 1539 2070 3 141569 141570 141577
86444 1625 2070 4 141577 141578 141646 141649
86445 2073 1625 4 141576 141578 141647 141679
86446 1625 1488 5 141580 141581 143319 141601 141583
86447 1625 1742 5 141582 141583 141589 141590 141598
86448 1625 1889 8 141586 141587 141600 141598 141599 141646 141647 141682
86449 2028 1625 4 141588 141590 141599 141649
86450 2218 1850 6 141591 141592 141759 141840 141754 141753
86451 1421 1519 3 141605 141607 142458
86452 1421 1349 4 141608 141610 141685 141687
86453 1154 1012 6 141611 141612 142749 142931 142618 142617
86454 1012 1519 4 141611 141613 142681 142680
86455 11871 604 3 141617 141619 142837
86456 11531 11472 4 141620 141621 143730 143659
86457 11418 11516 6 141622 141623 143942 144240 143564 143565
86458 11418 11472 5 141623 141620 143661 144064 143941
86459 11418 11531 5 141620 141622 144388 144029 143660
86460 11516 11472 7 141621 141623 143940 144346 144115 144116 143731
86461 740 1014 6 141625 141626 143074 143075 143261 143262
86462 11617 11838 6 141628 141629 144502 144503 144789 145634
86463 11736 11617 3 141627 141629 144810
86464 1120 740 5 141630 141631 143176 143097 143096
86465 10817 11041 3 141633 141634 143393
86466 2073 1889 3 141647 141648 141675
86467 1863 2029 6 141654 141655 141674 141684 141671 141657
86468 10411 10111 5 141660 141661 142488 142693 141927
86469 2297 1955 6 141668 141667 141788 141790 141832 141831
86470 1863 2070 3 141670 141671 141676
86471 1863 1625 5 141672 141673 141677 141679 141682
86472 1863 1889 5 141675 141676 141684 141683 141682
86473 1863 1539 3 141677 141678 141680
86474 1136 1105 3 141690 141692 142712
86475 740 669 5 141694 141695 143074 143042 143043
86476 700 579 3 141696 141693 143079
86477 700 740 4 141693 141695 143075 143186
86478 9070 9676 4 141699 141697 141771 153853
86479 9070 9878 4 141697 141698 155335 141770
86480 1744 902 4 141701 141703 142571 142397
86481 531 784 4 141705 141706 142176 142177
86482 817 531 5 141704 141706 142642 142781 142630
86483 2842 2445 4 141707 141708 141910 141986
86484 2842 2596 5 141708 141709 141919 141908 141906
86485 826 1244 4 141710 141711 143230 143228
86486 1367 1244 6 141713 141710 143236 142684 142352 142349
86487 1120 1244 5 141711 141713 142097 142098 143097
86488 1947 2530 9 141716 141717 142395 142396 142419 142420 142481 142479 142106
86489 1139 1612 3 141726 141727 142060
86490 1469 1025 5 141730 141731 143421 143407 143406
86491 2671 3017 4 141737 141738 142369 141995
86492 3017 2777 6 141737 141739 141926 141897 141896 141960
86493 2992 3312 5 141741 141742 142015 141828 141829
86494 11605 11029 7 141746 141743 155362 142406 142408 155364 155296
86495 11605 11443 6 141743 141745 142536 142535 142447 142448
86496 175 11029 3 141744 141746 155297
86497 2261 2257 4 141748 141749 141782 141785
86498 1551 2218 4 141754 141752 142675 142114
86499 2725 3070 3 141755 141756 141979
86500 2992 2795 7 141761 141762 141798 141818 141821 142051 142009
86501 3004 2992 7 141761 141763 141813 141997 142002 142004 142008
86502 2297 2300 5 141766 141767 141820 142162 142672
86503 2297 2156 7 141767 141764 142566 142403 142342 142341 141819
86504 2297 1892 4 141764 141766 142717 142683
86505 9676 9349 5 141769 141771 153852 154129 155669
86506 2056 1868 5 141772 141773 141777 141775 141779
86507 2056 1539 4 141776 141777 141781 141778
86508 2261 2073 4 141784 141785 141904 141905
86509 2203 2297 3 141788 141789 141932
86510 2203 2502 5 141791 141792 141928 141869 141867
86511 1666 2156 4 141796 141797 142403 142565
86512 2073 2255 4 141799 141800 141859 141904
86513 2842 2827 4 141801 141802 141987 141879
86514 3233 1748 4 141807 141805 142084 -1
86515 2803 2777 5 141812 141810 141960 141934 141909
86516 2803 2671 4 141810 141811 142161 141995
86517 603 1159 3 141815 141816 142839
86518 1136 603 5 141814 141816 142901 142894 142829
86519 2827 2992 3 141817 141818 141822
86520 2992 3044 7 141821 141822 141991 141829 141827 142016 142050
86521 2795 3044 4 141823 141821 142047 141968
86522 1421 1850 3 141825 141826 141860
86523 2992 3082 6 141827 141828 142013 142011 142005 142006
86524 1776 2297 6 141830 141831 142383 142599 142672 142717
86525 2523 2997 3 141833 141834 142127
86526 10833 11073 5 141836 141837 155989 142052 142053
86527 11073 9210 6 141836 141838 155899 155898 155909 155861
86528 11020 11487 5 141846 141847 142984 142985 156366
86529 11020 11431 7 141847 141848 147484 147485 156121 156124 156116
86530 11319 11431 5 141848 141849 146069 146070 156224
86531 11319 11487 5 141849 141846 156368 156277 156276
86532 11319 11020 5 141846 141848 156315 156316 156353
86533 11431 11487 6 141847 141849 156275 156150 156148 156117
86534 1776 2300 6 141850 141851 141980 141982 142672 142673
86535 2255 1863 4 141854 141855 141871 141877
86536 1432 844 3 141864 141865 143244
86537 2203 1978 3 141866 141867 141868
86538 2445 2393 3 141873 141874 141913
86539 2255 1865 3 141875 141876 141877
86540 2842 2943 4 141880 141881 141915 141919
86541 2215 1798 3 141882 141883 141884
86542 2203 2261 5 141885 141887 141891 141940 141902
86543 2491 2842 7 141892 141893 141906 141910 141975 141938 141920
86544 2491 2965 3 141893 141894 141907
86545 2777 2829 5 141895 141896 141934 141935 141946
86546 3045 3017 3 141897 141898 141966
86547 3045 2777 6 141895 141897 141977 141978 141988 141976
86548 2777 2445 4 141899 141900 141983 141986
86549 2203 2445 3 141903 141902 141914
86550 2964 3017 3 141922 141923 142292
86551 2740 2828 3 141924 141925 141933
86552 2842 2518 3 141938 141937 141974
86553 2491 2261 3 141939 141940 141944
86554 2491 2146 5 141941 141942 141944 141945 141943
86555 2777 2740 4 141946 141947 141989 141976
86556 2518 1976 3 141948 141949 141951
86557 2829 3374 4 141955 141956 141971 141969
86558 966 864 3 141963 141962 142682
86559 3188 2829 4 141970 141971 141973 141972
86560 2777 2842 7 141974 141975 141986 141990 141987 141988 141989
86561 1465 1776 9 141980 141981 142686 142687 142878 142695 142696 142389 142384
86562 1892 1776 6 141981 141982 142717 142370 142371 142621
86563 2777 2795 4 141983 141984 141985 141990
86564 2971 2957 6 141992 141993 142040 142037 142028 142029
86565 2971 3044 4 141993 141994 142027 142035
86566 2992 3144 5 141996 141997 142010 142011 142012
86567 531 11605 3 141999 142000 155296
86568 495 531 6 141998 142000 155363 142180 142178 142177
86569 2992 3000 4 142002 142003 142005 142010
86570 2992 2939 6 142003 142004 142007 142049 142016 142006
86571 2992 2793 4 142007 142008 142009 142048
86572 2992 3289 4 142012 142013 142015 142014
86573 9210 3678 7 142017 142018 155980 155981 155983 155916 155899
86574 2971 3171 3 142029 142030 142031
86575 2971 2767 4 142032 142033 142040 142035
86576 2656 2767 4 142033 142034 142086 142041
86577 2767 2795 4 142045 142046 142051 142047
86578 2767 2992 4 142048 142049 142050 142051
86579 9327 9621 7 142054 142055 155966 156627 156628 156811 155941
86580 9327 10000 4 142055 142056 144296 155967
86581 9672 9327 5 142054 142056 144297 156676 155942
86582 10000 9621 4 142055 142057 154611 154608
86583 1211 1168 5 142063 142064 142539 142548 142612
86584 9987 9664 4 142065 142066 142772 146677
86585 9902 9664 5 142068 142065 146678 155374 153910
86586 9902 9987 5 142065 142067 154480 146674 146673
86587 9771 9664 4 142066 142068 153909 142773
86588 2409 2473 3 142072 142073 142141
86589 2509 2860 5 142075 142076 142244 142257 142274
86590 4061 2509 5 142075 142077 142270 142269 142272
86591 2192 1612 4 142088 142089 142093 142702
86592 1367 1790 4 142090 142091 142737 142755
86593 1367 1472 7 142091 142092 142603 142121 142124 142739 142738
86594 1432 1367 4 142090 142092 142465 142466
86595 1412 1324 3 142094 142095 142734
86596 2192 1868 3 142099 142100 142101
86597 11421 10437 5 156424 142111 142112 155816 -1
86598 10831 10972 5 142113 142110 156054 156065 155732
86599 10831 11421 5 142110 142112 155815 156102 156052
86600 10437 10972 4 142111 142113 155539 155540
86601 771 837 3 142120 142118 143365
86602 707 1367 4 142121 142122 142381 143087
86603 1472 707 5 142121 142123 142803 142805 143088
86604 1465 1367 4 142122 142124 142696 142382
86605 2475 2997 5 142127 142128 142129 142142 142145
86606 11028 964 5 142132 142133 155850 155864 142289
86607 413 964 4 142133 142135 142209 155829
86608 2475 2656 3 142138 142139 142140
86609 2475 2969 3 142143 142144 142145
86610 11808 636 4 142151 142152 142791 155516
86611 636 10875 4 142151 142153 155217 155355
86612 678 869 6 142154 142156 142224 142231 155991 155706
86613 337 629 5 142157 142158 143201 142907 142908
86614 11214 10530 4 142165 142166 156039 155683
86615 7450 9247 4 142168 142169 155869 155919
86616 9179 9210 7 142171 142170 142182 142183 155913 155990 155959
86617 11375 11137 4 142172 142173 156020 156442
86618 11375 11438 5 142173 142174 144164 155768 156021
86619 11541 11137 5 142175 142172 156443 156432 156431
86620 11541 11375 7 142172 142174 143999 143998 143995 143994 156433
86621 11438 11137 7 142173 142175 145664 145663 156417 146055 146056
86622 1168 531 9 142176 142178 142179 155480 142774 142613 142612 142780 142642
86623 11213 495 8 142180 142181 142588 155510 155523 142450 142451 155408
86624 11213 1168 4 142181 142179 155479 142587
86625 11213 531 3 142179 142180 155412
86626 447 431 7 142187 142188 143588 143590 143726 143331 143332
86627 11718 344 6 142189 142190 155752 156296 156169 155749
86628 696 2475 4 142191 142192 142210 142193
86629 10653 10603 5 142199 142200 146153 146155 156229
86630 10653 10146 8 142200 142201 156736 156680 156644 156520 153566 153567
86631 10316 10146 5 142201 142202 156781 156772 156737
86632 10316 10603 7 142202 142199 156156 154765 154767 155776 156771
86633 9203 8243 6 142204 142205 142313 142314 155558 156635
86634 8255 9203 7 142203 142205 155872 155902 155901 155938 155934
86635 2169 869 4 142211 142213 142245 142220
86636 68 11185 4 142222 142223 156109 156091
86637 10877 10900 5 142225 142226 155925 156003 156004
86638 10833 10877 7 142225 142227 155746 155724 155722 155721 155819
86639 413 3678 5 142229 142230 155983 142238 142237
86640 678 846 5 142231 142232 155994 155747 155748
86641 9889 9203 6 142233 142234 155870 156028 155996 142497
86642 413 6044 4 142236 142237 142239 142241
86643 7678 3678 3 142240 142238 155981
86644 2509 3271 6 142248 142249 142251 142254 142255 142261
86645 2509 3965 5 142251 142252 142270 142271 142276
86646 3461 2509 4 142254 142256 142268 142276
86647 2509 4649 4 142257 142258 142259 142275
86648 2870 2997 3 142262 142263 142305
86649 10924 1872 7 142264 142265 142317 142315 155787 155789 155797
86650 10924 2037 5 142265 142266 155800 155824 155820
86651 885 2037 4 142266 142267 142799 142800
86652 885 1872 3 142267 142264 142798
86653 885 10924 8 142264 142266 155793 155455 155456 155862 155777 155779
86654 2037 1872 8 142265 142267 142796 142549 142547 142355 142303 142304
86655 4394 2509 4 142272 142273 142275 142274
86656 348 263 7 142279 142280 143166 143203 143053 143054 143478
86657 131 98 7 142281 142282 143118 143117 156312 156118 143163
86658 131 263 5 142282 142279 143481 144224 146012
86659 131 348 7 142279 142281 143162 143216 143293 143292 143480
86660 98 263 8 142280 142282 155948 143006 143005 143271 143272 143167
86661 9987 9886 5 142285 142286 146675 146673 146677
86662 10196 9987 3 142284 142286 155615
86663 534 11501 4 142298 142296 155458 155685
86664 11029 10663 5 142299 142300 155774 155782 155452
86665 2614 1872 5 142302 142303 142354 142365 142424
86666 2037 2138 4 142304 142301 142504 155820
86667 1872 2138 5 142302 142304 142317 142318 142425
86668 2233 2111 5 142306 142307 142410 142418 142500
86669 1113 1514 3 142309 142310 142867
86670 10924 9839 4 142315 142316 155802 155795
86671 10924 2138 7 142316 142317 155820 155818 142323 142324 155812
86672 1872 9839 5 142318 142315 155796 155471 155344
86673 2138 9839 4 142316 142318 153583 153584
86674 10924 4649 7 142324 142325 155385 155386 153571 153572 155798
86675 3162 2138 4 142326 142323 142357 142356
86676 3162 10924 6 142323 142325 155765 155764 155728 155727
86677 1609 959 4 142327 142329 142568 142467
86678 10083 10185 6 142332 142331 146796 154481 154428 154426
86679 10530 10194 4 142338 142339 155432 155814
86680 10411 10194 5 142339 142340 155689 155670 155433
86681 10411 10663 4 142340 142337 155452 155790
86682 10194 10663 5 142338 142340 155770 155427 155426
86683 10119 9757 5 142346 142344 142654 142653 155404
86684 1412 1551 5 142350 142351 142637 142638 142748
86685 1367 1551 6 142351 142352 142685 142737 142738 142722
86686 1551 1244 4 142350 142352 142483 142484
86687 1348 2614 5 142364 142365 142494 142498 142530
86688 962 318 3 142368 142366 142949
86689 962 207 7 142366 142367 142859 142585 142586 142860 142954
86690 10777 11463 5 142374 142375 155600 155598 155597
86691 11059 11463 5 142375 142376 142789 155568 155591
86692 11059 10962 8 142376 142373 155518 155626 155771 142446 142445 142787
86693 11463 10962 3 142374 142376 142788
86694 1168 817 3 142386 142388 142642
86695 2192 1790 4 142391 142392 142702 142583
86696 11158 10926 6 142400 142401 156411 156407 156083 156084
86697 11288 11158 4 142400 142402 147418 147417
86698 1666 2297 3 142403 142404 142456
86699 11471 11029 3 142405 142406 155361
86700 11471 11605 6 142406 142407 142449 155341 155342 155360
86701 11213 11605 3 142407 142408 142451
86702 2111 2577 5 142409 142410 142417 142415 142412
86703 2577 2037 6 142412 142413 142503 142504 155824 142416
86704 2037 2870 3 142411 142413 142508
86705 2037 1211 7 142416 142414 142539 142549 142797 142800 155800
86706 9878 10445 7 142421 142422 142643 142644 155219 155220 155682
86707 9878 10185 7 142422 142423 144803 154736 142771 142770 146796
86708 1872 205 5 142424 142425 155344 155472 142495
86709 11375 11316 3 142427 142428 142995
86710 11117 11447 4 142429 142426 144278 144277
86711 11117 11375 4 142426 142428 156356 147338
86712 9982 9773 3 142431 142432 153758
86713 9621 9773 5 142432 142433 156002 156254 156505
86714 9621 9982 6 142430 142432 154609 154608 155966 156509
86715 9773 9845 6 142431 142433 156001 155880 155882 153759
86716 1132 960 6 142434 142436 142862 142719 142718 142844
86717 2361 1348 5 142438 142440 142529 142528 142530
86718 422 966 3 142441 142442 142538
86719 10962 11443 5 142446 142447 146183 155561 155745
86720 11605 11059 6 142448 142445 155531 155568 155360 155362
86721 11605 10962 3 142445 142447 146184
86722 11443 11059 4 142446 142448 155588 155773
86723 11471 495 3 142449 142450 155482
86724 1920 1744 3 142454 142455 142620
86725 1920 1511 4 142459 142460 142692 142705
86726 669 459 3 142463 142464 142887
86727 10807 11169 5 142473 142474 153829 153830 156186
86728 10807 11443 4 142474 142475 155704 155561
86729 10942 11443 4 142475 142476 156289 155705
86730 10942 11169 5 142476 142473 156125 156126 156288
86731 10942 10807 6 142473 142475 155703 155580 155579 156213
86732 1947 3014 3 142480 142481 142482
86733 10877 11028 4 142491 142492 155722 155720
86734 11501 10877 4 142490 142492 155724 155914
86735 1348 205 6 142494 142495 155476 154754 154753 142499
86736 9247 9203 8 142496 142497 155907 155906 155939 155901 155900 155919
86737 1244 740 5 142501 142502 143097 143230 143231
86738 2614 2870 5 142506 142507 142508 142512 142520
86739 2361 2614 6 142509 142510 142511 142517 142516 142530
86740 2614 2300 4 142513 142514 142518 142517
86741 2614 3059 3 142519 142520 142521
86742 10809 10486 6 142522 142523 155643 156392 156761 154875
86743 10809 10807 5 142523 142524 156351 156272 155642
86744 10580 10807 5 142524 142525 152904 152903 156369
86745 10580 10486 7 142525 142522 154877 156937 155567 155460 155394
86746 10580 10809 5 142522 142524 147342 147344 154876
86747 1348 2156 3 142526 142527 142529
86748 11169 11605 5 142534 142535 146184 155531 154709
86749 90 11787 4 142543 142540 154593 142992
86750 90 11659 4 142540 142542 146515 146517
86751 587 177 8 142546 142544 143130 143132 143475 143474 143477 143479
86752 669 177 3 142545 142546 143484
86753 1211 1872 3 142548 142549 142614
86754 531 1211 8 142551 142552 142797 142614 142612 142783 142802 142785
86755 885 531 6 142550 142552 142799 142798 155779 155780
86756 1508 1412 3 142553 142554 142831
86757 1022 837 5 142557 142558 143258 143260 143445
86758 205 11213 5 142561 142562 155464 155470 154754
86759 205 11808 6 142559 142561 154753 154828 155424 146172
86760 1920 2156 3 142565 142566 142567
86761 902 1609 4 142568 142569 142571 142570
86762 8809 9805 5 142573 142574 154044 154043 155334
86763 1348 11213 5 142587 142588 154752 154754 155477
86764 190 232 4 142589 142590 142631 156240
86765 10994 10724 5 142592 142593 155630 155632 155655
86766 10994 10580 4 142593 142594 152903 156329
86767 10537 10580 7 142594 142595 150003 150004 154661 155394 152904
86768 10537 10724 6 142595 142592 155654 154679 154676 154675
86769 10580 10724 5 142593 142595 146575 146576 155581
86770 11059 10495 7 142596 142597 142816 155772 155626 154692 154693
86771 11213 10495 4 142597 142598 155367 142818
86772 1776 2671 4 142599 142600 142735 142673
86773 422 604 3 142601 142602 142810
86774 826 1472 4 142603 142604 143111 143088
86775 10192 9771 4 142605 142606 142776 142778
86776 10777 11103 11 142607 142608 155584 155582 155598 155599 155603 155607 155593 155594 155484
86777 10837 11103 7 142608 142609 154512 150537 150536 142636 142633
86778 531 1872 7 142613 142614 142796 142798 155797 155473 142775
86779 1361 1314 3 142615 142616 142713
86780 190 376 5 142622 142623 142629 154890 154809
86781 11871 376 3 142625 142622 146149
86782 11871 190 8 142622 142624 142837 142632 142631 156239 154814 154810
86783 10994 11103 4 142633 142634 146813 155584
86784 10994 11308 5 142634 142635 156370 156269 146812
86785 10837 11308 5 142635 142636 146292 146293 156371
86786 10837 10994 6 142633 142635 155631 155632 155609 155589
86787 11308 11103 6 142634 142636 154705 154528 153846 146814
86788 960 554 4 142639 142640 142819 143133
86789 9878 10495 3 142644 142645 146787
86790 10083 9878 6 142643 142645 146788 155565 155563 146796
86791 2169 10437 4 142649 142650 155988 155437
86792 9757 11808 4 142651 142653 155506 155517
86793 11528 11598 6 142655 142656 156426 156182 155911 155912
86794 11528 11447 4 142656 142657 156113 156425
86795 11392 11447 5 142657 142658 144222 144275 144274
86796 11392 11598 4 142658 142655 144124 144123
86797 11447 11598 9 142656 142658 144221 144132 144129 144178 143473 143472 156427
86798 232 11745 6 142666 142664 142808 146662 156240 146168
86799 232 11725 4 142664 142665 154160 142807
86800 668 695 6 142667 142669 143571 143567 143566 143157
86801 318 11881 3 142671 142670 154710
86802 468 604 5 142677 142678 142928 142929 143038
86803 962 1776 3 142687 142688 142872
86804 604 796 4 142690 142691 142760 142758
86805 1120 1776 3 142694 142695 142880
86806 1776 1367 6 142694 142696 142739 142722 142721 142832
86807 1361 692 3 142699 142700 142701
86808 1519 1433 4 142703 142704 142714 142706
86809 1519 1511 5 142705 142706 142709 142708 142707
86810 347 141 4 142723 142724 143607 143645
86811 266 381 4 142725 142726 143767 143584
86812 266 141 4 142726 142723 143647 143771
86813 266 347 4 142723 142725 143507 143505
86814 11666 396 3 142730 142731 155781
86815 337 396 7 142731 142732 143233 143232 143312 142908 142905
86816 337 11421 4 142732 142729 143243 156104
86817 396 11421 7 156049 156045 142730 142732 155874 155873 -1
86818 1129 1432 5 142742 142743 143065 143226 143302
86819 534 68 3 142744 142745 155442
86820 9863 9848 5 142750 142751 155485 156677 156681
86821 1412 1849 3 142756 142757 142833
86822 604 667 4 142759 142760 142827 142928
86823 11865 207 4 142765 142766 146524 146527
86824 9987 9878 3 142769 142770 155563
86825 10185 9771 4 142771 142768 154046 154045
86826 10185 9987 4 142768 142770 154481 154480
86827 531 1348 3 142774 142775 155474
86828 9771 9876 4 142777 142778 155661 155700
86829 10192 9876 7 142778 142779 155564 153764 153763 155673 155662
86830 10192 9878 6 142779 142776 146788 146787 155219 155221
86831 531 1465 5 142780 142781 142782 142801 142783
86832 531 844 4 142784 142785 142804 142786
86833 10962 11169 7 142787 142788 155585 153831 153829 146183 146184
86834 11169 11059 3 142787 142789 155531
86835 11666 11541 4 142792 142793 155753 155926
86836 11666 98 6 142793 142794 143005 155537 142980 142979
86837 11782 98 4 142794 142795 143623 143006
86838 11782 11666 6 142792 142794 143004 144331 156068 156058
86839 98 11541 6 142793 142795 143115 143117 156313 155754
86840 531 2037 3 142796 142797 142799
86841 1472 531 4 142801 142802 142804 142803
86842 11767 232 7 142807 142808 146630 146627 146388 146389 146545
86843 11767 11745 4 142808 142806 146600 146661
86844 11059 11029 6 142816 142817 155361 155362 155588 155774
86845 11029 10495 5 142816 142818 152787 152786 155782
86846 1776 1154 7 142824 142825 142871 142872 142878 142880 142832
86847 1012 724 4 142830 142828 142849 142931
86848 608 960 5 142835 142836 142937 143126 142927
86849 1136 608 3 142834 142836 142901
86850 724 608 3 142840 142838 143269
86851 724 344 7 142842 142843 142972 142960 142958 142959 142963
86852 960 1107 3 142844 142845 142846
86853 864 724 7 142849 142847 142886 142944 142946 142951 142932
86854 864 603 3 142847 142848 142885
86855 638 783 7 142850 142851 143158 143159 143501 142919 142920
86856 853 638 3 142850 142852 143072
86857 11835 11688 7 142853 142854 146199 146141 146142 146190 156202
86858 11830 11688 4 142854 142856 145589 145790
86859 11682 11881 7 142857 142858 142902 146619 146659 146660 144266
86860 962 344 3 142860 142861 142959
86861 807 960 4 142862 142863 142866 142864
86862 451 462 4 142869 142870 143129 143049
86863 962 1154 6 142872 142873 142933 142889 142891 142877
86864 468 864 5 142874 142875 142885 142886 142929
86865 468 1012 3 142875 142876 142911
86866 1154 1465 4 142877 142878 142879 142893
86867 11367 11648 5 142882 142883 146681 146679 146680
86868 724 468 7 142884 142886 143038 143008 143007 143041 143250
86869 1154 817 3 142890 142891 142893
86870 962 1120 3 142892 142889 142934
86871 468 227 4 142895 142896 143007 143040
86872 318 227 5 142896 142897 156201 142957 142955
86873 11682 227 5 142902 142903 156324 144239 144237
86874 96 396 6 142905 142906 143370 143759 156045 155781
86875 337 96 5 142905 142907 143200 143270 155536
86876 629 396 4 142906 142908 143337 143371
86877 11842 11583 6 142915 142913 146658 146657 146664 155947
86878 567 700 4 142921 142922 143287 143402
86879 567 783 3 142922 142919 143286
86880 700 783 5 142920 142922 143279 143280 143404
86881 724 962 9 142933 142934 142964 142959 142954 142949 142945 142946 142950
86882 783 536 8 142936 142935 143159 143278 143280 143436 143572 143057
86883 139 11767 3 142938 142939 146604
86884 724 604 4 142944 142945 142948 143038
86885 724 318 5 142948 142949 142953 142955 143008
86886 724 1089 3 142950 142951 142952
86887 724 207 4 142953 142954 142958 142956
86888 724 227 5 142955 142956 142960 142973 143007
86889 344 227 3 142960 142961 142974
86890 724 817 3 142962 142963 142964
86891 698 642 3 142965 142967 143483
86892 188 724 5 142972 142973 143041 143217 142975
86893 8288 9867 4 142976 142978 155803 155801
86894 98 337 7 142980 142981 143324 143323 143322 143272 143270
86895 98 11558 9 142981 142979 155754 156311 156118 156120 156155 156139 156141
86896 188 207 3 142982 142983 156322
86897 11020 10994 4 142985 142986 154683 154681
86898 11169 10994 7 142986 142987 146812 146813 155583 153831 153830
86899 11169 11487 6 142987 142984 156117 146602 146603 156262
86900 11169 11020 5 142984 142986 156186 156125 156116
86901 10994 11487 4 142985 142987 156269 156367
86902 11659 11487 6 142988 142989 146601 146602 156148 154684
86903 11584 11745 6 142990 142991 156238 154254 146600 146599
86904 11584 11487 5 142991 142988 154686 156249 156250
86905 11584 11659 4 142988 142990 156261 154685
86906 11745 11487 6 142989 142991 146561 146560 144291 144290
86907 11375 11068 8 142994 142995 156356 156446 156447 156454 156020 156021
86908 11447 11068 3 142996 142994 156048
86909 11316 11068 6 142995 142996 145798 145797 152954 156357
86910 1129 1568 6 142997 142998 143281 143301 143226 143227
86911 1129 2473 4 143282 142998 142999 -1
86912 1748 1129 5 143349 143254 142997 142999 -1
86913 11588 11763 6 143001 143002 143882 143883 144231 144229
86914 11516 11763 7 143002 143003 144407 144114 144115 144101 144103
86915 11763 11531 4 143001 143003 144402 144393
86916 263 11666 3 143004 143005 144332
86917 11706 11576 6 143009 143010 146204 156185 156192 146203
86918 23 11576 5 143010 143011 146187 144265 144264
86919 11576 11759 10 143009 143011 146186 146533 145815 145814 156197 144306 143793 143792
86920 11842 235 3 143013 143014 144391
86921 11144 11338 6 143020 143021 145401 146974 147305 146395
86922 11344 11144 4 143019 143021 145400 154898
86923 11338 11168 4 143020 143022 146591 146396
86924 10837 10841 5 143026 143027 154412 155535 146293
86925 10837 10745 5 143027 143024 154731 154545 154411
86926 10837 10995 5 143024 143026 146292 150536 150538
86927 10841 10745 6 143025 143027 152986 152987 146688 146687
86928 11890 263 4 143035 143036 143291 144144
86929 468 188 5 143039 143040 143041 143251 143140
86930 1003 1025 5 143044 143045 143427 143418 143417
86931 348 622 5 143046 143047 143164 143204 143166
86932 98 622 4 143048 143046 143167 143322
86933 348 587 7 143054 143055 143295 143178 143179 143292 143477
86934 553 587 5 143055 143056 143245 143174 143175
86935 553 263 3 143056 143053 143263
86936 587 263 5 143054 143056 143273 143275 143479
86937 783 668 3 143058 143057 143571
86938 533 181 3 143059 143060 143122
86939 220 468 3 143061 143062 143123
86940 211 220 5 143061 143063 143108 143107 143138
86941 348 611 4 143066 143067 143249 143295
86942 611 553 4 143066 143068 143173 143175
86943 1014 700 8 143069 143070 143076 143075 143105 143104 143110 143257
86944 853 700 7 143072 143073 143110 143083 143084 143437 143404
86945 700 1025 3 143071 143073 143257
86946 245 85 4 143077 143078 143689 143512
86947 601 700 8 143079 143080 143171 143172 143084 143082 143105 143186
86948 820 601 7 143081 143082 143103 143189 143190 143381 143575
86949 820 700 3 143082 143083 143104
86950 853 601 4 143084 143081 143574 143438
86951 11621 11585 6 143091 143092 145906 146191 146131 146067
86952 11408 11585 6 143092 143093 147291 147262 145764 145766
86953 11585 11533 6 143091 143093 147292 146413 145741 145742
86954 610 533 4 143094 143095 143134 143183
86955 11430 11418 5 143098 143099 143941 143942 143467
86956 11430 11193 5 143099 143100 143752 143220 143219
86957 11129 11193 5 143100 143101 143510 143508 144014
86958 11129 11418 6 143101 143098 143469 143504 143838 144057
86959 11193 11418 6 143099 143101 144056 144092 144122 144064
86960 1014 601 3 143103 143105 143261
86961 11881 220 5 143106 143108 143109 146534 146535
86962 11495 11521 4 143112 143113 144207 144206
86963 11495 11288 4 143113 143114 145811 145812
86964 11554 11495 6 143112 143114 143679 143678 156198 145402
86965 11541 131 5 143116 143117 156280 156112 144294
86966 98 11643 4 143118 143115 143623 155948
86967 131 11643 4 143116 143118 146012 144295
86968 11425 11431 6 143119 143120 147484 156224 146668 144254
86969 11576 11431 4 143121 143119 144256 154774
86970 11322 11431 5 143120 143121 156302 156122 147485
86971 533 611 4 143124 143125 143185 143249
86972 533 960 7 143125 143126 143127 143137 143133 143134 143184
86973 533 211 4 143138 143139 143141 143147
86974 188 533 5 143140 143141 143146 143145 143215
86975 533 131 4 143142 143143 143145 143216
86976 533 23 4 143143 143144 143147 143146
86977 247 339 5 143148 143149 143493 143514 143529
86978 740 820 4 143151 143152 143262 143189
86979 1113 820 4 143152 143153 143238 143237
86980 1066 1013 6 143154 143155 143300 143223 143222 -1
86981 622 263 5 143166 143167 143326 143224 143205
86982 451 700 5 143170 143171 143463 143287 143279
86983 700 536 4 143170 143172 143437 143280
86984 826 740 5 143176 143177 143212 143229 143230
86985 348 220 3 143179 143180 143293
86986 587 610 3 143181 143182 143183
86987 740 601 5 143186 143187 143188 143189 143261
86988 579 629 4 143191 143192 143206 143225
86989 32 431 5 143195 143197 143719 143725 143590
86990 263 337 4 143201 143200 143272 143326
86991 348 579 3 143203 143204 143246
86992 579 263 8 143203 143205 143206 143207 143277 143274 143273 143263
86993 1121 1025 5 143208 143209 143423 143413 143411
86994 587 579 4 143210 143211 143273 143245
86995 826 622 3 143212 143213 143297
86996 11193 11472 4 143221 143219 144064 144120
86997 740 867 4 143229 143231 143305 143298
86998 396 442 3 143233 143234 155874
86999 96 695 3 143241 143240 143578
87000 68 11421 5 143243 143242 156091 156106 156107
87001 348 468 4 143250 143251 143296 143253
87002 1139 626 6 143255 143256 143377 143346 143348 143350
87003 826 822 4 143264 143265 143316 143308
87004 553 1159 3 143266 143267 143268
87005 98 96 3 143270 143271 155537
87006 263 669 4 143274 143275 143484 143276
87007 451 263 4 143276 143277 143500 143499
87008 451 783 4 143278 143279 143286 143501
87009 619 816 5 143283 143284 143408 143732 143733
87010 131 587 3 143292 143294 143474
87011 1066 616 3 143310 143311 143330
87012 10146 10123 5 143314 143315 156672 156680 156679
87013 68 98 3 143324 143325 156141
87014 10736 11015 5 143327 143328 156071 156318 156051
87015 11534 11497 5 143333 143334 145889 145927 143917
87016 11539 11497 5 143336 143333 143919 144560 144559
87017 11539 11534 4 143333 143335 145891 143918
87018 11479 11497 6 143334 143336 143613 143612 144577 145868
87019 638 618 4 143344 143345 143430 143389
87020 626 396 7 143757 143370 143371 143378 143346 143347 -1
87021 626 1129 4 143347 143348 143349 -1
87022 626 1748 4 143349 143350 143396 -1
87023 10478 10683 3 143351 143352 157134
87024 10593 10829 5 143355 143356 144539 157758 143902
87025 10783 10829 8 143356 143357 158938 144342 144086 144087 145539 144541
87026 10783 10682 5 143357 143354 158212 158700 158935
87027 10783 10593 4 143354 143356 144540 147928
87028 10829 10682 6 143355 143357 158946 158747 156546 143903
87029 11630 11748 4 143359 143360 143834 144017
87030 11588 11748 8 143360 143361 143828 143883 143884 144179 144133 143835
87031 11588 11634 5 143361 143358 144055 144229 143826
87032 11588 11630 6 143358 143360 143833 144358 144357 144054
87033 11748 11634 3 143359 143361 143827
87034 853 1121 4 143367 143368 143401 143413
87035 626 96 6 143369 143370 143758 143587 143578 143382
87036 629 626 5 143369 143371 143383 143380 143379
87037 10548 10975 5 143372 143373 158764 158766 -1
87038 10548 10568 10 143373 143374 158770 158760 158758 158780 158778 145505 145508 158765
87039 10704 10568 4 143374 143375 143948 156483
87040 10704 10548 5 143372 143374 158771 158773 -1
87041 626 867 4 143376 143377 143378 143383
87042 601 626 4 143379 143381 143579 143382
87043 11706 11598 6 143385 143386 156181 156180 156182 156429
87044 11890 11643 4 143387 143384 144319 144318
87045 11890 11706 4 143384 143386 156194 156217
87046 11598 11643 5 143385 143387 143470 143472 156428
87047 11030 10891 4 143394 143395 143949 143888
87048 619 642 6 143408 143409 143801 143805 143806 143804
87049 816 642 3 143410 143408 143446
87050 1025 1373 5 143414 143415 143416 143422 143418
87051 1025 1444 3 143419 143420 143421
87052 853 536 4 143436 143437 143438 143573
87053 11176 11248 5 143442 143443 144605 144706 144717
87054 837 695 6 143445 143444 143566 143568 143451 143453
87055 10741 11001 6 143447 143448 156489 156497 156487 147327
87056 10741 10902 5 143448 143449 147367 156475 156488
87057 10842 10902 4 143449 143450 144074 144073
87058 10842 11001 6 143450 143447 147323 147123 147122 156352
87059 10842 10741 6 143447 143449 147366 147794 143965 143967
87060 695 783 5 143451 143452 143572 143571 143570
87061 11222 11198 4 143455 143456 146695 146694
87062 11880 11534 3 143459 143460 143956
87063 11534 11791 4 143459 143461 146009 144072
87064 11148 11186 3 143464 143465 148888
87065 11239 11186 4 143465 143466 146936 147165
87066 11186 11132 7 143464 143466 145677 145676 147004 147006 147030
87067 11566 11430 6 143467 143468 155940 144349 144348 144258
87068 11566 11129 5 143468 143469 143502 144204 155525
87069 11418 11566 5 143467 143469 143503 144110 144240
87070 11643 11627 5 143470 143471 156105 144317 144318
87071 11643 11447 4 143471 143472 155767 155769
87072 11598 11627 5 143473 143470 144330 143812 143814
87073 11447 11627 4 143471 143473 143490 143491
87074 177 348 3 143477 143478 143480
87075 668 837 4 143486 143487 143566 143569
87076 11447 11438 6 143491 143492 144041 156048 155768 155769
87077 11447 11589 5 143492 143490 144178 143784 143786
87078 445 616 4 143494 143495 143736 143543
87079 11797 96 4 143496 143497 144046 143553
87080 96 11782 6 143496 143498 144233 144331 156072 143554
87081 11566 11316 4 143502 143503 144020 144021
87082 11129 11316 6 143504 143502 144205 145797 143971 143837
87083 11418 11316 6 143503 143504 143836 144388 143565 143562
87084 11041 11193 5 143508 143509 143981 143787 143788
87085 11121 11193 7 143509 143510 144056 144094 144137 143872 143869
87086 397 247 4 143513 143514 143519 143515
87087 11851 11528 6 143518 143516 146202 155911 155910 143682
87088 11851 11759 5 143516 143517 156205 156191 146201
87089 11268 11375 3 143522 143520 143994
87090 11268 11097 7 143520 143521 144322 156219 156216 156215 156434
87091 11566 11837 5 143523 143524 144347 144349 156041
87092 11566 63 5 143524 143525 144299 144377 144350
87093 96 11837 7 143526 143523 156008 156009 143759 143758 143809
87094 96 11566 5 143523 143525 143553 143554 156094
87095 130 339 4 143529 143530 143531 143544
87096 11851 11598 5 143532 143533 143937 155911 156180
87097 177 11851 6 143532 143534 143684 143683 143697 143694
87098 11288 11143 5 143537 143538 147221 147111 147110
87099 11288 11215 5 143538 143535 144191 147319 147220
87100 11288 10956 5 143535 143537 147332 147417 144190
87101 619 708 5 143540 143541 143732 143804 143802
87102 619 705 5 143541 143542 143734 143735 143733
87103 11728 11430 6 143545 143546 144345 144348 144324 144271
87104 11728 11472 8 144411 144372 144113 144112 144346 143546 143547 -1
87105 11782 11566 5 143554 143552 143955 144305 155806
87106 10915 10822 4 143555 143556 155420 156396
87107 10915 11020 5 143556 143557 154701 156271 155421
87108 10947 11020 6 143557 143558 156077 156078 156121 154703
87109 10947 10822 6 143558 143555 156333 146725 146724 147057
87110 10947 10915 5 143555 143557 154702 155576 156397
87111 11020 10822 5 143556 143558 156405 156171 155422
87112 11627 11748 6 143559 143560 144328 144329 143812 143813
87113 11627 11797 3 143560 143561 143954
87114 11589 11316 6 143562 143563 143783 143786 144022 144020
87115 11418 11589 3 143562 143564 144110
87116 695 699 3 143567 143568 143570
87117 347 177 4 143576 143577 143633 143634
87118 10207 9962 3 143580 143581 147775
87119 32 447 3 143589 143590 143616
87120 11637 11630 7 143592 143593 144075 144061 144063 144170 143914
87121 11686 11798 7 143594 143595 144042 144327 143939 143938 144435
87122 11686 11630 7 143595 143592 143916 144387 143833 143834 144018
87123 10241 10432 6 143597 143598 157077 158754 147716 147713
87124 10496 10354 6 143599 143600 158751 145358 145359 158822
87125 10496 10241 6 143600 143601 158754 158750 145250 145248
87126 10237 10354 4 143602 143599 158658 158657
87127 10237 10496 4 143599 143601 158753 158817
87128 431 326 4 143604 143605 143721 143706
87129 10891 10664 3 143609 143610 143846
87130 10808 10664 6 143611 143609 143847 144580 143925 143924
87131 11246 11278 5 143614 143615 145829 145830 144575
87132 11246 11479 4 143615 143612 144579 145760
87133 11246 11497 4 143612 143614 144574 144578
87134 141 280 3 143617 143618 143619
87135 11886 11672 4 143625 143626 144139 143831
87136 11756 11672 7 143626 143627 144406 144213 144212 144316 144315
87137 11756 11770 4 143627 143624 143653 144436
87138 11756 11886 4 143624 143626 144414 143652
87139 11672 11770 6 143625 143627 144048 144047 145789 143832
87140 10736 10285 3 143631 143632 156671
87141 11650 11301 4 143635 143636 144468 144466
87142 11650 11470 7 143636 143637 144288 144289 145536 144567 144568
87143 11410 11650 6 143635 143637 144226 144228 145977 144519
87144 11470 11301 4 143636 143638 145364 144570
87145 63 85 4 143639 143640 144044 143646
87146 11105 11371 3 143642 143643 144678
87147 11359 11105 5 143641 143643 144487 144488 144627
87148 10523 10719 7 143648 143649 156347 156348 156518 144267 144268
87149 10523 10701 6 143649 143650 153565 155648 156304 156303
87150 10653 10523 4 143648 143650 153566 154677
87151 10701 10719 5 143649 143651 143717 143718 156495
87152 66 11756 4 143652 143653 144381 144382
87153 11348 11336 3 143654 143655 145730
87154 10125 10263 3 143657 143658 156160
87155 10125 10513 5 143658 143656 156033 156768 156457
87156 11302 11418 4 143660 143661 144122 144030
87157 11302 11531 7 143659 143660 143850 143849 145910 144544 144214
87158 66 85 3 143662 143663 144079
87159 11131 10972 4 143667 143668 156066 143777
87160 117 280 5 143672 143673 143674 143675 143686
87161 11495 11602 7 143677 143678 156211 146617 144236 144235 156110
87162 11408 11602 4 143680 143677 146640 146492
87163 11408 11495 5 143677 143679 145811 145810 146606
87164 11554 11602 6 143678 143680 146493 146586 146587 156209
87165 10948 10704 5 143687 143688 155995 156100 -1
87166 11645 11528 3 143693 143691 156050
87167 11645 11521 5 143691 143692 147270 145930 145931
87168 11706 11851 5 143694 143695 146201 146202 156180
87169 11706 221 5 143695 143696 145992 145993 156190
87170 177 221 3 143696 143697 145935
87171 11807 11602 7 143702 143703 146027 156210 146587 146317 146319
87172 11807 11700 6 143700 143702 146376 146648 146644 146643
87173 11160 11183 7 143711 143709 144489 145524 145631 143972 143932
87174 11160 11105 4 143709 143710 143913 144488
87175 66 381 3 143713 143714 143790
87176 327 66 4 143712 143714 143799 143715
87177 10923 10719 6 143718 143716 144598 144597 147386 147385
87178 431 309 4 143721 143722 143723 143724
87179 431 145 3 143725 143726 143727
87180 11672 11531 6 143729 143730 144214 144543 144401 144402
87181 11672 11472 6 143730 143731 144212 144372 144370 144215
87182 11516 11672 4 143729 143731 144213 144407
87183 131 11706 5 143738 143740 144294 144295 144224
87184 11068 11066 5 143741 143742 152955 152954 156278
87185 11068 10720 4 143742 143743 155440 156279
87186 10611 10453 6 143747 143745 144735 158596 156533 147785
87187 10444 10386 3 143749 143750 143928
87188 10565 10315 4 143751 143748 144450 158642
87189 10565 10444 7 143748 143750 158697 158796 158794 145414 144449
87190 10386 10315 7 143749 143751 158643 157451 157450 147470 143929
87191 10975 11193 4 143753 143752 144014 143788
87192 10358 10678 4 143755 143756 153791 153793
87193 11837 626 5 143757 143758 143810 143811 -1
87194 396 11837 4 143757 143759 156049 -1
87195 10496 10664 4 143761 143762 158755 158823
87196 10496 10628 5 143762 143763 145358 144736 144737
87197 10611 10664 4 143764 143761 143930 143897
87198 10611 10496 6 143761 143763 145359 144735 144734 158825
87199 11768 11783 4 143766 143765 149042 144618
87200 100 266 5 143767 143768 144089 143770 143771
87201 100 63 3 143769 143770 144338
87202 141 100 7 143769 143771 143789 143791 144378 144024 144025
87203 10891 10985 5 143773 143774 143846 143873 143949
87204 10808 10985 6 143774 143775 143881 145480 144581 143847
87205 10985 11121 7 143773 143775 143879 145712 144138 143872 143871
87206 11131 11088 6 143776 143777 156073 145688 145687 144165
87207 11088 10801 5 143776 143778 156630 156545 144167
87208 10801 10701 4 143782 143779 156046 156047
87209 11588 11447 4 143784 143785 144131 144129
87210 11759 11521 3 143793 143794 144307
87211 11528 11576 5 143795 143792 146203 156176 155908
87212 11521 11576 5 143793 143795 144208 144206 144308
87213 100 327 4 143797 143798 143799 143800
87214 508 619 3 143802 143803 143806
87215 11837 347 4 143807 143808 143810 143809
87216 11598 11589 4 143814 143815 144177 144178
87217 11598 11748 6 143815 143812 144314 144313 144135 144133
87218 11589 11748 4 143813 143815 144179 144223
87219 295 11861 7 144396 144127 144126 144169 143819 143820 -1
87220 11634 85 5 143826 143827 144015 144016 144230
87221 11748 85 8 143827 143828 144241 144312 144311 144309 144019 144017
87222 85 11588 3 143826 143828 144231
87223 11284 11222 4 143829 143830 145919 145519
87224 11672 11577 7 143831 143832 145788 144371 144370 144035 144034
87225 11686 11748 5 143834 143835 144135 144327 144019
87226 11686 11588 3 143835 143833 144134
87227 11232 11129 4 143837 143838 143968 143969
87228 11418 11232 6 143836 143838 144093 144092 144030 144029
87229 10247 10227 4 143841 143842 158722 158721
87230 10247 10629 5 143842 143839 145311 145313 158806
87231 10227 10629 6 143840 143842 158803 158323 158174 144413
87232 9885 9570 4 143843 143844 157830 157831
87233 10985 10664 6 143847 143846 143874 143899 143934 143935
87234 11531 11237 4 143848 143849 145911 144383
87235 11232 11302 4 143850 143851 144083 144030
87236 11232 11531 5 143848 143850 144029 144389 144384
87237 11302 11237 4 143849 143851 144082 144561
87238 10204 10114 6 143852 143853 158099 157198 148451 148449
87239 10740 10596 4 143857 143855 147139 147140
87240 10615 10485 5 143859 143860 147732 147737 145344
87241 10615 10774 4 143860 143861 143973 147731
87242 10671 10774 7 143861 143862 147801 145427 144119 143975 143974
87243 10774 10485 4 143860 143862 147802 147733
87244 10871 10933 8 143863 143864 145532 144174 144175 145653 145860 145629
87245 10898 10933 5 143865 143863 145630 144150 144059
87246 10829 10933 4 143864 143865 144058 144340
87247 10540 10346 3 143866 143867 156615
87248 10590 10346 5 143867 143868 145576 153796 156604
87249 10346 10338 8 143866 143868 145574 146763 147647 146780 146779 156599
87250 11030 11193 4 143869 143870 143982 143981
87251 11121 11030 4 143869 143871 143888 143887
87252 10817 10985 4 143873 143874 143900 143950
87253 10871 10664 6 143876 143877 143934 145671 145567 145566
87254 10730 10713 4 143878 143875 144535 144536
87255 10730 10871 5 143875 143877 143933 144175 145641
87256 10664 10713 4 143876 143878 145591 158633
87257 10999 11121 6 143879 143880 143977 143991 144197 145709
87258 10999 10808 7 143880 143881 145479 145509 156382 143979 143976
87259 10985 10999 3 143879 143881 145478
87260 10985 10933 6 143891 143889 145782 145513 144176 144174
87261 11379 11470 5 143893 143892 145636 145917 144390
87262 11134 11246 5 143894 143895 145496 144588 144589
87263 11301 11246 5 143896 143894 145232 145881 145867
87264 11341 11246 5 143895 143896 145865 145864 145498
87265 10664 10705 5 143897 143898 143924 143926 143931
87266 10593 10671 4 143901 143902 157802 157801
87267 10159 10229 5 143904 143905 158630 157420 157421
87268 10159 10240 6 143905 143906 157718 157719 158644 158629
87269 9998 10240 4 143906 143907 158428 158319
87270 11068 11406 4 143908 143909 144273 147022
87271 11068 11088 4 143909 143910 156133 144272
87272 11129 11088 3 143910 143911 155835
87273 11129 11068 8 143908 143910 156132 156438 156279 152955 145797 145799
87274 11379 11630 5 143916 143914 144172 144357 144359
87275 11379 11637 5 143914 143915 144390 145913 144171
87276 11526 11539 5 143918 143919 144576 145702 145703
87277 11526 11534 4 143917 143918 145890 145896
87278 10158 10285 5 143922 143923 156162 156164 156464
87279 10158 10404 6 143923 143920 155838 155973 156657 156688
87280 10158 10575 5 143920 143922 156463 156035 155837
87281 10315 10354 3 143929 143927 145625
87282 10386 10354 7 143928 143929 147469 158665 158584 148040 148042
87283 10985 10730 5 143935 143933 144176 145491 144581
87284 10985 10871 5 143933 143934 145672 145681 144174
87285 11851 11686 6 143937 143938 144433 144431 144432 155910
87286 11686 11598 9 143937 143939 144135 144134 144387 144028 144027 144124 155912
87287 11516 11430 4 143940 143942 144258 144345
87288 10406 10393 7 143944 143945 158894 158847 158829 158828 157864
87289 10191 10327 6 143946 143947 158490 158488 145346 145347
87290 10191 10406 3 143944 143946 157865
87291 10842 10712 6 143952 143953 156115 153789 147793 147794
87292 10842 10963 6 143953 143951 144074 156352 147415 147416
87293 10842 10771 4 143951 143952 147366 144073
87294 11627 11782 6 143954 143955 144304 144317 144320 144328
87295 10720 10975 3 143957 143958 143983
87296 11728 11837 8 156459 144325 144324 144347 144336 143961 143962 -1
87297 11728 445 5 143962 143963 144088 144492 -1
87298 266 11728 4 143961 143963 144089 144337
87299 10569 10842 4 143965 143966 153788 147793
87300 10693 10741 7 143967 143964 156016 156017 156305 156485 147327
87301 10693 10569 6 143964 143966 147659 147614 147616 155968
87302 11121 11232 7 143968 143970 144163 144185 144183 144094 144093
87303 11066 10999 4 143976 143977 143990 143978
87304 10996 11245 5 143986 143987 145275 145523 146065
87305 10996 11116 5 143987 143985 147371 147237 145273
87306 10996 11167 6 143985 143986 146064 147307 147308 147370
87307 11121 11117 4 143989 143991 144196 144163
87308 11194 11348 5 143993 143992 144283 144284 153745
87309 11320 11541 3 143995 143996 155490
87310 11541 11268 10 143994 143996 146381 146383 155409 156280 156313 156314 156432 156434
87311 11375 11706 5 143997 143998 156340 156453 156429
87312 11643 11375 5 143997 143999 144164 155767 156428
87313 11541 11706 7 143998 144000 144294 156111 146384 146381 155490
87314 10923 11097 6 144001 144002 156418 156471 156473 156498
87315 10923 11068 7 144002 144003 147263 155440 156438 156089 156088
87316 11001 10923 4 144001 144003 147264 156489
87317 11068 11097 5 144002 144004 156454 156451 156419
87318 11137 10914 7 144006 144007 156558 156474 156214 147372 147373
87319 11137 10801 4 144007 144008 153785 153784
87320 11131 11137 7 144006 144008 146948 145687 145686 147119 147120
87321 10801 10914 5 144007 144009 155638 156046 156568
87322 11763 141 6 144011 144012 144339 144378 144106 144107
87323 85 11797 5 144013 144010 144312 144045 144044
87324 85 11763 7 144010 144012 144079 144080 144230 144231 144241
87325 141 11797 3 144011 144013 144065
87326 11686 85 3 144018 144019 144042
87327 11438 11316 5 144021 144022 144041 145798 144205
87328 11756 100 6 144023 144024 144380 144382 144414 144315
87329 100 11728 8 144023 144025 144338 144089 144088 144491 144036 144037
87330 11598 11348 4 144026 144027 144123 144221
87331 11379 11598 5 144026 144028 144359 144130 144132
87332 11117 10902 4 144031 144032 152913 144095
87333 11577 11728 5 144411 144035 144036 144495 -1
87334 100 11672 4 144037 144034 144139 144315
87335 11728 11672 4 144035 144037 144316 144372
87336 11379 11531 7 144040 144038 144172 144171 145914 144383 144384
87337 11379 11588 5 144038 144039 144131 144130 144357
87338 11797 63 6 144043 144044 144065 144117 144299 144046
87339 11770 11763 5 144048 144049 144076 144077 144436
87340 11634 11763 6 144049 144050 144393 144229 144230 144356
87341 11634 11672 4 144050 144047 144548 144401
87342 11763 11672 5 144048 144050 144402 144407 144406
87343 11531 11634 6 144055 144053 144394 144549 144401 144393
87344 11531 11630 4 144053 144054 144172 144170
87345 11121 11418 3 144056 144057 144093
87346 11105 10898 5 144059 144060 144526 144527 144148
87347 11634 11637 4 144062 144063 144394 145327
87348 11575 11770 6 144068 144069 145638 145639 145789 145326
87349 11650 11791 3 144071 144072 144289
87350 117 11763 4 144078 144076 144356 144080
87351 66 11763 6 144077 144078 144079 144339 144379 144381
87352 11237 11193 6 144081 144082 144552 144146 144136 144137
87353 11193 11232 4 144081 144083 144092 144094
87354 10783 11105 3 144084 144086 144341
87355 10829 10894 4 144085 144087 145533 144340
87356 10897 10667 3 144096 144097 147200
87357 10840 10667 6 144097 144098 148210 148222 148167 148168
87358 10667 10823 8 144096 144098 148209 148206 147547 147545 147103 147105
87359 11763 11728 5 144101 144102 144109 144108 144112
87360 11516 11728 4 144104 144101 144346 144345
87361 11566 11728 5 144102 144104 144348 144347 144350
87362 11763 11756 9 144105 144106 144380 144381 144436 144406 144114 144111 144108
87363 63 11763 5 144105 144107 144117 144377 144109
87364 11472 11756 4 144113 144111 144116 144212
87365 11472 11763 3 144111 144112 144115
87366 11516 11756 3 144116 144114 144213
87367 11686 11392 5 144124 144125 144198 144432 156108
87368 11861 11800 5 144127 144128 144556 144453 144395
87369 11588 11598 6 144129 144130 144358 144134 144133 144177
87370 11237 11121 5 144137 144138 145710 144184 144183
87371 10985 11237 4 144136 144138 145711 144147
87372 10110 10320 4 144140 144141 147560 146520
87373 10842 11077 5 144142 144143 147415 147122 147124
87374 11246 10933 8 144149 144150 145808 145860 145854 145822 144192 144195
87375 10898 11246 7 144148 144150 145809 145861 144262 144261 145762
87376 11158 11264 7 144152 144153 147080 147276 147418 145779 145778
87377 11264 11077 3 144152 144154 147016
87378 201 11838 5 144155 144156 144793 144792 144811
87379 11327 11301 5 144159 144157 146283 145558 145557
87380 11700 243 4 144160 144161 146548 146312
87381 11510 243 4 144161 144162 146570 146549
87382 243 11767 6 144160 144162 146615 146626 146388 146313
87383 11045 11131 3 144165 144166 146948
87384 11045 10801 4 144166 144167 153782 153785
87385 10730 10933 4 144175 144176 145512 145615
87386 11121 11222 5 144184 144185 144196 144197 145708
87387 10638 10926 5 144186 144187 147266 147267 147472
87388 10753 10542 5 144188 144189 155652 156437 147447
87389 11201 11246 4 144192 144193 144200 144201
87390 10933 11201 4 144192 144194 145782 145784
87391 11410 11392 5 144198 144199 147073 145792 144430
87392 11310 11055 4 144202 144203 145719 145404
87393 11310 11246 10 144203 144200 145489 144578 144579 145761 145831 145865 145867 145878
87394 11055 11246 7 144201 144203 145877 145869 145856 145853 145822
87395 11438 11129 4 144204 144205 145799 155526
87396 11521 11322 7 144207 144208 147314 147315 147275 147277 146656
87397 10831 10404 4 144209 144210 155732 155731
87398 11672 11302 4 144214 144215 144371 144542
87399 11706 374 3 144219 144220 145992
87400 11348 11447 5 144222 144221 144257 144282 144283
87401 11830 11650 4 144228 144225 145983 145982
87402 11830 11880 7 144225 144227 145713 145589 145590 144797 144798
87403 11480 11495 4 144234 144235 156237 145759
87404 11682 207 3 144238 144239 156301
87405 11682 11787 7 144237 144238 156286 156258 156257 156263 146619
87406 11094 11161 5 144244 144245 145527 145528 145502
87407 11054 11094 4 144244 144246 147336 145503
87408 10819 11161 5 144245 144247 144596 144593 145862
87409 11571 11499 8 144248 144250 148428 148427 149024 148572 148161 148162
87410 11682 11576 8 144255 144256 154776 146204 144264 144266 155381 155380
87411 11682 11431 7 144256 144254 144303 144302 156243 156258 154775
87412 11682 11425 3 144254 144255 146669
87413 11126 10898 5 144263 144261 144582 144583 144866
87414 11161 10898 4 144262 144263 144594 144593
87415 11576 11881 6 144265 144266 156187 155541 146533 146535
87416 10523 10279 4 144268 144269 156519 154677
87417 10372 10719 4 144270 144267 156448 156336
87418 10372 10523 7 144267 144269 156504 156502 147693 147692 147792
87419 11045 11068 7 144272 144273 146053 146054 156419 156088 156090
87420 11371 11539 5 144280 144281 144405 144576 144560
87421 11539 11359 4 144279 144281 144404 144525
87422 11470 11880 3 144286 144287 144288
87423 11865 11745 6 144293 144290 146516 146518 155545 156246
87424 11865 11487 4 144290 144292 146603 146601
87425 11308 11745 3 144291 144293 156247
87426 9327 9486 8 144296 144297 156675 156763 156806 156789 156787 156643
87427 9486 10000 5 144296 144298 156786 153652 153653
87428 11583 11480 6 144300 144301 146664 156199 146670 146068
87429 11583 11682 6 144301 144302 156242 156263 146659 146657
87430 11431 11480 4 144303 144300 146070 146668
87431 11431 11583 5 144300 144302 156241 156275 146069
87432 11682 11480 5 144301 144303 146669 155380 146665
87433 11554 11576 3 144306 144308 145402
87434 11748 11798 4 144309 144310 144313 144327
87435 11890 11627 4 144318 144320 144329 144330
87436 11097 11077 4 144321 144322 156218 156220
87437 11268 11077 5 144322 144323 156123 156129 156128
87438 11837 11430 4 144326 144324 144349 156037
87439 96 11666 7 144331 144332 155537 155536 155781 155756 155755
87440 11861 445 5 144492 144493 144343 144344 -1
87441 11630 11598 3 144358 144359 144387
87442 10254 10316 6 144364 144365 148093 156771 156781 156756
87443 10196 10254 6 144363 144365 147395 147394 156745 156747
87444 11831 11654 7 144366 144367 145633 145953 145957 145965 145964
87445 10860 10904 5 144368 144369 145227 145296 157556
87446 10327 10545 5 144373 144374 158555 145408 145407
87447 10649 10227 4 144375 144376 158175 144413
87448 10227 10545 4 144374 144376 158814 158786
87449 11763 100 3 144378 144379 144380
87450 11095 11290 3 144385 144386 144448
87451 11679 11393 5 144399 144400 144768 144464 144465
87452 11393 11565 5 144398 144400 144771 144772 144558
87453 11570 11371 5 144403 144405 144418 144417 144423
87454 11247 11389 6 144408 144409 145736 145787 147086 147013
87455 11247 11199 7 144409 144410 145732 145649 145652 145750 145737
87456 11228 11247 4 144408 144410 145731 146211
87457 11575 11526 6 144415 144416 145898 145896 145929 144420
87458 11575 11570 5 144416 144417 144422 145884 145885
87459 11371 11575 5 144415 144417 144421 144966 144419
87460 11570 11526 4 144416 144418 145702 145704
87461 11577 11371 5 144423 144421 144510 144509 144537
87462 11577 11575 6 144421 144422 145637 145639 145788 144967
87463 10975 11359 3 144424 144425 -1
87464 11670 11888 3 144427 144428 144932
87465 11851 11410 5 144430 144431 146015 146021 145791
87466 11326 11424 8 144439 144437 144788 145481 145495 145746 144868 144632
87467 11326 11508 3 144437 144438 144565
87468 11092 11203 6 144440 144441 144754 144741 144637 144514
87469 10856 10836 7 144443 144444 147043 149206 149181 145066 145067
87470 10856 10797 7 144444 144445 148993 146753 146754 145516 145517
87471 10797 10836 5 144444 144446 148656 149048 147044
87472 10478 10565 5 144449 144450 158615 147934 145413
87473 11577 261 3 144455 144456 144497
87474 11565 11875 5 144708 144707 144458 144459 -1
87475 11565 11817 4 144459 144460 144530 -1
87476 11635 11613 3 144461 144462 144684
87477 11708 11613 5 144463 144461 144760 144783 144563
87478 11650 11341 4 144466 144467 145976 144519
87479 11650 11310 5 144467 144468 144568 144566 145975
87480 11310 11341 5 144467 144469 145865 145866 145973
87481 11353 11689 5 144640 144470 144471 144666 -1
87482 11622 11474 5 144472 144473 146345 146435 146351
87483 11591 11474 3 144473 144475 146346
87484 11831 237 6 144476 144477 145901 145820 144950 144951
87485 11774 11532 6 144479 144480 144880 144828 144826 144862
87486 10932 10754 4 144483 144484 148845 145069
87487 10932 10772 4 144484 144485 148240 148652
87488 10859 10772 5 144485 144486 148158 148166 148192
87489 10859 10754 4 144486 144483 145071 145464
87490 10859 10932 6 144483 144485 147117 146061 146060 145070
87491 11861 11728 4 144495 144491 144492 -1
87492 100 11861 5 144491 144493 144499 144498 144494
87493 11302 11371 5 144508 144510 144966 145837 145276
87494 11654 11617 5 144511 144513 144789 145633 144670
87495 11393 11353 9 144515 144516 144802 144772 144653 144654 144601 144602 144655
87496 11179 11353 4 144517 144515 144656 144755
87497 11203 11353 5 144516 144517 144752 144754 144806
87498 11410 11341 5 144520 144519 145978 145851 145850
87499 10952 10979 8 144521 144522 148198 148755 148844 149148 149149 149241
87500 10952 10662 4 144522 144523 149225 148199
87501 10969 10952 3 144521 144523 149224
87502 11262 10898 4 144527 144528 144582 145762
87503 11353 11817 7 144530 144531 144654 144724 144641 144640 -1
87504 11353 11697 3 144531 144529 144653
87505 11353 11565 7 144779 144778 144801 144772 144529 144530 -1
87506 10825 10565 3 144533 144534 147358
87507 10825 10713 5 144534 144535 145640 145646 147227
87508 10713 10565 6 144534 144536 145591 158560 147736 147359
87509 10593 10713 4 144539 144540 147929 157477
87510 10783 10713 4 144540 144541 145538 147930
87511 11575 11672 5 144542 144543 144548 145789 145788
87512 11302 11575 5 144542 144544 145883 144966 144967
87513 11414 11278 6 144545 144546 145781 145829 144855 144854
87514 11449 11278 3 144547 144545 145780
87515 11326 11278 5 144546 144547 145774 145495 145494
87516 11575 11634 4 144548 144549 145327 145326
87517 11284 11193 4 144551 144552 144562 145912
87518 11237 11284 6 144550 144552 144561 145911 145915 145519
87519 10903 10874 6 144553 144554 144822 144821 148330 144672
87520 11393 11424 5 144557 144558 144802 144805 144786
87521 11302 11284 6 144561 144562 145836 145837 145883 145910
87522 11310 11470 6 144568 144569 145826 145827 145666 144570
87523 11470 11479 4 144567 144569 145868 145537
87524 11575 11670 7 144571 144572 145922 145933 145897 145898 145885
87525 11820 11575 5 144571 144573 145638 145637 145884
87526 11655 11775 4 144584 144585 145903 145966
87527 11094 11116 5 144590 144591 145870 146029 147757
87528 11094 11246 7 144591 144588 145525 145527 145872 145857 145856
87529 11094 11134 6 144588 144590 147749 146165 145804 145654
87530 11116 11246 5 144589 144591 145869 145876 145232
87531 10719 10678 6 144598 144599 156336 156337 156385 156461
87532 10720 10923 6 144600 144597 156056 155441 155440 156420
87533 10720 10719 5 144597 144599 156448 156518 156055
87534 11749 11353 3 144603 144601 144724
87535 11219 11128 3 144610 144609 144995
87536 11817 255 3 144614 144615 144657
87537 11022 10935 4 144619 144620 145162 145444
87538 11011 11022 6 144621 144622 145446 145445 145444 145468
87539 11163 11011 6 144621 144623 145281 145267 145269 145467
87540 11448 11449 3 144624 144625 144918
87541 11159 11092 6 144630 144631 144776 144777 145271 145220
87542 11159 11353 4 144779 144631 144628 -1
87543 11159 10792 9 144628 144630 145219 158937 158915 158914 158917 158919 -1
87544 11092 11353 6 144629 144631 144778 144807 144754 144753
87545 10839 11100 3 144633 144634 158450
87546 10773 10505 5 144638 144639 158446 158482 158481
87547 11817 11561 4 144641 144642 144709 144725
87548 11689 11817 5 144640 144642 144703 144704 -1
87549 10717 10818 5 144643 144644 146849 148091 147024
87550 10717 10742 3 144644 144645 146727
87551 10706 10818 4 144646 144643 146401 146114
87552 10706 10717 6 144643 144645 145751 145753 148106 147025
87553 10444 10355 8 144649 144650 145667 145668 158799 145361 145363 158051
87554 10355 10478 4 144648 144650 158791 158804
87555 11424 11539 4 144651 144652 144746 145874
87556 10834 10849 5 144661 144659 145310 145161 145163
87557 10013 10089 6 144662 144663 151916 152342 148625 148623
87558 11689 10869 3 144667 144666 -1
87559 11456 11712 4 144668 144669 144676 145041
87560 11654 11712 5 144669 144670 145953 144892 144677
87561 10874 11153 4 144672 144673 145246 148780
87562 11636 11712 5 144676 144677 144894 144910 145042
87563 10851 11152 5 144679 144680 158732 158910 158848
87564 10851 10839 7 144680 144681 158478 158476 158114 158115 158450
87565 10945 10851 7 144679 144681 158454 158453 158472 158899 158849
87566 10104 10013 7 144689 144691 150016 151916 152341 148518 148517
87567 10754 10655 5 144692 144693 147187 146156 146157
87568 10754 10667 5 144693 144694 145465 145464 147188
87569 10607 10655 4 144695 144692 147190 146082
87570 10607 10754 6 144692 144694 147143 147142 145461 145463
87571 11127 10937 4 144698 144696 144994 144876
87572 11631 11456 3 144699 144700 145120
87573 10958 11049 4 144710 144711 146791 148311
87574 10695 10683 7 144713 144714 158881 158826 148351 145390 144978
87575 10695 10800 5 144714 144712 145322 158890 158883
87576 10695 10935 4 144712 144713 144976 145321
87577 11248 11382 4 144715 144716 144717 144732
87578 11248 11100 5 144719 144720 144722 144723 145437
87579 11565 11159 5 144779 144776 144729 144730 -1
87580 10496 10432 5 144733 144734 158891 158754 158753
87581 10453 10496 4 144733 144735 158822 158817
87582 10644 10628 4 144737 144738 148514 148515
87583 10628 10444 4 144736 144738 158796 158797
87584 11424 11203 4 144740 144741 144806 144805
87585 11825 11665 4 144742 144744 145757 145755
87586 152 11650 3 144743 144745 145905
87587 11424 11278 5 144746 144747 145477 145495 145773
87588 11353 10945 3 144749 144750 144751
87589 11708 11838 4 144756 144757 144790 144791
87590 11191 11357 4 144763 144764 144809 144820
87591 10556 10756 4 144774 144773 148019 144870
87592 11208 11349 4 144782 144780 144960 145054
87593 11450 11341 5 144794 144795 146257 146258 147246
87594 11389 11341 6 144795 144796 144926 144941 145787 147084
87595 11424 11353 4 144801 144802 144806 144807
87596 10185 9805 3 144804 144803 153967
87597 11701 79 3 144813 144814 144815
87598 11571 11286 5 144824 144825 145185 148815 148816
87599 11774 11505 3 144827 144828 144879
87600 10969 11067 6 144829 144830 149186 148286 148283 148284
87601 10969 11113 4 144830 144831 149204 149187
87602 11142 11067 3 144832 144829 148197
87603 11113 11067 8 144830 144832 148196 148431 148994 145887 145886 149038
87604 11054 11011 5 144833 144834 145267 145280 146160
87605 10935 11011 6 144834 144835 145287 145444 145469 145269
87606 11318 11219 4 144838 144839 145008 145178
87607 11295 11153 5 144840 144841 144843 144899 144850
87608 11228 11049 5 144848 144849 148717 145254 145255
87609 11153 11249 4 144850 144851 145207 144898
87610 11655 11414 4 144853 144854 145828 145909
87611 11455 11432 3 144856 144857 149154
87612 11553 11350 3 144858 144859 148761
87613 11553 11455 7 144856 144858 148760 149052 149004 149003 149173
87614 11668 11532 4 144862 144863 144895 144900
87615 11126 10988 8 144866 144867 145405 145324 145323 145221 145223 145302
87616 10717 10756 9 144869 144870 148018 146849 146727 145751 145752 148118 148092
87617 11383 11633 5 144871 144872 148997 148998 149034
87618 11383 11422 6 144872 144873 147070 147033 147032 149009
87619 11517 11383 4 144871 144873 149122 149104
87620 11422 11633 3 144872 144874 149108
87621 10904 11127 6 144876 144877 145225 157478 145441 144993
87622 10967 10904 4 144875 144877 145226 145227
87623 10979 11016 4 144882 144883 148844 148799
87624 10772 11016 7 144883 144884 145191 148179 148192 148240 148650
87625 10772 11067 5 144884 144881 148809 146214 145190
87626 11016 11067 5 144882 144884 145189 144957 144956
87627 10406 10545 5 144885 144886 158426 158321 145407
87628 10406 10671 4 144886 144887 145265 145263
87629 11811 11795 5 144889 144891 145000 145098 145129
87630 11775 11654 4 144892 144893 145903 145957
87631 11153 11339 3 144899 144898 145148
87632 11212 11249 5 144901 144902 145169 145168 145204
87633 10540 10386 4 144905 144906 145501 147534
87634 126 11717 7 144907 144908 149028 149078 148322 148323 149050
87635 11166 11391 5 144912 144913 148740 148741 149739
87636 11477 11006 4 144914 144911 149648 149649
87637 11477 11166 5 144911 144913 150050 150101 150100
87638 11371 11201 3 144917 144916 145701
87639 11534 11670 6 144921 144922 145894 145891 145890 145897
87640 11670 11655 7 144920 144922 145900 145899 144933 144932 144924
87641 41 11655 4 144923 144924 145925 145947
87642 11555 11341 6 144926 144927 145978 145976 145973 144939
87643 11555 11523 7 144927 144928 144949 145099 145544 145545 145979
87644 11389 11555 3 144926 144928 144940
87645 11888 11655 4 144932 144934 145948 145925
87646 11044 10888 6 144935 144936 149326 149324 149829 149828
87647 11044 11039 6 144936 144937 149849 149783 148277 148278
87648 10784 11044 5 144935 144937 149848 149835 149832
87649 11039 10888 3 144936 144938 149457
87650 11407 11341 5 144941 144939 145866 145864 145786
87651 11813 11633 4 144943 144944 149074 149110
87652 70 11829 4 144945 144947 145029 146059
87653 39 11831 7 144950 144952 145938 145955 145951 145943 145821
87654 11783 273 3 144953 144954 144955
87655 11228 11016 7 144958 144956 148799 148802 147027 147029 147182
87656 11199 11016 6 144957 144958 147183 148186 146159 146161
87657 11318 11208 5 144959 144960 145053 145008 144996
87658 11199 11175 4 144975 144973 149140 145317
87659 10834 10683 6 144977 144978 145391 145378 145376 145332
87660 10834 10935 6 144976 144977 145288 145287 145162 145161
87661 9967 10193 3 144980 144981 145151
87662 11003 10786 4 144984 144985 148021 146399
87663 10865 10786 8 144985 144986 148847 149248 148297 147705 147708 147750
87664 10786 10950 5 144984 144986 148846 149067 146400
87665 10799 10648 4 144989 144987 148749 148748
87666 10982 10648 3 144988 144989 148762
87667 11208 11175 3 144996 144997 145009
87668 11836 11878 8 145004 145005 149064 149065 149129 149041 145038 145040
87669 11836 213 4 145005 145006 146244 149054
87670 162 11878 3 145007 145004 145534
87671 162 11836 7 145004 145006 146243 148878 145997 145086 145088
87672 213 11878 5 145005 145007 145535 145832 146099
87673 11794 11806 5 145012 145013 149200 149201 149032
87674 11878 11673 4 145015 145016 149137 149041
87675 11673 11836 5 145019 145020 149130 149041 149040
87676 11673 11553 6 145020 145021 149004 145065 145064 149066
87677 11717 11553 4 145021 145022 148991 149052
87678 10062 9918 5 145025 145026 154483 154407 154393
87679 10006 9918 10 145026 145027 152159 154213 154290 152746 152745 154195 150762 150761
87680 11813 225 3 145031 145032 145033
87681 11559 11456 8 145035 145036 145041 145119 145120 145123 145122 145121
87682 11739 11836 5 145038 145039 145086 145995 149040
87683 156 11836 3 145039 145040 145088
87684 10960 10802 8 145045 145046 149152 149281 149291 149638 148901 148902
87685 10960 10907 5 145046 145047 149278 149276 149151
87686 10934 10960 7 145045 145047 149633 149766 148874 148876 149802
87687 11559 11795 6 145050 145051 145140 145129 145127 145128
87688 10144 10311 5 145056 145057 149602 149600 149879
87689 10377 10144 4 145056 145058 149959 149878
87690 10408 10311 4 145057 145059 149906 149887
87691 11450 11696 3 145060 145061 149092
87692 11553 11361 5 145065 145062 149147 149160 149003
87693 11553 11363 4 145062 145064 147365 147364
87694 10786 10859 6 145070 145071 145466 148029 146399 146400
87695 10786 10754 8 145071 145069 149192 149262 148293 147141 147143 145465
87696 10786 10932 4 145069 145070 149067 149188
87697 11241 11341 3 145074 145075 146258
87698 11341 11223 6 145073 145075 147246 147252 146256 146248
87699 11585 11579 4 145077 145078 146067 145742
87700 9975 10288 4 145081 145082 150699 148417
87701 9975 10266 6 145082 145079 149386 151824 152322 150698
87702 9975 10079 10 145079 145081 148244 148246 152675 152932 152867 152868 152437 149385
87703 10932 11003 4 145083 145084 147028 146061
87704 10932 11228 4 145084 145085 148803 147027
87705 10950 10932 5 145083 145085 149183 149067 146060
87706 11739 162 4 145086 145087 145089 145996
87707 11212 11315 5 145094 145095 148715 148739 149046
87708 11315 11286 4 145094 145096 145152 148992
87709 11795 11724 3 145097 145098 145127
87710 11259 11434 7 145100 145101 149085 149322 149506 149507 149484
87711 11259 11255 7 145101 145102 149083 149081 149526 149551 149086
87712 11361 11434 5 145103 145100 149030 149029 149057
87713 11361 11259 5 145100 145102 149084 149549 149485
87714 11255 11434 3 145101 145103 149087
87715 11321 11457 4 145106 145104 148766 148899
87716 11321 11499 5 145104 145105 149022 149018 148765
87717 11332 11204 4 145110 145111 145170 145209
87718 11332 11212 4 145111 145109 145182 145169
87719 11559 11617 3 145117 145118 145119
87720 11321 11240 6 145132 145133 148841 148840 148766 148765
87721 11466 11573 4 145137 145138 145154 145166
87722 11295 11466 5 145136 145138 145155 145175 145201
87723 11286 11339 3 145142 145143 145167
87724 11295 11559 3 145155 145156 145177
87725 10179 10599 6 145157 145158 151039 151038 151255 149797
87726 11204 11249 5 145168 145170 145208 145211 145213
87727 10673 11039 5 145172 145173 148769 148824 148768
87728 11352 11249 6 145179 145180 145212 145216 145210 145208
87729 11571 11411 5 145183 145184 149024 148863 145185
87730 11492 11450 9 145186 145187 149092 149134 149116 149107 149106 149119 149113
87731 11492 11783 4 145187 145188 149042 149093
87732 11813 11492 7 145186 145188 149043 149110 149112 149127 149114
87733 11011 11016 5 145191 145189 146161 146160 147116
87734 11011 11067 7 145189 145190 146215 145888 145887 149138 149139
87735 11422 11466 4 145192 145194 147070 145195
87736 10800 10829 5 145199 145198 158931 158748 156546
87737 11249 11026 4 145202 145203 145213 145204
87738 11249 11505 3 145205 145206 145207
87739 11249 11428 3 145215 145216 145217
87740 10792 10964 7 145218 145219 158936 158943 158929 158927 145421
87741 10904 10945 5 145225 145226 145296 158473 158472
87742 11216 10969 6 145230 145228 148284 145459 145458 147162
87743 11273 10969 3 145229 145230 149105
87744 11864 216 3 145237 145238 146339
87745 11126 11326 5 145244 145245 145278 145493 145318
87746 10496 10183 4 145249 145250 158749 158819
87747 10874 11040 3 145256 145257 145259
87748 10967 11112 3 145258 145260 145297
87749 10406 10800 5 145263 145264 158872 158466 158426
87750 10935 11163 4 145268 145269 145422 145270
87751 11116 11055 6 145273 145274 145869 145870 146030 147236
87752 11183 11302 5 145276 145277 145631 145632 145836
87753 11262 11326 6 145278 145279 145481 145494 145767 145492
87754 11199 11011 5 145280 145281 145317 149139 146161
87755 10612 10911 8 145282 145283 148708 149847 149846 150118 149821 149822
87756 11360 11440 6 145285 145286 147169 146138 146137 146267
87757 11360 11138 5 145286 145284 145680 147115 147175
87758 10360 10430 4 145289 145290 158900 158867
87759 10295 10505 4 145291 145292 158302 158303
87760 10295 10430 6 145292 145289 158868 158885 158870 158838
87761 10295 10360 8 145289 145291 158904 158905 145418 145299 145298 158855
87762 10505 10430 6 145290 145292 158839 158447 158446 158574
87763 9903 10081 7 145293 145294 157446 147907 147909 158525 158523
87764 10114 10081 7 145295 145293 158521 158514 158094 148452 148449
87765 10015 10081 5 145294 145295 151739 158275 157448
87766 10360 10024 3 145299 145300 145419
87767 10175 10360 6 145298 145300 158864 158503 158215 158217
87768 10024 10295 6 145299 145301 148632 158310 158469 145420
87769 9388 9303 4 145303 145304 152070 151991
87770 11063 10940 4 145306 145307 149771 149338
87771 11052 11063 4 145306 145308 149825 149339
87772 10600 10247 5 145311 145312 148597 148595 158484
87773 10839 10247 3 145312 145313 158807
87774 10723 10694 4 145314 145315 158854 158452
87775 10723 10860 6 145315 145316 157556 157554 158519 158853
87776 10945 10723 4 145314 145316 158473 158453
87777 10988 11265 3 145324 145325 145425
87778 10345 10181 4 145328 145329 152372 152397
87779 10345 10188 5 145329 145330 150786 150795 150796
87780 10016 10188 5 145330 145331 152316 150807 150787
87781 10016 10181 4 145331 145328 152106 152108
87782 10016 10345 7 145328 145330 150643 150641 150802 150801 152375
87783 9729 9984 4 145333 145334 158430 158494
87784 10356 10561 4 145335 145336 158857 158878
87785 10393 10561 4 145336 145337 158829 158830
87786 10561 10515 6 145335 145337 158842 158844 158877 158876
87787 9897 10169 5 145340 145341 158312 158431 148570
87788 9909 9897 5 145339 145341 148617 148475 148474
87789 10657 10874 4 145342 145343 148664 145368
87790 10478 10615 6 145344 145345 147434 158413 145412 145413
87791 10191 10278 7 145347 145348 158307 158314 158573 157866 157865
87792 10187 10191 5 145346 145348 158308 158738 158489
87793 10278 10327 4 145347 145349 145408 145406
87794 9740 9569 5 145351 145352 158586 158593 158589
87795 9611 9686 4 145353 145350 147957 157665
87796 9611 9740 6 145350 145352 158587 158588 158707 147956
87797 10567 10823 3 145355 145354 148177
87798 10628 10354 6 145360 145358 158797 158595 157714 157713
87799 10611 10354 3 145359 145360 158596
87800 10355 10496 5 145361 145362 158820 158824 158819
87801 10167 10229 5 145369 145371 158083 158082 157829
87802 9346 9258 5 145372 145373 157885 157850 157849
87803 9346 9339 5 145373 145374 157925 157927 157926
87804 9046 9258 5 145375 145372 157231 157232 157234
87805 9339 9258 9 145373 145375 157235 157238 157216 157100 156999 156998 157711
87806 10772 10683 4 145376 145377 148235 148223
87807 10473 10464 6 145380 145381 145388 145389 148200 147759
87808 10374 10464 6 145381 145382 147773 157425 157426 147361
87809 10374 10419 7 145382 145379 147699 147826 147829 158639 147772
87810 10374 10473 3 145379 145381 147360
87811 10464 10419 4 145380 145382 145556 145555
87812 9627 9741 8 145383 145384 151971 151958 151932 151881 151880 151928
87813 10365 10167 4 145385 145386 147050 147825
87814 10473 10429 7 145387 145388 147360 147698 147738 147454 146772
87815 10461 10473 7 145387 145389 148219 148207 148157 147068 146773
87816 10147 10386 3 145393 145394 157792
87817 10347 10386 6 145394 145395 158666 158584 145599 145601
87818 10347 10229 3 145395 145392 148039
87819 10386 10229 9 145393 145395 158667 158159 157450 157452 157813 147524 147523
87820 11016 11106 5 145397 145398 147182 147183 147669
87821 11003 10897 4 145399 145396 147745 145552
87822 11003 11016 5 145396 145398 147029 147028 147118
87823 11106 10897 4 145397 145399 145553 147670
87824 10430 10623 7 145409 145410 158859 158507 158508 158568 158836
87825 10357 10623 3 145410 145411 148384
87826 10565 10615 6 145413 145414 158559 147736 147735 147737
87827 10615 10444 4 145412 145414 158795 158414
87828 10286 9984 6 145415 145416 158485 158459 158448 158289
87829 10357 9984 4 145416 145417 158456 158457
87830 10360 10222 10 145418 145419 158864 158834 158634 158635 158767 158768 158901 158906
87831 10222 10295 3 145418 145420 158470
87832 11262 11424 5 145423 145424 145429 145477 145481
87833 10774 10819 7 145427 145426 145863 145880 148204 147813 147800
87834 9740 9956 4 145431 145432 158549 157768
87835 9740 9768 4 145432 145433 157724 157722
87836 9746 9768 5 145433 145434 157143 157504 157683
87837 9746 9956 4 145434 145431 157770 157142
87838 9746 9740 7 145431 145433 158060 158499 157732 157730 157769
87839 9768 9956 5 145432 145434 147886 147887 158554
87840 11141 11100 5 145435 145436 145437 145440 145438
87841 11100 10904 4 145438 145439 157479 145441
87842 11011 10984 4 145446 145447 148731 145448
87843 11273 11492 7 145449 145450 147362 147363 148729 149008 148464
87844 11448 11492 9 145452 145449 148465 149125 149126 149132 149133 149136 149116
87845 10534 10888 4 145456 145457 149754 149753
87846 10534 10612 4 145457 145455 148295 149868
87847 10662 10607 4 145461 145462 147181 147179
87848 10521 10607 5 145462 145463 147190 147204 147208
87849 10667 10859 7 145466 145464 148158 148168 147200 147105 147104
87850 11011 11014 3 145467 145468 145469
87851 10574 10463 4 145471 145470 147101 146327
87852 11460 11441 5 145475 145476 146103 146431 146510
87853 11055 10808 3 145479 145480 145490
87854 10985 11055 7 145478 145480 145491 145513 145783 145711 145712
87855 9707 9903 4 145482 145484 158301 158442
87856 10620 10528 5 145485 145486 147941 147942 147943
87857 10620 10686 6 145486 145487 148113 148027 147201 147202
87858 10494 10686 4 145487 145488 147594 147596
87859 10494 10620 7 145485 145487 148135 148147 148138 148136 148137
87860 10686 10528 5 145486 145488 147592 147593 148022
87861 11134 11247 5 145496 145497 147093 145805 145654
87862 11341 11247 5 145497 145498 145786 145787 147085
87863 11247 11246 5 145496 145498 145855 145526 145525
87864 10567 10464 5 145499 145500 145555 147759 147421
87865 10386 10464 6 145500 145501 147536 157813 147773 145556
87866 10464 10540 6 145499 145501 147535 147989 147915 147422
87867 11111 11094 7 145502 145503 147211 147212 146166 145804 145735
87868 11111 11054 5 145503 145504 145800 148188 147465
87869 11161 11111 4 145502 145504 145651 145650
87870 10496 10548 3 145505 145506 158820
87871 10568 10584 4 145507 145508 158672 158671
87872 10568 10496 9 145505 145507 158752 158823 158825 158891 158750 158749 158824
87873 10584 10548 6 145506 145508 158777 158790 158789 158792
87874 11001 11077 7 145510 145511 156220 156413 147121 147122 156358
87875 11055 10933 5 145512 145513 145784 145822 145614
87876 10969 10797 4 145517 145518 148286 147044
87877 10472 10607 3 145521 145520 145697
87878 11094 11247 4 145528 145525 145654 145735
87879 11161 11247 6 145526 145528 145650 145652 145776 145775
87880 11396 11344 6 145530 145531 146423 146509 146507 146539
87881 11396 11504 4 145529 145530 146537 146512
87882 10871 10894 7 145532 145533 145540 145565 145567 145670 145681
87883 11470 11534 5 145536 145537 145889 145926 146009
87884 10783 10871 4 145538 145539 145540 158641
87885 10332 10114 3 145541 145543 148491
87886 10951 10724 5 145546 145547 155534 155630 155581
87887 10951 10841 7 145547 145548 147345 156362 156373 156372 155535
87888 10582 10841 6 145548 145549 152987 153957 146354 146353
87889 10582 10951 6 145546 145548 147346 156361 147341 147343
87890 10841 10724 4 145547 145549 152986 154412
87891 10897 10941 6 145552 145553 147209 147210 147424 147425
87892 11003 10941 5 145554 145552 148150 147753 147754
87893 11106 10941 6 145553 145554 147797 147748 147747 147746
87894 10444 10209 4 145561 145562 158798 145668
87895 10224 10354 6 145563 145564 157156 158422 147469 145625
87896 10354 10209 3 145562 145564 157155
87897 10644 10871 4 145565 145566 158632 158641
87898 10587 10819 6 145568 145569 147800 147811 148214 147097
87899 10712 10590 6 145572 145573 147552 153795 153796 156602
87900 10725 10712 8 145571 145573 147551 147556 147701 147269 147257 145585
87901 10410 10338 6 145574 145575 155571 147411 147412 146761
87902 10410 10590 4 145575 145576 153795 156521
87903 10414 10494 5 145578 145579 146983 146981 148138
87904 10392 10414 8 145577 145579 148086 147513 147510 148127 148126 147446
87905 10494 10448 5 145578 145580 147874 147873 148136
87906 10198 10258 5 145582 145583 147632 147631 147541
87907 10007 10198 4 145581 145583 147877 147876
87908 10258 10151 5 145582 145584 147638 147770 147542
87909 9682 9952 8 145594 145592 155944 155616 155303 153927 153926 155553
87910 9682 10254 4 145592 145593 156750 156423
87911 10338 10258 3 145595 145596 147643
87912 10466 10347 5 145599 145600 147420 156591 158583
87913 10461 10375 5 145603 145604 147136 147215 147992
87914 10375 10429 4 145602 145604 147135 148045
87915 10521 10384 8 145605 145606 148440 147224 147225 147453 147452 148024
87916 10587 10521 3 145605 145607 148025
87917 10171 10209 4 145609 145610 157441 158696
87918 10171 10355 4 145610 145608 158776 157439
87919 10171 10299 6 145608 145609 158606 158324 158322 158757
87920 10124 10278 7 145612 145613 156587 156589 158315 158307 158309
87921 10278 10159 3 145611 145613 158516
87922 10933 10825 4 145614 145615 145653 145854
87923 10699 10588 3 145618 145616 147468
87924 10567 10730 4 145619 145620 147654 147467
87925 10730 10588 4 145619 145621 147728 147468
87926 9316 9421 4 145623 145624 156862 156864
87927 9421 9200 5 145622 145624 157240 147769 147768
87928 9642 9611 5 145626 145627 158707 157749 157750
87929 9642 9607 8 145627 145628 158675 158681 158709 158715 158718 158708
87930 9518 9642 4 145626 145628 158402 158401
87931 10774 10933 3 145630 145629 145808
87932 11831 11617 5 145633 145634 145956 145951 145952
87933 11336 11379 5 145635 145636 145918 145785 145730
87934 10825 10871 5 145640 145641 145653 145859 145645
87935 9586 9718 4 145642 145643 154035 153964
87936 9491 9586 4 145642 145644 153887 153965
87937 10774 10825 6 145645 145646 147226 148202 145880 145879
87938 11111 11247 5 145649 145650 145735 145805 147076
87939 10730 10712 5 145656 145658 147688 147687 146716
87940 11880 11645 3 145659 145661 145713
87941 11137 11666 4 145662 145663 156430 147119
87942 11558 11438 3 145664 145665 155927
87943 11558 11137 6 145662 145664 156431 147374 147373 147120
87944 11438 11666 5 145663 145665 155926 156058 156069
87945 10224 10355 3 145669 145667 158791
87946 10871 10853 3 145670 145671 145672
87947 10638 10818 6 145673 145674 146401 147024 148090 146016
87948 10818 10759 5 145673 145675 146945 146943 146017
87949 11133 11140 6 145678 145679 146263 146264 147048 146831
87950 11133 11186 5 145679 145676 147060 147061 147113
87951 11133 11132 7 145676 145678 146821 146230 146229 146296 146295
87952 11140 11186 5 145677 145679 147114 147166 146936
87953 10483 10466 8 145682 145683 156606 156622 156601 147419 147420 156469
87954 10483 10699 5 145683 145684 156592 156603 156607
87955 10730 10699 7 145684 145685 147467 147468 147356 146717 146716
87956 10730 10466 6 145685 145682 156470 147723 147655 147654
87957 11131 11406 4 145686 145688 156000 155999
87958 9474 9619 4 145690 145691 157010 157013
87959 9474 9393 6 145691 145689 156975 156973 157009 157089
87960 9474 9520 6 145689 145690 157163 157183 157165 157164
87961 10909 10993 4 145693 145694 147265 147102
87962 10499 10472 6 145696 145697 147544 148097 148098 147550
87963 10499 10607 6 145697 145695 147181 147208 147438 147543
87964 10499 10669 5 145695 145696 147549 148390 147180
87965 10741 10712 3 145699 145700 147794
87966 11526 11670 4 145703 145704 145898 145890
87967 11121 11055 4 145708 145709 145712 145710
87968 11183 11284 4 145714 145715 145836 145912
87969 10687 10524 4 145718 145716 152992 152994
87970 10819 10825 4 145722 145723 145873 145880
87971 10825 11094 4 145721 145723 145857 145858
87972 10791 10941 6 145724 145725 147428 148151 147752 147753
87973 10791 10823 4 145725 145726 147103 147429
87974 10859 10823 4 145726 145727 147199 147105
87975 10859 10941 4 145727 145724 148150 147425
87976 10859 10791 5 145724 145726 147104 148029 148028
87977 10823 10941 6 145725 145727 147424 147832 147831 147430
87978 11312 11410 4 145728 145729 147112 147073
87979 11209 11247 7 145731 145732 147076 147093 147085 147086 146210
87980 11247 11407 6 145736 145737 145749 145775 145855 145786
87981 11143 11223 7 145738 145739 146732 147019 146996 146998 147290
87982 11557 11533 3 145740 145741 146412
87983 11648 11669 8 145744 145745 146680 146271 146272 145768 145769 146100
87984 11648 11510 3 145745 145743 146679
87985 11648 11700 6 145743 145744 146652 146337 146336 146681
87986 11247 11349 3 145749 145750 145776
87987 10717 10583 4 145752 145753 148107 148109
87988 10706 10583 6 145753 145754 146993 154304 148101 148100
87989 10706 10756 3 145754 145751 146728
87990 11825 11656 5 145755 145756 145924 145980 145839
87991 11480 11425 5 145758 145759 156223 146668 146669
87992 11227 11585 3 145763 145764 147247
87993 11645 11408 5 145765 145766 145907 146051 147309
87994 11628 11765 6 145770 145771 146326 146325 146542 146370
87995 11058 10995 3 145793 145794 154773
87996 10872 11461 3 145795 145796 154720
87997 11068 11438 7 145798 145799 147022 146053 146056 156021 156048
87998 11223 11585 11 145801 145802 147247 147262 147290 147089 147087 147088 147244 147253 146256
87999 11301 11585 3 145803 145801 146052
88000 11134 11111 4 145804 145805 147094 146164
88001 11178 10953 3 145806 145807 146609
88002 11246 10774 5 145808 145809 145863 145879 145871
88003 11322 11408 3 145813 145810 146607
88004 11759 181 4 145815 145816 146654 146655
88005 11822 11576 5 145817 145814 146616 146618 156075
88006 181 11576 4 145815 145817 156195 155541
88007 74 11831 5 145820 145821 145942 145959 145944
88008 11878 225 5 145823 145824 145832 146098 146076
88009 11301 11523 3 145834 145835 145849
88010 11878 11783 4 145841 145842 146207 146245
88011 17 11591 4 145843 145840 146194 146115
88012 11878 302 4 145844 145845 146076 145892
88013 11341 11830 3 145847 145848 145850
88014 11523 11410 3 145851 145852 145979
88015 11246 10825 6 145853 145854 145859 145879 145873 145857
88016 11055 11094 4 145858 145856 145870 146028
88017 11246 10871 3 145859 145860 145871
88018 11246 10819 5 145861 145862 145872 145873 145863
88019 11245 11246 4 145876 145877 145878 145881
88020 10834 11067 4 145886 145888 149141 149039
88021 40 11878 8 145892 145893 146208 146207 146246 149064 146099 146098
88022 11670 11479 3 145894 145895 145900
88023 11831 127 5 145901 145902 145945 145960 145944
88024 11284 11379 6 145913 145914 145915 145919 145918 145917
88025 11575 11497 4 145927 145928 145932 145929
88026 11822 220 4 145940 145941 145994 147313
88027 11712 11831 5 145942 145943 145952 145953 145958
88028 11831 4 5 145945 145946 145968 145967 145961
88029 11831 11655 7 145947 145948 145962 145965 145966 145967 145950
88030 11831 11665 5 145949 145950 145968 145969 145972
88031 11831 11733 3 145954 145955 145956
88032 11831 11775 6 145957 145958 145959 145960 145961 145966
88033 11831 11675 3 145962 145963 145964
88034 11831 152 3 145970 145971 145972
88035 11310 11555 4 145973 145974 145990 145975
88036 11555 11410 4 145977 145978 145979 145984
88037 11042 10873 7 145985 145986 146113 146111 146850 146852 146965
88038 10912 10895 5 145987 145988 146957 154446 146970
88039 10912 10873 5 145988 145985 146776 146775 146956
88040 10912 11042 5 145985 145987 146969 146972 146966
88041 10895 10873 5 145986 145988 146953 146937 146414
88042 11555 11479 3 145989 145990 145991
88043 11739 11717 4 145995 145996 146239 146237
88044 10602 10499 3 146004 146001 147438
88045 10602 10521 5 146001 146003 147274 147203 147204
88046 10556 10499 6 146002 146004 147543 147544 148059 148060
88047 11521 11312 5 146006 146007 146249 146250 147270
88048 11554 11312 3 146008 146006 147310
88049 10818 10686 4 146016 146017 147427 148027
88050 10953 10909 4 146020 146018 146976 146990
88051 11554 11807 5 146023 146024 156206 146587 146125
88052 11688 11807 4 146025 146023 146126 146142
88053 11822 11602 5 146027 146026 146618 146617 156212
88054 10823 11116 4 146029 146030 148073 147831
88055 11688 11791 3 146031 146032 146034
88056 10517 10676 6 146038 146039 154596 154599 152993 152991
88057 10517 10706 5 146039 146040 154560 154561 154594
88058 10418 10706 6 146040 146041 148101 147903 147054 147056
88059 10418 10676 4 146041 146038 154568 154460
88060 10418 10517 8 146038 146040 154566 146845 146847 154570 154569 154571
88061 10706 10676 5 146039 146041 154304 154306 154510
88062 11700 37 6 146043 146044 146653 146652 146650 146651
88063 11645 11829 3 146045 146046 146083
88064 11807 241 5 146049 146050 146097 146091 146090
88065 11438 11045 3 146053 146055 147021
88066 11137 11068 4 146054 146056 156020 156451
88067 10950 10859 3 146062 146060 146400
88068 11003 10859 7 146061 146062 146399 148028 148150 147745 147118
88069 11167 11312 5 146063 146064 147339 147095 147096
88070 11245 11312 4 146065 146063 147230 147312
88071 11319 11480 6 146070 146068 146672 156230 156237 156223
88072 11319 11583 4 146068 146069 156276 146671
88073 10687 10857 3 146077 146078 154580
88074 10770 10810 4 146079 146080 154537 154758
88075 10770 10857 5 146080 146077 154590 154540 154535
88076 10810 10857 7 146078 146080 154536 154786 154791 154588 154581
88077 11645 11835 5 146084 146083 146124 146199 146198
88078 11489 11109 5 146085 146087 154718 156375 146621
88079 11807 221 3 146088 146089 146090
88080 241 11822 3 146091 146092 146189
88081 10353 10506 8 146095 146096 154287 153840 153842 154864 154863 154796
88082 37 11648 5 146101 146100 146652 146197 146195
88083 11244 11460 5 146102 146103 146329 146332 146962
88084 11510 11529 5 146105 146106 146494 146523 146522
88085 11338 11669 6 146107 146108 146277 146270 146271 146309
88086 11338 11510 3 146105 146107 146307
88087 11669 11529 6 146106 146108 146275 146274 146433 146495
88088 11036 10873 5 146111 146112 146710 146709 146986
88089 11726 37 4 146118 146119 146196 146195
88090 11042 11200 6 146127 146128 146971 146972 146973 146738
88091 11244 11042 5 146127 146129 146759 147026 146737
88092 10895 11200 3 146128 146130 146511
88093 106 11790 5 146134 146136 146429 146430 146462
88094 11450 11360 6 146140 146137 146269 147243 146703 146704
88095 11450 11440 3 146137 146139 146268
88096 11511 11360 3 146138 146140 147133
88097 11229 11338 7 146146 146147 146757 147300 146999 146225 146226
88098 11229 11579 3 146147 146148 146739
88099 11557 11229 6 146146 146148 146412 146411 146286 146285
88100 10603 10914 7 146154 146155 155644 152855 146505 146502 156331
88101 10603 10701 4 146153 146154 155634 155635
88102 10573 10655 4 146158 146156 148228 148220
88103 10521 10655 8 146157 146158 148025 148024 147067 147066 147203 147190
88104 10170 8764 5 146162 146163 155003 155044 155045
88105 11106 11094 3 146165 146166 147747
88106 90 11745 5 146167 146168 155546 146518 146515
88107 11700 187 5 146169 146170 146651 146645 146643
88108 10995 10953 4 146175 146176 154543 154737
88109 10729 10953 4 146176 146177 154755 154544
88110 10729 10721 9 146177 146174 146686 146685 154645 154694 154695 154735 154759
88111 10729 10995 4 146174 146176 154542 154730
88112 10953 10721 5 146175 146177 154761 154746 154739
88113 220 11576 3 146187 146186 146535
88114 11835 11822 5 146188 146189 146193 156184 146190
88115 11528 11706 6 146200 146202 156182 156453 156193 146203
88116 11706 11682 4 146204 146205 146384 146382
88117 11247 11241 3 146210 146211 147013
88118 11067 10739 5 146214 146215 149141 149049 149047
88119 11388 11363 5 146217 146219 147145 146323 146324
88120 11511 11291 7 146218 146220 147063 147168 147133 147134 149120
88121 11474 11229 5 146224 146226 146285 146284 146572
88122 10524 10622 6 146233 146234 146498 146499 146919 146920
88123 10524 10501 3 146234 146235 146951
88124 10413 10622 4 146236 146233 154342 150604
88125 10413 10524 5 146233 146235 153720 146632 146634
88126 11794 11717 5 146238 146239 149011 149050 146469
88127 11719 11784 4 146240 146241 149744 149665
88128 16 11719 6 146240 146242 149111 149447 149625 149664
88129 11878 11813 5 146245 146246 149065 149127 146247
88130 11264 11312 6 146251 146249 146547 147318 147317 153977
88131 11245 11223 3 146255 146253 146992
88132 10806 11146 3 146259 146261 146991
88133 10953 11036 4 146260 146262 146988 146990
88134 11585 11360 3 146269 146267 147088
88135 11441 11669 5 146275 146276 146360 146278 146277
88136 11669 11504 3 146274 146276 146434
88137 10425 10220 6 146279 146280 154416 153587 153588 154451
88138 10425 10560 4 146280 146281 154605 154601
88139 10281 10560 4 146281 146282 153716 154111
88140 10281 10220 4 146282 146279 153018 153019
88141 10281 10425 7 146279 146281 154606 154607 154627 154532 154452
88142 10560 10220 5 146280 146282 153715 146807 146806
88143 10909 11138 3 146287 146289 147015
88144 11132 11003 3 146296 146294 146718
88145 11132 11241 5 146294 146295 147004 147003 147071
88146 10957 11556 4 146298 146299 154509 154783
88147 11090 11556 4 146299 146300 154183 154184
88148 11090 11018 4 146300 146297 146340 146342
88149 11556 11018 10 146298 146300 152989 152988 154909 154908 154928 150286 150283 154461
88150 10621 10314 5 146302 146303 154455 146551 146552
88151 10314 10422 5 146301 146303 154454 154517 154559
88152 11564 11504 4 146304 146306 146458 146478
88153 11367 11669 3 146308 146309 146680
88154 11504 11741 4 146310 146311 146434 146432
88155 10231 10036 7 146314 146315 154635 154636 154638 156758 154643
88156 10231 10019 6 146315 146316 154617 154630 154155 154156
88157 10215 10231 6 146314 146316 154618 154294 154295 154642
88158 11602 11621 3 146317 146318 146586
88159 11807 11533 3 146319 146320 146376
88160 11378 11255 9 146321 146322 149465 149087 149086 149564 149460 149461 149472
88161 11378 11363 4 146322 146323 149478 149466
88162 11388 11378 9 146321 146323 149479 149454 149456 149483 149468 149470 149471
88163 10417 10574 5 146327 146328 147132 147998 148001
88164 11388 11244 3 146330 146332 146398
88165 106 11804 5 146333 146334 146429 149398 149415
88166 11700 11853 6 146337 146338 146646 146644 146645 146650
88167 11018 10908 8 146340 146341 152988 154910 154803 154462 154463 154943
88168 11018 11404 3 146341 146342 152989
88169 11404 10908 5 146341 146343 146836 146838 152990
88170 10590 10686 6 146348 146349 147590 147593 148023 147774
88171 11622 11514 7 146350 146351 146436 149455 149505 146417 146418
88172 10926 10641 4 146355 146356 153774 154592
88173 10926 10582 4 146356 146353 147346 153773
88174 10641 10582 6 146354 146356 153772 153907 154059 154058
88175 11474 11741 4 146357 146358 146359 146410
88176 211 11828 4 146363 146361 146387 156200
88177 211 11787 3 146361 146362 146386
88178 10638 10706 7 146364 146365 146708 146706 148123 147025 146401
88179 10638 10760 5 146365 146366 147266 147376 146715
88180 11510 11109 3 146373 146374 146631
88181 10560 10770 8 146379 146380 154531 154724 154760 146579 146580 154598
88182 10560 10806 4 146377 146379 154595 146667
88183 10770 10760 4 146378 146380 146794 146748
88184 11268 11706 4 146381 146382 156185 155489
88185 11268 11682 10 146382 146383 155410 156227 156308 156324 156301 156286 154775 154776
88186 11541 11682 3 146383 146384 155411
88187 11881 11828 5 146387 146385 146589 146590 154710
88188 11881 11787 6 146385 146386 146620 146619 156264 156267
88189 11625 11556 5 146391 146392 146483 146484 154728
88190 11564 11556 4 146392 146393 150286 150285
88191 11564 11625 5 146390 146392 154784 153973 153972
88192 11556 11396 6 146391 146393 154928 150278 146509 146506
88193 10770 11109 3 146404 146405 154749
88194 11229 11533 5 146412 146413 147294 146757 146739
88195 11585 11229 5 146411 146413 147293 147089 146758
88196 11720 11790 5 146415 146416 149178 149486 149487
88197 11720 11514 3 146416 146417 149177
88198 11622 11720 7 146415 146417 149503 146834 146832 149307 149488
88199 11628 11427 3 146419 146420 146459
88200 11344 11064 12 146422 146423 150279 154907 146837 146839 154914 154916 154898 154894 154842 146811
88201 10287 10589 4 146425 146426 149267 149265
88202 10311 10474 5 146427 146424 149642 149644 150589
88203 10589 10474 5 146425 146427 150613 149805 149807
88204 94 11790 3 146430 146428 146464
88205 11615 11619 3 146438 146439 149462
88206 11720 11615 6 146437 146439 146833 146832 148280 148279
88207 10508 10578 7 146441 146442 150082 150083 154351 152383 150601
88208 10578 10487 5 146440 146442 150177 150305 150714
88209 239 11796 5 146446 146444 150277 150276 150272
88210 11064 10796 4 146448 146449 154186 154708
88211 10857 11017 4 146450 146451 146698 154555
88212 10857 10796 5 146451 146448 154588 154587 146696
88213 10857 11064 8 146448 146450 154901 154900 154899 154917 154904 154791
88214 35 11413 6 146453 146454 149446 149445 149680 150428
88215 35 11572 4 146452 146453 150379 149467
88216 11815 106 3 146462 146463 146465
88217 11810 121 7 146472 146473 150261 150260 150443 150437 150435
88218 121 11582 5 146471 146473 150280 154919 150434
88219 11894 11743 4 146474 146476 155002 151097
88220 11707 11509 5 146475 146477 155047 155033 154072
88221 10977 11342 3 146485 146486 150207
88222 11064 11564 3 146488 146489 154931
88223 10524 10696 5 146499 146500 154345 154346 154353
88224 10359 10696 3 146500 146501 154433
88225 10359 10622 4 146501 146498 146952 152836
88226 10930 10914 6 146502 146503 156222 156221 147241 147242
88227 10930 10942 6 146503 146504 156402 155575 155577 156131
88228 10603 10942 7 146504 146505 152857 156086 155580 155578 156404
88229 10603 10930 3 146502 146504 156330
88230 10942 10914 3 146503 146505 152856
88231 11556 11344 6 146508 146509 150279 154909 154554 154171
88232 11787 11865 4 146524 146525 156147 154593
88233 207 11443 5 146526 146527 154886 154885 156298
88234 10455 10556 4 146528 146529 148096 148111
88235 10336 10556 5 146529 146530 148059 148010 148009
88236 11500 11463 5 146531 146532 146563 146562 146581
88237 11881 11759 3 146533 146534 146655
88238 11529 11396 3 146537 146538 146539
88239 11529 11765 3 146540 146541 146542
88240 36 11461 3 146543 146544 146613
88241 10514 10627 7 146553 146550 146751 154969 154525 154524 154521
88242 10514 10621 4 146550 146552 146818 146749
88243 10314 10627 4 146551 146553 154522 154515
88244 11533 11319 4 146555 146556 146641 147288
88245 10641 10760 7 146557 146558 154518 154592 154696 146793 146794
88246 10560 10641 8 146557 146559 154111 154605 146692 146691 154723 154531
88247 11463 11745 6 146563 146560 156247 156246 156260 156226
88248 11463 11487 3 146560 146562 156252
88249 11500 11745 4 146561 146563 156225 156238
88250 11143 11061 5 146565 146566 146732 146733 147023
88251 11118 11061 3 146566 146567 147065
88252 11521 11320 4 146573 146574 147081 147315
88253 10580 10582 6 146576 146577 154009 154010 147344 147343
88254 10580 10522 4 146577 146575 150003 150005
88255 10560 10687 3 146580 146578 153700
88256 10560 10532 7 146578 146579 146690 146692 154601 146806 146805
88257 11583 11602 4 146583 146584 156199 155947
88258 11583 11489 7 146584 146585 156151 156244 156274 146671 146670
88259 11431 11169 7 146594 146595 156189 156290 156126 156116 156117
88260 11431 11787 6 146595 146593 156256 156258 156284 156188
88261 11431 11659 4 146593 146594 156148 156149
88262 11767 11461 6 146596 146597 146610 146612 146613 146622
88263 11871 11767 7 146596 146598 146661 146630 146629 146625 146624
88264 11495 11319 5 146605 146606 156110 156237 156178
88265 11408 11319 6 146606 146607 146666 147235 146641 146640
88266 11767 36 6 146613 146614 146615 146628 146625 146623
88267 11495 11822 3 146616 146617 156196
88268 11767 11612 3 146622 146623 146624
88269 11767 330 4 146626 146627 146629 146628
88270 10621 10413 5 146633 146634 154342 154343 154455
88271 9560 9474 5 146635 146636 157021 157014 156991
88272 9546 9381 5 146637 146638 156508 156685 157057
88273 9546 9474 5 146638 146635 156992 157183 156507
88274 9381 9474 7 146636 146638 156506 157164 156975 156974 157022
88275 11700 11621 4 146646 146647 146649 146648
88276 11583 11881 4 146658 146659 156264 155375
88277 11682 11842 4 146660 146657 146665 155381
88278 11745 11871 6 146661 146662 156239 156226 156225 154254
88279 11489 11480 3 146672 146670 156231
88280 9886 10083 5 146675 146676 154665 154667 154668
88281 9886 9902 6 146676 146673 146678 154641 154639 154664
88282 10083 9902 4 146674 146676 154427 154428
88283 11061 10909 5 146683 146684 147015 147023 147265
88284 10721 10841 3 146686 146687 154647
88285 10745 10729 5 146688 146685 147518 147517 153956
88286 10721 10560 4 146690 146691 154735 154760
88287 10641 10532 4 146692 146689 154337 154338
88288 10641 10721 4 146689 146691 154695 154662
88289 11743 218 5 146700 146701 155143 155070 154970
88290 138 11743 4 146699 146701 150477 150478
88291 11360 11291 6 146702 146704 147133 147169 147175 147174
88292 10500 10638 4 146705 146706 148122 146828
88293 10500 10706 4 146706 146707 147054 147902
88294 10520 10638 6 146708 146705 146830 153684 147377 146715
88295 10520 10500 5 146705 146707 147055 153555 146829
88296 9762 9609 3 146712 146713 147711
88297 9716 9844 3 146714 146711 157686
88298 9716 9762 6 146711 146713 157754 157751 157748 157685
88299 9609 9844 7 146712 146714 156570 156569 157738 157739 147712
88300 10290 10336 7 146720 146721 147675 148087 148434 153020 153033
88301 10256 10290 3 146720 146722 153034
88302 10270 10336 4 146721 146723 147334 147335
88303 10993 11223 4 146729 146730 147064 147232
88304 11118 11223 5 146730 146731 147018 147019 147065
88305 10998 10912 6 146734 146735 148386 148408 148406 146881
88306 10912 10709 3 146734 146736 146882
88307 11042 11239 5 146737 146738 146967 146852 146851
88308 10281 10378 6 146740 146741 154627 153781 153771 153746
88309 10281 10261 5 146741 146742 147646 147644 154532
88310 10172 10378 5 146743 146740 147495 147493 147492
88311 10261 10378 7 146741 146743 152979 156444 156934 154626 154624
88312 10279 10498 4 146756 146755 156598 156595
88313 10110 10346 4 146762 146763 147649 147678
88314 10110 10338 6 146763 146761 147530 147529 147601 147648
88315 10110 10410 4 146761 146762 156159 156158
88316 11178 11229 5 146764 146765 146949 147035 146889
88317 11229 11146 7 146764 146766 146999 147287 146979 146977 146890
88318 10334 10288 5 146767 146768 152209 154402 152784
88319 11239 11511 3 146770 146771 147063
88320 10521 10473 4 146772 146773 147067 147452
88321 10521 10461 6 146773 146774 147136 147214 147274 147066
88322 10429 10521 4 146772 146774 147135 147453
88323 10734 10990 3 146777 146778 149377
88324 10734 10912 6 146778 146775 146960 146882 146881 149378
88325 10734 10873 6 146775 146777 149376 146939 146941 146958
88326 11061 11241 3 146781 146782 146853
88327 10071 9841 5 146783 146784 153601 153620 153621
88328 10071 9940 6 146784 146785 153597 153647 153750 153602
88329 9779 9940 4 146785 146786 152641 152644
88330 9779 9841 6 146786 146783 153549 153548 152285 152284
88331 9779 10071 4 146783 146785 153596 153661
88332 9940 9841 5 146784 146786 153168 153669 153603
88333 10129 10260 4 146789 146790 148414 152352
88334 10958 11148 4 146791 146792 148291 148289
88335 10641 10770 4 146794 146795 154722 154531
88336 9817 9747 4 146797 146798 152735 152916
88337 9817 9692 9 146798 146799 152749 152747 152983 153071 153065 152930 152734
88338 9592 9817 3 146797 146799 152915
88339 9692 9747 4 146798 146800 153054 152736
88340 10366 10115 4 146802 146803 147760 147651
88341 10375 10256 4 146804 146801 147892 147462
88342 10115 10256 6 146802 146804 147463 147676 153016 147652
88343 10560 10517 7 146805 146807 154562 154561 154595 154598 153700
88344 10721 10522 5 146808 146809 154529 154694 154662
88345 10532 10522 5 146810 146808 154337 154336 154415
88346 11169 11103 4 146813 146814 153845 155582
88347 10350 9902 7 146816 146817 153885 154427 154664 154657 154658
88348 10353 10350 4 146815 146817 153843 153840
88349 10873 11133 3 146821 146822 146831
88350 10566 10490 5 146825 146826 150687 150661 146911
88351 10543 10490 6 146826 146827 149979 152409 150692 150688
88352 10392 10500 4 146828 146829 153712 148121
88353 11378 11720 3 146833 146834 149463
88354 10908 11344 4 146837 146838 154554 154910
88355 11404 11064 4 146839 146836 146840 154913
88356 10502 10348 5 146842 146843 154404 154400 154398
88357 10359 10348 6 146843 146844 154403 154473 154469 154405
88358 10359 10501 5 146844 146841 146952 146951 153721
88359 10359 10502 9 146841 146843 152291 152290 153706 154377 154432 154433 152836
88360 10348 10501 7 146842 146844 154387 154386 146903 146905 154366
88361 10517 10245 3 146846 146847 154572
88362 10418 10220 4 146848 146845 153848 153847
88363 10245 10220 4 146846 146848 153730 153732
88364 11440 11140 4 146861 146859 147171 146995
88365 9644 9918 5 146864 146865 154291 154289 154213
88366 9644 9535 6 146865 146866 150268 152976 152977 154288
88367 9662 9918 4 146867 146864 152159 152158
88368 10928 11089 5 146869 146870 154348 154349 150638
88369 10998 10928 4 146868 146870 151002 150599
88370 11089 10936 3 146869 146871 150466
88371 11702 11647 3 146874 146872 154474
88372 61 11647 6 146873 146874 150453 150455 150356 150358
88373 11333 11451 5 146875 146876 154952 155040 154927
88374 10642 10583 3 146878 146879 149297
88375 10734 10642 5 146877 146879 149197 146915 146914
88376 10998 10734 3 146880 146881 149422
88377 10734 10709 5 146880 146882 148306 149343 149352
88378 9975 9981 6 146884 146885 152331 152308 152310 151824
88379 9975 9804 5 146885 146883 152440 152332 152329
88380 9975 9971 5 146883 146884 149386 149385 152438
88381 10082 10073 7 146886 146887 147872 147870 151930 151931 147725
88382 11229 11042 3 146889 146890 146980
88383 10642 10459 4 146891 146892 148300 149208
88384 10642 10677 3 146892 146893 148301
88385 10703 10642 7 146891 146893 148412 148411 149197 149297 149207
88386 10677 10459 7 146892 146894 148052 148088 148099 148251 148250
88387 10824 10878 6 146896 146897 150626 150649 150684 150084
88388 9584 9616 7 146899 146900 152491 152386 152387 151556 151555
88389 9230 9584 3 146899 146901 152175
88390 10619 10348 7 146904 146905 154368 154447 152969 152970 152335
88391 10619 10501 3 146905 146902 154367
88392 10619 10627 5 146902 146904 146924 146923 152879
88393 11453 11717 7 146906 146907 149180 148321 148322 148810 148811
88394 11499 11717 3 146909 146906 149077
88395 11499 11453 5 146906 146908 148982 149568 149533
88396 10566 10571 5 146910 146911 150660 150659 150632
88397 10647 10793 4 146912 146913 148368 148369
88398 10642 10647 6 146912 146914 146985 152380 149381 149300
88399 10734 10793 8 146913 146915 149196 149376 149377 149378 149422 149352
88400 10684 10348 3 146917 146916 152335
88401 10524 10676 8 146918 146919 154353 154354 154567 154568 152991 152994
88402 10621 10676 5 146921 146918 154565 154577 154575
88403 10622 10676 3 146919 146921 154574
88404 10627 10821 6 146922 146923 150557 150556 154175 154173
88405 10684 10619 5 146924 146925 150597 150596 152335
88406 10619 10821 6 146923 146925 154501 154505 150863 150862
88407 11236 11331 5 146927 146928 150202 149395 148379
88408 11177 11089 4 146929 146926 150547 152321
88409 11177 11236 4 146926 146928 149229 149230
88410 11331 11089 5 146927 146929 154479 154935 148380
88411 10791 10788 8 146932 146933 147351 148178 147428 147429 147431 147432
88412 10791 10686 5 146933 146934 147201 147427 147352
88413 10447 10686 5 146934 146935 148023 148022 147202
88414 10447 10788 4 146935 146932 148069 148068
88415 10447 10791 5 146932 146934 147051 147052 147184
88416 10686 10788 4 146933 146935 147774 147353
88417 10895 10583 4 146938 146937 146955 154583
88418 10734 10703 4 146942 146939 149196 149197
88419 10791 10759 4 146943 146944 147351 147352
88420 11178 11017 3 146946 146947 154896
88421 10873 10700 4 146953 146954 146958 146956
88422 10895 10700 5 146955 146953 146957 154445 154514
88423 11239 11460 3 146962 146963 146964
88424 10990 11042 4 146965 146966 146973 146967
88425 11042 11021 3 146968 146969 146971
88426 10909 11146 4 146975 146976 146994 147283
88427 10414 10481 8 146981 146982 147513 147511 147537 147538 148114 148149
88428 10414 10638 3 146982 146983 148086
88429 10494 10638 6 146983 146984 148135 147596 147587 147589
88430 10494 10481 3 146984 146981 148147
88431 10638 10481 7 146982 146984 148146 148124 148123 148122 148094
88432 11036 10816 3 146987 146988 146989
88433 11223 11408 3 146997 146998 147262
88434 10732 10796 3 147000 147002 154508
88435 11241 11186 5 147004 147005 147222 147059 147060
88436 11228 11186 3 147005 147006 147031
88437 10109 10211 6 147007 147008 147127 147128 148532 148524
88438 10901 11255 6 147010 147011 149202 148292 148290 147147
88439 11086 11255 5 147012 147010 147149 149083 148893
88440 11118 11227 5 147017 147018 147020 147091 147092
88441 11406 11438 7 147021 147022 155526 155524 155807 156069 156417
88442 10638 10717 4 147024 147025 148124 148089
88443 11016 10932 5 147027 147028 147117 148240 148651
88444 11186 11291 8 147030 147031 147222 147174 147172 147166 147165 148888
88445 11140 11178 3 147034 147035 147036
88446 10756 10703 3 147039 147040 147042
88447 10836 10969 4 147044 147043 149187 149186
88448 10921 10672 4 147046 147047 148430 148772
88449 10447 10620 4 147053 147051 147202 147941
88450 10500 10418 4 147054 147055 153556 147901
88451 10520 10418 5 147055 147056 154566 153848 153557
88452 11158 10822 5 147057 147058 156083 156406 156405
88453 11360 11186 4 147061 147059 147174 147115
88454 11291 11239 6 147062 147063 147170 147167 147165 148889
88455 10655 10473 5 147067 147068 148156 148227 148224
88456 10268 10346 4 147077 147078 147642 147796
88457 11158 11521 3 147080 147081 147275
88458 10573 10351 5 147082 147083 148365 148364 158161
88459 10840 10587 6 147097 147098 148233 148226 148210 148208
88460 10457 10574 6 147100 147101 148001 148000 148372 147607
88461 10457 10597 7 147099 147100 147606 149301 149350 149351 148015
88462 9317 9450 4 147106 147107 152103 152487
88463 9616 9450 4 147107 147108 152178 152104
88464 11143 10926 7 147109 147110 147331 147286 147285 147296 147299
88465 11319 11143 5 147109 147111 147235 147288 147298
88466 11186 11138 4 147113 147114 147172 147115
88467 11016 10859 5 147117 147118 147744 148189 148192
88468 10947 11077 5 147124 147121 156127 156129 155562
88469 10947 11001 4 147121 147123 147324 156414
88470 10129 10030 5 147125 147126 152352 152274 152273
88471 10109 10030 7 147128 147125 153024 152346 148443 148442 151910
88472 10109 10129 4 147125 147127 148095 153010
88473 10579 10509 3 147130 147131 148670
88474 10509 10352 8 147129 147131 148669 148668 148671 151803 151835 149798
88475 10752 10596 7 147138 147139 147163 148808 149175 149006 148946
88476 10740 10752 6 147137 147139 147164 148890 148771 148770
88477 10596 10856 4 147138 147140 148993 148947
88478 10754 10669 3 147141 147142 148267
88479 10786 10669 5 147144 147141 148294 147705 147707
88480 11388 11673 5 147145 147146 149037 149036 149479
88481 10934 11086 5 147148 147149 149082 149633 148299
88482 11255 10934 5 147147 147149 149081 149316 149163
88483 11432 11273 5 147152 147153 148730 148729 149121
88484 11432 11170 5 147153 147150 148319 149154 149161
88485 10652 10677 5 147155 147156 148250 148301 149182
88486 10608 10677 5 147156 147157 148391 148385 148251
88487 10608 10901 6 147157 147154 148402 149221 149222 149259
88488 10608 10652 7 147154 147156 148249 148058 148056 149185 148401
88489 10677 10901 5 147155 147157 149256 149254 149255
88490 10960 10938 4 147159 147160 149820 149767
88491 11099 10960 6 147158 147160 148875 148874 148920 148919
88492 10938 11063 4 147159 147161 149824 149768
88493 10752 10624 3 147163 147164 148807
88494 11291 11140 4 147166 147167 147171 147173
88495 11291 11440 5 147168 147169 147176 147171 147170
88496 11291 11138 4 147172 147173 147176 147175
88497 11007 11039 4 147178 147177 148701 148738
88498 10662 10669 7 147179 147180 148393 149258 148296 148294 148267
88499 10461 10556 5 147185 147186 147215 147214 147322
88500 10655 10772 5 147189 147187 148228 148232 148221
88501 10667 10772 4 147188 147189 148167 148158
88502 10439 10569 6 147191 147192 156610 156092 156093 155968
88503 10513 10569 4 147194 147191 147616 147615
88504 10513 10439 5 147191 147193 156033 155949 155950
88505 10410 10569 5 147192 147194 156388 156387 156620
88506 10897 10859 6 147199 147200 148181 147744 147745 147425
88507 11001 10963 5 147205 147206 156415 156358 156352
88508 11001 10999 3 147206 147207 156416
88509 11111 10941 3 147212 147209 147746
88510 11111 10897 5 147209 147211 147465 147668 147670
88511 11094 10941 6 147210 147212 147747 147749 147757 147832
88512 10308 10197 4 147217 147218 147824 147466
88513 10308 10198 6 147218 147216 147423 147939 147541 147540
88514 10521 10366 5 147223 147224 148487 147619 147436
88515 10588 10713 4 147227 147228 147734 147359
88516 10774 10588 7 147226 147228 147731 147733 147812 147813 148201
88517 10788 10996 4 147237 147238 148180 147451
88518 11001 10693 5 147239 147240 147327 147323 147324
88519 11001 10914 4 147240 147241 156449 156487
88520 10930 10693 6 147242 147239 156399 156398 156402 156330
88521 10930 11001 5 147239 147241 156435 156413 156414
88522 10914 10693 5 147240 147242 156331 156339 156485
88523 11450 11223 5 147243 147244 147251 147246 147245
88524 10308 10365 4 147248 147249 147949 147325
88525 11223 11523 3 147251 147252 147253
88526 9817 9723 5 147255 147256 152997 153078 147522
88527 9666 9817 5 147254 147256 152748 152747 147624
88528 9916 10174 4 147260 147261 152841 153722
88529 10052 9916 5 147259 147261 152842 153656 153844
88530 10923 10902 5 147263 147264 156488 156458 155441
88531 10956 10712 5 147268 147269 147700 156115 156114
88532 11322 11264 3 147276 147277 147311
88533 10370 10366 4 147278 147280 147437 147436
88534 10292 10157 3 147281 147282 157434
88535 11143 11146 6 147283 147284 147287 147304 147295 147285
88536 11533 11143 6 147288 147289 147292 147294 147301 147297
88537 11143 11585 4 147290 147291 147292 147293
88538 11144 11143 4 147295 147296 147303 147305
88539 11143 11367 5 147297 147298 147299 147303 147302
88540 11143 11338 5 147300 147301 147302 147305 147304
88541 11198 11167 4 147306 147307 147339 156079
88542 11322 11528 3 147314 147316 155908
88543 11312 11288 3 147318 147319 147320
88544 10270 10455 5 147335 147333 147539 147391 147390
88545 10270 10414 8 147333 147334 148134 148129 148125 148127 148102 147537
88546 10951 10580 5 147342 147343 155581 156329 156369
88547 10582 10809 3 147344 147341 156270
88548 10771 10720 5 147347 147348 147778 147779 155640
88549 10374 10429 6 147360 147361 157473 147809 147810 147699
88550 11273 11553 5 147363 147364 149147 149159 148730
88551 11363 11273 5 147362 147364 149146 149157 148239
88552 11268 11558 11 147374 147375 156251 156281 156319 156294 156295 156309 156310 156311 156314
88553 11268 11137 4 147372 147374 156432 156215
88554 11558 10914 3 147373 147375 147410
88555 10542 10760 4 147378 147376 147448 154518
88556 9939 10208 5 147380 147381 156961 147573 147574
88557 10741 10775 5 147383 147384 156475 156386 156346
88558 10741 10923 7 147384 147385 156493 156494 156498 156489 156488
88559 10719 10775 4 147386 147383 156348 156055
88560 10719 10741 4 147383 147385 156495 156347
88561 10923 10775 4 147384 147386 156056 156458
88562 9461 9452 7 147399 147400 153702 153703 152920 152917 153318
88563 9461 9281 5 147400 147397 153921 153975 153974
88564 9452 9281 7 147398 147400 153976 150579 150578 153991 153922
88565 10464 10447 4 147402 147403 147989 147558
88566 9888 9959 7 147405 147406 153162 153160 152219 152218 152300
88567 9888 9903 6 147404 147405 158529 158520 158443 158301
88568 9943 9594 3 147407 147408 157436
88569 9951 9594 6 147409 147407 156551 156550 156976 157088
88570 9596 9594 8 147408 147409 157208 155885 155887 156559 156560 157190
88571 10342 10410 3 147411 147413 153787
88572 10263 10338 3 147412 147414 147530
88573 10464 10788 4 147421 147422 147914 148200
88574 10667 10788 3 147433 147431 147545
88575 10461 10788 8 147432 147433 147546 148219 147914 147626 147627 148069
88576 10545 10615 3 147434 147435 157800
88577 10947 11322 4 147440 147441 156122 156078
88578 10279 10285 7 147444 147442 156464 156642 156641 156646 156645
88579 10279 10575 4 147442 147443 156654 156463
88580 10251 10414 5 147445 147446 148130 148129 148132
88581 10384 10429 8 147453 147454 147799 147827 147810 147808 148043 148045
88582 9786 10093 8 147456 147457 153103 158547 158558 158557 158620 158535
88583 10015 10093 5 147459 147456 158274 158275 148586
88584 10015 9786 5 147456 147458 158493 158551 158536
88585 9984 10093 5 147457 147459 148587 158289 153104
88586 10135 10053 3 147460 147461 156531
88587 10386 10224 4 147469 147470 158159 158673
88588 10638 10956 5 147471 147472 147477 147478 147689
88589 10134 10347 4 147474 147475 157147 157148
88590 10347 10268 5 147474 147476 147790 147789 158660
88591 9978 9877 6 147479 147480 152884 152885 153893 152956
88592 9978 9830 4 147480 147481 152160 153710
88593 10110 9877 5 147482 147479 152957 156944 153644
88594 9830 9877 6 147480 147482 153306 153305 153590 153687
88595 11020 11425 3 147483 147484 156315
88596 11322 11020 6 147483 147485 156078 156076 156354 156316
88597 10125 9769 4 147486 147487 156741 155890
88598 9841 9775 7 147488 147489 153648 153593 153594 153607 153606
88599 9841 9730 5 147489 147490 153547 153548 153649
88600 9877 9841 5 147488 147490 153590 153686 153678
88601 9710 9718 7 147497 147498 153475 152681 152680 153623 153624
88602 9452 9718 4 147498 147499 153318 153394
88603 9452 9704 5 147499 147496 153836 152918 152917
88604 10818 10620 6 147500 147502 148104 148091 148090 148027
88605 9217 9088 5 147504 147505 153480 153891 155893
88606 9064 9217 5 147503 147505 153389 153387 153985
88607 9214 9393 7 147506 147507 156796 156973 153861 153862 156986
88608 9214 9412 5 147507 147508 148288 153569 156794
88609 9412 9393 5 147507 147509 157051 157091 156797
88610 10236 10414 3 147510 147511 148102
88611 10236 10481 5 147511 147512 153760 153748 148103
88612 10392 10481 4 147512 147513 148094 148121
88613 9070 9805 5 147516 147514 155667 155335 154043
88614 10729 10697 3 147518 147519 154645
88615 10522 10729 5 147517 147519 154694 154057 154056
88616 10697 10745 6 147518 147520 154546 154545 154700 154646
88617 9817 9975 3 147521 147522 152353
88618 10292 10229 3 147523 147525 157694
88619 9762 9740 6 147532 147533 147956 157483 157485 157807
88620 9686 9762 4 147531 147533 147957 158543
88621 10270 10481 4 147539 147537 148103 148105
88622 10308 10151 3 147540 147542 147824
88623 10461 10823 3 147546 147547 148207
88624 10499 10677 4 147549 147550 148099 148385
88625 10451 10712 4 147551 147552 155921 147555
88626 10725 10451 5 147551 147553 147591 147579 147554
88627 10451 10553 6 147554 147555 155922 147603 147576 147577
88628 10725 10553 4 147556 147554 147580 156484
88629 10220 10215 8 147562 147563 152586 152587 153832 154618 154451 153018
88630 10520 10220 6 147562 147564 153848 154564 153715 153019
88631 10302 10597 7 147565 147566 150634 148014 148015 152377 152378
88632 10597 10647 3 147565 147567 149381
88633 10251 10492 5 147569 147570 147740 147896 148036
88634 10238 10312 5 147571 147572 148047 148046 158579
88635 10638 10451 6 147575 147577 147579 147595 147587 147585
88636 10553 10342 4 147576 147578 153609 147604
88637 10099 10115 6 147581 147582 147891 153061 147652 147651
88638 10099 10082 4 147582 147583 158602 147890
88639 10238 10082 5 147583 147584 147935 147872 147869
88640 10451 10392 3 147585 147586 147588
88641 10451 10686 5 147590 147591 147595 147594 147592
88642 10258 10157 3 147598 147600 147610
88643 10451 10263 3 147602 147603 153786
88644 10597 10608 4 147605 147606 148401 148402
88645 10574 10608 4 147607 147605 149221 148371
88646 9123 9113 8 147608 147609 157994 158004 158076 158079 158092 157968
88647 10439 10523 8 147612 147613 156502 155647 155648 156014 156015 156092
88648 10439 10268 4 147613 147611 156334 156335
88649 10693 10581 4 147617 147614 147660 156380
88650 10513 10581 5 147615 147617 156379 156236 156234
88651 10521 10332 5 147618 147619 148499 148357 148163
88652 9452 9670 3 147620 147621 152471
88653 9423 9623 3 147622 147623 153438
88654 9423 9670 7 147623 147620 152473 152666 151771 151772 153437
88655 9423 9452 6 147620 147622 153896 153991 153646 152472
88656 9708 9666 5 147624 147625 152820 152446 152445
88657 10093 9995 4 147633 147634 158620 158002
88658 9380 9443 3 147636 147637 148566
88659 9343 9380 6 147635 147637 148567 158184 157933 157932
88660 10215 10261 5 147644 147645 153765 154295 154296
88661 10157 10338 3 147647 147648 147661
88662 10099 10256 4 147650 147652 153060 148425
88663 10565 10466 5 147653 147655 147722 148041 147680
88664 10009 9790 8 147657 147658 157815 158564 157442 157437 147922 147924
88665 9885 9609 5 147663 147664 147718 156571 156569
88666 9597 9734 6 147665 147662 157898 157897 157756 157757
88667 9597 9885 5 147662 147664 147717 157831 158616
88668 9609 9734 5 147663 147665 157582 157581 157738
88669 11016 11111 4 147668 147669 148186 148188
88670 10315 10153 4 147671 147672 158167 158650
88671 10315 10374 8 147672 147673 158423 158639 157451 157449 158645 158168
88672 10278 10374 3 147673 147674 158232
88673 10278 10153 8 147674 147671 158652 158516 156587 156588 157740 157742
88674 10678 10372 4 147683 147684 156336 156338
88675 10372 10720 5 147682 147684 156448 147792 147791
88676 10319 10321 8 147685 147686 157432 157471 157001 157000 157005 157004
88677 10956 10737 5 147689 147690 156455 147700 147702
88678 10993 10788 4 147694 147695 147888 148178
88679 10429 10419 4 147699 147698 147739 147827
88680 10737 10725 4 147701 147702 156522 156484
88681 10270 10251 3 147703 147704 148129
88682 9762 9604 5 147710 147711 157754 158544 158543
88683 9604 9844 3 147710 147712 158625
88684 10183 10432 4 147713 147714 158173 157482
88685 10183 10568 7 147714 147715 158749 158781 158780 158679 158624
88686 10241 10568 3 147715 147716 158750
88687 9580 9597 3 147719 147717 157735
88688 9580 9885 5 147717 147718 158429 158611 157830
88689 10639 10704 4 147720 147721 156099 155995
88690 10628 10466 4 147722 147723 156567 157714
88691 10082 10007 7 147724 147725 157944 153196 147936 147878 147876
88692 10791 11003 6 147726 147727 148020 148021 148028 147753
88693 10588 10587 5 147729 147730 147812 147811 148215
88694 10588 10615 4 147731 147732 147735 147734
88695 10485 10429 3 147738 147739 147799
88696 10499 10364 6 147742 147743 148374 148375 148066 148053
88697 10941 11134 4 147748 147749 147756 147798
88698 10791 10786 5 147750 147751 148216 148029 148021
88699 10473 10567 5 147758 147759 148176 148177 147830
88700 9117 9166 8 147761 147762 157919 157912 157904 157905 157630 152762
88701 9117 8898 4 147762 147763 157063 157578
88702 8942 9117 4 147761 147763 157064 152763
88703 8898 9166 5 147762 147764 157867 157868 157923
88704 10374 10386 4 147773 147772 157451 157452
88705 10720 10523 5 147777 147779 156233 156518 147792
88706 10682 10800 3 147780 147781 156546
88707 9994 10073 5 147782 147783 156584 157351 158610
88708 9994 10007 4 147783 147784 158157 156585
88709 10466 10338 3 147786 147787 156601
88710 10453 10347 4 147788 147789 158608 156591
88711 10587 10774 4 147800 147801 147802 147812
88712 9790 9943 6 147803 147805 147922 147923 157513 157545
88713 9968 9596 3 147804 147806 157190
88714 10238 10429 4 147808 147809 158581 148046
88715 10374 10238 5 147807 147809 157721 157720 157666
88716 10819 10588 3 147813 147811 148203
88717 9746 9591 4 147814 147815 157643 158152
88718 9746 9686 7 147815 147816 158179 158180 157731 157732 157644
88719 9727 9686 3 147816 147817 147845
88720 9727 9591 8 147817 147814 157464 157463 152247 152246 157747 147843
88721 9686 9591 4 147815 147817 147844 152253
88722 10093 10204 6 147818 147819 157726 157729 148586 148587
88723 10093 10278 5 147819 147820 158558 156589 156588
88724 10286 10278 7 147820 147821 158231 158509 158572 158573 158563
88725 10286 10204 5 147821 147818 158448 148505 148504
88726 10286 10093 5 147818 147820 158547 158290 158289
88727 10278 10204 6 147819 147821 158230 158530 157743 157740
88728 10384 10419 3 147826 147827 147828
88729 10669 10620 4 147834 147835 148165 147996
88730 9469 9467 5 147839 147840 157862 157861 157896
88731 9469 9410 5 147840 147841 157625 157624 158090
88732 9606 9467 4 147842 147839 157269 157271
88733 9606 9469 5 147839 147841 147848 147847 147966
88734 9410 9467 7 147840 147842 157938 157940 157957 153126 153123
88735 9686 9606 6 147844 147845 158179 157580 157583 152254
88736 9606 9727 4 147843 147845 158177 157920
88737 9469 9591 5 147846 147847 147965 158084 157977
88738 9496 9469 7 147846 147848 157625 157572 157570 158027 157978
88739 9199 9495 3 147852 147850 152224
88740 9199 9498 4 147850 147851 152121 158021
88741 10186 10211 5 147853 147854 148524 148533 148548
88742 10446 10364 6 147856 147857 152172 148422 148423 148484
88743 10012 10181 6 147858 147859 148439 152188 152279 152280
88744 10104 10012 6 147858 147860 148517 148516 148153 148154
88745 9364 9294 7 147862 147863 152390 152515 152528 152537 152538
88746 9074 9294 4 147863 147864 150888 152392
88747 9074 9377 5 147864 147861 150784 150785 150887
88748 9074 9364 5 147861 147863 152391 152500 152530
88749 9197 9049 3 147866 147867 151995
88750 9998 10082 5 147869 147870 158518 158600 158602
88751 10163 10082 3 147878 147875 147937
88752 9943 10009 3 147879 147880 147922
88753 9596 9784 4 147882 147881 157531 157393
88754 9906 9903 4 147884 147885 147907 147908
88755 9906 9956 6 147885 147886 157142 158617 158517 158501
88756 9956 9903 5 147885 147887 158553 157447 157446
88757 10993 10941 4 147888 147889 148152 148151
88758 9986 10099 8 147890 147891 153059 148582 148577 148578 158515 158604
88759 9259 9355 9 147897 147898 157906 157871 156530 156529 157040 157061 157784
88760 9259 9264 3 147898 147899 157902
88761 9253 9259 6 147897 147899 157847 157733 157175 157174
88762 9264 9355 6 147898 147900 153118 153120 157916 157930
88763 10481 10500 5 147901 147902 148122 148121 153760
88764 10481 10706 5 147902 147903 148100 148106 148123
88765 9557 9747 4 147904 147905 149889 149892
88766 9827 9747 6 147906 147904 151841 150679 150678 148445
88767 9994 9875 6 147910 147911 158613 157352 156584 156585
88768 10007 9737 6 147917 147918 153568 153592 157455 153619
88769 9265 9035 7 147920 147921 157508 155719 155717 156547 157505
88770 9014 9265 3 147919 147921 157503
88771 9790 10063 5 147923 147924 158664 157516 157514
88772 9265 9453 6 147925 147926 157111 157109 155718 155719
88773 8978 9265 5 147925 147927 157502 157503 157508
88774 10644 10713 6 147929 147930 158632 158633 158560 157476
88775 10620 10492 4 147943 147944 148120 148137
88776 10122 9706 5 147951 147952 152222 152257 152207
88777 9663 9751 5 147953 147954 148534 148536 152925
88778 9751 9785 7 147953 147955 152815 152817 153195 153202 152926
88779 9762 9611 5 147956 147957 158544 157751 157749
88780 9334 9234 4 147962 147963 152229 157840
88781 9141 9182 4 147964 147961 158240 157983
88782 9141 9334 7 147961 147963 152230 158251 157836 157838 158239
88783 9234 9182 6 147962 147964 157982 153147 153148 157691
88784 9469 9524 5 147965 147966 157896 157676 157674
88785 9606 9524 5 147966 147967 157787 157270 157269
88786 9524 9591 6 147965 147967 158007 157634 157633 158086
88787 9513 9693 4 147968 147969 150773 150708
88788 9640 9649 4 147971 147972 150029 147975
88789 9640 9728 3 147972 147973 148538
88790 9738 9649 4 147974 147971 147976 151868
88791 9649 9314 5 147975 147976 151867 151874 150712
88792 9639 9513 3 147977 147979 152177
88793 9589 9616 3 147978 147980 150383
88794 9567 9592 9 147982 147983 153361 153354 153099 152783 152781 153329 153341
88795 9464 9592 5 147983 147984 152469 153351 153350
88796 9464 9505 4 147984 147981 153359 152468
88797 9464 9567 7 147981 147983 153260 153259 153362 153365 153358
88798 9592 9505 3 147982 147984 152467
88799 10012 9827 4 147993 147994 151722 148542
88800 9852 9827 7 147995 147993 148544 152164 152242 152327 152350
88801 9981 9827 6 147994 147995 152349 152330 152331 152358
88802 10756 10620 5 147997 147996 148019 148018 148104
88803 10446 10457 5 147999 148000 148413 148422 152313
88804 10574 10446 4 147998 148000 148388 148387
88805 10077 10129 3 148004 148002 152268
88806 10077 10094 8 148002 148003 152368 148243 148245 152764 153089 152267
88807 9277 9610 5 148005 148006 153752 153866 154021
88808 9213 9610 4 148007 148005 154066 152811
88809 9423 9610 6 148006 148007 152513 152512 152772 153627
88810 9534 9476 7 148012 148013 157242 158224 153220 153222 157170
88811 10463 10302 5 148014 148016 149272 150798 150800
88812 10620 10717 8 148017 148018 148091 148089 148148 148141 148142 148144
88813 10655 10587 7 148025 148026 148227 148225 148226 148232 148220
88814 10384 10655 3 148024 148026 148224
88815 10447 10251 4 148030 148031 148032 148036
88816 10447 10370 4 148032 148033 148035 148034
88817 10038 10147 6 148037 148038 158637 158638 158662 157419
88818 10038 10347 6 148038 148039 158666 157146 157147 157285
88819 10229 10038 5 148037 148039 158667 158668 157420
88820 10354 10466 5 148040 148041 157714 157712 158583
88821 10354 10565 4 148041 148042 158697 158595
88822 10312 10384 3 148043 148044 148047
88823 10623 10561 4 148050 148051 158877 158836
88824 10561 10695 5 148049 148051 158844 158827 148351
88825 10499 10459 5 148054 148053 148067 148099 148098
88826 10475 10652 3 148057 148058 148399
88827 10499 10608 5 148067 148066 148392 148390 148385
88828 10012 10013 3 148070 148071 148517
88829 10013 9852 5 148070 148072 148579 152343 148518
88830 10163 10071 5 148074 148075 153599 153598 153812
88831 9684 9940 4 148076 148078 153009 153004
88832 9955 9649 3 148079 148080 151973
88833 9935 9728 3 148081 148082 148231
88834 10364 10662 5 148083 148084 148423 148373 148375
88835 10457 10662 4 148084 148085 148372 148413
88836 10662 10608 6 148083 148085 148371 149222 148393 148392
88837 10620 10638 5 148089 148090 148113 148135 148146
88838 10236 10270 8 148102 148103 153734 153735 153751 153749 153815 153811
88839 10481 10717 6 148106 148107 148108 148114 148148 148124
88840 10717 10455 6 148109 148108 148115 148142 148116 148118
88841 10620 10455 5 148110 148111 148145 148142 148140
88842 10448 10620 5 148110 148112 148120 148136 148139
88843 10414 10717 3 148114 148115 148141
88844 10455 10756 3 148117 148118 148119
88845 10414 10163 3 148125 148126 148130
88846 10270 10392 3 148127 148128 153811
88847 10256 10414 4 148131 148132 148134 148133
88848 10620 10414 5 148138 148139 148140 148141 148149
88849 10620 10472 3 148143 148144 148145
88850 10620 10481 4 148146 148147 148149 148148
88851 10104 9981 4 148154 148155 152109 152107
88852 10104 9853 6 148155 148153 152278 152341 151667 151669
88853 10667 10473 4 148156 148157 148206 148212
88854 11315 11067 5 148159 148160 148796 148995 148431
88855 10840 10859 4 148168 148166 148189 148181
88856 10645 10749 5 148170 148169 149610 150605 150606
88857 10657 10449 3 148174 148171 148432
88858 10473 10823 6 148177 148175 148207 148206 148211 148213
88859 10473 10788 4 148175 148176 148200 148219
88860 10752 10673 5 148182 148183 148771 148769 149145
88861 10752 10577 5 148183 148184 148808 148807 148890
88862 10549 10673 6 148185 148182 148707 148706 148705 148466
88863 10549 10752 5 148182 148184 149175 149176 149439
88864 10657 10570 4 148190 148191 148377 148376
88865 10612 10940 6 148193 148194 149880 149940 150086 149846
88866 10944 10612 5 148193 148195 149282 149289 149847
88867 10952 10754 6 148198 148199 149260 149192 148845 148756
88868 10823 10774 3 148201 148202 148204
88869 10823 10587 5 148208 148209 148211 148215 148214
88870 10667 10587 4 148209 148210 148225 148212
88871 10549 10383 10 148217 148218 148649 148693 148647 148648 149948 148661 148662 148654
88872 10840 10655 3 148221 148222 148226
88873 9955 9849 4 148229 148230 151961 151962
88874 9728 9849 5 148231 148229 151821 151822 151877
88875 10772 10587 4 148232 148233 148235 148234
88876 10998 10848 3 148237 148238 150352
88877 10983 10998 8 148236 148238 149421 149170 149168 149434 149425 149369
88878 10094 10079 3 148243 148244 148416
88879 10077 9975 4 148245 148246 152677 152766
88880 10077 10079 5 148246 148243 151919 151917 152676
88881 10351 10173 3 148247 148248 157227
88882 10459 10652 4 148249 148250 148300 148399
88883 10624 10739 3 148254 148255 148665
88884 10740 10739 5 148255 148256 148521 148270 148272
88885 10596 10446 5 148260 148261 148645 148262 148263
88886 10417 10596 4 148259 148261 148646 148687
88887 10836 10739 7 148269 148270 148656 149049 148273 148274 148782
88888 10657 10836 3 148269 148271 148540
88889 10984 10739 3 148274 148275 148783
88890 11044 11171 4 148276 148277 149782 149839
88891 11080 11044 5 148276 148278 149326 149325 149840
88892 11794 11720 5 148280 148282 149198 149200 149307
88893 10797 11067 5 148285 148286 149048 149047 148809
88894 10958 10901 7 148289 148290 149164 148396 148398 148310 148311
88895 10958 11255 6 148290 148291 148394 149432 149317 149163
88896 11148 10901 3 148292 148289 148329
88897 10662 10786 4 148293 148294 148297 149250
88898 10865 10662 3 148296 148297 149249
88899 10546 10688 4 148303 148304 150295 150298
88900 10508 10547 4 148305 148302 150763 151883
88901 10457 10181 4 148307 148309 152313 152314
88902 10865 10901 8 148312 148310 149063 149254 149257 149249 149248 149242
88903 11049 10901 8 148311 148312 149240 149238 149209 149203 149202 148329
88904 10266 10647 4 148313 148314 150730 148334
88905 9516 9683 3 148318 148316 153397
88906 9516 9758 7 148316 148317 157854 157855 153611 153032 153029
88907 126 11615 4 148323 148320 149061 149525
88908 126 11453 3 148320 148322 149060
88909 10848 10934 6 148325 148326 149216 148988 148990 149802
88910 10577 10533 4 148327 148328 148366 148456
88911 10921 10874 6 148330 148331 148664 148786 148781 148780
88912 9341 9280 6 148335 148336 148607 152087 158198 158104
88913 9350 9280 5 148336 148337 157954 157863 148608
88914 10824 10578 7 148339 148338 150305 150555 149348 149347 150651
88915 9959 9980 4 148340 148341 148560 153191
88916 9959 10109 6 148341 148342 152218 148558 148559 148561
88917 9809 9980 5 148343 148340 153199 153076 153023
88918 9809 9959 4 148340 148342 152219 153185
88919 10109 9980 7 148341 148343 153024 153010 153012 153058 148562
88920 10642 10597 6 148347 148348 149381 152378 149349 149350
88921 10597 10652 5 148347 148349 148400 148401 149301
88922 10244 10521 5 148355 148356 148440 148487 148499
88923 10647 10709 6 148367 148368 149343 149344 153882 150633
88924 10793 10709 5 148368 148370 149244 149368 149352
88925 10662 10574 6 148371 148372 148388 148389 149162 149223
88926 11236 11564 3 148378 148379 149360
88927 10630 10446 5 148383 148381 148645 148421 148387
88928 10662 10446 5 148382 148383 148388 148413 148423
88929 10608 10669 4 148390 148391 149259 148393
88930 10990 11255 4 148394 148395 149461 149433
88931 10597 10901 5 148402 148400 148410 149246 149220
88932 11378 11347 5 148404 148405 149413 149091 149089
88933 10998 10793 6 148406 148407 149423 149369 149368 149422
88934 10998 10990 7 148407 148408 149370 149371 149459 149433 149424
88935 10912 10793 3 148409 148406 149378
88936 10990 10793 5 148407 148409 149377 149375 149374
88937 9230 9169 7 148418 148419 152000 148496 148495 152031 152036
88938 10099 10109 6 148424 148425 153058 148582 148559 148525
88939 11499 11324 6 148426 148427 149026 149027 149023 149018
88940 11240 11499 7 148426 148428 148757 148825 148827 148764 148765
88941 11571 11324 4 148427 148429 148815 148863
88942 9617 9965 3 148438 148436 151945
88943 9617 9967 4 148436 148437 153422 151944
88944 9838 10109 3 148443 148444 152276
88945 9838 10030 7 148441 148443 152345 152864 148471 148470 151723
88946 10204 10081 5 148449 148450 157728 157729 151739
88947 10204 10238 4 148450 148451 157056 157054
88948 10122 10267 5 148454 148455 151733 158461 148468
88949 10533 10549 5 148456 148457 148693 148695 148466
88950 10344 10549 3 148457 148458 148649
88951 9534 9496 3 148461 148462 157980
88952 9534 9591 8 148462 148460 153216 153217 157464 158152 158119 157979
88953 9534 9508 5 148460 148461 158151 158130 158129
88954 11422 11492 5 148465 148464 149009 149108 149124
88955 10122 10173 5 148467 148468 158464 148585 148549
88956 10173 10205 3 148467 148469 148526
88957 9780 9838 6 148471 148472 151983 151980 152923 152865
88958 9838 9827 6 148470 148472 152260 152165 148544 148542
88959 9721 9897 4 148473 148475 148616 157415
88960 10345 10287 7 148476 148477 152406 152367 149681 149683 149319
88961 10345 10508 7 148477 148478 150763 152142 152261 152414 152407
88962 10546 10287 4 148479 148476 149320 150748
88963 10508 10287 4 148477 148479 150743 150742
88964 10545 10299 4 148480 148481 158814 158646
88965 10355 10649 5 148482 148483 158011 158785 158648
88966 10649 10299 4 148481 148483 158010 158175
88967 9975 10030 4 148485 148486 152308 152357
88968 10354 10038 6 148489 148488 158422 158665 157146 157145
88969 10186 10109 5 148492 148490 148619 148531 148524
88970 10186 10114 6 148490 148491 148551 148554 158099 148618
88971 9169 9138 5 148496 148497 152074 152076 152001
88972 9041 9138 4 148497 148498 151012 151014
88973 9041 9230 4 148498 148495 152032 152597
88974 9041 9169 6 148495 148497 152064 152050 151721 151718
88975 10204 10526 6 148505 148506 158497 158160 151663 151661
88976 10561 10204 4 148504 148506 158531 158230
88977 9123 9306 6 148507 148508 157574 157575 158088 158143
88978 9228 8984 4 148509 148510 157615 157616
88979 9228 9123 5 148507 148509 153153 153152 158103
88980 10644 10565 5 148513 148514 158794 158559 158560
88981 10104 9852 3 148516 148518 152278
88982 10702 10534 8 148528 148529 149868 149754 148644 148642 148704 148703
88983 10122 10186 5 148531 148533 148550 148549 148583
88984 9751 9567 6 148534 148535 152196 152783 152780 153075
88985 9584 9728 4 148538 148539 151753 150030
88986 9738 9584 3 148537 148539 152507
88987 9838 10012 3 148542 148543 151723
88988 9625 9713 5 148545 148546 154164 154163 152599
88989 9418 9713 5 148547 148545 152600 152808 154064
88990 10384 10114 4 148552 148553 157198 148554
88991 9959 10114 6 148557 148558 152300 158524 158521 148576
88992 10099 9959 3 148557 148559 148577
88993 9959 9986 10 148560 148561 148577 148576 158522 158528 157805 153273 153162 153161
88994 10109 9986 3 148561 148562 148582
88995 9986 9980 6 148560 148562 153059 153014 153013 153192
88996 9343 9357 4 148567 148568 157603 158207
88997 9897 10233 4 148569 148570 148613 148614
88998 11540 11499 5 148571 148572 149025 149027 149021
88999 9450 9653 4 148575 148573 150586 150588
89000 9655 9653 6 148574 148575 152269 152466 152495 152483
89001 9986 10114 3 148578 148576 158514
89002 9738 10122 3 148580 148581 152207
89003 10032 10186 5 148583 148584 158276 148618 148619
89004 10032 10173 6 148584 148585 158072 158071 158496 158532
89005 9984 10204 5 148587 148588 151662 151661 158448
89006 9729 10015 5 148590 148591 158498 158494 158493
89007 9314 9388 3 148598 148599 152068
89008 9250 9441 4 148600 148601 151979 151978
89009 9250 9314 6 148598 148600 152049 152046 152045 152047
89010 9441 9388 6 148599 148601 152073 152056 151647 151644
89011 9350 9469 6 148605 148606 148608 157861 157676 157673
89012 9350 9414 5 148603 148605 158034 158204 158138
89013 9469 9341 5 148604 148606 148607 152086 157970
89014 9280 9469 5 148608 148607 152088 158090 157862
89015 9231 9227 7 148609 148610 158188 158332 158333 158337 152233
89016 9955 10089 4 148623 148624 151962 151819
89017 9728 10089 5 148624 148625 152166 151823 151821
89018 9231 8982 4 148633 148634 158265 158286
89019 9735 9727 4 148638 148635 152249 152246
89020 9735 9954 5 148635 148637 157820 157819 158299
89021 9734 9727 5 148636 148638 157747 157920 158176
89022 9849 10072 6 148639 148640 151780 151781 151653 151654
89023 9849 10076 3 148640 148641 151813
89024 10702 10549 3 148642 148643 148706
89025 10952 11016 4 148650 148651 148802 148844
89026 10952 10932 6 148651 148652 148845 149188 149183 148803
89027 10772 10952 4 148650 148652 148756 148755
89028 10383 10596 5 148654 148655 148687 148688 148689
89029 10490 10555 5 148657 148658 150689 150661 149873
89030 10490 10289 6 148658 148659 149976 152408 150692 150690
89031 10408 10555 7 148660 148657 149875 150087 150115 149937 149935
89032 10408 10490 6 148657 148659 149975 149906 149888 149874
89033 10289 10555 4 148658 148660 149938 150670
89034 10549 10634 6 148662 148663 149950 149801 149176 148691
89035 10463 10549 3 148661 148663 149949
89036 10352 10559 3 148666 148667 148669
89037 10539 10463 7 148672 148673 149922 149923 149951 149949 148686
89038 10757 10470 7 148675 148676 149947 150070 149931 149932 149668
89039 10289 10072 7 148678 148679 152401 151840 151839 151898 148680
89040 10383 10539 4 148686 148684 149894 149948
89041 10634 10596 4 148689 148690 149006 148691
89042 10533 10383 3 148693 148694 148696
89043 10533 10702 5 148697 148698 148703 148718 148720
89044 10726 11057 4 148699 148700 148848 148767
89045 10534 10673 3 148704 148702 148705
89046 10612 10766 6 148708 148709 149103 149284 149290 149289
89047 11277 11098 7 148710 148711 151517 151522 149784 149746 149747
89048 10533 10636 5 148719 148720 148721 148722 148724
89049 10533 10716 4 148723 148724 148726 148725
89050 10740 10577 3 148727 148728 148890
89051 10865 10952 4 148734 148735 149242 148847
89052 11608 11867 5 148736 148737 148953 148952 148968
89053 11210 11499 4 148745 148743 148829 148825
89054 11210 11374 4 148743 148744 148805 148806
89055 11180 11350 3 148746 148747 149634
89056 11240 11210 6 148751 148750 148830 148825 148826 149069
89057 11057 11115 3 148758 148759 148852
89058 10752 11039 5 148769 148770 149075 149814 149144
89059 10921 10726 3 148773 148774 148775
89060 10921 11187 3 148777 148778 148779
89061 10921 10739 4 148782 148783 148788 148784
89062 10921 10834 4 148785 148786 148787 148788
89063 11212 11115 3 148792 148793 148873
89064 11809 11560 3 148794 148795 148801
89065 11120 10944 4 148797 148798 148820 149786
89066 11171 11374 3 148806 148804 148898
89067 11453 15 4 148811 148812 149615 149533
89068 11781 11717 3 148813 148810 149078
89069 11781 11453 7 148810 148812 148907 148906 148939 149059 149060
89070 15 11717 6 148811 148813 149028 148872 148871 149077
89071 11026 11240 4 148821 148822 148865 148864
89072 11010 10969 4 148831 148832 149740 149575
89073 11864 203 7 148833 148834 148836 148837 149155 149171 149306
89074 9755 9821 5 148842 148843 151683 151634 149928
89075 10786 10952 5 148846 148847 149247 149192 149188
89076 11057 10648 4 148848 148849 148850 148851
89077 11434 11781 5 148853 148854 148938 148939 149298
89078 11269 11226 5 148861 148862 149919 151393 150364
89079 11269 11377 5 148862 148859 150404 150246 149917
89080 11269 11172 4 148859 148861 150363 150403
89081 11439 11267 7 148866 148867 149218 149219 149700 149632 149630
89082 11453 11259 6 148868 148869 149507 149545 149546 149554
89083 11453 11267 4 148869 148866 148975 148977
89084 10960 10927 6 148875 148876 148903 148901 149823 149820
89085 10934 10927 3 148876 148877 148990
89086 10934 11099 5 148877 148874 149493 149215 148988
89087 11832 11849 3 148880 148881 148935
89088 11490 11324 5 148885 148886 149023 148892 148887
89089 11540 11324 3 148891 148892 149027
89090 11361 11086 3 148893 148894 149084
89091 11287 11434 5 148895 148896 149327 149322 149323
89092 11615 11287 4 148895 148897 149552 149556
89093 10960 10848 3 148902 148903 149802
89094 11342 10718 4 148904 148905 149580 154503
89095 11525 11477 7 148908 148909 149312 149313 149721 149524 149522
89096 11207 11477 3 148909 148911 149734
89097 11760 11719 7 148914 148913 150125 149660 148931 148933 149447
89098 11259 10960 4 148918 148920 149766 149799
89099 11608 11769 3 148923 148922 148952
89100 10605 10976 4 148928 148929 150047 150044
89101 10747 10976 6 148930 148928 150045 151490 151509 151519
89102 11719 11671 5 148931 148932 149576 149621 149622
89103 11719 142 4 148932 148933 149625 149577
89104 11434 11595 3 148937 148938 149005
89105 11730 11805 5 148940 148941 149626 149079 149080
89106 11535 11457 7 148942 148943 149102 148954 148955 149591 149589
89107 10752 10630 3 148945 148946 149007
89108 11867 116 4 148948 148949 148950 148964
89109 11535 11429 4 148955 148956 149519 149521
89110 11608 11535 6 148954 148956 149733 148958 148957 148965
89111 11867 11692 4 148959 148960 148968 148967
89112 11849 11525 3 148969 148970 149758
89113 11434 11267 5 148977 148974 149329 149327 149506
89114 11453 11374 8 148981 148982 149569 149554 149451 149449 149450 149532
89115 11294 10998 6 148984 148985 149412 149414 150617 150533
89116 11836 50 5 148986 148987 149055 149000 149001
89117 11099 10848 3 148988 148989 149193
89118 11175 11067 5 148994 148995 149076 149140 149138
89119 11383 11492 4 148996 148997 149009 149008
89120 11836 11813 5 148999 149000 149074 149112 149065
89121 40 11836 5 148999 149001 149035 149054 149064
89122 10634 10752 7 149006 149007 149232 149231 149287 149288 149176
89123 11499 11876 3 149015 149016 149017
89124 11499 11490 5 149019 149020 149022 149023 149021
89125 11499 11411 3 149024 149025 149026
89126 10836 11067 5 149038 149039 149049 149048 149186
89127 11492 11768 5 149042 149043 149109 149132 149131
89128 11148 11363 4 149044 149045 149099 149098
89129 11434 11378 5 149056 149057 149087 149085 149323
89130 11361 11378 5 149057 149058 149448 149466 149465
89131 11180 11063 7 149070 149071 149217 149772 149811 149852 149833
89132 11218 11180 4 149070 149072 149527 149834
89133 11439 11063 3 149071 149073 149219
89134 11259 10934 5 149081 149082 149766 149493 149494
89135 11259 11086 11 149082 149083 149084 149548 149547 149546 149555 149812 149813 149800 149799
89136 11259 11378 3 149085 149086 149321
89137 11287 11378 6 149088 149089 149556 149323 149321 149564
89138 10998 11378 6 149091 149088 149460 149459 149443 149412
89139 10998 11287 5 149088 149090 149169 149168 149541
89140 11492 11696 5 149092 149093 149131 149133 149135
89141 9905 9923 4 149096 149097 150892 150927
89142 9905 9858 6 149095 149096 150939 151590 151564 150872
89143 11492 11511 4 149117 149118 149119 149120
89144 11492 11517 3 149123 149124 149125
89145 11492 11878 4 149127 149128 149137 149129
89146 11492 11523 3 149134 149135 149136
89147 10784 10752 7 149144 149145 149439 149288 149280 149279 149639
89148 11361 11273 3 149146 149147 149158
89149 10752 10960 4 149151 149152 149279 149286
89150 10752 10802 4 149152 149153 149287 149280
89151 11170 11553 4 149159 149160 149173 149161
89152 11287 10983 4 149165 149166 149168 149542
89153 11099 10983 7 149166 149167 149215 149193 149194 149211 149170
89154 10983 11259 4 149165 149167 149494 149526
89155 10457 10652 3 149185 149184 149301
89156 10359 10006 5 149189 149190 150761 154482 154473
89157 10269 10006 5 149190 149191 154330 154331 150762
89158 10006 10413 4 149189 149191 154369 154375
89159 10927 10983 3 149194 149195 149212
89160 11720 11804 5 149198 149199 149486 149392 149393
89161 11720 11806 4 149199 149200 149488 149487
89162 11794 11804 5 149201 149198 149464 149415 149394
89163 10856 11113 3 149204 149205 149206
89164 10936 10983 4 149211 149212 150144 149421
89165 11180 11267 3 149217 149218 149773
89166 10662 10901 9 149222 149223 149236 149226 149225 149261 149250 149249 149258
89167 10901 10952 7 149224 149225 149260 149247 149242 149240 149241
89168 11231 11035 5 149227 149228 150619 149263 149264
89169 11231 11236 7 149228 149229 150202 150179 149357 149358 150625
89170 11177 11035 6 149230 149227 149427 150456 152320 150547
89171 11177 11231 5 149227 149229 149406 149405 149426
89172 11304 11180 3 149234 149235 149841
89173 10901 10979 3 149238 149239 149241
89174 10786 10901 4 149247 149248 149250 149262
89175 11155 11130 7 149251 149252 150542 150532 150140 150141 151086
89176 10718 11130 3 149253 149251 151088
89177 10778 11130 6 149252 149253 151094 151287 150230 150231
89178 10901 10669 4 149256 149257 149258 149259
89179 10901 10754 3 149260 149261 149262
89180 10287 10487 7 149265 149266 150748 150743 149995 149996 149999
89181 10287 10543 6 149266 149267 150713 150682 149319 149320
89182 10543 10487 3 149266 149268 150700
89183 10311 10749 3 149269 149271 149366
89184 11010 10960 6 149275 149276 149286 149640 149859 149850
89185 10784 10960 5 149279 149281 149292 149835 149640
89186 10876 10612 4 149282 149283 149866 149290
89187 10612 10702 5 149284 149285 149868 149867 149866
89188 10802 11063 4 149293 149291 149612 149611
89189 9273 9479 7 149294 149296 158254 152009 152011 152053 151866
89190 10920 11151 5 149303 149304 149793 149751 149752
89191 11384 11089 3 149310 149311 149361
89192 11236 11384 5 149309 149311 149360 149395 150179
89193 11372 11477 5 149315 149312 149734 149743 149742
89194 11372 11525 3 149312 149314 149645
89195 10983 11255 5 149316 149317 149434 149542 149526
89196 11044 10944 4 149324 149325 149842 149830
89197 11347 11280 3 149330 149332 150223
89198 10266 10345 6 149335 149333 150643 150786 152262 152261
89199 10113 10345 5 149334 149335 152414 152412 152362
89200 10609 10619 7 149345 149346 150862 152879 154367 154368 152880
89201 10609 10824 4 149346 149347 150647 150645
89202 10578 10609 7 149345 149347 150986 150988 151059 154399 152881
89203 10824 10619 5 149346 149348 150554 150745 150863
89204 10597 10475 3 149349 149351 152377
89205 11231 11294 3 149356 149357 150178
89206 11347 11236 3 149358 149359 150623
89207 11347 11294 7 149359 149356 149441 149440 149413 149414 150616
89208 10371 10746 4 149363 149364 150741 150614
89209 10749 10474 5 149365 149362 150606 150717 150716
89210 10746 10474 6 149363 149365 150683 150110 149806 149805
89211 10793 10873 4 149372 149373 149376 149375
89212 11035 10928 5 149379 149380 150456 154396 150638
89213 10116 10413 3 149382 149384 152701
89214 10524 10502 4 149387 149388 154345 154432
89215 10418 10502 5 149389 149387 154377 154378 154285
89216 10617 10474 3 149408 149407 150312
89217 11347 11384 3 149410 149411 149441
89218 10017 10154 4 149419 149420 151347 151346
89219 10998 10958 4 149423 149424 149432 149425
89220 11280 11155 4 149431 149429 150209 150542
89221 10998 11255 5 149432 149433 149460 149541 149434
89222 10467 11050 6 149435 149436 151493 151496 150388 150333
89223 10467 10527 5 149436 149437 151487 151499 151494
89224 11200 11378 7 149442 149443 149469 149468 149481 149480 149501
89225 35 11615 3 149444 149446 149518
89226 11378 11514 5 149455 149456 149482 149480 149502
89227 10990 11378 5 149459 149461 149473 149470 149469
89228 11378 11148 3 149471 149472 149473
89229 11864 11833 3 149474 149475 149614
89230 11378 11460 3 149481 149482 149483
89231 11455 11259 5 149484 149485 149550 149547 149545
89232 11653 11815 4 149495 149496 150371 150375
89233 11202 11287 5 149499 149500 149693 149694 150072
89234 11619 11622 3 149503 149504 149505
89235 10039 9764 5 149508 149509 150131 151548 150740
89236 10039 9905 6 149509 149510 150258 150259 149985 149983
89237 10778 10910 3 149513 149511 151094
89238 10778 10813 6 149511 149512 151284 151280 151279 151287
89239 11730 11833 4 149517 149516 149709 149592
89240 11525 11535 8 149519 149520 149589 149684 149685 149756 149732 149733
89241 11304 11535 3 149520 149521 149591
89242 11457 11374 3 149530 149531 149583
89243 11567 11196 5 149534 149535 149629 149877 149689
89244 11413 11567 4 149534 149536 149538 149690
89245 11255 11287 4 149541 149542 149551 149564
89246 11259 11170 3 149548 149549 149550
89247 10757 10899 5 149565 149566 150143 149933 149931
89248 10527 10757 5 149565 149567 150088 150071 150070
89249 11862 11462 4 149572 149573 149618 149619
89250 11862 11719 6 149573 149570 149665 149664 149577 149576
89251 11862 11721 6 149570 149572 149646 149728 149662 149661
89252 11671 11862 5 149578 149576 149618 149617 149708
89253 10547 10848 3 149584 149585 149953
89254 142 497 3 149588 149586 149628
89255 11833 11882 4 149592 149593 149616 149620
89256 11196 11071 3 149596 149597 150145
89257 10161 10144 3 149599 149600 150471
89258 10074 10311 6 149601 149602 149887 149977 149978 150805
89259 11715 11639 5 149604 149605 150359 150360 150511
89260 10811 11189 6 149606 149607 151078 151079 154176 150558
89261 10811 10959 6 149607 149608 155065 155093 155016 151119
89262 11719 11567 4 149622 149623 150139 149660
89263 11462 11567 4 149623 149624 149659 150073
89264 10861 10960 4 149637 149638 149823 149767
89265 10784 11010 4 149639 149640 149848 149831
89266 10142 10474 3 149641 149642 149872
89267 11784 11862 4 149663 149661 149665 149666
89268 21 11862 7 149662 149663 149714 149720 149726 149715 149717
89269 16 11862 6 149666 149664 149686 149698 149719 149714
89270 10757 10892 3 149667 149668 150085
89271 11280 10749 4 149672 149670 150551 150267
89272 11760 11211 3 149674 149675 150125
89273 11483 11592 3 149676 149677 149691
89274 10287 10042 6 149682 149683 150682 150810 149776 149778
89275 10287 9971 4 149681 149682 150681 150680
89276 11727 11758 5 149696 149697 149707 149703 149702
89277 11267 11218 3 149699 149700 149775
89278 11727 11750 3 149704 149705 149707
89279 259 11862 4 149711 149712 149722 149713
89280 11862 75 3 149715 149716 149725
89281 11862 384 4 149718 149719 149720 149727
89282 282 11862 6 149722 149723 149725 149726 149727 149724
89283 11477 11750 3 149729 149730 149731
89284 11151 11462 3 149737 149738 149745
89285 10920 11218 4 149750 149751 149792 149815
89286 10888 10702 5 149754 149755 149770 149785 149867
89287 11525 11771 4 149756 149757 149758 149759
89288 10888 10795 3 149764 149765 149770
89289 11259 11063 3 149772 149774 149813
89290 11172 10749 3 149779 149780 150102
89291 11044 11180 7 149782 149783 149853 149833 149834 149843 149841
89292 11639 11172 7 149788 149789 150403 150397 150381 150382 150393
89293 11639 11377 7 149789 149790 149907 149908 150408 150419 150404
89294 11202 11172 3 149791 149788 150214
89295 10179 10443 4 149796 149797 151311 151560
89296 10443 10599 4 149795 149797 151309 151310
89297 10474 10487 6 149806 149807 149999 149998 150714 150111
89298 9697 11934 3 149808 149810 150837
89299 9842 10117 4 149816 149817 151367 151592
89300 11044 11063 7 149825 149826 149833 149860 149836 149832 149828
89301 11044 11218 5 149826 149827 149838 149844 149834
89302 11052 11044 5 149825 149827 149837 149830 149829
89303 11044 10960 3 149835 149836 149859
89304 11304 11044 7 149837 149838 149845 149841 149839 149840 149842
89305 11044 11457 3 149843 149844 149845
89306 11010 11044 5 149848 149849 149853 149860 149859
89307 11063 11010 4 149850 149851 149852 149860
89308 9937 9869 5 149854 149855 151618 151621 151639
89309 171 11639 5 149861 149862 150367 150406 150307
89310 10812 10940 5 149869 149870 149921 150034 149940
89311 8997 9169 8 149881 149882 151936 151968 151967 152075 152001 152000
89312 9137 9036 3 149884 149885 152522
89313 9747 9723 3 149891 149892 151841
89314 9747 9680 7 149889 149891 150679 150676 152916 150985 150821
89315 9723 9557 5 149890 149892 150971 150970 152264
89316 9971 9853 5 149895 149896 152198 152550 152363
89317 10016 10074 4 149897 149898 150803 150802
89318 10016 9853 7 149898 149895 152347 152344 151669 151668 151912
89319 10003 10136 6 149899 149900 150014 151850 151851 151853
89320 10634 10547 4 149901 149902 149962 149964
89321 9138 9137 7 149903 149904 152490 152489 152660 152570 152571
89322 11639 11841 4 149908 149909 150297 150409
89323 11713 11940 5 149912 149910 150156 151392 151257
89324 11545 11940 4 149911 149912 151258 150575
89325 9853 9804 10 149914 149915 152093 152501 150703 150702 152363 152347 152348 152351
89326 9852 9804 3 149916 149914 152327
89327 11713 11269 4 149917 149919 151392 150247
89328 10899 10470 4 149934 149931 150089 151521
89329 10539 10555 7 149935 149936 150122 149945 149946 150669 149938
89330 10525 10555 3 149936 149937 150117
89331 10539 10634 3 149950 149951 149952
89332 10566 10681 7 149960 149961 150685 150662 150659 150657 150637
89333 10371 10707 4 149967 149968 150741 149992
89334 10371 10589 4 149968 149969 150613 150614
89335 10074 10490 5 149975 149976 152410 149979 149977
89336 10039 9911 7 149983 149984 150725 151565 151567 151547 150131
89337 10039 10284 6 149984 149985 150709 151570 151601 150726
89338 9905 10284 5 149985 149986 150938 150847 150710
89339 9905 9911 5 149986 149983 150132 151590 151574
89340 10284 9911 4 149984 149986 151552 150727
89341 10089 10330 4 149989 149990 151862 151788
89342 10089 10289 3 149990 149991 151792
89343 10287 10184 5 149994 149995 150742 152406 150738
89344 10537 10522 5 150002 150003 154675 154421 153775
89345 10425 10580 6 150004 150005 154009 154011 154093 154091
89346 10425 10522 7 150005 150002 153585 153587 154336 154335 154284
89347 10425 10537 3 150002 150004 153776
89348 9745 9814 7 150006 150007 155084 155085 155073 155074 155163
89349 9745 10329 4 150007 150008 155079 155147
89350 10328 10329 10 150008 150009 150491 150490 155150 155174 155172 155152 155154 155080
89351 10328 9814 7 150009 150006 155164 155238 155114 155113 155155
89352 10328 9745 4 150006 150008 150855 150857
89353 10329 9814 3 150007 150009 155148
89354 10394 10255 5 150010 150011 150217 150573 151103
89355 10394 9993 5 150011 150012 150452 150450 150218
89356 10098 10255 4 150013 150010 150937 150936
89357 10098 10394 7 150010 150012 151105 151115 151324 151219 151104
89358 9993 10255 7 150011 150013 150928 150914 150909 150908 150219
89359 10337 9667 3 150018 150020 150921
89360 10248 10225 3 150019 150021 150068
89361 9109 9173 3 150027 150028 151366
89362 9584 9649 6 150029 150030 151752 152491 152506 150712
89363 11009 11337 4 150031 150032 151405 150104
89364 10264 10564 6 150037 150038 151351 150199 150201 151526
89365 11226 11939 5 150040 150039 151318 151454 151334
89366 10343 10213 5 150043 150042 151313 151291 151268
89367 10248 10976 5 150045 150044 150096 151489 151491
89368 11277 11467 4 150053 150054 150425 150424
89369 11545 11896 3 150055 150056 151470
89370 9816 9222 3 150057 150059 151584
89371 9385 8806 4 150060 150061 150066 151658
89372 8785 9385 7 150060 150062 150992 151349 151458 151677 151660
89373 10161 9911 5 150064 150063 151368 151580 151577
89374 9434 9582 5 150077 150078 152157 152156 154246
89375 9434 9535 5 150075 150077 152977 150808 150603
89376 9582 9423 5 150076 150078 152772 153628 152666
89377 10017 10264 4 150081 150079 151348 151347
89378 10474 10824 6 150110 150111 150555 150554 150719 150684
89379 10487 10824 4 150111 150112 150304 150305
89380 10555 10757 5 150114 150115 150117 150122 150116
89381 10757 10911 3 150118 150119 150120
89382 10757 10539 3 150121 150122 150123
89383 11582 11680 3 150127 150128 150541
89384 11243 10654 3 150138 150135 150293
89385 166 10654 6 150136 150138 150292 151445 151426 151162
89386 11299 11680 5 150146 150147 150365 150400 150299
89387 72 11680 5 150147 150149 150497 150343 150344
89388 11887 11940 5 150156 150155 150158 151396 151394
89389 10139 9993 5 150159 150160 150450 150451 150884
89390 10178 10617 6 150161 150162 150598 150553 150240 150241
89391 10178 9993 6 150162 150159 150885 152824 152823 150640
89392 10178 10139 4 150159 150161 150341 150883
89393 10617 9993 6 150160 150162 150639 150878 150219 150218
89394 11841 746 4 150168 150169 150174 150183
89395 11841 277 3 150170 150171 150172
89396 11713 268 3 150175 150176 150236
89397 9726 11934 4 150180 150181 150198 151339
89398 11841 402 4 150182 150183 150187 150185
89399 34 268 3 150184 150186 150410
89400 11299 10813 4 150191 150193 151282 151290
89401 10467 10790 4 150195 150196 151315 151378
89402 10863 10467 5 150194 150196 150387 150333 150332
89403 11934 9605 7 150197 150198 151338 151515 151541 151545 151542
89404 9972 10264 3 150199 150200 150459
89405 9654 9871 4 150211 150212 152461 155187
89406 9993 9356 4 150213 150210 154244 154256
89407 9871 9356 7 150211 150213 154257 154263 154261 154260 155183
89408 10394 10617 7 150217 150218 150469 150485 150484 151143 150574
89409 10892 11110 3 150220 150221 150222
89410 10646 11306 5 150225 150226 151156 151157 150820
89411 11306 10465 4 150224 150226 151171 151329
89412 268 11377 6 150228 150229 150235 150236 150238 150408
89413 11377 86 3 150233 150234 150235
89414 11377 11887 4 150237 150238 150419 150246
89415 10617 10214 3 150239 150241 150342
89416 11661 10646 10 150243 150244 150325 150561 150560 151157 151188 150778 150779 150565
89417 6308 11661 4 150242 150244 150326 150981
89418 11887 11269 5 150246 150247 151394 150418 150416
89419 11863 11723 5 150248 150250 150922 150495 150494
89420 11796 388 3 150253 150254 150499
89421 9284 8843 4 150255 150256 151270 151269
89422 10039 9284 6 150257 150258 150919 151606 151599 151597
89423 238 11823 3 150262 150263 151138
89424 10692 10394 7 150264 150265 155064 155063 150346 150349 151326
89425 10020 10394 4 150266 150264 151325 151115
89426 9871 10394 6 150265 150266 151105 150452 150449 155072
89427 11053 11715 3 150269 150271 150345
89428 11578 11478 7 150273 150274 151083 150982 150941 150569 150570
89429 11306 11478 5 150275 150273 150320 150319 155104
89430 10959 11478 7 150274 150275 150949 150951 155067 151174 151084
89431 11064 11556 3 150278 150279 154908
89432 10475 10260 4 150281 150282 152211 152324
89433 11564 11018 7 150284 150286 154929 154931 154932 154942 154743
89434 11189 11649 4 150288 150289 154465 150486
89435 11810 11653 6 150290 150291 150392 154311 150435 150436
89436 166 11009 4 150292 150294 151391 151443
89437 34 11639 7 150296 150297 150410 150405 150367 150362 150359
89438 11272 11299 6 150299 150300 151262 151282 150398 150396
89439 11272 11325 6 150300 150301 150517 150518 151298 151261
89440 11680 11272 4 150299 150301 150515 150399
89441 11680 11130 3 150303 150302 150519
89442 322 11639 7 150306 150307 150407 150414 150417 150411 150401
89443 10287 10112 6 150309 150310 150739 150738 152367 150680
89444 10619 10617 7 150311 150312 154332 154501 150597 150598 150639
89445 10443 9697 6 150313 150314 151436 151438 151598 151314
89446 10116 9654 5 150316 150317 154307 154325 154241
89447 10252 9654 7 150317 150318 154322 155191 154267 152648 152647
89448 10252 10116 7 150315 150317 151048 151050 154327 154252 151043
89449 9654 10214 4 150316 150318 154316 154242
89450 11542 11306 8 150321 150319 154951 151165 151160 151161 151275 151077
89451 11661 354 6 150325 150326 150980 150568 150566 150840
89452 10646 354 4 150327 150325 151099 155119
89453 9595 11060 4 150331 150330 151451 151538
89454 340 11715 3 150334 150335 150430
89455 11172 10813 4 150339 150337 151290 151289
89456 10616 10813 5 150338 150339 151278 151280 151283
89457 10214 10139 5 150341 150342 150615 154321 154316
89458 10828 10769 6 150347 150348 151145 151149 151151 151163
89459 10394 10769 5 150348 150349 151331 151212 151146
89460 10394 10828 5 150346 150348 151144 151143 155088
89461 10769 10692 4 150347 150349 151328 151164
89462 11715 11413 4 150354 150355 150391 150428
89463 11269 11299 5 150363 150364 151398 150412 150402
89464 11299 322 5 150365 150366 151403 150412 150401
89465 11715 133 4 150368 150369 150377 150378
89466 262 11715 5 150368 150370 150390 150430 150431
89467 10992 10925 4 150372 150373 154983 151080
89468 11653 11619 5 150374 150375 150429 150426 150427
89469 11639 11272 5 150380 150381 150396 150399 150514
89470 10718 10878 4 150385 150386 150720 150649
89471 10467 10976 8 150387 150388 151495 151524 151507 151490 151491 151315
89472 10863 10976 4 150389 150387 151316 151506
89473 11639 11096 3 150393 150394 150395
89474 11639 11299 5 150396 150397 150402 150401 150400
89475 11639 11269 5 150402 150403 150404 150416 150411
89476 11639 402 5 150405 150406 150407 150415 150413
89477 11639 268 6 150408 150409 150410 150413 150420 150422
89478 11269 322 4 150411 150412 151401 150418
89479 369 11639 4 150414 150415 150420 150421
89480 11887 11639 5 150416 150417 150421 150422 150419
89481 11277 11364 3 150423 150425 151425
89482 11810 192 4 150436 150437 150444 150439
89483 121 11653 3 150438 150435 154312
89484 11810 340 6 150440 150441 150444 150443 150442 150446
89485 11810 392 3 150445 150446 150447
89486 10139 10394 4 150449 150450 150469 154949
89487 9871 10139 6 150449 150451 152461 155158 155159 155071
89488 11177 10928 3 150456 150457 154397
89489 9904 9972 6 150458 150459 151355 151569 151353 150595
89490 9904 10264 6 150459 150460 151345 151348 151352 151351
89491 10248 9904 4 150458 150460 151215 150594
89492 10440 11065 5 150462 150463 155098 151073 151074
89493 10998 11035 3 150467 150465 150533
89494 11578 11743 5 150476 150477 155143 150983 150982
89495 138 11181 4 150478 150475 154923 154922
89496 138 11578 7 150475 150477 155142 155121 151140 151142 155024
89497 10992 11314 6 150479 150480 154715 154983 154926 150753
89498 11342 11314 4 150482 150479 150754 154936
89499 10811 10394 4 150483 150484 155088 155063
89500 10394 10293 5 150483 150485 154949 155072 155064
89501 10957 11058 6 150487 150488 154924 154975 154939 154937
89502 10329 10465 5 150489 150490 155149 154977 154976
89503 10020 10328 3 150491 150492 155155
89504 10020 10329 5 150489 150491 155148 155147 155162
89505 11723 388 5 150493 150494 150496 150501 150499
89506 11723 56 3 150500 150501 150502
89507 10359 10334 4 150506 150507 153797 153706
89508 10359 10245 6 150507 150508 152288 150630 150628 153798
89509 10257 10245 3 150508 150509 152289
89510 10257 10334 6 150509 150506 153707 152784 152773 152441
89511 10257 10359 6 150506 150508 152287 154166 152293 152290
89512 11433 11325 3 150516 150517 150520
89513 9630 9791 3 150522 150523 151089
89514 9630 9696 9 150523 150524 150527 152940 152624 152625 154333 151030 151028
89515 9487 9696 6 150524 150525 154087 154167 152806 150528
89516 9487 9791 4 150525 150522 151091 154085
89517 9487 9630 5 150522 150524 150526 154258 151090
89518 9696 9791 8 150523 150525 154086 152633 152635 154178 152174 152173
89519 9331 9487 6 150528 150526 154234 154232 154131 152805
89520 9331 9630 5 150526 150527 152941 154126 154125
89521 11385 11433 3 150529 150530 150531
89522 11103 10995 4 150535 150536 154705 154706
89523 10872 10837 4 150537 150538 154731 154513
89524 11155 11680 4 150539 150540 150541 150548
89525 10097 9477 4 150544 150545 152892 152419
89526 9511 9477 5 150545 150546 152614 151021 151023
89527 9511 9662 6 150546 150543 152305 152306 152888 152887
89528 11155 11796 3 150548 150549 150550
89529 10864 11661 4 150559 150560 151155 154704
89530 11740 11661 6 150561 150559 155137 151190 150839 150840
89531 9485 9299 5 150562 150563 154278 154229 154168
89532 11661 2632 3 150567 150568 150865
89533 150 11478 4 150572 150569 150943 155000
89534 150 11578 5 150569 150571 155121 155140 150942
89535 10394 10718 6 150573 150574 151144 151146 151213 151106
89536 10828 10718 5 150576 150577 151147 151145 151144
89537 9281 9223 6 150579 150580 153987 153738 153739 153941
89538 9313 9223 10 150580 150581 153485 153487 153502 153514 153511 153498 153477 153476
89539 9313 9452 7 150581 150578 153896 153825 153824 153859 153860
89540 9313 9281 4 150578 150580 153988 153992
89541 9223 9452 3 150579 150581 153930
89542 9132 8894 5 150583 150584 150993 151072 150769
89543 9705 9321 5 150585 150587 150977 150978 152684
89544 10178 10619 5 150596 150598 150640 152965 152970
89545 10184 10578 3 150600 150601 150788
89546 10078 10079 5 150607 150608 152294 152837 152393
89547 10936 11294 4 150616 150617 150618 150622
89548 10936 11231 4 150619 150620 150621 150625
89549 11236 10936 4 150622 150623 150625 150624
89550 10824 10977 4 150626 150627 154499 150648
89551 10359 10174 5 150629 150630 152750 152751 154485
89552 10245 10269 3 150631 150628 154364
89553 10174 10269 7 150629 150631 154363 151062 151064 154248 154249
89554 10302 10547 5 150634 150635 151883 150797 150800
89555 10597 10547 3 150636 150634 150697
89556 10619 9993 4 150639 150640 152966 150877
89557 10016 10266 3 150642 150643 150787
89558 10609 10928 6 150646 150647 150986 150987 151002 154348
89559 10718 10824 5 150648 150649 150719 150745 154506
89560 10154 10377 5 150655 150656 150946 150944 151093
89561 10589 10681 3 150663 150662 150686
89562 11053 10733 4 150665 150666 150718 150668
89563 10547 10380 3 150671 150672 152373
89564 10077 10270 4 150673 150674 153039 152974
89565 9860 9680 4 150676 150677 153079 152928
89566 9860 9827 6 150677 150678 152455 152454 152933 153080
89567 9747 9860 6 150676 150678 152911 152909 152736 152735
89568 9827 9680 3 150677 150679 152477
89569 10474 10878 4 150683 150684 150720 150716
89570 10547 10490 4 150687 150688 150690 150689
89571 10543 10289 3 150691 150692 152395
89572 9147 9230 5 150694 150695 152597 152610 152638
89573 9138 9147 6 150693 150695 151012 151013 152570 152658
89574 9230 9317 5 150694 150696 152091 152175 152176
89575 9701 9853 3 150701 150702 152550
89576 10188 9981 7 150706 150707 152310 152309 152281 152282 152316
89577 10188 9971 3 150704 150706 150807
89578 9981 10266 3 150705 150707 151824
89579 9584 9314 4 150711 150712 152503 152502
89580 10039 10371 4 150725 150726 151600 151566
89581 10371 9911 8 150725 150727 151553 151576 151577 151581 151558 151557
89582 10707 10743 3 150734 150735 150736
89583 10112 10184 5 150737 150738 152411 152413 152436
89584 10619 10718 4 150744 150745 154505 154332
89585 10255 9858 5 150749 150750 151575 150939 150940
89586 10371 9858 4 150750 150752 150897 151576
89587 10609 11089 6 150755 150756 151057 152947 154348 154443
89588 10709 10609 6 150755 150757 151058 150988 150987 151003
89589 9918 10269 4 150762 150760 154371 154370
89590 9918 10359 5 150760 150761 154483 154488 154486
89591 10345 10067 7 150764 150765 150801 152374 152403 152399 152400
89592 10072 10067 7 150767 150764 151840 151802 151653 151655 151786
89593 10072 10345 3 150764 150766 152401
89594 10074 10067 4 150765 150767 152208 150803
89595 9132 8774 6 150768 150769 151070 150968 150967 150811
89596 10443 9184 4 150774 150775 151436 151387
89597 11661 10535 4 150779 150776 151205 151204
89598 10646 10535 3 150777 150779 151201
89599 10020 9811 5 150781 150782 155026 150830 150831
89600 10020 10599 6 150780 150781 151265 151264 151325 151260
89601 10180 10184 4 150788 150789 152338 152382
89602 10180 10232 5 150789 150790 154310 152728 152339
89603 10578 10180 5 150788 150790 154431 154350 152383
89604 9701 9679 4 150791 150792 150879 152021
89605 10345 10302 6 150794 150795 152262 152142 150797 150798
89606 10380 10345 9 150794 150796 152372 152398 152402 152399 152396 152373 152371
89607 10345 10463 3 150798 150799 152371
89608 10042 10311 4 150804 150805 150806 150810
89609 9408 9434 5 150808 150809 152685 152760 152978
89610 9618 9811 4 150813 150814 150830 155043
89611 9670 9708 5 150817 150818 152859 152791 152793
89612 9670 9581 5 150818 150815 151772 153443 152858
89613 9670 9535 4 150815 150817 152665 151771
89614 9708 9581 6 150816 150818 150965 150964 152820 152889
89615 10646 11642 4 150819 150820 151188 151196
89616 8899 9259 3 150824 150822 157899
89617 8899 9207 6 150822 150823 153541 157880 157882 157910
89618 10006 10085 9 150828 150829 154079 151033 151032 152432 154369 154330 151006
89619 10006 9791 3 150829 150827 152174
89620 10006 9924 6 150827 150828 151005 152745 151027 151029
89621 9102 8691 5 150832 150833 157496 157497 158035
89622 10599 11190 3 150834 150835 150974
89623 10769 10599 7 150834 150836 150889 151328 151331 151312 150973
89624 9905 10098 5 150846 150847 150936 150854 150852
89625 9315 8774 5 150848 150849 151069 151070 151071
89626 9905 9993 5 150853 150854 150928 150892 150891
89627 9745 10170 5 150855 150856 155081 155082 155079
89628 9745 9458 7 150856 150857 155163 155151 155090 155091 155086
89629 10328 10170 3 150858 150855 155080
89630 9458 10170 9 150856 150858 155177 155178 155176 155166 155004 155003 155087
89631 9584 9557 4 150859 150860 152516 152564
89632 10097 9923 6 150869 150870 152905 152968 152428 152429
89633 10097 9993 8 150870 150871 152966 152823 152821 152892 154466 152906
89634 10232 10097 6 150869 150871 154467 150912 150911 152421
89635 9254 8661 3 150873 150874 151365
89636 8976 9254 7 150873 150875 151678 151664 151666 151714 151504
89637 10074 9616 4 150881 150882 152199 152453
89638 10139 9654 6 150883 150884 152461 155186 154322 154316
89639 10178 9654 7 150885 150883 154242 154241 152634 152636 154300
89640 9993 9674 4 150890 150891 151042 150893
89641 9308 9003 3 150902 150903 151596
89642 9385 8532 3 150906 150907 150992
89643 10348 10232 6 150912 150913 154310 154414 154413 154447
89644 10348 10062 5 150913 150910 152975 154469 154309
89645 10348 10097 6 150910 150912 152969 152894 152431 152430
89646 10232 10062 5 150911 150913 152728 152729 152422
89647 10255 9923 4 150914 150915 150940 150927
89648 9838 9590 4 150916 150917 151884 151903
89649 9669 9590 6 150917 150918 153235 153167 152144 151886
89650 9590 9722 5 150916 150918 153234 153137 151905
89651 11306 11723 4 150922 150923 151136 151077
89652 9905 10255 6 150927 150928 150936 150938 151574 150939
89653 9277 9011 4 150933 150934 153799 153982
89654 8953 9277 6 150932 150934 153800 153966 153938 153937
89655 9011 9121 5 150933 150935 152563 153473 153989
89656 51 11478 4 150943 150941 150984 155122
89657 51 11578 4 150941 150942 155141 150983
89658 11114 11898 6 150947 150948 151194 151117 151116 151228
89659 11478 10925 4 150949 150950 155130 155104
89660 11478 11189 6 150950 150951 155066 155133 155128 155129
89661 11189 10925 6 150950 150952 151078 151080 154986 154994
89662 9919 9883 4 150956 150953 153778 153780
89663 8782 10654 4 150959 150960 151167 151169
89664 9209 8629 3 150961 150962 152521
89665 9557 9804 4 150969 150970 152265 152498
89666 9827 9723 6 150971 150972 152333 153080 152477 151841
89667 9827 9804 8 150972 150969 152518 152328 152327 152351 152330 152329
89668 9172 9241 4 150976 150975 152691 153291
89669 11743 51 6 150983 150984 155001 155002 155068 155070
89670 9691 9755 3 150990 150991 151683
89671 9284 8894 4 150993 150994 151242 151232
89672 11181 10854 6 150998 150999 151158 154549 154550 154964
89673 7 11181 6 150998 151000 154923 151185 151186 154733
89674 11242 10854 4 150999 151001 154116 151159
89675 10609 10998 3 151002 151003 154443
89676 9924 9999 10 151004 151005 154128 154127 154359 154352 154014 152845 152846 152900
89677 10006 9999 4 151005 151006 154331 154195
89678 9999 10085 4 151004 151006 154329 154250
89679 9871 9215 4 151007 151008 155181 154260
89680 9477 9256 4 151011 151009 151021 151019
89681 9256 9993 6 151019 151020 154256 151026 151024 151022
89682 9256 9871 3 151025 151026 154257
89683 9924 9630 8 151027 151028 151089 151090 154356 154357 154127 152744
89684 9924 9696 3 151028 151029 152173
89685 10006 9696 6 151029 151030 154290 154078 154079 152174
89686 10006 9630 3 151030 151027 152746
89687 10085 9644 4 151033 151031 152897 154077
89688 10085 10097 4 151031 151032 152431 152895
89689 11197 10813 3 151035 151036 151382
89690 10599 10098 5 151039 151040 151264 151324 151330
89691 9620 10599 6 151038 151040 151265 151238 151240 151256
89692 11506 11306 3 151044 151045 151208
89693 9571 10160 5 151046 151047 155194 155192 155193
89694 233 11354 7 151051 151053 155379 155288 155287 155354 155259
89695 10781 10276 6 151054 151055 155323 155329 155247 154143
89696 10709 10502 5 151060 151058 154340 153882 153881
89697 10578 10502 5 151059 151060 154351 154350 154400
89698 10517 10174 4 151062 151063 154572 154570
89699 10220 10269 3 151064 151061 154373
89700 9315 8894 5 151067 151068 151071 151072 151232
89701 10440 10866 5 151074 151075 154450 154448 151120
89702 10755 10866 5 151075 151076 154798 155028 154966
89703 10755 10440 5 151073 151075 154965 155102 155097
89704 10910 11155 4 151085 151086 151087 151148
89705 9924 9487 5 151090 151091 154212 154240 154360
89706 10154 10470 3 151092 151093 151359
89707 11519 11385 5 151095 151096 151127 151128 151277
89708 10303 10718 5 151101 151102 151213 151214 151245
89709 10284 10394 4 151103 151104 151218 151106
89710 9842 9695 6 151107 151108 151736 152583 151625 151594
89711 10957 10514 6 151112 151113 154924 154925 154950 154969
89712 10226 10514 6 151113 151114 154272 154070 154069 154655
89713 10226 10436 4 151114 151111 154253 154251
89714 10226 10957 5 151111 151113 154975 154968 154967
89715 10514 10436 4 151112 151114 154271 154525
89716 10815 10654 5 151122 151123 151447 151444 151445
89717 11306 11519 7 151126 151128 151275 151136 151135 151208 151210
89718 9911 10564 4 151131 151132 151557 151565
89719 10564 9904 5 151131 151133 151351 151355 151568
89720 11578 1255 4 151141 151142 155023 155019
89721 10828 10910 4 151147 151148 151150 151149
89722 10293 10252 3 151152 151153 155095
89723 10160 10252 6 151153 151154 155193 154051 154049 155101
89724 10252 10139 6 151152 151154 155190 154322 154321 155096
89725 10758 10599 3 151166 151168 151222
89726 10864 10465 6 151171 151172 155149 154799 154800 154980
89727 10866 11181 6 151175 151173 155118 154797 154798 154549
89728 10866 11478 3 151173 151174 155125
89729 10854 10959 3 151176 151177 154550
89730 10854 10866 5 151177 151178 155038 155028 154549
89731 7 10864 5 151186 151184 155139 155173 154732
89732 7 11578 6 151184 151185 155024 155023 155135 155138
89733 7 11661 3 151189 151190 155135
89734 10170 10329 8 151191 151192 154976 155162 155079 155080 155177 155180
89735 11740 10170 5 151191 151193 155120 155176 155179
89736 942 11060 4 151197 151198 151422 151424
89737 1724 11060 4 151202 151203 151381 151409
89738 10091 6420 5 151206 151207 151419 151418 151416
89739 11519 11197 4 151209 151210 151211 151247
89740 10303 10394 5 151212 151213 151218 151219 151332
89741 10769 10303 4 151212 151214 151246 151312
89742 9170 8785 4 151234 151235 151459 151350
89743 8806 9222 5 151236 151233 151369 151659 151658
89744 11009 11299 4 151252 151253 151323 151267
89745 9284 10599 5 151255 151256 151295 151296 151309
89746 10692 10599 5 151259 151260 151326 151328 151327
89747 11190 11272 3 151261 151262 151281
89748 8980 11060 6 151272 151273 151455 151537 151451 151450
89749 11519 11542 3 151275 151276 151277
89750 10813 11272 7 151278 151279 151286 151298 151281 151282 151289
89751 10813 11130 5 151286 151287 151288 151293 151299
89752 9697 10343 4 151291 151292 151608 151314
89753 10813 11325 3 151297 151298 151299
89754 9385 8976 4 151300 151301 151458 151664
89755 10091 1745 4 151306 151307 151423 151421
89756 250 10091 6 151306 151308 151414 151461 151456 151420
89757 9149 8430 4 151321 151322 151336 151337
89758 10599 10394 5 151324 151325 151326 151331 151332
89759 9140 11934 8 151343 151344 151514 151513 151515 151540 151460 151407
89760 9972 9816 4 151353 151354 151534 151549
89761 9764 9816 4 151357 151358 151548 151573
89762 9816 9911 4 151356 151358 151547 151572
89763 10654 10594 3 151361 151362 151384
89764 10117 9911 5 151368 151367 151587 151586 151591
89765 11940 11269 5 151392 151393 151398 151401 151394
89766 11940 322 5 151395 151396 151401 151403 151397
89767 11940 11299 5 151398 151399 151400 151402 151403
89768 11009 11823 3 151404 151405 151406
89769 11060 1728 3 151408 151409 151410
89770 11060 405 4 151411 151412 151413 151427
89771 5471 10091 5 151414 151415 151416 151417 151464
89772 10091 11060 6 151420 151421 151422 151432 151535 151455
89773 11060 166 5 151426 151427 151428 151429 151441
89774 11060 11940 3 151429 151430 151440
89775 9184 9697 4 151434 151435 151437 151436
89776 10815 166 4 151441 151442 151443 151445
89777 10815 8980 3 151448 151449 151450
89778 10091 7644 4 151461 151462 151463 151464
89779 10091 1 3 151465 151466 151467
89780 11364 185 4 151472 151473 151485 151474
89781 10976 10765 4 151477 151478 151507 151509
89782 11364 11895 3 151483 151484 151485
89783 10747 10467 4 151490 151492 151527 151508
89784 10467 10899 6 151493 151494 151521 151530 151523 151498
89785 10467 11098 4 151495 151496 151498 151522
89786 11098 10976 3 151495 151497 151517
89787 11933 9140 3 151502 151503 151513
89788 10976 11545 3 151510 151511 151512
89789 10467 11277 5 151522 151523 151532 151533 151524
89790 10467 10564 4 151525 151526 151528 151527
89791 10949 10467 4 151529 151530 151532 151531
89792 9400 11060 4 151535 151536 151538 151537
89793 9340 11934 4 151539 151540 151541 151543
89794 11934 9572 4 151543 151544 151546 151545
89795 9816 10039 5 151547 151548 151550 151549 151571
89796 9911 10255 4 151552 151553 151575 151574
89797 9616 9342 4 151556 151554 152104 152604
89798 10039 10443 5 151559 151560 151597 151598 151604
89799 10039 9904 4 151567 151568 151569 151571
89800 10162 9935 7 151578 151579 151789 151896 151897 151782 151779
89801 9911 10311 4 151580 151581 151582 151591
89802 9222 9842 7 151583 151584 151609 151738 152584 151625 151626
89803 9385 9842 3 151585 151583 151593
89804 10039 10616 4 151600 151601 151603 151602
89805 10039 9012 3 151605 151606 151607
89806 9691 9753 3 151611 151612 151940
89807 9695 9222 4 151615 151616 152581 151625
89808 9612 9364 8 151623 151624 152535 152536 152582 152524 152523 152533
89809 9230 8868 3 151627 151628 151690
89810 9085 9141 4 151633 151631 157838 158241
89811 9821 9966 4 151635 151636 151638 151637
89812 9431 9691 4 151642 151643 151765 151691
89813 9351 9649 5 151645 151646 151874 152506 152105
89814 9441 9351 3 151644 151646 151873
89815 9649 9388 5 151645 151647 152052 151727 151724
89816 9819 9728 3 151648 151649 151923
89817 9803 10067 3 151655 151652 151787
89818 9385 9254 6 151656 151657 151694 151665 151664 151677
89819 10204 10351 5 151662 151663 158161 158465 158421
89820 9254 9667 3 151665 151666 151693
89821 9853 10089 5 151667 151668 151911 152166 152342
89822 9232 9267 3 151670 151671 152124
89823 9405 9267 4 151673 151670 152125 152225
89824 9102 9153 8 151674 151675 152183 152184 157611 158195 153533 153534
89825 9102 9185 6 151675 151676 157243 153239 153240 158096
89826 8785 9254 4 151677 151678 151680 151679
89827 9689 9627 4 151681 151682 151689 151687
89828 10076 9937 5 151684 151685 151716 151785 151769
89829 10059 10076 5 151684 151686 151708 151706 151705
89830 9689 9388 6 151687 151688 151987 151989 151725 151727
89831 9389 9385 3 151694 151695 151696
89832 9105 8717 5 151700 151701 151747 151745 151744
89833 9311 9431 3 151702 151703 152062
89834 10076 10060 5 151706 151707 151807 151806 151794
89835 9389 8976 3 151712 151713 151714
89836 9314 9169 5 151718 151719 152045 152035 152031
89837 9627 9898 3 151729 151730 151881
89838 9819 9741 8 151732 151731 151875 151861 151830 151829 151924 151923
89839 9612 9695 3 151736 151737 152524
89840 9935 9898 5 151741 151742 151800 151892 151893
89841 9753 9935 5 151740 151742 151799 151955 151882
89842 9105 8758 4 151746 151747 151748 151749
89843 9105 8868 3 151749 151750 151751
89844 9584 9853 7 151752 151753 152507 152092 152093 152388 152386
89845 9897 9617 4 151757 151758 153422 153421
89846 9789 9729 3 151759 151756 157416
89847 9617 9729 6 151757 151759 158293 158292 158294 158317
89848 9308 9472 4 151761 151762 151764 151763
89849 9308 9431 3 151765 151766 151767
89850 9423 9581 4 151772 151770 152585 153440
89851 9300 9281 5 151773 151774 153979 153921 153368
89852 10067 10289 7 151777 151778 151792 151793 151825 152400 151840
89853 10067 10330 3 151778 151776 151862
89854 10162 10072 4 151781 151782 151839 151802
89855 10072 9935 4 151780 151782 151898 151814
89856 10035 9984 8 151783 151784 158393 158460 158355 157258 157257 158116
89857 9853 10067 8 151786 151787 151901 151900 152167 151911 151912 152208
89858 10352 10003 5 151790 151791 151795 151850 151849
89859 10352 9935 5 151789 151790 151890 151891 151895
89860 9935 10127 5 151796 151797 151893 151889 151890
89861 10127 10076 5 151796 151798 151812 151811 151810
89862 9753 9741 3 151799 151801 151932
89863 10076 10352 5 151803 151804 151810 151891 151833
89864 10076 10331 5 151804 151805 151806 151808 151811
89865 10086 10076 4 151807 151808 151812 151809
89866 9728 10067 4 151822 151823 152167 151908
89867 9691 9935 4 151826 151827 151863 151943
89868 10003 9819 3 151831 151829 151926
89869 10376 10509 4 151834 151835 151836 151847
89870 10376 10525 6 151837 151838 151848 151846 151845 151847
89871 10376 10408 4 151842 151843 151844 151848
89872 10127 10003 5 151849 151851 151854 151855 151889
89873 10003 10126 3 151852 151853 151854
89874 9683 9840 6 151857 151858 153459 153457 153666 153276
89875 9683 9933 5 151858 151859 153051 153050 153410
89876 9692 9933 8 151859 151860 153007 153064 152930 152929 152147 152146
89877 9933 9840 3 151858 151860 153005
89878 9783 9935 4 151863 151864 151882 151953
89879 10181 10417 5 151870 151871 152314 152364 152326
89880 10446 10181 4 151869 151871 152313 152172
89881 9314 9351 10 151873 151874 152503 152504 152616 152639 152034 152035 152047 152068
89882 9838 9624 5 151884 151885 152260 151983 151981
89883 9590 9624 5 151886 151884 153045 152179 152143
89884 9655 9557 3 151887 151888 152483
89885 9935 10376 4 151894 151895 151896 151909
89886 9935 10289 4 151897 151898 151899 151909
89887 10067 9649 3 151902 151900 151908
89888 9635 9838 5 151903 151904 152240 151980 151981
89889 9590 9635 5 151903 151905 153136 153047 153045
89890 10318 10260 4 151913 151914 151933 152366
89891 10077 10288 4 151918 151919 152368 152369
89892 9810 10073 4 151929 151930 157799 157798
89893 10073 9735 6 151929 151931 157945 157947 157821 157819
89894 9303 9627 3 151939 151941 152051
89895 9728 9441 3 151949 151950 151952
89896 9627 9783 3 151953 151954 151956
89897 9819 9789 3 151963 151964 151965
89898 9250 8841 3 151969 151970 151994
89899 9741 9649 4 151971 151972 151973 151977
89900 9239 9121 3 151975 151976 153424
89901 9635 9624 7 151981 151982 153043 153044 153356 153046 153045
89902 9780 9635 4 151980 151982 153091 152944
89903 9388 9269 5 151987 151988 152072 152070 152071
89904 9176 9269 4 151992 151993 151996 152072
89905 9154 9227 5 151997 151998 152118 152233 152013
89906 9234 9344 3 152004 152005 153148
89907 9239 9320 5 152006 152007 153392 153267 153270
89908 9110 8841 3 152016 152017 152018
89909 9231 9498 3 152022 152023 158264
89910 9231 9573 7 152023 152024 158334 158330 158328 158284 158277
89911 9154 9573 4 152024 152025 158112 158288
89912 9154 9498 4 152025 152022 158053 158052
89913 9217 8899 5 152026 152027 152875 152876 157058
89914 9230 9314 4 152031 152032 152610 152034
89915 9169 9351 4 152035 152036 152096 152048
89916 9263 9338 3 152037 152038 158236
89917 9306 9102 4 152042 152039 157244 153239
89918 9025 9102 4 152040 152042 153240 158097
89919 9250 9351 3 152047 152048 152069
89920 9311 9273 3 152053 152054 152055
89921 9479 9388 4 152057 152058 152073 152059
89922 9311 9753 4 152060 152061 152062 152063
89923 9148 9234 7 152066 152067 157982 153278 153279 153290 153263
89924 9169 8775 3 152075 152076 152077
89925 9624 9529 6 152082 152083 153262 153261 153046 152179
89926 9357 9469 5 152088 152086 157571 157572 157624
89927 9357 9341 4 152086 152087 158182 157969
89928 9495 9706 5 152098 152099 158306 158110 158074
89929 9490 9581 5 152100 152101 153224 153433 153158
89930 9566 9490 4 152100 152102 152140 153159
89931 9450 9342 5 152104 152103 152488 152509 152605
89932 10181 9981 4 152107 152108 152282 152280
89933 9126 8807 3 152112 152113 152115
89934 9405 9199 5 152125 152123 158022 158021 152224
89935 9272 9236 5 152128 152129 152132 157311 157941
89936 9350 9344 4 152130 152131 157618 157617
89937 9350 9236 6 152131 152128 157942 158003 156666 156668
89938 9350 9272 6 152128 152130 158005 153083 153082 153280
89939 9344 9236 4 152129 152131 157937 152134
89940 9272 9182 5 152132 152133 152135 157992 157310
89941 9320 9107 5 152136 152137 153141 153139 153257
89942 9490 9592 8 152139 152140 153232 153335 152469 152467 153341 152696
89943 9590 9442 5 152144 152143 152180 153238 153166
89944 9933 9855 4 152147 152145 152150 152985
89945 9933 9751 6 152145 152146 153051 152816 152817 152149
89946 9980 9933 10 152149 152150 152474 152476 153040 153037 153017 153015 153013 153193
89947 9980 9855 8 152150 152148 153201 153076 153056 153055 153090 152984
89948 9980 9751 3 152148 152149 153195
89949 9646 9731 3 152151 152152 153095
89950 9630 9434 5 152155 152156 154245 152940 152941
89951 9434 9610 4 152155 152157 152512 152514
89952 9669 9827 4 152164 152165 152263 152243
89953 9860 9817 8 152168 152169 152734 152735 152928 153078 152353 152354
89954 9860 9933 5 152169 152170 152474 152985 152929
89955 10080 9860 7 152168 152170 152475 152479 153053 153077 153052
89956 9933 9817 3 152169 152171 152930
89957 9529 9590 5 152179 152180 153068 153069 153047
89958 9429 9283 6 152181 152182 152854 152851 152237 152239
89959 9102 8813 4 152184 152185 153133 153134
89960 10260 10012 4 152187 152188 152307 152360
89961 9855 9567 3 152196 152197 153099
89962 9137 8855 5 152202 152203 152571 152591 152655
89963 9137 9147 4 152203 152200 152653 152570
89964 9137 9144 3 152200 152202 152652
89965 9589 9632 4 152204 152205 152558 152277
89966 9722 9448 5 152214 152212 153110 153112 153234
89967 9568 9448 8 152213 152214 153067 153066 153346 153367 152937 152936
89968 9923 10078 6 152217 152215 152429 152426 152425 152416
89969 9923 10062 3 152215 152216 152428
89970 10032 10035 3 152223 152221 158393
89971 9495 9405 6 152224 152225 158258 158075 158074 158111
89972 9651 9986 3 152227 152228 157791
89973 9651 9785 7 152226 152227 157789 153581 153580 153097 153096
89974 9139 9283 4 152236 152237 154047 153325
89975 9139 9429 4 152237 152238 153673 154027
89976 9300 9429 4 152238 152239 153900 153675
89977 9300 9139 7 152236 152238 153674 153946 153940 153939 153326
89978 9809 9838 7 152240 152241 152275 152276 152345 152921 152923
89979 9703 9721 5 152244 152245 158280 158272 158271
89980 9591 9622 6 152252 152253 157643 158119 157872 157874
89981 9706 10013 3 152255 152256 152257
89982 9653 9557 6 152264 152265 152494 152483 152481 152465
89983 9980 10094 4 152266 152267 153055 152272
89984 9980 10077 8 152267 152268 153038 153039 153040 152480 152478 153090
89985 10129 9980 7 152266 152268 153041 153021 153011 153010 152273
89986 9632 9693 5 152270 152271 152492 152554 152277
89987 10030 9980 5 152272 152273 153024 153023 153056
89988 10188 10012 4 152279 152281 152311 152307
89989 9841 9758 4 152283 152284 153168 153668
89990 9683 9779 4 152285 152286 153537 153663
89991 9683 9841 6 152283 152285 153649 153648 153667 153666
89992 10201 10359 4 152287 152288 152750 152752
89993 10257 10502 4 152290 152292 154401 153707
89994 10180 10359 6 152291 152293 154231 154492 154468 154405
89995 9705 10079 4 152294 152295 152437 152860
89996 9353 9592 3 152296 152297 153232
89997 9353 9484 8 152297 152298 152873 152723 152709 152710 153303 153334
89998 9566 9484 3 152298 152299 152871
89999 9567 9490 3 152302 152303 153341
90000 9632 9662 3 152306 152304 152896
90001 9981 10030 4 152308 152309 152312 152358
90002 10508 10113 4 152317 152318 152414 152384
90003 10821 11035 3 152319 152320 154396
90004 10821 11177 6 152320 152321 154476 154475 154493 154397
90005 11089 10821 7 152319 152321 154479 154933 152948 152947 154349
90006 9827 9975 6 152329 152331 152357 152356 152933 152333
90007 10232 10113 4 152339 152340 152435 152729
90008 10113 10184 6 152338 152340 152433 152413 152412 152384
90009 9809 10030 4 152345 152346 153023 152995
90010 9853 9827 3 152349 152350 152351
90011 9860 9847 4 152354 152355 152931 153052
90012 9975 9860 8 152353 152355 152932 153053 152766 152765 152933 153081
90013 10112 10345 4 152361 152362 152411 152367
90014 10260 10417 3 152364 152365 152366
90015 10345 10104 5 152374 152375 152397 152398 152404
90016 10302 10642 3 152378 152379 152380
90017 9853 9639 3 152388 152389 152501
90018 9364 9036 3 152390 152391 152499
90019 10345 10289 7 152394 152395 152408 152405 152401 152400 152396
90020 10345 10089 3 152402 152403 152404
90021 10345 10184 4 152406 152407 152412 152411
90022 10345 10490 3 152408 152409 152410
90023 10097 10078 3 152420 152421 152429
90024 10232 10078 6 152421 152422 152435 152434 152427 152426
90025 10078 10112 5 152423 152424 152436 152427 152425
90026 10006 10348 5 152432 152430 152975 154473 154375
90027 10078 10184 3 152433 152434 152436
90028 9145 9098 5 152451 152452 152682 152683 154277
90029 9145 8939 5 152457 152458 152482 152669 152682
90030 9490 9464 7 152468 152469 153390 153370 153371 153391 153373
90031 9710 9423 5 152472 152473 153628 153627 153645
90032 9860 9980 4 152474 152475 152478 152984
90033 10080 9980 3 152475 152476 152480
90034 9860 10077 5 152478 152479 152766 152764 153088
90035 9354 9342 4 152488 152486 152593 152510
90036 9639 9653 3 152494 152495 152496
90037 9610 9331 5 152513 152514 154126 154065 152811
90038 9639 9827 3 152517 152518 152519
90039 9364 9695 7 152524 152525 152543 152541 152545 152581 152583
90040 9364 9205 5 152528 152529 152544 152541 152542
90041 9674 9294 4 152540 152537 152546 152560
90042 9674 9364 4 152537 152539 152543 152542
90043 9417 9364 4 152544 152545 152580 152579
90044 9698 9803 3 152547 152548 152549
90045 9701 9513 3 152551 152552 152553
90046 9632 9294 6 152554 152555 152560 152559 152574 152558
90047 9141 9147 4 152556 152557 152565 152627
90048 9209 8819 3 152561 152562 152656
90049 9788 9570 5 152566 152567 153467 153251 153250
90050 9520 9859 8 152568 152569 156956 156957 157131 157162 156972 156970
90051 9859 9570 4 152567 152569 157788 153468
90052 9364 9842 3 152582 152583 152584
90053 10220 9974 4 152587 152588 152907 153728
90054 9487 8929 7 152589 152590 152807 154196 154237 154236 152829
90055 9353 9144 6 152608 152609 152692 152711 152713 152695
90056 9147 9314 5 152610 152611 152629 152630 152639
90057 9317 9314 3 152615 152616 152630
90058 9038 9253 4 152619 152617 157175 157049
90059 9630 9644 3 152623 152624 154245
90060 9582 9696 3 152625 152626 154292
90061 9582 9644 5 152626 152623 154246 154288 154291
90062 9791 9654 4 152633 152634 154325 154123
90063 9791 10178 4 152634 152635 154177 154334
90064 9696 10178 4 152635 152636 154293 154179
90065 9696 9654 5 152636 152633 154115 154113 154299
90066 9147 9351 3 152637 152638 152639
90067 9940 9758 5 152641 152643 153409 153458 153168
90068 9933 9779 4 152642 152644 153596 153275
90069 9209 8855 5 152654 152655 152656 152657 152662
90070 9209 9138 3 152658 152659 152660
90071 9209 8903 3 152661 152662 152663
90072 9145 9428 5 152667 152668 154276 152683 152669
90073 9331 9031 3 152673 152674 154131
90074 9331 9213 7 152672 152673 154232 154067 152811 152758 152759
90075 9975 10080 3 152675 152677 153053
90076 9690 9710 5 152679 152680 152753 152754 153869
90077 9718 9429 3 152681 152678 153905
90078 9718 9690 6 152678 152680 153865 154036 154035 154032
90079 9353 9440 5 152687 152688 153302 152710 152708
90080 9353 9301 3 152688 152689 153292
90081 9172 9353 6 152687 152689 153291 152693 152692 152707
90082 9353 9321 6 152694 152695 152712 152714 152804 152698
90083 9592 9528 4 152696 152697 153256 153329
90084 10277 10413 4 152701 152702 154388 154519
90085 10116 10277 7 152701 152703 154344 154075 154073 154425 154520
90086 9353 9361 6 152707 152708 152709 152722 152721 152711
90087 9353 9450 4 152712 152713 152721 152715
90088 9353 9525 6 152714 152715 152722 152723 152874 152886
90089 9021 9168 5 152718 152719 153122 153121 153499
90090 9562 8508 3 152725 152726 155273
90091 9549 9497 4 152727 152724 155262 155243
90092 9692 9860 4 152734 152736 152996 152929
90093 9690 9800 4 152737 152738 154036 154008
90094 10036 9690 6 152737 152739 154635 153998 153997 153996
90095 10019 9800 6 152738 152740 153770 153839 153838 153864
90096 9692 9680 3 152742 152743 152749
90097 9918 9924 3 152744 152745 154128
90098 9817 9680 6 152748 152749 152915 152916 152928 152997
90099 10359 10080 8 152751 152752 154166 154231 154491 154487 154488 154489
90100 9690 9999 6 152754 152755 154013 154014 154169 153883
90101 10019 9999 6 152755 152756 153680 153683 154361 154389
90102 10019 9710 5 152756 152753 153623 153625 153953
90103 9999 9710 5 152754 152756 153955 153958 153884
90104 9349 9139 6 152774 152775 155702 155711 155383 155384
90105 9581 9666 4 152778 152779 152795 152820
90106 9581 9662 4 152779 152776 152872 152794
90107 9581 9847 4 152776 152778 152889 152927
90108 9583 9592 4 152781 152782 153219 153256
90109 9751 9583 6 152780 152782 153218 153558 153382 153074
90110 10411 11029 6 152788 152786 155452 155451 155557 155527
90111 10411 10326 4 152796 152797 155556 155557
90112 9350 9175 6 152798 152799 157954 157964 157942 153280
90113 9350 9467 6 152799 152800 157620 157894 157861 157863
90114 9240 9467 4 152800 152801 153376 153374
90115 9240 9350 4 152798 152800 153084 153082
90116 9487 9299 4 152805 152806 154168 154130
90117 8929 9713 4 152808 152807 154182 154082
90118 9847 10079 4 152813 152814 152867 152931
90119 10097 10178 5 152822 152823 152965 152894 152895
90120 9993 9644 5 152824 152821 152893 152901 154298
90121 10178 9644 5 152822 152824 154300 154293 152897
90122 9223 9058 10 152825 152826 153408 153529 153506 153504 153500 153491 153492 153509
90123 8847 9223 6 152825 152827 153128 153328 153494 153508
90124 9487 9031 6 152828 152829 154233 154131 154130 154228
90125 9215 9356 6 152833 152831 154022 154023 155184 154260
90126 9215 9485 4 152831 152832 154274 154273
90127 10254 10075 7 152834 152835 156524 156745 156746 156423 156422
90128 10234 10174 4 152839 152840 154374 154248
90129 9916 9874 8 152841 152842 153655 153691 153637 153638 152950 152949
90130 10174 9874 4 152843 152841 153723 153608
90131 10369 9999 5 152844 152845 154013 154389 154628
90132 9999 10277 3 152844 152846 152899
90133 9383 8929 5 152847 152848 154215 154196 154182
90134 9235 9283 3 152851 152852 154047
90135 9235 9002 5 152852 152853 153470 154203 154118
90136 9429 9002 3 152853 152854 153471
90137 11268 10603 5 152855 152857 156085 156134 155646
90138 9855 10030 5 152863 152864 152995 153056 153057
90139 9855 9838 3 152864 152865 152921
90140 9217 8838 6 152876 152877 153444 153461 157019 157071
90141 8846 9217 4 152875 152877 153151 153150
90142 10232 10609 3 152880 152881 154413
90143 10118 9877 4 152883 152884 153687 153686
90144 9978 10118 4 152882 152884 153710 153704
90145 9877 9974 7 152883 152885 153809 153808 153810 153679 153678
90146 9924 10234 3 152900 152898 152953
90147 9916 9974 5 152907 152908 153638 153636 153725
90148 9747 9855 4 152909 152910 153025 153054
90149 11068 11117 5 152912 152913 156278 156357 156356
90150 9461 9704 3 152917 152919 153317
90151 9665 9452 5 152918 152920 153868 153933 153837
90152 9780 9809 3 152922 152923 152944
90153 9860 10079 3 152931 152932 153077
90154 9521 9365 5 152934 152935 153363 153233 153105
90155 9568 9365 3 152935 152937 153364
90156 9610 9837 3 152942 152943 153768
90157 9918 9985 3 152945 152946 154393
90158 9874 10118 5 152950 152951 153713 153714 153701
90159 9874 10236 5 152951 152949 153723 153816 153820
90160 9578 9235 4 152958 152959 154211 154117
90161 10658 10445 3 152960 152961 155625
90162 10658 10434 7 152961 152962 155612 155613 155618 155611 155610
90163 9870 9349 4 152963 152964 155699 155701
90164 10097 10619 4 152965 152966 154467 152969
90165 9766 10097 3 152967 152968 153660
90166 9933 10077 4 152971 152972 153040 152974
90167 9644 9434 5 152977 152978 154040 154245 154246
90168 9877 9892 3 152980 152981 153810
90169 11556 10908 3 152988 152990 154554
90170 10517 10687 5 152992 152993 154597 153700 153699
90171 10676 10687 7 152993 152994 154565 154576 154579 154580 154589
90172 11649 286 4 152998 152999 154410 154159
90173 10796 10687 3 153000 153001 154576
90174 10796 10810 7 153001 153002 154508 154707 154708 154588 154586
90175 9840 9940 8 153003 153004 153006 153005 153459 153458 153669 153677
90176 9940 9692 4 153006 153007 153062 153009
90177 9980 10256 8 153011 153012 153060 153016 153017 153036 153034 153022
90178 9980 10115 4 153014 153015 153016 153061
90179 9980 10336 3 153021 153022 153033
90180 9652 9507 4 153026 153027 153331 153589
90181 9546 9507 7 153027 153028 153423 156508 156507 157181 153333
90182 9652 9758 3 153029 153030 153396
90183 9516 9779 3 153031 153032 153543
90184 9516 9652 9 153029 153031 153542 153589 153575 153574 153633 153643 153397
90185 9980 10290 5 153033 153034 153035 153038 153041
90186 9980 10270 4 153035 153036 153037 153039
90187 9592 9635 3 153042 153044 153354
90188 9529 9635 4 153046 153047 153155 153353
90189 9107 8966 4 153048 153049 153309 153173
90190 9980 10099 4 153058 153059 153061 153060
90191 9692 10080 4 153062 153063 153065 153064
90192 9448 9590 6 153067 153068 153238 158123 153235 153234
90193 9529 9568 5 153069 153066 153347 153352 153155
90194 9590 9568 4 153067 153069 153136 153137
90195 9817 9684 3 153070 153071 153072
90196 9668 9567 5 153075 153073 153360 153355 153101
90197 9668 9583 4 153073 153074 153381 153380
90198 9860 9723 4 153078 153079 153080 153081
90199 9501 9350 6 153083 153084 157620 157697 157653 157652
90200 9287 9460 5 153086 153087 153117 153119 153146
90201 9287 9501 6 153085 153086 153427 157851 153452 153375
90202 9855 10077 3 153088 153089 153090
90203 9668 9651 5 153097 153098 153186 153449 153582
90204 10018 10093 3 153103 153104 158290
90205 9334 9722 4 153110 153111 158120 158042
90206 9669 9448 3 153112 153109 153235
90207 9669 9334 6 153109 153111 158121 158181 153165 153167
90208 9683 9313 4 153113 153114 153824 153640
90209 9536 9623 3 153115 153116 153420
90210 9623 9313 8 153114 153116 153416 153418 153432 153436 153438 153825
90211 9460 9355 9 153117 153118 153211 153212 157157 156898 156897 157929 157956
90212 9460 9264 4 153118 153119 153145 157921
90213 9287 9355 4 153120 153117 157959 157917
90214 9280 9467 5 153123 153124 157955 157863 157862
90215 9410 9166 4 153125 153126 157914 157774
90216 9011 9223 5 153128 153129 153738 153473 153327
90217 9234 9107 3 153140 153141 153279
90218 9234 9188 5 153138 153140 153290 153289 153315
90219 9939 9801 3 153144 153142 157818
90220 9353 9490 7 153158 153159 153232 153334 153385 153386 153430
90221 9785 9959 4 153160 153161 153191 153185
90222 9355 9507 5 153163 153164 157159 157157 156491
90223 9334 9590 3 153166 153167 158123
90224 9111 8954 5 153170 153171 156783 157953 153244
90225 9504 9597 5 153174 153175 153248 153246 157756
90226 9504 9410 6 153175 153176 157938 157811 157812 157852
90227 9410 9597 5 153175 153177 157786 157717 157716
90228 9631 9812 4 153179 153180 156929 153634
90229 9541 9812 6 153180 153181 157357 156572 155629 155628
90230 9541 9702 5 153181 153178 157101 157103 157354
90231 9541 9631 5 153178 153180 153489 153488 157346
90232 10147 9954 5 153182 153183 158609 158662 156440
90233 10073 9954 6 153183 153184 157798 157819 157353 157351
90234 9807 9298 4 153188 153189 158219 158213
90235 9785 9980 6 153191 153192 153193 153195 153201 153199
90236 9785 10082 4 153196 153197 153198 157948
90237 9785 9855 3 153200 153201 153202
90238 9357 9569 3 153205 153203 157705
90239 9496 9569 5 153204 153205 157667 157668 157679
90240 9253 9460 3 153211 153213 157921
90241 9516 9355 3 153212 153214 157159
90242 9409 9591 4 153215 153216 158250 158055
90243 9476 9454 3 153221 153222 157171
90244 9534 9255 3 153223 153220 158199
90245 9240 9287 8 153229 153230 153272 153451 153375 153376 157595 153578
90246 9365 9240 3 153228 153230 153271
90247 9448 9442 4 153236 153237 158122 153238
90248 9585 9597 5 153246 153247 153249 157891 157897
90249 9597 9788 3 153251 153249 157466
90250 9591 9651 5 153253 153254 157634 157635 158234
90251 9645 9707 3 153255 153252 158041
90252 9567 9624 4 153260 153261 153356 153361
90253 9529 9567 4 153259 153261 153353 153352
90254 9624 9464 5 153260 153262 153265 153349 153350
90255 9183 9148 3 153263 153264 153288
90256 9440 9464 4 153265 153266 153286 153285
90257 9464 9239 3 153267 153268 153371
90258 9320 9241 4 153269 153270 153308 153298
90259 9320 9464 8 153267 153269 153297 153299 153283 153282 153295 153391
90260 9933 9830 5 153274 153275 153696 153340 153339
90261 9175 9272 7 153280 153281 157999 158037 158020 158008 157941
90262 9448 9464 5 153282 153284 153346 153365 153296
90263 9148 9188 4 153288 153290 153316 153321
90264 9536 9528 6 153293 153294 153378 153554 153420 153419
90265 9365 9464 5 153295 153296 153358 153359 153373
90266 9241 9440 3 153300 153301 153302
90267 9720 9730 5 153307 153304 156953 153659 153658
90268 9720 9877 4 153304 153306 153644 156943
90269 9830 9730 5 153305 153307 153539 153538 153547
90270 8966 9188 6 153309 153310 153322 153320 153319 153321
90271 9366 9379 5 153311 153312 156394 157196 157191
90272 9447 9544 5 153313 153314 157104 155888 155886
90273 9188 8719 3 153322 153323 153324
90274 9002 9139 6 153325 153326 153856 153858 154205 154118
90275 9223 8994 7 153327 153328 153493 153495 153496 153477 153474
90276 9546 9720 5 153332 153333 157180 156954 153659
90277 9484 9490 4 153334 153335 153390 153384
90278 9767 9775 3 153336 153337 153950
90279 9767 9916 5 153342 153343 153691 153692 153954
90280 9767 9837 6 153343 153344 153768 153629 153630 153934
90281 9999 9916 6 153345 153342 153955 153680 153682 153844
90282 9999 9767 4 153342 153344 153767 153958
90283 9837 9916 4 153343 153345 153656 153655
90284 9568 9464 3 153346 153347 153362
90285 9365 9567 5 153357 153358 153366 153364 153363
90286 9567 9448 3 153365 153366 153367
90287 9241 9490 4 153370 153372 153385 153384
90288 9536 9583 5 153378 153379 153381 153382 153553
90289 9536 9751 3 153382 153383 153472
90290 9064 9491 6 153388 153389 153481 156831 153980 153961
90291 9064 9347 3 153387 153388 153959
90292 9490 9320 3 153391 153392 153393
90293 9435 9718 7 153394 153395 153880 153964 154032 153905 153475
90294 9516 9522 3 153398 153399 153575
90295 9363 9329 4 153400 153401 157368 157350
90296 9363 9189 6 153401 153402 156926 153527 153525 157369
90297 9218 9248 10 153407 153405 156985 157024 157045 157029 156632 156631 156958 156959
90298 9940 9683 3 153409 153410 153459
90299 9507 9460 4 153411 153412 157157 157158
90300 9313 9528 3 153416 153417 153419
90301 9313 8994 3 153425 153426 153477
90302 9121 9313 6 153424 153426 153476 153988 153442 153429
90303 9353 9313 5 153428 153429 153441 153434 153430
90304 9313 9684 4 153431 153432 153435 153439
90305 9581 9313 5 153433 153434 153440 153443 153439
90306 9313 9670 4 153435 153436 153437 153443
90307 9313 9423 7 153437 153438 153896 153992 153442 153441 153440
90308 9097 9709 3 153446 153447 156824
90309 9651 9501 6 153448 153449 157857 157845 157698 157653
90310 9240 9521 3 153450 153451 157918
90311 9798 9788 3 153453 153455 157715
90312 9737 9801 4 153454 153456 158061 157794
90313 9758 9840 3 153457 153458 153668
90314 8808 9217 3 153460 153461 156890
90315 9277 9002 7 153470 153471 153801 153963 153938 153936 154197
90316 9277 9235 3 153469 153470 153970
90317 9223 9121 4 153473 153474 153476 153987
90318 9575 9769 5 153479 153478 156963 156949 156940
90319 9491 9088 3 153480 153481 153892
90320 9206 9565 3 153482 153483 156757
90321 9347 9313 4 153485 153486 153632 153860
90322 9516 9313 4 153486 153487 153503 153633
90323 9223 9021 6 153490 153491 153499 153513 153497 153495
90324 8860 9223 5 153490 153492 153510 153494 153493
90325 9223 9239 4 153496 153497 153512 153498
90326 9223 9168 7 153499 153500 153507 153520 153522 153514 153515
90327 9223 9536 5 153501 153502 153522 153521 153518
90328 9223 9264 6 153504 153505 153516 153518 153519 153507
90329 9223 8932 3 153508 153509 153510
90330 9223 9107 4 153511 153512 153513 153515
90331 9287 9223 3 153519 153520 153521
90332 9363 9163 3 153525 153526 157370
90333 9189 9039 4 153527 153528 157034 157033
90334 9039 9163 7 153526 153528 157204 157246 157287 157316 157318
90335 9859 9830 3 153530 153532 153551
90336 9150 9182 4 153535 153536 157992 157993
90337 9182 9153 4 153534 153536 157310 157312
90338 9779 9730 4 153538 153540 153663 153548
90339 9516 9720 5 153542 153543 153611 157160 153591
90340 10004 9974 3 153546 153544 153886
90341 9830 9841 5 153547 153549 153621 153622 153590
90342 10110 9720 4 153552 153550 153644 156515
90343 10236 10500 4 153555 153556 153760 153712
90344 10236 10418 6 153556 153557 153847 153733 153734 153748
90345 11858 422 4 153559 153560 154883 154884
90346 9202 8991 4 153562 153563 156854 156855
90347 9211 8991 6 153563 153564 157909 157069 157070 157044
90348 9211 9133 5 153564 153561 157027 157816 157908
90349 9211 9202 5 153561 153563 157043 157006 157007
90350 8991 9133 8 153562 153564 157881 156709 156711 156819 156818 156990
90351 10523 10146 5 153565 153566 156519 156504 155647
90352 10146 10701 5 153565 153567 155635 155633 155649
90353 9412 9248 4 153570 153569 156795 157042
90354 10924 6643 4 153572 153573 155825 155799
90355 7450 10924 4 153571 153573 155657 155659
90356 10007 9720 4 153576 153577 157456 153592
90357 9785 9798 5 153581 153579 153616 153617 157922
90358 10522 10220 5 153586 153587 154415 154423 154678
90359 10425 10231 6 153588 153585 153776 154091 154090 154294
90360 10220 10231 5 153586 153588 154618 154617 154629
90361 9841 9840 6 153594 153595 153666 153668 153669 153676
90362 9623 9841 3 153593 153595 153667
90363 9933 10071 5 153596 153597 153600 153599 153696
90364 10270 10071 4 153598 153600 153647 153749
90365 10071 9874 4 153601 153602 153820 153713
90366 9841 9874 6 153603 153601 153714 153605 153607 153676
90367 9974 9874 5 153604 153605 153701 153638 153639
90368 9974 9841 4 153605 153606 153678 153747
90369 9775 9974 4 153604 153606 153679 153802
90370 9346 9416 8 153612 153613 157886 157124 157038 157039 157176 157177
90371 9346 9456 5 153613 153614 157875 157927 157928
90372 9510 9346 4 153612 153614 156969 156968
90373 9758 9798 3 153615 153616 153618
90374 10007 9798 8 153617 153615 153619 157715 157817 157825 157826 157946
90375 9841 10118 5 153620 153622 153686 153747 153714
90376 10019 9892 5 153625 153626 153838 153727 153726
90377 10019 9718 4 153626 153623 153865 153864
90378 9652 9313 5 153632 153633 153642 153640 153859
90379 9812 9763 6 153634 153635 156532 157075 156852 156851
90380 9916 9892 5 153636 153637 153692 153952 153726
90381 9874 9892 4 153637 153639 153803 153693
90382 9652 9536 3 153641 153642 153643
90383 9730 9683 5 153649 153650 153670 153662 153663
90384 9683 9775 3 153648 153650 153671
90385 9486 9982 3 153653 153651 156643
90386 9486 9648 7 153651 153652 155692 155690 156882 156788 156787
90387 9916 10019 5 153680 153681 153725 153726 153953
90388 10378 10520 4 153684 153685 153771 153724
90389 10050 9828 5 153689 153690 154083 154154 154076
90390 9874 9767 7 153691 153693 153950 153753 153754 153935 153934
90391 9840 9767 3 153708 153709 153754
90392 10663 10807 5 153717 153718 156170 155703 155704
90393 10663 10511 7 153718 153719 155734 155427 155425 155759 155775
90394 10962 10663 5 153717 153719 155735 155771 155745
90395 9974 10019 6 153727 153725 153728 153756 153755 153839
90396 10236 10071 6 153736 153737 153812 153749 153750 153820
90397 9011 9281 5 153738 153740 153962 153982 153989
90398 11074 10708 5 153743 153744 154860 154993 154324
90399 11074 11354 6 153744 153741 155345 155287 155286 154858
90400 11074 10391 3 153741 153743 154323
90401 10708 11354 4 153742 153744 154859 155336
90402 9982 10262 6 153757 153758 154609 154610 153943 153944
90403 10262 9845 4 153757 153759 156684 156481
90404 9876 10495 3 153762 153763 155674
90405 10542 10582 6 153772 153773 156361 156270 154010 153906
90406 10252 9883 5 153780 153777 154162 154327 154007
90407 10794 11137 4 153783 153784 156558 156557
90408 10410 10451 6 153786 153787 155571 156521 155921 155922
90409 10639 10358 6 153791 153792 156036 156034 156098 156099
90410 10279 10358 5 153792 153793 156598 156723 156097
90411 10279 10678 5 153793 153790 156337 156338 156595
90412 10279 10639 6 153790 153792 156096 156654 156655 156384
90413 10712 10346 3 153796 153794 156605
90414 10712 10410 7 153794 153795 155921 155923 156389 156387 156619
90415 10359 10418 5 153797 153798 154436 154434 154377
90416 9277 8992 5 153799 153800 153904 153903 153981
90417 11509 11252 6 153806 153807 154372 155033 154973 154971
90418 10236 10163 4 153812 153813 153814 153815
90419 9586 10036 3 153818 153819 153996
90420 10514 10369 9 153822 153823 153948 153833 153835 154634 154424 154418 154070
90421 10369 10532 3 153833 153834 153947
90422 10185 10350 5 153841 153843 153885 154426 154429
90423 10369 9578 4 153849 153850 153870 154018
90424 9139 8907 3 153856 153857 153939
90425 9381 9393 4 153863 153861 156975 157166
90426 10297 9828 4 153872 153873 154102 153968
90427 11058 10298 4 153875 153876 154939 154548
90428 10226 11058 4 153874 153876 154975 154655
90429 9462 9800 3 153888 153889 153913
90430 9462 9217 3 153890 153891 156517
90431 9800 9978 3 153893 153894 153895
90432 8508 9195 4 153898 153899 154062 153919
90433 8907 9277 4 153904 153902 153963 153966
90434 10582 10425 4 153906 153907 154284 154009
90435 10542 10425 6 153908 153906 154011 154603 154625 154607
90436 10641 10425 6 153907 153908 154606 154605 154338 154335
90437 9586 9435 6 153912 153911 153965 153964 154034 153945
90438 9462 9064 4 153916 153917 156831 156762
90439 9867 9676 4 153924 153925 155454 155481
90440 9715 9867 5 153923 153925 155453 155656 155834
90441 9952 9565 3 153927 153928 155304
90442 9559 9682 5 153929 153926 155555 156877 156876
90443 9559 9952 6 153926 153928 156839 156945 156773 155554
90444 9452 9730 3 153931 153932 153933
90445 9281 9347 7 153941 153942 153986 153959 153960 153974 153976
90446 10220 10514 3 153948 153949 154423
90447 9710 9916 4 153952 153953 153955 153954
90448 10729 10582 4 153956 153957 154058 154056
90449 9281 9491 4 153960 153961 153979 153975
90450 9127 9235 7 153969 153970 154203 154204 154202 154200 154211
90451 9127 9277 5 153970 153971 154193 154194 154197
90452 9429 9127 3 153969 153971 154207
90453 9281 9217 3 153984 153985 153986
90454 9281 9121 5 153987 153988 153994 153990 153989
90455 9423 9281 4 153991 153992 153994 153993
90456 9886 9690 3 153995 153997 153999
90457 10036 9836 3 154000 153998 154636
90458 10837 10350 5 154002 154003 154526 154616 154420
90459 9127 8821 8 154004 154005 154201 154202 154214 154221 154216 154217
90460 9127 8929 7 154005 154006 154208 154223 154225 154237 154215
90461 10580 10542 6 154010 154011 154604 156939 154877 154876
90462 9690 9924 3 154014 154012 154019
90463 9745 9618 6 154015 154016 154052 155077 155081 155086
90464 9745 9556 6 154016 154017 155090 155075 155073 154053
90465 8764 9745 3 154015 154017 155091
90466 9578 9277 4 154020 154021 154165 154193
90467 10050 10353 4 154024 154025 154444 154619
90468 9690 10231 4 154030 154028 154156 154635
90469 9836 10231 5 154029 154030 154636 154637 154640
90470 9690 9435 3 154032 154033 154034
90471 10108 9836 4 154037 154038 154422 154153
90472 9902 9836 7 154038 154039 155373 155374 154641 154640 154658
90473 9836 9828 5 154037 154039 155709 154181 154154
90474 10755 10252 4 154049 154050 154987 155102
90475 9745 9871 4 154052 154053 155085 155078
90476 10641 10522 5 154057 154059 154335 154337 154662
90477 9549 8850 5 154060 154061 155243 154139 154138
90478 8850 9195 3 154060 154062 154112
90479 9578 9213 5 154066 154067 154235 154192 154165
90480 9331 9578 4 154065 154067 154234 154125
90481 11707 11242 4 154071 154072 155034 155007
90482 10116 10369 3 154073 154074 154418
90483 9696 10085 4 154077 154079 154178 154179
90484 9485 9020 4 154080 154081 154230 154273
90485 9696 9625 4 154086 154087 154114 154115
90486 10231 10580 4 154091 154092 155460 154661
90487 10261 10580 5 154092 154093 154604 156938 155567
90488 10261 10425 6 154093 154090 154296 154532 154624 154603
90489 10261 10231 6 154090 154092 155566 156860 154644 154295
90490 9598 8643 4 154094 154095 154871 154870
90491 439 10875 7 154099 154097 155217 155216 155311 155313 154268
90492 3319 10875 6 154098 154099 154269 155390 155371 155359
90493 9878 9715 5 154100 154101 155698 155678 155676
90494 9876 9212 4 154106 154107 156846 156844
90495 9050 9549 4 154119 154120 154138 154122
90496 9630 9578 4 154124 154125 154258 154356
90497 9497 10137 10 154140 154141 154725 154770 155321 155309 155308 155326 155320 155318
90498 8049 9497 4 154140 154142 155307 155317
90499 10658 10196 4 154150 154151 155612 155621
90500 10252 10226 5 154162 154161 154967 154253 154252
90501 9999 9578 3 154169 154170 154352
90502 11018 10627 6 154172 154173 154840 154845 154905 154463
90503 11017 11018 6 154172 154174 154934 154932 154804 154462
90504 9127 9578 6 154192 154193 154207 154211 154210 154239
90505 9127 9002 8 154197 154198 154199 154218 154216 154220 154205 154203
90506 9127 9383 5 154200 154201 154215 154238 154210
90507 9127 9139 4 154204 154205 154222 154214
90508 9127 8624 3 154217 154218 154219
90509 9127 8910 3 154220 154221 154222
90510 9127 9031 3 154223 154224 154226
90511 8929 9213 3 154227 154225 154236
90512 9485 9031 7 154228 154229 154280 154282 154283 154274 154230
90513 9487 9213 5 154232 154233 154236 154243 154235
90514 9487 9127 4 154237 154238 154239 154243
90515 9356 9256 5 154255 154256 154257 154262 154259
90516 9356 9315 3 154262 154263 154264
90517 10875 11084 4 154268 154269 155389 155388
90518 10514 10116 5 154271 154272 154418 154425 154524
90519 9485 9145 5 154275 154276 154277 154282 154281
90520 9485 9186 4 154278 154279 154281 154280
90521 9696 9918 4 154290 154289 154292 154333
90522 10215 10425 4 154296 154294 154451 154452
90523 9644 9654 4 154297 154298 154300 154299
90524 10857 10806 4 154301 154302 154582 154540
90525 10953 10857 8 154301 154303 154390 154392 154556 154787 154536 154535
90526 10676 10583 6 154304 154305 154583 154573 154567 154460
90527 10180 10348 5 154309 154310 154431 154404 154405
90528 10732 10872 4 154315 154313 154516 154742
90529 10915 10603 5 154317 154318 155578 156403 156735
90530 10915 10807 5 154318 154319 155642 156271 155579
90531 10486 10915 5 154317 154319 155643 156390 156749
90532 10807 10603 5 154318 154320 156157 156170 155580
90533 11182 11074 7 154324 154323 155345 155290 154649 154648 154992
90534 10116 9883 3 154326 154327 154328
90535 10532 10425 4 154336 154338 154601 154416
90536 10502 10696 4 154347 154345 154433 154453
90537 10700 10676 4 154354 154355 154514 154573
90538 9924 9610 3 154357 154358 154359
90539 10418 10174 3 154365 154363 154570
90540 10418 10269 5 154363 154364 154436 154435 154569
90541 10348 10609 5 154366 154368 154413 154399 154398
90542 10348 10413 4 154375 154376 154387 154403
90543 10062 9985 7 154379 154380 154409 154394 154393 154408 154490
90544 11725 11607 4 154383 154384 155551 155552
90545 11583 11607 7 154385 154383 156265 156242 156241 156273 156244
90546 11584 11607 5 154384 154385 156245 154686 154685
90547 10857 11168 5 154391 154392 154557 154781 154917
90548 10578 10348 4 154399 154400 154431 154414
90549 10080 10062 3 154407 154408 154487
90550 10837 10724 9 154412 154411 154547 154614 154616 154679 155653 155632 155534
90551 10514 10277 4 154425 154424 154523 154521
90552 10083 10350 4 154426 154427 154665 154430
90553 10912 10696 4 154437 154438 154457 154446
90554 10440 10160 4 154449 154450 154965 155101
90555 10696 11021 3 154456 154457 154458
90556 11314 11189 6 154464 154465 154715 154986 154995 155128
90557 10359 10062 6 154468 154469 154482 154483 154487 154490
90558 10870 11157 4 154470 154471 155242 154790
90559 10981 10732 5 154477 154478 154516 154741 154497
90560 10359 10052 4 154484 154485 154489 154486
90561 10359 9985 3 154490 154491 154492
90562 10810 10981 6 154497 154495 154539 154786 154745 154744
90563 10810 10908 4 154495 154496 154707 154538
90564 10821 10977 3 154499 154500 154507
90565 10821 10718 6 154502 154503 154504 154505 154506 154507
90566 10697 10872 7 154513 154511 154769 154764 154763 154699 154700
90567 10697 11103 3 154511 154512 154768
90568 10627 10277 4 154519 154520 154521 154522
90569 10837 10537 4 154526 154527 155620 154679
90570 10721 10697 5 154529 154530 154699 154646 154645
90571 10810 10953 4 154536 154537 154746 154745
90572 10810 11064 4 154539 154538 154708 154791
90573 11109 10729 5 154544 154542 154734 154748 154749
90574 10724 10697 3 154546 154547 154656
90575 10864 10328 5 154551 154552 154799 155150 154732
90576 10328 11181 4 154551 154553 154964 154733
90577 11109 10857 3 154556 154557 154780
90578 10422 10234 3 154558 154559 154620
90579 10520 10517 4 154560 154562 154564 154566
90580 10676 10796 5 154576 154577 154578 154587 154586
90581 10810 10676 3 154579 154581 154586
90582 10676 10770 4 154589 154590 154591 154599
90583 10517 10806 4 154594 154595 154602 154596
90584 10770 10517 4 154597 154598 154602 154599
90585 10542 10261 4 154603 154604 156935 154626
90586 10000 10262 6 154610 154611 155856 155917 155998 156513
90587 10658 10537 5 154612 154613 155654 155620 155618
90588 10724 10350 3 154615 154616 154676
90589 10532 10269 3 154621 154622 154623
90590 10425 10378 3 154624 154625 154627
90591 10369 10314 3 154632 154633 154634
90592 10231 9902 3 154639 154640 154657
90593 10231 10087 4 154642 154643 156759 154644
90594 11074 9 6 154649 154650 155257 155263 155249 155250
90595 44 11074 4 154648 154650 154837 154836
90596 9 11182 4 154649 154651 155347 155291
90597 9812 10132 3 154652 154653 156706
90598 10350 9886 4 154663 154664 154665 154666
90599 10196 10434 5 154669 154670 155614 155612 155622
90600 10810 10721 5 154671 154672 154744 154746 154758
90601 10951 11020 8 154680 154681 156366 156353 156354 156408 156171 156172
90602 10951 10994 7 154681 154682 156329 155630 155631 156370 156367
90603 10807 11020 6 154683 154680 156272 156271 156213 156186
90604 10807 10951 4 154680 154682 156369 156351
90605 11607 11487 5 154686 154684 156150 156273 156248
90606 11607 11659 5 154684 154685 155551 155550 156149
90607 9329 9393 4 154687 154689 157065 157066
90608 11059 10658 3 154690 154692 155518
90609 10495 10777 4 154691 154693 155533 155570
90610 10841 10760 3 154696 154697 154698
90611 10915 10942 6 154701 154702 155575 156401 155578 155579
90612 10942 11020 5 154701 154703 156124 156125 156213
90613 10781 11182 4 154711 154713 155340 155352
90614 10137 11157 5 154712 154714 155321 154794 154793
90615 11489 10841 4 154716 154717 156373 154718
90616 10729 10560 3 154723 154724 154735
90617 10770 10729 6 154722 154724 154759 154755 154749 154726
90618 10981 10995 7 154737 154738 154747 154773 154795 154846 154750
90619 10981 10721 5 154738 154739 154744 154741 154740
90620 10953 10981 5 154737 154739 154745 154787 154751
90621 11109 10981 5 154750 154751 154780 154782 154839
90622 11808 1348 5 154752 154753 154827 155507 155511
90623 11333 11731 3 154757 154756 155046
90624 10603 10736 4 154765 154766 156134 156152
90625 10603 10663 6 154766 154767 155775 156170 156086 156085
90626 9497 10781 5 154770 154771 155323 155328 155322
90627 11576 11268 5 154774 154776 156185 156253 156306
90628 1474 10781 5 154779 154777 155237 155352 155213
90629 1474 11084 4 154777 154778 154988 155234
90630 10981 10857 5 154780 154781 154904 154786 154787
90631 10981 11168 5 154781 154782 154815 154818 154918
90632 10137 10835 3 154792 154794 155309
90633 11064 11018 6 154803 154804 154931 154930 154908 154907
90634 10698 11103 4 154806 154807 154822 155593
90635 11013 11354 6 154808 154805 155339 154859 154858 155356
90636 11013 10698 4 154805 154807 154821 155468
90637 11103 11354 4 154806 154808 155357 155607
90638 11819 190 4 154809 154810 154813 154869
90639 11404 11168 4 154811 154812 154817 154815
90640 11344 10981 3 154816 154818 154914
90641 10297 10698 7 154821 154822 155592 155596 155681 154823 154825
90642 10698 10398 4 154824 154825 155468 155423
90643 10398 10176 7 154824 154826 155310 155240 155239 155324 155333
90644 11808 1947 4 154827 154828 155467 155508
90645 10275 9399 3 154831 154832 155392
90646 8643 10137 4 154833 154834 155271 154871
90647 8643 10275 6 154831 154833 154870 155283 155282 155337
90648 10137 9399 9 154832 154834 155270 155318 155264 155224 155110 155109 155393
90649 11074 10835 6 154835 154836 154992 154993 155289 154872
90650 11731 10835 3 154838 154835 154874
90651 11731 11074 4 154835 154837 155257 154873
90652 11244 11064 4 154841 154842 154895 154893
90653 10870 11065 4 154843 154844 154920 155009
90654 11698 194 5 154851 154852 154853 154892 154881
90655 11698 11819 5 154854 154855 154869 154891 154892
90656 10777 10353 4 154862 154863 155484 155601
90657 11698 487 4 154865 154866 154868 154889
90658 10542 10486 3 154877 154875 156931
90659 11698 376 5 154880 154881 154891 154890 154889
90660 11858 495 7 154882 154883 155483 155482 155523 155520 155519
90661 344 11443 4 154885 154887 155752 156297
90662 11064 11178 6 154894 154895 154896 154902 154900 154897
90663 11144 11064 4 154897 154898 154915 154899
90664 11064 10895 3 154901 154902 154903
90665 11344 11018 3 154907 154909 154910
90666 11854 11509 6 154911 154912 155059 155042 155041 155057
90667 11168 11064 4 154915 154916 154918 154917
90668 11018 11396 3 154928 154929 154930
90669 11018 11089 4 154933 154934 154942 154935
90670 10957 11013 4 154937 154938 155021 154945
90671 9458 8565 4 154946 154947 155145 155144
90672 11647 150 3 154955 154956 154960
90673 11647 11542 5 154957 154958 154959 154960 154962
90674 11707 11314 3 154961 154963 155126
90675 11252 11242 4 154973 154974 154991 155034
90676 10864 10692 3 154980 154981 155069
90677 11181 11252 5 154990 154991 155117 155123 155118
90678 11542 11189 3 154995 154994 155129
90679 8764 9458 8 155005 155003 155165 155091 155092 155144 155116 155115
90680 10170 10020 5 155025 155026 155083 155082 155162
90681 4901 11084 3 155029 155030 155198
90682 11252 11707 5 155033 155034 155117 155124 155048
90683 11509 628 4 155035 155036 155049 155037
90684 10170 9618 5 155043 155044 155087 155081 155083
90685 11509 824 4 155049 155050 155060 155051
90686 6534 10781 4 155052 155053 155226 155225
90687 10692 10293 4 155056 155054 155062 155064
90688 9871 10293 4 155055 155056 155072 155071
90689 11509 511 4 155058 155059 155061 155060
90690 11478 11252 6 155066 155067 155125 155123 155124 155131
90691 9745 9056 3 155074 155075 155151
90692 9745 10020 5 155077 155078 155084 155147 155082
90693 9458 9618 3 155086 155087 155165
90694 9556 9458 4 155092 155090 155146 155145
90695 10440 10885 5 155097 155098 155099 155100 155103
90696 11157 1474 4 155105 155106 155353 155213
90697 10781 9399 3 155108 155110 155225
90698 10170 354 4 155119 155120 155166 155167
90699 11478 11314 4 155126 155127 155128 155134
90700 11478 11647 4 155131 155132 155134 155133
90701 11578 11740 3 155136 155137 155138
90702 11578 218 4 155140 155141 155143 155142
90703 10329 9823 4 155152 155153 155180 155171
90704 10329 9458 3 155153 155154 155177
90705 9571 10139 5 155157 155158 155186 155190 155192
90706 9571 9129 4 155160 155161 155195 155182
90707 11354 11182 6 155169 155170 155345 155354 155365 155346
90708 10329 7 3 155173 155174 155175
90709 10170 9823 3 155178 155179 155180
90710 9571 9356 4 155183 155184 155185 155188
90711 9571 10252 4 155190 155191 155196 155193
90712 9159 8743 5 155202 155203 155204 155207 155209
90713 9159 7981 4 155204 155205 155206 155208
90714 10643 2702 4 155210 155211 155227 155212
90715 439 11354 5 155216 155218 155302 155301 155346
90716 10111 10445 3 155220 155222 155368
90717 6534 10137 4 155224 155226 155260 155261
90718 10643 2505 3 155229 155230 155231
90719 9497 8850 8 155243 155244 155306 155307 155319 155320 155254 155256
90720 233 11074 4 155248 155250 155290 155287
90721 8556 10275 3 155251 155252 155283
90722 9598 9497 4 155254 155255 155274 155326
90723 236 11354 4 155258 155259 155365 155301
90724 9399 8049 6 155264 155265 155266 155267 155269 155317
90725 8850 9399 4 155268 155269 155319 155270
90726 8850 10137 4 155271 155270 155320 155316
90727 10835 9497 4 155281 155279 155299 155309
90728 233 11182 4 155290 155291 155348 155354
90729 9247 9322 7 155293 155294 155808 155821 155822 155939 156011
90730 9382 10670 4 155295 155292 155786 155804
90731 9382 9247 4 155292 155294 155805 155785
90732 11157 9497 4 155299 155298 155322 155321
90733 9952 9575 5 155303 155304 156839 156940 155617
90734 10875 10137 5 155312 155313 155388 155393 155315
90735 439 11182 6 155314 155311 155346 155350 155349 155340
90736 9497 9399 3 155317 155318 155319
90737 10398 10391 3 155324 155325 155332
90738 9562 10781 3 155328 155329 155330
90739 11354 10398 5 155332 155333 155423 155339 155336
90740 8643 10875 4 155337 155338 155371 155391
90741 1474 11182 4 155349 155351 155353 155352
90742 495 11029 3 155363 155364 155408
90743 5605 10221 6 155369 155370 155406 155418 155415 155400
90744 9349 9836 5 155372 155373 155709 155710 155711
90745 11354 378 3 155377 155378 155379
90746 9349 9383 4 155382 155383 155710 155663
90747 9195 9349 5 155382 155384 155666 155665 155664
90748 10924 8791 8 155386 155387 155852 155792 155791 155686 155658 155659
90749 7678 10924 6 155385 155387 155865 155827 155766 155765
90750 10875 9399 5 155389 155390 155391 155392 155393
90751 10026 9547 7 155397 155398 156717 156718 157339 156573 156574
90752 10026 9928 4 155398 155395 156753 156752
90753 4107 10221 5 155399 155400 155414 155407 155401
90754 10221 7774 5 155402 155403 155416 155413 155405
90755 23 11541 4 155411 155409 156112 156111
90756 23 11268 3 155409 155410 156228
90757 10221 6223 4 155416 155417 155418 155419
90758 10915 10809 5 155420 155421 155642 155643 156391
90759 11020 10809 4 155421 155422 156172 156272
90760 10663 10000 6 155425 155426 155813 155998 156663 155758
90761 10194 10000 6 155426 155428 156823 155708 155707 155814
90762 11073 442 4 155435 155436 155459 155547
90763 442 10437 8 155816 155817 155548 155435 155437 155962 155961 -1
90764 9304 8553 4 155438 155439 155744 155743
90765 9889 10877 4 155443 155444 156004 155819
90766 11718 458 4 155446 155447 155749 156142
90767 696 11073 5 155449 155450 155459 155876 155989
90768 11103 11471 3 155465 155466 155599
90769 11029 205 4 155469 155470 155476 155472
90770 11029 1872 6 155471 155472 155475 155473 155789 155788
90771 11029 1348 5 155474 155475 155476 155477 155478
90772 11029 1168 3 155478 155479 155480
90773 11320 11706 5 155490 155489 156192 156193 156340
90774 10698 9715 4 155492 155493 155504 155495
90775 10176 9715 4 155493 155494 155678 155505
90776 10176 10111 3 155494 155491 155677
90777 10698 9757 4 155496 155497 155498 155504
90778 10698 10875 3 155500 155501 155502
90779 11808 495 4 155510 155511 155512 155520
90780 11858 11213 3 155521 155522 155523
90781 11406 11566 6 155524 155525 155940 156041 156094 155806
90782 9756 9125 5 155529 155530 156661 156629 155930
90783 10951 10837 4 155534 155535 156371 155631
90784 10437 10948 5 156424 155540 155538 156562 -1
90785 9382 10530 3 155543 155544 155726
90786 190 11745 5 155545 155546 156240 156239 156260
90787 442 10900 6 155547 155548 155868 155925 155924 155877
90788 11725 11787 5 155552 155549 156259 156267 156268
90789 11607 11787 5 155550 155552 156265 156257 156256
90790 9928 9682 3 155555 155553 156843
90791 8243 9242 4 155559 155558 155972 155846
90792 10261 10486 4 155566 155567 156525 156526
90793 10915 10930 3 155575 155576 156398
90794 10947 10930 6 155576 155577 156130 156127 156414 156399
90795 10777 11169 4 155582 155583 155585 155597
90796 10297 10777 4 155592 155594 155601 155595
90797 11698 10777 3 155602 155603 155606
90798 10777 11354 4 155604 155605 155607 155606
90799 10837 10658 5 155608 155609 155653 155620 155611
90800 9952 10004 6 155616 155617 156941 156345 156344 155945
90801 9672 10194 4 155623 155624 156826 155708
90802 10693 10701 6 155633 155634 156339 156305 156304 156480
90803 9264 9166 4 155637 155636 157630 157916
90804 10771 10775 4 155639 155640 156232 156386
90805 10902 10775 4 155641 155639 156475 156458
90806 10720 10775 5 155640 155641 156056 156055 156233
90807 11268 10722 4 155645 155646 156153 156317
90808 10722 10603 5 155644 155646 156152 156156 156229
90809 10439 10701 3 155648 155649 156480
90810 11215 10963 3 155651 155650 156080
90811 10658 10724 3 155653 155654 155655
90812 9805 9349 4 155665 155667 155712 155675
90813 9349 9876 6 155668 155669 155713 155700 155701 156846
90814 10437 9120 4 155671 155672 156704 156059
90815 9878 10698 4 155679 155680 155681 155682
90816 10663 11214 5 155683 155684 156328 155843 155842
90817 9486 9890 7 155691 155692 156786 156815 156817 156827 156830
90818 9486 9559 5 155690 155691 156876 156878 156884
90819 9248 9395 3 155693 155694 156631
90820 9395 9362 6 155693 155695 155841 155839 156909 156908
90821 9878 9757 3 155696 155697 155698
90822 10942 10663 4 155703 155705 156087 156086
90823 9322 8255 4 155714 155715 155822 155938
90824 9929 10922 4 155729 155730 156637 156690
90825 10663 10495 6 155734 155735 155772 155782 155790 155770
90826 9672 8977 5 155736 155737 155943 155942 155741
90827 9304 8800 5 155739 155740 156738 155742 155743
90828 678 10833 4 155748 155746 155915 155991
90829 678 10877 4 155746 155747 155993 155914
90830 11541 11558 5 155754 155753 155927 156431 156314
90831 11421 96 4 155756 155757 156009 156045
90832 96 11406 5 155755 155757 156008 156094 156072
90833 11015 10404 3 155760 155762 156026
90834 10972 10922 4 155761 155763 156064 156065
90835 2019 10924 5 155764 155766 155828 155830 155831
90836 11059 10663 4 155771 155772 155774 155773
90837 10924 11501 4 155777 155778 155811 155848
90838 10924 9247 3 155784 155785 155791
90839 1872 9867 3 155787 155788 155796
90840 10924 1211 3 155793 155794 155800
90841 11782 11406 4 155806 155807 156068 156072
90842 442 11421 8 155875 155874 156104 156107 156101 155815 155816 -1
90843 9247 8255 3 155822 155823 155901
90844 7936 9247 5 155821 155823 155900 155869 155826
90845 10924 413 4 155827 155828 155829 155851
90846 8826 11073 3 155832 155833 155898
90847 10358 10404 4 155838 155836 155952 155974
90848 10358 10575 4 155836 155837 156034 155951
90849 9412 9362 7 155839 155840 156795 156794 156797 156964 156950
90850 11028 10924 8 155847 155848 155862 155850 155851 155865 155852 155849
90851 9214 8973 5 155853 155854 156983 156577 156578
90852 9091 8973 3 155854 155855 156984
90853 11028 885 3 155862 155863 155864
90854 11028 7678 3 155865 155866 155867
90855 9773 9203 4 155870 155871 156254 156029
90856 1129 11421 3 155873 155875 -1
90857 9845 10389 4 155881 155882 156684 156012
90858 10389 9929 6 155881 155883 156640 156638 156637 156013
90859 9594 9544 4 155886 155887 156670 156669
90860 9596 9447 5 155888 155885 157209 157558 157105
90861 10110 9769 6 155889 155890 156516 156515 156944 156942
90862 9206 8926 3 155894 155895 156891
90863 7936 9203 4 155900 155902 155904 155920
90864 9203 10389 3 155907 155905 155996
90865 9203 10262 6 155905 155906 156022 156719 156029 156028
90866 11686 11528 3 155910 155912 156108
90867 7450 9203 4 155919 155920 155937 155928
90868 9756 9621 4 155929 155930 156627 156509
90869 8514 9203 3 155933 155934 155935
90870 9203 9322 6 155935 155936 156720 156022 155939 155938
90871 8977 9621 5 155943 155941 156722 156721 156057
90872 8977 9327 6 155941 155942 156664 156650 156649 156813
90873 9952 10075 3 155944 155945 156422
90874 10948 10358 6 156100 156098 155951 155952 157304 -1
90875 9714 10155 4 155954 155955 156633 156785
90876 10404 9784 5 155956 155958 156561 155974 155973
90877 9210 7678 4 155959 155960 155981 155982
90878 10437 3291 6 155962 155963 155965 155985 155986 155988
90879 2473 10437 4 155961 155963 155964 -1
90880 11718 11309 3 155969 155971 156167
90881 10801 10948 4 155976 155975 156594 156630
90882 9863 9395 4 155977 155978 156681 156801
90883 9415 9395 8 155978 155979 156835 156880 156733 156728 156726 156682
90884 10437 4061 3 155984 155985 155987
90885 221 11759 6 156005 156006 156190 156191 156204 156183
90886 11406 11837 5 156007 156008 156041 156037 156038
90887 10439 10741 3 156015 156016 156093
90888 10693 10523 3 156017 156014 156304
90889 10125 10439 5 156019 156018 156770 156767 156033
90890 9927 10279 3 156024 156025 156641
90891 10026 9927 6 156023 156025 156626 156625 156717 156752
90892 11309 11131 3 156032 156030 156145
90893 10639 10158 3 156035 156036 156096
90894 11309 822 3 156042 156043 156044
90895 10831 11185 4 156054 156052 156063 156062
90896 10972 11185 6 156053 156054 156064 156067 156066 156074
90897 9929 8826 5 156060 156061 156689 156692 156636
90898 11015 11214 4 156070 156071 156326 156175
90899 11158 11020 4 156076 156077 156405 156408
90900 10432 10720 3 156081 156082 156988
90901 10663 11268 6 156087 156085 156135 156328 156292 156291
90902 11068 10997 4 156089 156090 156133 156132
90903 10158 10279 7 156097 156096 156463 156464 156647 156744 156724
90904 11421 11309 4 156101 156102 156103 156106
90905 11558 131 3 156118 156119 156310
90906 11558 188 4 156119 156120 156154 156309
90907 11077 10930 4 156127 156128 156218 156413
90908 11268 10930 5 156128 156130 156131 156222 156219
90909 10736 11268 5 156135 156134 156153 156318 156327
90910 9642 9540 5 156136 156137 158675 158402 158403
90911 9790 9540 6 156138 156136 157548 157546 157545 157539
90912 11558 458 4 156139 156140 156142 156168
90913 11558 11718 6 156142 156143 156167 156174 156294 156169
90914 11558 11309 6 156144 156145 156166 156173 156167 156146
90915 11431 11607 5 156149 156150 156241 156243 156256
90916 11558 344 5 156154 156155 156168 156169 156295
90917 9848 10158 6 156162 156163 157283 157405 156715 156688
90918 10026 10285 4 156164 156161 156626 156642
90919 10026 9848 5 156161 156163 157282 156718 156625
90920 11015 11558 4 156165 156166 156175 156281
90921 11214 11558 4 156173 156174 156319 156175
90922 11576 11320 4 156176 156177 156253 156192
90923 11319 11425 5 156178 156179 156315 156224 156223
90924 11759 11835 4 156183 156184 156202 156203
90925 11443 11431 3 156188 156189 156285
90926 11759 11495 4 156196 156197 156198 156211
90927 6 11759 4 156203 156204 156205 156208
90928 11759 11807 3 156206 156207 156210
90929 11759 11602 4 156209 156210 156212 156211
90930 11097 11137 7 156214 156215 156443 156442 156451 156450 156471
90931 10914 11097 6 156214 156216 156221 156449 156496 156473
90932 11097 10930 4 156218 156219 156221 156435
90933 11268 131 6 156227 156228 156280 156312 156310 156307
90934 10523 10775 4 156232 156233 156348 156346
90935 10410 10581 4 156234 156235 156389 156388
90936 11607 11682 3 156242 156243 156257
90937 11607 11489 3 156244 156245 156248
90938 9621 9203 5 156254 156255 156721 156720 156719
90939 11787 11583 4 156263 156264 156268 156265
90940 11487 11583 4 156273 156274 156276 156275
90941 11268 11787 4 156283 156284 156286 156300
90942 11443 11268 8 156283 156285 156287 156289 156291 156293 156297 156298
90943 11268 11169 3 156287 156288 156290
90944 11268 11718 5 156292 156293 156296 156294 156320
90945 11268 344 5 156295 156296 156297 156299 156321
90946 207 11268 6 156298 156299 156322 156323 156301 156300
90947 10701 10741 5 156305 156303 156495 156493 156486
90948 188 11268 6 156307 156308 156325 156322 156321 156309
90949 11268 98 3 156311 156312 156313
90950 11214 11268 5 156319 156320 156328 156327 156326
90951 11268 227 3 156323 156324 156325
90952 10693 10822 5 156332 156333 156396 156400 156501
90953 10513 10822 4 156341 156342 156460 156501
90954 10513 10542 6 156342 156343 156932 156479 156436 156437
90955 10753 10581 4 156349 156350 156379 156380
90956 10951 11322 3 156354 156355 156409
90957 11319 10951 7 156353 156355 156410 156364 156365 156376 156368
90958 10951 10542 3 156359 156360 156361
90959 10951 11109 4 156362 156363 156365 156375
90960 10951 11487 5 156366 156367 156377 156378 156368
90961 10951 11308 5 156370 156371 156372 156374 156377
90962 11489 10951 5 156373 156374 156378 156376 156375
90963 10753 10513 5 156381 156379 156395 156437 156460
90964 10639 10719 3 156384 156385 156590
90965 10693 10915 8 156390 156391 156396 156397 156398 156401 156403 156734
90966 10486 10693 3 156390 156392 156748
90967 9316 9366 5 156393 156394 157261 157707 157637
90968 10693 10942 3 156401 156402 156404
90969 11158 10951 5 156406 156407 156410 156409 156408
90970 11158 11319 3 156410 156411 156412
90971 11045 11097 3 156418 156419 156450
90972 10923 11129 4 156420 156421 156462 156438
90973 11375 11528 4 156425 156426 156453 156452
90974 11375 11598 4 156426 156427 156428 156429
90975 11541 11097 3 156433 156434 156443
90976 10147 10159 4 156439 156440 157419 157421
90977 9954 10159 4 156440 156441 157192 158653
90978 10261 10513 3 156444 156445 156764
90979 10110 10513 3 156456 156457 156774
90980 9470 9792 3 156468 156466 157332
90981 10466 10453 5 156469 156470 156567 157712 156591
90982 10923 11137 4 156471 156472 156557 156474
90983 10914 10741 5 156485 156486 156494 156496 156487
90984 9381 9520 5 156492 156490 157179 157166 157164
90985 10741 11097 3 156496 156497 156498
90986 9163 8897 7 156499 156500 157246 157286 157288 157290 157097
90987 9507 9474 3 156506 156507 157165
90988 10000 10155 5 156512 156513 156663 156683 156708
90989 9769 9720 6 156514 156515 156943 156953 156954 157167
90990 9859 9769 7 156514 156516 156741 156742 157135 157136 157162
90991 9346 9207 6 156527 156528 157124 157877 157878 157883
90992 9346 9259 3 156528 156529 157038
90993 9355 9207 4 156530 156527 157884 157870
90994 9355 9346 5 156527 156529 157039 157248 157687
90995 9444 9547 4 156536 156534 156699 157364
90996 10723 10904 7 156539 156540 157555 157556 158473 158467 158295
90997 10849 10723 4 156538 156540 158869 158892
90998 10498 10705 3 156541 156542 156553
90999 9594 9702 5 156549 156550 156977 157333 156687
91000 9951 9702 3 156550 156552 156978
91001 10279 10135 5 156554 156555 157206 157205 157052
91002 10948 9784 4 157304 156561 156562 -1
91003 9211 9206 6 156563 156564 156993 157067 157072 157059
91004 9296 9206 4 156566 156563 156895 156896
91005 10026 9541 3 156572 156573 157358
91006 9248 9211 5 156579 156576 156912 156911 156993
91007 8973 9211 6 156577 156579 157067 157073 157044 157043
91008 10107 10124 6 156580 156581 158685 158703 158695 156611
91009 10107 10187 4 156581 156582 158728 158686
91010 10008 10187 5 156582 156583 158738 158726 158725
91011 10008 10124 6 156583 156580 156613 158711 158716 158808
91012 10008 10107 5 156580 156582 158727 158736 156612
91013 10187 10124 6 156581 156583 158308 158309 158631 158678
91014 10073 9875 5 156586 156584 157353 157821 157824
91015 10135 10321 6 156596 156597 157205 157468 157471 156924
91016 10483 10338 5 156599 156600 156601 156624 156616
91017 10590 10483 4 156602 156603 156617 156604
91018 10483 10540 6 156606 156607 156617 156615 156616 156623
91019 10483 10569 4 156608 156609 156610 156620
91020 9964 10008 6 156612 156613 158710 158345 158347 158737
91021 9964 10124 5 156613 156611 158541 158542 158706
91022 9964 10107 7 156611 156612 158683 158684 158690 158692 158694
91023 10483 10410 4 156618 156619 156620 156621
91024 10483 10365 3 156622 156623 156624
91025 9327 9125 6 156628 156629 156810 156648 156649 156812
91026 10146 10285 4 156644 156646 156700 156679
91027 8952 9327 6 156648 156650 156665 156763 156807 156809
91028 10158 9615 3 156657 156656 156715
91029 9103 9258 5 156658 156659 157230 157231 157849
91030 9045 9258 4 156659 156660 157601 157250
91031 9258 9289 7 156658 156660 157600 157274 157273 157445 157850
91032 9327 8800 4 156664 156665 156675 156676
91033 9409 9350 7 156666 156667 158012 158247 158204 158205 158014
91034 9848 9395 8 156681 156682 156725 157391 157362 157359 156804 156802
91035 9929 8857 3 156691 156692 156693
91036 9444 9541 6 156699 156698 157154 157102 157103 157355
91037 9212 8627 5 156701 156702 156845 156869 156865
91038 9133 8899 3 156709 156710 157880
91039 9133 9090 5 156710 156711 157062 157169 157879
91040 9682 9486 5 156713 156714 156830 156876 156828
91041 9927 9547 6 156716 156717 156798 156799 156800 156803
91042 9848 9547 4 156718 156716 156804 157340
91043 10254 10915 3 156734 156735 156749
91044 9212 8724 6 156739 156740 156867 156859 156858 156844
91045 10279 9792 4 156744 156743 157206 157334
91046 10254 9886 4 156746 156747 156766 156750
91047 9927 9714 3 156754 156755 156799
91048 10439 9952 5 156770 156769 156849 156842 156841
91049 9420 9631 5 156777 156775 157094 157348 156899
91050 9415 9327 6 156778 156779 156810 156809 156808 156789
91051 9117 8954 5 156783 156784 157063 157064 157639
91052 9206 8808 5 156791 156792 156890 156891 156902
91053 8838 9206 5 156790 156792 157019 157072 156904
91054 9362 9393 4 156796 156797 157092 157009
91055 9927 9395 3 156801 156802 156803
91056 9327 8979 3 156806 156807 156808
91057 9327 9242 3 156811 156812 156813
91058 9890 9672 4 156814 156815 156816 156826
91059 9890 10194 4 156821 156822 156823 156826
91060 9462 9709 4 156824 156825 156847 156848
91061 9486 9565 4 156828 156829 156886 156878
91062 9995 10009 4 156833 156834 157253 158545
91063 8660 9248 3 156836 156838 156985
91064 9952 10207 3 156840 156841 156922
91065 9763 9619 5 156850 156851 156874 156875 157132
91066 9769 9763 4 156850 156852 157074 157135
91067 9202 8973 6 156853 156854 157043 156983 156984 157117
91068 9191 9316 4 156862 156863 157413 157412
91069 9518 9191 4 156861 156863 157585 157584
91070 9212 8443 4 156866 156867 156868 156869
91071 9763 9520 3 156875 156873 156957
91072 9218 9648 3 156881 156882 156883
91073 9218 9097 4 156887 156888 156889 156910
91074 8669 9218 3 156892 156894 157024
91075 9375 9420 4 156899 156900 156995 157344
91076 9412 9471 5 156905 156906 156965 156964 157091
91077 9619 9471 6 156907 156905 157090 157010 157012 156916
91078 9541 9471 3 156906 156907 156917
91079 9346 9570 4 156918 156919 156968 157177
91080 9346 9463 7 156919 156920 157640 157885 157926 157875 156969
91081 9410 9463 6 156920 156921 157717 157782 157779 157642
91082 9410 9570 5 156921 156918 157178 157852 157716
91083 9410 9346 7 156918 156920 157641 157888 157688 157248 157176
91084 10135 10134 7 156923 156924 157470 156927 156928 156960 157331
91085 9951 10134 5 156925 156923 157326 157325 157431
91086 10321 10134 3 156924 156925 157432
91087 10254 10542 6 156930 156931 156939 156935 156933 156932
91088 10254 10378 3 156933 156934 156936
91089 10254 10580 3 156937 156938 156939
91090 9769 9559 4 156945 156946 156962 156949
91091 9248 8979 4 156947 156948 157046 157029
91092 9769 9730 3 156952 156953 156955
91093 9471 9769 6 156962 156963 157015 157011 157012 156994
91094 9474 9214 3 156973 156974 157008
91095 9366 9305 3 156980 156981 157211
91096 9335 9366 6 156979 156981 156997 156996 157191 157098
91097 9393 9202 5 156986 156987 157065 157026 157007
91098 9769 9474 5 156992 156991 157011 157013 157163
91099 9258 9366 5 156996 156998 157708 157261 157196
91100 9339 9335 3 156997 156999 157099
91101 10268 10319 5 157001 157003 157328 157433 157472
91102 9362 9474 5 157008 157009 157023 157021 157022
91103 9471 9474 5 157010 157011 157014 157023 157089
91104 9471 9560 4 157014 157015 157016 157017
91105 9362 9560 5 157017 157018 157028 157020 157021
91106 9133 9393 6 157026 157027 157550 157549 157118 157066
91107 9641 9542 5 157030 157031 157113 157374 157309
91108 9457 9641 5 157030 157032 157338 157356 157308
91109 8968 9163 4 157037 157035 157287 157286
91110 8968 9398 6 157035 157036 157214 157376 157315 157314
91111 9259 9416 5 157040 157038 157125 157140 157060
91112 9248 8754 3 157045 157046 157047
91113 9211 9038 3 157049 157050 157173
91114 8899 9211 7 157048 157050 157899 157910 157069 157068 157058
91115 10153 10204 6 157053 157054 157728 157726 157740 157741
91116 9393 9259 4 157060 157061 157785 157550
91117 8838 9211 5 157068 157070 157073 157072 157071
91118 10237 10432 4 157077 157078 157107 158753
91119 9716 9596 3 157079 157081 157547
91120 9163 9305 4 157084 157085 157284 157302
91121 9029 9163 6 157084 157086 157289 157097 157096 157138
91122 9951 9656 4 157088 157087 157394 157336
91123 9393 9471 4 157089 157090 157091 157092
91124 9702 9420 3 157093 157094 157150
91125 9339 9305 6 157099 157100 157189 157187 157203 157211
91126 9470 9541 4 157101 157102 157184 157346
91127 9453 9596 3 157105 157106 157552
91128 9641 9398 3 157113 157114 157377
91129 9202 8886 3 157115 157116 157117
91130 9456 9133 5 157118 157119 157120 157928 157795
91131 9784 9641 5 157121 157122 157399 157401 157404
91132 9641 9615 6 157121 157123 157374 157377 157382 157381
91133 9207 9416 3 157125 157124 157139
91134 9956 10153 4 157129 157130 157990 157989
91135 9956 9998 5 157130 157128 158420 158517 158300
91136 9956 10159 4 157128 157129 158001 158000
91137 9619 9859 3 157131 157132 157136
91138 9163 9345 7 157137 157138 157302 157300 157301 157292 157293
91139 9416 9133 5 157139 157140 157549 157795 157886
91140 9259 9133 4 157140 157141 157816 157550
91141 9133 9207 7 157139 157141 157908 157881 157880 157879 157877
91142 10134 10354 6 157148 157145 157199 158657 158656 158659
91143 10347 10354 6 157146 157148 158660 158608 158583 158584
91144 9444 9375 3 157154 157152 157185
91145 9769 9520 5 157161 157162 157167 157182 157163
91146 9346 9133 6 157168 157169 157877 157886 157928 157925
91147 9515 9534 4 157172 157170 158263 158262
91148 9259 9211 7 157173 157174 157784 157785 157816 157907 157899
91149 9410 9416 5 157178 157176 157249 157810 157812
91150 9546 9520 4 157180 157181 157183 157182
91151 9470 9375 6 157184 157185 157349 157343 157344 157347
91152 9345 9305 6 157187 157188 157302 157303 157329 157202
91153 9995 9998 5 157193 157194 158106 158618 158420
91154 9995 9954 5 157194 157192 157814 157460 157462
91155 9258 9379 4 157197 157196 157262 157507
91156 9189 9345 3 157200 157201 157292
91157 9656 9596 5 157208 157209 157544 157393 157336
91158 9447 9656 4 157207 157209 157559 157305
91159 10644 10568 4 157212 157213 158671 158752
91160 9029 9258 5 157215 157216 157236 157221 157220
91161 8978 9258 4 157219 157220 157222 157502
91162 9984 10244 3 157225 157226 158380
91163 10173 9984 6 157225 157227 158458 158464 158072 158069
91164 9784 9540 8 157529 157531 157543 157560 157228 157229 157259 -1
91165 9258 9052 4 157233 157234 157235 157251
91166 9258 9016 4 157236 157237 157251 157238
91167 9306 9534 4 157241 157242 158032 158033
91168 9185 9409 4 157243 157245 157935 158201
91169 9355 9410 6 157248 157249 157929 157957 157914 157689
91170 9444 9039 4 157255 157256 157319 157321
91171 8968 9540 3 157259 157260 -1
91172 9515 9424 6 157263 157264 157525 158419 158117 157767
91173 9232 9367 4 157265 157266 158018 158059
91174 9085 9334 5 157267 157268 157538 157838 157837
91175 9334 9367 7 157266 157268 157537 157760 158124 158107 158019
91176 9289 9406 4 157274 157272 157398 157645
91177 9289 9443 5 157272 157273 157444 157602 157397
91178 10240 10197 4 157275 157276 158166 158081
91179 10240 10238 8 157276 157277 158597 158319 157718 157721 158581 158579
91180 10167 10240 4 157275 157277 158585 158082
91181 9611 9454 5 157280 157281 157526 158587 157693
91182 9641 9848 7 157282 157283 157404 157381 157361 157359 157340
91183 9163 8983 3 157289 157290 157291
91184 9163 9339 3 157293 157294 157295
91185 9163 9329 3 157296 157297 157301
91186 9310 9189 3 157298 157299 157369
91187 9398 9039 5 157313 157314 157316 157317 157319
91188 9084 9398 4 157313 157315 157380 157322
91189 9310 9039 4 157317 157318 157371 157321
91190 9641 9547 5 157339 157340 157363 157364 157365
91191 9470 9329 4 157341 157342 157343 157350
91192 9470 9631 4 157345 157346 157347 157348
91193 9363 9470 4 157349 157350 157373 157367
91194 9875 9954 5 157352 157353 157820 157834 158170
91195 9541 9641 5 157354 157355 157365 157358 157357
91196 9641 9395 3 157359 157360 157363
91197 9848 9444 3 157361 157362 157383
91198 9363 9310 6 157368 157369 157370 157371 157372 157373
91199 9398 9615 5 157375 157376 157380 157384 157377
91200 9084 9615 5 157378 157379 157388 157385 157380
91201 9615 9444 6 157382 157383 157390 157389 157385 157384
91202 9615 9271 5 157386 157387 157388 157389 157392
91203 9615 9395 3 157390 157391 157392
91204 9255 8940 4 157395 157396 158364 157614
91205 9784 9792 4 157399 157400 157406 157402
91206 9784 9848 3 157403 157404 157405
91207 8981 9191 3 157407 157408 157500
91208 9151 8940 4 157409 157410 157614 158341
91209 9151 8959 4 157410 157411 157606 157604
91210 9721 9729 6 157416 157415 158273 158271 158291 158293
91211 10159 10038 5 157419 157420 158669 158654 158653
91212 10374 10240 6 157426 157424 158645 157719 157721 157473
91213 10374 10229 4 157424 157425 157452 157449
91214 9686 9734 5 157428 157429 157581 157580 158180
91215 9734 9844 4 157427 157429 157738 157702
91216 10134 10319 5 157430 157431 157432 157470 157433
91217 10355 10183 6 157439 157440 158799 158819 158781 158779
91218 10183 10171 6 157439 157441 158740 158680 158679 158782
91219 9289 9463 5 157444 157445 157640 157642 157780
91220 10081 9956 6 157448 157446 158501 158300 157990 157991
91221 10015 9956 4 157447 157448 158274 158536
91222 10315 10229 4 157449 157450 158158 158628
91223 10007 9788 5 157455 157456 157458 157457 157715
91224 9746 9995 6 157461 157462 158106 158619 157770 157769
91225 9746 9954 5 157462 157459 158438 158287 158105
91226 9746 9834 5 157459 157461 157730 157731 158621
91227 9534 9727 3 157464 157465 157682
91228 9802 9597 5 157466 157467 158616 157898 157891
91229 10135 10319 3 157470 157471 157472
91230 10240 10429 4 157473 157474 158580 158581
91231 10644 10615 4 157475 157476 158559 158795
91232 10615 10593 7 157475 157477 157758 157802 157800 158413 158414
91233 10851 10904 5 157478 157479 158468 158467 158472
91234 10851 11100 7 157479 157480 158909 158911 158732 158450 158451
91235 11127 10851 4 157478 157480 158908 158899
91236 10183 10068 3 157481 157482 158172
91237 9740 9964 4 157484 157485 158540 158542
91238 9740 9642 7 157483 157484 158705 158712 158717 158708 158707
91239 10183 10064 8 157486 157487 158410 158172 158173 158624 158680 158698
91240 9964 10063 7 157488 157489 157516 157772 157773 158546 158692
91241 9964 10183 3 157486 157488 158690
91242 10355 10593 3 157490 157491 158051
91243 9122 8940 7 157492 157493 158340 158341 158364 158365 158373
91244 8999 9122 5 157492 157494 158343 158362 158372
91245 9424 9518 5 157510 157512 157540 157584 157591
91246 9790 10064 4 157513 157514 157515 157539
91247 9611 9716 5 157518 157519 157684 157751 157750
91248 9544 9611 3 157517 157519 157541
91249 9540 10068 6 157529 157530 157532 157534 158220 -1
91250 9540 9596 9 157530 157531 157544 157558 157552 157551 157547 157546 157533
91251 9540 9943 4 157532 157533 157545 157535
91252 9656 9540 4 157543 157544 157559 157561
91253 10723 10773 6 157554 157555 158869 158888 158480 158481
91254 9540 9447 4 157557 157558 157559 157563
91255 9457 9540 4 157560 157561 157563 157562
91256 9325 9123 8 157564 157565 158200 158076 158077 158087 158088 158141
91257 9325 9357 6 157565 157566 158182 158183 158207 158208
91258 9280 9325 3 157564 157566 158198
91259 9357 9123 3 157565 157567 158093
91260 9027 9136 4 157568 157569 158369 158279
91261 9380 9469 4 157570 157571 157970 158025
91262 9123 9151 5 157575 157576 157775 157776 158087
91263 9609 9686 5 157581 157583 157647 157648 157739
91264 9113 8984 4 157592 157593 157968 157623
91265 9443 9410 4 157596 157597 157786 157782
91266 9357 9289 9 157602 157603 158208 158093 157967 157901 157887 157781 157780
91267 9151 8956 4 157605 157606 157619 157613
91268 8699 9153 4 157611 157612 158058 158057
91269 10191 9786 5 157626 157627 158314 158313 158730
91270 10191 10286 5 157627 157628 158505 158571 158573
91271 10286 9786 5 157627 157629 158318 158547 158563
91272 9350 9651 5 157635 157636 157653 157654 158229
91273 9350 9524 6 157636 157633 157675 157676 157894 157697
91274 9651 9524 4 157634 157636 157698 157844
91275 9410 9289 3 157641 157642 157781
91276 9746 9622 4 157643 157644 158499 158153
91277 9631 9510 4 157651 157649 157659 157664
91278 9406 9518 4 157656 157657 157660 157663
91279 9475 9421 3 157661 157662 157696
91280 9716 9604 4 157670 157672 157684 157754
91281 9508 9524 3 157674 157675 158086
91282 9489 9622 5 157677 157678 157872 158118 158592
91283 9496 9622 4 157678 157679 157725 157874
91284 9534 9746 5 157682 157683 158060 158153 158152
91285 9355 9187 4 157687 157689 157913 157884
91286 9182 9448 4 157690 157691 157839 157889
91287 9463 9604 3 157699 157700 157709
91288 9424 9807 5 157703 157704 158219 158398 158117
91289 9463 9316 3 157706 157707 157778
91290 10354 10453 8 157712 157713 158596 158822 158658 158656 158661 158608
91291 10159 10374 4 157719 157720 158169 158168
91292 9740 9534 7 157723 157724 158060 158500 158591 158590 158262
91293 10081 10093 4 157727 157729 158275 157991
91294 9259 9108 3 157733 157734 157846
91295 9207 9187 4 157736 157737 157883 157884
91296 10485 10204 4 157741 157743 158538 158537
91297 9608 9334 5 157746 157744 158124 158126 158042
91298 9608 9409 8 157744 157745 158012 158246 158055 158054 158320 158187
91299 9716 9642 5 157748 157750 158401 158403 158196
91300 9802 9798 4 157763 157764 158065 157823
91301 9802 9734 7 157764 157762 157893 157898 158612 158064 158063
91302 9995 9740 8 157768 157769 158674 157808 157807 158540 157949 157950
91303 9956 9995 7 157768 157770 158617 158420 158000 158002 158548
91304 9762 10063 3 157771 157772 158664
91305 9123 9255 4 157776 157777 158079 158077
91306 9463 9357 3 157779 157780 157783
91307 9735 9785 5 157789 157790 157948 158073 157922
91308 9810 9998 5 157797 157799 158518 158598 158578
91309 9846 9986 5 157804 157805 158526 158527 158599
91310 9762 9995 3 157806 157807 158296
91311 9460 9410 4 157810 157811 157940 157929
91312 9504 9460 4 157809 157811 157939 157915
91313 9875 9735 5 157820 157821 157985 158062 157835
91314 9875 9798 5 157822 157823 157985 157824 157825
91315 10073 9798 3 157826 157824 157947
91316 9875 9734 4 157834 157835 158064 158171
91317 9334 9126 3 157836 157837 158238
91318 8999 9193 5 157841 157842 158343 158344 158266
91319 9117 9253 3 157847 157848 157903
91320 9501 9758 5 157853 157854 157960 157961 157962
91321 9501 9737 5 157856 157857 157984 157963 157962
91322 9123 9103 3 157858 157859 157994
91323 10278 10393 3 157866 157864 158572
91324 9166 9355 8 157870 157871 157905 157916 157917 157958 157914 157913
91325 9259 9166 3 157869 157871 157904
91326 9489 9591 3 157872 157873 157979
91327 9207 8991 3 157881 157882 157909
91328 9346 9357 3 157887 157888 157900
91329 9802 9585 4 157890 157891 157893 157892
91330 9117 9355 3 157905 157906 157930
91331 9207 9211 4 157907 157908 157909 157910
91332 9380 9459 3 157931 157932 158066
91333 9409 9228 4 157934 157935 158013 158014
91334 9735 10007 4 157944 157945 157946 158073
91335 9995 9786 4 157950 157951 158620 158548
91336 10124 9786 6 157951 157952 158475 158313 158315 158557
91337 10124 9740 5 157952 157949 158542 158705 158474
91338 9467 9355 4 157956 157957 157958 157959
91339 9153 8781 5 157971 157972 158047 158046 158045
91340 8924 9175 3 157974 157976 158020
91341 8873 9174 5 157988 157986 158235 158228 158068
91342 9956 10093 6 157989 157991 158274 158535 158002 158001
91343 9153 8747 6 157995 157996 158047 158048 158058 158050
91344 8747 9150 3 157995 157997 158044
91345 9521 9272 3 158005 158006 158009
91346 9141 9102 6 158015 158016 158240 158239 158241 158244
91347 9534 9414 5 158024 158023 158033 158128 158130
91348 9325 9343 6 158028 158029 158207 158184 158185 158091
91349 9325 9289 4 158029 158030 158200 158208
91350 9113 9325 4 158028 158030 158076 158078
91351 9306 9414 5 158033 158031 158137 158138 158203
91352 9306 9325 7 158031 158032 158223 158147 158089 158088 158142
91353 9272 8954 3 158037 158038 158039
91354 9153 8950 4 158049 158050 158057 158195
91355 9735 9802 3 158062 158063 158065
91356 10173 10015 3 158069 158071 158495
91357 10032 9984 5 158070 158072 158462 158393 158156
91358 9325 9255 8 158077 158078 158091 158197 158199 158222 158147 158135
91359 10197 10229 3 158081 158083 158165
91360 9151 9325 3 158087 158089 158135
91361 10081 10099 4 158094 158095 158603 158515
91362 10186 10204 5 158099 158100 158154 158534 158276
91363 9341 9123 4 158103 158104 158141 158143
91364 9081 9102 3 158108 158109 158209
91365 10851 10723 6 158113 158114 158886 158452 158453 158467
91366 11034 10851 4 158113 158115 158451 158468
91367 9534 9622 4 158118 158119 158153 158500
91368 9367 9608 4 158124 158125 158298 158187
91369 9409 9414 4 158127 158128 158203 158204
91370 9508 9409 5 158127 158129 158250 158246 158247
91371 9508 9489 3 158139 158140 158151
91372 9729 9498 6 158144 158145 158294 158316 158353 158260
91373 10008 9298 5 158148 158149 158391 158214 158213
91374 10008 9079 6 158388 158389 158149 158150 158743 -1
91375 9424 10008 7 158148 158150 158741 158347 158346 158419 158398
91376 10224 10229 5 158158 158159 158668 158630 158627
91377 9409 9729 4 158163 158164 158320 158233
91378 10315 10159 4 158167 158168 158644 158649
91379 9746 9606 3 158177 158178 158179
91380 9734 9746 5 158176 158178 158180 158621 158438
91381 9231 9338 4 158188 158189 158236 158338
91382 9079 9403 5 158390 158389 158192 158193 -1
91383 10360 10356 5 158216 158217 158855 158867 158670
91384 10175 10476 3 158218 158215 158282
91385 10171 10068 5 158220 158221 158436 158759 -1
91386 9476 9325 3 158222 158223 158224
91387 9498 9819 4 158225 158226 158316 158354
91388 9102 8967 3 158242 158243 158244
91389 9146 8982 3 158248 158249 158265
91390 9141 9232 3 158251 158252 158253
91391 9495 9286 3 158257 158258 158259
91392 9573 9533 3 158267 158268 158269
91393 9995 9964 7 158296 158297 158545 158546 158694 158541 158540
91394 10295 10249 8 158303 158304 158435 158411 158311 158310 158471 158904
91395 10433 10295 4 158302 158304 158463 158838
91396 9897 9495 3 158305 158306 158392
91397 10191 10124 5 158307 158308 158808 158729 158313
91398 9786 10278 4 158314 158315 158558 158563
91399 9729 9819 3 158316 158317 158352
91400 10171 10227 5 158323 158324 158607 158733 158734
91401 10171 10629 5 158756 158322 158323 158802 -1
91402 9991 10295 3 158325 158326 158411
91403 9231 9436 5 158327 158328 158331 158332 158338
91404 9506 9231 4 158330 158331 158333 158336
91405 9231 9262 4 158334 158335 158337 158336
91406 10008 9607 5 158345 158346 158417 158415 158709
91407 9193 9255 4 158349 158350 158367 158351
91408 9897 9498 4 158353 158354 158392 158434
91409 9984 10267 4 158355 158356 158458 158461
91410 10008 10203 6 158735 158723 158358 158359 158388 -1
91411 9403 10088 3 158360 158357 158378
91412 9403 10008 5 158357 158359 158389 158391 158424
91413 9122 9079 6 158361 158362 158371 158365 158363 158375
91414 9122 9255 5 158363 158364 158366 158367 158376
91415 9122 9027 3 158368 158369 158370
91416 9122 8877 3 158371 158372 158373
91417 9122 9424 3 158374 158375 158376
91418 10351 10015 3 158379 158381 158421
91419 9885 10134 3 158384 158385 158655
91420 10009 9885 4 158383 158385 158565 158564
91421 9703 9263 3 158386 158387 158449
91422 9079 10203 3 158388 158390 -1
91423 10600 10327 4 158407 158408 158484 158483
91424 10327 10515 4 158407 158409 158863 158567
91425 10008 9515 3 158416 158417 158419
91426 9607 9807 3 158418 158415 158715
91427 10073 10240 4 158428 158427 158585 158597
91428 10169 9984 5 158431 158432 158456 158455 158441
91429 10171 10568 4 158436 158437 158679 158758
91430 10018 10169 3 158439 158440 158455
91431 10430 10773 4 158445 158446 158569 158508
91432 10651 10430 5 158445 158447 158831 158833 158507
91433 10694 10851 4 158452 158454 158478 158477
91434 9984 10122 4 158460 158461 158464 158462
91435 10295 10130 4 158469 158470 158905 158471
91436 9807 10124 5 158474 158475 158729 158716 158713
91437 10851 10600 3 158476 158477 158886
91438 10694 10600 7 158477 158479 158866 158896 158850 158852 158854
91439 10773 10515 5 158480 158482 158569 158570 158846
91440 10286 10233 3 158485 158486 158487
91441 10088 10191 6 158488 158489 158739 158816 158815 158491
91442 10247 10191 4 158490 158491 158821 158865
91443 9622 9740 5 158499 158500 158592 158589 158513
91444 10247 10360 3 158502 158503 158834
91445 10356 10286 6 158505 158506 158858 158884 158857 158837
91446 10286 10406 3 158509 158510 158828
91447 10081 9986 6 158514 158515 158605 158527 158525 158522
91448 10081 9959 3 158521 158522 158523
91449 9903 9986 3 158525 158526 158528
91450 10204 10173 3 158532 158533 158534
91451 9956 9786 6 158535 158536 158553 158554 158549 158548
91452 9786 9903 4 158550 158551 158553 158552
91453 10187 10545 7 158556 158555 158786 158646 158647 158813 158810
91454 10515 10360 4 158561 158562 158900 158670
91455 10430 10515 6 158568 158569 158574 158900 158879 158876
91456 10623 10515 4 158570 158568 158877 158845
91457 10286 10393 5 158571 158572 158828 158830 158837
91458 9740 9607 4 158575 158576 158588 158708
91459 9740 9454 6 158576 158577 158590 158594 158586 158587
91460 9740 9489 4 158591 158592 158593 158594
91461 9998 9986 5 158598 158599 158605 158604 158600
91462 9998 10099 4 158601 158602 158604 158603
91463 10107 10171 7 158606 158607 158736 158683 158682 158740 158696
91464 10478 10419 3 158614 158615 158693
91465 9995 9906 3 158617 158618 158619
91466 10584 10853 4 158622 158623 158777 158672
91467 10224 10240 3 158626 158627 158629
91468 10240 10315 4 158626 158628 158645 158644
91469 10222 10476 4 158634 158636 158861 158835
91470 10315 10419 5 158639 158640 158693 158642 158643
91471 10224 10153 3 158650 158651 158652
91472 10354 10268 3 158659 158660 158661
91473 10038 10386 4 158665 158666 158667 158673
91474 10124 10209 3 158676 158678 158685
91475 10064 10107 3 158684 158682 158698
91476 10107 10183 6 158687 158688 158740 158698 158690 158691
91477 9995 10107 6 158687 158689 158702 158695 158694 158701
91478 10107 10063 3 158691 158692 158701
91479 10107 10224 3 158702 158703 158704
91480 10124 9642 4 158705 158706 158711 158713
91481 9642 10008 4 158709 158710 158711 158714
91482 9807 9642 5 158712 158713 158714 158715 158719
91483 9642 9515 3 158717 158718 158719
91484 10203 10227 5 158720 158722 158803 158734 158723
91485 10227 10008 5 158723 158724 158725 158727 158733
91486 9807 10191 5 158729 158730 158731 158816 158809
91487 10171 10203 4 158802 158734 158735 -1
91488 10008 10171 7 158743 158741 158737 158736 158733 158735 -1
91489 10191 10008 4 158738 158739 158809 158808
91490 10171 9424 4 158741 158742 158745 158744
91491 10171 9079 4 158743 158744 158746 -1
91492 10649 10829 3 158747 158748 158930
91493 10171 10548 7 158759 158758 158782 158776 158757 158756 -1
91494 10548 10068 5 158759 158760 158772 158773 -1
91495 10548 11159 6 158761 158762 158774 158917 158920 -1
91496 10548 10853 7 158762 158763 158764 158765 158777 158788 158775
91497 11160 10548 4 158761 158763 158766 -1
91498 10360 10435 3 158768 158769 158902
91499 10548 10432 3 158770 158771 158772
91500 10548 10666 8 158774 158775 158787 158789 158783 158784 158818 158916
91501 10548 10183 3 158779 158780 158782
91502 10568 10355 3 158781 158778 158824
91503 10548 10649 3 158784 158785 158793
91504 10548 10783 3 158787 158788 158790
91505 10478 10209 4 158800 158801 158804 158811
91506 10203 10629 5 158802 158803 158806 158805 -1
91507 10545 10209 3 158811 158812 158813
91508 10406 10695 3 158826 158827 158843
91509 10430 10433 5 158831 158832 158871 158838 158839
91510 10430 10396 4 158832 158833 158859 158860
91511 10515 10406 9 158842 158843 158880 158872 158873 158862 158863 158895 158847
91512 10515 10695 7 158843 158844 158845 158846 158887 158883 158881
91513 11176 10851 5 158848 158849 158908 158909 158912
91514 10600 10860 3 158851 158852 158853
91515 10295 10356 4 158855 158856 158858 158868
91516 10356 10430 5 158868 158867 158879 158878 158884
91517 10515 10649 4 158873 158874 158939 158875
91518 10800 10515 6 158872 158874 158942 158889 158883 158882
91519 10515 10683 3 158880 158881 158882
91520 10723 10695 4 158887 158888 158892 158890
91521 10476 10406 3 158893 158894 158895
91522 10476 10694 3 158896 158897 158898
91523 10360 10249 5 158901 158902 158903 158904 158907
91524 10360 10130 3 158905 158906 158907
91525 10851 11179 3 158910 158911 158912
91526 10783 10792 4 158913 158915 158938 158935
91527 10792 10548 3 158916 158917 158918
91528 11159 10629 3 158919 158920 -1
91529 10792 10723 4 158921 158922 158924 158941
91530 10792 10800 8 158924 158925 158928 158929 158945 158931 158932 158942
91531 10792 11034 3 158926 158927 158928
91532 10792 10829 7 158930 158931 158944 158936 158937 158938 158946
91533 10792 10682 4 158933 158934 158946 158935
91534 10792 10515 4 158939 158940 158941 158942
91535 10792 10898 3 158943 158944 158945